
 0.142
 0.234
 1.079
 0.903
 1.481
 1.446
-1.075
-0.525
 0.917
 0.009
-1.048
 1.262
 0.198
 0.987
-0.766
-1.764
-0.965
 1.134
-1.011
 1.163
-0.615
-1.366
-0.345
-0.557
 0.786
-0.110
-0.669
 0.009
 0.107
-0.142
 0.768
 0.561
-0.618
 0.138
 1.111
-0.337
-1.990
-0.749
 0.417
-1.226
-0.277
-1.254
-1.819
-0.454
 0.063
-1.424
-0.442
 0.771
-1.280
 0.109
 0.695
 0.566
-0.061
 0.335
 0.033
 0.033
 0.496
 0.930
 0.422
 0.822
-0.005
 1.317
-0.741
 0.158
-1.358
-0.520
-1.092
-0.738
-0.595
-0.150
-0.010
 0.928
-0.464
 1.411
 0.711
-0.187
 0.800
 0.322
-0.422
-0.764
-1.308
-0.488
 0.317
-1.083
 0.026
 0.686
 0.958
 3.236
 0.221
-1.779
-1.214
 0.594
 1.968
 0.359
 0.010
-0.888
 0.206
-0.044
 0.996
 0.173
-0.600
-0.583
 0.929
 0.781
 0.568
-0.531
-0.256
 0.558
-0.783
-1.250
-1.336
-1.018
-0.786
 0.082
 0.034
-0.136
-0.804
 0.221
-0.067
-0.568
-0.556
 1.470
 1.344
-0.532
-0.389
 0.518
 0.240
 0.499
-0.683
-0.532
 0.267
-0.113
 0.577
-0.875
 0.320
 0.337
-0.703
-1.966
-1.479
-0.043
-0.778
-0.894
 1.478
 1.273
 0.717
 0.742
 0.855
 1.751
-0.270
-0.013
 0.095
-0.026
-2.048
-0.899
-0.703
-1.459
-2.513
-1.594
-1.116
-0.104
 0.308
-0.489
-0.836
-0.344
 1.236
 0.436
-0.092
 0.898
 0.656
 1.502
 1.329
 0.301
 0.254
 0.090
-0.338
-0.463
 0.897
 0.325
-0.358
-0.471
 0.031
-0.853
-0.389
-1.897
-0.661
-0.040
-0.727
-1.276
 0.771
-0.665
-0.140
-0.507
-1.324
-0.173
-0.979
 0.253
-1.310
-1.186
-0.902
-0.742
-0.995
-0.089
-0.218
-0.346
-0.924
-0.363
 1.839
-0.491
-0.695
-0.152
-2.920
-0.103
-0.005
-1.064
 0.127
 0.076
-0.807
 0.875
 0.643
 0.379
 0.834
 0.717
 0.588
 0.032
 1.710
 0.756
-1.009
 0.062
 0.156
-0.563
-0.041
-1.730
-1.157
-1.453
-0.977
-1.310
-1.766
-1.449
-1.628
-1.993
-1.685
-0.895
-1.551
-0.566
-0.301
 0.854
-1.491
-0.872
-1.271
-0.117
 0.577
 0.174
 1.292
 0.178
-1.559
-1.155
-0.040
-0.014
 0.673
-0.732
-0.707
-0.133
 0.955
-1.347
-0.667
-0.588
-0.345
 0.600
 0.458
-1.541
 0.480
-1.070
 0.233
-0.207
-0.449
 0.850
-0.615
-0.228
 0.164
-1.291
 0.054
-0.649
 0.106
-0.720
 0.691
 1.150
 0.039
 0.270
 0.026
 0.118
-1.528
-1.447
-0.016
-0.518
-0.693
-0.095
-0.844
-2.036
-1.025
-1.915
-0.393
-2.075
-0.074
-1.351
-0.929
-0.089
 1.182
-0.389
 0.659
 1.316
 0.095
 0.345
-0.645
 0.031
 0.024
-0.243
-0.345
-1.537
-0.851
-1.075
-0.465
 0.818
 0.058
-2.269
-0.919
-1.107
-0.810
-0.514
-1.544
-1.065
-0.759
-1.575
-0.548
-1.024
-0.297
 1.011
-0.146
-1.422
-1.275
-1.827
-0.994
-0.420
 0.223
-0.381
-1.934
-0.135
-1.000
-0.029
-0.033
-1.971
-0.316
-0.177
 1.118
 0.837
 0.385
-1.241
 1.628
 0.707
 0.875
-0.205
-1.038
-0.512
 0.821
 0.943
-1.235
-0.897
-0.379
-1.442
-1.055
-0.787
-0.989
-1.325
-1.426
-1.449
-0.591
 0.529
-0.578
-0.281
 1.843
 2.542
 0.190
-0.587
-1.687
 0.846
 0.014
-0.122
 0.399
-0.234
-1.459
 0.262
 0.418
-0.505
 1.355
 2.118
 1.628
 1.576
 1.658
-0.037
-1.499
 0.583
-0.106
 0.902
 2.103
 0.772
 0.810
-0.811
 1.084
 0.973
-0.298
 0.435
 1.226
 1.646
-0.409
-0.017
 0.568
 0.975
-0.192
 1.834
 2.074
 0.740
-0.394
-0.892
 0.568
 0.186
-0.532
-1.597
-1.249
-1.907
-1.129
 0.433
-0.670
 0.542
 0.059
-0.145
 0.023
 0.493
-0.473
-0.313
-0.925
-0.371
-0.113
-0.853
-0.754
-1.044
-0.020
 0.168
-0.714
-0.898
-1.087
-0.694
 0.114
-1.076
-0.210
-0.007
-0.345
 2.033
 1.011
 0.385
 0.041
-1.197
-0.895
-0.609
-0.748
 0.202
-0.166
 0.911
-0.497
-1.391
-0.663
-0.700
-1.269
-1.081
-1.356
-2.028
 0.063
-0.480
-0.620
 0.588
 0.100
-0.380
-0.606
-0.778
 0.068
 0.457
 0.269
 0.106
 0.320
-0.944
-0.993
-0.141
 0.102
 0.334
 0.527
 0.506
-0.307
-0.202
 0.439
 0.363
 0.247
 0.320
-1.262
-1.522
-1.287
 0.092
 0.895
 1.065
 0.735
-0.610
-1.803
-0.705
-1.563
-2.272
-1.187
-0.208
-1.745
-0.959
 0.229
-1.245
 0.220
-1.350
 0.349
 0.933
-1.798
-0.673
-1.231
-1.028
-0.849
-1.621
-1.570
-0.190
-0.939
-0.577
 0.423
-1.047
 0.225
-1.445
-1.303
 0.114
-0.631
-0.113
-0.761
-1.002
-0.450
-0.723
-0.101
-0.201
 0.377
 0.044
 0.491
-0.417
 0.526
 0.522
 0.720
 0.621
 0.182
 0.192
-0.380
-0.509
 0.296
 1.025
-1.412
-0.644
-0.733
-0.089
 0.929
-0.024
-0.113
-0.890
-0.302
-0.946
-1.281
-0.549
-0.324
-0.450
 0.445
 0.235
 1.093
-0.197
 1.215
 0.666
 1.415
 1.706
 0.676
-0.013
-0.833
 1.035
 0.552
-0.722
 0.085
 0.472
-0.220
 0.147
-1.241
-0.054
 0.995
 1.198
-0.004
 0.199
 0.636
 0.163
-0.246
-0.584
-0.858
 0.216
 0.296
-1.235
 1.131
 0.925
 0.702
 0.631
 0.154
-0.430
 0.439
 1.380
 1.006
 1.019
 0.183
 0.496
 0.620
 1.511
 0.851
 0.748
-0.707
 0.341
 1.653
 0.160
 1.241
 0.089
 1.350
 0.259
-0.659
-0.622
-0.831
 0.147
-0.555
 0.946
 0.993
-0.450
 0.358
 0.152
 0.604
 0.085
-0.299
-0.515
 1.096
 0.433
-1.036
 0.826
 1.103
-0.028
 0.836
 2.553
 2.566
-0.673
 2.244
 0.144
 0.812
 1.624
-0.296
-0.779
-0.451
 0.475
 1.046
-0.029
-1.202
 0.834
 0.644
 0.365
 0.488
 1.037
 1.892
 0.506
 1.033
 0.529
 0.736
-0.145
-0.521
-1.125
 1.477
 2.082
 0.418
-0.370
-0.711
 2.295
 1.056
 0.658
 0.371
 0.069
-0.812
-1.302
-2.253
-1.442
 0.610
 1.306
 1.670
 0.983
 0.777
 0.380
 0.678
 2.043
 0.770
-0.037
-0.187
 0.657
-0.118
-0.465
-0.064
-0.945
-0.907
-0.243
 0.991
 0.229
-1.055
-0.362
 1.654
 0.641
-1.765
 1.260
-1.349
-0.370
 0.241
-0.389
 0.766
-0.487
-0.957
-0.535
 0.732
 1.463
-0.096
 0.027
-0.991
-0.477
 1.488
-0.983
-1.243
-2.118
 0.009
-0.829
-0.663
-0.262
-1.091
-1.578
-1.796
-0.840
-2.622
-1.316
-1.212
 0.033
-0.878
-0.619
 0.374
-0.149
-1.047
-0.843
-1.864
-1.162
-0.492
-0.245
-2.043
-1.667
-0.649
-2.035
-1.377
-1.456
-1.191
-0.566
-1.268
 0.532
-1.059
-0.024
-0.470
-1.684
-1.822
-1.181
-0.823
 0.524
-1.244
 0.149
-0.911
-0.500
-0.177
-0.064
 0.674
 0.397
 0.027
-0.328
-1.182
-2.130
-0.582
-0.436
 0.238
-0.545
-2.096
-1.357
-0.631
-0.792
-0.464
-1.237
-0.172
-0.006
 0.113
 1.003
-0.700
-1.035
-0.250
 0.847
 1.034
 1.162
-0.629
 0.366
-1.035
-0.643
-0.351
-0.241
 0.874
 0.590
 0.381
 0.039
-0.239
-0.326
 1.021
 0.063
-1.422
-0.242
 0.469
 1.052
-0.933
-0.482
-0.598
 1.941
-0.524
 1.111
-0.674
-1.120
-0.636
 0.273
-0.336
-0.233
-1.153
-0.370
 1.041
-0.924
 0.346
 0.686
 1.138
 2.067
 1.346
 0.371
 1.538
-1.131
-1.364
-1.414
-0.610
 0.896
-0.661
 0.494
-1.409
-1.534
-1.301
-0.444
-0.389
 0.260
 0.296
 1.304
 0.071
 0.299
 0.376
 0.496
 0.537
-1.266
 0.677
 1.225
 1.095
 0.231
 0.280
 1.029
 0.870
 1.196
 0.054
 0.126
 0.740
 0.626
-1.300
-0.707
 0.844
 2.139
 2.055
 1.411
 1.800
 1.519
 1.401
 0.015
 1.251
 1.102
 1.840
 0.046
 0.183
 1.052
 1.246
 0.895
-0.688
 1.194
 1.001
 1.725
 0.556
 0.896
-0.146
 1.021
 1.486
 1.871
 1.588
 1.495
 1.049
 0.204
-0.220
-0.791
-1.342
-2.554
-1.305
-0.397
 0.222
 0.070
 1.873
 0.444
 0.570
-0.074
 1.516
 1.250
 0.404
 0.785
 0.747
 1.287
 0.284
-0.220
-0.681
 0.544
 0.401
 1.102
-0.039
 0.885
 0.551
 1.259
 0.570
 0.739
-0.809
 0.118
 0.702
 1.572
 0.730
 0.015
 0.480
 0.767
 0.845
-1.200
-0.344
-0.528
 0.212
-1.458
-0.317
-1.074
-0.376
-1.105
-0.584
 0.221
 0.147
-0.316
-1.742
-0.876
-1.769
-1.579
-1.037
-1.964
-1.050
-1.865
-0.730
-0.362
-0.258
-0.330
 0.831
 2.149
 1.209
 0.861
 2.509
 1.043
-1.160
-0.973
 1.125
 0.348
-0.506
 1.663
 1.031
-0.546
-1.262
 1.393
-0.916
-0.290
 1.729
 0.793
 1.063
 0.974
 0.275
-0.244
-0.061
-0.727
 0.010
-0.156
-0.917
-0.044
 1.798
-0.774
 1.291
 1.008
-0.391
 1.099
-0.332
 0.380
 0.752
 1.470
 0.822
 1.721
-0.251
 0.086
 0.066
-0.425
-0.559
-0.399
 0.448
-0.198
-1.816
-0.519
-1.477
-0.194
 0.297
 0.719
 1.020
 0.240
 2.651
-0.221
 1.608
 1.288
 0.456
 0.816
 2.121
-0.310
 1.006
 1.025
-1.429
 0.688
 1.145
-1.073
 0.539
 0.443
 1.145
 0.964
-1.044
-0.680
 0.079
 0.093
-0.698
-2.003
-1.801
-1.898
-2.546
-1.652
-1.243
-0.151
 0.449
-0.179
-1.081
-1.318
-0.463
-0.253
-0.776
 0.819
-0.278
-1.144
-1.330
 0.288
 0.889
 0.663
 0.880
 0.420
 0.347
 1.561
-0.062
 0.424
 1.268
 0.365
 1.412
-0.152
 0.072
-1.098
-0.115
 0.296
 1.665
-0.620
-1.184
 1.256
-0.015
 0.098
 1.198
-0.267
 0.136
 0.080
 0.377
 0.653
 1.409
-1.445
 1.651
-0.094
-0.306
 0.883
 1.016
 1.525
 0.554
 0.848
 2.109
 0.739
 0.544
 2.205
 0.915
 1.040
-2.192
-1.716
 0.225
 0.298
 1.076
-0.289
 0.765
-1.688
 0.576
-0.096
-0.115
 0.084
 0.877
-0.555
-0.937
-1.163
-1.125
-0.640
-1.087
-0.298
-1.488
-2.346
-2.894
-1.271
 0.386
-0.307
-0.908
-0.070
-1.528
-0.883
-1.284
-1.171
-1.304
 0.201
-0.468
-1.926
-0.866
-1.208
 0.420
-0.712
-0.161
-0.993
-1.720
-0.219
 0.167
-0.311
-0.677
-0.605
-0.276
-1.391
 0.292
-0.100
-1.091
 0.190
-0.327
 0.099
-0.777
 1.514
-1.058
-0.504
-0.272
-1.444
-0.776
 0.358
-0.693
 0.453
 0.485
 1.007
 2.080
 2.647
 1.156
 1.422
 0.694
-0.669
 0.524
 0.398
 0.476
 1.591
 0.140
 0.888
 0.763
 1.567
 1.284
 1.331
 0.863
 0.595
 0.446
-0.460
 0.386
 0.808
 1.732
-0.721
-0.183
 0.400
-1.598
-0.814
 0.085
-0.380
-0.846
 0.482
-0.436
-0.390
 1.214
-0.320
 1.632
 0.199
 0.046
-0.247
-0.818
 0.967
 1.390
 1.375
 0.247
 0.123
 0.847
 0.712
 0.736
 0.963
 0.983
-0.371
-0.034
-0.746
-0.498
-0.883
-0.924
-0.304
-0.335
-1.057
-0.151
 0.575
-0.776
-0.139
-0.615
-0.322
 0.345
-0.092
 0.573
-0.384
 0.134
 0.138
-0.144
 0.322
-0.223
 0.870
 0.437
 0.924
 2.743
 0.993
 0.906
 1.537
-0.463
 1.381
 0.537
 0.651
-0.861
 0.420
 0.042
 0.288
-1.036
-0.135
 1.134
 0.350
-0.003
 0.241
-0.087
 1.137
-1.277
-2.287
-1.995
-0.745
-0.663
-0.819
-0.630
-0.208
 0.231
-0.556
-0.011
 0.598
 0.844
 2.740
 0.223
-0.399
-0.654
-0.816
-0.405
-0.980
 0.187
-1.352
-1.980
-0.471
 0.254
 0.255
-0.869
-1.084
-0.615
-0.891
-0.741
-0.646
-1.136
-1.012
 0.196
 0.472
-0.754
-0.750
 0.303
-0.723
-0.477
 0.648
 2.675
 0.017
 0.337
-0.255
 0.677
 0.450
-0.265
 0.235
 0.517
 0.116
-0.614
-0.126
-1.122
-1.243
-1.224
-1.455
-1.504
-1.493
-1.574
-0.047
 0.339
-0.082
 0.764
 0.072
 0.445
-1.258
-0.336
-0.933
-1.603
-1.435
-0.054
-0.397
-0.301
-1.589
-1.391
-1.539
-0.978
-2.094
-1.424
-0.682
-2.381
 0.052
-2.181
-1.951
-1.684
-1.360
 0.010
-1.187
-0.251
 0.096
-0.210
-1.163
-1.925
 0.266
-0.346
 0.129
-0.174
-0.077
 0.664
 0.049
 0.845
-0.342
-0.585
 0.670
 1.705
-0.367
-0.346
-2.051
-0.220
-0.032
 1.473
 1.521
-0.189
 0.028
-0.181
 0.104
 1.408
 0.565
-0.369
 0.726
-0.046
-0.365
 0.021
-1.370
-0.479
 0.770
 0.766
 0.584
-1.481
-0.840
-0.918
 0.265
 0.263
 0.149
-0.180
 0.398
 1.718
 1.750
 0.610
 0.224
 0.520
-0.503
 0.251
 0.734
-0.838
 0.179
-0.644
-0.085
 0.624
 1.081
 0.589
 0.144
 0.817
 0.956
 1.170
 0.621
 1.276
 1.998
-0.472
 0.845
 1.081
 0.145
 0.515
 1.207
 0.312
 1.102
 1.277
 1.016
 0.549
 1.242
 1.272
 1.961
 1.034
 0.855
 0.220
 1.630
 0.971
 1.112
 0.574
 0.787
 0.340
 0.901
 0.331
 1.168
 1.054
 1.474
-1.391
 0.011
-0.761
 0.439
 0.393
 1.025
 0.643
 0.660
 0.769
 1.065
-0.567
-1.930
 0.554
 0.132
 0.629
 1.138
 1.908
 2.151
 0.222
 0.071
 1.712
 0.401
 1.274
-0.727
 1.212
 0.576
 0.805
 1.580
-0.365
 0.804
 0.340
 0.345
-1.064
-0.294
 0.114
 1.733
 1.557
-1.267
 0.358
 0.625
 0.152
 0.583
 0.284
 0.184
-0.222
 0.528
-0.792
-0.779
-0.654
-0.447
 0.853
 1.419
 1.222
 0.194
 0.203
-0.056
 0.505
 0.504
 2.026
 2.053
-0.086
 1.164
-0.235
 0.915
-0.906
-0.340
-0.653
-0.215
-0.964
-0.577
 0.593
 1.086
 0.013
 0.773
 0.329
 0.123
 0.296
-0.965
 0.503
 1.802
 0.141
 0.706
 0.895
 1.528
 1.243
-0.231
 0.993
 0.777
 0.385
 0.542
-1.396
-0.563
-0.421
-1.330
-0.392
 0.292
-0.209
 0.071
-0.535
-0.013
-0.877
-0.883
-1.118
-0.605
-0.905
-0.869
-0.458
 0.255
-0.730
 1.133
 0.347
 0.232
 0.799
 1.845
 1.421
 0.749
 1.860
 0.457
 0.971
 0.274
 0.602
 0.726
 1.367
 1.744
 0.807
 1.029
 0.797
-0.208
 1.983
 1.073
 1.127
 0.229
-0.075
-1.177
-1.422
 0.564
 1.806
 0.597
-0.019
 0.869
 0.981
 0.586
 0.796
-0.298
-0.722
-1.660
-1.086
 0.588
 0.230
-0.932
 1.101
 1.253
 1.763
 2.262
 0.752
 0.765
 1.173
 1.395
 1.071
 0.848
 0.808
-1.372
-0.527
 0.340
-0.949
 1.119
 0.877
 0.735
 0.151
 1.078
 0.070
-0.543
-0.402
 1.621
 0.659
-0.034
 0.958
 0.272
 0.072
 1.981
 1.620
 0.589
 1.128
 1.286
 0.969
 2.113
 1.079
 2.092
 0.628
 0.125
 1.007
 1.069
 0.781
-0.598
-1.718
-1.269
-1.343
 0.287
-0.024
 0.471
-1.769
 0.050
 0.056
-0.310
-0.885
-0.357
-0.228
 0.974
-0.284
-0.443
-1.184
 0.943
 0.598
 0.478
 0.377
 0.762
 0.711
-0.086
 0.677
 0.325
-1.159
-0.892
-0.972
-0.021
 0.149
 1.404
 1.156
 1.347
 0.446
 0.508
 0.477
-1.141
 0.316
 0.706
 2.274
 0.347
 0.199
-0.024
-0.564
-0.114
 0.065
 0.678
-0.797
-2.002
 0.822
 0.808
 1.071
 0.536
 1.075
-0.350
 0.991
 0.070
-0.044
 0.131
 0.652
 1.020
 0.760
 1.307
 1.751
-0.589
-0.422
-1.030
 1.222
 0.659
 1.519
 0.825
-0.632
-0.210
 0.382
-0.734
 0.648
 1.723
 1.884
 0.393
 0.196
 0.092
 1.795
 0.262
 0.147
 0.094
 2.029
 0.108
 1.907
 1.843
 1.669
 0.832
-0.496
-1.011
-1.317
 0.614
 1.531
 0.177
 1.490
 0.096
 0.822
-0.600
 0.564
 0.451
-0.430
 0.950
-0.763
 1.620
 0.525
 0.206
 1.180
-0.600
-0.961
 0.444
 0.492
 1.544
 0.926
 0.738
 0.521
 1.297
 0.483
-0.760
-0.367
-0.113
 0.650
-0.008
 0.759
 0.482
 0.891
 0.576
 0.896
 0.480
 1.203
 2.090
 0.251
 1.698
 2.418
 2.334
 1.712
 1.089
 1.845
 1.131
 0.759
 0.988
 0.782
 1.055
 2.070
 1.669
 1.290
 0.847
 0.865
 2.884
 2.989
 1.712
 2.504
 2.571
 1.983
 1.331
 0.906
 1.354
 1.859
 0.513
 1.110
 0.388
 0.469
 1.212
 0.653
 0.599
 1.976
-0.190
 0.156
 2.032
 2.299
-0.003
 0.466
 0.645
 0.453
-0.494
-0.956
-0.880
-0.263
-0.353
 0.801
 1.781
-1.607
 0.304
 0.651
 1.035
 1.709
 0.504
 0.954
 1.615
 1.845
 2.249
 1.524
 1.393
 0.721
 0.664
 0.807
 1.261
 1.003
 2.368
-0.156
 1.306
-1.080
-0.392
-0.002
 0.091
 0.556
 0.134
 0.060
 0.956
 2.054
-0.711
-0.995
 0.473
-1.129
 1.550
-1.336
-0.114
 1.229
 1.004
 0.384
 1.294
 1.234
 2.590
 1.120
-0.351
-2.635
-0.512
-0.793
 1.188
 0.569
-0.614
-1.615
-1.158
-0.669
 0.245
 0.385
 0.176
 1.077
 0.299
 1.873
 2.402
 0.743
 1.131
 0.688
 1.508
 1.677
 1.565
 1.861
 2.506
 1.271
 2.175
 2.009
 1.895
 0.607
 0.714
 0.404
 1.576
 1.414
 0.552
 0.447
 1.884
-0.207
 0.467
 2.583
 1.661
 1.905
 1.508
 1.929
 1.638
 1.038
 0.789
 0.918
 0.328
 1.630
 0.998
 0.450
 0.955
 0.957
 0.234
 1.658
-0.233
 1.366
 1.229
 1.590
 2.181
 2.262
 1.314
 0.142
 1.083
 0.439
 0.069
 0.342
-0.093
 2.138
 2.182
 2.627
 1.325
 0.865
 0.450
 0.612
 0.347
-0.018
-0.255
 0.575
 1.455
 1.869
 1.960
 1.902
 2.403
 2.358
 0.663
 1.490
-0.758
-0.833
 0.029
 0.319
 1.284
 0.723
 1.452
 1.153
 1.881
 1.191
 0.143
 1.720
 1.369
 0.711
 2.210
 1.349
 2.728
 1.348
 1.503
 2.544
-0.733
 0.035
 0.842
 1.048
 0.792
 0.292
-0.449
-1.251
-0.697
 0.663
 0.357
 0.294
 1.425
 1.033
 0.048
-0.572
 1.019
 0.424
-0.010
 1.028
 1.854
 1.139
 0.066
 0.125
 0.954
 0.551
 0.305
 0.050
-1.056
 0.680
 1.570
-1.302
-1.441
-1.028
-1.017
-0.803
-0.253
 0.519
 0.150
 1.496
 1.805
 0.668
 0.460
 0.279
 0.579
 0.754
-0.035
 1.788
-0.062
-0.471
-1.688
 0.042
 0.243
-0.987
 0.097
 0.236
 3.154
 0.551
 0.194
 0.071
 0.974
 0.639
 0.615
 0.597
 0.732
 0.790
 0.439
 2.485
 1.518
 0.789
-1.049
 0.015
-0.760
 0.257
 1.567
 0.730
 0.784
 1.267
-0.597
-0.147
-1.255
-1.944
-0.516
-0.724
 1.099
 1.230
 1.228
 0.007
 0.603
 0.835
-0.046
-0.811
 0.478
 0.951
-0.306
-0.635
-0.203
 0.911
 0.161
 0.455
 1.740
 1.099
 0.720
 2.082
 1.422
 0.287
 1.800
 0.142
 0.348
-0.615
-0.934
-1.043
-0.297
 0.120
-0.931
-1.103
-2.298
-0.256
 0.048
-1.229
-0.928
-0.412
-1.778
-0.469
-1.238
-0.102
-0.371
 0.183
 0.230
 0.392
-0.991
 0.044
-0.581
 0.588
 0.591
 0.760
 0.714
 0.183
 1.096
 1.604
 0.982
 0.723
 0.224
-0.584
 0.337
-0.945
 0.377
 0.184
-0.420
-0.333
 0.029
 0.066
-0.181
 0.516
-0.905
-0.268
 0.001
-0.313
 0.512
-0.110
-0.005
-0.434
-0.358
-1.579
-0.852
-1.202
 0.363
-0.948
-0.817
-2.056
-1.756
-0.018
-0.651
 0.131
 0.643
-0.831
-1.658
 0.240
 0.749
 0.164
-0.115
 0.911
 1.469
-1.268
-0.495
-0.474
-0.112
-0.511
 0.497
 0.725
 1.243
 0.877
 0.823
 1.110
 2.264
 1.142
 1.072
-0.703
-0.265
 0.634
 1.440
 0.520
 1.753
 0.840
 1.070
 1.214
 1.908
-1.743
-0.079
-0.782
 0.807
-0.174
 1.103
-0.451
 0.568
 1.085
-0.326
-0.296
 1.704
 0.433
 0.755
-0.145
 0.010
 1.002
 1.092
 2.290
-1.580
 0.106
-0.094
-0.937
 0.572
 0.101
 0.706
-0.185
 2.130
-0.415
 1.255
 0.997
 0.508
 1.248
 1.168
 1.036
 0.110
 0.759
 0.876
 1.120
 0.275
 0.732
 2.285
 2.203
 0.412
 0.014
 0.127
 0.749
 0.565
 1.569
-0.123
-0.437
 0.431
-0.328
-0.611
-0.223
-0.046
 0.463
 0.500
-0.115
 1.640
 1.200
-0.483
 0.114
-0.134
 0.638
 0.832
-1.539
 0.036
 0.288
 0.253
 0.226
-0.580
-0.131
 0.019
-1.146
 1.418
-0.671
-1.058
-0.190
-0.128
 0.080
-0.198
-0.903
-0.041
 0.479
 1.236
 0.374
-0.883
-0.184
-1.658
 0.118
-0.234
-0.881
 0.955
 0.445
-0.100
-0.032
 0.493
 0.139
 0.623
 1.373
 0.878
 0.129
-0.365
-0.946
-0.759
-0.534
 0.307
-0.514
 0.366
 1.853
 1.156
 1.430
 1.903
 1.907
 0.840
 1.316
 0.383
 0.124
 0.510
 0.677
 0.816
 1.514
 1.730
 1.645
 1.588
 0.483
 0.027
-0.636
 0.248
-0.629
-0.552
-0.185
 1.041
 0.622
 0.382
 1.067
 0.802
 1.009
-0.176
-0.425
 0.029
-0.504
 0.493
 1.212
-0.817
-0.748
-0.536
 0.542
-0.058
-1.238
-0.102
 0.069
-1.272
 0.431
-0.261
-0.494
 0.047
 0.202
-0.166
 0.674
-1.135
-1.262
-1.445
-0.916
-1.371
-1.235
 0.190
-0.606
 0.053
 1.087
-0.138
-0.332
-1.283
-1.324
-2.166
-0.275
-0.576
-0.259
 1.259
 1.256
 0.730
 0.259
 1.334
-0.247
 0.465
-0.254
 0.895
-0.211
-1.132
 0.776
 0.459
 0.768
-0.364
-0.982
 1.510
-0.492
-0.358
 0.441
 1.220
 0.722
 0.139
-0.406
 0.948
 1.260
 0.212
-0.157
 1.312
 1.615
 0.071
 0.495
 1.048
 0.163
 0.345
-0.225
 0.554
 0.547
-1.123
-0.532
 0.364
 1.207
 0.594
 0.405
 1.613
-0.031
 0.707
 0.056
-1.244
 0.166
 1.003
 0.414
-0.435
-0.127
 0.655
 1.551
 2.335
 1.018
 2.904
 1.306
 0.747
 2.290
 0.791
 1.220
 0.260
 1.406
-0.244
 0.372
 0.135
 1.293
 1.472
 1.184
 0.597
-1.292
-0.744
 0.341
 0.992
 1.020
 1.150
 0.834
 1.595
 1.471
 0.436
 0.902
 1.240
-0.620
-1.620
-0.143
 1.819
 1.102
 1.455
 0.388
 0.523
 2.672
 0.927
 0.284
 0.192
 1.901
 0.752
 0.118
 1.161
 2.621
 0.650
 1.148
 1.709
 1.150
-0.729
 2.154
 1.290
 1.651
 0.680
-0.877
 1.405
 1.357
 1.823
 2.425
 1.617
 0.479
 1.455
 0.738
 0.849
-0.795
-0.397
 0.314
 0.854
 0.837
 0.230
 3.019
 1.765
 1.095
 1.952
 1.341
 2.287
 2.113
 1.362
 0.794
 1.378
 2.275
 0.944
 0.740
 2.163
 1.993
 2.168
 2.011
 1.633
 1.653
 1.879
 2.060
 0.862
 0.923
 1.514
 0.029
-0.035
-0.574
-0.874
 1.119
-1.407
-0.145
 0.703
-0.299
-0.277
-0.690
 0.356
-0.596
 1.038
 0.955
 1.484
 0.034
 0.750
-0.388
-0.429
-0.702
-1.299
-0.267
-1.212
 1.408
 0.692
 0.285
 0.800
 0.068
 0.531
-0.226
-1.808
-0.783
 0.334
 1.060
-0.759
 0.027
 0.328
-1.391
-0.332
 2.052
 0.713
-0.422
 1.196
 0.098
 0.681
 0.650
-0.010
 1.684
-0.947
-0.133
 0.285
-0.433
-1.180
-0.743
 0.152
-0.442
-0.427
-0.172
 0.857
 0.166
-0.424
-0.396
-1.778
-0.671
-0.364
-0.345
-1.132
 0.616
 0.832
 0.386
 1.205
 0.815
 0.583
-0.861
 0.043
-0.185
-0.028
-1.065
 0.270
-0.096
-0.642
-0.768
-2.192
-1.137
-1.443
-0.570
-0.962
-1.534
-0.851
-1.046
-0.272
 1.131
-0.707
-0.038
-0.027
-0.130
 0.148
 0.248
 1.651
 1.724
 1.086
 0.404
 0.809
 1.088
-1.250
-0.578
-0.358
-0.649
-0.863
-0.809
 0.394
 0.764
 1.604
-1.495
-0.924
 0.503
-0.399
-0.530
 0.843
-0.226
 1.336
-0.717
 0.104
-0.390
-0.320
 0.019
 0.877
-0.862
-0.597
 0.378
 0.148
 0.830
 0.649
 0.492
 0.452
 0.241
-0.053
 0.594
 1.339
 0.720
 0.793
 0.528
 0.674
-0.244
-0.434
 0.959
 1.725
 2.013
 1.701
 0.252
 1.308
 0.223
 0.338
 0.495
 1.514
 0.260
 1.362
-0.661
-0.848
-0.741
-0.678
-0.453
-0.068
 1.199
 0.632
-1.498
-1.150
-0.440
-0.037
-0.930
 0.296
-0.548
 0.430
-1.041
-0.940
 0.675
 0.664
 0.503
 2.289
 2.091
 1.279
 2.414
 0.840
 1.232
 1.066
 1.835
 0.868
 1.908
 1.922
-0.408
-0.798
-1.286
-1.857
-1.436
-1.174
-0.776
-0.622
 0.415
 1.080
-1.513
 1.119
 1.368
 0.684
 0.727
 2.043
 1.684
-0.149
-0.249
-1.736
-0.076
 1.015
 0.548
-0.215
-0.092
 1.131
 1.700
 0.028
 1.245
 1.044
 0.050
-0.066
-0.406
-0.953
 0.076
-0.039
-0.333
 0.051
 0.255
 0.671
-0.409
 0.486
-0.522
-0.801
-0.814
 0.375
-0.287
 0.494
 0.433
-0.928
-0.641
-0.523
 0.878
-0.176
 0.511
 0.548
 0.387
 0.416
 0.563
-1.327
 0.044
 0.678
-0.417
 0.399
-0.623
 0.186
 0.780
 1.155
 0.952
 0.284
-0.916
 0.071
 0.255
-0.459
 0.913
 1.426
 0.115
 0.863
-0.276
 0.951
 0.346
-1.255
-1.735
-0.831
-0.642
-0.798
-2.317
-1.965
-1.490
-1.491
-1.951
-0.785
-1.574
-1.644
 0.018
 0.176
-0.126
-0.390
-1.150
-0.108
 0.706
-1.539
-1.701
-0.172
-0.458
-1.229
 0.216
-1.182
 0.374
-2.804
-1.236
-1.616
-1.662
-0.634
-1.885
-1.368
-0.248
-1.215
-1.717
-0.550
-0.058
 0.944
 0.556
-0.702
 0.810
-0.559
-0.424
-0.693
 0.436
 0.176
 0.543
-2.252
-0.284
-0.686
 0.067
-1.418
 0.730
 0.460
 0.296
-0.899
 0.256
 1.043
 0.766
 0.659
 0.892
 1.266
-0.752
 0.186
-0.548
 0.893
 1.376
 2.446
 1.362
 0.649
 0.201
 1.315
 1.027
-0.021
-0.620
-0.079
 1.209
 1.861
 1.709
 2.110
 0.781
-0.312
 0.912
 1.253
 0.482
 0.407
 1.261
 1.000
-1.130
-0.341
 0.890
-0.057
 1.829
 0.278
-0.191
 0.235
-0.138
 0.889
-0.361
-0.311
 0.603
 0.209
 0.526
 0.098
 0.477
-0.634
-0.329
-0.450
-0.712
 0.007
-0.844
 0.005
-0.851
-0.351
-1.244
-0.615
-0.471
-0.397
 0.189
 0.398
 1.122
-0.351
-1.205
 0.323
 1.954
-0.466
 0.751
 1.660
-0.248
-0.608
 0.333
 1.873
 2.272
 0.844
 0.807
 0.011
 0.048
 0.412
 0.186
 0.740
-0.336
 0.975
 1.597
 0.560
 0.350
 0.853
 1.518
 1.028
 0.898
-1.061
-0.613
-0.013
 1.285
 0.867
 0.619
 1.017
 0.791
 0.398
 0.598
-1.163
-0.539
-1.186
 0.085
 0.214
 1.543
 1.317
 0.093
-0.795
 1.790
 2.042
 0.555
 0.833
-0.978
-0.320
 1.495
 0.602
 0.109
 2.782
 1.695
-0.677
 0.710
 2.126
 1.281
 1.376
 0.204
-0.190
 1.468
-0.238
 1.218
 0.445
-1.124
 1.833
-0.044
 1.390
-0.798
 0.118
-0.089
-0.877
-1.154
-0.356
-1.869
-1.222
-0.975
-1.023
-0.777
-1.490
-1.319
 1.385
 0.168
 0.643
-0.077
 0.441
-1.617
-2.398
-1.663
-1.434
-0.918
-0.699
-0.971
-2.812
-1.885
 0.098
-1.472
 1.053
-1.346
-0.832
-0.264
 0.375
 0.476
 1.253
 0.921
-0.007
-0.592
-0.595
-1.499
-0.094
 0.123
-0.355
 1.155
-0.052
-0.350
-0.379
 1.658
 1.709
 0.265
 0.318
 0.340
 0.079
 0.121
 0.189
-1.808
-1.104
-1.880
-0.834
-0.562
-1.200
-0.100
 0.253
-1.219
-0.333
 0.020
-0.218
 0.829
 0.666
 0.326
-0.263
 0.337
-0.158
 1.133
-0.277
-0.234
 0.319
-0.132
-0.974
-1.123
-0.458
-0.387
-0.459
 0.420
 0.973
 0.325
 1.007
-1.003
 0.581
 1.509
 0.564
-0.643
 0.154
 0.295
-0.359
-0.423
-0.522
-1.405
-0.789
 1.914
 0.409
-1.348
-0.538
-0.545
-0.345
 0.995
-1.902
-1.050
 1.489
-0.658
 1.046
 1.010
 0.689
 0.981
 0.228
 0.338
 0.343
 1.106
 0.174
 1.166
-0.462
 1.608
 2.506
 1.883
 2.924
 2.793
 1.713
 2.453
 2.226
 2.253
 2.143
 2.215
-0.102
-1.353
 0.503
 0.727
 0.682
-0.384
-0.136
 0.217
 1.761
 0.053
-0.200
 1.099
 0.504
 0.228
 1.401
 0.747
 0.396
 0.218
 0.916
-0.934
-0.408
 0.141
-0.269
 1.053
 0.484
-0.074
-0.298
 1.458
 0.100
 1.000
-0.270
 0.322
 0.354
 0.634
-0.226
 1.461
-0.474
-0.358
 0.632
 1.267
 1.988
-0.181
-0.831
 0.828
 0.392
 0.085
-0.037
-0.596
 0.565
 0.926
-1.252
-0.085
 0.939
 1.074
-0.624
-0.455
-1.551
 0.088
-0.443
-0.963
-0.851
-0.283
-0.147
 0.224
 0.104
 0.723
-0.300
-1.005
-0.376
 0.584
 0.328
 0.217
 1.331
 1.859
 0.669
 0.722
 0.361
-1.029
 0.355
 0.771
-0.612
 0.599
 0.685
 0.225
-2.011
-0.640
-0.092
-1.748
-1.343
-0.115
 1.593
 0.699
 1.066
 0.732
 1.094
 1.330
 2.333
 0.534
-0.264
 0.608
 0.421
-0.473
-0.560
-0.816
 1.594
 1.490
 0.890
 0.176
-1.323
-0.414
 0.778
-0.849
-0.570
-0.930
 0.305
-0.092
 0.759
-1.797
-0.153
 1.566
-1.068
 0.238
-0.345
 0.454
 0.694
 0.302
-0.478
-1.457
-0.048
-0.333
-1.986
 0.289
 0.131
-0.492
 2.139
-0.173
-0.524
-0.264
-1.034
-1.498
-1.207
-0.520
-0.904
 0.397
-0.383
-0.871
-0.915
-1.873
 0.334
 0.998
-0.278
 0.847
-1.383
 0.922
 1.992
 0.482
-0.349
 0.308
 1.100
-0.147
-0.165
-0.996
-0.469
-0.413
-0.350
 1.345
 0.519
 0.554
 1.498
 0.003
 0.446
 0.059
 0.911
 0.534
 0.475
 1.264
 0.759
-0.103
 0.130
-0.240
 0.020
-0.084
 1.179
 0.458
 2.132
-0.459
 1.257
 1.052
 1.927
 1.237
 2.318
 1.780
 0.549
 1.061
 1.806
 2.452
 2.314
 1.492
 1.472
 1.385
 0.604
 1.322
 0.754
 0.440
-0.892
-0.103
 0.379
 0.967
-0.202
-0.543
-0.428
-1.845
-1.649
-0.891
-0.492
 0.221
 0.030
-0.423
-1.529
-0.496
 0.128
-0.831
-1.398
-0.090
 1.622
 0.061
 0.220
 0.574
 0.270
 0.386
-0.478
 0.754
-0.046
-1.588
 0.393
-0.900
-0.765
 0.722
-0.352
-0.397
 1.042
 0.344
 1.010
-0.158
-0.240
-0.571
-0.407
-0.007
 3.184
 0.074
 0.591
 0.172
-0.468
 0.573
-0.562
 0.973
-0.126
 1.348
-0.604
-0.558
 0.338
 0.418
-0.874
-0.966
-0.830
 0.177
-1.287
 0.918
-0.063
-0.671
-0.040
-0.411
 0.372
 0.847
 0.538
 0.221
-0.017
 0.528
 0.891
 0.373
-0.513
-0.173
-0.166
-0.189
-0.969
 0.998
 1.354
 0.165
 2.026
 1.162
 0.725
 0.406
 0.855
 0.090
 1.019
-0.412
-1.238
 0.848
-1.370
-1.139
 0.089
 0.573
 0.314
 1.377
 0.007
-0.278
 0.184
-1.404
-1.742
-1.159
-1.023
-0.146
-0.482
-0.629
 1.331
-0.353
 0.191
 0.713
-0.347
-0.323
-0.042
-0.463
-0.983
 0.067
-0.578
-1.559
 1.010
-0.769
-0.644
 1.436
 0.693
-0.576
 0.122
-0.029
 0.430
-0.170
-2.225
-0.072
 0.137
-0.978
-1.470
-1.091
 0.487
-1.158
-0.506
-0.081
-2.163
-1.001
 0.194
-0.635
-0.884
 0.429
 0.555
 0.537
-0.277
-0.247
-1.157
-0.213
-0.503
-1.746
-0.891
-0.977
 0.532
-0.903
 0.147
-0.330
 0.256
-1.027
 0.049
 0.313
-0.077
 0.319
-0.278
-0.276
-0.715
-0.811
-0.658
-0.791
 0.138
 0.570
 1.496
 0.709
 1.486
 0.508
 0.117
 1.290
 1.557
-1.248
-0.524
 0.806
 1.268
 0.297
 1.120
 2.038
 1.497
-0.835
-0.744
-1.424
 1.051
-0.792
 0.013
-0.268
 0.007
 0.853
-0.221
 0.897
 0.596
 0.712
 0.584
 0.287
-0.189
-1.351
 0.924
 1.375
 1.158
 1.690
 2.426
 3.141
 1.477
 2.500
 2.654
 2.249
 2.716
 2.047
 1.019
 0.851
 1.236
 2.446
 1.271
 0.826
 0.782
 1.782
 2.077
 1.243
 1.823
 1.449
 0.517
 0.489
 0.695
 0.015
 0.855
-0.560
-0.825
 0.531
 0.498
 0.534
 0.674
-0.412
 0.199
 1.325
 2.523
-0.139
 1.313
 0.343
 0.313
 0.334
 0.068
 2.102
 0.434
 0.610
-0.395
-1.066
 1.178
 0.511
 0.605
 0.195
 0.180
-0.374
 0.407
 1.786
 1.666
 1.660
 2.535
 2.140
 0.252
 0.548
-1.322
-0.752
-0.755
-1.111
 0.381
-0.335
 0.823
 0.418
 0.867
 0.261
-0.475
 1.128
 0.948
-0.749
 0.332
 0.815
-1.901
 1.163
-0.011
 0.819
 0.659
 0.159
 0.785
-0.155
-1.903
 1.040
 0.250
 0.190
-0.394
-0.863
-0.106
-0.405
 1.955
 0.519
-0.833
 0.532
-0.108
 1.166
 0.930
 0.926
 1.649
 0.965
 0.421
 1.260
 1.264
 0.158
 0.085
 0.535
-0.407
 2.192
 0.110
 0.470
 0.906
 2.064
 2.284
 3.036
 2.515
 0.794
 2.586
 1.967
 0.997
 1.559
 2.118
 2.183
 2.000
 0.933
 0.455
 2.383
 0.296
 1.668
 2.819
 0.784
 0.151
-0.510
 1.888
 1.539
 0.918
 1.135
 1.440
 1.235
 1.303
-0.028
 0.084
 0.891
 1.127
-0.133
 0.186
 0.818
-0.032
 1.790
-0.160
-0.636
-0.114
 1.692
 1.410
 1.574
 1.961
 1.067
 2.326
 1.752
 2.693
 1.929
 1.245
-0.583
 0.739
 1.178
 0.009
-0.611
 0.410
-0.410
-0.555
 0.154
 0.931
 1.034
 0.602
 0.243
 0.402
-0.358
-0.623
 0.524
 0.422
 0.343
 1.018
 2.360
 1.397
 1.690
 2.513
 1.598
 1.291
 0.420
-0.773
 1.273
 1.772
 2.303
 0.984
 1.548
 0.373
 1.197
 1.920
 1.865
 1.917
 0.352
 1.809
 2.274
 0.793
 1.373
 0.141
 0.841
 1.619
 0.867
 0.765
 1.125
-0.440
 1.280
 0.706
 1.232
 0.469
 0.534
 1.444
-1.586
 0.160
 0.015
-1.499
 0.485
 0.054
 0.549
 0.379
 1.328
 0.679
-0.568
 0.239
-0.334
-1.222
 0.835
 2.371
 0.097
 1.056
-1.503
-0.761
 0.675
-0.039
 1.820
-0.859
-1.881
-0.864
-1.056
-0.725
-1.986
-1.155
 1.677
 0.690
 0.921
-0.804
-2.392
 0.839
-2.002
-1.096
-0.177
-1.355
-2.156
-1.207
-1.060
-0.411
-0.103
 1.028
-0.847
-1.856
-1.285
 0.255
 1.027
 0.345
-0.637
-0.449
 0.122
 0.608
-0.638
 0.448
-0.501
 0.023
 1.962
-0.376
-0.489
 0.209
-0.124
 1.186
 0.767
 1.467
 0.307
 0.576
 1.237
 1.426
 1.243
-1.224
-0.158
 0.931
 0.524
 0.569
 1.670
 0.109
 0.926
 0.688
 0.396
 0.937
 1.135
 0.427
 0.726
 1.183
 0.144
 1.239
-0.794
-1.204
-0.574
 0.513
-0.285
 0.317
 0.274
 0.479
-0.345
-1.103
 0.920
-1.414
-0.336
-0.020
-1.054
 0.698
 0.225
 1.689
 1.123
 0.352
 1.624
 1.706
 0.678
-1.011
 0.327
 1.394
 2.304
 1.778
 0.818
 1.429
 0.970
 0.421
 0.010
-0.152
 0.311
 1.849
 1.858
-0.202
 0.607
 0.369
 1.281
 0.019
-0.728
-0.905
-0.190
-0.387
-1.074
-0.649
-0.329
-0.620
-0.361
-1.801
-0.090
-1.062
-0.205
-0.237
 0.240
-0.436
-0.480
 0.979
 0.753
 0.075
 1.248
 0.139
-0.037
 1.031
 0.132
 0.456
 0.748
-0.134
 1.492
 0.415
 0.041
 2.536
 0.697
-0.570
-0.175
 0.758
 1.695
-0.752
 2.086
 1.174
-0.053
 1.295
 0.770
 1.730
 0.634
 0.116
 0.020
 0.011
-0.180
 0.782
-0.629
-0.846
-0.247
-0.911
 0.104
 1.046
 0.982
 0.673
-0.647
 0.573
 0.532
 0.978
-0.553
 0.139
-0.052
 0.333
-1.849
-0.563
 0.328
-0.112
 0.441
 0.437
 0.418
 1.929
 0.874
 1.059
 0.648
-0.360
-1.408
-0.611
-2.253
-1.505
-0.673
 0.812
 0.270
-1.912
-0.623
-0.785
 0.091
 0.796
-0.110
-1.713
-1.328
-1.134
-1.731
-0.779
 1.908
 0.290
 0.575
 0.189
 0.040
 0.085
-0.705
 0.845
-0.645
-0.214
 0.094
-0.597
-1.052
-0.946
-0.305
-0.068
 0.510
 0.752
-0.642
-0.298
 0.124
 0.370
 0.817
 1.330
 0.908
-0.931
-2.136
-0.608
-2.174
-1.213
-0.118
-0.644
-0.242
-1.001
-0.316
-0.415
-0.248
 1.598
 1.824
 1.540
 1.018
 1.044
-0.541
-0.291
-0.115
 0.006
-1.044
-0.348
-0.383
 0.484
-0.784
-0.519
-0.396
-0.041
 1.250
-0.287
 0.904
 1.727
 1.581
 1.262
-0.158
-0.287
-0.854
-0.569
-0.291
-0.391
 0.502
 1.082
-0.616
-0.099
-0.032
 0.332
-0.493
 1.162
 0.214
-0.111
 0.253
 0.502
 0.091
 1.029
 0.358
-0.556
-1.175
 0.705
 0.059
 0.687
 0.557
 2.002
 1.140
 0.823
 0.937
 1.414
-0.079
-0.007
-0.051
-0.647
 0.839
-0.177
 0.795
 0.090
 0.716
 0.480
 1.105
-0.140
-1.195
-0.257
-1.207
-0.259
-0.865
-0.244
-1.546
 0.428
 0.184
 0.495
 0.244
 0.462
 1.304
 0.097
-0.658
-0.221
 1.978
 2.786
 0.254
 0.311
-0.191
-0.432
-0.666
-0.874
 0.726
 1.442
 1.433
 1.936
 0.573
 0.891
 0.361
 0.990
 1.207
 0.765
 0.184
-1.989
 0.309
 0.341
-0.675
 0.829
 0.905
-0.187
-0.828
 1.458
 1.693
 1.459
-0.640
 0.422
 1.177
 0.021
-0.428
 0.010
 1.946
 0.747
 0.146
 0.326
-0.315
 0.420
 0.850
 1.105
 0.315
 0.062
-1.536
-0.324
-0.552
 1.577
 1.103
 0.012
-0.771
 0.938
-0.587
-0.228
 0.259
-0.141
 0.731
 0.733
 0.502
 0.305
 0.491
 0.466
 0.078
-0.293
-0.663
-0.675
-0.232
 0.760
-0.927
-0.732
-0.006
-0.076
 0.938
 0.395
-0.105
-0.552
-0.305
-1.534
 0.693
 2.108
 0.884
 0.776
 0.833
 1.526
 1.010
 1.489
 0.621
 1.660
 1.048
 0.156
-0.377
-0.307
-0.680
-0.941
-1.564
-0.921
 0.467
 1.347
 0.443
 0.471
 0.642
 1.052
-0.043
-0.246
 0.281
 0.105
 1.153
 0.316
 0.583
 0.059
 0.806
 1.276
 0.737
 1.375
 0.780
 0.371
 0.706
 0.285
 1.978
 0.688
 1.106
-1.122
 0.236
 1.380
 0.849
 0.537
-0.344
 0.311
 0.587
 0.593
 1.658
 0.414
-0.489
-0.627
 0.553
-0.707
-0.031
-0.744
-0.296
-0.371
 0.199
-1.013
-0.637
-1.277
-0.853
-0.699
 0.093
 0.194
 0.227
 1.110
-0.270
 0.091
 1.113
 0.807
-0.244
 0.240
 0.312
 0.682
 1.657
-0.392
 0.507
 1.035
 0.852
-0.956
 1.471
 1.367
 0.648
 1.252
-0.345
 0.191
-0.579
 1.128
 1.898
 2.093
 1.344
 0.072
 1.816
 1.950
 1.407
-0.647
 1.262
-0.506
 0.666
-1.249
 0.300
 1.047
 0.521
-0.629
-0.106
 1.150
 0.976
 1.553
 1.498
-0.809
-0.764
-0.588
-0.813
 0.078
 0.093
 0.528
 1.447
 0.292
-0.045
 1.648
 1.281
-0.035
-1.506
-0.372
-0.381
 0.940
-0.130
 1.310
 0.369
 0.750
 0.672
 0.010
-0.679
 1.594
 0.731
 1.839
 0.712
 0.728
 1.155
 0.280
 0.846
 1.370
 0.903
 1.915
 1.210
 1.894
 1.445
 0.946
 0.594
 0.584
 0.180
 1.921
 1.144
 0.945
 0.701
 1.737
 1.121
 0.187
-0.627
-0.369
 0.362
 0.967
 0.834
 1.251
 1.523
 0.834
 0.602
-0.659
 0.553
 0.850
 1.362
-0.361
 0.475
 1.992
-0.751
-0.208
 0.259
-0.681
 0.439
-0.313
-0.064
 0.407
 0.402
-1.296
-0.565
 0.126
-1.195
-0.107
 0.138
 0.251
 0.183
-0.526
 0.139
 0.046
-0.426
 0.567
-0.200
 0.233
 0.120
 0.914
 0.379
 0.518
 1.305
-0.165
 0.292
 1.078
 0.537
 0.022
 0.832
 1.245
-0.125
 0.313
 0.005
-0.691
 1.077
 0.341
 0.764
 0.324
-0.128
 0.310
 1.180
 0.421
-0.943
-0.299
 0.220
-2.066
-2.562
-0.246
-0.696
-0.174
 0.962
 0.243
-0.143
 0.422
 0.970
 0.310
-1.203
 0.995
-0.491
 1.323
 1.162
-0.144
 1.089
-0.139
 0.195
 0.117
-2.538
-0.299
 0.652
-2.181
 0.275
-0.984
-1.011
-0.285
 1.006
-0.792
 1.188
 0.299
 0.458
 1.075
 0.870
 1.613
 0.480
-0.108
 2.019
 0.515
-0.145
 0.321
-0.722
 0.624
 0.466
 1.489
 1.139
 0.979
 0.522
 1.089
 1.774
 0.563
-0.212
 0.497
-0.099
 1.290
 0.014
 1.885
 1.919
 0.193
 0.746
 0.358
 1.751
 0.040
-0.485
 0.735
 0.249
-0.094
-0.459
 0.888
-0.936
 0.448
 0.220
-0.591
 1.110
-0.315
-0.015
 0.387
 0.569
 1.392
 1.214
-1.152
-0.172
-1.036
-0.614
-0.980
-0.121
 1.509
 0.829
-0.879
-1.841
-0.159
-0.509
 1.690
 0.674
 1.161
 2.154
 1.912
 1.591
-0.562
 0.605
 1.123
 1.981
-0.082
-2.784
-0.879
-0.853
-0.345
 1.712
 1.343
 0.142
 1.063
 0.127
 0.375
 1.332
 0.719
 1.931
 2.511
 0.371
-0.731
 0.413
-0.573
-0.324
-0.217
-0.172
-0.249
-1.054
-1.269
-0.762
-0.457
 0.465
 0.196
 0.162
 0.465
-1.818
 0.458
-0.174
-0.264
 0.105
-1.085
-0.517
-1.536
-0.537
-0.252
-0.059
 1.051
-1.283
-0.899
 0.044
-1.859
-1.790
-1.148
 0.031
-0.404
 0.555
 0.832
 0.177
 1.725
 0.480
-0.661
 0.411
-0.132
-0.148
-0.283
-0.246
-0.604
-1.474
-1.028
 0.493
 0.489
-0.745
-0.264
 1.723
 0.757
 1.606
 0.501
 0.301
 0.625
 1.188
-0.208
 0.867
 0.596
-0.540
-0.140
-0.627
-0.335
 0.009
 0.125
 0.810
 0.231
-0.513
-0.962
-0.399
 0.148
 0.933
 1.084
 0.888
 0.292
-0.338
 0.833
-0.230
 0.072
-0.757
 0.299
-1.257
-0.376
 0.651
 0.254
-0.451
-0.558
-0.127
 0.549
 0.721
 2.310
 2.048
 0.525
 0.492
-0.023
 1.078
 1.674
-0.241
 0.333
-0.533
-1.517
-0.195
-1.242
-0.332
 0.580
 0.461
 0.288
-0.501
-0.149
 2.329
-0.213
-0.634
 1.705
 0.606
-1.044
-1.361
-0.649
-0.291
-0.658
-1.231
 0.643
-0.364
-0.832
 0.994
-1.832
 1.320
-0.300
 0.960
-0.272
 0.423
-0.295
-0.179
-0.269
-0.226
 0.345
-1.087
 0.365
 0.378
 0.591
-0.227
 1.264
 1.457
 1.145
 1.561
 0.308
 0.327
 0.278
 0.210
 1.535
-0.114
-1.559
-1.795
-0.499
 1.005
 0.601
 0.727
 0.444
 1.275
 1.016
 0.631
 0.084
 0.859
 0.720
 0.030
 0.571
-0.144
-2.343
 0.068
 1.192
-0.311
-0.684
 0.509
-0.150
-1.055
-0.913
 0.037
-0.083
-0.711
 0.174
 0.707
 0.576
 0.130
 0.486
-0.213
 0.593
 0.157
 1.461
 0.310
-0.105
 0.479
-0.583
 1.100
 1.981
 2.534
-0.456
 0.012
 1.643
 1.077
 1.581
 1.728
 1.104
 0.929
 1.335
 0.477
 2.201
 2.342
 0.944
 1.682
 2.199
 2.307
 1.534
 2.137
 0.870
 1.000
 0.752
 1.478
 0.244
 1.272
-0.027
-0.313
-0.025
 0.223
 1.580
 2.346
 0.089
 1.173
 0.637
 0.719
 0.484
 0.276
 0.289
 0.206
 1.239
 0.534
 1.176
 0.517
 1.232
 1.205
 2.069
 0.070
-0.083
 0.820
 1.671
 3.117
 1.360
 0.479
 0.477
 2.360
 0.786
 1.001
-0.915
-0.607
 0.442
 0.442
 1.350
 0.287
-0.525
 1.573
-0.702
 0.449
 0.234
-0.528
-0.699
 0.787
-0.546
 1.213
 0.781
 0.260
 0.104
 0.989
 1.055
-0.322
 0.787
-0.107
-1.243
-0.436
 1.333
-0.029
 0.721
 0.552
 0.551
-1.086
 0.364
 0.065
 0.184
 1.599
 0.804
 0.646
-0.768
 0.010
 0.840
-0.460
 1.072
 0.823
 1.005
 0.144
-0.260
 0.711
 1.444
 0.675
 1.579
-0.168
 2.001
-0.610
-0.027
 0.290
-0.403
 1.664
 0.805
 0.925
-1.073
 0.292
 1.348
 0.611
 0.993
-0.346
 0.394
-0.920
 0.747
 0.697
 0.078
-0.389
-1.112
-0.220
 1.548
 1.948
 1.535
 1.765
-0.071
 1.576
 0.348
 1.891
 1.362
 2.169
 0.644
 0.502
-0.357
 1.392
 0.139
 0.877
 0.418
 1.397
 0.406
 0.357
 0.776
 1.646
-0.635
 0.373
 0.627
 1.425
 0.461
 1.277
 0.945
 0.749
 0.019
-1.196
 1.245
 0.358
 1.059
 0.620
 2.416
 2.045
 1.865
 0.973
-0.043
-0.379
 0.642
 0.157
 1.736
 0.993
 1.877
 1.004
 2.150
 0.646
 0.319
-0.126
 1.211
-0.473
 0.460
 0.417
 0.718
 1.038
 1.351
 1.418
 1.944
-0.352
-0.483
-0.158
-0.654
-0.538
-0.488
 0.243
-0.840
-1.205
 0.049
-0.039
 0.179
 1.052
-0.188
 0.257
 0.936
 0.276
 1.288
-0.064
 1.103
 0.436
 0.838
-0.643
-0.270
 1.161
 0.514
 1.087
 0.693
 1.015
 1.506
 1.574
 1.641
 2.203
 1.251
-0.862
-0.279
 1.533
-0.127
 1.691
-0.265
 0.769
-0.910
 0.632
-1.282
 0.520
-0.482
-0.198
-0.441
-0.712
-0.481
 2.204
 0.874
-2.071
-0.689
-1.251
-0.344
 0.753
-0.038
 1.125
 1.305
-0.848
-0.712
-0.193
-0.192
-0.042
-0.184
 0.269
 0.251
 0.429
-0.780
 0.552
 0.497
-0.261
 0.265
 1.658
 0.576
 0.072
 0.360
 0.711
 0.723
 0.305
-0.416
-1.146
 0.490
-0.835
 0.282
 0.127
-0.201
 1.527
-0.121
-1.105
-0.157
 0.112
 1.375
 0.874
 1.790
 1.055
 2.248
 1.798
 1.857
 1.688
 0.605
 1.307
-0.257
 1.708
 1.984
 1.517
 0.857
 0.498
 1.502
 1.251
 1.002
-0.782
 0.337
-0.602
 0.758
 1.048
 1.285
-0.550
-0.333
 0.575
-0.209
 1.165
 1.297
 0.271
-0.596
-0.573
 0.524
-0.188
-0.902
-1.056
-0.218
 0.140
-1.896
 0.951
 0.207
-0.174
 0.660
 0.400
 0.751
 0.610
-0.775
-0.642
-0.477
-1.181
-0.332
 0.381
 1.510
 0.824
 0.296
-0.563
 0.275
-0.154
-0.066
 0.504
-0.180
 0.374
-0.216
 0.541
 0.412
 0.621
 0.985
 0.375
 0.568
 2.205
 0.241
 0.782
 0.048
 0.606
 0.974
-0.249
-0.164
 1.519
 0.986
 0.472
 2.114
 1.464
 2.341
 1.221
 0.886
-0.195
-0.348
 1.426
 0.886
 0.797
 0.162
 2.947
 1.795
-0.189
-0.330
-0.213
 0.416
 2.906
 1.802
 1.648
 2.548
 2.093
 0.557
 1.826
 0.633
 2.342
-0.206
-0.219
 0.168
 0.717
 0.350
 0.308
 1.129
-1.327
-0.841
 0.445
 0.070
-0.269
 0.946
 0.392
-0.494
 0.089
 0.040
-0.302
 0.655
-0.096
-0.010
 1.893
 0.697
-0.469
-0.655
 2.154
 0.186
-0.205
 1.420
 1.311
 0.508
 0.973
 0.414
 0.070
 0.286
-0.430
 0.549
 1.127
 0.152
 1.197
 1.369
 1.046
 1.392
 0.589
 1.751
 0.665
 0.406
 0.339
 1.054
 1.675
-0.361
 0.958
-0.087
-0.213
 0.372
 0.325
 1.175
 1.663
 0.427
 0.933
 1.175
 0.083
 0.223
-0.844
 0.256
 0.743
 0.911
 0.482
 0.080
-0.258
-0.980
 1.524
 0.624
-1.508
-1.658
 0.015
-1.217
-0.562
 0.310
-0.036
-1.307
-1.557
-0.716
 0.039
-1.465
 0.313
-0.809
-2.114
-1.197
-1.327
 1.287
-1.570
-1.008
-0.255
-0.571
 0.322
-1.148
 1.373
-0.339
 0.206
 1.213
 1.224
-0.473
 0.660
 1.097
 1.372
-0.148
-0.518
 0.387
-0.571
 1.567
 0.810
 1.546
 2.048
 0.053
 0.074
 1.276
 2.424
 3.202
 3.443
 1.212
 0.982
 0.538
 0.079
-1.538
 0.493
-0.689
-0.469
 0.608
 0.498
 0.921
 0.208
 1.339
 1.252
-1.420
 0.835
 0.698
 0.365
 1.232
 1.069
-0.371
 0.321
 1.060
 1.088
 1.549
 1.123
 0.219
 2.058
 1.606
-0.114
 0.873
 1.369
 1.307
 0.008
 0.149
 1.127
 0.367
 2.188
 2.115
-0.369
 0.670
-0.169
 0.095
-1.020
-1.052
-0.920
-0.652
 1.108
 0.674
-0.977
 0.069
 0.788
-0.868
 0.852
 0.945
 1.047
 0.220
 1.748
-0.160
 0.249
 0.438
 1.022
-0.143
-0.266
-0.797
-0.169
 0.920
-1.102
-0.571
 0.027
 0.040
-1.344
 0.823
 0.934
-0.143
 0.367
 0.127
-0.216
 0.568
 0.496
 0.074
 0.917
 2.658
 2.084
-0.147
 0.031
-0.143
-0.854
-0.324
 0.652
-0.443
 0.153
-0.138
 0.771
 0.434
 0.588
 0.536
 0.780
-0.036
-0.318
 1.111
 1.079
-0.136
 0.523
 1.768
-0.333
-0.867
-0.544
-0.236
 0.550
 0.077
-0.151
-0.301
 0.033
 0.879
-0.521
 0.072
 0.753
-0.934
-1.108
-2.611
 0.048
-0.084
-1.455
-0.417
 0.852
 0.753
-0.569
-1.829
-0.585
 1.076
 1.281
 0.563
 0.809
-0.032
-0.518
 0.254
-1.400
-0.644
 0.366
 0.496
-0.485
-0.573
 1.647
-0.395
 0.380
 1.931
 1.040
 0.877
 0.638
 2.010
 1.344
 2.185
 1.947
 1.622
 1.285
 0.605
 2.050
 1.416
 1.399
 0.356
 0.243
 0.693
 1.926
 1.041
 0.965
 2.535
 2.026
 1.481
 1.546
 2.423
 1.044
 0.440
-0.161
-1.088
 1.088
 0.899
 0.223
 1.698
 0.216
-0.654
-0.178
-0.409
-0.256
-0.322
 0.263
 0.111
-0.354
 0.549
-0.567
-0.882
-0.796
 0.706
 0.625
 0.474
 0.502
-0.071
 0.161
 0.093
 0.474
 0.499
 0.142
 0.439
 0.592
 0.569
 1.617
-1.474
 0.230
 0.176
-0.047
-0.763
 0.500
-0.853
-0.175
-0.472
 0.285
-0.003
 1.077
-1.513
-0.794
 0.931
 2.564
 1.171
 1.197
 1.591
 0.248
 1.123
 0.826
 1.065
 1.302
 1.710
 1.506
 1.757
 2.033
 0.269
 0.826
 2.553
 1.027
-1.314
 0.451
 1.169
 2.102
 1.807
 0.713
 0.958
 0.904
 0.738
 0.963
 1.459
 2.205
 2.014
 1.551
 2.384
 0.262
-0.396
 1.108
 1.921
 1.344
 0.691
 1.724
 2.710
 1.112
 0.298
-0.781
-0.711
 0.841
 0.147
 1.303
-0.297
-0.423
-0.947
 0.132
 0.323
 0.867
 2.270
 0.260
-0.081
 0.680
 0.582
 1.169
-0.772
-1.054
-2.176
-0.798
-0.477
-0.045
 0.218
 0.050
-0.120
 1.115
 0.452
 0.990
-0.619
-1.823
-1.719
-1.676
-0.555
-0.080
 1.225
-1.886
 1.101
 1.114
 0.477
 1.136
 1.061
 1.160
-0.129
-0.820
-0.037
-1.046
-0.701
-0.348
-0.015
 0.041
 1.073
 0.432
-0.727
 0.430
-0.245
-0.514
-0.681
-0.629
-0.460
 0.239
-0.749
-0.163
-0.283
 1.028
 0.574
 0.710
 0.063
 1.540
 0.504
 1.463
 2.441
 1.716
 0.948
 1.125
-0.624
-0.736
-0.981
 0.459
-0.165
 0.524
 0.735
-0.096
 0.097
 0.469
 0.197
 0.441
-1.346
-0.701
-1.424
-1.511
-0.036
-0.674
-1.179
-0.393
-1.055
-0.741
-1.475
-0.572
-0.699
-1.732
-0.224
-1.817
-1.233
-1.851
-1.275
-2.084
-0.887
-1.684
-2.281
-0.664
-1.428
 0.318
 0.251
-0.805
-1.041
-1.406
-0.251
-2.110
-1.083
-0.862
-0.131
-0.909
-0.222
 1.636
 0.009
-0.231
-0.184
-0.517
-0.616
-2.291
-0.481
-0.628
-0.060
 0.446
-0.022
 1.154
 0.451
 0.239
 1.751
 0.244
 0.786
-0.414
-0.824
-0.074
-1.052
-0.856
 1.050
 0.293
 0.516
-1.580
-0.443
-1.107
-0.271
 0.091
-0.236
 1.292
-0.589
 1.582
 0.135
 0.550
 0.743
 0.709
-0.114
-0.529
-0.741
-1.219
-0.001
-0.105
 0.467
-0.056
-0.496
-0.797
 1.108
 0.922
 1.895
 1.819
 0.370
-0.679
 0.030
-0.935
 0.436
-0.089
-0.483
-0.568
-0.847
-0.968
-2.052
-0.841
 0.609
-1.052
-0.495
-2.562
-1.800
-1.274
-0.450
-0.155
-1.250
-2.020
-0.003
-1.759
-1.292
-0.480
 0.115
-0.608
 0.349
 1.451
 0.705
-0.655
 0.165
 1.317
 0.632
 0.544
 0.921
 0.697
 0.729
-0.100
 1.174
 0.310
 0.249
 2.528
-0.024
-0.177
 1.854
 1.334
 0.448
 1.359
-0.278
 0.080
 0.417
 1.914
 0.060
-0.705
-0.338
 0.148
-1.446
-0.544
-0.736
-0.016
 0.539
-0.297
-0.154
 0.015
 0.917
 0.108
-0.491
-0.390
-0.093
-0.719
-1.067
 0.359
 0.335
-0.118
-0.772
 0.521
 0.445
 1.263
-0.061
-0.937
-0.783
 1.097
 1.645
 0.192
-0.809
-0.505
 0.470
-0.199
 0.086
 0.583
 0.585
-0.046
-0.019
 0.394
 0.938
-1.069
-0.528
 0.597
-0.172
-0.660
 0.163
-0.096
 0.022
 1.596
-0.504
 1.380
 0.607
-0.116
-0.428
-0.972
 0.508
 0.465
-1.182
-0.457
 0.064
-1.024
 0.040
 0.825
-0.005
 0.017
-0.373
-1.171
-1.349
-0.855
 0.159
 0.313
-0.548
-0.252
-0.587
 0.263
 1.281
 1.742
 1.200
-0.570
-1.271
 0.025
 0.886
 0.302
 1.374
 0.103
 0.265
-1.185
-1.178
-0.284
 0.524
 0.100
 0.528
-0.211
 0.685
-0.423
 1.075
-0.097
-0.030
-0.498
-0.266
 1.557
 0.200
-1.083
-0.393
 0.914
 0.285
-0.088
 0.490
 0.845
 0.020
-0.107
 0.688
 1.865
 2.250
-0.037
 0.398
 1.748
 1.100
 0.634
-0.093
 0.290
-0.873
 0.504
 0.733
 1.781
 0.360
 0.277
 0.463
 2.252
-0.163
 1.626
 1.193
 0.846
 1.302
 1.453
 1.895
 0.940
 1.068
 1.079
 0.639
-0.172
-0.576
 0.192
 0.165
 1.917
 0.986
 0.959
 2.340
 2.311
 1.846
 1.430
 0.418
 0.845
 0.183
 1.927
 1.545
 2.571
 1.929
 2.342
 0.907
 0.700
 0.712
 1.761
 0.285
 0.116
 0.239
-0.472
-0.282
-0.247
 0.421
 1.609
 1.999
 1.806
 2.311
 0.705
 0.010
 0.145
 0.462
 0.137
 0.189
 1.922
 1.012
 1.386
 0.508
-0.822
 0.338
 0.131
-0.049
 0.835
 0.532
 0.046
-0.113
-0.689
-0.091
-0.348
 1.372
 0.029
 0.237
-0.090
 0.998
-0.038
-0.985
 1.058
-0.475
-0.152
-0.139
 1.198
 1.080
-0.173
 1.648
 0.289
-0.583
-0.520
 0.659
-1.082
-0.493
 1.334
-1.365
 0.903
 1.329
-0.623
 0.256
-0.695
 0.777
 1.219
 0.414
 0.500
-0.226
-1.279
 0.345
-0.946
 1.347
 1.518
-1.196
-0.752
-1.623
-1.176
-0.726
-1.936
-1.549
-0.695
 0.503
-1.392
-0.768
-0.588
-0.872
 0.316
 0.684
-0.262
-0.576
-0.349
 0.382
-0.431
 0.222
-2.281
-1.069
-0.173
-0.996
-0.510
 0.433
-0.028
 1.461
 0.784
 0.174
 1.121
 1.146
-0.261
-0.258
-1.394
-0.188
 1.766
 0.124
 1.669
 0.272
 0.694
-0.765
 1.185
 1.241
 1.041
 0.784
 0.478
 1.031
 0.240
 0.344
 0.002
 0.660
 0.135
 0.198
 1.285
 0.488
 1.183
 0.773
-0.081
-0.099
-2.017
 0.875
 0.788
 0.722
 0.858
-0.139
 0.242
-0.520
-1.477
-1.060
-0.480
 0.513
 0.206
-0.869
-0.208
-0.553
-0.193
-0.049
 1.668
-0.535
-0.624
-0.366
-1.453
 0.163
 2.037
-0.165
 0.539
-0.646
 0.066
-1.127
-0.203
-0.101
 0.109
-0.383
 0.752
 0.818
 2.260
 0.042
 0.663
 1.016
 0.173
-0.271
 0.175
 0.684
-0.139
-0.223
-0.706
-0.025
 1.838
 1.630
 1.584
 1.832
-0.014
 0.636
 0.806
-0.651
-1.168
 0.418
-0.117
-0.922
-0.789
 1.606
 1.001
 0.642
 0.563
 0.705
 1.512
 0.373
 0.991
 0.093
-0.883
 0.152
-0.701
-1.171
-0.647
-2.183
-1.836
-0.511
-0.086
-0.728
-0.163
 0.643
 1.052
 1.174
 0.344
-1.099
-0.535
-0.019
-0.605
-0.821
-0.516
-0.889
 0.448
 0.245
 0.146
-0.225
 0.497
 0.527
 0.363
 0.072
 0.184
-0.327
 0.508
 1.574
 0.505
 0.164
 0.357
-0.598
 0.106
 1.265
 0.271
 0.677
-0.430
 0.676
-1.011
 0.547
 1.089
-0.229
 1.280
 1.684
 0.957
 1.867
 0.498
 1.262
 0.870
 0.302
 2.427
 1.205
 1.510
 0.627
 0.846
-0.685
-0.408
-1.703
 0.413
-1.262
 1.154
-0.448
-0.615
 0.072
-0.168
-2.123
 0.626
-1.500
-0.482
-1.337
-0.643
 1.020
 0.069
 1.303
-1.041
-2.149
-0.325
-1.453
 1.163
 0.667
-0.558
-1.660
-1.163
-0.324
 0.522
 0.414
 0.002
-0.174
-0.083
 0.296
-1.127
 0.486
 0.429
-0.058
-0.033
-0.913
-0.135
-0.502
-0.892
-0.671
-1.185
-0.684
-0.267
-0.018
-1.027
-0.292
-0.097
 1.317
 0.535
 0.168
 0.633
-0.009
-0.601
-0.495
-0.234
-1.934
-1.310
-0.370
-0.834
-0.251
-0.412
-0.227
 1.121
 0.153
 0.507
 0.237
 0.275
-0.051
-0.620
 0.122
-0.143
-1.348
-1.291
-0.220
-1.758
-2.025
-1.496
-0.030
-0.004
 0.720
 0.868
-0.564
-2.506
-1.117
-0.271
-0.927
 0.089
-0.111
-0.843
 0.466
-1.734
-1.459
-1.666
-0.809
-2.367
-0.976
-0.283
-1.436
 0.017
-0.202
-1.049
-0.276
 0.887
 0.339
-0.676
-0.859
-2.270
-1.520
 0.110
 0.440
-0.834
-0.695
 1.360
 0.107
-1.142
 1.886
 0.300
 0.603
-0.703
 0.022
 0.098
 0.871
-1.456
 0.430
-0.344
-0.976
 0.208
 0.531
 0.272
 1.763
-0.644
-0.578
-0.629
 0.751
 0.497
-0.883
-0.842
-0.529
-0.583
-0.239
-0.624
-0.245
-1.118
-0.916
-1.731
 0.356
-0.302
-0.938
 0.197
-0.213
-0.110
-0.759
-0.232
 0.422
-0.020
 1.101
-0.136
-0.343
-1.086
-1.716
-0.318
-0.729
 0.684
-1.197
-2.685
 0.039
-0.988
-0.646
-0.485
 0.970
-2.330
-0.983
-1.608
 0.139
-0.921
-1.179
-2.053
-2.363
-0.499
-0.610
-0.535
 0.001
-1.051
-0.703
-1.946
 0.041
-1.196
 0.157
-0.924
-0.814
-0.726
-0.592
-0.026
 0.110
-1.879
 0.353
 0.513
-0.709
 1.013
-0.254
-0.568
-0.810
-0.514
-1.047
-0.459
-0.455
 0.146
-0.302
-2.090
-1.112
-2.788
-1.269
 0.558
-0.300
-3.159
-0.475
-0.055
-0.133
 0.282
-1.480
-0.506
-0.651
-0.063
-1.570
-0.693
-1.517
-0.716
-1.762
-1.098
-0.900
-1.489
-0.350
 0.025
-0.141
-1.801
-1.360
 0.051
-0.531
-0.390
-1.670
 0.545
-0.051
 0.544
 1.844
-0.070
-0.997
-0.147
-0.084
 0.863
-0.090
-0.685
-0.546
-0.099
-0.991
-0.439
-0.984
-0.933
-2.119
-0.113
-2.005
-1.253
-1.193
-1.489
-0.796
-0.165
-0.568
 1.569
 0.121
-0.936
-1.228
-0.961
-1.258
-1.091
-0.858
-0.099
-2.364
-1.682
-2.341
-1.130
-0.128
-1.381
-0.284
-1.264
-0.053
-0.130
 0.275
 0.921
-1.038
-1.362
-1.010
-0.964
 0.516
 0.797
-0.145
 0.169
-0.479
-0.789
-1.002
 1.079
 0.140
-0.232
-1.276
-0.320
 0.153
 0.752
 0.012
 0.575
 2.880
-0.561
 0.017
 0.467
-0.201
-0.126
 0.776
 0.143
 0.739
-0.822
-0.257
 0.354
-1.247
-0.416
-1.390
 0.116
 0.208
 0.662
-0.756
-0.793
-0.211
-0.631
-0.518
 0.623
-0.254
 0.064
-0.791
 0.738
 0.358
 1.159
 0.643
-0.355
-0.652
-1.253
-2.115
-0.440
 0.888
-0.946
 0.753
 0.733
-0.928
-0.030
-1.164
 1.451
 0.023
 0.482
-0.484
-1.604
 0.899
-0.527
-0.134
-1.425
-0.952
-0.952
-1.314
 0.155
-0.878
-0.949
 0.567
 0.363
-0.895
 0.271
 0.774
-0.192
-0.270
-1.521
 0.857
-1.425
 0.148
 0.415
 1.977
 0.100
 0.686
-0.391
-0.792
 0.901
 1.816
 1.202
 0.431
 0.215
-0.177
-0.195
 0.212
-0.016
-0.344
-0.846
-0.059
-1.523
 0.409
-0.891
 0.282
-0.367
 1.036
 0.675
-0.102
-0.144
-1.145
-0.602
-1.698
-0.101
-0.166
 0.917
 0.079
-1.020
-1.805
-0.693
-0.014
-0.927
 1.225
 0.186
 1.377
 0.480
 0.664
 0.154
-0.951
-0.869
-0.747
-1.002
-0.736
-1.662
-1.380
-1.053
-1.044
-1.679
-2.772
 0.428
-1.576
 0.352
-1.481
-1.207
-1.891
-0.896
-0.537
-0.709
-1.050
-0.545
-0.189
 0.493
-0.988
 0.440
-0.257
-1.550
 0.142
 0.546
-0.144
-0.428
 0.139
-0.349
-0.843
 0.804
 1.360
 0.981
-0.983
-0.323
-1.985
 0.377
-0.536
 0.342
 0.171
-0.158
 1.282
 2.249
 1.749
-0.188
 0.040
-0.390
 0.525
-1.109
-0.887
 0.116
 0.239
-0.921
-0.954
 0.601
 0.831
 0.630
-0.310
-0.376
 0.478
 1.961
 2.767
 2.689
 2.786
 1.681
 2.148
-0.054
 0.210
 1.973
 2.470
 1.813
-0.124
-0.376
 1.842
-0.720
-1.246
-0.450
-0.315
 1.127
 1.988
 0.550
 0.440
-0.186
-1.506
-0.576
 0.190
 0.579
 0.234
-0.592
-0.031
-0.670
 0.542
-0.042
 0.705
-2.099
-0.145
 0.367
 1.228
 0.752
 0.519
-0.979
 0.229
 1.345
 0.343
-0.902
-1.584
 0.228
-1.087
-0.211
 1.056
 0.070
-0.926
-0.386
 0.454
 1.287
 0.609
 1.521
 0.109
-0.392
-0.010
-0.190
 0.558
 1.849
-1.048
 0.743
 0.476
 1.437
-1.033
-0.335
-0.569
-0.338
-0.294
 0.291
 0.006
 0.716
 0.306
 1.378
 0.480
 1.521
 1.600
 1.823
 0.197
-0.040
-1.199
 0.366
-0.040
-0.161
-0.071
 1.353
 0.925
-0.457
-0.598
-0.706
-1.290
 0.199
-0.177
 0.879
 0.491
 0.332
 0.018
-0.423
 0.205
-0.655
 0.473
-0.233
 0.204
-0.830
 0.479
 0.811
-1.019
-0.592
-0.661
-0.083
-1.520
-0.964
-0.643
-0.290
-1.501
-0.852
-2.155
-0.415
-0.329
 1.527
 1.662
 1.567
 0.759
-0.403
-0.313
-0.479
-0.511
-0.893
 1.453
-0.193
-0.573
 1.323
-0.834
 0.079
-1.288
-2.649
 1.617
-1.011
-1.574
-0.878
-0.277
 0.042
 0.767
-0.524
-0.163
 0.732
 1.358
-0.343
 1.547
 0.111
-1.187
-0.986
-0.579
-1.295
-1.151
-2.621
-1.065
 0.417
 0.587
 0.244
-0.274
-0.872
 0.290
 0.837
 0.722
 1.050
 1.681
 0.164
 0.693
-0.700
-0.191
 1.238
 0.310
-0.679
 0.169
-0.082
 1.046
 0.288
 0.428
 1.407
 0.874
 0.117
-0.193
-0.661
-0.294
-0.357
-0.519
-1.845
-1.536
-0.202
-0.320
-0.732
-1.580
-1.143
-1.202
-1.230
-0.587
 0.156
-2.267
-1.442
-0.552
-3.029
-3.011
-1.471
 0.356
-0.916
 1.072
-0.828
-0.392
 0.146
-0.389
 0.164
-0.954
 0.347
 0.193
 1.134
-1.334
-1.079
-1.456
-1.473
-0.324
-0.877
-0.335
-0.121
-0.258
-1.441
-2.480
-0.541
 0.635
-0.423
-1.764
-1.525
-2.018
-0.133
-0.049
-0.371
-0.582
 0.287
 0.076
-1.288
 1.324
-0.078
-1.714
-1.070
-1.219
-0.260
-0.665
-1.231
-2.068
-2.133
-0.916
 0.667
 0.307
 0.965
-0.413
 1.033
-0.792
 0.505
-1.508
-0.971
-1.080
 0.359
 0.566
-0.531
 0.601
-1.019
-0.705
-0.691
-1.286
-0.007
-3.096
 0.506
-1.377
-1.596
-1.704
-0.932
-0.120
 0.154
 1.579
 0.376
-0.428
 0.379
-0.148
-2.083
-1.995
-0.287
-0.051
-0.101
 0.559
 1.147
-0.606
-0.784
-0.217
 0.365
-0.591
 0.217
-0.610
-2.097
-2.458
-1.153
-2.534
-1.867
-1.082
-1.130
-0.482
-2.580
-2.612
-0.780
-0.857
-0.661
-1.274
-0.841
-0.076
-1.263
-2.078
-1.570
 0.099
 0.182
 1.546
 0.388
 0.117
 1.014
-0.708
-0.126
 0.585
-1.437
-1.244
-0.828
-0.107
-0.362
-0.719
 0.230
 0.040
 0.231
 0.027
-1.228
-0.778
-0.869
-1.731
 0.525
-1.643
-0.526
-1.088
-1.572
-1.703
-0.590
-0.091
-0.956
-1.108
 0.670
-0.981
-1.172
-1.124
-1.011
 0.013
-0.747
-1.718
-1.115
-0.872
-1.364
-1.553
-0.785
-0.891
-1.376
-0.665
-1.120
-0.944
-1.253
-0.784
 0.799
 1.728
-0.497
 0.031
-2.069
-1.526
-0.171
-0.708
-1.650
-0.958
-1.834
 0.311
-0.614
-1.396
-0.304
-1.159
-0.871
-1.181
-0.130
-0.865
 0.518
 1.226
-0.181
-1.446
-1.792
-0.581
-0.554
-0.810
-0.990
-0.622
-1.226
-1.100
-0.571
-0.122
-0.130
 0.098
-0.125
-0.607
-0.693
 1.443
 0.025
-1.789
 1.292
-0.723
 0.635
-0.108
 0.462
 0.530
-0.836
 0.393
 0.018
-0.545
-0.571
-1.128
 0.640
 0.884
-0.175
-0.180
 0.658
-1.092
 0.079
 0.821
 1.614
-0.420
-0.440
-0.485
 0.841
 0.959
 1.344
 0.444
-0.362
-0.109
 0.247
 0.322
 0.981
-0.025
-1.331
-0.409
 0.801
 0.411
-0.687
-1.542
-0.695
 0.174
 0.670
 0.954
 0.041
-0.584
-1.003
 0.791
-0.495
 0.801
 1.335
 0.082
 0.092
 0.430
-0.195
-0.402
 0.956
-0.850
 0.248
 1.594
-0.732
-0.483
-0.231
 0.739
 0.754
 0.438
 1.567
 0.259
 0.615
 0.620
-0.821
 0.701
 0.149
 0.967
-0.256
 0.733
 1.377
 0.171
-0.802
 0.064
-0.642
-0.282
-1.315
 1.039
-0.261
 0.162
 0.360
 0.187
-0.026
 0.123
-0.240
 0.868
 0.765
-1.548
 0.409
 1.675
 0.231
-0.598
 0.128
-0.276
 1.008
 1.392
 0.841
-0.080
 0.296
 0.300
 0.353
-0.128
 0.114
 1.168
 1.404
 0.567
-0.774
-0.109
-0.543
 2.168
-0.294
 1.626
 1.220
 2.201
 1.100
 0.709
 2.006
 0.549
 2.246
-0.512
 0.368
 0.378
 0.083
 0.307
 1.561
 0.352
 0.187
 0.439
-0.843
 0.057
 0.613
 0.774
-0.748
-1.616
 0.765
 0.456
 0.461
-0.484
-0.549
-0.004
 0.013
-0.093
 0.061
 0.589
 1.054
 0.469
 0.722
 0.417
 0.606
-0.250
 1.017
 0.536
 0.520
 0.453
 1.638
 0.852
-0.494
-1.058
 1.656
-0.940
-1.171
-1.092
-1.148
 0.212
 2.458
 1.425
 0.323
-0.694
-0.306
 0.519
 0.984
 1.885
 2.731
 0.870
 1.123
 1.105
 0.457
 1.317
 1.015
-0.061
-0.005
-0.139
 0.704
 0.410
 1.334
 1.286
-0.596
 2.404
 0.780
-0.537
 1.206
 0.747
 1.020
 0.469
 0.818
 0.258
 0.122
 1.061
 0.188
 0.668
 1.475
 1.549
 0.095
 0.588
-0.901
-1.036
 0.766
 0.609
-0.839
 0.261
 0.359
-1.400
-0.640
-0.572
 0.068
 0.685
-0.509
-1.318
-0.701
 0.743
-0.050
-0.116
-0.265
-0.943
 0.152
-2.431
-0.473
 1.149
-0.629
 0.349
-0.420
-1.327
-0.425
-1.945
-0.056
-0.437
-0.801
-0.159
-0.383
 0.278
-0.328
-0.024
-1.221
-0.520
 0.055
 0.479
-0.832
-0.688
-1.276
-0.388
-0.192
-1.536
-1.710
-0.488
-1.187
-0.561
 0.267
-0.280
-2.812
-1.817
-0.406
 0.806
 0.807
-1.164
 2.470
-0.233
 0.129
-0.607
 0.456
-0.955
-1.363
-0.068
 0.615
 0.729
 1.011
-0.217
 1.370
 0.738
-0.288
-0.482
-0.410
-0.915
-0.394
-0.407
-1.610
 0.043
-0.817
-0.961
-1.870
-0.031
-1.430
-1.805
 0.230
-0.649
 1.004
 0.565
-0.254
 0.466
 0.765
 0.787
-1.278
 0.171
 0.082
-0.224
-0.414
-0.773
 0.524
 0.132
-1.265
-0.256
 1.076
 0.389
 0.487
-0.773
-0.291
 0.314
-2.070
-1.084
 0.067
 0.483
 0.739
-1.413
-0.956
-0.113
-0.163
-0.556
 1.152
-0.163
 0.969
 0.318
 0.002
-0.890
-1.228
-0.381
-0.282
-0.099
 0.456
 0.139
-1.257
 1.334
-1.014
-0.635
 0.922
-1.124
-0.775
-0.491
-0.921
-0.238
-1.846
-1.908
-2.166
-1.920
-2.240
-1.907
-1.882
-2.296
-1.005
-1.109
-0.731
-1.376
 0.336
 0.706
 0.651
 0.478
 0.381
 0.162
-0.941
-0.965
 0.455
 0.376
-0.799
-1.592
-0.390
-2.200
-1.297
 0.121
 0.621
 0.748
-0.247
-0.210
-0.947
-0.270
 1.294
 0.060
 0.292
-0.219
 0.451
 1.812
 1.079
-0.819
-0.316
 0.254
-0.118
 1.124
-0.482
 0.693
 1.871
 1.375
-1.227
 0.645
-0.123
 0.122
-0.735
-1.604
-0.814
 0.268
-0.270
-0.226
-0.054
-1.220
-0.472
-0.827
-0.632
-1.196
 0.735
 1.936
 0.524
-0.899
-0.965
 1.436
-0.444
-1.446
-0.672
-0.310
-0.556
-0.410
 0.005
 1.517
 1.535
 2.385
 0.688
 0.553
 0.824
-0.356
-2.036
-1.260
-2.161
 0.116
-0.795
-0.012
 0.498
-0.137
-0.976
-1.021
-0.444
-1.329
-0.275
-0.946
-1.557
-2.471
 0.168
 0.425
-0.458
-0.083
 0.165
 1.326
 1.128
 0.215
-0.168
-0.717
-0.556
 0.271
-0.783
-1.374
-0.999
-0.499
-1.837
-0.283
-0.012
 0.119
 0.834
 0.643
-1.312
-0.604
-1.529
-0.955
-0.203
-0.181
-2.173
-0.552
 1.258
 2.282
-0.225
-0.470
 0.211
 0.610
-1.476
-0.027
-0.550
-0.989
-1.247
-1.395
-2.439
-3.021
-2.044
-1.298
-0.987
-0.763
-1.279
-1.245
-2.040
-0.963
-2.664
-0.153
 0.507
 0.280
 0.847
 1.224
 0.709
-1.481
 0.333
-0.824
-0.665
-1.207
-0.821
-0.172
 0.042
-0.239
 0.799
-0.308
 0.068
-1.299
-1.945
-1.241
-0.956
 0.044
-0.140
 1.295
 0.182
-0.630
 0.310
 0.113
-0.395
-1.089
-0.425
 0.717
-0.169
-0.525
-0.170
-0.334
-0.197
 0.017
-0.895
-0.945
-0.903
-0.158
 0.245
 0.750
 1.760
-0.816
-1.157
 0.384
-0.215
 0.898
 1.185
 0.530
-0.715
 0.330
 0.854
 1.084
 1.349
 0.100
 0.169
-0.055
-0.714
 0.412
-0.419
-0.022
 0.924
 0.897
 0.385
-0.028
 0.029
 1.185
-0.500
-0.714
 0.540
 0.885
-0.697
 1.265
 2.204
 3.235
 2.112
 0.691
 0.412
 0.803
 0.960
 0.246
 1.259
 0.037
 0.705
 2.130
-0.056
-0.856
 1.073
 2.269
 1.531
 1.492
 0.860
 2.247
 0.851
 0.969
 0.902
 1.090
 0.079
 1.097
 0.908
 0.289
-0.186
-0.426
 0.312
 0.543
-0.305
 1.888
 1.642
 0.330
 0.655
 1.482
 0.446
 0.442
 0.628
-0.023
-1.041
-0.498
 0.264
 0.893
 0.261
 0.724
-0.272
 1.108
 0.280
 0.364
 0.519
-0.700
-0.414
-0.450
-1.514
 0.869
 1.259
-0.514
 0.147
-0.800
-0.495
 0.967
-0.096
 0.333
-0.829
-0.307
-1.236
-0.541
-0.056
 0.598
-1.026
 0.360
-0.380
-2.311
-1.335
-0.600
-0.034
-0.047
-1.700
-1.304
-0.076
-0.309
-1.619
-0.739
 0.315
-0.555
 0.108
-0.605
-1.113
 0.356
 1.188
 1.165
-0.316
 1.281
 0.226
 1.062
-0.297
 0.703
 0.068
 1.352
-0.250
 0.476
 1.109
 0.546
 0.554
-0.047
-0.584
-0.563
-0.641
 0.537
-1.525
-0.884
-0.524
 0.077
 1.708
-0.581
 0.600
 0.335
 0.940
 1.570
 1.740
 0.399
 0.302
-0.787
 0.153
 0.364
 0.673
 0.416
-0.301
-0.234
-0.440
 0.163
 1.611
 1.327
 0.895
-0.533
-0.894
 1.445
-0.375
 0.178
-0.601
 0.002
-0.613
-0.531
-0.257
-0.003
 0.986
 0.952
 0.300
 1.099
 0.200
 0.097
-1.001
-0.105
-0.852
-0.204
-1.718
 0.143
 0.194
-0.360
 1.404
-0.189
-0.749
-0.907
 0.624
 1.392
-0.738
-0.269
 0.774
-0.378
 0.470
 0.767
 0.240
 2.651
 0.543
-0.599
-0.495
-0.043
 0.794
 2.522
 1.144
 1.083
 1.027
 0.378
-0.851
-1.622
-0.185
-0.373
 0.368
 0.499
 0.377
-0.579
 1.375
 1.183
 1.789
 0.093
 0.516
 1.437
 1.586
 1.275
 2.159
 1.057
 0.074
 0.364
-0.518
-0.414
-0.476
 1.819
 1.208
 0.547
-0.948
-0.117
-0.197
-0.197
 0.125
 0.383
-0.246
-0.346
-1.071
-0.768
-0.562
 0.497
-0.306
-2.304
-0.108
-1.261
-0.506
-0.374
-0.022
-1.292
 0.227
 0.228
-0.180
-0.585
 0.397
-0.479
 0.308
 0.177
 0.607
 1.483
 0.468
 0.668
 0.470
-0.705
-1.015
-1.537
-1.130
 0.791
-1.054
-0.474
-0.417
-0.864
 1.070
-0.328
-1.081
-0.462
 1.201
 0.664
-0.592
 0.240
-1.434
-0.987
 0.932
 1.563
 0.672
 1.128
 0.407
 1.118
 0.929
 0.943
 1.365
 1.598
-0.277
-0.394
 0.939
-0.281
-0.422
-0.887
 0.117
-0.712
 1.550
 0.084
 0.755
 1.406
 0.043
-0.338
-0.311
 0.290
 0.189
 0.414
-0.452
-0.037
-0.076
-0.378
-0.397
 0.398
-1.515
 0.928
 0.520
-0.152
 0.691
-0.885
-0.357
 0.047
 0.481
 0.675
 1.193
 1.592
-0.804
 0.519
-1.560
-1.233
-0.365
 0.051
-0.297
-0.728
-1.709
 0.109
 0.320
-0.372
-1.597
-2.038
-2.337
-0.798
-0.163
 0.353
-0.307
 0.314
-0.075
 0.680
 0.235
-0.666
 1.550
 0.425
 0.115
-0.263
 0.113
 0.740
-0.331
-1.102
-0.359
 0.622
 1.058
 0.283
 0.532
-0.263
-1.291
 0.436
-0.339
-0.630
-0.813
-0.913
-0.932
-0.439
-0.563
 0.791
 0.201
-0.108
-2.276
-1.461
-0.046
-1.052
 0.025
 0.236
-1.164
 0.255
 2.020
 0.044
 0.372
-0.031
 0.654
 0.555
 0.271
 1.287
-0.303
-0.043
 0.252
 0.416
 0.777
-0.166
-0.650
 0.655
-0.694
 0.260
-0.306
-0.020
 0.175
 0.358
-1.649
-1.926
 0.553
-0.523
 0.423
 0.295
-1.358
-0.358
-2.488
-0.598
-1.096
-0.224
 0.682
-0.721
 0.524
 0.453
 0.757
 1.855
-0.212
-0.670
-0.307
 0.141
-0.593
 0.700
-0.480
-1.621
-0.950
-0.251
 1.183
-0.093
 1.174
 1.430
-0.181
 0.186
-0.326
 0.168
 0.422
 0.750
 0.043
 0.392
-0.098
-0.730
 0.061
 1.156
-0.427
 0.427
 0.037
 1.009
 1.472
 1.099
 0.299
-0.989
 0.255
-0.008
 1.961
 1.533
 0.894
-0.529
 0.206
 1.289
-0.177
 0.786
 0.782
 0.110
-1.603
-0.087
 2.028
 0.811
-0.147
-1.582
-0.506
 0.352
 1.787
 0.133
-0.757
 0.196
 0.521
 0.555
 2.521
-0.918
 0.284
 0.404
 0.693
-0.611
 0.244
-0.571
 0.177
 0.084
 0.130
-0.743
 0.476
 1.812
 0.424
-0.227
 1.416
 1.065
 1.318
 0.786
 0.685
-0.069
-0.103
 0.235
-0.093
 0.462
-0.761
-1.230
 0.346
-0.263
-1.095
-1.156
-1.779
-0.393
-0.662
 0.542
 0.857
-0.620
 0.677
-1.490
-0.176
 0.268
 0.464
-0.837
-0.838
-1.168
-0.549
 0.333
 0.056
 0.633
 2.590
 0.666
 0.388
-0.988
 0.372
-0.119
-1.383
 0.151
-0.167
 2.137
 2.593
 1.698
 1.007
 0.459
 2.192
 0.632
 0.017
-1.164
-1.231
-0.654
-0.149
 0.848
 1.843
-0.761
 0.197
-0.001
-0.420
 0.154
 0.315
-0.568
 0.536
 1.595
-0.100
 1.272
 0.503
-0.770
-0.606
-2.399
-1.651
-0.633
-2.371
-1.527
-0.494
-1.299
-0.215
-0.219
-0.672
-0.802
-0.385
-0.007
-0.617
 0.271
-1.310
-0.065
-0.669
-1.142
 0.904
 2.123
 0.431
-0.665
-1.297
-1.823
-1.154
-1.936
-0.321
-0.793
 0.919
-0.988
-1.480
-0.504
-1.286
-2.208
-1.989
-1.278
 0.377
 0.803
 0.664
 1.234
 2.484
 1.196
 1.117
 1.524
 2.244
 2.044
 0.434
 0.267
 0.595
 0.628
 0.434
 0.560
 0.457
 0.179
 1.881
 1.000
 0.748
 1.336
-0.155
 0.274
 0.757
-1.282
 0.527
 0.191
 0.702
-1.495
-0.320
 0.476
 0.800
-0.798
-0.763
 1.386
 0.794
 0.766
 1.353
-0.050
 0.218
 1.084
 0.720
 0.597
 0.068
-0.746
 0.583
 0.706
 0.365
 0.435
 0.461
 0.565
 1.017
 1.216
-0.519
-0.285
-0.262
 0.991
 0.319
 0.120
 0.669
-0.910
 0.977
 1.002
-0.254
 1.246
-0.715
 0.463
 0.519
-0.343
 0.838
 0.881
-0.434
 0.926
 2.491
 1.054
 1.343
-1.000
-0.485
 0.811
 1.628
-0.256
 1.574
 0.839
 0.278
 1.778
-0.352
-0.197
 0.491
 0.494
-0.212
 1.029
-0.563
-0.253
-0.521
 0.600
 1.293
 0.598
 0.317
 0.710
 0.810
 1.735
 0.420
 1.194
 0.641
-0.739
 0.582
 2.206
 2.174
 0.924
 1.744
 0.616
 0.953
-0.597
 0.168
-0.423
 1.568
 1.742
 0.280
 1.247
 1.047
 0.361
 1.428
 0.470
 0.281
 1.566
 2.789
 3.149
-0.031
 0.484
 0.931
 1.578
 3.522
 2.732
 0.907
 1.149
 0.487
 0.016
-0.455
 0.386
 0.762
-1.077
 0.590
 0.347
 0.072
-1.024
 3.199
 1.398
 1.908
-0.897
-1.205
 0.746
 0.796
 0.728
-1.085
 0.579
-0.520
-0.170
-1.228
 0.734
-0.376
-0.173
 0.663
-0.830
 0.837
 0.351
 0.544
 0.141
 0.256
 1.276
 2.273
 1.133
 1.342
 0.015
-0.094
-1.022
 1.299
 0.180
 0.741
 0.686
 0.806
-0.193
-0.072
-0.598
 0.100
 0.497
 1.455
-0.283
 0.799
 0.481
-0.987
 0.990
 0.930
 1.254
 1.541
-0.410
 1.417
 0.350
-0.249
-0.614
 0.819
-1.410
-0.280
 0.359
-0.838
 0.050
-1.608
 1.613
 1.063
-0.189
 0.242
 0.408
-0.332
-0.142
 0.539
 0.860
 1.209
 1.834
 1.245
 1.479
 0.974
 0.915
 0.453
 1.541
-0.889
 0.100
-0.909
 0.242
-0.829
-1.377
-0.768
-0.148
-0.739
 0.068
-2.362
-1.601
-1.196
-0.531
-0.407
 0.463
-0.507
-1.094
 0.499
 0.141
-0.893
 1.098
 0.949
-0.974
 0.681
 0.110
-1.239
 0.530
-0.104
 0.487
-0.103
-1.774
-1.964
-0.332
-1.077
 0.207
-0.229
-1.024
 0.155
 1.027
 0.481
 1.539
 0.325
-0.036
 0.376
 0.791
 0.532
 0.045
-2.887
-1.842
-0.655
-0.082
 1.473
 0.966
 0.509
-0.723
 0.352
-0.814
-0.844
-0.143
-0.263
-1.108
-0.383
-0.203
-1.491
-0.210
 0.676
 0.241
 1.657
 0.677
-0.453
 1.192
 1.886
 0.301
 0.494
 0.282
 0.859
 0.357
 0.503
-0.772
 0.837
-0.225
 0.435
 0.351
-0.344
 0.451
-0.611
 0.283
 0.509
 0.140
 0.619
 1.239
 2.333
 2.310
 0.722
 0.940
 0.841
 1.580
 1.626
 0.734
 0.146
 0.327
-1.645
 0.025
-0.386
-0.794
-0.673
 0.713
 0.755
-0.019
-0.135
-0.904
-0.142
-0.654
-0.926
 0.116
-1.334
-0.359
-0.133
 0.328
-0.751
 0.525
 1.220
 0.110
 0.568
 0.335
 1.739
 0.768
-0.280
-0.667
-1.875
-0.153
 0.716
 1.100
-0.142
-0.616
-0.412
 0.168
 0.460
-0.118
-0.012
-0.615
-0.962
-0.051
 0.178
 0.815
 0.003
 1.139
 0.493
 0.043
-1.488
-1.266
-2.208
-0.209
 1.018
 0.288
 0.610
 0.775
 0.969
 0.535
 0.325
 1.121
-0.161
-1.101
 0.293
-0.687
-1.022
-0.232
 0.676
-1.602
-0.027
-2.264
-1.614
-0.974
-1.664
-0.826
-0.986
-1.348
-1.656
-0.864
-0.407
-1.750
 0.071
 0.051
 0.019
 0.665
-0.696
-0.961
-0.618
-0.298
-1.343
-1.340
-1.593
 1.594
 0.907
 0.644
 0.013
-0.852
-1.063
-1.784
-1.475
-0.245
 0.986
 1.334
 0.986
 2.292
 0.334
-0.755
 0.762
 2.555
-0.563
-1.038
-0.198
-0.744
-0.660
-1.665
-3.443
-2.476
-1.580
-0.871
 0.638
 0.019
-1.366
-1.008
-1.640
-1.493
-1.033
 1.696
 0.004
-0.351
-0.140
-0.338
 0.534
-0.681
-0.633
-0.644
 0.042
 0.949
 1.189
 1.717
 0.430
-0.119
-0.185
-0.486
-1.180
 0.460
 0.239
 2.306
 1.013
-0.882
-0.445
 0.524
 1.966
 0.457
 0.409
 0.014
-0.607
-0.591
 0.041
 0.090
 1.151
-1.051
-0.417
-0.936
-0.361
 1.722
 0.379
 0.383
 0.901
 0.352
 0.242
-1.023
-0.942
-2.999
-0.097
-1.137
-1.170
 0.696
-0.557
-1.032
-0.671
-0.999
 0.459
-0.422
-0.089
-0.981
-1.152
-0.729
-0.191
-0.194
-1.020
-0.277
-1.448
 0.388
-1.937
-0.306
-0.583
-1.621
-1.375
-0.667
-1.960
 0.120
-1.191
 0.294
-0.608
 0.780
 0.234
 1.329
 0.390
 1.038
 0.202
 0.563
-0.564
-0.822
-0.309
-0.172
 0.670
-0.681
-0.062
-1.231
 0.226
 0.412
-0.654
-0.453
 0.521
-0.538
-0.868
-0.098
-0.130
-0.827
-0.152
-0.137
-0.901
-1.296
-0.397
-0.210
-0.379
 0.082
 0.145
-1.085
-0.990
 0.103
-1.340
 0.008
-0.285
-0.716
-0.409
-1.500
-2.848
-2.583
-1.473
-2.190
-0.996
-1.241
-1.414
-0.992
-1.001
 1.742
-0.935
-0.701
 0.244
 1.190
 0.498
-0.195
-0.557
-1.053
-0.420
-0.380
 0.493
 1.769
-0.139
-0.574
 0.808
-0.152
-0.200
-1.233
-0.769
 0.323
-0.108
-0.182
-0.395
-0.813
-0.381
-0.282
-1.200
 1.313
 0.496
-0.295
 0.143
 1.772
-0.456
 0.129
 0.165
-0.620
-1.105
-0.727
 0.080
 0.596
-0.205
 0.106
-0.790
 0.912
 0.438
-1.774
-0.823
-0.452
-0.313
-0.383
-0.455
-1.873
-1.643
-0.006
-0.256
 0.265
-0.233
 0.926
-0.051
 0.087
 0.847
 0.399
-0.397
 0.527
 2.103
 0.085
 0.437
-0.360
 0.820
-0.114
 0.058
 0.461
-1.547
-0.722
 0.873
 0.052
 0.336
-0.353
 0.475
 0.523
-0.010
-1.062
-1.745
-0.649
-0.571
-0.674
-0.996
 0.339
-1.153
-0.401
 0.121
 0.210
 0.800
-0.513
-2.095
-1.256
-0.320
 1.528
-1.029
-0.604
-0.824
-1.919
 0.388
 0.360
-0.433
-0.715
 0.181
 1.048
 0.848
-0.275
-0.519
 2.284
 1.551
 1.455
 0.699
-0.113
 1.326
-0.077
 0.268
-0.827
 0.228
-1.263
-0.659
-0.527
-0.150
 0.008
 0.201
-0.198
-0.885
-1.107
-0.865
-0.144
 0.105
-0.544
 1.068
-0.590
 0.729
 0.279
-1.053
-0.919
 0.097
-0.934
-0.657
-0.500
 0.261
-0.587
-0.579
-0.534
-1.120
-0.518
-0.036
-0.342
-0.900
-0.191
-1.110
-0.018
-1.252
 1.590
 0.441
 1.489
-0.285
-0.149
 0.075
-1.606
 0.117
 1.278
-0.621
 0.002
 0.110
 0.569
-0.970
-0.914
-0.627
-0.653
-0.302
-1.205
-1.740
-0.244
-1.018
-0.883
-1.952
-2.035
-1.389
-1.087
-0.182
-0.853
-0.263
 0.948
-0.313
 0.353
 0.245
 0.071
-1.717
 0.092
 0.071
 1.085
 0.075
-0.010
 1.373
 0.186
 0.177
 0.168
-0.259
 0.061
 1.078
 0.074
-0.739
-0.307
 0.447
-1.103
-0.853
 0.447
-0.618
 0.065
 0.528
 0.118
 1.179
-0.809
 0.126
-0.281
 0.064
-0.173
 0.578
-1.484
-0.951
-1.092
-0.685
-0.845
-0.569
 0.370
 0.216
 0.793
 1.416
 1.119
 0.085
 0.684
 0.000
 1.852
 0.908
 1.044
 1.010
-0.348
-0.021
-1.213
 1.450
 1.567
 0.473
 0.013
 0.413
-0.651
-0.168
-0.422
 0.232
 1.108
-0.495
 0.221
 0.555
-0.729
-1.233
-1.043
 1.839
 0.346
 0.798
-0.222
 0.841
 2.614
 0.545
 0.947
 0.395
-0.398
-0.407
 1.614
 0.314
-1.242
-1.739
-0.124
 0.184
 0.355
-0.256
 0.595
-1.196
 0.062
 1.191
 0.744
-0.955
 0.447
-0.702
 0.494
 0.981
 0.558
 1.317
 2.332
 1.381
-0.296
 2.360
 0.923
 0.705
-0.283
-0.754
-0.117
-0.549
 1.054
 0.894
-0.275
 2.190
 0.617
-0.027
 0.867
 0.863
-0.696
 0.500
 0.996
-0.225
 1.043
 0.495
 0.975
 0.193
 0.537
 0.051
-0.848
 0.166
 0.132
 0.006
-2.033
-0.567
-0.560
-0.435
-0.253
 1.406
 0.010
-0.210
-1.106
-1.514
 0.071
 0.305
 0.206
 1.202
 0.063
 0.480
 1.015
 0.697
-0.733
-0.589
 0.531
 0.397
 0.610
 0.404
 1.627
 1.146
 1.175
 0.723
 2.394
 1.445
 1.193
 1.512
 1.172
 0.122
 1.469
 1.507
 1.862
-0.913
-0.864
-1.033
-1.017
-1.284
-0.042
-0.514
 1.459
 1.924
 1.614
 2.292
 0.164
 0.409
 0.423
 1.283
 1.242
-0.885
-0.439
 0.833
 1.767
 1.774
 1.067
-0.647
 1.451
 0.921
-1.111
-1.617
-0.712
-1.831
-0.257
-1.388
-2.325
-0.649
-0.900
-0.073
 0.125
 0.342
 0.312
 1.169
 0.604
-1.076
-1.679
-1.465
-0.602
-1.382
-0.059
 0.451
-1.122
-0.410
 0.184
 0.906
 0.403
 0.970
 0.260
 0.220
 0.634
 0.673
 0.016
 0.085
-0.763
-1.062
-0.439
 0.976
-1.857
 0.863
 1.134
 0.924
 2.253
 0.923
-0.298
-0.304
 0.788
 1.716
 0.846
 0.431
 1.003
-0.544
-0.874
 0.585
-1.256
 0.225
-1.852
-1.370
-0.326
-0.364
-0.131
 0.494
 0.349
 0.253
 0.721
 1.205
 1.121
 0.837
 0.053
 0.595
 1.003
 0.276
-0.155
 0.396
 0.534
 0.836
-0.251
 0.088
 1.055
-0.518
 0.991
 0.894
-0.222
 1.042
 0.527
 1.120
-0.216
-0.107
 0.821
 0.262
 1.750
 0.780
-0.003
 0.367
 1.175
 0.541
-0.456
 0.019
-0.475
 0.685
-0.617
-0.200
-0.693
 0.114
-0.875
 0.788
 1.839
 1.335
 0.889
 1.690
 1.923
-0.081
 1.399
-2.282
 0.617
 1.000
 1.132
 2.672
 2.754
 1.464
-0.022
 1.228
-0.509
 0.809
 1.780
-0.432
-0.782
 0.034
-0.632
 0.685
 0.093
 0.393
-0.485
-0.409
 1.420
 0.701
-0.477
 0.163
 1.585
 0.666
-0.104
 0.968
 1.300
 0.674
 0.977
 1.035
-0.384
 0.416
 0.163
-0.076
 0.522
 1.437
 1.254
 0.815
 1.756
 0.063
 1.471
 0.082
 1.637
 1.471
 1.275
 0.395
 1.977
 0.433
-0.997
 0.763
 1.467
 0.922
 1.605
 0.270
-0.315
 0.161
 0.842
-0.692
 0.653
 0.709
 1.038
 1.559
-0.814
-0.592
 1.102
 0.184
 0.704
-1.090
-0.848
-0.569
-0.729
 0.960
 1.028
 2.110
 0.578
 2.139
 1.245
 0.614
 1.258
 0.087
-0.341
 0.404
-0.703
 0.192
 2.391
 0.290
 0.713
 0.332
 2.193
 0.601
 0.306
 0.623
 0.781
 0.399
 1.062
 0.515
 0.410
-0.030
 1.560
 0.555
 1.027
 0.933
-1.230
-0.326
 1.147
 1.063
-0.175
-0.205
 0.497
 0.420
-0.689
 1.007
 1.026
-0.392
 1.055
 0.337
 0.337
 1.254
-0.271
-0.620
-0.249
-1.007
 0.756
 0.335
 0.727
-0.363
-0.937
-0.728
-0.018
-0.324
-0.322
-1.512
-1.004
 0.471
-0.318
 0.706
 0.750
 0.425
-0.119
-0.560
-0.429
 0.136
-1.147
-0.414
 0.458
 0.419
-0.823
-1.621
 0.022
-1.516
-1.268
-0.241
 0.506
 1.089
 2.181
 1.209
 0.070
-1.402
 1.514
-0.295
-1.224
-2.077
-2.233
-0.235
 0.918
-0.077
-0.433
-0.229
 0.489
 0.019
 0.007
-0.680
 0.331
 2.519
 3.369
 1.652
 1.548
 1.307
 2.107
 1.803
 1.553
 1.502
 2.245
 0.619
 0.956
 0.258
-0.133
 1.634
 1.517
-0.500
-0.713
 0.430
 0.397
-0.450
 0.372
-0.110
 0.356
 0.957
 1.283
 0.533
 0.781
 1.088
 1.531
-0.619
 0.582
 1.443
 0.128
 1.414
-0.031
 0.543
 2.138
 1.230
 1.373
 0.232
 0.648
-0.075
 1.739
 1.615
 0.548
 1.829
 2.297
 0.529
-0.240
-0.937
-0.151
-0.042
 0.878
-0.382
-1.224
-0.405
-1.325
 0.231
-1.259
 0.242
-0.002
-0.251
-0.282
 0.687
-0.434
 0.835
-0.175
-0.124
 0.605
 1.228
 0.331
-0.526
 0.130
 0.605
 0.455
 1.026
 0.160
 0.027
 0.735
 1.195
 1.574
 0.603
 1.036
 0.299
 0.458
 1.254
 0.665
-0.159
 0.017
 0.997
 0.601
 2.403
-1.174
-0.126
 0.735
 1.861
 0.708
 0.247
 0.674
 0.138
-0.312
-0.310
 0.688
 0.016
 1.148
 0.967
 0.369
-0.733
-1.396
 0.404
 0.794
 0.733
-0.485
-0.161
-0.279
-0.612
-0.269
 0.114
 0.873
 0.945
-0.190
-0.335
 1.089
-0.656
 0.867
 0.512
 0.447
 0.439
 1.401
 1.574
 1.493
 1.613
 2.279
 1.905
 0.259
 1.198
-0.724
-0.901
-2.562
-0.938
-0.271
-0.981
-0.914
 0.272
 1.813
 1.932
 0.963
 0.228
-0.365
-0.482
-0.050
 0.120
-0.243
 0.000
 2.100
-0.334
 0.118
 0.980
 1.025
 1.224
 0.930
 0.076
 0.921
 0.461
 1.543
 0.736
 0.562
 0.003
 0.973
 0.207
-1.271
 1.390
 1.082
 2.697
 0.834
 0.487
 0.001
-0.542
 0.628
 0.287
 0.611
-0.175
 1.111
 0.468
 0.555
 1.926
 0.115
-0.165
 0.741
 0.470
 0.512
-0.143
 0.827
 1.148
 1.990
 0.671
 1.475
 0.413
 0.713
 1.414
 0.715
 1.630
 0.900
 0.770
-0.831
 0.158
-0.281
 0.675
 0.434
-1.322
 0.412
 2.288
 1.781
 1.562
 0.113
 1.786
 0.914
-0.382
-0.290
-0.811
 1.869
 1.858
 0.423
 0.841
 2.019
 1.159
 1.234
 1.600
 1.373
 3.301
 1.247
 1.555
 1.899
 1.366
 2.441
 0.470
 1.072
 0.896
 1.362
 2.376
 1.302
-0.259
-1.002
-0.048
 2.674
 1.055
 0.714
-0.453
-0.295
-0.169
 0.769
 0.911
 1.674
 1.619
 0.812
 0.856
 0.041
-0.681
 0.485
 1.469
 0.384
 0.882
 1.061
 0.113
 0.523
 0.292
 2.633
 2.054
 1.146
 0.932
 0.683
 0.500
 0.786
 1.771
 1.235
 0.769
 0.388
 0.814
 0.285
 1.325
 0.913
 3.105
 3.620
 2.100
 1.030
 0.088
-0.245
-0.301
 1.982
 1.173
 1.485
 0.206
 0.520
 0.340
 0.545
 0.531
 1.558
-0.423
 0.883
 0.011
-0.670
 0.372
 1.087
 1.234
 2.633
 2.326
 1.465
 1.053
 0.571
 0.599
 0.843
-0.339
-0.391
-1.056
-0.437
 2.187
 1.735
 2.056
 1.271
 1.351
 0.152
 0.965
-0.572
-0.201
 0.775
 0.100
-0.513
-0.132
 1.628
 0.951
 0.248
 0.077
 0.225
 1.133
 0.483
 0.024
 0.495
 1.435
 0.703
 0.588
 1.043
 1.062
 0.241
 0.218
 1.778
 1.182
 2.510
 0.981
 1.807
 1.094
-0.208
-0.100
 1.388
 1.067
 0.893
 0.383
 0.245
 1.010
-1.622
-0.710
 0.079
 1.362
-0.048
 0.638
 0.498
 0.535
-0.384
 0.832
-0.410
-0.560
 0.198
 1.445
 0.040
 0.025
-0.185
-1.304
-1.133
-0.982
 0.575
 1.854
 0.249
-0.142
 1.594
 2.022
 0.667
 1.107
-1.168
 0.229
-1.474
-1.535
 0.464
 1.734
 0.608
 0.027
-2.749
-0.346
-0.725
 0.078
-0.475
 0.711
 0.485
-0.620
 1.108
 0.537
 0.345
-0.497
-1.155
-1.575
-1.016
 0.326
-0.224
 1.224
 1.479
 0.754
-0.436
 0.279
-2.906
 1.655
 0.569
 1.803
 0.863
 0.007
 0.166
 0.073
-0.850
 1.030
-0.195
 0.653
 0.359
 0.056
-0.017
-0.848
-1.271
 0.394
-1.391
 0.062
-0.265
 1.370
 0.802
-0.673
 0.355
 0.573
-0.879
-2.088
-1.393
-0.126
 1.427
 0.288
 0.088
 0.389
-1.226
-1.718
-0.493
-0.857
-1.508
 0.176
 0.593
 0.164
 0.957
-0.872
 0.841
 0.333
-0.079
 0.805
-0.755
-0.158
 0.161
 0.538
 0.587
-0.774
-1.460
-1.324
 0.152
-0.495
-0.661
 0.717
 0.445
-0.802
 0.359
-0.658
-0.982
-1.368
 0.456
 0.148
 0.600
 0.480
-0.108
-0.766
-0.423
-0.427
-0.698
 0.005
 0.916
 0.256
 0.125
-1.125
 0.402
 1.129
 1.781
 2.851
 0.385
 0.134
 0.674
-0.972
-1.187
-0.353
 0.138
 0.590
 0.372
 0.507
 1.404
 0.312
 1.478
 1.293
 0.374
 1.090
 1.798
 0.519
 1.571
 3.255
-0.415
 0.122
 0.599
 0.304
 0.918
-0.558
 0.987
 0.022
 0.651
 0.709
 0.990
-1.564
-1.700
-1.194
 1.449
 0.532
 0.959
 2.355
-0.634
 0.414
 0.054
 0.029
 0.409
-0.307
 1.882
 0.216
 1.007
-0.150
 1.059
 0.459
 1.069
 0.626
-0.504
-1.714
 0.240
-1.267
-0.046
-0.146
 0.193
 0.634
 0.617
 1.022
 1.148
 0.503
 0.612
 0.582
 2.342
 1.903
-0.224
 1.926
 1.023
 1.783
 0.619
-0.294
-0.338
 1.867
 0.450
 1.667
 0.952
 0.306
 0.557
 1.341
 1.516
 1.964
 1.395
-0.424
 0.242
 1.121
 0.545
 0.172
-0.258
-0.145
 0.481
 0.052
 0.701
-0.038
-1.693
 0.922
 0.572
-0.284
-2.371
-0.631
 0.100
 1.835
 0.169
 0.309
-0.076
 0.210
-0.589
 0.423
-0.017
-0.353
 0.910
 0.362
 0.061
-0.882
 0.355
-0.795
-0.561
-1.154
-1.963
-1.441
-0.398
-1.067
-0.711
-1.683
-1.519
-1.192
-0.277
-0.074
-0.211
-0.409
-1.591
-1.399
-0.647
 0.839
-0.237
 0.413
 1.192
 1.318
 0.634
 0.347
 0.675
-0.050
-0.967
-0.270
 1.529
 0.644
 0.035
-0.268
 0.419
 0.684
-0.920
-0.891
 0.109
 0.535
 0.813
 1.366
 1.940
 0.428
 0.114
-0.056
 0.470
 1.019
 0.776
 2.748
 2.302
 1.328
 1.592
 1.418
-0.208
 1.011
 1.530
-1.029
 0.662
 0.464
-0.420
-0.021
-0.509
 0.962
 1.694
-0.175
-0.052
-1.773
 0.208
 0.783
 1.873
-0.115
 1.014
 1.130
 0.590
 0.954
 0.349
 3.262
 2.671
 1.304
 0.213
-0.647
-1.284
-0.222
 1.035
-0.307
-0.381
 2.525
 0.758
 0.045
 0.706
 1.211
-0.305
 1.571
 2.060
 0.497
 0.448
 0.027
 0.716
 1.026
-0.179
 0.185
-0.128
 0.663
-1.183
-0.299
-0.649
 0.538
 0.578
 0.000
 1.328
 0.662
-0.763
-0.886
-0.465
 0.209
-0.918
 0.311
 1.196
-0.939
-0.486
 0.045
-0.107
 0.503
-0.608
 0.378
 0.472
 0.977
-0.792
-0.297
 0.819
 0.709
 0.877
-0.162
 0.560
-0.992
-0.180
-0.180
-0.057
 0.186
-0.936
 0.109
 0.448
 0.391
 0.414
 0.165
 1.297
-0.026
-0.948
 1.672
 1.235
 1.409
 0.633
 0.868
 0.388
-0.455
 0.891
-0.387
 0.625
 1.033
 2.001
 1.811
-0.739
 1.111
-0.324
-0.226
-0.295
 0.368
 0.164
-0.236
 0.292
 0.016
-1.404
-0.939
-0.038
-0.907
-1.843
-1.285
-0.079
 0.807
-1.213
-0.392
-1.072
-0.570
 0.719
 2.075
 0.387
-0.201
 0.299
 1.315
-0.315
 1.371
 0.859
-0.509
 1.480
-0.737
-1.658
 0.792
 0.487
 0.453
-1.658
-0.474
 0.262
-1.092
 1.871
-0.582
-1.585
-0.926
-0.217
 0.503
-2.130
-1.786
-2.053
-0.462
-0.490
-1.067
-1.935
-0.246
 0.319
-1.001
-0.960
 1.316
-0.328
-1.174
 0.800
 0.772
 0.065
-0.644
-0.879
-2.105
-0.747
-0.501
-2.005
-2.819
-2.392
-1.683
-0.626
-0.286
-1.210
-2.143
-1.136
-0.103
-0.038
-1.248
 0.073
-0.006
-0.397
 1.365
 1.857
 0.058
-0.177
 0.167
-0.989
-0.600
 1.015
 0.923
 0.450
 0.004
 1.042
-0.737
 0.593
-0.346
 0.022
 0.349
-0.915
-0.399
 0.958
 0.601
 0.305
 1.440
 1.579
-0.759
-0.913
-0.210
-1.155
-1.677
-1.036
-2.121
-0.852
-0.051
-0.144
 0.605
-0.927
-0.835
-0.304
-1.190
-0.566
-1.609
-1.204
-1.581
-2.826
-2.646
-0.842
-2.347
-2.071
-0.199
 0.092
 0.526
-0.330
 0.542
 0.141
-0.364
-0.962
-2.207
-2.448
-0.641
 1.263
-0.628
-0.445
-1.327
-1.582
-0.822
 0.199
 0.890
-0.084
 0.032
-0.950
-0.836
-1.461
-1.479
-0.472
-0.465
-1.831
-1.594
-1.785
-1.744
-0.438
 0.108
-0.619
-0.191
-0.592
-0.016
 0.277
-1.434
-1.492
 1.182
 1.044
-0.009
-0.026
-0.921
-0.7