 1.106
 1.551
-0.337
 0.216
-0.137
-0.337
-0.180
 1.602
 0.566
-0.633
 0.535
-0.188
 0.492
-0.230
-0.141
 1.760
 1.064
 1.239
-0.628
 0.266
 0.202
-0.581
-0.050
 0.539
-0.825
 1.174
 0.423
 0.294
 0.456
 1.410
 1.825
 0.539
 0.344
 1.019
 1.786
 2.171
 0.427
 0.919
 0.433
-0.693
-0.835
 0.677
 0.041
 0.278
 1.106
-0.014
 0.674
 1.279
 1.225
-0.246
 0.260
 0.041
-0.571
 0.988
-0.855
 0.860
 1.757
 2.002
-0.141
 1.457
-0.194
 0.053
 2.015
 0.099
 1.106
 1.347
-0.497
-0.586
 0.673
 0.910
 0.681
 0.564
 1.466
 1.539
 1.208
 0.527
 1.688
 0.106
-0.783
 0.031
 0.704
-0.584
 1.080
 0.371
 0.102
 0.846
-0.507
 0.652
 0.691
-0.531
-0.716
-0.670
-1.663
-0.198
 0.169
 0.594
 0.661
-1.141
 0.093
 1.280
 0.859
 0.051
 0.287
 0.085
 0.187
 0.372
-2.172
-0.144
 0.250
 0.910
 0.601
 0.017
 0.626
 0.411
 0.040
 0.559
 0.336
-0.035
-1.252
-0.100
 1.070
-0.415
 0.097
 1.095
 0.511
 1.098
 0.497
 0.893
 0.960
 1.231
 0.746
 0.621
 1.191
 1.088
 1.646
 1.098
 2.320
 0.437
 0.938
 1.709
 0.751
 0.393
 2.583
 1.618
 1.736
 1.196
-0.472
 0.989
 1.330
 1.003
 0.658
 2.078
 0.978
 1.116
 0.494
 0.424
 1.653
 2.960
 1.128
 2.542
 2.237
 1.997
 1.665
 0.101
 0.882
 1.768
-1.345
 1.376
-0.525
-0.348
 0.146
-0.932
-0.823
-1.519
-0.286
 1.859
 1.481
 1.526
 0.041
 0.233
-0.831
 1.134
 1.481
-0.095
-0.363
-1.117
 0.034
 0.989
-0.322
-0.102
 1.265
 0.956
 1.101
 1.166
 0.863
 0.779
-0.489
 1.468
 0.940
-1.811
 0.338
 0.201
-1.060
 0.240
-0.111
-0.296
-0.324
-0.535
-0.272
-0.680
-0.754
 0.292
-0.775
 1.688
 1.572
 0.024
-0.483
 0.779
-0.033
-1.103
-1.016
 0.453
-0.448
-0.522
-1.389
-0.353
 0.173
 0.582
 0.740
 0.929
 0.853
 1.666
 1.404
-0.027
 2.109
 1.037
 0.542
 1.283
 0.248
 1.444
 0.744
 1.019
 0.501
 0.214
 1.057
 1.136
 2.128
 0.854
 2.627
-0.521
 1.590
 0.591
 1.405
 0.517
 0.432
 2.430
 0.867
 1.717
 0.495
 0.354
 0.192
 1.154
-0.087
 0.157
 0.062
-0.104
-0.225
 0.711
 0.250
 1.252
 1.338
 1.051
 0.647
 2.129
 2.181
-0.019
 0.754
-0.556
 0.616
 1.243
 0.433
 0.717
 1.571
 1.462
 0.734
-0.427
 1.524
 0.101
 0.586
 1.852
 1.483
 0.827
-0.099
 0.975
 0.732
-0.320
 0.696
 0.524
 1.354
 0.705
 1.250
 2.909
 1.330
 1.466
 1.742
-0.654
 0.846
-0.042
-0.727
-0.295
-0.838
-1.340
-0.257
 0.055
 0.764
 0.655
 0.650
 0.763
 1.328
 1.143
 0.379
-0.148
-0.314
 1.170
 0.504
 0.275
 0.711
-0.154
 1.037
 0.214
 2.373
 1.345
-0.532
 1.039
 1.151
 1.030
 1.008
 0.994
 0.138
 2.170
 0.196
 0.001
 1.935
 0.925
 0.822
 0.150
 0.949
-0.367
-0.005
 0.311
 0.344
-0.756
 1.374
 2.205
 1.581
 1.133
-0.321
 1.149
-0.248
-0.474
 0.395
-0.169
-0.842
-0.431
-0.125
-0.143
-0.560
-1.149
-0.095
 1.282
 0.192
-0.562
-0.297
 0.825
 0.527
 0.455
 0.302
 0.576
-0.615
 1.120
 1.245
-0.010
 0.248
 0.663
 0.989
 0.853
 0.048
-0.675
-0.649
 0.274
-0.561
-0.194
 0.999
 0.133
 0.682
 0.272
 0.588
-1.833
-0.278
-0.356
 0.450
-0.335
 1.474
 0.111
-1.446
-0.319
 0.531
-0.126
-1.553
-0.924
-0.193
 1.004
-0.464
 1.124
 0.261
 0.152
 1.280
-0.314
-0.262
 0.691
 0.037
 0.158
-0.037
 1.261
-0.103
-0.847
-1.831
-1.552
 0.735
-0.832
-0.916
 0.820
-0.037
 0.556
 0.612
-0.747
-0.238
-0.597
 0.378
 2.105
 0.621
 1.748
 2.966
 1.263
-0.174
-0.442
 0.670
 0.822
 0.114
-0.794
 0.642
-0.294
 0.371
 0.861
 0.439
-1.346
-0.594
 1.587
 1.373
-0.203
-0.742
-0.281
 0.974
 0.400
 1.075
 1.298
 0.948
 1.091
 0.048
 1.661
 1.863
 1.482
 1.617
-0.090
 0.086
 1.192
 2.502
 1.192
 1.227
 0.569
 0.619
 1.473
 0.790
 0.775
 0.918
-0.740
 0.314
 1.125
 1.510
 0.794
-0.534
 0.157
-1.374
 0.147
-0.448
-0.243
-0.053
 0.230
 1.606
 1.294
 0.632
 0.625
 1.125
 1.440
 0.437
-0.544
 0.733
 0.682
 0.525
 1.456
-1.321
-0.494
-0.544
-0.019
-0.807
 0.237
 0.036
 0.656
 0.054
 1.443
 0.997
 1.465
 1.543
 1.618
 1.475
 2.362
 2.270
 1.718
-0.930
-1.437
-0.877
-0.989
 0.532
 0.173
-0.094
 1.886
 0.548
 1.783
 1.877
-0.830
-0.926
-0.217
-0.545
-0.443
 0.027
 0.782
 0.805
 0.025
-1.525
 0.221
 0.556
 1.629
-0.577
-0.415
 1.444
 0.084
 0.090
 1.487
 0.193
 0.214
 0.510
 0.624
-0.412
 0.032
 0.097
-0.549
 0.076
 1.296
 0.580
 0.647
 0.070
 0.422
 0.742
 0.272
-0.833
-1.020
-0.657
-1.177
-0.710
 0.499
-0.585
 0.996
 2.112
 0.672
-0.012
-0.596
-2.596
-0.282
-0.572
-1.795
-1.959
-1.460
 0.028
 0.393
 0.428
-0.067
-1.588
-0.242
-0.037
-0.542
-1.279
 0.234
-1.509
-0.636
-0.102
 1.035
-0.247
-0.146
-0.700
-0.308
-0.535
-1.220
 0.537
-0.595
-0.364
-1.142
-1.615
 0.251
-0.329
-0.865
-1.325
 0.032
-0.153
 0.026
 0.507
 1.716
 0.476
 0.915
-0.104
-0.621
 0.796
 0.986
 0.229
-1.089
 0.766
-0.930
-1.386
 0.351
-1.115
 0.249
-0.229
-1.409
-1.277
-2.339
-0.903
 0.375
 0.732
-0.019
-1.285
-1.384
-1.227
-1.207
-1.420
-1.926
-1.891
-2.219
-2.471
-1.006
-0.805
 0.146
-0.734
-1.604
-1.104
 0.323
-0.980
-0.884
 0.448
 1.202
-0.426
-1.750
 0.086
-1.546
-0.603
-0.845
-0.288
-2.723
-1.947
-0.168
-1.519
-1.776
-1.002
-0.609
-0.002
-1.317
-1.497
 1.465
 0.853
-1.218
-0.705
-0.634
 0.134
-1.966
-0.808
 0.301
 0.579
 0.549
 0.391
-0.031
 0.661
 0.376
 0.248
-1.205
-1.188
 0.469
-1.542
-0.591
-0.140
-0.041
 0.748
-0.175
 0.576
 1.057
 0.685
 1.346
-0.122
-0.799
-0.399
-0.873
-0.506
-0.137
-0.749
-0.617
-1.004
 0.407
-0.560
-0.014
-0.944
-1.628
-0.717
 1.111
 1.760
 0.449
 0.642
-0.272
 0.454
 1.285
-0.293
 1.311
 0.972
 0.731
 1.108
-0.592
 0.287
-0.865
-1.904
-0.464
-2.962
-0.479
-1.459
-1.246
-1.428
-2.149
-1.471
-1.817
-0.170
 0.412
-0.196
-0.698
-0.078
-0.087
-0.584
 0.253
-0.557
-0.126
 1.775
 0.222
 0.625
 0.966
 0.160
 0.447
-0.252
-0.117
-0.984
 0.286
 1.455
-1.468
-0.064
 0.468
 0.081
 0.935
 0.957
 0.661
-0.824
-0.344
-0.501
-1.127
 0.672
-0.433
 0.701
-2.253
-2.020
-1.155
-0.989
 1.443
 0.323
 0.759
 0.206
-0.373
 0.544
 0.386
 1.013
 0.474
 0.841
-1.345
-1.441
-0.896
-1.978
 0.528
 0.713
 0.846
 0.688
-1.967
-1.214
-1.597
-0.713
-0.051
-1.442
-0.952
-0.688
-0.434
-0.921
-0.747
-0.351
-0.704
-0.774
-1.121
-1.700
-0.976
-0.518
 0.005
-0.438
 0.138
-0.439
 0.284
-0.337
-0.666
-1.214
-1.170
-0.939
-0.240
-0.222
-0.051
 0.510
 0.799
 1.044
 0.390
-0.544
-1.233
-1.825
-1.192
-1.275
-0.539
-0.904
 0.182
-0.381
 0.891
 1.028
 0.016
-1.159
 0.173
-0.121
 0.217
 0.320
 0.076
-1.952
-0.892
 0.059
-0.907
-1.095
-0.074
 0.057
-0.018
-0.527
-0.088
 1.607
 1.352
 1.320
 0.866
 0.845
-0.370
 0.742
 0.497
 2.180
 0.326
-0.210
-0.402
 0.340
 1.389
 1.789
 1.334
 1.010
 1.707
 0.952
 0.747
 1.721
-1.289
-0.354
 0.539
 0.990
 1.081
-0.092
-1.400
 0.079
-0.863
-0.802
-0.246
-0.836
-0.183
-0.248
-1.027
 0.975
 1.409
-0.191
 1.006
 0.958
-0.279
 0.076
-0.588
 0.370
 0.689
-0.381
 0.169
-0.603
-1.802
-0.502
 0.284
-0.400
-0.041
-1.352
-0.025
 1.209
 0.055
-0.125
 1.000
 0.193
 0.048
-0.265
 0.850
-0.847
-0.112
 1.007
 0.868
-0.018
 2.315
 0.658
 1.245
 2.569
 0.224
 0.372
 0.982
-0.156
 0.554
 0.976
-0.122
 0.501
 1.614
 1.320
 0.794
 1.678
 1.807
 1.634
 0.847
-0.829
-1.317
-1.240
-0.138
 0.013
 1.095
 2.720
 2.240
 0.752
 0.003
 2.545
 0.598
 1.180
-0.070
-0.336
 1.443
 0.828
 0.780
 0.606
-0.129
 1.711
 0.012
 1.152
 1.471
 0.956
-0.584
 0.825
 1.747
 0.426
-0.366
 0.889
 0.733
 1.135
 0.682
 1.074
 0.346
-1.266
-1.440
-0.800
-1.287
-1.778
-1.000
 0.348
 1.282
 0.694
 0.057
 0.567
-1.317
 0.844
 0.938
 0.492
-0.057
 0.063
-0.317
 0.806
-0.991
 0.332
 0.806
 1.556
 1.111
 0.637
 0.203
 0.841
 1.440
 1.417
-0.409
 0.077
 0.574
 1.596
 1.131
-0.465
 1.495
-1.164
 0.629
 0.300
-0.017
-1.766
-2.299
-1.202
-0.632
-0.412
-0.082
 1.342
 0.198
 0.098
-0.447
 1.330
-0.375
 0.765
 0.744
-0.263
 0.629
-0.108
-1.949
-0.574
 1.094
 0.140
-0.114
 0.311
 0.187
 0.765
 0.462
-0.371
-0.632
 0.898
 0.282
 0.294
 0.629
-0.550
-1.285
-1.287
-0.063
-0.323
 1.123
 1.261
 1.264
 0.232
-0.605
-1.626
-1.502
-0.264
-1.288
-0.287
-0.079
-0.008
-0.356
 0.737
-1.063
 0.535
-0.514
-2.132
-0.271
-1.231
-0.300
-0.519
-1.313
-0.729
 0.678
-1.990
-2.021
 0.832
 1.459
 0.936
 0.597
 3.256
 0.407
-0.973
-2.223
 0.636
 0.132
 1.540
-0.586
-1.025
-0.559
-0.496
-0.777
-0.995
-0.461
-0.484
-0.115
 1.584
-0.377
 0.162
-0.548
 0.264
 0.170
-1.621
 0.125
-0.469
-0.626
-0.361
-0.790
 0.382
-0.194
-0.727
-1.523
-0.220
 2.436
 0.178
-0.205
-0.181
-1.202
-1.558
-1.108
-1.500
-0.560
-0.257
 0.632
-0.878
 0.859
 1.062
 0.654
 1.729
 1.292
 0.217
 1.466
 1.299
 2.056
 2.107
 2.036
 1.916
 2.019
 1.546
 0.796
 0.958
-0.009
 0.238
 1.168
 1.433
 0.772
-0.945
 0.174
 0.576
 1.289
-0.955
 1.155
 1.425
 1.945
 2.061
 1.365
 0.280
-0.865
 1.280
 0.344
 0.087
 0.933
 1.085
 0.308
-0.871
 0.769
-0.558
 0.501
 0.445
 2.226
 1.751
 2.340
 1.411
 0.239
-0.533
 1.928
 0.854
 0.777
 0.110
 0.001
-0.595
 0.991
 0.499
 1.998
 0.632
-0.680
-0.231
-0.778
 0.631
 0.363
 0.407
-0.466
 0.394
 1.166
 0.238
 0.362
 0.826
-1.033
-0.596
 0.936
-0.444
 0.042
 2.128
 1.020
 0.219
 0.277
-0.026
-0.321
-0.359
-0.084
 1.660
 0.708
 0.204
 0.438
-0.065
-1.048
 0.339
 2.077
-0.544
 0.304
 1.533
 1.439
 0.904
-0.108
-0.236
 0.407
 1.964
 2.990
 2.823
 1.120
 1.391
 0.961
 1.577
 0.109
 1.183
 1.081
 1.164
 0.598
 1.935
 1.203
 0.690
-0.020
 0.212
 1.599
 1.636
 0.435
 2.602
-0.216
 1.595
 0.931
-1.259
-3.124
-1.542
 0.233
-1.705
-0.560
-0.733
-0.200
-0.677
-0.163
-0.911
-0.365
 0.316
-0.324
-0.322
 0.208
-0.492
-0.584
-0.865
 1.192
 0.063
-1.860
-0.719
-0.451
-1.248
-0.401
-0.690
-0.211
-1.085
-0.347
 0.874
-0.212
-1.410
 0.593
 0.486
 0.418
 1.405
-0.688
-0.610
 0.428
 1.063
 0.034
 0.118
 1.041
 0.467
 2.221
 2.922
 0.953
 1.183
 2.247
 1.462
 1.167
-0.626
 1.030
 0.254
-0.500
-0.289
-1.009
 0.461
-1.472
-1.105
-0.166
 0.307
-0.565
 0.914
 0.442
 1.379
-0.084
-0.880
-0.037
 0.328
 0.493
-0.362
 0.243
-0.198
-0.051
 0.910
 1.287
 0.275
 0.041
 0.923
 1.327
 0.053
-0.142
 0.794
 1.916
 1.240
 1.316
 0.127
 0.107
 0.891
 1.253
 0.344
-1.102
 0.756
-0.487
-1.076
-0.953
-1.429
 1.025
 0.400
-0.487
 0.354
 1.990
 0.917
 1.136
 0.526
 1.787
 1.148
 0.030
 0.403
 0.987
 0.665
 1.165
 0.813
 1.238
 0.742
-1.529
 0.664
 1.539
 1.609
 0.404
-0.275
 1.596
 0.831
-0.039
 1.159
 1.266
 0.844
 1.716
 0.284
 1.362
 0.097
-0.044
 1.737
 0.645
-0.250
-0.251
-1.434
-0.534
-1.594
 0.398
 0.214
-0.396
 0.423
 0.151
 1.345
-0.277
 0.438
 0.813
 1.299
 1.589
-0.028
 1.242
 1.266
 1.123
 0.931
 0.710
 0.085
-0.712
 0.327
 0.596
-1.562
 0.166
 1.074
 0.109
 1.139
 0.562
-1.064
-0.088
-1.134
-0.911
-1.736
 0.211
 0.490
-1.772
-0.152
-0.608
-1.381
-1.910
-0.550
-0.922
-0.342
-0.690
-0.767
 0.228
-2.146
-0.820
 0.028
 0.962
-0.359
-1.706
-0.949
-0.278
-1.007
-0.969
-0.793
-0.218
 0.160
-2.280
-0.925
-1.649
-0.754
-1.313
-0.641
-1.328
 0.351
 0.583
 0.989
-0.139
 0.046
 0.750
-0.779
-2.521
-0.105
-1.432
-1.051
-1.476
-0.500
-0.839
-1.807
-2.469
-0.434
-0.178
-0.400
-0.413
-0.044
-1.414
 0.719
-0.580
-1.950
 0.393
-0.632
 1.750
 0.092
 0.556
-0.149
-0.635
-0.194
-1.317
-0.823
 0.589
 0.373
 0.236
-0.794
 0.092
-0.213
 0.643
 0.210
-0.565
 0.019
-0.389
 0.121
-0.290
 0.860
 0.598
 0.584
-0.236
 0.120
 0.532
 0.467
-0.273
-0.390
 0.402
 0.312
-0.084
-1.167
 1.222
 0.114
-0.792
-0.232
-0.606
 1.020
-0.889
-0.127
-0.455
-0.436
 0.336
 1.212
 1.195
 1.574
-1.925
-0.004
-0.698
 0.459
-1.484
-0.428
-0.009
-0.611
-0.169
-0.207
-0.777
-0.621
-0.591
-2.069
-0.764
 0.931
-0.960
-0.993
-1.736
-0.307
-0.266
 1.040
 1.853
 1.718
-0.635
 0.082
-1.098
-0.413
 0.109
 0.374
-0.062
 0.732
 0.235
 1.083
-0.143
 0.381
 0.662
-0.789
-0.404
-1.441
-0.555
 0.333
 0.786
-1.257
-0.674
 0.055
-0.758
-2.077
-0.618
 0.338
 0.782
 0.513
-0.418
-0.406
-1.035
-1.983
-0.282
-1.325
-1.109
-1.912
-1.556
-2.763
-1.265
-1.338
-2.097
-1.484
-1.394
-1.188
-0.412
-1.642
 0.489
-0.884
-0.423
-1.965
-2.311
-2.891
-2.093
-1.101
-1.822
-2.422
-0.290
-0.251
-0.418
-0.746
-0.129
 0.043
-0.309
-1.025
-1.082
-1.032
-0.574
-1.123
-0.826
-1.303
-0.649
-0.061
-1.976
-1.116
-0.946
-1.520
-1.251
-1.637
-1.398
-1.989
-1.638
 0.530
 0.780
 0.680
-1.601
-1.505
-1.140
-1.144
-0.686
-1.541
-0.559
-0.759
-0.335
-0.400
-0.708
 0.217
-0.830
-0.923
-1.005
-0.708
-0.509
-0.438
-0.639
 0.374
-0.840
-0.062
-2.649
-1.272
-0.079
-0.323
-1.417
 0.173
-1.211
 0.698
 0.624
-0.960
 0.290
-0.497
-2.154
 0.076
 0.606
 0.252
 0.084
 0.155
 0.697
 0.464
-0.823
 0.682
 0.212
-0.513
-0.412
 0.325
 0.130
-0.425
-1.563
-2.815
-1.790
-1.406
-1.819
-1.843
-1.872
-1.169
-0.995
-0.567
 0.167
 0.590
-0.896
-2.334
-1.428
-2.599
-0.834
-1.309
-1.266
-2.285
-1.577
-0.874
-2.234
-1.840
-0.103
-0.666
-2.480
-2.061
-2.150
-1.717
-1.360
-0.663
-2.691
-0.874
-0.044
-0.236
-0.275
 0.855
-0.387
-1.201
-1.262
-0.915
-0.388
-0.334
 0.703
-0.068
-0.725
-0.474
-1.188
 0.331
-1.498
-0.490
-1.041
 0.359
 0.913
-0.363
 0.325
 0.521
 0.922
-0.101
 0.056
-0.752
 1.033
 0.831
 2.070
 1.237
-0.491
-0.158
 0.931
 1.901
 1.468
 2.032
 1.110
 1.329
 0.738
-0.732
 0.135
-0.376
 0.190
-1.852
-1.485
 0.995
-1.340
-0.426
-1.854
-0.654
-0.979
-0.686
-1.061
 0.285
 0.149
 1.928
-0.115
-0.091
-0.315
 0.104
 0.921
-0.044
 0.532
-0.682
 0.808
-1.859
-0.152
-0.600
-1.759
-1.466
-1.119
-0.622
-1.809
-1.114
 0.546
 0.935
 0.511
 0.124
-0.060
 0.415
 0.528
-0.018
-0.518
-2.085
-0.015
-1.261
-0.659
 0.349
 0.420
-0.639
 0.859
 0.937
 1.484
 0.779
 0.660
 1.013
 2.201
 1.419
 2.042
 0.687
-0.306
-0.288
 0.365
 0.887
 0.575
 2.207
 0.301
 0.229
-0.503
-0.450
 1.437
 1.604
-0.197
 0.936
 0.227
 1.196
 1.630
 2.513
 1.426
 1.304
 2.209
 1.021
 0.636
 0.361
 0.252
 0.742
 0.997
 0.427
 0.154
 0.107
 1.103
-0.103
 0.593
 1.863
 2.378
 0.999
-0.533
 1.246
 1.195
 0.342
 0.793
-0.108
-0.419
 0.502
-0.251
 0.961
-0.576
 1.575
-0.335
-0.759
 0.250
-0.442
 0.368
-0.137
-0.227
 1.597
 0.855
-0.286
 0.490
 0.517
 0.162
 0.563
-0.063
 0.047
 1.310
 0.043
-0.797
 0.238
-0.578
-0.326
-0.788
 0.668
-1.422
-0.197
-0.084
 1.343
 0.762
 0.037
 1.393
 0.560
 0.645
 0.534
-0.556
 0.543
 0.568
 0.300
 2.158
 0.757
-0.725
-1.502
 0.778
 0.280
-0.407
-0.643
-0.789
-1.307
-0.850
-0.671
 0.269
-0.729
 0.340
-0.615
-1.276
-1.638
-0.727
-0.838
-0.245
-0.497
-0.528
 0.268
-0.324
-1.097
-0.382
-1.124
-1.204
-2.532
 0.696
 0.367
 0.407
-0.121
 0.027
 0.029
 0.547
 0.771
-1.038
 0.522
 0.612
-0.273
-0.758
-0.686
 0.962
 1.085
 0.406
 1.259
 0.843
 0.950
 0.134
 1.116
-1.044
 0.237
-0.211
 0.705
-0.777
 0.942
 0.125
-0.593
 0.383
 0.173
-1.260
-0.648
-0.842
-1.017
-0.282
-1.620
-1.313
-0.655
 1.398
 0.570
-0.141
 0.298
-1.093
 0.056
-0.627
-0.558
 0.113
-0.632
-2.126
-0.559
-1.025
-0.596
-1.822
 0.309
-0.312
-0.840
-0.173
-1.980
 0.517
-0.598
 0.364
 0.351
-1.281
-0.677
-0.611
-1.053
 0.216
 0.593
-0.656
-0.489
-1.747
-0.636
-1.226
-1.911
-1.555
-0.600
 0.090
-0.099
-0.916
-1.142
 1.122
 0.894
 0.641
 0.609
 0.951
-0.336
 0.571
-0.205
-0.318
 1.318
 0.672
 0.625
 0.597
 1.198
 0.373
 0.286
-0.456
 0.655
-1.859
 0.567
-0.735
 0.096
 0.060
 0.124
-1.126
-0.511
 0.510
-1.771
 0.976
-0.488
 0.053
-0.187
-0.513
-1.226
-1.151
-0.621
 0.319
 1.242
-0.795
 0.702
 1.229
-0.094
 0.099
-0.813
-1.146
-0.475
-0.631
-0.631
-1.067
-1.526
-0.680
-0.106
-0.904
 0.399
-0.159
-0.748
-0.609
-0.635
-0.001
-0.514
-0.410
-0.811
-0.095
 0.060
 0.052
-0.568
-1.239
 0.082
 0.357
-0.379
-0.713
-0.627
-0.655
 0.028
 0.262
-0.015
 0.104
 0.485
-0.812
 0.270
 0.507
-0.579
-0.264
-0.818
-1.493
-2.133
-1.477
-2.697
-0.696
-1.954
-1.896
-1.551
-0.965
-1.353
-0.629
-0.604
-1.166
-1.165
-2.216
-1.406
-2.148
-0.508
 0.988
 1.645
-0.218
-0.235
-1.252
-0.552
 1.596
 0.757
-1.072
-1.245
-0.969
-0.685
-0.858
-0.547
-1.660
-1.454
-2.192
-0.386
-2.669
-1.213
-0.173
-0.641
-1.822
-0.405
-0.900
-1.460
 1.172
 0.361
 0.658
 0.374
 0.681
 0.244
-0.566
-0.467
-1.771
-0.867
-1.465
-0.093
 0.532
 0.934
 0.661
 0.572
 1.172
 0.536
-1.140
 0.805
 0.617
 0.470
-1.545
-1.816
-2.103
-1.192
-1.000
-2.014
-1.567
-1.345
-1.237
-2.029
-0.785
-0.387
-2.985
-2.108
 0.345
 0.250
 0.186
-1.028
-1.615
-1.122
-1.176
-0.585
-2.484
-1.097
-2.082
-1.868
-0.948
-1.570
-2.163
-0.723
-1.105
 1.614
 1.287
 0.784
 0.156
-1.193
 0.106
 0.638
-0.139
-1.402
-0.942
 0.785
 1.398
 0.385
 0.336
 0.263
 0.985
-0.419
 0.258
-0.587
-0.063
 0.900
-0.040
-0.011
 0.417
 0.757
 0.831
 0.289
 0.364
-2.535
-1.332
 0.184
 0.080
-1.601
-0.337
-0.050
 0.534
 1.259
 1.790
 0.761
 0.854
 0.093
 0.608
 0.792
 0.744
-0.597
 0.234
 0.643
 0.878
-0.940
-0.846
-0.080
-0.206
-0.597
 0.651
 1.089
-0.199
 1.378
 0.343
 0.669
-0.358
-0.625
 0.099
 0.031
-0.774
 0.629
 1.981
 1.893
-0.059
-0.337
 0.360
-0.310
-1.302
-1.460
-1.407
-0.355
 1.505
-0.213
 0.501
 1.313
 1.356
 1.383
 0.467
 0.474
 0.608
-0.212
-0.122
-1.019
-0.264
 0.228
 0.799
 0.253
 0.783
-0.042
 0.629
-0.854
 0.073
-1.220
-1.742
-1.924
-0.892
 0.017
 1.651
 0.815
 1.234
 0.301
-0.122
-0.627
 0.850
-1.281
 1.246
-0.097
 0.607
 0.935
-0.325
-1.359
-0.353
-0.673
-0.314
 1.472
 2.057
-0.027
 1.809
 1.363
 1.587
 1.080
-1.004
-0.286
 0.365
 2.536
-0.177
-0.803
 0.045
 0.659
 1.920
 0.892
 1.411
 0.169
-0.782
-1.041
 0.713
-0.029
-0.134
-0.471
-1.093
 0.460
 0.484
-0.955
 1.595
-0.279
-1.307
-0.281
-0.464
-1.168
-0.671
 1.233
 0.121
 0.590
 2.082
-0.050
 0.616
-0.233
 1.027
-0.453
-0.507
 0.621
-0.812
 1.342
 1.489
 2.019
 0.213
 0.502
-0.578
 2.264
-0.149
 0.362
-3.929
-1.476
-1.871
-1.992
-0.129
-0.609
-0.147
 0.628
 0.130
-1.088
-0.245
-0.367
-0.004
 0.038
 0.384
-0.068
 0.478
-0.298
-0.186
 0.505
-1.141
-0.932
-0.191
 0.749
 0.584
 0.712
-0.172
 0.367
 0.134
-0.591
 1.442
-0.635
 0.703
 0.910
 1.670
 0.962
 1.918
 0.026
-1.290
-0.411
 0.279
 2.071
 1.531
 0.351
 1.169
 1.194
-0.708
-0.190
 0.707
-0.258
-0.425
-0.137
-0.194
-0.311
-0.755
-0.084
 0.549
-0.552
-0.731
-0.119
 0.839
 1.028
 0.451
 0.435
-0.604
 0.296
-0.908
-0.100
 0.443
 2.314
 1.021
-0.266
 1.000
 0.364
-1.077
-1.642
 0.017
-0.656
-1.513
-2.917
-0.841
-1.248
-0.695
 1.606
-1.100
-1.068
 0.343
-0.609
-0.473
-0.828
-0.780
-2.261
-1.406
 0.016
-1.355
 0.218
-0.155
-0.037
-0.134
-0.680
-1.220
 0.763
 0.217
-0.415
-0.574
-0.943
 0.719
-0.431
 0.455
-0.164
-0.504
-1.700
-2.003
 0.019
-1.716
-1.371
-2.286
-0.886
-1.248
-0.548
-0.377
 0.232
-0.913
-1.276
-2.032
-1.669
 0.577
-0.877
-0.579
-0.104
 1.378
-0.172
-0.412
-0.152
-0.656
-0.503
-0.452
-0.178
 0.586
-1.126
-1.407
-0.278
-0.720
-1.158
-0.335
 0.237
-1.138
-1.749
-0.488
-1.300
-0.306
-0.243
-3.250
-0.124
-0.624
-0.174
-2.688
-0.152
-2.130
-0.439
-0.945
 0.187
 0.035
-0.198
-0.074
 0.996
 0.302
-1.936
 0.849
-0.575
 0.713
-1.069
 0.196
 1.002
-0.060
 0.158
 0.296
 1.625
 1.034
 0.922
 2.521
 1.836
 0.740
-0.723
-0.764
-0.039
 0.582
 1.408
 0.736
-0.562
 1.821
 1.805
 0.406
 0.686
 0.442
-0.187
-1.146
-1.235
-1.620
-1.271
-0.590
-1.348
-0.191
 0.385
 0.697
-2.252
-0.902
-0.892
-0.906
 0.104
 0.390
-2.031
 0.231
 0.495
 0.934
 0.194
-0.080
-0.557
-0.025
 1.239
-0.285
-0.962
 0.556
 1.351
-0.206
-1.653
-1.435
-1.443
-0.941
-1.745
-1.952
-2.205
-0.484
-0.313
 2.112
 0.905
-0.364
-0.978
 0.861
-1.160
-0.601
-1.784
 0.241
-1.055
-0.094
-1.326
 0.520
-2.221
 0.445
-1.283
-0.773
 0.276
-0.397
-0.423
 0.180
-0.760
-1.855
-1.259
 0.147
-0.195
 1.445
 1.513
-1.711
-0.785
-0.102
-1.600
-0.416
-1.100
-0.830
-1.647
-1.869
-0.175
-0.984
-0.647
 0.746
-1.079
-1.054
 0.399
-1.282
 0.833
 1.025
 0.736
-0.210
-0.093
-1.161
-2.618
 0.507
-0.004
-1.508
-0.032
-1.426
-0.966
 0.694
 0.067
-0.626
-0.046
 0.924
 1.982
 0.583
 2.313
 2.309
 1.404
 0.375
 0.343
 0.108
 0.970
-0.507
 0.822
 1.225
 1.028
 1.271
 0.894
-0.959
 0.778
-0.201
-0.590
 0.703
 0.748
 1.355
 0.404
 1.628
 1.843
 0.734
 1.228
-0.501
 0.886
 1.830
 0.785
 1.184
-0.048
 0.072
-0.583
 0.910
-0.774
-0.570
-0.483
 0.640
 2.662
 0.767
 0.732
 0.384
 0.843
-0.532
-1.402
-0.955
-0.478
-0.827
-0.163
-0.603
 0.339
-0.502
-0.415
-1.022
-0.850
-0.762
-0.101
-0.566
-1.041
-1.144
-0.847
 1.439
-0.690
-1.137
-1.665
-2.300
-2.372
-2.428
-2.302
-0.789
-0.147
-0.812
-2.219
-2.026
-1.513
-0.300
-0.306
 0.200
-0.264
-0.633
 1.185
-0.056
-1.489
-0.738
-0.711
-0.680
-1.327
 0.008
-0.291
-0.142
-0.784
 0.210
-0.493
-0.840
 0.114
 0.332
-1.563
-2.872
-2.092
-3.153
-2.044
-1.236
-1.496
-1.122
-0.996
-1.115
-1.427
-0.702
-2.489
-2.568
-1.860
-0.958
 0.064
-1.514
-1.599
-1.661
-1.109
-1.363
-1.206
-0.059
-0.906
-1.234
-0.983
 0.971
 1.259
-0.566
 0.135
-0.193
-1.300
-0.237
-1.048
 0.399
-1.739
-1.564
-2.055
-2.328
-2.200
-0.473
-0.526
-0.485
-0.793
-1.662
-0.832
-1.870
-0.824
-1.299
-1.969
-0.487
-1.855
-1.410
 0.828
-1.048
 0.333
-0.327
 0.124
-0.632
 0.422
-0.611
-0.235
-0.659
 0.578
-0.835
-0.304
-0.373
-0.674
 0.399
-0.396
 0.560
 0.329
-0.158
 0.402
-0.305
-0.335
 0.808
 0.532
 0.309
 0.752
-0.602
 1.347
 0.866
-0.925
-0.852
-1.045
-2.245
-0.708
 0.132
 0.377
-1.478
 0.039
-0.137
-0.679
-1.514
-0.101
 1.270
-1.118
-2.222
-1.717
-1.917
-0.650
 0.125
 0.570
 0.435
-1.592
-1.129
-1.115
-0.192
-0.040
 0.548
-1.660
-1.104
-0.610
-0.305
-0.535
-1.370
 1.236
 0.993
 0.682
 0.170
-2.348
-1.632
-1.342
-0.745
-1.153
 0.117
-0.645
-0.771
-0.095
-0.207
-0.452
-0.426
-0.241
-2.743
-0.348
-1.259
 0.181
-2.064
-1.508
-0.228
-0.017
-0.230
 0.349
 0.574
-0.171
-1.097
-1.309
-0.157
-0.566
-0.659
-0.827
-0.110
-1.726
-1.931
 0.110
-0.217
-1.030
-1.425
-0.659
-0.575
-1.189
 0.201
-1.291
-0.654
 0.677
-1.187
-1.668
-0.808
-1.091
-0.610
-0.009
-0.919
-1.026
-1.278
 0.169
-1.127
-0.877
 1.439
-0.577
-0.080
-0.761
-0.686
-1.112
-1.473
-1.275
-0.163
-0.105
-0.938
-2.627
-2.128
-0.437
-0.020
-1.236
 0.288
 0.256
 0.098
 0.490
 0.945
-0.670
-0.062
-0.040
-0.009
 0.835
-1.349
-1.305
-1.484
-0.440
 0.001
-0.040
-1.101
-1.281
-0.490
-0.602
-1.032
-1.520
-0.917
-0.752
-0.715
-0.502
-0.818
-0.579
-2.492
-2.013
-1.029
 0.490
-0.441
-1.255
-0.008
 0.088
-0.595
-0.503
-1.068
-0.224
 0.370
 0.732
-0.291
-0.732
-0.977
-2.071
 0.612
 0.250
 0.090
-0.732
 0.893
-0.506
 0.572
-1.472
-0.145
-1.227
 0.065
-0.265
-0.287
-0.293
-1.033
-0.172
-0.337
-0.529
-0.601
-0.415
-0.193
 0.168
 1.818
 0.962
-1.494
-0.936
-0.364
-1.376
 0.171
-0.112
-0.516
-0.404
 0.555
-0.071
 0.273
-0.432
 0.334
-0.884
 0.788
 0.266
 0.533
 0.939
-1.844
 0.812
-0.386
 1.597
 0.714
 0.416
 1.620
-0.433
-0.264
-0.323
-1.221
 0.810
-0.047
 0.553
-0.159
 0.548
-0.114
 0.468
-0.988
-1.404
 0.209
-1.613
 0.548
 0.295
 1.851
 0.855
 0.499
 0.950
 2.101
 0.213
-0.616
-0.227
 0.600
 1.408
 0.575
-0.283
 1.205
-0.481
-0.322
 0.394
-0.445
-1.019
-0.925
 0.405
-0.509
 0.139
-1.409
 0.335
-0.269
-1.659
-0.768
-0.642
 0.007
-0.346
-1.140
-0.497
 0.007
-0.800
 0.216
 0.652
-1.363
 0.159
 1.403
-0.120
 0.072
-0.579
-2.811
-1.568
-0.529
-0.283
-1.083
 0.384
 0.862
 0.125
 1.192
 0.294
-1.515
-1.963
-1.280
-0.203
 0.427
 0.227
-1.157
 1.167
 0.362
-0.404
 0.119
 0.542
-1.470
-1.272
 0.277
-0.219
-0.767
-0.496
-0.994
-0.559
-0.170
-2.081
-0.183
-1.117
-3.110
-1.236
-0.708
-2.586
-0.835
-1.459
-0.563
-1.077
-0.542
-1.177
-0.348
 1.555
 0.080
-1.674
 0.481
 0.500
 0.784
 0.227
 0.426
-0.987
-1.246
-1.034
-1.062
-0.062
-1.136
-0.514
-0.603
-0.032
 0.101
-0.763
-0.950
-1.197
 0.630
-0.288
-0.987
 0.116
-0.742
 0.197
 1.542
 0.012
-0.424
-1.534
-2.552
-2.109
-1.840
-1.269
 0.161
-0.365
-1.480
-1.240
-0.180
-0.338
-0.254
-3.142
-0.917
 0.417
-1.271
-1.636
 0.766
 0.385
 0.214
-0.570
-0.156
-0.192
-0.683
-0.405
-1.705
-1.156
-1.165
-1.156
-1.244
-2.194
-1.392
-2.770
-0.377
-1.478
-1.186
-0.593
 1.262
-0.252
 0.433
-1.374
-1.654
-0.870
-1.247
-0.230
-0.490
-0.696
 0.467
-0.112
-0.648
-0.139
-1.266
 0.215
 0.153
-0.261
 0.426
-0.600
 0.344
-1.048
-1.267
-0.321
-0.272
-1.022
-0.421
 0.307
 0.086
 0.330
 0.370
 0.425
-0.784
-0.727
-1.648
-0.710
 0.094
-0.379
-1.066
 0.325
-0.295
-1.259
-0.639
-1.588
-0.829
-0.660
 0.493
 0.432
-0.078
-0.021
 0.155
 0.335
 0.395
 1.022
 0.867
 0.462
-0.737
-0.227
-0.927
 0.389
-0.921
 0.298
-0.466
-0.603
-0.414
-0.137
-0.423
-1.184
-0.013
-0.162
-0.710
-1.556
-1.291
-0.241
-1.310
 0.788
-1.264
-0.652
-0.444
-1.085
-1.577
-1.202
-1.177
-1.655
-0.441
 0.671
 0.505
-1.039
 1.056
-0.726
-1.018
 0.168
-0.495
-1.131
-0.677
-1.635
-0.577
-1.473
-0.358
-1.021
-1.640
-0.413
 0.101
 0.086
-0.650
-2.131
-1.959
-0.699
-1.368
-1.267
-0.995
 0.320
 0.376
-0.758
-0.779
-1.484
-0.370
-1.895
-1.487
-0.976
-1.445
 0.394
-0.026
 0.718
 0.794
-0.086
 0.743
 0.302
 1.156
-0.178
-0.288
-0.367
 0.503
-0.161
 0.668
-0.206
 0.692
-0.110
 0.581
-1.003
 0.982
 0.666
 1.180
 0.999
-0.440
-0.928
-1.676
-0.794
 0.151
-1.254
-0.340
-0.343
-0.246
-1.210
-1.122
-1.197
-0.626
-0.330
 0.041
-0.308
-0.932
-1.476
-0.070
 0.485
-0.910
-0.471
-0.753
 0.942
-0.338
 0.667
-0.668
-0.916
-1.130
-0.014
-0.651
 1.059
-0.467
 0.021
-1.442
-0.949
-0.678
 0.993
 0.268
 0.376
-0.595
-0.925
-1.927
-1.536
-0.531
-0.201
 0.330
-0.985
 0.599
-0.040
 0.925
 0.019
-0.899
 1.019
 0.417
 0.248
-0.299
-0.059
-1.135
-1.451
-1.712
-2.128
-0.567
-0.995
-0.927
-0.346
-0.167
-0.042
 0.885
-0.413
 0.230
-1.579
-0.748
-0.771
-1.171
-2.117
-0.740
-1.807
 0.012
-1.565
-1.717
-1.584
-1.423
-1.294
-0.708
 0.003
 0.135
 0.401
 0.845
-0.817
-2.044
 0.784
-2.175
-0.452
-0.195
 0.170
-1.084
-1.390
-2.169
-1.148
-0.444
-1.339
-0.759
-1.070
-2.501
-1.765
-0.087
-3.184
-2.159
-2.535
-0.887
-1.255
-2.653
-0.758
-1.537
-0.666
-0.405
-0.060
 0.573
-0.678
-1.204
-2.023
-1.899
-0.342
 0.106
-0.796
 1.505
-0.683
 0.249
-0.652
-0.945
-1.255
-0.278
-0.183
-0.275
 0.648
-0.559
-1.189
-0.660
-1.081
-0.518
-0.429
-0.037
 0.318
-0.390
-1.181
-0.708
-1.351
-0.291
-0.950
-0.353
-0.327
 0.393
 1.914
 0.997
 1.064
 0.735
 0.024
-0.051
-1.065
-0.751
-1.168
-1.006
 1.368
 0.611
-0.056
 0.224
 0.039
-1.041
-1.661
-1.137
-0.602
-1.801
-1.813
-1.168
-2.141
-1.566
-1.313
-2.211
-0.856
-0.596
-0.404
-0.437
 0.782
 0.632
-1.306
-0.489
 0.754
-0.139
-0.208
-0.196
 0.058
 0.936
 0.553
-0.436
 0.406
 1.029
 0.729
 0.930
 0.234
 1.515
 0.550
-0.126
 1.596
-0.663
 0.499
-1.130
-1.417
 0.394
 0.279
-0.349
 1.036
-1.122
-0.902
 0.995
 0.893
 1.953
 1.387
 1.230
 0.787
-0.058
 0.172
 0.651
-0.745
 0.385
-0.540
-1.536
 0.069
 0.799
 0.724
-0.845
 0.583
-0.710
-0.321
-0.168
-1.039
-0.313
-1.104
-0.890
-1.589
-0.047
-0.658
-0.869
-0.529
-0.976
-0.821
-1.537
-1.012
-1.844
-1.893
 0.047
-0.009
-0.647
-0.158
-0.017
 0.200
-1.132
-0.342
-0.108
-0.968
-0.173
-0.312
 0.147
-1.413
-1.678
-0.202
-1.421
-1.344
-0.705
 0.204
-0.298
 0.244
-0.001
-0.732
-0.109
-0.065
-0.941
-1.168
-1.574
-2.595
-1.313
-0.382
-1.897
-3.026
-1.475
-0.464
 0.001
-0.421
-0.816
-0.437
-0.327
 0.306
-1.724
-1.811
-1.810
-2.154
-1.447
-2.824
-3.466
-2.389
-1.792
-2.953
-2.146
-1.065
-0.730
-0.934
 0.601
-0.117
 0.839
-0.476
-0.579
-0.395
-0.675
-2.058
-0.517
-1.998
-2.971
-2.961
-3.129
-3.209
-2.364
-1.782
-2.166
-0.873
-1.892
-1.889
-1.511
-2.058
-0.654
-0.776
-1.045
-0.637
-0.825
-1.414
-0.475
-0.420
-1.250
-0.597
-1.493
-2.618
-1.808
-2.460
-1.932
-1.968
-2.108
-1.580
-0.679
-0.420
-0.972
-1.836
-1.459
-0.911
-0.952
 0.009
-1.643
-0.556
-0.494
-2.275
-1.630
-1.080
-1.838
-2.584
-0.461
-0.622
 0.005
-0.621
 0.991
-1.129
-0.659
-0.077
-0.048
-0.173
-0.451
-0.692
-1.138
-0.306
-1.323
-2.086
-1.194
-1.463
-2.218
-0.762
-1.791
-1.562
-1.838
-1.700
 0.244
-2.052
-0.541
 0.096
 0.355
-1.638
-0.780
-0.795
-2.347
-0.460
-1.278
-1.960
-1.246
-1.082
 0.049
-0.016
-1.049
 1.103
-0.895
 0.324
-0.541
-1.073
-0.337
 0.619
-0.701
-1.899
-0.408
 0.359
-0.352
-0.282
-1.183
-1.811
-1.293
-0.970
-1.115
-0.597
 0.290
-0.615
 0.967
 0.006
-0.344
-0.691
-1.898
-0.797
-1.388
-1.903
-2.026
 0.621
-1.373
-2.644
-0.891
 0.105
-0.809
-0.949
 0.199
 0.490
-1.581
-2.900
-1.095
-1.074
-1.609
-0.083
 0.542
-0.130
-1.234
-1.937
-1.355
-1.776
-0.057
 0.586
-0.425
-1.085
-1.104
-1.196
 0.547
-0.576
-0.074
-1.416
-0.674
-0.695
 0.568
 0.416
 0.510
-0.057
-0.645
 0.009
 1.205
-0.576
-1.299
-0.300
-0.415
-0.388
-0.077
-1.221
-0.961
-2.816
-1.184
 0.280
 0.447
 0.131
-0.564
 0.031
-0.936
-0.637
-0.339
 0.890
 0.019
-1.771
-1.120
-0.272
-1.862
-1.807
-0.421
-0.945
-2.264
-1.601
-0.647
-1.609
-1.766
-0.906
-0.949
-1.366
-0.043
 0.029
-1.541
-2.491
-0.657
-2.624
-1.251
-1.053
-0.391
-0.273
-0.266
 0.588
-1.195
 0.416
 1.384
 1.186
-0.249
 0.903
 1.060
-0.314
 0.656
 0.404
-0.521
-0.912
 0.724
 0.512
-1.233
-0.472
 0.131
-0.876
-1.634
-3.075
-1.265
-0.166
-0.355
-0.577
-0.461
-0.332
-0.236
-1.843
-1.515
-2.518
-1.926
-0.892
-1.409
-1.414
-0.880
-1.282
-0.612
-1.095
-0.060
-2.086
-0.403
 0.340
-0.407
-0.714
-0.241
-0.767
-1.451
-1.761
-1.024
 0.285
 0.921
 0.199
 0.431
-0.408
-1.136
-1.885
-0.367
-0.506
 0.224
-0.879
-0.212
-0.192
-0.990
-0.497
-0.173
-1.306
-0.711
-1.515
-1.459
 0.690
-0.071
 0.098
 0.196
 0.250
 0.050
-0.023
-0.893
 0.266
-0.351
-0.487
-1.420
-0.135
-2.861
-0.143
 0.250
 0.110
 1.307
-0.600
-0.753
 0.358
 0.142
-0.555
-1.238
-0.545
 0.683
-0.500
-0.460
-0.260
-0.851
-0.858
 0.265
 0.372
 0.734
-0.224
-0.275
 0.382
-0.718
-2.384
-1.036
-1.043
-1.299
-1.635
-1.397
 1.173
 0.175
-0.903
 0.363
 0.228
 0.089
-0.758
-1.465
-2.287
-0.463
-0.988
 0.211
-0.809
-0.511
-1.008
-1.084
-1.873
-2.041
-2.331
 0.106
 0.167
 0.684
 0.996
 1.589
-0.630
 0.353
 0.344
-0.237
 0.411
 0.082
 0.838
-0.005
 0.587
-0.666
-0.310
-0.384
-2.611
-0.373
-0.133
-0.009
-0.313
 0.894
 0.530
 1.704
 1.605
 1.547
 0.590
 0.897
 0.155
-0.331
 0.194
 0.032
-0.699
-1.791
-1.285
-0.437
-0.347
-1.077
-1.031
-1.381
-0.863
 0.043
 0.214
 0.522
-0.476
-0.461
 0.361
 0.613
 0.337
-0.420
-0.044
-0.015
 0.473
-1.475
-0.188
 0.949
-0.061
-0.631
 0.381
-0.210
-1.241
-0.609
-0.575
 0.440
 0.589
-1.780
 0.847
-0.494
-0.984
 0.028
 0.282
-0.160
-0.857
 0.713
 1.109
-0.104
 0.316
 0.560
-1.278
 0.994
-0.169
-2.322
-2.018
 0.036
 0.507
 0.160
 0.593
 0.657
 0.266
-0.038
-0.441
 0.535
 0.521
 0.286
 0.937
-0.494
 0.015
-0.034
 0.520
-0.520
 0.917
 0.646
 1.209
 0.008
 0.345
-0.869
 0.739
 1.907
 0.049
 0.625
-1.177
 0.329
 0.815
 1.855
 1.577
 0.820
 0.758
 0.942
 1.069
 0.958
 1.033
 0.392
-0.104
-0.395
 0.485
-0.188
-1.398
-1.063
 0.419
-0.657
-0.975
-1.883
-1.658
-0.231
-0.421
-1.232
-2.128
-1.275
-0.410
-0.841
-0.539
-0.198
-1.477
-0.137
-1.402
-0.896
-0.532
 1.413
 0.789
 1.162
 1.822
 1.067
 0.310
-0.154
-2.084
 1.200
 0.281
 0.077
-0.376
-0.656
 1.130
-1.284
-0.924
-1.199
 0.172
 2.036
 0.373
-0.052
-1.216
-1.488
-1.345
-1.197
 0.413
-0.513
-0.666
-0.533
 0.714
-0.673
-0.698
-0.082
-0.723
-0.035
-0.724
-0.661
-1.073
-1.769
-0.713
-1.640
 1.640
-0.479
-0.926
 0.059
-1.599
-1.524
 0.159
 0.464
-1.132
-1.043
-0.681
-1.317
-0.788
 0.686
-0.500
-0.272
-0.069
 0.194
-1.290
 0.688
-0.326
-0.759
 0.023
 0.486
 0.114
-0.233
-0.208
-1.616
-0.990
-1.332
-0.862
-1.934
-0.906
 0.215
-0.649
-1.123
-1.072
 0.386
-0.550
-0.597
-0.465
-1.165
-1.322
 0.780
 0.331
-0.061
-0.565
-0.491
-0.774
-0.900
-0.961
-0.762
 1.052
-1.304
-0.730
 0.391
-0.295
 1.042
-0.979
 0.269
 0.631
-1.076
 0.358
 1.363
-1.171
-0.430
-0.185
 0.463
-1.641
-0.665
-1.449
 0.708
-0.094
 0.823
-1.608
-0.226
-1.555
-0.838
-1.403
-2.038
-2.745
-2.140
-0.656
-2.326
-1.655
 0.058
-1.821
 0.105
 1.602
 0.000
 0.647
 0.780
 0.057
 1.430
 1.075
-0.035
 1.007
 0.555
 0.093
 0.197
 0.756
-0.747
-0.889
-0.141
 0.104
-0.233
-1.022
-0.254
 0.833
-0.009
 0.168
 1.274
-0.377
-0.560
-0.180
-0.144
-1.072
-2.557
-2.475
-2.123
 1.058
-0.180
 0.720
-0.859
-0.614
 0.972
 0.186
-1.184
-1.169
 0.269
-0.324
-1.057
-0.474
-1.527
 0.147
 0.477
 0.237
-0.236
-1.513
-0.593
-1.943
-0.879
-0.137
-0.823
-1.406
-1.909
-1.310
 1.507
-0.971
-2.120
-0.987
 0.061
-0.600
 0.325
-0.086
-0.130
 0.340
-0.761
 0.159
 0.265
-0.733
-1.781
-0.892
-0.193
-0.776
-0.720
-0.205
 1.163
-1.218
-2.236
-2.301
-1.574
-0.231
-0.866
-1.358
-1.151
-0.107
-0.752
 0.570
-0.641
-0.130
 1.334
 0.377
-0.818
-0.662
-0.571
 0.156
 0.560
-1.101
-0.744
-1.261
-0.455
-1.155
 0.246
-0.367
-0.739
-0.948
-1.747
-1.552
 0.160
 1.711
 2.129
 1.040
-0.241
-0.614
 0.378
-0.073
 0.927
-0.221
 1.039
 0.699
 0.147
 1.016
-0.982
-1.141
-0.588
-1.181
-1.665
-0.502
-0.524
-1.610
-0.663
 0.900
 0.545
 1.563
-0.237
-1.608
 0.544
 0.979
-0.102
-1.787
-1.407
-0.311
-0.073
 0.263
 0.663
 1.390
 0.673
-0.519
 1.264
 1.678
 1.669
 1.270
 1.932
 1.174
-0.356
-0.484
-0.162
 0.249
 0.554
 0.094
 0.473
-0.092
 1.214
 0.699
-0.630
 0.346
 0.739
 1.117
-0.495
 1.484
 2.199
 2.418
 1.794
 2.047
 0.698
-0.846
 0.910
 1.326
-0.730
-0.836
-0.369
 0.059
 0.686
 1.055
 3.015
 0.473
 0.622
 0.863
 1.068
 0.431
-0.782
 0.024
 0.542
-1.312
-1.019
-0.637
-1.379
 0.241
-0.965
-0.723
 0.444
-0.156
 1.279
 0.242
-0.564
-1.231
-0.555
-1.983
-0.743
-0.394
 0.101
 0.220
 0.444
-0.287
-0.064
-0.990
-0.458
-1.924
-1.654
-1.545
-0.820
-0.085
-0.721
-0.607
-0.283
-0.784
-0.483
-1.122
-1.225
 0.153
-1.226
-2.635
-1.052
-0.327
 0.136
-0.932
 0.451
 0.179
-0.357
 0.472
-0.423
-0.181
 0.524
 0.780
-0.611
 0.415
-0.762
-1.282
-1.329
-0.819
-1.255
-0.679
-0.475
-1.537
-0.467
 0.287
-0.884
-1.640
-1.272
-2.218
-1.003
-1.883
-1.333
-0.670
-1.142
-0.602
-1.142
-0.451
-0.871
-0.052
 0.481
-0.566
-1.516
-1.341
-0.001
 0.063
-1.222
-0.240
-0.261
 1.073
 0.954
-0.201
 0.313
 0.102
-0.291
-0.319
-0.793
-0.626
-1.707
-0.040
 1.107
 1.070
 0.653
 0.618
-0.929
-1.734
-1.318
-0.053
 0.487
-0.182
-2.071
-0.336
-0.223
-1.300
-1.749
-0.990
-2.232
-1.214
 0.740
-0.884
-0.792
 0.382
-0.216
-1.032
-1.025
-1.078
-1.461
-1.415
-0.813
-1.177
-2.085
-1.908
-2.314
-2.491
-2.130
-1.146
-0.704
-0.099
-0.849
-0.578
 1.302
-1.002
-0.053
-0.425
 0.486
 0.279
 1.109
-0.867
 2.282
 2.450
 1.072
 0.746
 0.198
-0.180
-0.311
 0.019
-0.076
-1.290
-0.009
-1.335
-0.457
 0.031
-1.162
-1.597
-1.115
-1.061
 0.778
-0.617
-1.234
-1.471
-1.263
 0.401
-0.644
-0.982
-1.074
-0.634
 0.022
-0.475
 1.297
 0.080
-0.217
-0.324
-1.064
-0.012
-0.473
 0.562
-1.565
 0.081
-0.353
 0.620
 1.309
-0.548
 1.207
-0.904
-0.745
 1.561
-1.655
-0.763
-1.898
-2.016
-0.120
-0.105
-0.219
-0.527
-2.138
-2.153
-1.525
-1.636
-0.599
-2.211
-1.143
-0.181
-1.993
-1.234
-1.659
-2.213
-0.015
 0.124
 1.099
-1.984
-0.717
 0.645
-0.292
 0.688
-0.992
-2.968
-0.695
-0.259
-0.881
-0.054
-1.319
-0.813
-1.795
-1.851
-1.673
-1.220
-1.619
-2.038
-1.456
-1.206
 0.282
 0.269
 0.320
-0.421
 0.516
-2.501
-2.188
-0.663
-0.065
 1.360
 1.388
-0.489
-1.168
 0.368
 0.301
-0.578
-0.461
 0.971
 0.951
-0.416
-0.840
-0.083
 0.497
-1.197
-1.603
-0.856
 0.342
-0.339
 0.128
-0.267
-0.052
 0.204
 1.069
 2.350
 1.077
-0.534
-0.812
-0.115
 0.914
 1.254
-0.447
 1.024
 0.212
-0.600
-0.787
-3.361
-0.919
 0.010
 0.408
 0.091
 1.407
 0.340
 0.461
-0.489
-0.684
-0.209
-0.820
-1.012
-2.057
-0.658
-0.591
-0.624
-1.027
 0.709
 1.726
-1.616
-0.153
-0.176
-0.794
-0.177
 0.109
-1.526
 0.088
 0.723
-0.507
 0.282
-1.215
-0.224
-1.877
-1.748
-1.085
-1.348
 0.121
-0.821
-0.026
-2.127
-1.380
-0.869
 0.261
-0.112
 0.813
-0.256
-1.243
-2.020
-0.395
 0.403
-0.586
-0.046
-0.347
-1.528
-0.188
-0.225
-0.722
-0.736
-1.899
-1.727
-2.288
-1.121
-0.903
-0.222
-0.994
 0.384
-0.490
-1.690
-0.304
-1.014
-1.063
-1.754
-1.968
-1.464
-0.220
-1.500
-1.779
-3.256
-1.939
-1.087
-1.396
-1.162
 0.500
-0.142
-0.286
-0.512
-0.139
-1.266
-0.671
-2.050
-2.169
-0.715
-0.796
 1.021
 0.376
 0.256
-0.080
-0.875
-0.934
 0.143
 0.635
 0.543
-0.140
-0.597
-0.801
-0.939
-1.540
-1.162
-0.755
-0.590
-1.251
-0.618
-0.180
-1.289
 0.061
 0.959
-0.825
-1.268
 0.451
 0.244
-1.363
-0.266
-2.318
-2.412
-2.054
-2.117
-2.656
-1.854
-1.768
-1.286
-0.540
 0.343
-0.486
-1.122
-1.623
-1.058
-0.678
-0.494
-0.365
 1.120
 0.881
-1.097
 0.242
 0.070
-0.047
 0.468
-1.042
-1.432
-1.282
-2.049
-0.716
 0.221
 0.327
-1.041
-1.033
-1.236
-0.938
-0.344
-1.783
-0.953
-0.821
-1.731
 0.071
-0.377
-1.823
-2.457
-1.161
-0.668
-0.524
-0.877
-0.029
-0.847
 0.527
 1.033
 0.665
 0.173
 0.630
-0.151
 0.781
-0.221
-0.398
-1.570
-1.994
-1.246
 0.094
-0.741
-2.580
-1.587
-0.426
-1.707
-1.176
-0.805
 0.796
 0.755
 0.322
-1.312
-1.168
-1.189
-0.165
 0.182
-0.748
-1.050
-1.201
-2.626
-0.999
-0.143
-1.759
-0.401
-1.313
 0.219
-0.214
-0.888
-2.013
-0.442
-0.789
-1.463
-0.700
-0.457
 0.456
-1.832
-3.947
-3.116
-2.008
-1.542
-1.850
-1.790
-1.821
-0.971
-0.308
-1.119
-1.598
-1.746
-0.818
-1.804
-2.641
-1.725
-1.723
-1.838
-1.807
-2.262
-1.456
-0.299
-0.116
-0.847
-1.869
-0.947
-0.872
-1.207
-2.025
-2.578
-3.709
-1.836
-1.024
-2.055
-0.416
-0.101
-1.222
-0.564
-1.183
-0.148
 0.462
-0.953
-1.292
-1.476
-0.815
 0.628
-0.644
-0.898
-0.511
-0.582
-0.865
-1.692
-0.106
 0.089
-2.880
-3.290
-1.455
-1.372
-0.473
-1.241
-3.040
-1.952
-1.615
-1.469
-1.996
-0.035
-1.612
-1.515
-0.938
-1.659
-2.240
-2.895
-0.421
-1.822
-0.663
 0.061
-0.696
-0.572
-0.882
-1.160
 0.900
-1.320
-0.239
-1.075
-1.215
-0.504
 0.462
-0.550
-0.605
-0.207
-1.597
-1.812
-0.959
-1.441
-1.028
-1.373
-3.278
-1.350
-1.167
-1.477
-1.618
-0.914
-0.949
-1.258
-0.771
-1.413
-1.911
-2.296
-0.955
-0.066
-1.078
-1.590
-1.480
 0.480
 0.527
-1.059
-0.750
 1.324
 0.588
-0.178
 0.126
-0.163
 1.765
 1.516
-0.156
-0.469
-0.030
 0.154
-0.043
-0.109
 0.532
-0.342
-0.649
-0.669
 0.426
 0.399
-0.055
-0.172
-0.814
-0.527
-0.588
-0.473
 0.577
-0.653
 0.589
-0.422
-0.769
-0.453
-1.251
-0.525
-0.996
-0.195
-0.842
 0.313
 0.863
-0.026
 0.356
-0.074
-0.197
 0.315
 0.059
-0.119
 0.889
 0.773
-1.726
-0.840
-0.580
-1.559
 0.208
-0.279
 0.094
-0.041
-0.634
-0.963
-1.519
-1.616
-2.279
-1.871
-1.233
-2.316
-0.514
-1.465
-1.060
-1.355
-2.495
-2.137
-0.459
-2.649
-0.005
 0.149
-0.657
-1.049
-1.893
-2.618
-1.204
-0.144
 0.073
 0.030
-0.760
-0.073
-0.651
-0.097
 0.380
-2.216
-1.353
-1.099
 0.131
-0.544
-1.359
-0.052
 0.688
 0.225
-0.202
-0.094
 0.649
 0.606
-0.137
-1.056
-1.784
-0.529
-0.330
-0.284
 0.021
 0.123
-0.905
 0.418
 1.156
 0.139
 0.025
 0.259
-0.359
 0.489
 0.597
 0.708
-1.004
-1.721
-0.069
 0.048
 0.299
 1.579
 0.469
 1.390
-0.227
-0.077
 1.539
 0.093
-1.916
-0.646
 0.527
 1.167
-0.274
-0.838
-0.195
 0.045
-0.460
 0.220
-0.233
-1.281
-1.038
-0.716
-0.016
 0.429
 0.655
 0.002
 0.980
-0.079
 0.841
 1.320
 0.795
 1.589
 1.055
 0.509
 1.724
 0.105
 1.345
 1.328
 1.166
 1.938
 1.367
 1.012
 0.649
-0.039
 0.708
 0.318
-0.314
 0.071
-1.079
-0.929
-0.281
-0.856
-1.134
 1.021
 1.752
 2.218
 1.643
 0.415
-0.180
-1.043
-0.864
 0.670
 0.701
 1.643
 0.154
-0.354
-0.086
 0.992
 1.068
 0.244
 0.494
 0.339
-0.205
-1.154
-0.105
-0.800
-1.338
-0.181
 0.422
 1.066
 2.259
-0.323
 0.276
 0.254
-0.301
 1.023
-0.891
 0.682
-0.112
 0.514
-0.771
-0.032
-0.667
 0.608
 0.333
 0.281
 0.448
 0.243
 0.964
 0.903
-0.386
 0.602
-1.382
-1.681
-2.228
-0.912
 0.147
-0.416
-0.900
-0.576
-1.238
 0.258
 0.018
 0.684
-0.039
-0.369
-1.026
-1.011
-0.947
-0.247
-0.449
-1.640
-1.544
-1.642
-0.084
 0.374
 0.936
 0.945
 1.831
 3.266
 1.307
 0.724
 0.797
 1.887
 0.613
-0.173
-0.303
 0.638
 0.917
-0.803
 1.414
-1.418
 0.985
 1.052
-1.293
-1.756
-1.156
-0.059
 0.337
 0.067
-0.520
 0.503
 0.549
-0.455
 0.779
-0.396
 1.724
-1.129
 0.484
-0.198
 1.287
 1.287
 0.706
 0.774
 0.269
 0.113
 0.973
 1.586
 0.525
-1.067
 0.585
-0.686
 0.113
 0.325
 1.026
-0.604
-0.635
-0.308
-1.280
-0.433
-1.408
-1.414
 0.028
-1.872
-1.578
 0.514
 0.539
-0.481
-0.585
-0.655
-1.939
-1.640
-0.842
-0.777
 0.883
-0.286
 0.359
 0.350
 0.819
-0.775
-0.460
 0.167
 1.047
-0.206
-0.351
 0.485
 0.816
 0.048
 1.018
-0.171
 0.936
-0.235
 0.544
-1.467
-1.726
-1.648
-0.520
-1.229
-0.454
 0.857
 0.874
 1.751
 1.205
-1.034
 0.089
 0.907
 1.414
 1.243
-0.121
-1.062
 0.021
 0.475
 0.716
 1.947
 1.417
 1.101
 1.072
 1.813
 0.599
-0.954
-0.841
-0.175
 0.280
 1.244
 1.209
 0.300
 0.806
 0.384
 0.028
 0.489
 0.115
-0.817
-1.367
 0.154
 0.064
-1.051
-0.020
-0.423
 0.780
-0.383
-0.863
-0.098
-0.091
-0.216
-0.215
 1.332
 0.265
 0.293
 2.526
 0.484
 0.749
 1.845
 0.996
 0.509
-0.141
 0.033
 0.314
-1.989
-0.548
 0.156
-0.171
 0.194
-1.681
-0.639
-1.282
-1.474
-0.062
 0.508
 0.321
 0.318
 0.223
-0.070
-0.581
-0.010
 0.475
-0.403
-0.227
 0.051
-0.063
-1.098
-0.180
 0.661
 0.128
-0.635
-0.128
 0.945
 1.754
 0.218
-0.275
-0.009
 0.828
-0.623
-0.095
-0.761
 0.120
-0.832
-1.848
-0.923
-0.242
-2.233
-0.951
-0.532
 0.163
-0.385
 1.025
-0.015
-0.182
 0.509
 0.716
 0.834
 0.119
 0.584
 1.485
-0.661
 0.300
 0.685
-0.613
 0.104
 0.689
-0.090
 0.321
-0.975
-0.818
-0.760
 0.070
-0.308
 0.024
-0.743
-0.374
 0.278
-0.759
-0.043
 0.372
-0.076
-1.693
-1.065
-0.446
-0.033
-0.481
-0.234
-0.255
 1.266
 0.089
 0.731
-1.032
-1.073
-0.608
-0.178
-0.571
 0.451
 0.089
 0.926
 0.488
-0.299
 0.665
 0.287
 0.791
-0.418
 0.499
 0.070
 0.184
-0.088
-0.561
 0.564
-1.348
-1.409
-1.574
-0.677
-0.947
-0.953
-0.521
-0.955
-1.443
-1.026
-1.157
-0.429
 0.775
-0.391
 1.289
 0.391
-0.148
-0.832
 2.297
 1.914
 2.465
 2.070
 1.025
-0.552
 1.837
-0.555
 0.601
-2.434
-0.016
 0.594
 0.153
-0.341
-0.277
 1.212
 0.608
-0.343
 0.572
 0.175
-0.464
-1.646
-0.576
 0.243
-0.952
-0.660
-1.013
-0.112
-0.255
-0.316
-1.426
-1.808
-1.011
-0.340
 0.289
-1.660
-0.557
-1.584
 0.885
 1.706
-0.954
-0.784
-0.804
 0.524
-1.268
-0.137
-0.128
-2.227
-2.182
-1.896
-1.305
-0.928
-0.692
-0.221
-0.935
-1.542
-0.659
-1.377
-1.445
-0.413
 0.218
-2.897
-0.215
 0.279
-0.906
 0.739
 0.236
 0.145
-0.368
 0.895
 0.446
 0.354
-0.350
-0.442
-0.665
-1.518
-0.821
-0.585
-0.580
-1.310
-2.387
-1.684
 0.545
 0.028
 0.298
-0.277
 0.253
 0.658
-1.979
-1.008
 0.159
-1.010
 0.255
-0.537
-0.671
-0.468
-0.439
 0.529
-0.097
-0.688
-0.922
-0.693
-0.310
 0.512
-0.340
-0.373
-1.185
 0.162
-0.227
 0.439
 1.409
 0.782
-1.808
-0.710
-0.978
-0.140
 0.119
 1.209
 0.741
 0.893
-0.275
-1.135
 0.385
 1.176
 0.233
-0.633
-0.667
 0.221
-0.437
-0.919
-1.192
-0.183
 1.142
-0.387
-0.587
-0.608
 0.133
-1.090
-1.658
-1.791
-0.546
 0.371
-0.493
 1.029
-0.220
-0.255
-0.824
-1.467
-0.503
-1.294
-0.123
-1.023
-1.351
 0.337
 0.400
 1.751
-0.344
-0.031
-0.895
-0.351
-1.039
-0.616
-1.627
-1.263
 0.773
 1.718
 0.423
 1.327
-0.747
-1.478
-2.108
-2.045
-0.708
 1.015
 0.923
 0.488
 1.154
 0.545
 0.680
 1.047
-0.239
-0.980
-1.656
 0.617
 0.106
 0.035
 0.160
-0.496
-0.856
 0.877
-0.560
-1.147
-0.171
 0.331
 1.689
-0.921
-0.334
-0.522
-0.434
 0.896
 0.495
 1.491
 1.431
 0.641
-1.094
-0.706
 0.384
 0.128
-0.784
-0.495
-1.026
-0.503
 0.527
-0.312
-0.998
-0.301
-1.037
 0.281
 0.118
-0.167
-1.905
-0.520
-0.591
 0.305
-0.075
 0.228
 1.006
-0.061
 0.345
-0.356
-0.300
 0.122
 0.684
 1.528
 0.141
 0.610
-0.251
 0.637
-0.138
 0.592
 0.334
 1.430
 2.552
 1.362
-0.720
 1.223
 0.380
-1.320
 0.464
-0.344
 0.540
-0.130
 0.291
-0.224
-0.143
-1.248
-0.501
-1.290
 0.241
-0.671
-1.395
-1.268
-1.145
-0.263
-1.207
 1.155
 0.603
 0.171
 0.106
 0.840
-0.199
 0.299
-0.056
 0.161
 0.797
 0.516
 0.492
-0.922
 0.632
-0.564
 0.623
-0.987
-1.053
 1.288
 0.842
 0.370
 0.755
-1.514
 0.602
 1.452
 1.343
 0.192
-0.323
 0.333
 0.468
 0.398
-0.897
-1.267
-0.874
-0.494
 1.043
 1.732
-0.409
-1.387
 0.091
-1.015
-0.766
 0.129
 0.109
 0.209
 0.373
 1.366
 0.402
-1.222
-1.453
 1.265
-1.014
-0.828
-1.409
 0.508
 0.553
-1.071
 0.940
 0.049
-0.073
 1.504
 1.250
-0.822
-1.055
-0.309
-1.766
 0.285
-0.909
-0.689
-1.748
-0.555
-1.604
-0.044
-0.740
 0.047
 0.446
-0.016
 1.032
-0.965
 0.705
-0.117
-1.039
-0.203
 1.369
 1.337
 1.395
 0.167
 1.578
 1.508
 0.431
 0.256
 0.065
 1.073
 1.118
 1.181
 1.982
 2.343
 3.246
 0.749
 1.844
 1.584
 0.577
-0.357
 0.319
 0.609
-0.098
-0.399
-0.962
 0.022
 0.410
-0.951
 0.936
 1.647
 0.935
-1.618
-0.184
-1.674
 0.388
-0.677
 0.317
-0.770
 0.249
-0.050
-0.353
-0.698
-0.748
-2.077
-2.144
-2.236
-1.198
-2.217
-0.858
 0.078
-0.259
 0.077
 0.816
 0.315
 0.623
 1.363
 0.184
 0.261
-0.697
-0.178
 0.184
-1.787
-0.258
 0.826
 0.321
-1.667
-1.717
-0.996
-0.706
 0.968
-0.590
 0.691
 0.487
 0.564
 0.150
 0.780
-1.116
-0.871
-0.881
-0.286
-0.545
-1.299
-1.275
-1.818
-1.245
-1.931
-0.069
-2.036
-0.425
 1.344
 1.874
 0.525
 0.990
 0.036
-0.081
-0.083
 1.253
 1.336
 0.275
 0.405
-0.554
-0.369
-0.793
 0.065
-1.554
-1.794
-1.317
-1.674
-0.332
-0.769
-0.027
 0.878
-1.251
-0.506
-0.744
 0.762
-0.551
-0.225
-1.380
-0.911
-0.535
-0.540
 0.545
-0.593
-0.811
 0.682
 0.313
 0.422
-0.448
-2.004
 0.893
 0.090
 0.318
-0.960
-0.750
 0.379
-1.120
 0.566
-1.226
-1.432
-1.480
-1.504
-0.930
-0.698
-0.220
 0.430
-1.146
 0.573
 0.468
 0.947
-0.247
-1.078
 0.158
-0.514
-0.492
-0.149
-1.368
-1.942
-1.640
-1.407
-0.588
-1.602
-0.926
-1.649
-1.039
-0.556
-1.834
-1.647
-1.005
-0.443
-1.071
-0.686
-1.383
-1.742
-1.273
-2.209
-1.249
-0.490
 0.326
-0.282
 0.965
-0.495
-0.966
-0.898
-0.643
-0.468
-0.276
-0.204
-1.252
-0.104
 0.476
-1.255
-1.651
-0.491
 0.248
 0.468
-0.639
-0.792
-0.142
-0.080
-0.863
-0.797
-0.751
-0.234
-1.066
-2.145
-1.515
-0.724
-0.179
 0.077
 0.042
-1.450
-0.555
 0.728
-1.062
-1.655
-0.103
-1.524
 0.744
 0.217
-0.535
 0.892
 1.315
-1.189
-0.686
 0.020
 0.452
-0.975
-0.893
 0.452
-0.692
-0.610
 0.069
 0.495
-0.714
 0.858
 0.573
-0.211
-0.132
-0.109
 0.221
-0.739
-1.177
-1.144
-0.614
 0.024
 0.033
-0.136
-0.450
 1.388
 0.501
 0.599
 0.461
 0.903
 0.368
 0.695
 0.449
 0.223
-0.418
 0.244
-1.390
-0.451
-0.320
 0.913
-1.052
-1.159
 0.414
 1.077
 1.028
 0.011
-0.529
 1.114
-0.355
 0.047
-0.346
-1.886
-1.681
-1.117
-1.337
-1.837
-0.483
-2.107
-1.034
-1.697
-0.414
-0.785
-1.967
-0.393
-1.571
-1.755
-1.471
-2.092
-0.834
-0.748
 0.261
-1.369
-0.944
-0.526
-1.493
-1.835
 0.189
 1.112
-0.807
-2.228
-2.495
-1.844
-3.179
-1.820
-0.927
-2.231
-1.167
-0.892
-1.450
-2.686
-1.860
-0.470
-2.322
-0.672
-0.947
 0.120
-0.397
-1.021
-0.588
-1.501
-1.059
-1.385
-0.461
-1.139
-0.208
-0.714
-1.961
-0.759
-1.484
-0.596
-1.557
-1.338
-1.537
-0.255
-0.091
-0.859
 0.443
 1.270
 0.991
-0.105
 0.848
-0.821
 0.098
 1.281
 0.186
 0.072
-0.423
-0.395
 0.153
-0.737
-0.221
-0.380
-0.381
-2.942
-0.560
-0.581
 0.061
-2.669
-1.966
-0.342
-0.770
-0.562
-1.783
-2.395
-1.119
-1.036
 0.850
-0.405
-0.125
-1.921
-0.827
-0.360
-1.200
 0.637
 0.271
-0.855
-0.439
-0.465
 0.419
 0.684
 0.275
 0.820
-0.971
-0.488
-1.259
 0.368
-0.824
-1.097
 0.306
-0.327
-0.237
-0.649
-0.457
-0.808
 0.498
-0.872
-0.489
 1.152
 0.668
 0.461
-0.514
 0.138
 0.330
-0.236
-0.277
 0.056
 1.296
 1.869
 1.266
 0.744
-1.669
-0.365
 1.223
-0.618
-0.365
-1.375
 0.877
 1.144
 0.944
 0.430
 1.467
 1.337
 0.792
 1.375
 1.187
 1.283
-0.255
-1.674
 0.055
 0.505
-0.626
-2.052
-2.404
-0.638
 0.044
-1.644
-1.259
-0.430
 0.509
 0.674
-0.580
-0.420
-0.888
-0.400
 0.745
-1.632
-1.733
 1.244
 0.082
 0.078
-0.482
 0.122
-0.316
-0.476
 0.714
-0.110
 0.132
 0.348
 0.397
-0.881
-1.002
-0.797
 0.714
 0.145
 0.133
 0.127
 0.436
-0.927
 0.262
-0.490
-1.196
-0.679
-0.672
 0.325
 0.378
 1.276
 0.915
 1.585
 0.881
-0.387
 0.078
-0.360
 0.708
-0.122
 1.301
-0.182
-0.548
 0.515
 0.803
-0.209
 0.268
-0.383
-0.156
-0.557
 0.005
-0.237
-0.447
 0.194
-0.748
-1.494
-0.830
 0.314
-1.540
-1.563
-0.285
-1.335
 2.114
 1.937
 0.119
-1.139
-2.298
-0.341
-2.259
-2.141
-0.185
 0.138
 0.570
 0.715
 0.357
-1.018
-0.973
 0.643
 0.747
 1.191
-0.085
-0.618
 0.516
 0.462
 2.798
 0.985
 2.782
 2.295
 2.064
 0.395
 0.023
 0.051
-0.598
-0.454
 1.521
-0.400
 1.244
 1.967
 0.951
 0.058
 0.983
 1.029
 0.775
 1.526
 1.022
 1.223
 0.139
 0.730
 0.581
 0.765
-0.647
-0.796
-0.976
-0.542
 0.390
 0.316
-0.080
 0.022
 0.363
 0.796
 1.385
 1.259
-0.535
-0.013
 0.457
 0.570
 2.381
 1.058
-0.378
 0.343
-1.216
-1.396
-1.232
-1.528
-2.506
-0.011
-1.315
-1.829
-0.665
 0.434
-0.135
 0.353
 0.635
-1.291
-0.640
-0.893
-0.570
-1.593
 0.004
-1.946
-0.682
-1.050
-0.459
-1.273
-1.233
-1.014
 0.256
-0.919
-0.120
-1.041
-0.491
-0.448
-0.947
 0.597
-1.362
-0.119
 0.169
-0.644
-1.135
-0.420
-1.752
-1.211
-1.828
-2.617
-0.953
-2.288
-2.499
-1.453
-1.676
-2.686
 0.456
-0.854
 0.466
-1.135
-0.932
-1.485
-1.293
-0.855
-1.786
 0.095
-2.048
-1.528
-0.313
-0.625
-0.252
-0.354
-0.984
-2.514
-1.911
-1.465
-1.817
-0.128
-1.334
-0.576
-0.379
 0.139
-0.760
-1.409
 0.192
 0.309
 0.804
 0.349
-0.538
-0.405
-0.375
-0.208
 0.983
-0.523
-0.868
-0.896
-0.886
 0.107
 0.335
 0.401
 1.584
 0.043
-0.403
-0.066
-0.707
-0.919
-0.720
-0.448
-0.111
 0.792
 0.356
 1.168
 0.446
 0.574
 0.105
 0.106
 0.938
-0.709
-0.024
 1.557
 0.442
 0.208
-0.557
 1.725
 0.592
 0.625
-0.405
 1.049
 0.496
-0.527
 0.370
 1.357
-0.144
-0.735
 1.724
 0.692
 2.740
 0.792
-0.443
-0.171
-0.343
-0.418
-0.539
-0.081
-0.471
 0.229
-1.010
 0.689
 0.132
-1.504
-1.074
 1.119
 1.147
 1.550
-0.049
-0.351
 1.473
 1.572
 0.563
-1.079
 0.908
-1.286
 0.217
 0.325
 1.302
-0.190
 0.725
 0.630
 1.289
 0.706
 2.164
 1.886
 2.769
 1.000
 2.481
-0.227
 0.148
 0.216
 0.898
 0.234
 0.116
 1.496
 0.985
 0.412
 0.581
 0.147
-0.159
-0.925
 0.099
 1.751
 1.457
 1.957
-0.374
 0.865
 1.474
-0.612
-0.763
 0.324
 1.222
 1.556
 0.514
 1.048
 0.336
 0.663
-0.249
 0.844
 0.632
 0.637
-0.585
-0.316
 1.537
 0.838
-0.291
-0.829
 0.651
-0.463
-0.430
 0.353
-0.055
 0.597
-0.158
 1.667
 0.913
 1.624
 2.338
 0.788
 0.179
-0.455
-0.718
-0.734
 0.480
-0.436
-0.813
-0.801
-0.208
 0.297
-0.400
-1.513
-0.031
 0.705
 1.183
 0.439
-0.761
 0.189
-0.484
 0.954
 1.197
 0.985
 1.268
 0.300
 1.821
 1.467
-0.191
 0.328
 0.110
 1.127
 1.110
 0.936
 0.500
 1.523
 1.334
 0.664
 1.777
 0.614
-1.776
 0.862
 0.120
 0.066
 0.471
-0.909
-0.339
-0.563
-0.404
-1.824
-1.181
-1.789
-0.580
-1.401
-0.503
 0.079
 0.435
 1.070
 0.325
 0.797
 0.549
 1.389
 0.521
 0.509
-0.520
-0.733
-0.259
 0.715
 0.891
 0.438
-0.917
 0.065
-0.226
 0.196
 1.484
 1.129
 0.288
 0.333
-0.081
 0.770
 0.288
 1.284
-0.249
-1.244
-0.044
-1.154
-0.669
-1.111
-0.075
-0.203
-0.237
 0.432
 0.475
 1.033
 1.579
 0.105
 1.421
 1.085
 0.393
-0.294
-0.119
 0.792
-0.862
-1.334
-1.366
-0.762
 2.291
 1.319
-0.016
 0.730
 0.193
-0.396
-1.325
-2.564
 0.162
 0.368
-1.667
-1.502
-0.721
-0.289
-0.896
 1.332
 0.010
-0.123
 1.189
 0.931
-0.946
-0.621
 0.667
 0.198
-0.516
-0.685
-0.011
-1.028
-1.619
-0.691
-0.515
-0.644
-0.942
 2.243
 0.117
-0.342
-0.088
 0.014
 1.118
 0.797
 0.074
-0.352
 1.432
 1.530
 0.211
 1.197
 0.001
-0.075
 0.277
-0.266
 0.088
-0.585
 0.262
-0.119
-0.281
 0.509
-0.964
 0.095
-0.725
 0.452
-0.226
 0.287
-0.040
 0.224
 1.438
 1.593
 0.324
-0.404
 2.773
 0.155
-0.766
-0.019
-0.428
 0.088
-0.615
-2.395
 0.560
-0.780
-1.076
 0.793
 0.038
-0.130
-0.455
 0.187
 1.056
 1.863
 1.329
 0.151
 0.932
-1.400
-0.389
-1.757
-1.052
-0.702
-1.027
-1.138
-0.500
-2.037
 0.864
 0.514
-1.367
-0.063
-0.911
-1.101
 0.707
-0.071
-0.305
-1.582
-0.434
-1.113
 0.325
 0.385
-0.615
 0.834
-0.988
-0.611
-0.598
 0.129
 0.423
 0.022
 1.062
 1.184
 1.241
 0.251
 0.226
-1.763
-1.478
-2.000
-0.778
-2.208
-1.034
-0.902
-0.923
-0.545
-0.160
 0.023
 0.643
-0.848
 0.615
-1.336
 0.142
 0.296
 0.922
 1.014
 0.935
 0.375
 0.857
 0.525
 0.366
 0.961
 0.766
 0.043
 0.377
-0.232
 0.017
-0.531
-0.505
 0.944
 0.073
-0.213
-0.311
-0.583
 0.021
 0.505
-0.935
-0.879
-0.397
 0.738
-0.586
-1.962
-0.613
 0.663
-0.694
-1.090
-0.547
-0.128
-0.188
-1.891
-0.429
 1.355
-0.332
-0.920
-0.665
-0.208
 0.694
 0.109
-0.205
-1.153
-1.304
-1.009
-0.301
-0.575
 0.206
-1.024
-0.127
 1.622
 0.613
-0.370
-0.472
-0.046
-0.442
-1.233
-0.766
-1.672
-1.708
-0.977
-0.947
-0.522
-0.434
-1.207
-1.031
-2.399
-1.284
-1.306
-2.827
-0.587
-2.182
-1.935
-2.386
-0.938
-0.215
-2.322
-0.575
-1.702
-2.211
-2.616
-0.507
 0.385
-0.066
-1.293
-1.141
-0.607
-1.041
-0.742
-0.600
-0.742
-1.935
-1.941
-0.642
-0.707
-1.262
-1.748
-2.068
-1.820
-1.727
-0.532
-1.574
-2.425
-2.027
-1.954
 0.033
-0.579
-0.993
-1.164
-0.813
-0.453
-1.294
-1.384
-1.290
-0.185
-0.640
 1.119
-0.427
-1.702
-1.168
-1.456
 0.003
-1.445
-1.063
 0.203
-0.621
 0.168
 0.003
-0.818
-1.199
-1.475
 0.382
 0.213
-0.639
 0.142
-0.322
-0.579
-0.063
-0.014
-0.549
-1.285
-2.359
-1.700
-2.115
-1.256
-1.965
-0.672
-0.661
-1.073
-0.803
 0.476
-1.463
-2.496
-2.013
-0.353
-1.096
 0.629
-0.210
-0.094
 0.252
 0.054
-0.842
 0.639
 1.427
-1.221
-1.768
 0.801
-0.638
 0.610
-0.525
 0.752
-0.373
-1.011
-0.967
-2.107
-0.109
 0.750
 0.301
-0.527
-0.014
-1.098
-1.904
-2.410
-1.238
-0.696
-0.084
-1.052
 0.899
-0.835
-0.763
 0.288
 0.360
-0.631
-0.449
-1.270
-0.658
-1.209
-1.913
-1.514
-1.203
-1.229
-2.429
-1.390
-0.987
-0.536
-0.313
-0.212
-1.135
-1.434
-1.859
-1.554
-1.351
-0.504
-0.179
-1.471
-1.935
-1.805
-0.395
-1.777
-1.957
-0.141
 0.931
-0.252
-0.770
-0.384
-0.665
-1.282
-1.450
-0.578
-1.484
-1.144
-1.932
-2.455
-0.046
-0.956
-0.416
-1.604
-1.074
-0.846
-0.865
-1.323
-1.434
-1.520
-0.293
-1.308
-0.246
-0.955
 0.094
 0.026
-0.692
 0.230
 0.805
-0.791
 0.162
 0.002
-0.620
-2.445
-0.959
-1.569
-1.355
-0.173
-1.275
-0.456
-1.470
-0.503
-0.016
 0.048
 0.377
-0.550
-0.898
 0.692
 1.576
 1.348
 0.241
 1.249
-0.708
-0.775
-0.738
 0.173
-0.681
-0.865
-1.237
 0.667
-0.469
-0.279
-0.456
-0.937
-1.129
-0.875
 1.110
 0.130
 1.340
-1.412
-1.016
-0.100
-0.282
-1.924
-0.232
-0.499
 1.152
-0.562
-0.926
-0.795
-0.060
-0.642
-1.326
-1.645
-1.288
-0.631
-1.618
-1.212
-0.374
-1.150
 1.110
 0.996
 0.404
 0.230
-0.128
-0.182
-0.543
-0.481
-2.101
-0.512
-0.222
-0.264
-0.370
-0.454
-0.353
 0.296
-1.147
 0.243
 0.365
-0.029
 0.069
-1.169
-0.887
-0.487
-0.056
-1.974
-2.219
-1.573
-1.204
-0.526
-1.402
-1.055
-0.864
-0.269
-1.481
 0.184
-2.021
-2.633
-1.204
-0.908
-1.309
-0.781
 0.262
-2.112
-1.371
-0.707
 1.087
-0.855
 1.052
 0.812
-0.464
-1.203
 0.019
 0.179
-0.573
 1.533
 2.313
-0.573
 0.140
-0.118
 0.075
-0.503
 1.275
 0.701
 1.016
 1.787
 1.097
 0.965
 1.544
-0.635
 0.092
-0.046
 0.210
-0.171
-0.102
-1.002
-0.437
-2.851
-0.269
 0.531
-0.621
 0.049
-0.801
-0.289
-1.965
-0.169
-0.003
 0.771
 0.880
-0.407
 0.672
-1.338
-0.069
-0.908
-0.478
 1.041
 0.295
-1.089
-1.601
 0.028
-0.178
-0.590
 0.685
 0.938
-1.717
-0.615
-0.840
-0.742
 0.812
-0.616
-0.412
-0.706
 1.088
-0.484
-1.097
-0.334
 0.712
 0.359
 1.318
 0.796
-0.447
 1.082
-0.062
 0.436
 0.176
-0.148
-0.877
 0.018
 1.094
-0.957
 1.234
 0.180
-0.214
-0.555
-1.665
-0.817
 0.613
-0.446
 0.131
-0.430
 0.909
 1.634
 1.099
 1.045
-0.131
-0.619
 0.044
 0.438
-0.797
 0.255
-0.650
-1.094
 0.663
 1.006
 0.794
 1.609
-0.319
 0.007
-0.657
-1.272
-2.195
-1.302
-1.717
-0.411
-0.482
-2.270
-1.224
-0.526
-1.217
-2.559
-0.464
-0.859
-0.547
-1.578
 0.294
 0.225
-0.986
-1.399
-0.473
-0.254
 0.191
-1.690
 0.403
-0.047
 0.603
 0.589
 2.065
-0.739
 0.962
 0.179
-1.862
-2.476
-0.529
-0.697
 0.629
 0.387
-2.264
-1.190
 0.373
 0.172
-0.121
-0.414
 0.140
 0.900
 0.418
 1.129
 1.468
 0.940
 0.947
 0.596
-1.104
-0.618
 0.059
 1.240
 1.070
-0.328
-0.296
 0.222
-0.139
-0.362
-0.621
-0.505
 0.211
 0.487
-0.632
 0.658
 0.441
 1.016
-1.028
 0.636
 0.020
-0.389
-1.306
-0.217
 1.103
 0.103
 0.246
 0.602
 1.808
 0.320
 0.907
 0.128
-1.486
-0.092
-1.796
-0.499
 0.015
-0.182
 0.042
-0.722
-1.041
 0.629
 0.062
 0.540
 0.421
-0.229
-0.453
-1.878
-1.227
-0.900
-0.937
-0.700
 1.022
-0.239
-1.238
 0.059
-0.410
-1.609
-0.149
-0.614
-0.427
-0.373
 0.071
-0.213
-1.144
-1.378
-0.240
-0.917
-0.783
-1.913
-0.264
-1.158
-1.740
-0.263
-1.664
 0.994
-0.399
 1.580
 1.452
-0.298
-0.346
 1.141
 1.734
 1.762
 0.070
 1.065
 0.053
 1.288
 0.215
-0.052
 1.734
-0.152
 0.424
 1.570
 1.413
 0.469
-0.572
-0.013
 0.301
-0.145
 0.540
-0.154
-0.226
 0.372
-0.116
-0.801
-1.866
-0.666
-0.242
-0.174
-0.200
 0.489
-0.428
-0.985
-1.585
-1.280
-0.787
-0.072
-1.018
-0.616
 0.948
-1.114
-0.122
 0.174
-1.904
-1.027
-2.369
-2.123
-1.342
-0.779
-1.117
-0.227
-1.496
-0.436
-2.028
-1.869
-2.079
-2.023
-1.855
-0.851
-0.117
-1.813
-1.250
-1.454
-1.731
-1.640
-0.430
-0.630
-1.440
-1.992
-0.682
-1.062
 0.212
 0.249
 0.493
-0.007
-1.427
-0.901
 0.044
-1.361
-1.346
-1.814
-1.174
-0.921
-0.990
-3.132
-1.935
-2.025
 0.173
 0.057
 1.633
 0.335
 0.558
 0.458
 1.030
 0.964
 0.082
-0.780
-0.107
 0.256
 0.182
 0.965
-0.311
-0.533
-0.288
-1.833
-2.007
-2.133
-1.216
-1.850
-1.100
 0.538
-1.129
-0.513
-0.664
 0.858
-0.754
-0.715
 0.445
-0.970
-0.240
-0.241
-0.050
-0.597
 0.982
 0.455
-1.071
-1.798
-0.329
-0.822
-1.335
-0.425
-1.645
-2.097
-0.155
 0.291
-0.726
-0.831
 0.007
-0.643
-1.376
-1.196
-0.930
-0.159
-0.336
 0.008
-0.463
-0.101
-0.776
-0.905
-0.632
-1.845
-0.808
-2.093
-0.541
-0.002
 0.133
 0.652
-0.157
-1.055
-0.822
-0.317
 0.037
-0.970
-0.988
 0.169
-0.884
-0.515
-0.601
-0.920
 0.005
-0.149
 0.020
-0.880
-1.245
-0.070
 0.139
-0.803
-1.111
 0.157
 0.546
 2.059
-0.898
 1.265
 0.518
 1.682
 1.646
-0.389
-0.143
-0.781
 0.364
 0.460
 2.048
-0.569
 0.411
 1.755
 0.448
-0.124
-0.036
 0.367
-0.587
 0.030
-0.860
-1.805
-1.743
-0.982
-1.905
-1.824
-1.717
-1.351
-0.381
-0.602
-0.321
-0.597
-1.367
-0.740
-1.970
-2.357
-1.197
-0.926
-0.341
-0.241
-0.128
-1.661
-0.893
-0.222
-0.678
-0.923
-0.902
-1.360
-1.396
-1.332
-0.815
-0.698
-0.222
-0.217
-1.423
-1.942
-1.324
-1.523
-0.462
 0.604
 0.354
 0.804
-0.986
 0.380
-1.445
-2.173
-1.084
 0.000
-3.176
-1.401
-1.810
-2.123
-0.720
-2.385
-1.211
-1.785
-0.632
-0.175
-0.926
-1.942
-2.286
-1.731
-2.097
-0.556
 0.987
-0.558
 0.153
-0.329
-0.062
-0.939
-1.057
 0.267
 0.522
-1.557
-0.051
 0.477
-3.227
-2.791
-1.717
-0.449
-1.835
-1.128
-1.267
-3.264
-1.052
-2.142
-1.124
-2.155
 0.665
-1.656
-1.909
-1.797
-0.703
 0.737
-0.182
-0.618
-0.964
-2.009
 0.937
 0.310
-1.138
-0.579
 0.675
-1.503
-0.940
 0.269
-0.206
-0.412
-2.088
 0.550
-2.330
-2.671
-1.013
-2.300
-1.535
-0.636
-0.746
-1.097
-0.236
-0.583
-0.850
-0.100
-0.325
-0.737
-0.067
-0.920
-0.343
-0.641
-0.113
-0.156
 0.488
-0.834
-0.421
 0.522
 0.832
 0.178
 1.054
-0.414
-0.545
-0.625
 0.353
-0.580
 0.906
-0.044
-2.448
-0.357
-0.841
-0.347
-0.162
 0.201
-1.345
-0.072
 0.889
-0.213
-0.427
-0.458
-0.204
 0.366
-1.253
-1.574
-0.958
-1.676
-1.609
-0.735
-0.822
 0.527
-0.520
-1.122
-0.670
-0.660
-0.983
-0.919
-1.146
-1.712
-1.032
-0.167
-0.698
-1.627
-0.429
-0.267
-0.955
 0.076
 1.219
 0.749
-0.480
 0.115
-0.075
-0.981
-0.991
-0.521
 0.112
 0.232
-0.011
 0.289
-0.447
 0.892
-0.044
 0.888
 0.831
 0.221
 0.656
 0.676
 0.121
-0.674
-0.551
-0.351
-0.468
-0.735
 0.536
-0.673
 0.845
-1.754
 0.331
 0.226
-0.214
-0.227
 0.355
-0.558
-0.807
 0.314
 0.382
 1.080
-1.280
 1.009
-0.059
 0.895
 0.539
 0.259
 1.014
 0.693
 0.515
 0.095
 0.390
 0.721
-0.774
 0.144
 0.781
 0.506
 0.988
-0.723
 0.319
 1.275
-0.072
-1.223
-1.390
 0.768
 0.070
 0.058
-0.710
-1.381
-1.784
-1.318
-0.644
-0.148
-0.408
 0.230
-1.827
-1.125
-1.134
-0.234
-0.168
 0.428
-0.557
-0.841
 0.107
 0.567
-1.705
-1.308
-0.500
-0.548
-0.691
 0.294
-1.001
-1.263
-0.128
-2.997
-1.383
-0.877
-2.244
-0.024
-0.192
 0.294
 0.551
-0.913
-0.553
-0.678
-0.327
-1.013
-0.693
-0.189
 0.804
-0.418
 0.509
 0.274
-1.399
-1.532
-0.675
 0.055
-0.695
-0.800
-1.735
-1.671
-0.829
 0.894
-0.245
-1.597
 0.422
-0.258
-0.760
-1.076
-0.579
-0.354
-0.508
-0.323
 0.458
-0.289
 0.579
 0.330
-1.348
-0.493
-2.256
-0.631
-1.047
-0.763
-0.676
-1.130
-0.644
 0.391
 0.114
-0.184
 0.322
 0.543
-0.107
 0.044
 0.042
-1.523
 0.563
 1.942
 0.075
 0.092
 1.258
 0.222
 1.070
 1.391
 2.043
 0.792
 1.657
 2.550
 1.304
 1.407
 0.688
-0.815
 0.478
-0.916
-0.154
 0.415
 1.198
 1.809
 1.382
 0.615
 0.182
-2.312
 1.736
 0.630
-1.012
-0.081
-1.362
-0.260
-1.297
-0.012
-1.310
-0.786
-1.273
-1.302
-1.912
-0.636
-0.685
 0.197
-1.857
-1.357
-1.388
-1.693
-1.900
-1.730
-0.599
-1.312
-1.166
-1.393
-0.623
-1.105
-0.669
-2.692
-1.026
-0.820
-0.591
 1.256
-0.934
-0.746
 0.326
-0.172
 1.108
-0.569
-1.197
 0.591
 0.901
 0.441
-1.040
-0.666
 0.020
-0.152
-0.258
-0.778
-0.402
-0.975
 1.113
 0.134
 0.507
 0.961
 1.407
 1.635
 0.030
 1.007
 1.097
 0.917
 1.709
-0.482
-0.290
 0.946
-0.208
 0.304
 1.464
 1.118
 0.381
-0.725
 0.187
-0.909
-0.425
 1.618
-1.150
 1.616
-0.374
-1.110
-0.193
 1.073
-0.595
-1.882
 0.943
 0.076
 0.492
 0.857
-0.532
-0.760
 0.552
 1.158
 0.385
-0.663
-0.307
 0.366
 1.763
-0.524
 0.016
 0.118
-0.427
-0.415
-0.358
-0.602
-1.059
-0.893
-0.889
-0.326
 0.176
 1.708
 0.196
-0.803
-1.710
-0.825
-2.386
-0.283
-0.633
-0.423
-0.607
 0.777
-0.879
-0.770
-1.463
-0.279
-0.969
-1.547
-1.478
-0.947
-0.242
 0.084
 0.514
-1.102
-0.060
-1.711
-1.168
 0.486
-0.531
 0.810
 0.172
 0.512
 1.300
-0.043
-1.528
-0.143
 0.761
-1.864
-1.026
-0.696
-0.966
-1.344
-2.005
 0.559
-0.257
 0.659
 0.342
-0.026
-1.354
-1.146
 0.352
 0.281
-0.621
 0.663
-1.023
-1.148
 0.621
-0.592
-0.533
 0.303
-1.093
-0.032
-0.348
-0.516
-0.279
 0.414
 1.030
 0.639
 0.674
-0.076
-0.646
-0.288
 0.070
-1.952
-0.589
-1.328
-1.150
-1.392
 1.159
 0.125
 1.198
 0.107
-1.161
 0.025
-0.401
 0.622
 1.415
 1.116
-0.047
-0.720
-0.943
-0.107
-0.909
-1.082
 0.961
 0.135
 0.481
 0.278
 1.104
-0.368
-0.074
 0.008
 0.198
 1.002
-0.360
 0.392
 0.070
 0.083
 0.063
 0.025
 0.105
-0.662
 0.668
 0.593
 0.824
-1.300
-1.287
-0.218
 1.019
-1.178
-2.339
-1.433
-0.852
-1.189
-0.116
-0.268
 0.063
-0.106
 1.137
 0.746
 0.182
-0.002
 0.492
 0.274
-0.071
 0.247
 0.847
 1.901
 0.588
-0.433
 0.901
 0.803
 1.000
-0.871
-0.040
 1.490
 0.510
 0.456
 0.442
 0.428
 1.030
 1.107
 0.051
 0.917
 1.639
 0.824
 0.575
 0.125
 0.808
 1.382
 0.530
 0.678
 0.240
-0.377
 1.163
 0.744
 0.229
 0.142
 0.037
-0.030
-0.341
-0.557
-0.294
 1.183
 1.030
-0.640
-0.325
-1.502
-0.729
-0.297
-2.031
-0.971
-1.153
-1.485
 0.061
 0.105
-0.088
 0.566
 1.345
 0.311
 0.626
-1.205
-2.918
-1.295
-0.048
-0.598
-0.458
-1.213
-2.200
-0.847
-1.781
-1.865
-1.114
-0.552
-1.147
-2.153
 0.303
-1.365
 0.122
 0.869
-1.193
-0.867
-1.464
-2.321
-1.588
-0.882
-0.465
 0.153
-0.132
 1.154
 0.776
 0.584
-0.537
-0.695
 0.260
-0.605
-1.371
-1.316
-0.126
 0.379
 0.847
 2.974
-0.140
-1.071
-1.323
-1.824
-0.566
 0.027
 0.102
-0.513
-0.289
 1.047
-0.315
 1.160
-1.023
 0.133
 1.532
-0.922
-0.532
-1.427
-0.945
-1.196
-0.101
-1.300
-0.384
-0.377
-0.514
-0.181
-1.010
 0.057
 1.170
 0.017
-1.031
-0.531
 0.882
-0.659
-0.687
-1.592
-1.611
-0.765
-1.362
-0.665
 0.027
-0.327
-1.085
 0.893
 1.245
 0.347
 0.620
-1.090
-1.399
 1.536
 1.719
-0.635
-0.276
-0.464
-0.519
 0.202
-0.218
 0.034
-0.690
 0.454
-0.649
-0.318
 0.582
 0.227
-1.557
-2.271
 0.218
-0.991
-0.896
 0.033
-2.309
-1.925
-1.201
 0.471
-1.233
-1.349
-1.584
-1.650
-1.487
-1.026
-1.241
-0.999
-1.858
-0.636
 1.425
-0.080
 0.766
 0.914
 0.800
 0.846
-0.356
-0.664
 0.296
-0.202
-0.785
 0.664
 0.124
 1.656
 0.524
-0.120
 0.157
-0.210
 0.594
 1.005
 1.466
 0.417
-1.047
-1.288
-0.582
-0.832
-0.765
 0.013
-1.163
-2.393
-0.005
-0.736
-1.235
-0.185
-1.033
 0.117
-0.721
-1.191
-0.425
-1.223
-0.961
-0.076
 1.653
 0.933
-0.084
-0.053
-0.372
-0.344
-0.260
 0.755
-1.151
-1.220
-1.339
-0.827
 0.948
 0.808
 1.028
-0.194
-0.301
 0.309
 0.516
 1.053
-0.133
-0.196
-0.577
-1.858
-0.041
 0.507
 0.905
-0.248
-0.738
-0.510
-0.580
 0.141
 0.210
 0.716
-0.642
 0.651
-0.160
-0.815
-1.011
-0.511
-0.469
 0.206
 0.819
 0.282
-0.981
 0.310
-0.037
 0.603
 0.422
-0.471
-0.354
-0.952
 0.771
-0.753
 1.102
 0.524
-0.463
-0.203
-0.650
-0.730
-1.394
-1.117
-0.245
-0.313
 0.405
 0.042
-0.216
-0.034
 0.344
 0.463
 2.113
 0.542
 2.121
 0.729
 0.978
 0.589
 1.922
 1.899
 0.853
 1.378
-0.548
 0.253
 0.483
-0.196
-0.057
 0.385
 0.054
-0.913
 0.489
-1.734
 0.273
-1.387
-1.002
 0.487
-0.043
 0.230
-1.172
-0.751
 0.014
 0.128
-0.589
-1.280
-0.878
 0.502
-0.417
-1.094
 0.356
-0.159
-1.113
 0.876
 1.125
-0.059
-0.058
-0.099
-0.812
 0.693
 0.177
-0.634
-0.263
 1.055
-0.648
-0.378
-0.809
-0.932
 0.291
-0.635
-1.246
-0.780
-1.610
 0.446
 0.280
 0.175
-0.527
-0.708
-0.075
-1.052
-0.670
-0.524
-1.554
 1.415
-0.365
-0.727
-0.380
-0.705
-0.598
-0.514
-0.725
-0.394
-0.583
 0.522
-0.946
-1.119
-0.974
-1.402
-1.750
-1.465
-0.768
-0.472
-0.296
-1.137
-0.525
 0.520
-0.559
-1.887
-1.483
 0.841
-0.276
-1.714
 0.495
-0.940
-0.376
 0.713
 0.413
-0.905
-0.750
 0.478
-0.534
-0.219
-0.183
-0.072
-0.353
-0.728
 0.665
 0.468
 1.174
 1.165
-0.242
-0.623
-1.513
-0.405
-0.364
-1.865
-0.952
-1.902
-0.916
-0.237
-0.275
-0.380
 0.625
-1.143
-0.925
-0.756
-0.692
 0.332
-1.907
-0.887
-0.066
-0.997
-0.186
-0.140
-0.937
-0.358
-0.602
-1.128
-0.982
-0.837
-0.261
 0.461
-0.357
-1.069
-0.851
-1.275
-2.192
-2.110
-2.369
-1.627
 0.034
-1.841
-1.746
-2.958
-2.800
-1.906
-1.177
-1.062
-1.322
-0.066
-0.190
 0.031
-0.276
-0.802
-1.669
-0.320
-0.917
 0.112
-0.543
-1.260
-1.153
-0.698
-1.721
-0.048
-1.179
-0.733
-0.216
-2.043
 0.075
 0.385
-0.609
-1.150
-1.323
-1.700
-0.902
-0.752
-0.428
-0.660
-0.881
-2.474
-2.283
-0.866
-1.056
-0.691
-0.454
-0.876
-1.181
 0.604
-0.470
 0.146
-0.171
-0.172
-1.893
-1.558
 0.753
 0.261
-0.157
 0.673
 2.144
-0.063
 1.142
 0.621
-1.128
 0.431
-0.177
-0.536
-1.174
-0.807
-0.806
-0.460
-0.844
-0.877
 0.826
-0.938
-0.668
-0.661
 0.525
-0.256
-0.720
-0.797
-0.829
-0.050
-0.237
-0.322
-1.253
-0.310
-0.624
-0.220
-0.053
-2.043
-0.417
-0.359
-0.369
-1.574
-2.118
-1.451
-1.725
-0.547
 0.652
-2.020
-2.950
-1.311
-2.376
-1.733
-0.282
-0.470
-0.627
-0.652
-1.027
-1.778
-1.700
-1.301
-2.558
 0.040
-1.426
-2.487
-1.066
-1.976
-0.042
-0.893
 0.328
-0.958
-1.003
 0.303
 0.153
-0.368
 0.674
-0.464
-0.432
-0.694
-0.707
-0.051
-0.741
-0.214
-0.181
-0.528
-0.956
-0.149
-0.748
-0.661
 0.297
-0.975
 1.804
-0.583
-1.318
-1.023
-0.653
-1.026
-0.669
-1.171
-0.927
-1.480
-0.963
-1.592
-1.500
-0.772
-1.683
-1.298
-1.076
-0.934
-1.350
-1.247
 1.039
-0.208
-1.303
-1.256
-1.170
 0.154
-1.644
-2.166
-0.653
-1.283
 0.085
 0.714
-0.613
 0.057
 0.212
 0.013
 0.038
 0.671
-0.758
-0.335
-0.491
-0.521
-0.753
-1.221
-0.861
 0.667
 0.274
 0.714
-0.427
-2.384
-0.753
 0.616
-0.854
-0.062
-0.712
-0.605
-1.900
-0.450
-1.633
-1.488
-0.735
-0.659
-0.879
-0.037
 1.253
-1.346
-1.810
-1.510
-2.030
-0.747
-2.079
-0.038
-0.844
 1.086
 0.253
-0.002
 0.013
 0.060
-0.268
-0.782
-0.496
 0.808
-0.025
-0.623
-1.743
-1.221
 0.686
-0.395
 1.908
 0.588
 0.756
 0.570
 0.589
 0.783
-0.879
 1.235
-0.441
 1.244
 0.170
 0.553
-0.377
 0.071
 0.714
-0.426
-0.694
-1.201
-1.202
 0.024
-0.073
 0.119
-0.700
 0.145
-1.587
-0.905
-0.758
-0.558
-0.789
-0.307
-0.653
-0.348
 0.047
 1.419
-0.636
-1.164
-1.322
-0.123
 0.921
 0.371
-0.478
-0.358
-0.049
-0.024
-0.161
-0.951
 1.005
 1.225
 1.718
 0.764
 1.301
 0.322
 0.614
-0.266
 1.564
 1.938
 0.667
 1.043
-0.088
 1.263
 0.522
 2.008
 0.732
-0.244
-0.962
-0.466
 1.873
 0.787
 0.772
 1.696
 0.275
-0.384
-0.160
 0.443
 0.830
 0.942
-0.243
 0.250
 0.530
 2.477
-0.668
 0.296
 0.949
 2.662
 1.360
-0.514
 0.929
 0.927
 0.031
 0.983
 0.662
-1.069
 0.342
-1.651
 0.266
-0.023
 0.719
 1.240
 0.969
 0.257
 1.012
 0.507
 0.914
 0.044
-0.665
-0.585
 0.726
 1.669
 0.209
-0.558
 0.378
-0.052
 2.156
 2.184
 1.503
 0.449
-0.167
-0.148
 0.610
 0.874
 0.752
 0.419
-0.428
 1.122
-0.150
 0.842
 0.209
-0.031
-1.101
-0.258
-1.094
-0.035
-0.637
-0.716
-0.091
 1.175
 0.245
 1.304
 0.454
 0.154
-0.070
-0.221
-0.067
-0.715
 0.389
 0.404
-0.292
 0.528
 0.733
 1.882
 1.276
 0.457
 1.656
 2.019
 1.224
-0.596
 0.558
-1.058
-0.889
 1.263
 0.523
 0.468
-0.037
 0.668
 0.372
-0.510
-0.997
 0.411
 0.419
 0.160
 1.111
 1.073
-0.958
 0.188
-0.835
 0.577
 1.135
 0.498
 0.642
 0.915
-0.075
 1.907
 0.145
 0.314
-0.176
 0.441
 0.183
 1.133
 1.866
 0.785
 0.150
 0.883
-0.164
-0.841
 0.792
 0.780
 0.754
 1.440
 1.617
-0.008
 0.769
 0.376
 1.745
 1.184
-0.127
-0.149
 0.193
 0.114
-0.217
 1.328
 0.327
 0.723
 0.692
 1.159
 0.821
 1.021
 1.067
-0.920
 0.559
 0.739
 2.225
 0.894
 1.430
 1.067
 1.166
 1.589
 1.154
 1.197
 0.408
 0.813
-0.623
 1.457
 1.236
 0.002
-1.010
-0.466
-0.161
 0.913
 0.164
 0.536
 0.737
 1.487
 2.113
 1.282
 0.693
-0.032
 1.196
 1.727
 1.416
 1.444
 0.822
 0.443
-1.261
-0.469
 0.235
 0.715
 1.356
 1.075
 0.055
 0.695
 1.361
 0.220
-0.826
 1.153
 1.010
-0.982
-0.510
 1.610
-0.653
-1.562
-0.986
-2.476
-1.117
-0.629
-1.264
-1.645
-0.637
-1.993
-0.213
 0.544
 0.636
-0.624
-0.511
-1.305
 0.379
 0.274
 0.313
-0.132
 0.927
 1.152
 0.203
-0.550
 1.578
 0.622
-0.808
-0.979
 1.131
 0.407
 0.691
 0.055
-1.375
-1.533
-0.507
-0.595
 0.317
 1.425
 2.404
 0.669
 1.473
 0.347
 0.817
 0.222
 0.735
 1.326
 0.622
 1.120
 1.218
 0.798
 0.822
-0.007
 0.035
-0.770
-0.542
 0.918
 0.064
-0.190
 0.830
-0.158
 0.184
 0.735
 1.466
 0.820
 0.804
 1.479
-0.068
 0.441
 0.323
-0.063
 0.723
-0.035
 1.320
 1.621
 1.367
-0.008
 1.845
 1.875
-0.276
 0.246
 1.504
-0.654
-0.342
-0.258
 0.543
-0.121
 0.857
 1.234
 0.184
 1.084
 0.569
 1.477
 2.567
 3.048
 1.690
 2.821
 0.839
-0.370
 1.571
 0.685
 0.840
 1.514
 1.727
 0.803
 0.896
-0.306
 1.465
 0.677
 1.097
 0.395
 0.677
-0.010
-0.183
 1.578
 2.587
 3.043
 1.359
 1.432
-0.662
 0.107
 0.157
 0.290
 0.846
-0.077
 0.891
 0.103
 2.146
 2.150
-0.900
 0.662
 0.075
-0.977
-1.611
-0.146
 0.890
 1.456
 0.322
 0.015
 0.758
-0.172
-0.391
-1.737
-1.430
-1.201
 0.710
-0.390
 1.093
 1.096
-0.011
 2.023
 0.654
 0.257
 0.002
-0.025
-0.762
-0.760
 1.005
 0.133
 1.371
 0.322
 0.017
 0.832
 0.758
-0.213
 0.842
 1.557
-0.223
-0.100
 1.117
 0.580
 0.135
 1.594
 1.038
 1.066
 1.123
-0.728
-0.745
-0.984
-2.502
 1.422
 0.429
-0.188
 0.366
 0.666
 1.540
 1.146
 0.567
-2.136
 0.244
-0.416
-0.163
 0.455
 0.150
 0.222
 0.810
 1.666
 1.455
 0.242
 0.321
-1.129
 0.177
-0.465
 0.353
-0.670
-1.322
-1.096
-0.319
-0.629
-0.386
 0.226
-0.070
-0.430
-0.069
-0.119
-1.011
 0.473
 0.367
 0.283
 0.046
 0.770
 1.781
 0.103
 0.637
 0.100
-0.387
-0.080
 1.276
 1.560
 1.774
 2.963
 1.874
 1.359
 0.852
 1.370
 2.178
 0.831
 1.320
 2.820
 1.791
-0.693
 0.028
 1.095
 1.872
-0.117
 1.299
 1.954
 2.186
 0.965
 0.621
-1.543
 0.415
 0.917
 0.320
 1.133
 0.652
 1.561
-0.375
 0.181
 1.080
 0.387
 0.444
 0.171
 0.443
 0.325
 1.651
 0.589
 0.161
 0.603
 1.059
 0.998
 1.250
 2.182
 2.069
 0.430
 0.433
 1.114
 0.144
 1.226
 1.954
 0.530
 0.759
 1.151
 0.224
 0.959
 1.300
 0.578
-0.188
 1.524
 0.591
 0.555
-0.406
 0.130
 0.916
 1.688
 1.636
-0.005
 1.929
 1.790
 1.033
 0.934
 0.529
 0.410
 2.163
 1.507
 0.757
 0.841
 0.496
-0.087
 0.975
-0.160
 1.628
 0.884
 0.305
 0.064
 0.098
 0.311
 0.510
 0.553
 1.313
 2.288
 0.673
 0.837
 0.616
 2.340
 0.663
 0.815
 2.229
 1.432
 1.254
 1.271
 1.543
 1.041
 0.705
 0.829
 1.473
 0.709
 0.960
 0.685
 0.890
 0.731
 1.616
-0.695
 0.154
-0.028
-0.159
-0.450
-0.935
 0.484
-1.938
 0.316
 0.274
 0.010
 0.616
 0.740
 1.072
-0.423
-0.367
-0.222
-0.986
 0.053
-0.696
-1.039
 0.979
 0.399
 0.831
 1.011
 0.604
-0.510
 0.166
 2.898
 2.007
 0.875
 0.985
 1.017
-0.183
 0.406
-0.891
 0.365
 1.511
-0.628
 0.631
-0.938
-0.852
 0.718
 1.336
 0.403
-0.108
 0.388
-0.545
 1.180
 0.432
-0.226
 0.712
 0.040
-1.011
-1.288
 1.230
 1.326
 2.108
 0.667
 0.097
-0.124
 1.336
 0.182
 1.332
-0.501
 0.487
-0.221
 0.658
 0.201
-0.522
 0.209
 0.036
 0.797
 0.561
-0.416
 0.354
-0.860
-0.192
-1.194
-0.732
-0.480
 0.856
 1.971
 1.403
 1.923
 2.428
 1.973
-0.272
-1.212
 1.095
 0.788
 2.160
 0.101
 0.550
 0.250
 0.696
 0.757
 1.138
 1.742
 0.779
 1.323
 0.526
-0.335
 1.324
 2.594
 2.466
 1.579
 0.424
-0.298
-0.139
 0.150
-1.337
 0.265
-1.421
-0.191
-0.498
-1.573
-0.423
 0.366
 0.274
 0.609
-1.191
-2.265
-0.279
-2.047
-0.345
 0.172
-0.503
-0.575
-0.812
-0.095
-0.610
-0.173
 0.488
 0.497
 0.253
-1.127
-1.067
-0.674
 0.810
 0.166
 0.802
 0.969
 0.765
 1.568
 0.186
-0.912
-0.833
 0.773
-0.085
-0.391
 0.687
-0.725
 0.129
-0.144
 0.349
-0.471
 1.116
-0.882
 0.184
-0.633
 1.273
 1.810
 1.345
 0.794
 0.975
 1.441
 0.405
-0.171
-1.226
-0.004
 1.380
-0.103
-0.146
 0.861
-0.003
 0.582
-0.021
 1.908
 0.673
 1.664
 1.914
 1.772
 0.960
 0.992
 0.425
 0.688
 1.530
 0.368
 0.168
 1.029
 1.050
-0.702
-0.478
 0.502
 0.158
 2.137
 2.304
 2.251
 1.690
-0.198
 1.360
 0.480
 0.265
 0.001
 0.127
 1.402
-0.127
-0.783
-0.576
 1.332
 0.564
 0.149
 0.604
-0.270
 0.715
 0.357
-1.396
-0.849
 0.192
-0.228
-0.939
-1.307
-1.428
-0.985
-0.242
-2.739
-1.345
-1.149
-0.230
 0.287
 0.988
-0.603
 0.356
 0.713
-1.304
-0.489
-1.261
 0.523
 1.382
 0.610
-0.496
-0.721
-0.423
-0.115
 1.315
 0.578
-0.961
-0.264
 0.012
 0.232
 2.763
 2.019
 1.914
 1.007
 0.317
 0.155
 0.573
-0.563
-0.565
-0.338
-0.195
 0.748
-1.289
 0.186
-0.183
-0.961
-0.826
-2.204
-0.675
-0.586
-1.053
 0.277
-1.185
 0.339
-0.250
 1.314
-0.325
-0.321
-1.095
 0.732
-0.557
-2.570
-1.376
-1.201
 0.616
-0.870
-0.970
-0.348
 0.849
 0.249
-0.578
-0.040
-0.051
-0.808
-0.101
-0.575
 0.339
 1.536
-1.103
 0.194
-0.298
 0.227
 0.016
-0.419
 0.251
 2.700
 1.687
-0.211
-1.452
 0.091
 0.505
 0.037
-0.883
-0.037
-1.051
-0.029
-0.066
-2.225
-2.392
-1.017
-1.288
 0.772
 1.180
 0.134
 1.088
 0.351
 0.862
-0.631
 1.503
 0.945
-0.274
 0.103
 0.526
-0.010
 0.212
 0.531
-0.251
-0.843
 0.781
 1.701
 0.563
-0.174
 0.090
 0.688
 0.054
-0.145
 0.133
 1.107
 0.822
 0.679
 0.307
 1.449
 0.844
 1.302
 0.477
 2.320
 0.610
-0.993
 0.007
-0.507
-0.329
-0.413
-0.318
 0.481
 1.457
 0.884
 0.099
 0.287
 0.292
 0.827
 0.338
 0.497
 1.577
 1.075
 0.684
 0.997
-0.672
 0.506
-0.069
 0.615
 0.233
 1.229
 0.519
 0.143
 0.719
-1.279
-0.914
-1.669
 0.142
 0.358
-0.285
-0.369
-1.442
 0.018
-0.066
 0.097
-0.161
-0.044
-0.679
 0.763
-0.546
 0.249
 0.411
 0.863
 0.506
 0.005
-0.540
 0.510
 0.420
-0.618
-2.278
-0.174
 1.445
-0.267
-1.086
-0.270
 0.542
-1.452
-0.249
-0.422
-0.142
 0.079
-1.025
-0.696
-0.059
-0.221
-0.089
-0.237
-1.315
 0.657
 0.585
 0.759
-0.204
 0.786
 0.022
 2.002
 1.999
 1.565
 1.813
-0.318
-0.140
-1.413
-0.245
-0.567
-0.744
-0.218
 2.257
 1.584
 0.082
 1.286
-0.580
-0.574
 0.035
-0.105
-0.683
-0.239
 0.083
-1.103
 0.763
-0.197
-0.246
-1.828
 0.111
-0.079
-0.412
 0.337
 0.854
-0.105
 1.787
 0.206
 1.410
 0.289
 0.310
-0.617
-1.097
 0.019
 0.647
 0.745
 1.004
 2.594
 0.747
 1.668
-1.067
 0.163
 0.486
-2.402
-0.160
-0.208
-1.202
-2.149
-0.495
 0.423
-0.207
 0.529
 0.023
 1.214
 0.645
 0.633
 1.368
 0.292
 0.305
 1.009
 1.590
 0.954
 0.119
 0.378
 0.142
-0.744
-0.150
 1.622
 1.529
-0.451
 1.040
 1.497
 0.687
 0.091
-0.564
-0.789
 1.548
 1.126
 2.068
 1.502
 0.916
 0.302
 0.308
 1.252
 0.164
-0.757
-0.550
-0.021
-0.214
-0.923
-0.053
-0.082
 0.164
 0.857
-1.021
-0.322
-0.054
 0.120
-1.018
 0.291
-0.762
-0.472
-0.192
 1.503
 0.580
 1.067
-0.754
 0.488
 0.096
 0.193
-0.410
 0.159
 1.155
 0.471
 0.290
-0.825
 0.320
 2.118
 1.485
 0.650
 0.133
 1.936
 1.084
-0.851
 0.552
 0.671
 0.775
-1.166
 0.434
 0.085
-0.198
-0.747
-1.778
-0.358
 0.235
-1.195
-0.131
-1.634
-0.067
 0.573
 1.841
 2.023
-0.365
-0.732
-1.379
-1.104
-2.542
 0.681
 0.705
-0.847
-1.865
-1.540
-0.680
-0.712
-0.250
-0.416
 0.037
 0.639
 0.816
-1.272
-0.780
 0.336
-2.566
-1.910
-1.285
-1.167
-0.598
 0.891
-1.176
 0.771
 1.030
-0.185
 1.166
-0.943
-1.219
-0.099
-0.790
-1.316
-0.470
-1.123
-1.686
 0.085
 0.220
-0.515
-1.256
-3.315
-1.303
 0.438
-0.223
 0.659
 1.423
 1.069
 0.960
 0.950
-0.935
 0.773
 0.685
-0.111
-0.696
-0.133
-0.060
 0.298
-0.230
-0.190
-2.338
 0.332
-2.930
-1.262
-0.866
-1.039
-0.908
 0.911
 0.955
-0.655
 0.107
-0.997
-0.979
-0.242
-1.500
-0.233
 0.979
 1.426
 0.276
-1.480
-0.137
-0.343
-0.605
-0.397
-0.016
-2.214
-1.660
-1.683
-0.482
-0.592
-0.348
-0.790
-0.829
-1.258
 0.216
 0.077
-0.379
 0.744
-0.512
 0.633
 0.215
-0.318
-0.468
-1.156
-1.867
-0.404
-1.601
-1.414
-0.155
-0.555
 0.552
-0.733
 0.872
-0.124
-1.664
-1.081
-0.602
-0.124
-1.085
-0.762
 0.108
 0.428
-1.178
-0.528
-1.148
 0.186
-1.205
-0.592
-0.523
-0.247
-0.211
-2.228
-1.274