
-0.082
 0.800
 0.586
 0.379
-0.762
 0.693
-1.626
-0.722
-0.773
-1.106
-1.119
-0.567
 0.202
 1.448
 0.309
 0.148
-0.976
-1.370
-0.983
-2.043
 0.182
-1.058
-1.427
-0.474
-0.638
-1.451
 0.708
-2.658
-1.343
-1.292
-0.055
-0.172
-0.723
 0.457
 0.631
-0.576
-0.693
-0.318
-0.526
 0.221
 0.042
-0.826
-0.422
-0.674
-0.476
-0.392
-0.365
 0.918
 0.657
 1.364
 1.028
-0.453
-1.568
-0.458
 0.358
 0.636
-0.416
-1.404
-0.999
-1.238
 0.124
-0.597
-0.807
 1.395
-0.724
-0.736
 0.426
-0.306
-0.700
 1.531
-0.401
-1.905
-0.429
-1.239
-0.302
-0.884
-0.653
-0.324
-0.754
 0.911
 1.464
-0.105
-1.656
-0.942
 0.812
 0.870
-0.246
 0.692
 0.926
-0.787
 0.951
-1.521
-0.366
 0.231
-0.231
-2.038
-0.029
 0.372
-0.414
 1.291
-0.055
 0.103
 0.516
-0.426
 0.054
 1.097
-0.123
-0.026
 0.502
-0.036
-0.151
-0.486
-1.039
-0.496
-1.452
-2.094
-1.236
 1.303
 0.068
 0.100
-0.313
-1.085
 0.091
 0.389
 2.063
 1.229
 0.521
 2.618
 0.325
-0.715
 0.938
-0.064
-0.425
 0.630
 0.166
 0.403
-0.515
 0.914
-1.376
 1.625
-0.148
 1.354
-0.487
 0.010
-0.193
 0.458
 0.218
 0.329
 1.241
 0.174
 0.073
-0.596
-0.818
-0.973
-0.528
 0.106
 0.868
 0.752
-0.588
-0.363
 0.661
 0.174
-0.419
 0.660
 1.352
 0.387
 1.011
 0.272
 0.364
 0.421
 1.354
-0.011
 0.878
 0.370
 0.671
-0.125
-0.164
 0.753
 1.025
-0.336
 1.931
 1.053
-0.292
 1.421
 0.899
-0.234
 0.488
 0.982
 1.075
 1.034
 1.447
 0.318
 0.408
-0.052
-0.362
-0.230
-2.162
-0.651
-0.384
-1.221
-1.656
-0.118
-0.870
 0.807
 0.107
-0.490
-0.183
-1.702
 0.139
-1.134
 0.341
-0.923
-0.514
-0.110
-1.112
-0.973
-0.080
 0.242
-0.226
-2.112
-2.699
-1.528
-0.078
-1.390
-1.551
-1.924
-3.609
-1.197
-1.750
-0.528
-0.610
-0.725
-0.841
 0.351
-0.789
-0.100
-2.438
-0.709
-1.137
-1.405
-1.187
 0.159
-0.732
-0.309
-0.011
-0.616
-0.060
-1.066
-0.759
-1.453
-2.071
-1.282
-1.051
-0.619
-1.638
-0.218
-0.309
-0.526
-0.016
-0.002
 1.036
 0.761
 0.577
 0.182
-1.222
-0.939
-0.581
-0.751
-1.993
-2.790
-0.404
-0.874
-2.042
-1.301
-0.681
-1.217
-0.046
 0.105
-1.337
-1.133
-1.160
-0.745
-1.979
-0.498
-0.921
-0.016
-0.268
-0.377
-0.394
-1.583
-0.993
-0.827
-1.348
-0.479
 0.361
-0.924
-1.392
-0.971
-1.217
-1.402
-0.848
-2.070
-2.601
-2.180
-1.402
-0.092
-0.929
-0.840
-2.128
-2.761
-1.446
-0.318
-2.060
-1.445
-1.948
-2.445
-2.267
-1.520
-1.775
-0.977
-2.279
-2.300
-1.513
-2.288
-2.986
-2.632
-1.494
-0.703
-2.994
-1.578
-1.428
-1.283
-1.950
-1.370
-0.654
-0.463
-1.042
-1.447
-2.103
-2.149
-0.730
-1.031
-0.382
-1.005
-0.370
-0.763
-2.978
-0.826
-2.786
-1.571
-0.738
-0.292
-1.252
-0.432
-1.478
-0.885
-1.361
-1.139
-1.844
-0.736
-0.340
-2.199
-2.119
 0.041
-0.243
-0.810
-1.283
-3.016
-1.826
-2.808
 0.426
 0.284
-0.652
 0.178
-0.669
-1.718
-0.577
-1.095
-0.451
-0.626
-0.293
-0.837
-0.401
-0.377
-0.633
-0.990
 0.645
-0.584
-0.588
-0.042
 1.000
 0.157
 3.219
 0.403
 1.271
 0.761
-0.469
 0.858
 0.253
 0.752
 0.350
 1.269
 0.240
-0.787
 0.504
-0.059
 1.423
 0.458
 0.746
-0.075
 0.248
 0.456
-0.805
 0.498
 0.126
-0.685
-2.856
-1.890
-1.566
-0.926
-0.339
-0.720
-0.751
-0.630
-0.591
-1.385
-1.633
-0.621
-1.711
-0.321
-0.175
 0.138
-0.173
-2.162
-1.375
-1.563
-0.678
-1.981
-0.029
-1.797
-0.275
-0.989
-2.425
-1.457
-0.469
-0.479
 0.270
-0.382
-1.019
-0.792
-0.382
-1.567
-0.805
-0.489
-0.489
 1.152
 0.608
-0.227
 0.120
 0.362
-0.936
-0.810
-1.505
-1.252
 1.364
 1.282
-1.075
 0.837
 1.113
-1.054
-0.431
-0.315
 0.072
 0.669
-2.369
-0.624
-0.891
-1.603
-0.238
 1.188
 0.066
-0.153
-0.306
-0.260
-0.890
-1.124
 0.151
 0.282
-0.569
-1.527
-0.417
 0.089
 0.428
-0.304
 0.128
 0.267
 0.150
 1.314
-0.145
 0.394
-0.472
-0.286
-0.039
-0.652
 0.697
-0.093
-0.217
-2.146
-0.962
-1.294
-0.053
-0.973
-0.430
-1.103
 0.458
-0.184
 0.417
 0.105
-2.215
-0.821
-1.790
-1.308
-0.710
-1.568
-0.568
-1.624
-3.083
-1.685
-3.416
-1.931
-2.416
-2.576
-2.275
-2.288
-0.010
-2.591
-1.496
-1.214
-0.729
-1.924
-0.034
 0.271
-0.201
-1.035
-0.086
-1.007
-1.157
 0.131
-1.047
-0.945
-0.139
-0.536
-0.029
-1.062
 0.072
 0.356
 0.127
-0.112
 0.471
-1.578
-0.470
-0.358
 0.748
 0.089
 0.062
-1.343
-0.978
 0.103
-0.423
 0.202
 1.578
-0.987
 0.706
-0.615
-0.577
 0.613
 0.174
-0.608
-1.668
-0.769
-1.346
 1.440
 1.541
-0.570
-0.510
-0.589
-1.537
-1.151
-0.918
-2.056
-0.439
 0.586
-0.440
-0.704
-1.166
-0.550
-1.065
-0.953
-1.443
-1.854
-0.309
-0.974
-1.176
-1.586
-0.833
-0.848
-0.921
-1.203
-2.173
-2.023
-2.650
-1.971
-1.094
-1.870
-2.616
-2.435
-3.241
-0.275
-1.102
-2.566
-3.389
-1.434
-0.107
 0.147
 0.422
 0.826
 1.461
 2.084
-0.050
-0.406
-1.312
-1.779
-0.877
-1.277
-0.333
 0.345
-2.213
-0.629
 0.108
 0.208
-0.641
-1.285
 0.778
-0.888
 0.205
-0.351
-1.129
-1.543
-0.968
-1.505
-1.376
-2.171
-1.060
 0.133
-0.751
-0.397
 0.760
-0.008
-0.149
-1.775
-0.210
-0.441
-2.052
-1.472
 0.023
-0.496
 0.746
-1.025
 1.998
 0.551
-0.297
-1.590
-0.821
-0.184
-1.543
-1.078
-0.216
 0.403
-0.382
-0.073
-1.824
-1.122
-1.774
 0.446
-0.143
-0.289
-0.359
 0.767
 0.197
 0.934
 0.051
-1.276
 0.349
-0.708
-0.188
-0.626
 0.783
-0.184
-0.612
 1.721
 0.821
 0.009
-0.301
-0.485
 0.024
-0.104
-1.435
-1.245
-0.839
 0.527
-1.362
-0.914
-1.968
-1.065
-1.361
-0.556
-0.531
 0.282
-0.060
-1.634
-0.341
 0.154
 0.033
 0.633
-0.666
-0.892
-0.556
 2.526
 1.468
 1.878
-0.308
 1.536
 0.619
-0.172
-0.355
-0.841
 0.178
-0.656
 0.324
-0.123
 0.350
 0.980
 0.755
-0.287
 0.669
 0.926
-0.182
 0.224
 0.448
-1.032
 0.204
-0.735
-0.844
 0.788
 0.016
 0.106
-0.864
-1.402
-0.941
-0.058
 1.461
 1.498
 0.713
 0.535
 0.671
 0.282
 0.328
-1.365
-0.199
-0.306
-0.647
 0.705
 1.082
 0.327
-0.230
-0.460
 0.868
 0.485
 0.023
-0.767
-0.500
-0.300
-1.585
-0.575
-0.160
-2.322
-1.857
-2.763
-1.948
-0.944
-1.417
 0.236
-1.534
-1.519
-0.886
-2.011
-1.839
-0.322
-1.965
-1.239
-1.385
-0.936
-1.895
 0.548
-0.845
-0.181
 0.857
 0.038
-0.204
-0.436
 1.492
 1.298
 1.021
 0.679
-0.670
-1.141
 0.703
-0.101
 1.565
 0.154
-0.435
 1.386
 1.073
 0.268
 0.582
 0.823
 0.260
-0.685
-0.656
-0.022
 0.082
-1.138
 0.382
 1.603
-0.336
-0.679
 0.367
-0.152
-0.508
-0.006
 0.202
 1.254
 0.436
-0.446
-1.070
-1.362
-0.112
 0.517
-2.502
-1.138
 0.061
 1.454
 0.081
 1.515
 1.253
-0.049
 1.885
 0.045
 1.019
 0.778
-0.387
-0.430
 0.984
 0.655
 1.764
 0.948
-1.467
-1.098
 0.161
-0.351
-1.764
-1.537
-0.043
-0.077
-0.316
 0.221
-0.619
-0.658
-0.693
-0.015
 0.826
-1.517
 0.400
-1.039
-1.051
-1.278
 0.123
-0.057
-1.553
-0.272
 0.579
-0.505
-1.006
-1.745
-2.363
-2.274
-2.035
-1.600
-0.140
-0.127
-0.591
 0.030
 0.564
 0.148
-0.092
-0.965
-1.110
-0.041
 0.564
 0.609
 0.926
 0.926
-0.319
-0.241
-0.704
-0.020
 0.699
 0.256
-0.029
-0.476
-0.759
 0.389
-1.652
-0.405
-1.172
 0.642
-0.291
-0.214
-0.806
-0.454
-0.547
-2.676
-1.821
-1.889
-1.508
-1.577
-0.215
-1.634
-0.733
-0.362
 0.118
-1.407
-0.358
-1.827
 1.268
-0.468
 0.200
-0.757
-0.916
 0.311
 1.008
 0.378
 1.630
 0.135
-0.251
 1.765
 2.068
 0.885
-0.487
-0.004
-0.293
 1.337
 2.756
 1.340
 2.357
 0.029
-0.735
-0.539
-0.668
-1.108
-2.149
-0.598
 0.446
 0.536
 0.578
 0.226
 0.773
 1.489
-0.904
 0.580
 0.561
 0.695
-0.693
-0.691
 0.286
 0.618
-0.266
-1.538
 0.389
 0.841
-0.318
-0.525
-0.324
-1.858
-1.139
-0.866
-0.195
 0.097
 0.643
-0.035
-1.276
-0.734
-0.533
-0.264
 0.655
 0.423
 0.120
 0.880
 0.423
 0.523
-0.694
-1.593
-0.687
-0.837
-1.923
-0.106
-1.596
 0.628
-1.403
-1.175
 0.117
 0.865
 0.535
 0.089
 0.875
 0.833
 0.174
 0.788
 0.105
-0.377
-0.472
-0.712
-0.835
-0.854
 0.467
 0.328
-0.630
-1.299
 0.972
 0.193
-1.296
 0.403
-1.414
 0.067
-0.885
 0.204
 0.606
-0.571
 0.484
-1.005
-0.161
-0.950
-1.193
-0.964
-0.343
-1.257
-1.020
-0.302
 0.940
-1.946
-1.336
-1.411
-1.546
-1.149
-0.308
 1.147
-0.146
-1.776
-1.224
-0.712
-0.914
-1.378
-0.564
 1.515
-0.497
-0.980
-0.866
-0.555
-0.342
 0.522
 1.852
 1.694
 1.466
 1.661
 0.819
-0.774
-1.536
-1.337
 1.709
-0.752
 0.268
 1.337
-0.254
-0.560
-1.054
 0.150
-1.208
-1.543
 0.800
 1.971
 0.903
 0.946
 0.422
-0.126
 0.557
 0.539
-0.938
-0.026
 0.812
-0.511
-0.685
-0.327
-1.305
-0.426
 0.050
 0.537
 1.582
 0.545
 0.438
-1.502
-1.474
-1.427
-0.976
-0.473
 0.080
 0.195
 0.859
-1.177
-0.141
 0.893
 1.351
-0.100
 1.175
 1.018
-0.286
 0.382
 0.949
 0.527
-0.146
 0.234
 0.400
 0.607
 0.226
-1.757
-0.399
 0.496
 0.802
-0.631
-0.420
-0.993
-1.910
 1.173
-0.844
-2.043
-0.462
 0.759
 0.938
 0.090
-0.873
 1.637
-0.052
 0.682
 1.814
-0.214
 0.022
 1.260
-0.121
 0.578
-1.662
-0.161
-0.466
-0.966
-0.133
 0.029
-1.753
-1.969
-0.492
-1.191
-0.946
-1.591
-0.737
-0.388
-0.235
-0.725
 1.198
 1.436
-0.714
 0.775
-1.768
-3.186
-1.888
-2.294
-1.111
-0.294
-1.826
-2.475
-1.826
-1.278
-0.991
-0.777
-0.291
-0.407
-0.498
-2.674
-0.120
 0.029
 1.089
-0.862
-0.210
-0.535
 1.054
 0.416
-1.668
-0.711
-0.699
-0.694
-1.037
-0.601
 0.329
-0.795
 0.694
 1.074
 1.642
 1.142
-0.212
-1.036
 0.980
 2.744
 1.736
-0.263
-0.360
 0.465
 0.165
 0.169
 0.004
 0.332
-0.181
-1.906
 0.455
-0.732
-1.048
-0.967
-0.185
 0.950
-0.239
 0.090
-1.191
-1.046
-0.909
-0.411
-2.371
-0.077
-0.058
-0.146
-0.087
 0.079
-0.775
-1.771
-0.611
 0.794
 0.028
-2.411
 0.039
 0.004
-0.781
-1.360
 1.784
 0.333
-0.559
-1.157
-0.067
-0.230
-0.529
 0.453
 0.088
 0.290
-0.022
-2.027
 0.823
 0.253
-0.338
 0.266
-0.341
-0.797
-0.963
 0.993
 0.864
 0.790
 0.744
-0.773
-0.187
-0.717
 0.504
 2.188
-0.302
-0.342
-0.753
-0.293
 1.166
-1.007
-0.736
-1.136
-1.329
-0.141
-0.498
-1.600
-0.415
-0.964
-1.485
 0.101
-1.723
-1.255
-0.379
-1.225
-1.146
-1.842
-0.909
-3.327
-2.042
-1.398
-0.313
-1.111
-0.309
-0.368
-1.069
-0.110
-0.757
-0.667
 0.389
 0.118
-1.084
 2.022
 1.212
 2.060
-0.976
 2.171
 0.038
 0.461
 1.189
 1.514
-0.385
-0.822
 0.468
-1.490
-1.209
-2.206
-1.876
-0.917
 0.402
-0.078
 0.907
 0.784
 1.221
 0.817
 0.186
 0.306
-0.908
-0.974
-1.683
-0.227
-0.771
-1.316
-0.209
-0.865
 0.411
-0.414
 1.072
 2.232
-0.123
 0.625
 0.206
-0.169
 0.078
-1.270
-0.335
 0.253
-1.332
-1.219
-1.095
-0.758
 0.415
-0.048
 1.248
 1.914
 0.146
-0.762
-1.139
-0.542
-1.014
-0.638
-1.754
 0.562
-0.589
-1.618
-2.229
-1.259
 0.763
-0.615
-0.908
-1.289
-0.267
 0.241
 0.723
 0.847
-0.396
-1.988
-0.757
-1.929
-0.555
 0.058
 0.230
 0.748
 0.481
-0.399
 0.333
-0.489
-3.123
-1.117
 0.447
-1.558
 1.171
 0.497
 1.751
 1.361
-0.069
 0.484
 1.407
 0.780
 0.665
 0.493
 0.045
-0.664
 0.623
 0.803
-0.048
 0.245
 0.050
 0.102
-1.739
-1.456
 0.930
 1.093
 0.662
 0.512
-0.111
 0.728
 0.971
 0.336
 0.320
 0.624
 0.040
-0.681
-0.850
 0.488
-0.707
 0.547
 1.264
-1.016
-0.753
 1.337
 0.963
 0.142
 0.180
-0.583
-0.152
-1.211
-1.263
-0.586
-2.045
-0.388
-0.715
-1.975
-2.071
-2.187
-1.710
-1.109
-0.340
-1.416
-1.315
-0.657
-0.822
-0.994
-0.600
-0.435
-0.784
-0.492
-0.141
-0.115
-0.263
-1.796
-0.077
-1.406
-0.524
-1.691
-0.913
-1.023
-0.322
-0.282
-1.287
 0.189
-2.149
-0.421
-1.791
-1.073
-1.603
-0.943
-0.991
-0.527
 0.139
 0.293
 0.451
 0.187
-0.013
-0.698
 1.081
-0.407
-0.190
 0.053
 0.664
 0.094
 0.192
-1.403
-2.465
-0.745
-0.954
-2.452
-1.338
-1.904
-2.406
-3.045
-1.737
-0.633
-0.561
-1.006
-1.395
-1.474
 0.091
-0.811
 0.503
-1.918
 0.551
 1.798
 1.037
-0.840
-0.985
 0.373
 0.777
 0.239
-0.968
-1.177
 0.419
 0.553
 1.266
-0.349
 0.369
 0.939
-0.643
-0.217
 0.414
 0.174
 0.680
-0.595
-0.224
-1.094
-0.742
-0.147
 2.160
 1.764
-0.011
 0.888
-1.172
-0.220
 0.976
-1.154
-1.108
-0.413
-0.441
 0.712
 0.786
-1.065
-0.518
-1.406
-0.839
-0.596
-0.335
 1.015
-0.339
-0.179
-0.862
-0.410
-0.410
-1.594
-1.365
 0.378
 1.668
-1.507
-1.369
-0.632
 1.813
 0.450
 1.406
-0.876
 0.538
 0.532
 1.695
 0.179
 1.466
-1.583
-1.408
-0.142
 0.494
-0.677
-1.581
-0.084
-0.082
-0.001
 0.942
 0.971
 0.715
 0.015
 0.921
 0.338
 0.622
 1.080
 1.251
 1.463
 0.365
-0.540
 0.216
-0.264
-0.979
-0.002
-0.005
-0.155
 0.465
 0.404
 0.010
-0.398
 0.854
-0.076
-0.105
 1.152
 0.182
 0.440
-1.074
 0.504
 0.645
 1.207
 0.194
-1.238
-1.049
-0.886
-0.242
-0.405
-0.713
-1.525
-0.109
-1.136
 0.186
 0.292
 0.110
 0.652
 0.186
 0.602
 0.231
-0.354
-0.083
 0.215
 1.622
 1.665
 0.746
 1.438
 0.659
 0.251
 0.393
 0.368
 0.436
 0.876
-0.535
-0.916
 0.323
-0.003
 0.155
 0.437
 1.162
 1.732
 0.932
 0.253
-0.250
 0.650
 0.433
-0.517
-1.440
-1.042
-0.541
 0.049
-0.254
 0.596
 1.910
-0.160
 0.502
 0.143
 0.767
 1.364
 0.333
-0.198
-0.755
 0.181
 0.038
-0.737
-1.541
 0.897
-0.445
-1.878
-0.801
-0.754
-0.903
-1.219
-0.116
 0.125
 0.162
 0.053
 0.612
 0.955
-0.337
-1.068
-0.065
 0.752
 1.706
 2.638
 1.661
 0.746
 0.699
 0.399
 1.484
 1.195
 1.183
 0.396
 0.015
-0.537
 0.749
 1.350
 0.502
 0.438
 0.935
 1.476
 1.318
 1.873
 0.738
-1.299
-1.338
-0.299
-0.795
 0.476
-0.854
-0.149
-2.335
-1.568
-1.594
 0.034
 1.137
-1.759
 0.965
-1.121
-0.722
 1.201
 0.746
-1.657
 0.526
-1.185
-0.395
 0.320
 0.898
 1.937
 0.717
 0.004
 0.218
 1.294
 1.781
 0.001
 1.781
 1.085
-0.081
-0.015
 2.010
 0.002
 0.458
 1.070
 0.462
 1.972
-0.273
-0.168
 0.396
 0.035
 0.675
 0.992
 1.707
 0.667
 1.439
-0.281
-0.284
 1.475
 0.083
 2.075
 1.356
 0.942
 0.310
 0.370
 0.600
 0.304
-0.303
-0.334
-0.384
 0.505
 1.958
 0.314
 0.316
-0.134
 0.663
 0.089
 0.624
-0.614
 0.620
 0.907
 0.310
-0.041
 1.085
 2.034
 0.780
-0.839
-0.395
 0.741
 0.392
 2.288
 1.749
 0.439
 1.351
 0.956
 1.556
 0.041
-0.998
-0.356
 0.499
 0.704
 0.687
 0.516
 0.197
 0.427
 0.311
 1.877
-0.024
 0.944
 1.656
-0.661
-0.948
-0.453
-0.096
-0.676
-1.688
 1.073
-0.648
-1.416
-0.981
 0.325
-0.413
 0.711
-0.167
 1.053
 0.764
 0.788
 0.198
-0.470
-0.568
 1.412
 0.226
-0.903
-0.305
-1.474
-1.606
-0.198
 0.071
-0.626
-0.669
-0.582
-0.234
-0.089
-0.970
-2.076
-1.425
-0.589
-0.896
 0.147
 0.253
-1.257
-0.549
-0.407
 0.786
-0.912
-0.785
-1.819
-1.382
-1.309
 1.534
 0.181
 1.050
 1.669
 2.174
 1.452
 0.475
 0.375
 0.823
 1.396
 0.675
-0.252
-0.236
 0.381
 1.208
 0.588
 0.785
 2.012
 1.488
 0.453
 0.293
-0.409
-1.300
 0.590
-0.616
 0.210
 1.100
 0.720
 1.051
-0.177
 0.020
 0.135
-2.229
 0.206
 0.843
 0.665
 0.189
 2.171
 0.966
 0.019
 0.267
 0.566
 1.106
 0.739
 1.299
-0.010
 1.159
 0.902
-0.185
 1.461
 1.053
-0.396
-0.512
 0.764
 0.094
-0.508
 0.558
 0.332
-0.477
 1.138
-0.633
 0.624
-0.564
-0.224
 0.617
-0.177
 1.260
 0.875
-1.170
-0.552
-0.160
 0.217
-1.089
-0.100
-0.839
-0.524
-0.124
 1.359
-0.244
 0.463
 0.192
-0.464
 1.355
 0.540
-0.414
-0.487
-2.390
-3.357
-2.379
-0.498
-0.336
-1.165
 1.832
-1.195
-0.664
 1.504
-0.241
-0.271
-0.488
 1.539
 1.195
 1.524
 1.332
-0.608
-0.010
 0.099
-0.497
-0.786
-0.805
 0.221
 0.376
 0.066
 0.591
 2.027
 0.035
-1.083
-0.451
-1.075
 0.146
 0.646
-0.105
 1.055
-0.585
-0.047
-0.147
 1.397
-0.134
 1.406
 0.031
 0.525
-1.406
-0.749
 0.591
-0.939
-0.083
 1.759
 1.257
 1.072
 0.215
 0.216
-0.060
 0.573
 1.442
 1.101
 1.319
 0.814
 0.614
-0.191
-1.232
-0.365
-0.026
 0.133
 0.160
-1.007
 0.864
-0.222
 1.265
 0.549
 0.136
 0.523
 0.618
-1.027
 0.066
 1.078
 0.109
 1.183
 0.036
 0.050
 0.222
-0.627
 0.229
 0.977
 1.357
-0.549
-0.054
 0.119
 1.429
 0.446
-0.328
 0.297
 1.086
 1.621
-0.306
 0.313
-0.332
-0.118
-0.962
 0.977
 0.770
 1.811
 0.675
 1.450
 3.650
 0.250
-0.068
 1.526
 1.608
 2.248
 2.641
 1.876
 1.870
-0.145
 0.382
 1.029
 0.371
 0.415
 1.730
 0.698
 2.072
 2.058
 2.877
 2.319
 1.585
 1.669
 1.813
 0.896
 0.341
 1.783
 1.347
 1.546
 0.929
-0.732
 1.043
 0.225
 0.888
 1.608
 1.772
 2.308
 1.473
 2.326
 2.106
 0.913
 0.353
 1.747
 1.233
-1.015
 1.266
 0.248
 0.289
 0.284
-0.497
 1.366
 1.478
 1.291
 0.802
 1.378
 0.209
 2.072
 2.884
-0.311
 0.532
 1.497
 1.719
 1.983
 0.783
 0.773
 0.687
 0.625
-0.598
 1.168
 1.598
 1.968
 1.892
 2.750
 1.534
 2.038
 2.511
 1.963
 2.259
 2.361
 3.039
 3.036
 1.906
 2.878
 2.097
 2.062
 2.936
 1.590
 2.708
 1.676
 1.621
 0.494
 1.489
 1.620
 1.418
 1.428
-0.330
 1.031
 1.500
 0.573
 0.379
 1.354
 1.648
 1.777
 0.850
 2.971
 2.219
 1.215
 1.541
 1.728
 2.077
 1.306
 2.697
 0.779
 0.818
-0.246
 1.100
 0.624
 1.285
 2.238
 1.935
 0.882
 1.265
 1.355
 1.557
 1.161
 0.321
 0.118
 1.446
 0.042
 0.087
 1.586
 1.479
 1.325
 1.576
 1.677
 1.905
 1.066
 3.493
 1.563
 1.614
 1.725
 1.110
 1.253
 0.854
 0.597
 0.915
 0.737
 1.111
-1.214
 1.433
 1.529
 0.290
 0.441
 0.481
 0.136
-0.829
-0.496
-0.583
 0.248
-0.087
 0.163
-1.842
-0.388
 0.737
-0.052
-0.509
 0.092
 0.495
 1.682
 2.071
 2.044
 1.329
 0.058
 1.000
 1.101
 0.842
 1.876
-0.672
 0.306
 0.576
 0.621
 0.372
 0.793
 1.311
 1.126
 1.290
 1.788
 1.364
 0.710
 1.357
 1.392
-0.578
 0.578
 0.861
 0.673
 0.636
 0.860
 0.728
 0.759
 0.921
 2.598
 2.537
 3.005
 1.803
 0.896
 1.445
 0.428
 0.561
 0.420
 0.863
 0.355
 1.843
 2.315
 2.209
 1.117
-0.038
 1.075
 0.728
 1.722
 0.837
 1.967
 0.164
 1.492
-1.085
 0.115
-0.176
 0.637
-0.538
-0.579
-0.019
-0.598
-0.029
-1.583
-1.797
 1.407
-1.892
-1.535
-0.731
-1.377
-0.383
-1.413
-0.183
-1.678
-0.802
 0.890
-1.044
 0.279
-1.191
 1.081
-0.496
 0.130
-0.287
 0.981
 0.007
-0.973
-0.460
-0.458
-0.492
-0.583
-1.386
-0.009
-0.702
 0.607
 1.227
-0.921
-0.517
 0.733
-0.996
-1.964
-0.341
-0.363
-1.478
-2.115
-2.755
-0.010
-0.612
-1.175
 0.488
 0.018
-0.620
 0.449
 0.121
 0.168
 1.070
 0.740
 0.488
-0.190
-0.529
 0.560
-0.481
 1.045
 0.263
 0.611
 2.084
 1.464
-0.304
-0.111
 0.412
-0.060
-1.018
 0.280
 0.730
-0.139
-1.086
-0.068
-0.012
 0.497
-0.909
 0.087
 1.025
-0.806
 0.723
-0.415
 0.804
-0.829
 1.444
-0.918
-0.669
-0.182
-1.726
-0.828
 0.863
 0.006
 0.800
 0.387
-1.017
 0.054
-0.774
-0.224
-0.398
-0.604
 0.889
 1.295
 0.520
 0.838
-1.044
-1.637
-2.339
-1.294
-0.618
-0.093
-1.883
-2.251
-2.041
-0.674
-0.505
-0.651
-0.273
 0.464
-0.175
 1.042
 1.574
 0.572
 1.150
-0.079
-0.135
 1.138
-0.314
 0.032
-0.408
-0.198
-1.143
-0.237
 1.993
 0.981
 0.315
-0.804
 0.213
-0.592
-0.567
 1.187
 0.940
 0.564
 0.815
-0.352
 0.773
 1.386
 0.859
-0.245
 0.542
 0.561
 0.619
 0.208
-1.292
-0.268
 0.716
-0.535
 0.310
 0.547
 1.635
 0.737
-0.093
 0.373
 0.681
 0.949
 1.562
 0.817
-0.338
-2.076
-1.085
-0.003
 0.282
 0.008
-1.420
-0.728
-1.247
-0.652
-1.150
-0.524
 0.644
 0.172
 0.691
-0.311
-0.630
-0.378
-0.150
-0.426
 0.463
-0.736
-0.033
-0.345
-1.259
-0.052
 0.995
-0.652
 0.714
-0.714
 0.783
-0.062
-0.194
 0.463
 0.596
 1.088
 0.993
 0.843
 1.334
 0.668
 0.773
 0.948
 1.643
 2.131
 2.152
 2.044
 1.045
 0.163
-0.251
 0.334
 1.452
 0.749
 0.429
 0.856
-1.321
-0.378
 0.170
-0.330
-0.491
-1.458
-1.289
-1.872
-1.015
-0.811
 0.001
 1.278
 1.949
 0.102
 0.829
 0.621
-0.332
 0.229
-0.524
-0.196
 0.134
-1.116
-1.648
-1.476
-1.051
-0.525
-1.866
-1.554
 0.172
-0.492
-1.731
-0.227
 0.151
 0.500
-0.503
 0.376
 0.653
-0.277
-0.230
-0.040
-0.324
-1.278
-1.882
-1.268
-1.193
-1.813
-1.414
 0.136
 0.988
-1.285
-0.612
-0.970
-1.033
-0.906
-1.284
-1.439
 0.038
-0.595
-0.811
-1.656
-0.107
-0.082
-0.347
-0.678
-2.174
-1.835
-1.087
-1.839
 0.407
 0.160
-0.524
-1.820
-1.385
-2.281
-0.271
 1.064
 1.202
 0.772
-0.622
-0.370
 0.160
-0.035
-0.403
-1.056
 0.339
 1.067
 1.191
 0.809
 0.603
 0.438
 0.419
-0.613
 0.332
-0.896
-0.120
-0.983
 0.204
 1.082
-0.078
 0.313
-0.080
 1.303
 0.969
 0.520
-0.779
 0.052
-0.466
-0.546
-0.814
-2.158
-1.377
-1.059
 1.426
 1.020
-1.066
-1.274
-0.557
-1.472
-0.708
 1.287
 0.659
 0.578
 0.204
 0.881
 1.404
 0.714
-1.042
-0.535
-1.015
-0.994
 1.108
 0.074
-0.863
-0.982
 1.381
 0.303
 1.146
 1.297
 0.551
 0.543
 1.875
-0.513
-0.543
-1.055
-1.490
-1.131
 0.250
 0.551
 1.390
 2.002
 0.811
-0.291
 0.467
-0.314
 1.826
 2.004
 1.129
-0.351
 1.313
 2.121
-0.382
 0.936
 0.362
 0.168
 1.478
 1.086
 1.888
 0.254
 0.085
 0.512
 1.773
 1.151
 1.085
 1.077
 2.214
 1.112
 0.959
 0.740
 0.358
-0.447
-0.206
 1.787
 1.058
 1.568
 2.064
 1.058
 0.106
 0.309
 1.742
 1.015
 1.577
-0.693
-0.319
-0.019
 0.368
-0.271
 0.000
-0.353
-0.102
 0.353
-0.655
 0.040
 1.288
-0.354
-0.645
 0.997
 0.765
 0.703
 1.282
-0.083
-1.176
-0.507
 0.176
 0.313
 0.738
-1.124
-0.032
-0.051
-1.949
 0.252
-0.171
 1.211
 0.703
 0.077
-0.060
 1.032
 1.536
 0.106
 0.120
-0.930
-0.506
 0.847
 0.483
 1.637
 0.559
 1.488
-0.167
 1.029
-0.846
-0.004
 0.169
-1.569
 0.841
 0.173
 0.180
-0.249
-0.718
 0.200
-2.609
-0.436
 0.533
-1.014
 1.046
 0.677
-0.343
-0.707
-0.742
-1.901
-2.015
 0.748
-1.450
-0.823
-0.259
-1.286
-0.986
-1.014
-0.627
 1.312
 1.493
 0.029
-0.362
-0.437
-0.700
-0.411
-1.394
-2.607
-1.406
-1.389
-0.977
-1.562
-1.502
 0.350
-0.003
 0.730
-0.231
-0.408
 0.836
 1.473
 0.280
-1.204
-0.613
-0.048
-0.193
-0.095
-0.451
-0.197
-1.185
-0.192
 1.161
-0.060
 0.815
-0.036
 0.532
 0.048
-0.680
 0.338
 1.000
 0.478
-0.360
 0.260
-0.936
 0.335
 1.125
 1.219
 0.410
 0.786
-0.765
 0.105
-0.271
 1.691
 0.585
 0.621
 0.295
-0.180
 0.261
 0.883
 1.358
 1.254
 0.364
 1.074
 1.560
 2.139
 0.683
-0.049
 0.221
-1.242
-0.586
 0.420
 1.099
 0.333
-0.515
-0.286
-0.450
-1.107
 0.151
-0.228
 0.568
 0.018
 0.434
-0.651
 1.898
 1.142
 0.810
 1.229
 0.192
 0.761
 1.867
 0.559
 0.425
-0.430
 0.268
-0.864
-1.451
 1.037
 1.505
 0.884
 1.268
 1.234
 0.997
 1.054
 0.692
 0.671
 1.413
 1.756
 1.125
 1.803
 1.860
 1.257
 1.461
 1.313
 0.672
 1.037
 0.947
-1.059
-0.437
-0.485
-0.777
 0.863
 0.077
 0.605
 0.514
 1.306
 0.107
 0.001
 0.793
-0.641
-0.606
 0.676
 0.682
 0.659
 1.264
 0.491
-0.070
 0.331
 0.163
 0.575
-0.625
 1.633
-0.278
-0.265
 1.492
 1.146
-1.225
 0.422
 0.048
 0.042
 2.106
 0.375
 1.068
 1.372
 1.091
 0.225
 0.525
 0.246
-0.149
 0.322
-0.221
 0.246
 0.233
 1.172
-0.045
 0.788
 1.747
 1.192
 0.537
 0.104
 0.297
-0.124
 0.373
-0.672
-0.042
 0.714
-0.067
 0.384
 0.805
 1.120
 1.919
 1.360
 0.605
 0.455
-0.223
-1.837
 0.007
-0.719
 0.437
 2.407
 0.959
 0.964
 0.278
 0.357
 1.087
 0.755
 1.433
 0.667
 0.507
 1.556
 0.231
 1.484
 1.120
 2.103
 2.104
 0.483
 0.255
 0.462
-0.239
-1.931
 0.080
 0.628
 0.278
 0.305
 0.433
-0.377
 1.936
 1.495
 0.282
 0.434
 1.394
 1.995
 1.372
 1.267
 2.148
 0.950
 1.370
 0.548
-0.313
 0.630
 0.439
 0.194
-0.094
-1.015
-0.309
 0.202
 1.051
 1.192
 0.841
 1.224
 1.853
-0.078
 1.947
 0.619
 1.313
 0.697
 1.097
 1.644
 0.802
-0.796
 0.242
 1.335
 0.752
 2.109
 2.074
 0.204
 0.147
 1.655
 1.751
 0.918
-0.409
 1.548
 0.864
-0.471
 0.380
-0.594
 1.119
 1.056
 0.377
 0.892
 0.966
 0.692
 0.126
 1.517
 1.300
 1.374
 0.662
 0.890
 0.227
 1.183
 0.639
 0.166
 0.327
 1.329
 1.501
 1.724
 1.177
 1.077
 1.804
 0.701
 0.467
 0.048
 1.431
-0.444
 0.316
 1.121
 0.371
 0.496
 0.760
 0.789
 0.931
 1.046
 0.622
 2.330
 1.352
-0.514
-0.241
 1.530
 0.709
 0.614
 1.864
 0.441
-0.249
 1.226
 1.930
 1.851
 2.461
 2.479
 1.289
 0.515
 0.850
 1.344
 1.342
 0.514
-0.050
 2.602
 1.519
 2.714
 1.364
 0.798
-0.222
-0.060
 0.208
 0.985
 0.650
 0.684
 2.271
 1.839
 1.922
 1.990
 1.209
 1.765
 2.204
 1.171
 1.327
 1.886
 2.286
 0.805
 0.366
 2.340
 1.271
 0.710
-0.441
 1.128
-0.118
 1.413
-0.338
 1.544
 1.355
 1.243
 0.875
-0.042
 1.518
 1.371
 0.851
 2.129
 0.224
 0.069
 0.175
 0.295
 0.888
 1.182
 0.587
 0.981
 0.238
 2.351
 1.519
 1.287
-0.349
-0.199
 0.555
 0.830
 0.984
 1.137
 0.706
 0.183
 1.955
 1.532
 1.752
 1.505
 1.223
 1.220
 0.886
 1.004
 0.525
 0.663
 0.823
 0.221
 0.344
 0.753
 0.469
-0.901
-0.938
-0.925
 0.005
 0.644
-0.814
 0.101
 0.268
 1.589
 1.306
-0.760
 0.279
-0.016
 1.150
-0.052
-0.201
 0.326
 0.826
 0.175
 0.163
-0.299
 1.312
-0.046
 1.464
 0.768
 0.112
 1.679
-0.213
-1.674
-0.325
 0.314
 1.052
 0.385
 1.172
-0.009
-0.075
 0.452
 0.962
 1.139
 0.521
 0.033
 0.529
 0.535
 1.078
 0.831
 0.915
 2.801
 0.570
 1.184
 1.568
 1.009
 0.846
-0.019
 1.446
 2.127
 1.513
 1.625
 0.849
 1.168
 0.538
 1.477
 0.883
 0.317
 0.958
 1.142
 1.742
 0.823
 1.369
 2.166
 0.986
 0.379
 1.671
 0.549
 1.085
 0.101
-0.149
-1.156
 0.964
-0.156
 0.355
-0.273
 0.129
-0.898
-0.429
 1.508
 0.329
 0.799
-0.622
 0.263
 0.341
 1.897
 1.402
 0.813
 1.868
 0.819
 0.229
 0.173
-0.257
 1.403
 1.215
 1.216
 1.048
 1.835
 0.529
 0.899
 0.366
 1.330
 0.911
 1.559
 1.585
 1.957
 1.376
 1.744
 2.670
 2.264
 1.802
 0.191
 1.769
 2.641
 1.305
 1.222
 1.383
 1.723
 0.459
 0.169
 0.151
 0.862
 1.102
 1.448
 0.363
 0.981
 0.686
-0.365
-0.475
 0.925
 2.368
 1.193
 0.746
 1.888
 0.870
 0.721
 1.997
 1.531
 1.146
 2.243
 1.407
 0.429
 0.844
 0.127
-0.280
 0.532
 0.147
-0.308
 0.138
-0.464
 0.025
 1.239
 0.250
 0.569
-0.670
 2.289
 1.434
 0.906
 0.419
-0.063
-0.397
-1.253
 0.449
 0.116
-0.122
 0.305
 1.647
-1.920
 0.055
-0.723
-0.118
 0.388
-0.373
 0.069
-0.528
-0.221
-1.589
-1.249
-0.243
 0.004
 1.043
 1.069
 1.104
 0.955
 0.417
 1.014
 0.721
-0.404
-0.241
 0.531
 0.423
-0.422
-0.178
-0.350
-0.824
 1.236
 0.307
-1.005
 0.558
 0.791
 0.539
 0.427
 0.030
 1.301
-0.025
 0.345
 0.306
 2.589
 1.173
 2.035
 0.881
 1.251
 1.310
 1.153
 0.729
 0.114
-1.753
 1.179
-0.553
 0.989
-0.533
 0.111
-0.278
-0.559
-0.613
-1.344
 0.385
 0.983
 0.248
 0.114
 1.030
-1.503
-0.963
-0.077
-0.365
 1.192
-0.205
 0.740
 1.082
-0.353
 0.716
 0.159
 0.219
 1.986
-0.438
 1.479
 1.696
 0.770
 0.627
 1.740
 1.738
-0.787
 1.420
 0.350
 1.450
-1.032
-1.851
-0.140
 0.297
-1.650
-1.509
-1.057
 0.394
 0.577
-0.230
-0.233
-0.266
-0.002
 0.259
 1.131
 0.575
-0.195
 0.206
-0.314
 0.277
-0.039
-1.467
-1.175
-0.275
-0.144
 0.231
 1.735
 0.118
-1.310
-0.030
 0.487
 0.156
 0.437
-0.454
 0.532
-0.217
-0.656
-1.518
 0.126
 0.163
 0.865
 1.182
-0.701
-0.553
-1.407
-1.777
-0.118
 0.795
 0.602
 0.672
-0.346
-1.176
-0.746
 0.312
 1.318
 0.584
 0.203
 0.693
-0.039
 0.250
 0.619
-0.877
-1.140
 0.585
 1.872
-0.711
 1.169
 0.565
-0.948
 0.980
 0.493
-0.614
-0.176
-0.257
-0.368
 0.881
 0.311
 1.118
 0.426
 0.254
-1.237
 0.702
 1.952
 1.084
-0.184
-0.527
 1.547
 1.003
 1.172
 0.494
 0.779
-0.700
-1.889
 0.021
-0.310
 0.076
 0.047
 0.681
 1.983
 0.692
 0.178
-0.504
-1.088
 0.027
-1.492
-0.763
 0.696
 0.391
 0.445
 1.652
-0.109
-0.731
 0.011
 1.051
 1.297
 0.537
-0.320
 0.709
 0.495
 0.005
 1.100
 2.710
 0.782
 0.808
 0.364
-0.265
-1.182
-0.629
 0.176
 0.737
-0.616
 0.016
-0.643
 0.160
 0.610
 0.110
 0.083
-0.711
-0.293
-0.652
-1.862
 0.441
 0.216
-0.418
-1.197
 0.183
 0.564
 0.692
-1.074
-0.421
-1.826
-0.039
 1.665
 0.923
-0.695
-0.699
 0.193
-0.221
-0.016
 0.662
-0.175
 0.567
 0.564
 1.264
 0.628
 1.919
 0.154
 0.481
 0.336
-0.520
 0.605
 0.672
 2.163
 0.650
 1.443
 0.049
 0.764
 0.738
 0.467
-0.419
-0.111
 0.698
 0.607
-0.609
-1.473
 0.015
 1.220
 1.601
 0.665
 0.289
 0.203
 0.145
 1.548
-0.206
 1.028
-0.132
-2.308
-1.229
-1.416
-2.417
-2.677
-2.134
-0.900
-0.804
-0.056
-0.240
-0.369
-1.408
-2.008
-1.850
-1.153
-0.921
-1.007
-0.137
-1.678
 0.110
-0.363
 0.671
 0.025
 1.175
 0.871
-0.012
-1.325
-1.024
 0.826
-0.112
 0.154
 0.881
-0.119
 0.631
 1.689
-0.581
 0.191
 0.372
-0.104
 0.101
 0.402
 0.192
 1.030
 0.862
-0.226
 0.398
 0.149
-0.370
 0.153
-0.514
 0.077
 0.327
-0.237
 0.078
-0.743
-1.409
-0.627
-0.477
-1.310
 0.029
-1.275
 0.465
-0.581
-0.922
-1.738
-0.755
-1.591
-0.677
-1.262
-1.140
-1.274
-0.018
-0.605
 0.510
 1.531
-0.019
 0.980
 1.604
 0.434
-0.328
-0.030
 0.104
-0.587
-0.079
-0.045
-0.225
 0.963
-1.795
-1.997
-2.448
-2.626
-2.102
 0.011
-1.227
-0.623
-0.454
-1.552
 0.386
-1.376
-1.264
-0.369
 0.782
 0.631
-0.858
-1.225
 0.389
 0.696
 1.051
-0.200
 0.305
 0.335
-0.006
 0.330
 1.380
 1.002
 0.257
 0.388
 0.340
 0.296
 0.321
-0.313
 0.816
 0.637
 1.383
-0.862
-0.831
-0.534
-0.734
 0.543
-0.361
-2.214
-1.752
-1.279
-0.266
-1.517
-0.408
-0.021
-0.102
 0.663
-0.810
-0.967
 0.347
 0.951
 0.566
-1.601
-1.418
-0.803
 0.089
-0.335
 0.229
-0.222
-2.563
-0.782
-0.424
 0.716
-0.180
 0.578
-0.331
-1.838
-0.782
-1.475
-1.242
-0.957
-1.878
-0.951
-0.956
-0.906
-1.188
-2.610
-1.999
-1.601
 0.282
-0.067
 1.136
 0.246
-0.558
-2.951
-0.377
-0.687
-0.219
-0.553
-0.306
 1.007
 0.332
-0.238
-0.229
-0.400
 1.527
 1.176
 0.929
-0.444
-1.107
-0.978
-0.043
 0.356
-0.883
-0.495
-0.340
-0.278
-1.662
-1.121
-2.433
-1.968
-0.080
 0.036
 0.272
 0.996
 0.185
-0.026
-0.943
 0.377
 2.276
 1.897
 0.690
 0.133
 0.478
-0.150
 0.196
 0.874
 1.515
 0.139
-0.132
 0.638
 0.302
 0.767
 0.063
 0.500
 0.375
-0.612
 0.394
 0.669
-0.409
 0.825
 0.832
-0.037
 0.563
 0.488
 0.818
 0.408
 0.540
-0.459
 1.150
 0.650
-0.955
-0.489
-0.286
 0.220
 1.854
 1.522
 2.622
 0.994
 0.536
 0.259
-0.542
-0.436
-1.158
 0.739
 0.999
 0.588
 0.980
 0.481
 0.619
 1.639
 1.524
 1.379
 0.830
 0.068
 0.734
 0.443
-0.010
 2.042
 0.158
-0.307
-0.571
-0.968
 0.770
 1.467
 0.491
-0.450
 0.481
-0.211
 0.270
-0.261
-1.175
 0.710
-0.639
-1.472
 0.643
 0.376
 0.020
 0.090
-0.899
-0.301
 0.280
-0.978
 0.508
-0.791
 0.017
-0.015
 0.868
 1.718
-0.123
-1.480
 0.565
-0.254
-0.310
 1.427
 0.432
 1.574
-0.042
-0.849
-1.464
-0.470
-0.305
-0.325
 0.539
-1.299
-1.232
-0.699
 0.184
-1.570
-2.064
-1.066
-2.445
-0.065
-0.671
-0.455
 0.975
 0.879
 2.275
-0.673
 1.322
 1.490
 1.398
 0.823
-0.410
 0.046
 0.375
 1.004
-0.438
-0.565
-1.647
-1.470
 0.951
-0.304
-0.700
-0.788
-0.870
-0.440
-0.268
 1.009
 1.246
 0.085
 0.136
-0.490
-0.282
 0.251
 0.108
-0.015
-0.148
-1.001
-0.611
-0.876
 0.372
 0.998
 0.371
 0.793
-0.776
-0.167
-0.289
 0.405
 0.601
 0.837
 0.727
-1.246
 1.248
-0.991
-0.309
-0.302
-1.777
-0.574
-0.896
-1.045
-1.249
-1.089
-1.491
 0.904
 0.153
 0.738
 0.467
 0.428
-0.620
 0.487
-0.890
-0.127
 0.108
 0.818
 1.421
 2.035
 2.602
 2.137
 1.258
 0.052
 0.669
 0.547
-0.082
 0.170
 0.291
-0.168
 0.246
 0.128
 2.296
 0.245
 1.639
 1.680
 0.684
 0.544
 0.135
-0.260
 0.010
 1.398
-0.333
-0.896
 0.605
 0.826
-0.507
 0.262
-0.078
 0.578
-0.305
 1.071
 1.254
 0.860
 0.549
-0.175
 0.458
-0.859
 0.442
-0.396
-1.003
-0.951
 0.130
-0.564
-0.691
 0.831
-0.447
-1.687
-0.109
-0.861
 1.288
-1.156
-0.442
-0.068
-0.232
 0.499
 0.098
 1.322
-0.116
-1.098
 1.294
 0.608
 0.030
 1.145
-0.601
 0.424
 0.831
 1.257
 0.638
 0.744
-0.487
 0.917
 0.325
 1.177
 0.645
 0.483
-0.445
-0.079
 1.683
 0.731
 1.561
 2.229
 3.048
 0.657
 2.368
 1.370
 1.851
 2.912
-0.240
 0.844
 0.048
 2.257
 1.094
-1.204
-0.290
-1.990
-0.623
-0.473
 0.164
 0.372
-0.116
 0.034
-0.929
-1.714
-1.027
-0.109
-0.089
 0.318
-1.841
-0.343
-1.931
-0.144
-1.533
-1.799
-1.248
-2.158
-0.605
-1.286
-1.701
-1.299
-2.394
-1.447
-1.101
-1.375
-0.640
-0.530
-1.828
-2.030
-1.908
-1.321
-1.283
-1.051
-0.293
-0.865
-0.112
-1.946
-1.231
-1.070
-0.569
-0.982
 0.755
-1.089
 1.189
 0.765
-0.291
-2.320
 0.158
 0.641
-1.258
-1.599
-0.169
-0.783
-1.421
-0.628
 0.863
 1.099
-0.170
 0.610
 0.805
 0.698
 0.196
 1.667
 1.387
 0.264
 0.657
-0.380
-1.146
 0.505
 0.751
 0.979
 0.393
-0.866
-0.031
-0.933
-1.564
-0.530
-0.098
-0.651
-0.044
 0.503
-0.248
 0.025
-0.740
-0.615
-1.215
-0.253
-1.182
 0.056
-0.947
 0.880
-0.675
 0.371
 1.322
 1.046
-0.550
-0.539
-0.143
 1.047
-0.956
 0.547
 0.143
 0.267
-0.793
 2.879
 1.565
 2.074
 1.869
 1.132
 2.273
 1.594
 0.022
 1.269
 2.078
 0.141
 1.122
 0.106
 0.149
-0.356
-1.097
 0.472
-0.178
-0.365
 0.299
 2.107
 1.433
-1.156
 0.320
 0.386
 1.860
-0.600
 0.559
-0.472
-1.474
-1.270
-0.050
 1.264
-0.640
-1.619
-0.928
-0.965
-0.689
 0.457
-0.404
-1.188
-0.545
-0.229
-0.098
-0.003
 0.908
-0.126
-1.109
 0.203
-0.095
 0.005
-0.373
 0.723
 0.522
 0.627
 0.397
-0.055
-0.403
-0.538
-2.215
-2.125
-0.359
 0.035
-0.255
-0.456
-0.385
-0.180
-1.555
-0.460
-0.519
-2.005
-1.418
 0.106
-1.292
-1.235
-0.581
 0.935
 1.352
 0.133
-0.031
-0.251
 0.166
-1.071
-1.518
-0.344
 0.273
 1.292
 0.299
 0.983
 1.434
 0.671
 0.502
 1.502
 0.869
-0.132
-0.559
-1.920
-0.383
 1.802
 1.902
 0.103
 0.707
-0.850
 0.544
-0.341
 0.070
 1.640
 2.096
 0.013
 1.460
 1.223
 0.922
-1.828
-0.330
 1.300
 0.199
 0.162
 0.957
 0.387
-0.123
 0.775
 0.390
-0.220
-0.193
-0.694
 0.196
-0.875
-1.398
 0.228
 0.820
 0.755
-0.233
-0.886
 1.227
 0.084
-0.309
 0.644
 0.227
 1.112
-0.839
-1.302
-0.032
-0.123
 0.453
 1.277
-1.091
-0.596
 0.449
-0.726
-0.046
-0.664
-0.321
-1.444
 0.398
-2.165
-1.149
-1.867
-0.365
 0.481
 0.298
-0.034
-1.061
-0.703
 1.809
-1.331
 0.264
 0.612
 0.607
 1.519
-0.143
 0.827
-0.544
 0.017
-0.369
-1.078
 0.749
 1.549
-0.730
-0.600
-1.306
-0.994
-0.641
-0.725
-0.616
-0.730
-1.248
-1.301
-0.767
-0.284
 0.389
 0.584
 0.787
 0.137
 0.185
-1.594
-0.792
 0.315
 0.111
-1.370
-1.502
-0.766
-1.118
-0.514
-0.129
-1.152
-0.272
-0.895
-0.251
-0.988
 0.531
 1.098
-0.686
-0.963
-0.228
 0.512
 0.271
-0.069
-0.769
 0.236
-0.095
-0.604
-0.807
-0.972
-0.229
-0.103
-0.299
-1.017
-0.162
-0.705
 1.498
 0.270
-0.350
-0.763
-0.003
-1.007
-0.713
 0.881
 0.428
 0.708
-0.599
-1.027
-0.650
 1.012
-0.565
-0.073
 0.217
-0.185
 0.238
 2.480
 0.801
 0.440
 1.410
 0.135
-0.668
-0.430
-1.535
-0.736
-0.745
-0.730
 0.595
-0.283
 2.005
 0.584
-0.126
-0.624
-0.464
 0.463
-0.242
 0.991
 0.164
 1.612
 0.133
-0.033
-0.099
-0.751
-0.147
 0.733
 1.226
 0.929
 0.176
 1.188
 1.591
 0.917
 1.902
 2.460
 0.027
 0.880
 1.600
-0.424
 1.874
 0.641
-0.007
 0.787
-0.063
 1.775
 1.456
-0.183
 1.076
 2.580
 1.348
 0.999
 0.290
 1.681
 1.668
 1.511
 0.275
-0.331
 0.359
-0.603
 1.855
 2.389
 1.499
 1.281
 0.490
 1.422
 1.592
 1.870
 1.124
 0.740
 0.402
-0.262
 0.607
-0.442
 0.189
 1.316
 0.460
 0.357
 0.671
-1.074
 1.370
 0.781
 0.950
 1.226
 0.973
 1.425
 1.849
 0.535
 1.123
 0.046
 1.202
 0.610
-0.313
-0.078
 0.154
-0.168
 0.413
-0.597
-0.826
-0.334
 0.774
-1.233
-0.241
 0.877
-0.661
 0.220
 0.017
-1.029
-0.247
-0.623
-0.658
-0.049
 0.536
 0.356
 0.425
-1.322
-0.298
 0.522
-1.046
-1.144
-0.650
-0.274
-0.879
-0.501
 1.150
 2.015
 1.146
 0.111
 1.186
-0.177
-0.404
 0.121
 0.749
 0.538
 0.492
-0.373
 0.165
-0.070
-1.769
-0.564
-1.537
-1.067
 0.234
 0.317
-0.043
-0.492
-0.542
-2.028
 0.276
 1.323
 0.342
-0.008
 0.803
 0.685
 0.093
 0.572
 0.801
 0.253
-0.634
 0.528
 0.202
-0.868
-1.686
 0.761
 0.419
 0.209
 1.283
-0.521
 0.698
-0.677
-0.033
-0.038
 0.245
 1.017
 0.205
-1.041
-0.608
-1.755
 0.212
 1.295
 0.205
-1.228
 0.750
 0.489
 0.912
-0.370
-1.589
-1.910
-1.197
 0.253
 0.269
 0.364
 1.340
 0.441
-0.485
-2.618
-2.058
-0.957
-0.776
-1.030
-0.215
-0.671
-0.913
-1.161
-0.151
-1.136
-1.481
-0.762
 0.637
-1.406
 0.163
-1.465
 0.150
-1.757
 1.278
-1.709
-1.576
-2.259
-1.673
-1.970
-0.519
-2.020
 1.304
 1.337
-0.333
 0.382
-1.515
-0.827
-0.375
 0.037
-0.247
-0.466
-0.261
-0.126
-0.441
 0.354
-0.252
-0.180
-0.719
 0.877
 0.446
 0.767
 1.804
 0.542
 0.830
 1.073
 0.215
-0.390
 0.799
-1.191
-0.841
 0.718
-1.732
-0.591
 0.836
 0.283
-1.755
 0.736
 1.526
 0.990
-0.017
-2.263
-2.914
-0.174
 0.311
 0.036
-1.576
-0.269
-0.671
-0.218
 0.082
 0.828
 1.854
 1.627
 2.085
 0.724
 0.568
 2.662
 1.947
 2.106
-0.830
 0.297
 0.713
 1.858
-0.068
 1.761
 0.546
-0.605
 0.670
 1.240
 0.875
-0.076
 1.392
 0.215
 0.254
 0.521
 0.075
-0.238
 0.811
 0.672
 0.607
 1.071
 0.556
 0.011
-0.602
 0.676
 0.644
 0.381
 1.620
-0.759
-0.096
-0.472
-1.561
-0.464
-0.333
-0.199
-0.504
-0.495
-0.858
-0.494
-0.676
-1.667
-0.113
 0.147
 1.228
-0.726
-0.431
 0.937
 0.119
 0.598
 0.763
 0.506
-0.851
-2.066
-0.541
-1.126
-2.188
-0.179
 0.251
-0.438
-0.148
-1.407
-1.398
-0.198
-0.237
-0.854
-0.889
-1.263
-0.121
 0.623
 0.296
 0.601
-0.209
-0.130
-0.598
-0.993
-0.241
-0.702
 0.018
-1.885
-1.166
-0.541
-1.126
-1.518
-0.936
-1.605
-0.553
 0.307
 1.348
 0.529
 1.616
 0.898
 1.524
 0.993
 0.399
 0.449
 0.128
-0.502
 1.985
 0.547
-0.643
 1.936
 0.405
 0.640
-0.790
-0.567
-0.450
-1.084
-0.609
-0.006
-0.912
 0.256
-0.236
-0.581
 0.091
-2.671
 0.155
 0.842
-1.175
 0.542
 0.524
 1.871
 0.154
 0.931
 0.090
 0.648
 1.280
 0.394
 1.026
 0.514
 0.321
 0.346
-1.603
-0.779
-0.683
-0.008
-0.622
-0.490
-0.254
 0.100
-0.590
 0.464
 0.809
 0.124
-0.176
-0.815
-1.885
-0.107
-0.066
-0.684
 0.967
 0.147
 0.968
 0.961
-0.433
-0.985
-0.461
-0.451
-0.422
 1.930
 0.761
 1.445
 1.023
-0.543
-1.872
-0.576
 0.026
 0.816
-0.047
-0.923
 1.172
 0.375
-0.967
-0.410
-0.392
-1.365
 0.524
-0.520
-1.878
-2.138
-1.763
-2.007
-1.317
-1.042
-2.682
-0.225
-0.710
-0.682
-1.041
 0.489
-1.256
-1.622
 0.026
-2.119
-0.990
-0.687
-0.767
-1.159
-1.246
 0.000
 0.857
-0.265
 0.214
 0.992
-0.277
-0.111
-1.214
-0.556
-1.497
-0.647
-0.066
 0.041
 0.940
 0.388
-0.541
-1.021
-1.266
-1.538
-1.570
-2.931
-3.134
-1.095
-1.579
-0.892
-0.412
 0.064
-1.423
-2.071
-0.706
 0.279
-2.251
-2.170
-2.102
-1.720
-1.984
-1.390
-1.323
-1.825
 0.228
-0.318
-1.955
-1.261
-0.678
-1.197
-1.003
-1.426
-0.583
-0.726
 0.110
 1.141
 1.835
 0.203
-0.254
 0.209
 0.483
 0.641
 1.496
 1.361
-0.787
 0.272
-0.225
-0.373
-0.125
 0.147
-0.336
 0.313
-0.688
-0.283
 0.500
-0.126
-1.258
-0.092
-0.423
-1.738
-0.825
-0.013
-0.376
-0.142
-0.730
-0.491
 0.163
-0.378
 0.178
-0.342
-0.167
-1.419
-0.558
 1.229
 0.347
-0.202
-1.239
-0.386
-0.665
-0.942
-0.568
 0.963
 0.414
 1.642
 1.113
 1.286
 1.903
 0.779
 1.041
-0.461
 0.288
 0.809
 2.299
 1.982
 0.997
 0.214
-1.074
-0.876
-1.127
-0.433
-1.641
-0.567
-0.617
-0.100
-0.803
-1.185
-2.343
-1.637
-0.593
-1.094
-0.495
-0.108
 0.331
-0.678
 1.101
 0.299
-0.728
-1.570
-0.596
-0.208
-0.089
 0.179
 0.073
 0.333
 0.100
-0.647
-0.554
 0.264
-0.786
-0.125
 0.036
-0.574
 0.842
-0.682
 1.494
-1.028
 0.101
-0.225
 0.815
 0.005
 0.520
 0.165
 0.494
 0.681
-1.384
-1.282
-1.636
 0.823
-0.466
-0.685
-0.209
 0.519
 0.152
-0.036
-1.050
-0.569
-0.295
-0.143
 0.074
-0.969
-0.524
-0.515
 0.570
 0.445
 1.355
 1.252
 0.253
-0.025
 1.044
 0.158
-0.209
 1.221
 1.592
-0.525
-0.812
-0.725
-0.375
-0.681
-0.390
-0.210
-0.095
 0.526
-0.856
 0.025
-0.887
-0.890
 0.043
-0.436
 0.159
-0.455
-1.165
-0.870
-2.157
-1.943
-1.547
-1.246
-2.691
-2.320
-0.171
 0.035
-0.418
-0.025
 0.525
 0.790
 0.057
-0.317
-0.250
-0.010
-0.237
-0.613
 0.619
-0.279
-0.005
 0.897
 0.943
 1.805
 1.645
 1.227
 0.449
-0.112
 0.607
 1.130
 0.650
-1.670
 0.187
-0.762
 0.118
 0.059
 1.455
 1.440
 0.463
-0.721
 0.691
 1.039
-0.029
-0.739
-0.366
-0.506
-1.313
 0.262
-0.146
-0.812
-1.463
-0.193
-0.283
-0.718
-3.080
-1.954
-1.379
-1.116
 0.322
-1.336
-0.707
 0.831
 0.411
-0.656
-2.206
-0.250
 0.459
 0.191
 1.470
 0.482
-0.100
-1.807
-0.131
 0.072
 0.321
 0.305
 0.465
-0.027
 0.237
 0.202
-0.811
-0.820
-1.481
-1.693
-1.746
-0.036
-1.040
-1.433
 0.435
-0.998
 0.089
 0.279
 2.278
 1.551
 0.805
 0.987
 1.498
 0.330
 2.357
-0.773
-0.246
 1.815
 0.073
-0.762
-1.335
-0.560
-0.926
-0.014
-0.234
-0.448
 1.804
 0.708
 0.198
-0.060
-0.441
 0.236
-1.265
 0.135
 0.802
 0.503
-0.145
 0.567
-0.071
-0.619
-0.394
 0.359
-0.657
-0.623
-1.475
-0.387
-1.007
-0.927
-0.861
 0.576
-0.750
 0.571
-0.692
 0.019
 0.524
-0.660
 0.220
 1.702
 0.509
 0.991
-0.837
 0.630
 1.033
-1.148
 0.331
 0.127
-0.635
-0.223
-1.816
-0.636
-0.263
-0.332
-0.290
-1.675
 0.610
-1.236
-1.490
-1.359
-0.313
-0.235
 1.105
-0.183
-0.236
-1.578
-2.889
-1.310
-1.629
-0.334
-1.557
-0.198
-1.255
 0.261
-0.666
 0.393
 2.574
-0.657
-0.681
-0.098
 0.439
-0.714
-0.533
-0.678
-0.069
-1.107
 0.137
-0.137
-0.871
-0.680
-0.329
 0.170
-0.182
 0.153
-0.684
-1.547
-1.529
-1.440
-1.187
-0.855
-0.647
-0.655
-0.150
-0.157
 1.705
 1.885
-0.381
 0.689
-1.774
-0.697
-0.338
 0.199
-0.524
-0.512
-0.851
-0.943
 0.173
 0.480
 1.800
 1.862
 0.386
-1.157
-1.264
-0.374
-0.720
-0.141
 1.930
-0.528
 0.111
 0.182
-1.008
 0.134
 0.991
-0.616
-0.012
 0.440
 1.463
-0.707
-0.640
 1.203
 0.963
-0.335
-0.049
 0.916
 0.210
-0.288
-1.216
-0.120
-0.586
-0.084
-0.027
-0.571
-1.529
 1.062
 0.579
 0.245
 0.298
 0.563
 1.098
 0.067
 0.731
-0.685
 0.529
 0.021
 0.379
 0.900
 1.118
 0.612
 0.767
 1.219
 0.201
-0.413
-0.933
-0.318
-1.240
 0.967
-0.380
 0.906
-0.055
 1.733
-0.468
-0.978
-1.024
 0.392
 1.033
 0.317
-0.251
-1.484
 0.783
 1.794
 0.193
 1.748
 1.996
-0.768
 1.469
 0.271
-0.496
-0.618
 0.776
-0.616
-0.273
 0.274
 0.986
-0.334
-2.079
-0.859
-1.295
-1.804
-1.843
-1.076
-0.890
-1.192
-2.130
 0.163
-0.334
 0.135
 0.362
-0.986
 0.461
 0.038
 0.305
 0.229
-0.713
 0.631
 1.494
 0.628
-1.231
-1.215
-1.605
 1.120
 1.244
-2.110
-2.199
-1.315
-1.273
-0.227
 1.640
 1.889
-1.830
-0.967
-1.841
-0.334
-0.152
-3.136
-2.188
-1.497
-1.578
-2.528
-0.042
 0.163
-0.228
 0.237
 1.142
 0.515
-0.695
 0.913
 0.930
 1.538
 0.033
 0.633
 0.735
 1.010
 0.404
 0.984
 0.098
 0.244
-0.822
-0.835
-0.050
 0.243
-1.243
-0.445
 1.233
-0.052
-0.344
 0.378
 0.921
 1.338
-0.905
-0.798
 0.423
 0.252
-0.693
 0.637
 1.118
 0.105
-0.646
-0.069
-0.262
-0.368
 0.494
-0.288
 0.012
-0.050
 1.022
-0.848
 0.866
 0.214
 0.937
 0.034
-0.412
-1.426
-2.336
-0.311
 0.022
-0.711
-0.511
-1.455
-1.581
-0.763
-0.426
-0.633
-0.799
-0.118
-0.235
-0.634
 0.761
 0.283
-1.499
 0.018
-0.966
-2.500
-2.162
-1.126
-2.222
-0.049
-0.546
-1.029
-1.478
-0.125
-0.085
 0.792
-0.736
 0.943
-0.647
-0.640
 1.448
-0.268
-0.462
-0.381
-0.117
-1.306
-1.143
-0.791
 0.843
-0.287
 0.325
-0.519
 1.012
 1.352
 2.106
 0.425
 0.729
 0.378
 0.300
 0.268
-0.127
-0.748
 0.248
 1.221
-0.351
-0.085
-0.254
-0.858
-0.498
-0.045
-0.754
-1.397
-0.477
-0.497
-0.072
-0.650
-0.229
 0.768
 0.544
 0.785
-1.100
-0.621
-0.500
 1.596
-0.509
-0.608
-0.654
-0.950
 1.170
 0.644
 0.832
 0.087
 0.643
 1.700
-0.047
 0.958
 0.061
 0.663
-0.073
 0.273
-1.120
 0.336
 1.303
 1.393
 1.693
 0.720
 0.246
-1.345
-0.569
 0.279
-0.382
 1.036
 0.850
 0.325
 1.615
 0.549
 0.912
 0.330
 0.331
-0.363
 1.191
-0.718
 0.187
 0.618
 1.766
-0.056
 1.072
-0.898
 0.239
-0.743
-0.957
-0.005
 1.696
-1.013
-0.963
 1.073
-0.994
-1.817
 0.780
 0.020
-1.242
-0.561
-0.315
-0.339
-1.097
-0.663
 0.356
 0.147
-0.322
 0.382
-0.551
-1.551
-1.323
-1.280
-0.427
-0.184
-0.409
 0.320
-0.121
 1.241
 0.314
-0.210
-0.466
-0.235
-1.832
-1.336
-1.143
-1.080
-0.569
-0.410
-0.797
-0.364
 0.499
 0.180
-0.461
 0.122
-0.384
-1.053
-1.102
-0.626
-1.346
-0.073
 0.432
-0.242
-1.366
 0.661
 0.914
 1.144
 1.246
 0.101
-0.508
 0.222
-0.215
-0.421
-0.525
-1.312
 0.110
 0.569
-1.098
-0.211
 1.393
-0.453
-0.069
 0.144
-0.207
 0.496
 1.285
 2.329
 0.863
 0.511
 0.230
-1.272
-0.012
 0.946
 0.521
 0.509
-0.648
 1.569
 1.286
-0.232
 0.887
 0.306
-0.619
 1.552
-0.313
 1.272
 0.818
 0.323
 1.780
-1.200
-0.541
-0.083
-1.496
-0.572
-0.305
 1.371
 1.729
 0.295
-0.728
 0.924
-0.456
 0.874
 0.936
-0.223
 0.363
 1.401
-0.043
-1.375
-1.609
 0.897
-0.443
-0.374
 1.325
-0.913
-1.081
 0.631
-0.236
 1.102
 0.837
 1.438
 1.373
-0.708
 1.093
 0.086
 0.916
 0.433
-0.720
-0.322
-1.234
-0.945
-0.564
-1.729
-1.519
-1.696
-0.935
-0.818
-1.736
 0.133
-1.004
 0.042
 1.545
 0.351
 0.596
 0.865
-0.978
 0.194
-0.960
 1.293
-0.363
-0.623
-0.734
-0.071
-1.399
 0.838
 0.853
 1.306
 1.112
-0.684
-0.281
 0.963
 0.812
 0.835
-0.439
 1.082
-0.140
-0.982
-0.001
 0.307
 1.761
 1.807
 0.613
 0.567
 1.659
 0.440
 0.296
-0.922
-1.147
-0.969
-0.904
 0.537
 2.133
 0.471
 1.516
 1.354
 1.096
 0.887
 0.228
-0.313
 0.973
-0.357
-0.444
-0.313
 1.311
 1.849
 1.131
-0.376
 1.034
 0.355
-0.408
-0.413
 0.048
-0.609
-0.075
 0.910
-0.457
-0.354
 0.480
-0.910
-0.493
-0.957
-0.119
 0.018
-2.639
-0.427
-0.643
-0.151
-0.911
-1.475
-0.655
 1.088
 0.634
-0.607
 0.025
 0.034
 0.067
 0.203
-1.122
-0.811
 0.488
-1.087
-0.160
-0.100
-1.471
-0.226
 0.245
-1.503
-1.189
 0.090
 0.782
-0.225
-1.455
-0.444
-0.439
-1.839
-0.186
 0.190
-0.022
 0.469
-0.541
 1.117
-0.077
 0.022
 0.423
-0.186
 1.183
 0.804
-0.648
-1.116
-0.938
-1.240
-0.574
-2.044
-1.914
-1.004
-1.659
-0.448
-0.723
-1.181
-1.175
 0.277
-0.337
 0.312
-0.293
-0.305
 0.615
 1.024
 0.519
-1.330
-2.387
-1.150
-1.981
-1.761
-1.531
-0.611
-0.640
-2.949
-1.512
-0.608
-0.293
 0.437
-1.016
-1.356
-0.976
-2.490
-2.128
-1.503
-0.042
 0.919
-0.087
 0.088
 0.092
-0.763
 0.282
 0.140
-0.018
 0.038
-0.399
-0.276
-0.561
-0.640
-0.631
-1.535
-2.934
-2.012
-2.707
-0.998
-2.981
-2.733
-2.149
 0.158
-1.211
-2.455
-1.892
-0.934
-0.389
 0.106
-0.263
-0.973
 0.119
-0.544
-1.411
 0.857
-0.091
-0.382
-1.784
-2.202
-1.186
 0.738
 0.708
 0.145
 0.668
-0.835
 0.412
-0.508
-0.070
 0.032
-0.252
-0.012
-0.429
-0.378
-0.885
 0.334
 0.400
 1.035
-0.350
-0.880
 0.733
 0.205
-1.586
-0.647
-0.748
-0.932
-1.305
-0.146
 0.483
 0.067
-0.932
 0.532
 0.836
 1.602
 0.993
 0.602
-0.120
 0.551
 0.012
-0.089
-0.241
-0.313
-0.531
-0.380
-0.831
-0.309
-1.277
-0.951
-1.056
-0.814
-0.167
-0.813
-1.424
-0.430
 0.217
-0.870
-0.742
-1.886
-0.426
-1.284
-0.072
 1.076
-0.307
 0.582
 0.524
 1.622
 1.761
 0.771
 0.288
 2.150
 1.036
 0.861
 0.846
 1.955
 1.105
 0.743
 2.684
 0.914
 1.516
-0.619
-0.092
 0.889
 0.136
-0.191
 1.728
 1.952
 0.964
-0.715
-0.879
 0.388
 0.708
-1.375
 0.585
-0.318
 0.903
-0.052
 0.040
 1.164
 1.085
 2.260
 1.491
 0.323
 0.715
 0.369
 0.785
 0.538
 0.183
 0.874
 0.667
 1.404
 0.718
 0.976
 0.869
 0.835
 1.010
-0.069
 1.370
 0.030
-0.349
-0.755
-0.493
 0.641
 0.764
-0.017
-0.490
-1.093
-0.015
-1.618
-0.774
-0.090
-0.680
 0.474
-0.518
-2.032
-0.904
-1.514
-0.435
 1.206
 1.176
-0.103
 0.744
 1.269
-0.366
-1.274
-0.430
 1.556
-0.134
 0.601
-0.763
 0.207
-0.190
 1.291
-2.005
 0.027
 0.196
 0.911
 0.816
 0.558
-0.889
 0.595
-0.350
 0.025
 0.229
-0.455
 0.650
-0.975
-1.241
-0.526
-0.370
 0.126
-0.208
 0.270
-1.228
 0.811
-0.062
-0.020
 1.506
 0.855
 0.179
 0.600
 1.038
-0.218
 1.918
 0.583
 0.589
 1.977
 0.193
 0.758
 1.540
 2.828
 1.378
 0.889
 0.815
-0.464
 1.307
 1.401
 0.510
 1.241
 1.128
 0.671
 0.731
 1.595
 0.233
 0.451
 0.229
 0.613
 0.349
 2.039
 2.340
-0.245
 0.081
-0.096
 1.087
-0.012
-0.937
-0.245
-0.674
-1.191
 0.290
-0.098
-0.667
-0.285
-0.612
-0.041
-1.033
-1.305
 0.576
 1.346
 0.534
 0.930
 1.160
-0.213
 0.119
-0.347
-1.122
 0.466
-1.313
 1.040
-1.117
-1.350
-1.678
-1.167
-0.293
-1.121
-0.958
-0.853
-0.866
 0.012
 0.903
-0.368
 0.552
-0.656
 0.444
 0.180
-0.549
-1.361
-1.469
-1.578
-1.136
 0.469
 0.985
-0.968
-1.664
-0.553
 0.756
-1.553
-0.772
-0.848
-2.841
-1.176
 0.327
 0.111
 0.593
-0.467
 0.447
-0.248
 0.848
 0.061
-0.787
-0.910
 0.600
-0.255
 0.492
 1.097
 0.203
 0.280
-0.974
 0.127
 0.541
-0.096
 1.947
 2.753
-1.259
-0.304
-0.135
 1.485
 1.050
 0.662
 1.107
 0.349
-0.167
-0.951
-1.055
-0.158
 0.308
-0.567
-0.763
-0.937
-0.313
-0.742
-0.217
-0.816
-1.077
 0.045
 0.983
-0.051
-1.396
-0.674
-0.792
-1.078
-0.830
-0.870
-0.761
-1.531
-0.594
 0.405
-2.716
-1.375
-2.368
-0.228
-0.978
-0.373
-1.923
-0.516
-0.600
 0.100
-1.092
 0.845
-1.382
-1.733
-1.597
-0.899
-0.144
-1.395
-1.542
 0.027
-1.780
-0.735
-1.340
-1.078
-0.586
-0.337
-0.913
 0.908
-0.156
 0.124
 1.180
 1.357
 0.877
-0.666
-0.483
-1.689
-0.783
 0.461
 1.137
 0.178
 0.148
 0.177
 0.653
 0.748
-0.088
 0.083
 0.074
 0.696
-1.610
-1.586
-1.306
-0.515
 0.134
 0.312
-0.003
 0.113
 1.150
-0.167
-0.644
 0.188
 0.312
 0.761
-1.160
-1.137
 0.267
-0.347
-2.045
-0.360
 1.013
-0.244
-0.316
 0.936
 0.950
 2.249
 1.517
 0.360
 0.196
-0.143
 0.645
-0.182
 0.197
 0.393
 0.157
-0.819
-0.077
-0.190
 0.436
 1.156
-0.756
-1.848
-1.283
-0.495
-0.443
-1.212
-0.620
-0.584
 0.702
-0.061
-0.149
-0.730
 0.154
-0.964
-0.554
 0.521
 0.447
-0.591
-1.413
-0.705
 0.195
-0.201
 0.368
 0.660
-0.225
 0.403
-0.199
 1.221
 0.886
-0.382
-0.434
-1.423
 0.369
 0.685
-1.140
-0.560
-0.503
 1.084
 0.773
 0.769
-0.238
 0.217
-0.306
 0.144
-0.145
 0.521
 1.645
 1.194
-0.934
-0.503
-0.447
-0.777
 0.047
-1.025
-1.282
-0.139
 0.439
-0.472
 0.383
 0.675
 0.778
 0.484
-0.368
-1.938
 0.561
-1.408
-0.969
 0.085
-0.410
 0.417
 0.896
-0.482
-0.548
-0.652
-0.649
 0.003
 0.497
 0.730
-0.495
 1.240
 0.826
 1.195
 1.165
-0.194
-0.149
 0.431
 0.045
 0.498
 0.510
-0.886
 0.873
-0.288
 0.934
 1.488
 0.225
-1.796
-0.600
-1.324
-1.994
-2.448
-0.492
-0.388
-0.690
-0.423
-0.578
 0.104
-0.436
 0.221
-0.316
-0.225
 1.896
-0.613
-0.103
 0.532
-1.787
-0.267
 1.001
 2.142
 0.781
 0.502
-0.697
-0.746
 1.122
-0.005
 1.088
 1.369
-0.374
-1.262
 0.602
 1.277
 0.851
-0.306
 0.131
 0.487
-0.482
 0.054
-0.496
-0.103
-1.979
-1.071
 0.516
 0.533
-0.500
 0.744
-0.913
-0.536
-0.359
 0.663
 0.033
-2.102
 0.353
 0.547
 0.468
-0.253
-1.663
-0.301
-0.468
-0.310
-0.622
-0.882
 0.902
-0.556
-0.013
-0.521
 0.258
 1.227
 1.031
 0.511
 1.696
 0.593
 0.997
 1.489
 0.719
-0.482
 1.661
 0.631
-0.116
 0.110
 0.629
-0.354
-0.925
-0.867
 1.261
-0.892
 0.434
 0.239
 1.025
 0.794
 1.001
-0.420
 0.334
 0.593
 1.731
 0.540
-0.198
-0.585
-0.382
 0.335
-0.177
 0.746
 2.093
 2.801
 1.784
 0.924
-0.330
-0.206
-0.573
-0.553
-0.013
 0.966
 1.632
 0.347
 1.589
 0.997
 0.403
-0.261
 0.147
-0.573
-0.613
 0.387
 0.715
 0.083
-0.148
-0.141
 0.645
 0.386
 0.347
-1.189
-0.390
-2.024
-1.004
-1.145
-2.029
-2.330
-0.740
-0.579
 0.184
 0.040
 0.207
-0.503
 0.884
 1.374
 0.174
 0.213
-2.115
-1.186
 0.195
 0.299
 1.090
 1.538
 1.873
 1.045
-1.271
 0.966
-0.218
 0.023
 0.542
-0.261
-0.079
-1.252
-0.965
 0.415
 0.137
-0.621
-0.147
-1.755
-0.700
-1.069
-0.605
-0.746
 0.314
-0.305
-0.435
-1.000
-0.871
-0.398
-0.085
 0.079
-0.005
 0.395
-0.200
 0.013
-1.390
-0.736
-1.104
 0.932
-0.623
-0.471
-1.469
-1.032
 0.937
-0.022
 0.667
 0.223
-0.534
 0.086
-0.229
-1.256
 0.804
-0.145
-0.213
-0.472
 1.285
-0.171
 0.660
-0.655
-0.144
-0.851
-0.519
-1.993
-0.696
-0.202
-0.122
-0.379
-1.500
-0.711
-0.060
-0.632
-1.274
-1.600
-0.994
-0.366
-1.806
-0.589
 1.666
 0.262
-1.671
-0.805
-1.610
-2.237
-0.872
-1.736
-1.345
-2.173
 0.089
 0.308
-1.164
 0.005
-2.143
-3.195
 1.006
 0.427
 0.156
-0.300
 0.530
-0.286
-0.609
 0.263
 0.265
-0.511
-0.746
-1.841
 0.448
 0.394
-0.367
-1.140
 0.060
-0.035
 0.282
-0.169
 0.536
 0.070
-0.028
 1.898
 0.497
 1.208
-1.300
 0.825
 2.233
 1.092
 0.492
 0.863
-0.450
 0.934
-0.598
-0.977
-0.525
-0.895
-0.801
 0.086
-1.324
-1.091
-0.274
-1.033
-0.515
-0.678
-0.640
 0.339
-1.041
-1.174
-1.119
-1.692
 0.247
 0.138
-1.317
-0.041
-1.482
-0.332
-1.048
-0.386
 2.316
-1.561
-1.351
-0.575
 0.445
-0.403
 0.651
-1.220
 0.022
-0.324
-0.368
 0.746
-1.293
-0.927
-1.209
-2.673
-1.434
-0.915
 0.074
-0.117
-1.699
-1.438
-0.164
 0.143
 0.679
 0.506
 0.394
 0.382
-0.380
 0.426
-0.812
-1.180
 0.914
 1.862
 0.016
-0.006
 0.517
 0.751
-0.496
 0.230
 0.590
 0.088
-1.432
-1.056
-1.462
-1.103
 0.491
-0.994
-1.305
-0.744
-0.652
 0.464
 2.932
-0.143
 1.192
 0.360
-1.179
 0.475
 0.739
 0.917
 0.929
-0.739
 0.302
 1.274
-0.105
 0.242
-0.924
-0.004
 0.743
 0.637
 0.259
 0.429
-1.022
-1.224
-1.368
 0.404
 0.713
 0.459
 0.988
 1.093
 1.073
-0.283
 1.902
 0.953
 0.942
-0.722
-0.856
 0.013
 2.490
 2.140
 1.498
-0.262
-0.148
 0.156
 0.992
-0.252
-1.113
 0.159
 0.281
 0.617
 0.382
-0.956
-0.839
-0.258
 0.156
-0.639
 1.355
 1.530
-0.267
 0.337
-0.352
 1.824
 0.150
-0.079
-0.666
 0.003
 1.210
-1.113
 0.123
 0.595
 2.067
 1.253
 1.743
 1.072
 0.127
-0.337
-0.236
-0.415
-0.846
 0.684
-0.571
 1.529
 0.151
 1.840
-0.056
-0.804
-0.870
-1.302
-1.482
-0.226
-1.652
-0.685
-2.558
-0.965
-1.849
-0.904
 0.335
 0.697
 0.721
 0.271
 0.273
 0.925
 2.614
 0.782
 1.304
 1.411
 1.200
-0.191
-1.194
-1.212
-1.556
 0.864
 0.400
 0.041
 1.768
-0.466
 0.806
 0.815
-0.226
-0.606
-0.248
-0.114
-0.976
-0.700
-0.558
 0.144
-0.823
 0.941
 1.319
 0.707
 0.451
 0.293
-0.424
-0.732
-1.985
-0.618
-0.543
-0.652
-1.467
-1.033
 1.222
-0.201
-0.049
 1.066
 0.047
 0.015
 0.630
-0.918
 0.373
 0.595
 0.417
 0.101
-1.242
-0.131
-0.185
-0.291
-0.508
 0.209
-0.970
-0.306
-0.254
 0.968
-2.023
-0.152
 1.297
-0.628
-1.049
-0.544
 0.332
-0.331
-0.430
 1.590
-0.731
-0.828
 0.085
 0.547
-0.885
 0.228
 1.011
 1.212
 0.326
 1.258
 1.744
 1.211
 0.885
-1.151
-1.074
-1.194
 0.197
-1.361
-0.849
-0.804
 0.715
-0.117
 0.243
-1.980
-0.858
-0.460
-1.679
-1.994
-2.518
-1.017
-2.421
-0.806
 0.771
 1.103
-0.062
-1.476
-0.129
 1.018
-0.173
 1.150
 0.313
-0.147
 0.490
-0.680
 0.438
-1.230
 0.393
-0.743
-1.023
-0.745
-1.506
 0.084
 0.213
 1.176
-0.012
 0.739
-0.503
 0.608
 1.172
 0.262
 0.816
 1.570
 1.086
-0.945
-0.171
-0.500
-0.823
 0.474
-0.099
 0.751
-0.557
 0.535
-0.679
-1.632
-1.940
-0.956
-1.152
-0.378
-0.305
 1.318
-0.249
-1.021
-0.585
 0.527
 1.184
-0.697
-1.201
 0.205
 0.568
 0.586
 0.802
 1.257
 1.870
 0.038
 0.262
 1.266
 0.420
 1.540
 1.540
-0.641
 0.070
-1.108
 0.301
 0.340
-0.424
-1.989
-1.870
-0.361
-1.882
-0.839
-0.391
-1.157
-1.363
-0.443
 1.087
-0.104
 0.226
-0.066
-0.861
 0.916
-0.400
-0.695
 0.395
 0.014
-0.908
-0.988
-1.031
-1.028
-0.440
-0.858
 0.926
 1.372
-0.773
 0.231
 1.052
 0.342
 0.743
 1.301
 0.947
 0.940
-0.072
 0.957
-0.649
-0.422
 0.099
-1.809
-0.853
-0.469
-1.122
-0.788
-1.472
 0.178
-0.297
-1.773
-0.376
-0.294
-0.350
-0.980
-1.741
-1.326
 0.515
-0.525
 1.020
 0.509
 0.413
 0.964
-0.103
 0.164
 0.106
 0.573
 0.033
-0.104
-1.291
-0.333
-0.850
-0.457
-0.289
-1.269
 0.762
 0.249
-0.794
-1.102
-0.714
 0.156
 0.061
 0.152
-1.381
 0.025
-0.455
-1.306
-0.446
-0.493
 0.773
 0.212
-1.068
-0.044
 0.495
 1.529
 0.980
 0.627
-0.848
-1.548
-1.176
-0.162
-0.470
 0.284
-1.095
 0.616
-1.207
 0.725
-1.673
 0.914
 0.091
 0.335
 1.552
 0.992
 0.988
 1.205
 0.829
 1.726
 2.232
 0.257
 0.838
 0.737
 0.272
 0.703
 0.562
 0.061
-1.402
-1.613
-0.254
 1.648
 0.197
-1.137
-0.680
 1.150
-1.132
 0.363
-2.436
-1.341
-0.758
-0.254
-0.776
 0.339
-0.280
 0.703
-0.456
-1.144
-2.265
-0.640
-1.064
-0.067
-0.814
 0.211
 0.006
 0.155
-1.311
-1.265
 1.306
-0.052
-1.636
 0.819
 0.478
 0.476
 0.162
 0.407
 0.400
 0.832
-0.671
-0.802
-0.468
 1.291
-0.714
-0.112
-0.295
-0.002
 0.597
-0.103
 0.734
-0.319
-0.138
-0.800
-0.782
-0.687
-2.262
-0.425
-0.865
-0.762
-1.916
-2.851
-0.640
 0.137
-0.008
-0.689
-0.740
-0.034
 1.559
-0.117
 0.496
 0.359
-0.287
-0.003
-0.056
-1.439
-0.988
-1.227
-0.557
-0.141
-0.510
-0.275
 0.347
-0.089
 0.639
 0.517
 0.228
-0.618
 0.978
 0.093
-0.428
 1.498
-0.017
-0.287
-0.039
 1.242
 1.123
 0.843
 1.441
 0.895
-0.075
 1.191
-0.381
-1.527
-0.470
-0.585
 0.331
 1.359
-0.262
 0.135
 0.141
-1.841
 0.010
-1.509
-1.788
-1.834
-0.603
-0.029
-0.408
 0.551
-1.275
-0.099
 1.254
 0.669
 1.097
 0.991
 1.110
 0.111
-0.974
 1.093
 0.783
-0.810
 0.950
 1.014
 0.720
 0.804
-1.378
 0.134
-0.272
 0.537
 1.223
 1.152
 0.798
 0.542
 1.127
-0.413
-0.363
-0.850
 0.062
-0.825
-0.736
 0.824
-0.503
-0.165
-0.223
-0.496
-0.467
-1.126
-0.497
 0.102
 0.086
 0.229
-0.311
 0.065
 1.130
 0.152
-0.777
 0.735
 1.500
 0.642
-0.091
-0.236
-0.398
 0.013
 0.512
-1.601
 0.307
-0.701
-1.756
-0.561
-0.110
 0.132
 0.475
 0.278
 0.254
-0.608
-2.477
-1.804
-0.861
-0.752
-0.085
 1.340
 1.101
-1.063
-0.551
 0.217
 0.446
-1.922
-0.667
-0.665
-0.721
-1.423
 0.460
-0.700
-1.262
-1.038
-1.561
-0.199
-0.114
 1.250
-1.355
-0.358
-0.716
-0.663
-1.754
-1.441
-0.164
-1.915
-0.875
-1.038
-0.006
 0.758
 0.448
 1.208
-0.676
-0.816
-1.222
-1.166
-0.706
-0.492
 0.325
-1.491
-1.396
 0.533
-2.511
-0.118
-0.465
-0.318
-0.564
 0.680
 1.046
 0.251
 0.441
-0.330
-0.688
-0.991
-0.342
 0.255
 1.555
 0.849
-0.878
-0.492
 1.162
-0.445
-0.794
-0.582
-1.009
 1.141
-0.098
-0.157
 0.017
 1.048
-0.719
-0.748
 0.270
-0.554
-1.657
-1.556
-0.742
 0.006
-0.929
-1.073
 0.861
 1.595
 0.995
 0.792
 0.681
 1.262
 0.097
-1.622
-0.456
 0.230
 0.020
-0.145
 0.751
 0.689
 1.672
 1.278
 0.675
-0.991
 0.384
 0.017
-1.003
-0.963
-0.688
 0.030
-0.136
 0.362
 0.140
 0.304
 0.679
 0.381
-0.132
-1.243
-0.690
 1.015
 0.516
-0.827
-0.587
 0.286
 1.718
 1.515
 1.659
 1.177
 1.110
 1.065
 1.209
 1.788
 0.881
 2.030
 0.349
 1.219
 0.428
 0.986
-0.457
-0.520
 0.834
 0.080
 0.000
 1.329
 0.391
 0.137
-0.258
-0.273
-1.020
-0.460
 0.524
-1.174
 0.255
 0.621
-0.650
-0.120
 0.676
 1.200
-0.462
 0.961
 0.375
 0.980
 0.519
 0.480
-0.308
-0.246
 0.663
 1.041
 1.273
 1.205
 2.027
 2.298
 2.071
 1.766
 1.941
 2.178
 1.837
 0.875
 1.463
-0.366
 0.771
 1.167
 0.671
-0.394
 0.000
-0.011
-0.712
-0.954
 0.000
-1.344
-2.716
-0.392
-0.068
-0.147
-1.897
-1.489
 0.391
-0.785
-0.028
-0.243
-1.011
-0.998
-2.057
-1.557
 0.916
 0.084
 0.153
 0.567
-0.509
 0.968
 0.001
-0.686
-0.957
-0.891
 0.826
 0.325
 0.215
 1.388
 1.796
-0.419
-1.580
 0.215
 0.731
 0.141
 0.764
 1.570
 1.666
-0.188
-1.012
-0.543
-0.047
 0.056
-0.914
-1.251
-1.815
 0.337
-0.226
-1.495
 0.073
-0.385
 0.832
 0.308
-0.012
-1.150
 0.254
-0.104
-0.411
-0.641
 0.527
-0.046
 1.223
 0.835
-0.458
-1.702
-1.567
-0.557
-0.069
-1.084
-0.325
 0.280
 0.550
-0.230
-0.775
-2.143
-0.521
-1.265
-0.853
 0.191
 1.931
 0.123
 0.576
 1.812
 1.824
 0.374
-0.502
-0.318
 1.450
-0.352
-0.227
 1.155
 0.585
-0.294
 0.010
 2.081
 0.377
-1.130
 0.231
 2.113
 2.694
 0.073
 0.980
-0.980
 0.498
 0.987
-0.738
 1.189
-1.172
 0.358
-0.239
 0.069
 0.232
 1.034
 0.364
 0.638
 0.935
 1.047
-0.177
 1.102
-0.371
-0.576
-0.611
-0.240
-0.146
-0.469
 1.338
-0.030
-0.850
-0.582
 0.873
-0.818
 0.831
 0.462
 0.472
-0.379
-1.735
-0.585
 0.072
 1.314
 0.176
 0.477
-0.226
-0.743
 0.522
-0.241
-1.173
-1.642
-0.978
-0.565
-0.144
-1.104
-0.812
-0.166
-0.143
-1.246
-0.947
-0.732
 1.562
 1.520
 1.263
 0.174
-0.234
-0.143
-0.163
-0.441
 1.477
 0.729
-1.474
 0.308
 1.387
 1.189
 1.687
 1.895
 1.247
 0.127
 0.682
-0.197
-0.684
 0.108
-1.088
-0.642
 0.836
 1.264
 2.369
 0.890
 0.759
 0.913
 0.085
 1.104
-0.219
-0.417
 0.323
-0.115
-0.575
 0.288
-0.341
 0.418
-0.706
-1.496
-0.369
 1.236
-0.499
-0.550
-0.243
-0.891
-1.457
 0.149
-0.398
-0.642
 0.830
-0.735
-0.699
-0.997
 0.199
 1.300
 0.570
-0.558
-0.316
-0.701
-1.308
-0.118
 1.285
 0.837
 0.544
 0.542
-0.801
-1.176
-1.191
-0.116
-0.257
 0.799
 1.157
 0.999
-0.351
-1.135
-0.207
-1.288
-1.206
-0.427
-1.054
-0.034
 1.109
-1.527
-0.712
-1.223
-1.431
-0.468
-0.057
 0.289
 1.283
 0.055
 1.276
 1.361
 1.451
 0.389
-0.340
-0.464
-0.341
-0.690
-0.268
-0.932
-1.920
-1.129
 0.875
 0.250
 0.750
 0.586
 0.027
 0.353
-0.883
-0.389
 1.587
 0.625
 1.049
-0.066
 1.280
 0.661
-0.114
-0.090
 1.465
 1.899
 0.483
-0.281
-0.620
 0.101
 1.489
 1.806
 0.123
 0.822
-0.807
-0.107
-1.180
 0.110
 1.501
 0.190
 1.050
 0.376
 0.497
-0.034
 0.698
 0.415
-0.218
 2.313
 0.751
 1.246
-0.546
-0.716
 2.065
 1.398
-0.292
-1.832
-1.105
-0.376
-0.078
 1.267
 0.497
-0.340
-0.211
 0.061
-1.576
-0.246
-1.060
-0.218
-0.568
-0.142
-0.729
-1.208
-0.401
 0.217
-1.416
-1.348
 0.591
 1.026
 0.038
-0.461
 1.379
 1.410
 0.554
 1.297
 0.380
 0.195
 0.347
 0.602
-1.093
-0.088
 0.506
-0.180
 0.765
 1.139
 1.056
 1.202
-0.314
 0.221
-0.491
 0.304
 0.605
 0.922
 0.473
 1.531
 1.831
 1.848
 0.921
 0.465
 1.473
 0.340
 0.027
-1.131
 0.308
-0.962
-0.093
 1.205
 0.912
 1.267
 0.978
 2.236
 1.724
 0.750
 1.102
 1.811
 0.650
 1.579
 0.569
 0.504
 0.880
 0.695
 0.692
 0.558
 1.157
 0.984
 0.976
 1.559
 0.470
 0.672
 2.575
 1.834
 1.381
 0.911
 1.437
 2.252
 2.427
 1.812
 1.732
 0.876
 2.633
 1.388
 1.802
 2.546
 0.890
-0.221
 0.540
 0.553
 0.101
 0.088
-0.582
 0.605
-0.398
 0.286
 2.534
 1.387
 1.342
 0.983
 0.160
 0.138
-0.270
-0.164
-0.356
 0.015
 1.041
 1.709
 1.231
 0.142
 0.847
 0.777
 0.623
 1.074
 2.033
 0.897
-0.710
 0.430
-0.700
 1.222
 0.679
-0.180
-0.647
-0.101
 0.724
 0.731
 1.077
 1.687
 1.710
 1.749
 2.184
 1.481
 1.001
 1.135
 2.156
 1.318
-0.782
 0.226
 0.531
-0.045
 0.796
 0.904
 0.852
-1.071
 0.009
 0.456
 0.623
-1.111
 1.943
 2.018
 0.569
 0.344
 0.399
 0.681
 1.797
 1.418
 1.932
 0.257
 1.036
 0.305
 0.585
 0.617
-0.117
 0.148
-0.223
 0.065
-1.187
-0.546
 0.966
-0.264
-0.066
 0.437
 0.126
-0.873
-0.294
-0.231
 0.375
-0.435
-0.413
-0.463
-1.292
-1.914
-0.728
-1.133
-0.643
-0.254
-0.430
-1.404
-1.104
 0.282
 0.068
-0.229
-0.567
-0.278
-0.658
 0.190
-0.129
-0.818
-1.001
 0.263
-0.097
-0.171
 0.504
 0.705
-0.210
-1.679
 0.326
 0.318
-0.250
 1.258
-0.110
 0.990
 0.720
-1.355
-1.395
 0.355
-0.031
-0.129
-0.904
 1.570
 2.266
 1.568
 0.257
 1.814
 1.599
 0.046
-0.732
 0.906
 0.093
-1.051
 0.654
 0.253
-0.379
-1.217
-2.284
-2.809
-1.794
-1.496
-2.571
-2.710
-2.128
-0.759
-2.495
-2.243
-0.219
 1.307
-0.021
-0.939
-0.924
-0.903
-1.431
-1.252
-1.741
-1.267
-0.430
 0.032
-1.489
-0.767
-0.748
-1.680
-1.637
-1.764
-0.802
 0.447
-0.063
-1.707
-0.763
-1.290
-0.084
-0.949
-0.168
-0.413
-0.110
 0.596
-1.454
-1.643
 1.043
-1.115
-0.229
-0.564
 1.025
 1.757
 0.178
 0.152
 0.703
 0.463
 1.160
-0.465
 0.113
-0.157
-1.295
-0.737
 0.388
 0.837
 1.661
 0.948
 0.488
-0.080
 0.880
-0.339
 0.086
 0.416
-0.894
-0.911
-0.002
-0.735
 0.515
-0.415
-0.389
-0.631
 0.314
-0.431
-0.018
 0.220
-0.470
 0.466
-0.104
-0.726
-0.421
 0.439
 0.559
-0.582
 1.357
-0.739
 1.018
 2.083
 0.143
-0.181
 2.054
 0.145
 1.110
 1.230
 1.020
 1.956
 1.643
 2.315
 1.663
 1.834
 0.489
 0.552
 1.747
 0.978
-0.126
 0.415
 0.539
 0.414
 0.369
-0.191
 0.589
 0.270
-0.670
-0.908
 1.122
 1.303
 1.605
 2.521
 1.106
 1.210
 0.079
 0.188
-0.966
 0.064
-0.311
-0.355
 0.363
 0.590
-0.558
 0.181
-0.740
-0.397
-0.980
 0.459
 0.171
 2.611
 0.595
 1.506
 0.942
 0.653
 0.063
 0.732
 0.909
-0.169
 0.206
-0.038
 0.376
-1.537
 0.879
 1.864
 2.112
 0.445
-0.568
 1.736
-0.003
-0.250
 0.735
 1.628
 1.739
-0.963
-0.317
 0.461
-0.138
-0.891
 0.897
 0.541
-0.078
 0.561
 0.022
-0.226
 1.487
 0.877
 1.683
 1.144
 0.610
 0.340
 1.186
 0.812
-1.299
-1.237
 1.433
-0.114
 1.256
 0.825
 1.475
 1.841
 0.438
 1.582
-0.146
-0.433
-0.341
-0.204
 0.689
 1.126
-0.178
 0.385
 0.415
 1.925
 1.096
 0.189
 2.041
-0.211
-0.247
 1.081
 1.810
 1.753
 1.091
 2.062
 0.570
-0.875
 0.473
 0.573
 0.278
 0.360
 0.846
 0.828
 0.023
 1.208
 1.087
 0.368
 0.934
 1.442
-0.033
-0.285
-0.175
-0.298
-1.072
-0.833
-1.476
 0.937
-0.154
 0.063
 0.026
 0.663
 1.046
 0.816
 0.048
 0.354
 0.206
 0.030
 0.683
 0.499
-0.214
 0.434
-0.617
 0.831
-0.282
-1.132
-0.849
 0.923
 1.401
 2.165
 0.449
 0.343
 1.741
 1.679
 0.506
-0.006
 1.714
 0.570
 0.357
 1.603
-0.336
 2.508
 1.245
-0.349
 0.618
 0.812
 0.833
 0.386
 1.752
 1.138
 0.983
-0.451
 1.100
 0.827
 1.102
-0.509
 1.323
 1.797
 0.126
-0.977
-0.590
 1.131
 1.596
 1.424
 0.450
 1.602
 0.536
 0.584
 0.942
 0.426
 0.037
 0.277
 1.155
 1.429
 0.924
 1.586
 1.590
 1.418
 0.751
 0.837
-0.001
 0.531
-0.995
 0.431
 0.975
 0.890
 0.819
 0.504
 0.137
 1.028
 0.670
 1.999
 0.325
-0.415
 0.477
 1.415
 1.415
 0.884
-0.041
 0.755
 2.388
 2.267
 0.843
-0.291
 1.607
 2.493
 2.083
 1.045
 0.630
 0.037
 0.794
-0.043
 1.395
 0.149
 0.481
 1.065
 0.838
 1.703
 1.045
 0.723
-0.092
-0.004
-0.364
 2.755
 0.512
 1.995
 2.361
 0.793
 0.509
-0.036
 0.216
 0.148
 0.285
 0.009
-0.618
 0.268
 0.468
-0.513
-0.789
-0.232
 0.241
-0.625
-1.080
 0.196
 0.761
-1.222
 0.448
 1.836
 1.464
 0.665
 1.976
 1.905
 1.032
 0.168
 0.937
 0.700
-0.723
-1.114
 1.330
 0.757
 0.649
 0.894
 0.861
 1.210
-0.826
 0.810
-0.554
-0.359
-0.118
-1.138
-1.411
 0.249
 0.703
-0.146
-1.262
-0.323
-0.490
 0.522
 0.324
 0.596
 0.356
-0.413
-0.087
-1.302
-0.374
-0.263
-0.809
-0.044
 0.187
-2.134
-1.154
 0.002
-1.920
-1.238
 0.942
 0.585
 1.008
 0.423
-0.025
-1.565
-0.118
 0.017
 0.115
-0.528
 0.659
 1.236
-0.186
 0.865
 0.131
-1.668
-0.959
-0.368
-0.492
-0.200
-0.756
 0.050
 0.812
-1.091
-0.344
-0.331
-0.360
-0.615
-1.247
-2.633
-0.314
 0.616
 0.235
-0.346
-0.680
-0.767
 0.154
 1.080
-0.541
 0.986
 0.434
 0.633
 0.993
 0.472
 1.173
 0.283
-1.261
-1.153
-0.797
 0.293
 0.704
-0.474
-0.004
-0.829
-0.621
-1.071
-1.744
-0.869
-2.291
-2.268
-0.793
-2.119
-2.795
-1.576
-1.158
-0.237
-0.498
 0.879
 0.010
-0.015
-0.913
 0.472
-0.704
-1.575
-0.032
 1.028
-1.578
-0.354
 0.074
-1.406
-0.514
-0.030
-0.713
 0.415
-1.974
-0.398
-0.451
 0.087
 1.351
 1.115
-0.887
-0.426
-0.433
-0.346
-0.621
-0.451
-0.612
 0.555
 0.918
-0.905
-0.067
 0.278
 0.161
 0.660
 1.079
 1.598
 0.744
 0.106
 1.275
-0.825
-0.495
-0.339
 0.034
-1.006
-0.758
 0.537
-0.051
-1.726
-1.125
-0.857
 0.529
-0.737
 0.858
-0.901
 0.552
-0.130
 0.156
-0.430
 0.230
-0.032
-1.285
-0.823
-0.004
-0.007
 0.498
 1.657
 1.507
-0.247
 1.299
 0.693
-0.139
 1.112
 0.888
 0.749
-0.074
 1.804
 1.867
 1.027
-0.525
 1.595
 0.858
 0.905
 0.007
 0.064
 0.896
 1.083
 0.471
-0.725
-0.008
 1.786
 0.051
 0.557
 0.388
-0.067
-0.865
-1.290
-0.305
-0.224
 0.100
-0.434
 0.402
 1.206
 0.161
 0.361
-1.401
-1.391
-1.692
-1.662
-1.464
-1.035
-0.448
 0.083
-0.314
 0.717
-0.346
 1.070
 0.133
-1.106
 0.581
-1.003
-1.867
-0.540
 0.366
-0.173
-0.130
 1.316
 1.049
-0.082
 0.515
-0.235
-0.633
 0.741
 0.272
-0.393
 0.388
-0.722
-0.490
 0.096
-2.143
-1.665
 0.481
 1.419
-0.259
-0.090
 0.537
 0.462
-0.901
-0.715
-0.651
-0.966
-0.726
-1.729
-1.080
-0.290
-0.070
-1.398
 0.087
-2.158
-1.312
-0.806
-0.835
 0.428
 1.435
 1.290
 0.079
 1.055
 1.157
-0.601
 0.341
-0.529
-0.365
-0.109
-1.320
-0.435
-1.260
-0.760
-0.614
-0.166
 0.606
 0.585
-1.963
 1.096
 0.320
 1.299
-0.210
-0.949
-0.318
 1.554
 0.043
 1.031
-0.146
-0.830
-0.477
-0.269
-0.041
 0.405
 1.247
-0.639
-0.156
-0.370
 0.027
-0.387
-0.800
-0.800
-0.303
-0.157
-1.213
-1.076
-1.345
-1.067
-2.573
 0.108
 0.883
 0.530
 0.840
 0.726
 0.347
-0.300
 0.445
 1.256
-0.128
 0.517
 0.227
-0.643
 0.460
-0.202
 0.846
-0.283
 0.909
-0.354
 1.306
 0.637
 0.837
 0.328
 0.113
 1.368
-0.308
 0.045
 0.794
-0.068
 0.537
 0.982
 0.708
 0.434
 1.125
-0.587
 0.548
 2.339
 1.073
 0.194
 1.067
 2.460
 1.433
 2.223
 2.205
 1.991
 2.177
 1.526
 0.490
 1.465
 1.361
 1.070
 0.629
 1.310
 0.574
 2.599
 0.956
 1.346
 1.066
 2.969
 1.065
 0.560
 1.255
 1.704
 1.037
 1.074
 0.789
 0.222
 1.480
 1.467
 0.531
 2.129
 1.121
 0.404
 0.392
-0.359
 1.226
 0.844
 0.011
-0.937
 0.452
 0.503
-0.903
 0.530
 0.487
-0.485
 1.005
 0.869
 2.261
 0.456
 1.401
 0.660
 0.725
 0.297
 1.196
 0.361
 0.039
 2.124
 1.696
 0.470
 1.021
 0.666
-0.081
 1.095
-0.154
-1.472
-0.502
-0.484
 0.928
 0.287
-0.459
-0.190
 1.006
-0.074
 0.597
 0.417
-1.400
-0.120
 0.705
 0.802
-0.026
-0.619
-0.186
 0.672
-0.073
 0.038
-0.696
 1.065
 1.337
 0.569
-0.631
 0.699
 1.637
-0.257
 1.410
 0.138
 0.573
 0.922
 0.868
 0.932
 0.283
-0.391
-1.110
-0.166
 0.510
-0.144
-1.206
 0.873
 2.219
 0.278
-0.159
 0.922
-1.369
 1.452
 1.004
 2.012
 0.822
 0.897
 0.652
 0.318
-1.087
 0.968
 1.925
 0.168
-1.125
 0.312
 0.594
 0.474
-0.368
-0.685
 0.737
 0.191
 0.199
 0.690
 0.370
 1.548
 0.266
-0.055
 0.505
 0.881
 0.935
 0.856
-0.604
-1.237
 0.680
-0.347
 1.392
 0.601
 1.035
 1.319
 0.229
 0.179
-0.101
 0.180
 0.663
 0.981
-0.893
 0.920
-0.581
 1.600
-0.272
 0.558
 0.536
 0.142
-0.097
 0.671
 2.003
 0.864
 1.644
-0.313
 0.305
-0.406
-1.010
 1.006
 0.329
 0.175
 0.233
 2.005
 1.511
 0.727
 1.602
 1.626
 1.856
 0.628
 0.379
 0.711
 1.504
 1.769
 0.771
 0.281
 1.272
 2.359
 0.514
-0.231
 0.389
-0.887
 0.066
-0.369
-0.021
 1.864
-0.264
-0.014
 0.584
-0.130
 0.263
-0.305
 1.342
 0.559
 1.655
 1.747
-0.640
 0.415
-0.673
-0.338
-1.178
 1.087
 0.090
-0.406
-0.482
-0.627
-0.953
-0.059
-0.367
-0.303
-0.871
-0.997
-1.414
 0.299
 0.177
-0.579
-0.399
 0.154
 0.267
 0.156
-0.742
 0.132
-0.185
-1.203
 0.240
-0.735
 1.683
 0.844
 0.483
 1.568
 1.089
 1.247
 1.017
 0.649
 1.370
 1.240
 1.816
 0.228
 1.583
 1.186
 0.611
 0.926
 0.211
 1.397
 1.394
 0.598
 0.702
-0.007
 0.017
-1.106
-0.206
-0.770
-2.557
-1.483
-0.232
-0.080
-0.423
-0.032
 0.815
-0.562
-0.427
-0.261
-0.196
 0.779
-0.437
-0.868
-0.893
-1.721
 0.452
 1.172
 2.382
 0.222
 0.889
-0.217
 0.381
-0.153
 1.932
 0.942
 0.196
 0.682
-0.808
-0.110
 1.366
 2.360
 0.753
 1.009
 0.167
-1.350
 0.048
 0.565
 0.730
 1.325
 0.350
 0.088
 1.406
-1.145
-1.089
-1.194
-1.743
-0.499
-1.487
 0.266
-0.963
-0.542
-0.002
-0.408
 0.267
-0.211
-0.290
-0.555
 0.607
 0.671
 0.644
 0.461
-0.746
-0.537
 0.728
-1.301
 0.256
 0.549
 0.659
 0.269
 1.889
-0.699
 0.280
 2.191
 1.951
 0.225
 2.709
 2.749
 3.094
 1.964
 2.095
 0.562
 0.900
-0.517
 0.540
-0.549
-0.953
 0.178
-0.299
-1.233
-1.589
-0.347
-1.137
-0.670
-0.479
 0.131
 0.704
 0.678
 0.193
 1.892
 0.153
-0.959
-0.315
 1.686
 0.434
-1.155
-1.346
 0.703
 0.068
-0.504
 0.111
-0.324
-0.903
-1.667
-1.299
-0.267
-1.712
-2.197
-1.746
-0.767
 0.049
-0.517
-0.374
-2.136
 0.303
-0.528
-1.423
 0.215
-0.490
 0.837
 1.118
 0.897
-0.104
 1.038
-0.056
 1.165
 0.550
 0.566
-0.712
-0.241
-0.309
-0.499
 0.862
-0.574
-1.032
-0.690
-0.272
 0.763
-0.744
 1.104
 0.636
-0.137
 0.447
 1.744
 1.767
 1.584
 1.063
-0.630
-1.229
 0.192
-0.007
-1.160
-0.790
-0.702
-0.522
-0.506
 0.250
 1.051
 1.084
 0.206
 2.127
 0.369
 1.243
 0.619
 0.775
-0.682
 2.161
 0.894
 0.066
 1.658
 0.745
 0.231
 1.202
 0.476
 1.872
 2.172
 2.412
 1.529
 1.640
 1.071
 0.833
-0.474
 0.030
 0.097
-0.194
 0.140
 0.786
 1.812
 1.049
 0.830
 0.140
-0.630
-1.941
 0.297
 0.390
-1.418
-0.614
 1.227
-0.208
-0.474
 0.157
 0.693
-0.017
-0.027
 0.177
-0.397
 1.313
 2.161
 0.625
 0.049
 0.895
 0.757
 1.355
 0.986
-1.803
 1.392
 1.527
 1.372
-0.046
 1.252
 0.944
 0.244
 0.680
 0.943
 0.646
 0.763
 1.219
 2.182
 2.560
 1.617
 0.528
 0.713
 0.860
 0.915
-0.709
 0.626
 1.068
 1.102
-1.198
-0.166
-1.615
-1.154
-0.919
-1.435
 0.142
-1.574
 0.462
 0.147
 0.601
 0.482
 1.106
-0.194
-0.370
 0.045
 0.100
 0.412
-1.828
-0.390
-0.264
-1.011
-0.323
 0.067
 1.121
 1.297
 2.965
 1.622
-0.076
-0.609
 0.930
 1.063
 0.895
 1.340
 1.754
 1.070
 0.042
 1.590
 1.651
 1.075
 0.072
 0.138
 1.738
-0.158
-0.400
-0.081
 0.466
 0.005
 1.889
 0.165
 0.818
 1.655
 0.590
 0.615
 1.055
 0.179
 0.566
 0.796
-0.129
 0.666
-0.164
 0.590
-0.738
 0.722
-0.197
-0.603
-0.814
 0.794
 2.178
-0.123
 1.315
 0.481
 1.398
 1.661
 2.300
 1.211
 0.052
 0.462
 0.443
-0.178
-0.540
 2.254
 1.002
-0.082
 0.567
 0.441
 1.407
 0.849
 0.715
 0.549
-0.580
 0.382
-0.507
-0.706
-0.215
-0.652
-0.241
-0.645
-1.334
 0.179
 1.255
 0.515
-0.352
 0.990
 1.408
 0.429
 1.096
 0.801
 1.466
 0.448
 2.454
 1.265
 2.369
 0.560
-0.317
-0.562
 0.221
-0.605
-0.777
-1.993
-1.339
 0.137
 0.065
 0.140
-0.198
-0.571
 0.210
 0.203
 0.678
 1.075
 0.443
-0.170
-0.273
-0.568
-0.858
-1.344
-0.187
-0.305
-0.723
-0.755
 0.359
-0.030
-0.458
 1.135
 0.202
 0.298
 2.221
-0.141
 0.664
 0.190
 2.214
 0.511
 0.962
 1.314
 2.165
 0.940
 0.778
 0.034
 1.251
-0.548
 0.604
 0.352
-0.810
-1.096
-0.307
 1.102
-1.680
 0.619
 0.384
 1.238
 1.374
-0.545
-0.379
 0.569
 2.383
 1.409
 0.718
 2.466
 1.383
 1.175
-0.095
 0.797
 1.007
 0.546
 0.747
 0.437
 1.211
 0.486
-0.868
-0.117
 1.756
 0.091
 0.691
 0.792
 0.692
 0.411
 0.681
 0.759
 0.314
 0.979
 0.776
 0.302
-0.025
 0.498
 1.325
 1.810
 2.175
 2.003
 1.420
 0.757
 0.643
-0.780
 0.341
 0.597
 1.225
 0.765
 1.509
 1.614
 0.814
 0.423
 0.441
 1.902
 1.428
 0.383
 1.740
 1.403
 1.544
 1.585
 1.532
 0.020
 0.708
-0.978
 1.189
-0.765
 1.008
 0.713
 0.267
-0.175
 0.425
 0.738
 0.460
-0.193
 0.204
 0.230
 0.022
-0.221
-0.008
 0.203
 0.615
 1.359
 1.536
 2.270
 2.026
 0.709
 1.388
 0.594
-0.245
 1.336
 1.706
-0.620
 2.109
 1.400
 1.395
 2.143
 2.275
 1.578
 1.669
-0.216
 1.784
 0.526
 0.622
 0.189
-0.462
-1.099
 0.217
-0.024
 0.812
 0.553
-1.040
-1.250
-1.594
-1.403
-0.452
-1.165
-0.564
 0.432
-0.423
-1.229
-0.272
-0.550
 0.328
 1.399
 1.802
-0.270
 1.895
-0.182
 0.247
-0.348
-1.296
 0.593
-1.208
-0.962
 1.844
-0.795
-0.068
 1.620
 2.290
 2.716
 0.582
 0.523
-0.163
-1.052
 1.570
 1.080
 0.770
 1.166
 0.951
 0.850
-1.108
-0.576
 0.418
 0.617
 1.391
 0.699
 0.167
 0.340
-0.841
-0.099
-0.717
 0.236
 0.103
-0.753
-1.374
-0.402
-1.099
-0.527
 0.865
 0.909
-1.454
-0.728
 0.534
-0.453
 0.339
 0.987
-0.100
 0.482
 2.021
-0.182
 1.728
 0.209
-0.032
 1.167
 0.702
 0.996
 0.712
 0.254
 0.335
-0.109
 0.819
 1.750
 0.872
-0.833
-0.967
-0.018
-0.599
 0.730
-0.292
-0.118
 1.064
 0.675
 0.297
-1.116
-0.327
-0.052
-0.567
-0.115
-0.019
 0.619
-1.023
 0.244
-0.663
 0.125
-2.228
 0.200
-1.381
-0.627
-0.390
 1.406
 0.557
 0.506
 0.682
 0.108
 0.065
-0.711
 0.035
-0.224
 1.337
 0.497
 1.128
 1.050
 1.347
 0.170
 0.677
 1.631
 1.069
-0.295
-0.426
 0.423
 1.012
 0.190
 0.332
 0.801
 0.316
 1.690
-0.554
 1.628
 0.447
 0.658
 1.097
-0.299
 0.214
 2.077
 1.087
 0.540
 1.356
 1.942
 1.087
 1.251
-0.177
 0.390
 0.508
-1.121
-0.339
 1.680
 0.666
 0.310
 0.076
 0.101
-0.179
-0.727
 0.641
 0.672
 1.013
 1.490
 0.288
 2.261
 0.146
 1.900
 0.222
 0.326
 0.866
 0.707
 1.332
 0.668
 0.661
 1.207
 1.571
 2.405
 1.783
 1.622
 1.146
-0.275
 0.875
 0.559
 1.005
-0.376
 1.707
 0.351
 0.454
 0.193
 0.390
 0.222
-0.773
 1.324
 1.495
 1.601
 0.575
-0.514
 0.735
 1.314
 0.712
-0.966
 1.526
 1.364
-0.005
 1.174
 0.975
 1.885
 1.783
 0.338
-0.003
 0.464
 1.049
 1.762
 1.046
 1.878
 0.963
 1.309
 0.644
 0.640
-0.027
 0.170
-0.036
 1.644
-0.682
-0.306
 0.685
-1.253
-0.261
 0.922
 1.405
 0.594
 1.017
 1.078
 1.252
-0.495
 0.241
 1.077
 2.586
 1.709
 0.673
 0.944
 0.792
-0.065
-0.157
 0.805
 1.272
 1.645
 0.880
-0.559
-0.735
 0.307
 0.130
 0.977
 0.656
 0.384
 0.531
 0.684
 1.161
 0.686
 0.293
 0.810
-0.136
 0.815
-0.288
-0.119
-0.585
-0.406
-0.202
 0.818
 0.478
 2.131
 0.897
 1.124
 1.094
 1.131
 1.228
 1.586
 1.706
 0.928
-0.010
 0.540
 0.394
 0.893
 1.055
 1.208
 1.504
 0.809
-0.154
 0.084
-0.862
-1.312
 0.815
-1.097
 1.046
 1.995
 1.347
-0.415
-0.624
-0.242
-0.284
 1.584
 0.941
 0.416
 0.657
 0.082
 0.001
 1.292
 1.528
 0.262
 1.471
 0.534
 0.442
 1.043
 0.981
 1.023
 0.427
 0.492
 1.683
 0.099
 0.656
 1.669
 1.178
 1.735
 0.268
 0.707
 0.332
 1.149
 1.806
 0.399
-0.069
 0.296
 0.071
-1.504
-0.885
 0.979
 1.267
 1.090
-1.451
-0.004
-0.118
 1.148
-1.224
-1.817
-1.195
-1.478
-0.040
 0.472
-0.461
-0.479
-1.626
-0.823
-0.391
-2.180
-0.862
-0.771
-0.003
 0.959
-0.501
-0.841
-0.281
-1.644
-0.082
-0.218
-0.218
-0.549
 1.099
 2.296
 2.543
 1.731
 1.848
 2.165
 0.620
 2.326
 0.147
 1.701
 0.320
-0.308
-0.389
-0.043
 0.558
-0.797
 1.216
 0.257
 0.323
 1.488
 2.087
 1.369
 1.272
 0.474
 0.019
-0.576
-0.259
 0.801
 0.698
 0.639
 2.120
 0.074
 0.706
 1.530
 1.975
 1.769
 0.776
 0.658
 1.905
 1.026
-1.013
-0.099
-0.041
-1.293
-0.543
-0.115
-1.543
 1.827
 1.644
 0.647
 1.634
-0.286
 0.784
 0.385
 1.844
 1.831
 0.241
 0.215
 0.435
 1.183
 1.072
 2.293
 1.028
 2.447
 0.154
 0.614
 1.321
 0.071
 1.155
 1.352
 1.893
 2.189
 0.235
 0.481
 1.816
-0.870
 1.072
 1.513
 0.336
-0.860
 0.994
 1.267
 0.261
 1.402
-0.252
-0.819
 0.026
-0.582
 0.444
 0.696
 1.805
-0.431
-0.824
 0.131
 1.065
 0.504
 0.282
 0.993
-0.567
 0.212
 0.350
 0.839
-0.318
-1.314
-0.868
-0.070
 1.405
 1.422
-0.696
-0.396
-0.433
 0.035
 1.612
 1.435
 2.653
 2.141
-0.090
 1.451
 1.553
 0.962
 0.088
 0.404
-0.902
 0.258
-1.278
-0.495
 1.917
-0.044
 1.029
 1.893
 1.288
 0.336
 0.558
-0.955
-1.429
-1.750
 0.485
-1.075
-0.085
-1.135
-0.908
 0.811
 0.633
 2.373
-1.668
-1.389
-0.053
-1.614
-0.405
 1.169
 0.616
-0.580
-1.487
 1.612
-0.107
 0.135
-0.915
 0.187
-1.305
-0.392
 0.574
 0.464
 0.531
 1.061
 0.876
 0.393
-0.508
 0.623
 0.231
-0.051
-0.065
 0.115
-0.981
 0.327
 0.007
 1.121
 0.745
 0.316
-0.838
 0.517
 0.804
 1.380
-0.753
 1.127
 1.145
 0.272
-0.498
 0.780
 0.228
 0.523
-0.317
 0.741
-0.402
-0.656
 0.796
-1.689
-0.127
 0.100
 0.765
-0.805
-0.719
 1.176
 0.392
 0.275
 0.192
 0.988
 0.788
-0.720
 0.234
 1.450
 0.185
 0.741
-0.070
 0.904
-0.136
-1.119
 0.067
 1.039
 0.357
 0.988
 1.461
-0.493
 1.374
 1.321
 1.148
 2.308
 1.289
 1.599
 0.483
 0.378
 1.527
-0.142
 0.618
 0.906
 0.060
-0.234
 1.084
-0.164
-0.580
-1.084
 1.144
 0.707
 0.087
 0.810
-2.180
-0.872
 0.872
-0.459
 0.159
-1.156
 0.302
 0.685
 0.181
-0.757
-2.324
 0.556
 0.267
 0.738
 0.692
 2.069
 0.059
 2.225
 0.811
 1.036
-0.293
 0.519
-1.197
-0.159
-0.355
 0.414
 2.975
 1.379
 1.891
 3.262
 1.944
-0.309
 0.143
-0.046
 0.616
 1.916
 0.993
 0.760
 0.821
 0.870
 0.288
 1.668
 0.508
-1.307
-0.217
-0.515
-1.399
 0.550
-0.439
-0.481
 1.612
 0.490
-0.040
 0.075
 1.938
 1.365
 2.851
 0.944
 1.282
 0.649
-0.126
 0.698
-0.097
-0.260
-0.599
 0.863
 1.185
-0.988
 0.752
 1.4