
-1.082
-0.762
-0.955
-2.435
-2.322
-2.335
-2.399
-2.444
-1.242
-1.144
-1.362
-1.400
-0.930
-1.402
-0.041
-0.953
-0.585
-1.044
-0.720
-0.688
-0.240
 1.133
 0.695
-0.383
-0.190
 0.314
 0.580
-0.477
-0.355
 0.361
-1.233
-0.626
-1.057
-0.694
 0.962
 0.564
 0.162
 0.406
 0.522
 0.736
-0.587
 1.256
 1.287
 0.371
-0.225
-1.961
-0.456
 1.549
 2.468
 1.267
 0.982
 0.306
-0.212
-0.786
-0.098
-0.751
 0.210
 1.453
 0.039
-1.326
 0.717
-0.836
-0.474
-0.148
 0.258
-0.737
-0.682
-0.898
-0.656
-1.108
-1.184
-1.518
-0.838
-0.719
-1.124
 0.822
 0.609
 0.521
 0.968
-0.755
-1.925
-0.649
 0.012
-0.231
-1.684
 0.218
 0.126
-0.422
 0.229
-0.436
 0.960
-0.342
 0.722
 0.052
-0.717
 0.866
 0.317
 0.516
-0.321
-0.403
-0.131
 0.092
 1.258
-0.237
 0.475
 0.894
-0.239
 1.975
 0.814
 0.948
 0.907
 0.765
 0.998
 2.412
 0.596
-0.319
 0.977
-0.160
 0.650
-0.655
-0.485
-0.981
 0.022
 0.341
-1.611
-0.552
-0.071
-0.379
-0.388
 0.557
-0.494
-0.513
 0.296
-0.771
-1.783
 0.730
-0.470
-0.626
-1.554
-0.954
-0.796
-0.243
-0.177
-1.193
-0.179
-0.730
-1.763
-2.149
-2.626
-1.086
 0.669
-0.650
 1.130
-1.071
-1.199
-0.384
-1.217
-2.059
-0.345
-1.120
-0.871
-0.749
-0.383
 0.613
-1.658
-1.275
-0.650
-1.203
 0.023
 0.201
 1.208
-0.070
 0.290
 0.028
-0.916
 0.256
-0.853
-0.991
 0.457
 0.535
-0.489
-0.418
-0.267
-0.945
-0.642
-2.015
-1.218
-0.405
-0.205
 0.234
-0.949
 1.537
-0.566
-0.754
-0.528
-0.212
-0.538
-0.685
 0.307
 0.204
 0.061
 0.117
-0.548
-0.495
-0.727
-2.274
-1.104
-0.913
-0.788
-0.184
-0.747
-0.540
-0.316
-0.964
-0.112
 0.157
-0.780
-0.704
-0.072
-0.292
 0.601
 0.949
-0.088
 0.455
-0.551
 0.936
-0.994
 0.627
-0.301
-0.995
-1.147
-0.715
-0.879
-1.842
-1.398
-0.568
 0.048
-0.917
 1.417
 0.257
-0.734
 0.230
-0.486
-0.440
-0.417
-0.601
-2.166
 0.200
 0.187
-1.317
-0.219
 0.252
 0.148
-1.160
-0.827
 0.892
-0.017
 0.419
 0.253
 0.034
-0.449
-0.494
-1.253
-1.155
-0.948
 0.500
 0.776
-0.422
-0.592
-1.924
-0.910
-1.047
 0.074
-1.175
-0.861
-1.430
-0.933
-0.562
-1.483
-2.629
-1.406
-1.062
 0.731
-0.630
 0.187
 0.353
 0.811
 1.184
-0.404
 0.435
 0.699
-1.177
-1.290
-0.164
-0.888
-0.452
-0.612
 0.409
 0.198
-1.675
-1.375
-1.891
-1.792
-1.941
-2.086
-1.544
-1.857
-2.262
-2.001
-1.367
-2.174
-1.221
-0.620
 0.382
-0.892
-0.365
-0.332
-1.522
-0.690
-0.753
-0.999
-1.081
-1.337
 0.218
 1.108
-0.051
-1.217
-0.846
-2.194
-2.247
-2.494
-1.167
-0.367
-0.392
 0.880
-0.479
-0.073
-1.223
-0.880
-0.266
-0.552
-0.161
-1.102
-0.836
-0.838
 0.579
 0.358
-0.193
-1.067
 0.258
-0.611
 1.881
 1.048
-0.119
-0.665
 0.245
-0.204
 0.214
 0.929
 0.774
 0.451
 0.970
 0.323
-0.112
 0.341
-0.532
 0.064
-1.596
-0.564
 0.061
-1.375
-0.880
-1.011
-0.872
-0.433
 1.014
-0.414
-1.838
-0.951
 0.559
 0.283
 0.179
 0.166
 0.637
 0.016
-0.291
-0.014
 0.936
-0.858
-0.720
-0.360
 0.090
 1.825
 1.070
 0.183
 0.043
 0.201
-0.882
-1.654
-0.302
-0.595
-0.625
 0.190
-0.209
 0.612
 0.802
-0.183
 0.182
 2.110
-0.346
-1.421
 0.060
-0.660
-1.597
-0.116
 0.032
-1.350
-1.211
-1.064
 0.732
 0.429
 0.220
 1.246
-0.180
 0.870
 0.509
 0.397
-0.107
 0.002
-1.087
 0.639
-0.389
-0.100
-0.219
 0.262
 0.723
 0.131
-0.411
-0.670
-0.663
-0.770
-1.023
 0.807
 0.050
 0.430
 2.112
 0.171
 0.188
-0.103
 0.335
-0.080
-0.254
-1.558
-0.126
-0.637
-1.705
-0.072
 0.056
-0.484
-1.091
-0.645
-1.195
 0.496
-0.983
-0.460
-1.428
-2.367
-2.392
-0.541
-1.655
-0.862
-1.437
 1.312
 1.954
 1.181
 1.272
 0.662
 1.578
 0.984
 1.077
-0.571
-1.091
 0.032
 0.854
-0.472
 0.370
-0.229
 1.134
 1.399
 0.177
-1.005
 0.948
-1.120
-0.180
 0.444
 0.572
-0.379
-0.065
-0.041
-1.615
-0.738
-0.049
 0.100
 1.330
 0.140
 0.003
 0.597
 0.462
-1.674
-2.276
-0.678
-1.585
 0.955
 0.887
 0.662
-0.263
-0.637
-2.398
-2.404
-0.179
-0.823
-1.148
-1.300
-0.465
-1.018
-0.284
-1.335
-0.154
 0.138
-0.591
-1.745
 0.186
-0.953
-0.867
-1.408
-0.308
-0.861
-1.438
-0.324
-1.173
-1.221
 0.597
-2.005
 0.939
-0.681
 0.856
-1.051
-1.211
 0.505
-0.242
 0.647
-0.517
-0.399
-0.943
-0.444
 0.388
-0.211
 0.972
-1.155
-0.687
 0.930
-0.582
-1.183
-0.799
-0.472
 0.935
 0.115
 0.017
-0.320
 0.344
-0.495
 0.457
-0.622
 0.344
 0.201
 0.722
-0.983
 0.994
 0.662
 0.852
-0.302
-0.060
-0.761
 0.095
-0.276
 1.603
 0.448
-0.186
 1.025
 0.594
 1.883
 0.412
 1.148
 0.047
 0.075
-0.355
-1.140
 1.777
-0.187
-0.684
 0.874
 0.470
-0.136
 0.593
-1.077
 0.149
-1.272
 0.698
 0.390
 0.391
 0.228
-0.109
 0.643
 0.431
-0.026
 0.609
-0.268
 0.062
 0.172
 1.860
-0.093
-0.378
-2.891
-0.948
 0.233
-2.218
-0.535
-0.132
 0.229
-0.359
 0.768
-1.205
 0.265
 0.146
 0.151
 0.462
-0.999
-0.703
 1.023
 0.116
 0.975
 0.306
 0.219
-0.173
-0.823
-0.901
 0.390
-0.472
-1.149
-0.349
-1.121
-0.645
-1.763
-0.596
-1.344
 0.141
 0.517
 0.063
 0.552
-0.366
-0.196
-1.848
-1.107
-1.658
-0.484
-0.971
-1.990
 0.600
-0.398
-1.678
-1.787
-1.600
-0.926
-1.173
-1.088
-1.783
-0.760
-1.398
-0.421
-0.215
 1.095
-0.743
-1.442
 0.012
-0.978
-0.527
-0.961
-1.754
-0.837
-2.592
-1.546
-1.395
-2.409
-1.365
-1.552
-0.379
-1.246
-2.196
-1.733
-0.864
-2.543
-2.407
-0.312
-1.154
-1.957
-1.229
-1.884
-0.792
-0.406
-0.193
-1.047
-0.574
-0.417
 0.063
-0.163
-2.277
-0.358
-1.787
-1.173
-0.931
-0.527
-1.946
 0.030
-0.266
-0.464
-1.265
-1.648
-0.045
 0.273
-0.315
-0.596
-0.854
 0.514
-0.371
-0.514
-0.534
-0.686
 0.039
 0.853
 0.561
-1.287
-0.735
-0.172
 1.576
-0.961
-0.635
 0.021
 0.882
 0.333
 0.398
 0.086
 1.124
-0.653
 0.726
 1.314
 0.571
 0.351
 1.699
 1.707
 0.867
-0.180
-1.782
-0.638
 0.099
 0.220
 0.315
-1.642
-0.649
 0.280
 0.744
-1.148
-1.392
-2.257
-1.858
-1.630
-0.709
-0.067
 0.049
 1.578
-0.276
-0.579
 0.416
 0.750
 0.848
 1.444
 1.203
 1.150
-0.141
 1.368
 0.187
 0.114
-0.706
-0.779
-0.680
-1.452
 0.188
-0.490
 0.131
-0.026
-2.165
 0.547
-0.349
 0.617
 0.860
 0.748
 0.171
-0.324
-0.967
 0.002
-1.246
 0.521
 0.801
 0.194
 1.333
 0.082
 0.026
 2.279
 0.553
 0.016
-0.779
 1.381
-0.683
-1.338
-0.511
-0.082
-0.680
 0.527
 0.179
-0.084
-0.158
-0.653
 1.636
 2.154
 0.714
-0.467
-0.940
 0.507
 0.207
 0.992
 0.206
-0.450
-0.211
-0.152
 1.143
 0.621
-0.601
-0.504
-0.359
-0.224
-0.431
-0.111
-1.248
-1.660
-1.758
-0.443
 0.209
 0.716
 0.657
-0.624
-0.665
-0.259
-1.816
-2.196
-1.431
-0.815
-0.800
-0.627
-1.239
-1.441
-2.444
-1.732
-0.169
-1.090
-0.993
-2.370
-0.771
-1.625
-1.274
-0.360
 0.311
-0.976
-0.746
-0.145
-0.096
-0.223
-1.099
-0.337
 0.251
-0.141
-0.041
 0.454
-0.631
 0.222
 0.363
-0.110
-0.328
-0.561
-1.197
-0.338
-0.129
-1.321
 0.428
-0.285
-0.869
-0.725
-1.100
 0.054
-1.107
-1.631
-1.390
-1.314
-1.159
-1.504
 1.561
-1.008
-0.534
-0.735
-0.252
 0.163
-1.548
-2.691
 0.630
 0.079
 0.232
 0.356
-0.468
-0.584
-0.057
 0.128
-0.363
 0.727
 0.699
 0.484
-0.096
-0.551
-1.391
-3.019
-1.172
-1.042
-0.922
-1.715
 0.413
-2.646
-1.430
-2.585
-2.604
-0.937
-0.698
-0.124
-0.737
-0.713
-1.193
-0.023
-0.246
-0.032
-1.645
-0.439
-1.759
-0.766
-1.102
-1.781
-1.248
-0.396
 0.463
-0.275
-0.848
-0.301
 1.360
-0.065
-0.525
 0.349
 0.842
-0.755
 0.647
 0.559
-1.306
-0.923
-1.347
-0.429
-0.628
 0.052
-0.989
-1.867
-0.714
-1.038
-0.678
 0.586
 1.455
 1.067
-0.084
-0.016
 0.508
 0.738
-0.109
 0.074
 1.452
 1.826
 1.007
-1.155
-0.173
 0.285
 0.545
-1.307
-1.581
-1.390
-0.999
-2.549
-0.011
-1.039
-0.501
 0.980
-0.404
-1.001
 1.158
-1.007
-0.832
-0.798
-0.503
-1.010
-1.070
 0.286
 0.874
 0.007
-0.696
-1.170
-1.156
 0.740
 0.482
-1.976
-0.066
-1.016
-0.513
-0.205
-0.535
-0.242
-1.262
 0.226
-0.012
-0.191
-0.829
-0.033
-0.406
 0.051
 0.911
 0.150
-0.604
 1.112
 0.117
 0.198
 0.508
 0.127
 0.662
 0.934
 0.865
 1.155
 1.050
 1.395
 0.758
 1.506
 0.842
 0.240
 1.237
 0.251
 0.430
 0.377
-0.338
-0.279
 0.149
 0.413
-1.302
-0.668
 0.112
 0.616
-0.438
-0.881
-0.419
-0.442
 1.632
 1.194
 1.694
 1.370
 0.839
 1.305
 2.775
 0.399
 0.981
 0.965
 1.126
 1.367
 1.145
 0.561
 1.219
 0.463
 0.347
 1.035
 0.049
-0.877
-0.751
-0.353
-0.725
 0.253
-0.614
 0.323
 0.415
 1.062
 0.174
-1.865
-0.640
-0.623
-1.152
-0.684
-0.126
-0.325
-0.688
-0.064
 0.253
 0.089
-0.470
-1.106
-0.022
-0.128
-0.913
 1.289
-0.963
-1.113
 1.798
 0.470
 1.356
 2.418
 1.647
 0.755
 0.904
-0.428
 0.286
 0.642
 0.866
 1.204
 0.001
-0.627
 0.314
-0.234
 0.205
 0.320
-1.403
 0.537
-0.683
 0.828
-0.221
 0.142
 0.833
-0.301
-0.146
 0.049
 0.063
 0.354
 0.237
-1.151
-0.904
-1.279
-0.421
-0.264
 0.010
-0.011
-0.236
-0.083
 0.013
-0.163
-1.740
-1.181
-0.393
-1.949
-0.719
-1.253
-1.627
-0.912
-1.098
-0.185
-0.276
-0.467
-1.437
-1.156
-1.526
 0.061
-0.713
 0.205
-1.441
 0.522
 0.050
 1.564
-0.608
-0.548
-0.068
 0.498
-1.052
-0.624
 1.162
-0.018
 0.807
-0.175
-0.417
 0.529
 2.013
 1.224
 0.241
 0.026
 0.495
-1.099
-0.538
 0.449
-1.359
-0.011
 0.922
-0.431
 0.314
-0.502
 0.043
-0.522
 0.337
 0.446
 1.463
-0.781
-0.254
 0.481
-1.002
 0.641
-1.017
-2.293
 0.304
 0.565
 0.897
 0.079
-1.586
-0.275
-0.017
 1.299
 0.133
 1.134
 0.372
 0.529
-0.151
-0.262
-0.792
-0.288
-0.472
 0.538
-0.627
-1.529
-0.157
-0.230
-0.509
 0.241
-0.427
-0.376
 0.013
 0.385
 1.442
 0.814
 0.900
-0.103
 0.332
 0.952
 2.375
 0.513
-0.224
 0.649
-2.129
-1.312
 0.300
 1.553
-0.992
 1.338
-0.139
 0.833
 0.018
-0.248
-0.421
-0.380
-0.755
-0.534
-0.906
-1.283
-0.814
-1.654
-2.353
-0.541
-1.191
-0.783
-2.103
-1.207
-0.149
-0.189
-1.169
-0.424
-1.022
-0.051
-0.267
-0.526
-0.674
-2.668
-0.552
-1.496
-0.633
 0.042
 0.059
-0.729
-0.822
-0.853
-0.807
 0.664
 0.557
-0.887
-0.672
 0.761
 0.028
-0.382
 0.093
-0.273
-0.375
-0.909
-0.401
-0.933
-1.598
-1.461
 0.388
-0.241
-0.628
-0.654
 0.310
 0.411
-2.078
 0.078
-0.220
-0.234
-0.429
 0.088
 0.600
-0.716
-0.759
-0.848
 0.004
 0.407
 1.265
-0.359
 0.281
 0.132
-0.395
-0.428
-0.525
-1.288
-1.163
 0.747
-0.827
-0.488
-0.199
-0.441
-0.115
-0.504
-2.213
-0.539
-0.664
-0.643
-1.195
-0.259
-0.788
-0.096
 0.276
 0.436
-0.240
-1.881
-0.736
-1.886
-0.142
-1.112
-0.972
-0.865
-0.085
-0.782
-1.416
-2.158
-0.137
-0.607
-1.522
-1.274
-1.407
-2.070
-1.084
-0.907
-1.047
-0.837
-0.385
 0.539
 0.001
-0.106
-0.460
 1.172
 0.067
 0.881
-0.768
-0.399
-0.993
-0.372
-0.037
-0.158
-1.081
 0.323
 0.722
 0.842
 0.690
 1.637
 0.293
 0.336
-1.033
-1.178
-0.536
 0.347
 0.129
 0.246
-0.251
-1.494
-1.784
-0.984
-0.914
-2.567
-1.307
-0.847
 0.108
-0.040
 0.019
-1.338
 0.494
-0.372
-0.550
-1.966
-0.683
-0.928
-0.491
 0.391
-0.173
-2.615
-1.090
 0.393
 0.051
-0.750
-1.380
-0.288
 0.184
-1.255
-0.535
-1.246
-1.724
-2.317
-1.912
-2.036
-2.700
-0.784
-0.451
-2.354
-3.284
-2.044
 0.029
-1.855
-1.158
-0.896
-1.823
-0.662
-1.990
-0.234
-1.362
 0.693
 0.503
-1.674
-1.372
-0.215
-1.280
-1.681
-0.314
 0.292
-1.271
-1.401
-1.515
-0.075
-1.362
-2.983
-1.590
 0.864
-1.380
-1.517
-1.243
-0.120
-0.651
-0.232
-1.998
-0.218
-1.080
-1.363
-0.348
-1.669
-0.806
-0.760
-0.439
-0.445
-0.140
 0.896
-0.513
-0.879
-0.937
-0.060
-2.185
-1.842
-2.209
-1.792
-0.618
-0.207
 0.855
-0.602
-1.294
-0.575
-1.693
-1.517
-1.813
-0.384
-1.926
 0.006
-0.807
-1.181
 1.498
-1.491
-1.110
-0.374
-0.482
-0.304
 2.043
 0.758
 1.191
-0.345
-0.634
 0.370
 0.241
 0.215
 0.611
 0.921
-0.066
-0.463
-0.811
-0.990
-1.515
-0.411
 0.163
 0.164
-0.651
 0.267
-0.096
-0.043
-1.338
-0.371
-1.026
-0.440
-0.415
-0.888
-0.436
-0.713
-0.529
-1.154
-0.858
-0.210
-0.582
 0.915
 0.124
-1.597
-2.282
-0.264
-1.461
-0.064
 0.590
 0.133
 0.478
-0.171
-0.445
 1.033
-1.159
 0.113
-0.925
 0.093
-0.411
-0.510
-0.817
 0.108
-0.781
-0.958
-0.678
 0.871
 0.100
-0.729
-1.366
 0.229
-1.059
-0.043
 0.598
-0.253
-0.393
-0.604
 1.052
 0.826
-0.110
 0.242
-0.175
-0.264
 0.403
-1.086
-1.081
-0.721
 0.628
-0.549
-0.104
 0.163
-0.086
-0.798
-2.841
-1.560
-0.342
-1.446
-1.353
-0.991
 0.172
-0.162
-0.417
 0.147
-0.112
 0.156
-0.467
 0.709
-0.413
-0.313
 0.931
-0.522
 0.900
-1.106
-0.587
-1.826
-2.594
 0.118
 0.663
 0.798
-0.766
-1.059
 0.187
-0.815
-0.506
 1.420
 1.778
 0.953
-0.252
-0.365
-0.323
 0.776
 0.640
 0.766
-1.244
-0.649
 0.682
-0.285
-0.674
-0.363
-0.749
 0.265
 0.003
 1.353
-0.192
-1.582
-1.730
-0.110
-0.201
-0.882
-0.775
-0.209
-1.952
-0.368
-0.483
 0.933
 1.089
 0.127
 1.455
 0.033
 0.819
 0.931
-0.578
 0.380
-0.458
 0.112
-0.439
 1.460
-0.587
 0.706
 1.246
 0.128
-0.017
 0.859
-0.703
 0.297
-0.758
-0.206
-0.163
-0.387
 0.594
 0.216
-0.378
 0.361
 0.530
 0.467
-0.244
-0.147
 0.822
 0.210
-1.248
 0.080
-0.282
 1.188
 1.620
 0.508
 2.521
 0.404
-0.004
 0.574
 1.819
 0.020
 0.580
-0.331
 0.247
-1.148
-1.291
 0.696
 0.390
 0.691
-0.654
 1.082
-0.826
-0.974
 0.315
 0.368
 0.672
 0.871
 1.006
 1.667
 1.030
 0.691
-0.151
 0.242
-0.778
-1.585
-0.541
-1.538
-0.130
-0.269
 0.104
 1.077
 0.386
-0.615
 0.058
-0.830
-0.392
 0.045
 0.885
 0.564
 1.111
 0.990
 0.582
 0.790
 1.354
-0.260
-0.155
 0.312
 1.072
-0.444
-2.084
-0.637
-2.299
-0.953
-0.593
-0.227
-0.602
 0.117
 0.499
 0.683
-0.772
-0.329
 0.099
 0.115
 1.075
 2.416
 0.251
-0.313
-0.629
-0.449
-0.108
 0.408
-1.690
-1.290
-0.228
-1.210
-0.642
-0.767
 0.014
-1.599
 0.157
-0.397
-0.750
-0.906
-0.338
-1.137
-0.738
 0.962
 0.001
 0.438
-1.490
 1.318
 2.329
 1.749
 1.718
 1.887
 0.594
 0.139
 1.128
 1.581
 0.893
 0.598
 0.583
 1.473
 1.283
 0.526
 0.554
 0.208
 0.619
 0.309
 0.699
-1.540
-1.634
-0.371
 1.102
-0.304
 0.868
-0.534
-0.869
 0.477
 0.343
 1.140
-0.057
 0.987
-0.310
-1.280
-1.197
 0.076
-0.377
-0.504
-1.341
-0.722
 0.006
 0.569
 0.941
-0.031
-1.461
-0.846
-0.077
-0.668
-0.720
-1.991
-1.210
 0.233
-1.529
-0.589
-0.504
 0.372
-0.802
 0.634
 0.933
 0.286
 0.380
-1.737
 0.091
-0.549
 1.772
-0.421
-0.313
-1.909
 0.513
-2.148
-1.056
-0.343
-0.755
-1.700
-0.556
 1.537
 0.723
 0.588
 1.247
 1.503
 0.815
 1.230
 0.456
 0.436
-0.395
 1.080
 0.971
-0.120
-0.569
 0.436
-0.312
 2.139
-0.061
 1.206
 0.004
 1.116
 1.784
 1.875
 0.178
-0.018
-0.457
-0.672
-0.900
-0.137
 0.224
-0.315
-0.732
 0.670
-0.574
-0.962
-0.329
-0.372
-0.285
-0.004
-0.615
 0.887
 1.562
 0.148
 0.056
 1.368
 0.502
 0.785
 0.781
 0.318
 0.235
 0.296
 0.171
 0.895
 1.519
-0.757
-1.172
 1.006
-1.038
-1.796
-1.432
-1.332
-0.770
-1.119
 0.348
 0.282
 0.871
-1.504
-1.782
 0.457
 0.119
-0.266
-0.211
 0.160
-0.268
-0.694
 0.880
 1.014
 0.746
-1.117
-1.209
 0.641
 0.009
-1.346
-1.425
-0.386
-1.496
-0.842
-2.308
-0.467
-0.230
 0.505
 0.476
 0.818
-0.324
-0.727
-1.457
 0.069
-0.273
-0.691
 1.025
-1.942
-0.137
-0.375
-0.578
-0.077
 0.310
 0.187
-1.388
-0.532
-0.410
-0.790
-1.790
-0.398
-0.833
-1.725
-0.239
-0.006
 0.662
-0.848
-1.345
-0.492
-1.020
-1.373
-0.343
 0.492
 0.320
-0.462
-0.726
-1.341
-0.839
-1.418
-0.456
-0.971
-1.642
-0.070
-0.526
-1.048
 1.061
-0.128
-0.646
 0.258
-0.266
 0.311
 0.636
-0.617
-0.990
 0.320
-0.242
-2.202
-0.551
-1.214
-0.797
-0.337
-0.324
 1.022
 1.886
 2.527
-0.024
 0.070
-0.779
 0.988
 0.008
 0.307
 0.537
-0.256
 0.257
-1.399
 0.577
-0.144
-0.547
 0.583
 2.238
 2.048
-1.145
-0.079
 1.006
-1.247
-0.412
-0.106
 0.425
 0.399
-0.812
 0.096
-1.629
-1.664
-1.880
-1.137
-1.224
 0.484
-0.277
-1.040
 0.061
-0.001
-0.127
-0.726
 0.093
-1.337
-1.925
-0.295
-1.840
-1.359
-2.058
 0.254
-1.103
 0.542
-0.252
-0.388
-1.711
-0.236
-0.040
-0.903
-0.257
-0.633
 0.037
 0.725
 0.129
 0.103
-0.117
-0.162
-0.604
-1.031
-1.906
-2.017
 0.138
 0.466
-0.382
-1.094
-0.244
-1.632
-1.851
-1.232
-1.810
-0.867
-0.332
-0.527
-1.625
-1.427
-2.494
-0.764
 0.031
-0.606
-1.189
-1.009
-1.114
-1.327
-1.607
-1.901
-0.487
-0.701
-0.721
-0.296
 0.078
 0.154
 1.024
-0.458
-0.035
 1.199
-0.938
-0.207
-0.596
-0.819
-0.450
-1.923
-1.044
 0.580
 0.647
-0.077
-1.379
-1.213
 0.474
 1.202
-1.215
-0.475
-0.340
-1.469
-1.755
-0.571
-0.667
-1.327
 0.452
-1.674
-1.683
-0.407
-0.725
-1.892
 0.031
 0.244
 0.881
 0.478
-0.054
-0.871
-0.515
 0.100
-0.809
-1.969
-0.659
 0.221
 1.773
-1.196
-0.900
-1.335
 0.074
 0.421
-0.166
 0.423
 0.210
 0.640
-1.718
 1.287
 1.553
-0.013
 0.625
 0.645
-1.348
-0.978
-0.140
-0.862
-0.860
-1.673
-1.765
-1.073
-1.768
-2.202
-0.444
-0.663
-1.158
-0.404
-2.886
-0.446
-0.481
-1.080
 0.225
 0.861
-0.568
-0.538
-2.355
-1.429
 0.528
-0.501
-1.328
-0.159
-2.405
 0.841
-0.254
-1.028
-0.039
 1.235
-0.140
 0.495
-1.067
 0.835
-0.694
 0.490
-0.054
 0.977
 0.122
 0.234
 1.586
 0.314
-0.131
-0.604
-0.653
-0.446
-0.072
-1.027
-0.485
 1.204
-0.530
 0.169
-0.169
-1.617
-0.934
-0.330
 1.303
-1.157
-1.610
-0.007
-0.092
 0.349
-0.330
-0.861
-0.143
 1.152
 0.418
 1.346
-0.641
-0.599
 0.876
 0.401
 0.874
-0.849
 0.333
 1.016
-2.530
-0.328
-1.184
-0.907
-1.769
-1.101
-0.453
-0.478
-0.066
-0.798
-0.437
-0.742
-0.992
-2.169
-0.535
 0.635
 0.112
 0.773
 0.025
-0.103
-0.483
-1.379
-0.031
 0.247
-1.576
-0.819
-0.263
 0.384
-1.570
 0.010
-0.563
 1.771
 1.321
 1.156
 1.190
-0.333
-0.137
 0.910
-1.035
 0.004
 0.838
 0.637
 0.534
 0.664
 0.907
 0.712
 0.591
-0.589
-0.401
 0.141
 0.247
 0.527
 0.045
 0.575
 0.148
-0.420
 0.180
-0.620
-0.256
-0.560
 0.041
 0.395
-0.013
-0.508
 0.873
-0.032
 0.853
 0.303
 0.164
-0.831
 1.239
 1.151
 1.038
 2.000
-0.065
-0.029
-0.051
 0.743
-0.063
-0.442
-1.282
-1.171
 0.757
 0.033
 1.570
 1.456
 2.369
 0.216
 0.271
 0.281
 1.751
-0.154
-0.143
-0.254
-0.548
 1.304
 0.503
 1.021
 0.216
-0.471
-0.847
 0.022
 0.147
 0.115
 0.087
 0.105
-0.048
-0.675
 0.087
-1.045
-0.739
 1.213
 1.283
 1.008
 0.386
-0.401
 1.010
-1.070
 0.192
-1.792
-0.808
 1.832
 0.581
-0.258
-1.475
-0.413
-2.498
-1.194
-1.949
-1.522
-2.202
 0.097
-0.664
-1.022
-1.162
-1.954
-1.188
-2.654
-1.647
-1.246
-1.260
-1.221
-1.051
-0.603
-0.660
-1.685
-0.611
-2.545
-0.077
-0.997
-1.709
-0.202
-0.197
-1.228
-1.693
 0.492
-1.183
-1.383
-1.259
-2.761
-2.075
-0.629
-1.135
-0.324
-0.881
-1.315
 0.270
-1.200
-1.518
-2.173
-1.760
-2.069
-2.829
-0.784
-0.764
-1.109
-0.893
-0.269
-0.128
-0.555
-1.146
-0.356
-0.669
-0.839
-0.025
 0.291
 1.327
 0.412
-0.238
 0.844
-1.266
 0.512
 0.480
 0.219
-0.281
-0.098
 0.744
-0.112
-0.871
-1.161
-1.785
-0.407
-1.578
-2.319
 0.321
-0.738
 0.195
-1.904
-2.509
-1.811
-0.496
-0.595
-1.312
-0.245
-0.324
-0.223
-1.922
-2.198
-1.171
-1.132
 0.060
 0.144
-0.632
-1.150
-0.170
-0.903
 0.788
 0.120
-0.071
 1.287
 0.405
 0.690
-0.246
-0.846
-0.448
 0.103
-0.241
-0.865
 0.626
 1.889
 1.324
 1.021
 0.942
 0.140
-1.147
 1.439
 1.027
 1.476
 0.292
 0.971
-0.077
 0.286
 0.763
 2.149
-0.078
 0.679
-0.384
 0.826
 0.899
 1.353
 0.073
 0.048
-0.738
-0.515
 0.529
 0.797
 0.141
 0.581
 0.837
-0.031
 1.135
 0.064
 1.428
-1.223
 0.979
 1.036
 0.543
 0.177
 1.071
 0.731
-0.174
 0.071
-0.981
-0.409
 0.028
 0.000
 0.237
-1.072
 0.447
 0.327
-1.367
-0.337
-0.691
-0.423
-0.143
-0.132
-0.668
-0.671
-0.659
-0.463
 0.469
-1.022
-0.751
-0.979
-0.578
-0.462
 0.976
-0.189
 0.130
-0.421
-1.572
-0.391
-1.442
 0.919
 0.231
 0.452
-0.166
-0.083
 0.057
 0.696
-1.318
-0.292
 0.250
 0.138
 0.996
 0.048
-1.019
 0.054
 0.073
-0.263
-1.632
-0.337
-0.407
-1.035
 0.009
-0.885
-0.049
-0.607
-1.480
 0.654
 0.397
-0.633
 1.493
 0.087
-0.937
-1.550
-0.340
-1.205
-1.198
-0.181
 0.779
 0.066
 0.373
-0.758
 1.655
 1.777
-0.597
-0.303
-0.084
 0.768
 2.168
 0.428
 0.138
 1.644
 0.996
 0.136
 0.351
 1.449
 0.016
 0.321
-0.737
-0.508
 0.082
-0.367
-1.681
-0.611
-0.059
 0.049
 1.124
 0.687
 0.679
-1.198
 0.056
 0.475
-0.157
-0.969
-0.059
 0.783
 0.313
-0.555
-0.002
 0.388
-0.652
-1.395
-1.785
-0.255
-1.528
 0.104
 0.599
-0.199
 1.296
 0.141
-1.273
-1.658
-0.743
 0.702
 1.305
 0.275
 1.093
-0.163
-0.250
-0.219
-0.149
 0.944
 0.463
 1.319
-0.545
-0.071
 0.813
 1.756
 0.960
 2.464
 1.384
 0.470
 0.981
 0.256
 0.721
 1.028
-0.141
-0.569
-0.962
 0.815
 1.568
 1.460
 0.365
 1.788
 0.765
 0.917
 0.756
 1.138
 1.833
-0.074
-0.410
 1.000
 1.487
 0.904
 1.293
 0.586
-0.552
 1.073
 0.355
-0.041
 0.517
-0.086
 0.990
-0.650
 1.272
 0.559
-0.353
-0.345
-0.550
 0.235
-0.610
 0.466
-0.307
-0.326
-0.374
-0.611
-1.390
 0.293
 0.465
 0.248
-0.966
-1.855
-0.161
-1.481
-0.619
-0.046
 0.104
 0.018
 0.197
 0.365
 0.143
 0.382
-1.280
-1.767
-1.306
 0.965
 0.760
 0.177
-0.100
 0.269
-1.598
-0.488
-0.534
-1.089
-0.727
-1.116
 0.730
-0.270
 0.220
-0.464
 0.157
 0.679
 0.600
 0.449
-0.903
-1.623
 0.094
-0.085
 0.639
-0.743
-0.658
 0.573
 0.155
-0.955
-0.062
-1.127
 0.047
-0.238
-0.509
-0.277
-1.044
-0.908
-0.937
-1.806
-0.979
 0.518
-0.487
-2.333
-2.378
-2.778
-2.473
-0.919
-1.868
-0.818
-2.048
-2.164
-0.894
-1.842
-0.494
-1.960
-1.152
-0.690
-0.426
-0.655
-1.654
-1.125
-0.124
-0.950
-1.049
-0.078
-1.353
-1.056
 0.736
-1.270
-0.773
-1.565
-1.957
 0.038
-0.563
-0.251
 0.077
-2.406
-1.822
-2.180
-0.091
-0.521
-1.394
-0.721
-0.669
-1.549
-2.318
-2.057
-0.013
-2.166
-1.284
-0.749
-1.028
-2.495
-2.762
-0.936
-2.152
-1.722
-1.275
-0.857
-0.949
-1.236
-1.965
-1.982
-1.202
-1.776
-3.850
-0.450
-1.380
-1.525
-1.705
 0.555
-1.164
-2.102
-0.336
-1.358
-1.411
-1.028
-0.295
 0.163
-1.107
-2.092
-1.198
-1.257
-2.204
-2.711
-1.383
-1.756
-0.925
-0.466
-1.446
-1.056
-1.107
 1.046
 1.167
-0.432
 0.112
-0.492
-0.735
-1.008
-0.646
 0.742
-0.083
-1.359
-1.515
-2.946
-1.815
-2.096
-0.651
-1.114
-1.164
 0.108
-0.548
-1.382
 0.201
-1.017
-1.742
-1.016
-1.067
-2.165
-2.027
-0.178
-0.553
-0.491
-2.091
-1.337
-0.477
-1.529
-2.016
-1.902
-1.360
-1.121
 0.795
 1.050
 0.852
-0.498
 0.371
 0.157
-0.286
-0.041
-0.478
-0.298
-0.420
 0.178
-0.236
 1.460
 2.088
 1.186
-0.705
-0.620
-0.816
-1.771
 0.333
 0.224
 0.300
-1.605
-1.664
-1.678
-0.546
 0.289
-0.924
 0.249
 1.181
 0.649
-1.190
-0.396
-1.047
-0.099
-0.200
 1.076
-0.022
 0.060
-0.939
 0.353
-1.085
-0.769
-0.872
 0.373
-0.168
-0.817
 0.499
 0.468
 0.499
 1.366
-0.072
 0.910
 0.306
 0.156
 0.148
-0.680
-0.694
 0.776
-0.997
-0.064
 0.142
 0.308
 0.139
-0.131
 0.232
-0.926
 0.465
-2.583
-1.278
-1.112
-0.883
 0.115
 0.122
 0.011
-1.649
-0.858
 0.318
-1.388
-1.593
-1.277
-1.395
-1.748
 0.515
-0.871
-0.585
-0.626
-0.466
-0.409
-0.048
 1.148
-0.064
 0.001
-0.188
-1.126
-0.394
-0.568
-0.374
-0.977
-0.943
 0.007
-0.722
 0.091
 0.581
 0.976
-0.694
 0.539
-0.891
-0.932
-0.246
-0.611
 0.108
 2.005
 1.125
-1.338
-0.155
-0.922
-0.808
-1.874
 0.430
 0.702
 0.074
-0.860
-0.327
-0.178
-0.447
-1.064
 0.101
-1.217
-0.131
-0.591
-0.863
-0.953
-1.280
 0.637
-0.059
 0.542
-1.627
-1.285
-0.247
-1.873
-1.534
-2.607
-2.756
-1.828
-1.661
-1.749
-1.117
-2.534
-3.007
-1.387
-0.848
-1.247
-1.010
-1.582
-2.607
-1.437
-1.135
-0.668
-1.568
-0.809
-0.420
-0.306
-0.014
-0.667
-0.351
-0.851
-1.041
-0.598
-1.048
-0.898
-0.214
-0.944
-1.222
-0.203
 0.152
 1.359
-0.412
 0.224
-0.590
-0.277
 0.405
-0.546
 0.128
-0.500
-0.294
 0.038
-1.273
 0.017
-1.135
-0.488
 0.202
-1.140
 1.041
 0.776
 1.795
-1.255
 0.534
-0.139
 0.025
-1.284
-0.223
 0.445
-0.808
-1.232
-0.681
-0.653
-1.244
-0.420
 0.193
 1.308
-0.104
-1.064
 0.417
-2.134
 0.576
 1.000
 0.668
-0.804
 0.203
 0.611
-0.767
-1.820
 0.305
 0.095
 0.292
-0.418
 0.108
-0.332
-1.560
-1.214
-1.235
-1.923
-1.461
-0.720
 1.012
-1.135
-0.826
-0.654
-0.395
-0.278
-2.650
-1.919
-1.189
-1.066
-0.623
 0.084
 0.811
 0.760
 0.549
-0.961
-0.196
-2.099
-1.219
-0.715
-1.277
-1.245
-1.132
-2.330
-0.718
-1.390
-0.153
 0.217
-1.464
-2.084
-1.787
-1.113
-2.137
-0.880
-0.347
-1.379
-1.458
-0.609
-0.551
-1.102
 0.480
-0.303
-1.554
-0.642
-1.086
-1.144
-0.925
 0.408
 0.337
 0.307
 0.172
 0.466
 0.353
-0.092
-1.732
-0.457
 1.432
 0.190
 1.127
-0.503
-0.738
-1.150
-0.325
-0.270
-0.568
-0.460
 0.969
 0.134
-0.244
-0.460
-0.796
-2.238
-3.206
-2.233
-1.210
-2.456
-3.382
-1.071
-2.602
-2.199
-2.177
 0.018
-2.612
-0.563
-0.516
-2.219
-0.868
-0.681
-1.029
 0.448
-0.117
-0.571
 0.408
-0.055
-1.503
-0.856
-1.136
-1.022
-1.667
-2.104
-1.310
-1.038
-0.853
-1.208
 0.745
-0.216
-0.553
-0.619
-0.436
 0.509
 0.193
-0.166
-0.925
-1.714
-0.836
-0.794
 0.664
-0.290
-1.183
-0.771
-0.888
-0.467
-1.613
-0.884
-0.582
-2.033
-2.788
-1.797
 0.455
-2.260
-1.859
 0.679
-1.499
-1.654
-0.085
-0.743
-0.643
-0.024
-1.325
 0.139
-0.980
-0.762
-0.166
-0.306
-0.297
-0.390
 0.265
-1.217
 0.712
-0.725
-0.487
-0.786
-0.812
-2.378
-1.991
 0.277
-1.884
-0.355
 1.583
 0.159
 0.955
 0.576
 0.114
 1.157
 1.278
-0.342
-0.687
-2.700
-0.560
 0.211
 0.692
 0.573
-0.046
-0.911
-0.273
 0.835
-0.762
 0.087
 0.142
 1.108
 0.749
-0.211
-1.343
-0.732
-1.425
-0.492
 0.464
-0.341
 0.151
 0.390
-1.165
 0.474
-1.504
 0.636
-0.348
-0.020
 0.213
 0.711
-0.250
 0.496
-0.193
 1.524
 0.718
-1.198
 0.581
-1.763
-0.109
-1.934
-1.365
-0.058
 0.411
-1.298
 0.865
 0.030
-1.152
 0.112
 0.269
-1.015
-0.726
-0.311
 0.184
-1.174
-1.358
-1.449
-0.324
-0.431
 0.504
-0.307
-0.496
 0.375
-1.647
-0.114
-0.236
 0.740
 0.683
-1.143
 0.094
-1.091
 0.599
 0.413
-0.686
-0.414
 0.482
 0.001
-0.674
-1.293
-1.970
-0.747
 0.084
-1.033
 1.623
-0.760
-2.208
 0.708
 0.650
-1.904
-1.447
-0.321
-0.021
-0.041
-0.027
 0.273
-0.541
-0.260
-1.512
-0.973
-0.643
-1.519
-1.528
-0.336
-0.538
-1.117
-1.004
 0.163
 0.043
-1.479
-0.684
-1.229
-0.189
-1.433
-1.155
-1.658
-1.459
-0.528
-0.294
 0.196
-1.768
-1.538
-1.318
-1.705
-0.873
-1.648
 0.703
-1.029
-1.649
 0.260
 0.151
-1.152
-1.345
-0.460
 1.318
 0.589
-0.162
 0.158
-0.423
 0.726
 0.140
 0.116
-1.339
 0.063
-0.279
 1.343
 1.241
 0.913
 1.504
 1.900
 1.329
 2.183
 1.015
 0.535
 2.446
 0.499
 0.677
 0.148
-0.421
 0.843
 1.303
 0.468
-0.240
 1.340
 0.219
 1.351
 1.103
 0.720
 0.259
 0.365
 0.695
 1.586
 0.927
 0.571
 2.496
 0.974
 0.977
-0.135
 0.702
 0.183
 0.715
-1.141
-0.233
 0.358
 0.939
 0.420
 0.377
 0.609
-0.007
 0.849
 0.063
 1.952
 1.072
 1.037
 0.063
 0.371
-1.558
-0.122
 1.228
 0.527
-0.527
-1.230
-0.972
-0.082
 0.337
-0.217
 1.314
-0.394
-3.131
-0.934
-1.135
 0.042
-0.205
-0.730
 0.504
-1.825
-0.678
 0.783
-1.347
-2.212
-1.447
-1.641
-0.207
-1.400
-1.207
-1.641
-2.335
-2.055
-1.405
-0.362
-0.632
-0.704
-1.239
-0.078
-1.275
-0.287
-1.065
-1.460
-2.580
-2.417
-2.251
-2.283
-1.825
-0.653
-0.243
 0.091
 0.136
-1.085
 1.285
 0.266
 0.859
-0.163
-0.139
-0.260
-0.198
 1.192
 1.966
 0.490
 0.966
-0.959
-1.831
 0.556
 0.208
-0.301
-1.312
-0.737
-0.646
-0.259
-0.614
 0.187
-0.327
-0.483
 0.090
 0.243
-0.904
-1.144
-0.655
-1.213
-1.473
-0.421
 0.423
-0.045
-1.202
-0.881
-0.392
-0.696
-2.143
-1.299
-1.319
-0.717
-0.550
-2.432
-0.402
-0.995
-0.359
-0.554
-0.756
-0.628
-1.013
-1.328
-0.861
-1.168
-0.646
-0.187
-1.210
-1.183
-0.185
 0.734
 0.679
 0.247
 1.554
 1.172
-0.409
-0.538
-1.328
-0.703
-0.599
-1.512
-0.841
 0.827
 1.056
 0.072
-0.331
-0.506
 0.736
-1.590
-1.528
-1.779
-1.566
 0.789
 0.196
-1.330
-0.559
 0.063
 0.107
 1.376
-0.163
-0.435
-0.755
-1.458
-0.601
-1.821
-0.889
-0.861
-0.862
-0.164
 0.409
-0.815
-0.905
-0.338
-1.393
-1.389
-0.757
-2.222
-1.539
-0.258
-0.776
-0.633
-1.987
-2.064
-0.691
-1.782
 0.721
-1.600
 0.700
-0.721
-2.354
-0.843
-3.651
-1.987
-1.585
-0.368
 0.046
-0.341
-0.376
-1.485
-1.385
-1.744
-0.240
-1.121
-2.528
-0.203
-1.333
-0.537
-1.769
-1.504
-0.812
-0.891
-0.216
 1.118
 0.136
-0.177
-0.210
-1.088
-1.703
 0.450
-0.882
-0.645
-0.448
-0.618
-0.503
-0.828
-0.127
-0.074
-0.510
 0.276
 0.325
-0.924
 0.390
 1.183
 1.056
-0.358
-1.011
-0.809
-0.096
-0.065
-0.546
-1.177
-0.430
-1.120
-0.514
 0.272
-1.974
-1.412
-0.479
-1.280
-0.891
-0.626
-1.906
-1.059
-0.667
-2.233
-1.936
-0.912
-0.356
 0.994
 1.869
 1.246
 1.359
 0.134
-0.726
-0.406
-0.925
-1.008
-2.403
-0.951
-0.139
-0.891
-1.158
-0.799
-0.828
-1.968
-0.510
-0.869
-1.153
-1.014
-1.855
-2.002
-0.985
-2.195
-1.791
 0.336
-0.812
-0.618
-1.091
 1.903
-0.021
-1.189
 0.657
-0.375
-0.805
-0.015
 1.412
-0.330
 1.038
 0.370
 0.930
-0.462
-0.265
-0.980
-0.883
-0.187
-0.649
 1.462
-0.884
 1.345
 0.522
 0.766
 0.601
 0.131
 1.516
-0.747
-0.274
 0.079
 1.908
 2.959
 1.384
 2.132
 1.261
 0.076
 2.136
-0.418
 0.653
 0.795
 0.772
 0.015
-0.748
 0.073
 1.417
 2.090
 0.339
-1.286
 0.527
-0.271
-0.463
 0.237
-0.577
-0.894
-0.771
-0.132
-1.428
-1.450
-0.249
-1.687
-1.409
-0.783
-0.224
-0.026
 1.568
 0.400
-0.969
-0.174
 0.362
-0.326
-1.399
-1.280
 0.102
-0.774
 0.316
 1.340
 0.398
 0.462
 0.581
 0.008
-1.177
 0.355
 0.426
-0.199
-0.214
 0.025
 0.009
-0.344
 0.978
-0.360
-0.791
-1.653
-0.817
-0.441
-1.235
-1.232
-0.016
-1.499
 0.872
-0.061
 0.495
-1.200
 0.683
 0.863
 0.453
-0.799
-0.072
 0.745
 0.502
 0.966
 0.127
 1.076
 1.918
-0.542
-1.136
-0.320
-0.295
 0.825
-0.190
-1.558
-0.656
 0.414
-0.083
-0.288
-0.831
-1.042
 0.053
-0.319
-0.412
-0.554
-0.020
 0.694
 0.680
 1.199
 0.891
 0.382
 1.410
 0.060
-1.365
 0.325
-0.447
-0.488
-0.380
 0.532
 0.977
-0.926
 0.094
 0.986
-1.839
-1.555
-2.419
-0.035
 0.447
 0.685
-0.211
 0.507
 0.718
 0.457
 0.241
 0.355
 0.513
-0.059
-0.435
-0.626
-1.564
 0.207
-0.382
-0.073
 0.876
-0.411
-1.609
-0.443
-0.967
-0.311
-0.818
-0.324
-1.234
 1.024
-0.003
 0.177
 1.920
-0.580
-1.230
 1.192
 0.590
 0.378
 0.947
-0.111
 0.060
 0.619
-0.503
-1.640
-2.504
-1.205
-1.610
-1.701
-0.019
 0.389
-0.179
 1.298
-0.262
-0.531
-1.773
-1.635
-0.597
-1.481
-1.450
-0.763
-0.216
-1.207
-0.585
-1.273
-0.952
 0.131
-0.894
-0.339
-0.867
-0.954
 0.155
-2.191
-0.949
-0.846
-1.262
 0.100
-0.418
-0.563
-0.826
-0.438
 0.489
-1.684
-0.500
-1.138
-2.011
-0.163
-1.536
-1.165
-0.188
-1.302
-0.220
 0.130
-1.303
-0.263
 0.646
-1.454
-0.008
-0.765
-1.411
 0.776
 0.474
 1.080
 0.296
-0.166
-0.279
 0.353
-0.373
 0.564
 0.946
-0.669
-0.456
 0.139
 0.809
-0.353
-0.497
 0.052
-0.199
 0.754
-0.431
 0.009
-0.596
 0.208
-0.819
-0.407
-0.555
-0.040
-0.901
 0.082
-0.843
-0.487
-0.489
 0.223
-1.608
-1.269
 0.954
-0.400
-0.340
-0.974
-0.656
-1.487
 0.982
 0.160
 0.271
-0.959
-0.761
 0.088
 0.328
-0.897
 0.052
-0.163
-0.405
 0.644
 0.449
 0.845
-0.658
 1.658
 1.430
 0.986
-0.425
 0.542
-0.074
-0.128
 0.546
 0.715
-1.297
 0.213
-0.925
-0.175
 0.751
 1.022
 0.168
 0.994
 0.123
-1.445
-1.125
-0.621
-0.826
 1.599
 0.461
-0.718
 0.413
-1.334
-1.173
-0.825
 0.748
 0.087
-0.003
-0.615
-0.119
 0.260
-1.912
 0.487
-0.114
-0.157
-1.397
-0.692
-0.891
-0.372
-0.688
-0.626
-1.581
-2.042
-0.660
-0.474
-0.170
-0.512
-0.975
-1.188
-1.337
-0.943
 0.532
-0.717
 0.454
 1.169
-0.747
-0.248
-1.490
-0.423
-1.033
-0.293
-1.777
 0.222
-1.088
-1.596
-1.034
-0.677
-0.720
-0.057
-0.462
-0.752
-2.111
-1.598
-1.405
-1.449
 0.338
 0.165
-1.035
-0.682
-0.457
-0.126
 0.989
 1.564
 0.234
-0.842
-1.897
-2.099
-0.592
-0.229
-1.653
-0.293
-3.217
-2.787
-0.952
-1.751
-0.002
-0.794
-2.682
-0.812
-1.291
-0.187
-1.185
-0.179
-1.683
-1.217
-2.628
-1.587
-0.908
-1.211
-3.057
-0.243
-1.216
-0.460
-0.379
-1.579
-0.072
 0.301
-0.750
 0.074
 0.134
-0.675
-1.738
-1.758
-1.587
-1.373
 0.454
 0.593
-0.509
-1.304
-1.455
-1.625
-1.576
-1.678
-0.789
-2.503
-0.387
-0.884
-2.437
-3.001
-1.955
-1.580
-1.984
-0.618
-1.008
-1.938
-1.884
-0.785
-1.656
-2.036
-0.359
-2.259
-1.231
-1.840
-2.834
-1.145
-1.471
-1.679
-0.192
-0.984
-0.262
-1.826
-0.692
-1.878
-2.638
-1.420
-0.512
-0.547
-0.494
-0.335
-1.307
-2.134
-1.313
-0.461
 0.315
 2.138
 0.653
 0.318
-0.096
-0.850
-0.238
 1.796
 1.037
 0.709
 1.346
-0.390
-0.641
-1.911
-1.221
-1.188
-1.142
-0.075
 0.028
-0.173
-1.893
-0.857
-0.204
 0.558
 0.179
 0.525
-0.018
 0.414
-0.904
 0.826
-1.207
-1.766
 0.361
-1.764
 0.476
-1.195
-1.645
-0.754
-0.130
 1.496
-0.286
 0.708
-0.868
-0.126
-0.515
-0.595
-0.038
-1.125
-0.980
-0.948
-0.270
-0.734
-0.153
-0.123
 0.682
-0.702
-0.230
-0.412
-1.219
-0.131
 0.588
 0.299
-0.079
-1.546
-0.009
-1.054
-0.839
 0.172
-0.499
-0.499
 0.549
-1.386
-1.580
-0.214
-0.069
 0.162
-0.201
-0.717
-0.515
-1.010
-0.348
-0.587
-1.951
 0.483
 1.284
 0.714
 0.827
 0.222
-0.145
-1.390
 0.896
 1.391
 0.356
-0.752
-0.797
 1.126
-0.382
 0.312
-0.982
-0.364
 0.205
-1.216
-0.184
-1.141
 0.399
 0.241
 0.424
 0.886
 1.815
 0.880
 1.301
 0.755
 1.786
 2.616
 0.021
 1.277
 0.813
 0.599
 0.259
 0.507
-0.907
-1.311
 1.806
 1.840
 1.292
-0.477
 0.404
 0.623
 0.073
 1.418
 1.011
 0.582
 1.907
 0.231
 1.189
-0.219
-0.204
 1.150
 0.005
 0.937
 1.302
 0.836
 1.120
-1.761
-1.187
-1.084
 0.793
 0.615
 0.576
 1.277
 0.827
 1.905
-0.126
 0.377
-0.717
-0.038
-0.005
 1.142
-0.819
 0.148
-0.133
 0.240
-0.086
 0.394
 0.679
-0.578
-0.107
 0.266
-0.514
-0.485
-0.160
-0.252
 0.395
 0.295
-0.324
 1.356
 0.214
 0.753
 0.150
-0.928
-1.594
-0.005
 1.184
-1.194
 0.648
 1.157
-1.282
-1.667
-0.413
-0.652
-0.242
 0.980
-0.836
 0.493
 0.665
 0.859
-0.789
 0.070
-1.026
-0.636
-1.252
 0.035
-0.223
-1.077
-1.732
-0.327
-0.095
 0.986
 0.388
-0.736
-0.452
-2.500
-1.985
-1.318
 0.372
 1.472
 1.992
-0.664
 0.236
 0.180
-0.367
-0.747
-1.014
-0.292
-0.247
-0.085
 2.145
-0.782
 0.180
 0.560
 1.695
 1.496
 0.492
-0.043
-0.323
 0.067
-0.214
-0.693
-0.954
-0.563
 0.650
-0.230
-1.537
 0.338
-0.521
 0.834
 0.193
 0.028
 0.679
 1.611
-0.543
 1.688
 1.233
 0.316
 0.339
 0.725
 1.192
 1.875
 0.193
 1.306
 2.398
 1.112
 1.998
 3.041
 0.617
 1.431
 0.289
 0.449
-1.391
 1.014
 0.361
-0.695
-0.432
 0.742
 0.444
-0.533
 1.196
 1.087
 0.932
 0.810
 3.033
 1.509
 1.274
 0.828
 1.344
 0.118
 0.054
 0.592
 1.747
 1.404
 1.540
 0.551
-0.159
-0.209
 0.326
 0.202
-1.777
-0.210
 0.802
 0.219
-0.585
 0.520
 0.631
 0.857
 0.202
-0.656
 0.668
 0.663
-0.111
 0.695
 1.469
 1.084
 0.718
 0.243
-1.457
 0.560
 0.422
-0.360
 0.288
-0.500
 0.634
 0.690
-0.244
-0.303
 0.349
-0.181
 0.539
 0.686
 0.919
-0.747
-0.343
-0.350
-0.641
 0.331
 1.170
 0.879
 0.531
-0.039
 0.077
-0.650
-1.260
-0.540
 1.043
 0.873
-1.547
-0.065
-0.627
-0.011
 0.513
 1.217
 0.768
-0.343
 0.079
 1.577
 0.964
-0.669
-1.133
-2.508
-0.692
-1.255
 0.299
-0.809
-0.733
-0.500
 0.127
-0.872
 0.431
 0.343
-1.916
-1.254
-0.994
-1.550
-1.448
-0.715
 0.551
-1.736
-2.112
 1.424
 0.641
 1.385
 0.868
-1.207
-0.014
 0.473
 1.188
 0.106
 0.422
 0.356
 1.393
 1.226
 0.806
-0.763
 0.057
-0.723
-0.499
-0.585
-1.909
-1.529
 0.442
 0.744
-0.842
-0.464
 0.097
-0.580
 0.079
 0.075
-0.241
 0.473
-0.027
 1.191
 1.712
-1.589
-0.758
-0.588
-1.679
-0.257
-2.110
-0.726
-1.323
 0.302
-1.023
 0.334
-0.172
-0.288
 0.241
 0.479
-2.063
-1.328
-0.211
 0.930
 0.526
-1.612
 0.651
-1.002
-1.368
-1.291
-0.374
 0.912
-0.801
-0.385
-1.327
-0.694
-0.790
-0.782
-0.395
-1.795
-1.034
-0.736
-0.259
-1.268
-0.231
-0.583
-0.014
 0.071
 0.273
 1.548
-0.256
 0.453
-1.700
-1.077
-0.226
-0.302
 0.415
-0.291
-0.329
-0.678
 1.481
 1.312
 1.392
-0.113
-0.096
-0.604
-0.936
-1.926
-1.116
 0.432
-0.488
-0.561
 0.122
-0.577
-0.987
-0.233
-0.386
-0.464
-0.077
 0.178
-0.589
 0.779
-0.699
 1.362
 0.094
 0.028
 0.840
 1.812
-0.234
-0.221
-1.059
-0.633
 0.315
-0.649
-0.208
 1.260
 0.867
 0.496
 1.021
 0.215
 1.534
 0.979
 0.533
 2.198
-0.619
 0.490
-0.039
-0.816
-0.394
-0.810
 1.003
-0.662
-1.778
-0.282
 1.378
-0.333
-2.035
-0.413
 0.422
 0.579
-0.632
-0.196
-2.133
 0.078
 0.606
-2.421
-1.620
 0.080
-0.638
-0.177
-0.014
 1.115
-0.540
-1.377
-0.027
-1.361
-0.756
 0.649
 0.085
 0.267
-1.941
-1.597
-1.018
-0.429
-1.228
 0.568
-1.422
-1.557
-0.658
 0.019
 0.539
 1.288
 1.064
 0.076
-0.747
 0.224
 1.658
 1.373
-0.940
-0.601
-0.144
-0.925
-1.397
 0.967
 0.394
-0.234
 1.605
 0.106
-0.189
 0.511
-0.020
 1.364
-0.068
 1.069
 1.114
 1.710
 1.364
 1.551
 2.623
 1.052
 0.639
 0.683
-1.011
 0.296
 0.899
 0.960
-0.181
 0.737
-0.906
-0.201
-0.337
 0.457
-0.849
 0.232
-0.656
-1.224
 1.200
 0.714
 0.850
 0.285
-0.785
 0.259
 1.014
 1.715
 0.340
 0.432
-0.946
-0.636
 0.698
-0.172
 0.127
 0.043
-0.751
 0.906
 0.431
 0.231
-0.338
 0.018
 1.038
 0.355
 0.375
 0.742
-0.980
 0.001
-1.082
 0.389
-1.232
-0.778
-0.214
-0.100
 0.272
-1.168
-0.873
 1.850
 0.312
 0.846
 1.097
 0.956
 1.123
-0.576
-0.171
 0.876
-0.213
-0.678
-1.439
 0.083
 0.265
 0.769
 0.799
-0.415
 0.578
 0.366
-0.197
-0.541
 0.464
 0.487
 1.745
 1.224
 0.849
-0.441
 0.014
 0.411
 0.751
-0.955
 1.679
-0.088
 0.087
-0.371
-1.411
 0.602
 0.876
 0.815
-0.816
-0.856
-0.570
-0.809
 0.091
 1.076
 1.691
 0.215
 0.321
 1.031
 0.834
 0.262
 1.072
 1.864
 1.589
 0.062
-0.181
-0.576
 0.961
 0.488
 0.200
-0.715
 1.012
 0.237
-0.740
 1.340
 0.426
 1.511
 0.562
 0.972
 2.032
 1.297
 2.186
 0.527
 1.496
 1.647
-0.574
-0.679
 0.138
-0.139
-0.720
 0.479
 0.624
 0.340
-2.381
-1.126
 0.535
-0.010
-2.072
 0.595
-0.679
-0.505
-1.213
-1.086
-0.429
-0.276
-0.897
-0.862
-1.226
-1.071
-1.600
-0.784
 0.467
 0.030
-1.095
-1.463
-1.590
-0.918
-1.165
-1.520
-0.507
-0.161
-0.481
 1.472
-0.173
-1.255
-2.386
-0.918
-0.183
-0.914
-0.704
 0.520
-1.180
-1.319
-0.809
-0.081
-0.809
 0.563
-0.897
-0.968
-0.037
-0.367
-0.207
-0.205
-1.505
 0.848
-0.895
 0.247
-1.271
-1.229
-1.989
-0.973
-0.240
-0.420
-0.709
-1.439
-1.086
 0.298
-0.364
-0.097
-0.228
 2.250
 0.644
 0.020
-1.182
-0.015
 1.002
 0.594
 0.640
 0.642
-0.086
-0.578
 0.174
 0.252
-1.035
-1.719
-0.779
 0.334
-1.036
-3.386
-1.401
 0.045
 0.555
 0.694
-1.039
-2.479
-0.272
-3.038
-1.743
-1.236
-1.361
-0.883
-0.487
-0.446
-0.051
-0.121
-0.694
-1.011
 0.231
-0.514
-1.902
 0.102
-0.194
-1.840
-0.624
-0.163
-0.724
 1.018
-0.079
-0.825
 1.119
-0.023
 1.385
 0.949
 0.718
-0.202
-0.325
-0.616
-1.167
-0.551
 0.729
 1.121
-1.313
 0.006
 0.844
 0.378
 1.911
 1.126
 0.178
-0.751
-0.722
-1.496
-1.801
 0.115
 1.228
 1.553
 0.687
 0.140
-0.636
 0.462
-0.390
-0.197
 1.046
 2.646
-0.180
 0.651
 0.512
-0.308
 0.188
 0.503
 0.493
-0.377
-0.562
-1.133
 0.811
 0.115
 0.971
 0.431
-0.834
 0.464
-0.544
-0.365
 2.073
 2.191
-0.934
 0.858
 0.329
-0.754
-1.581
-1.013
-1.406
-1.135
-0.100
 0.013
-0.857
-1.802
-0.414
-0.258
-0.297
 0.259
-0.217
-1.768
-0.429
 0.657
 0.617
-0.296
 0.894
 1.081
 0.800
 0.816
 1.359
 0.730
 0.194
 1.855
 0.841
 1.585
 1.516
 0.809
-0.483
-0.485
 0.169
 0.709
 0.658
 1.198
 1.029
 0.688
-0.986
 0.680
 1.481
 0.215
-0.432
 1.496
 1.141
 1.681
 1.220
 1.568
 0.707
 1.707
 2.335
 2.620
 0.171
 0.003
 0.461
 0.786
 0.588
 0.978
 1.540
 0.219
-0.336
-0.564
-0.927
 0.303
-0.625
 0.733
 0.921
-0.292
 0.374
-0.219
 0.274
 1.073
 1.826
 1.715
 0.910
 0.678
 2.628
 1.897
-0.665
-0.379
-0.189
-0.776
 0.558
-0.456
-1.242
-0.093
-1.021
-0.258
-0.240
 0.391
-0.386
-0.665
-0.164
 0.134
-1.216
-0.362
-0.232
-0.375
-0.671
-0.098
 0.460
 0.690
 0.968
 0.978
 0.066
 1.866
 0.085
 0.520
 0.590
 0.555
 0.233
 0.020
-1.082
-0.354
 0.185
-1.087
-1.718
 1.016
-0.617
 1.275
 1.598
-0.408
 1.707
 0.988
-0.192
-0.583
 1.419
-1.058
 0.984
 1.180
 0.315
-0.546
 1.062
 0.278
 2.226
-0.861
-0.276
 0.366
-0.075
 0.119
 0.293
 0.251
-0.940
 0.106
-0.013
 1.296
 0.672
 0.366
-0.640
-0.153
-0.158
 1.086
 0.872
 0.314
 1.010
 0.155
-0.333
 0.134
 0.448
-0.065
 0.250
 0.986
 0.570
-0.908
 0.545
 0.994
 0.623
 2.128
 0.134
 0.652
 2.015
 0.919
 0.112
-1.470
 0.090
 0.034
-0.140
 0.002
 0.174
-1.401
 1.006
 1.172
-0.553
 1.143
 0.817
 0.990
 2.777
 2.038
 2.153
 1.702
 1.992
 2.926
 0.920
 0.091
 0.742
 0.914
 0.869
-0.464
-0.519
-0.401
-0.562
-0.682
-0.183
-0.108
 0.362
 0.638
 0.362
 0.843
 0.333
 0.151
 0.276
 0.178
 0.416
-0.206
-0.241
 1.383
-0.556
-1.351
-0.932
-0.078
-0.033
-1.955
 0.060
 0.940
-0.819
-0.457
-0.349
 1.265
 0.406
-0.731
-0.474
 0.001
-0.657
-0.098
 0.734
-0.491
 1.670
 0.527
 0.542
 0.753
 0.870
 0.155
 1.087
-0.070
 0.080
-1.717
-1.564
 0.192
 0.242
 0.283
 0.632
 0.785
 0.423
 0.674
 0.655
 1.202
 1.547
 0.642
 1.181
 0.332
 0.709
 1.944
 1.192
 0.481
 1.790
 1.800
 1.404
 0.039
 1.531
 0.945
-1.344
 0.620
-0.463
 0.630
 0.381
-0.204
 0.600
-0.447
-0.206
-0.032
 0.642
 0.511
 1.041
 0.755
 1.108
 0.740
 1.714
-0.064
 1.903
 1.742
 0.939
-0.235
 1.531
 1.159
 0.333
 1.037
 1.706
 0.925
 1.022
 0.687
 0.469
 0.583
-0.938
-1.002
-0.612
 0.235
 0.461
 1.355
 1.171
 1.616
 0.816
 1.532
 0.678
 0.360
 1.275
 1.162
 0.532
 1.085
 0.885
 0.780
 0.298
 0.368
 0.458
 0.766
 1.387
 1.569
 0.432
 0.623
 0.127
 0.367
-0.156
 0.700
 0.529
 1.363
 1.774
 2.103
 1.642
 0.344
 1.210
 0.733
 0.832
 1.442
 1.514
 0.829
 2.451
 0.824
 0.810
 0.705
 0.535
-1.607
 0.517
-0.814
 1.272
 0.015
-1.333
 1.067
-0.204
-0.363
-0.002
 0.884
 0.367
 1.110
-1.017
 0.577
 1.040
-0.007
-0.734
-0.899
-1.477
 0.708
 1.656
 0.613
-0.193
 1.359
-1.162
 0.114
-0.255
 1.535
 1.419
-0.762
 0.294
-0.310
 1.451
 1.056
 0.578
 0.785
 0.231
-0.301
 0.995
-0.679
-0.460
 1.751
 0.204
 2.013
 0.895
 1.107
 1.558
 0.335
-1.152
-0.538
-0.761
-1.023
-0.504
-0.045
 0.815
 0.635
 2.206
 1.441
-0.182
 1.750
 0.506
 0.696
-0.191
 0.346
-0.156
 0.602
 0.612
-0.205
-0.812
 0.461
-0.237
-0.765
-2.196
-1.679
-1.145
-0.427
-0.070
-0.577
 0.956
 1.634
-0.110
 0.748
 0.207
 1.214
 0.572
 1.076
 1.055
 1.218
-0.477
 0.357
-0.273
 1.339
 0.352
-0.056
-1.021
-0.975
 0.287
-1.335
-0.908
-1.208
-0.821
 0.412
 0.178
-0.277
-0.977
-0.097
-0.955
-0.639
-0.944
 0.285
 0.605
-0.222
 1.652
 1.001
 0.954
 0.212
 0.223
 1.190
 0.671
-0.063
 0.497
 0.795
 0.779
 0.025
 0.695
-0.431
 0.494
 0.856
-0.048
 0.547
 0.815
-0.709
-0.735
 0.138
 0.463
-0.770
 0.467
 1.423
 1.425
 1.651
-0.511
-0.314
-1.723
-1.276
-0.593
-1.084
-0.759
-0.861
-0.368
-0.401
-0.285
-1.109
-0.253
 0.811
 0.162
 1.936
 1.405
 1.501
 1.723
 2.033
 0.201
-0.349
-0.133
 0.121
 1.428
 0.698
 2.166
 2.244
 2.536
 0.003
 0.725
 0.691
 0.694
 1.363
 0.545
 0.758
 0.600
-0.147
-1.148
 0.060
 1.021
 0.123
 0.232
-1.087
 2.365
 0.987
 1.864
-0.079
 0.209
 0.992
 0.027
-0.450
 0.169
 0.374
 1.049
-0.209
-0.661
 0.167
-0.465
-0.806
 0.371
-0.075
 1.264
 0.431
 0.254
 0.215
 1.892
-0.268
 2.229
 0.713
-0.707
 0.314
-0.912
 0.694
 0.803
 0.847
 1.230
 0.743
-0.024
 0.286
 0.331
 0.136
-0.190
 0.620
-0.021
-1.934
-0.986
-0.219
 0.004
-0.269
-0.259
-0.926
 0.828
-0.731
 0.153
 0.135
-0.991
 0.126
 0.131
 0.507
-0.176
 0.415
 0.085
-0.376
 0.264
-0.519
-1.483
-0.599
-0.425
 0.495
-0.328
-0.164
-1.614
-0.287
 1.469
 1.436
 0.156
 0.123
 0.112
-0.379
 0.460
-1.629
 0.887
 0.264
 0.040
-0.506
-1.148
-1.408
-0.249
-0.914
-0.802
 1.194
 2.592
-0.290
 0.610
 0.597
-0.168
 0.808
-0.703
 0.499
-0.193
 0.154
 0.810
 0.184
 0.449
 0.810
 1.770
 0.475
 0.493
-0.770
-0.893
-0.858
-0.515
 1.022
 1.222
 0.245
-0.312
-0.326
-0.635
 1.237
 0.378
 0.283
-0.597
 0.498
-0.426
 0.332
 1.116
 0.188
-0.786
 1.301
-0.163
 0.155
 1.225
 0.547
-0.612
 0.095
 0.977
-0.202
 0.313
-0.375
-1.450
-0.351
-1.692
-1.024
-1.063
-0.318
 0.401
 1.693
 0.719
 0.486
 0.319
-0.120
-0.622
 0.917
-1.056
 1.154
 1.069
 1.425
 0.726
 0.820
 1.018
 1.278
 2.306
 1.910
 1.314
 0.376
 1.668
 0.019
-0.277
-0.592
-0.258
 0.717
 0.150
-0.113
-0.341
-1.488
-0.912
-0.901
-0.286
 1.376
 0.184
 0.924
 0.936
 1.152
 0.926
-0.821
 1.006
 0.985
-0.414
 0.337
 0.024
 0.990
 1.428
-0.847
-0.437
-0.320
-0.924
-1.943
 1.258
-0.537
-1.665
-1.539
-0.083
 1.018
 0.969
-0.444
 0.461
 1.110
 1.641
 0.014
-0.514
 0.412
-1.475
 0.683
-0.041
 0.934
 2.091
 0.763
 0.551
 0.420
-1.113
-1.468
-1.517
 0.075
-1.027
 1.223
-0.310
 1.157
 3.404
 1.061
 0.497
 0.528
 0.311
 2.455
-0.386
 0.279
 0.396
-0.356
 0.411
-0.765
-0.520
 1.552
 0.633
 1.078
-0.068
 0.277
 0.504
-0.018
 0.180
-0.005
 0.852
 0.967
-0.722
-1.500
 0.376
-0.578
 0.532
-0.713
-0.836
 0.026
-0.509
 0.646
-0.341
-0.619
 0.451
 0.053
 0.718
 0.282
 1.431
-0.467
 0.604
-0.277
 0.373
 0.388
 1.398
 0.356
 0.343
 0.604
 0.727
 0.379
 1.594
-0.463
-0.553
 1.165
 0.675
 0.637
-0.440
 1.420
 1.419
 0.339
 0.709
-0.920
-0.479
-1.369
-0.517
-0.446
-1.080
-2.184
 0.484
 0.422
 0.130
 1.031
 1.209
 0.479
-0.632
-0.620
 0.256
-0.588
 0.647
-2.194
-1.404
 0.694
-0.309
-1.096
-2.061
-0.292
-0.847
 0.476
 0.383
-0.868
-0.353
-0.433
-0.709
-0.581
-0.855
-0.951
-1.376
-0.917
 0.380
 0.898
-0.530
-0.574
-0.192
 1.308
-0.658
 0.123
-0.451
-0.242
-1.769
-2.117
 0.923
-0.463
-0.555
-0.130
-0.457
-0.911
-0.034
-1.634
-0.776
 1.106
-0.242
-0.467
-0.754
-1.646
-0.249
-0.401
-0.601
 0.133
 1.813
 0.276
 0.392
 0.914
 1.828
 0.968
 0.478
-0.575
-2.065
-1.282
 0.677
 0.766
 0.207
-0.630
 0.758
 1.036
 0.477
 0.176
-0.172
-0.076
-0.788
-0.155
-1.181
 1.090
 0.637
 1.026
-0.216
-0.522
 0.408
 1.319
-0.702
-0.349
-0.786
 0.856
-1.595
 0.119
-0.684
-1.395
-0.911
-0.082
-0.460
 0.443
-0.209
-0.077
 0.078
 0.311
 0.589
-0.077
-0.084
-1.474
-1.164
-1.703
-1.881
-1.448
 0.213
 0.357
-0.027
-1.680
-1.007
-1.050
-1.153
-0.422
-0.886
-0.104
 0.490
 1.557
 0.005
-0.465
-1.377
 0.795
-0.364
 1.238
 1.380
 0.912
 0.886
 0.980
 0.603
 1.548
 0.803
 0.805
 0.957
-1.011
 0.011
 0.685
 0.895
-0.506
-0.443
-1.078
 0.514
 0.019
 0.120
 0.572
-0.808
-0.553
 0.288
 0.009
-0.302
-0.565
-0.003
 1.511
 0.818
 0.167
 1.808
 1.585
 0.072
-0.274
 0.656
 0.960
 0.703
 1.403
 0.923
 1.278
 1.252
 0.631
 0.781
 2.055
 0.393
 1.329
 0.731
 1.573
-0.571
 0.354
-0.842
-0.263
 0.532
 1.924
 2.098
 0.371
 1.657
 0.855
 0.627
 1.114
 0.401
 0.810
-0.352
-1.202
-0.045
-0.104
-0.830
-1.331
 0.149
-0.947
 0.729
 0.993
 1.307
 0.147
 0.035
 0.163
-0.366
 0.686
-0.032
 0.045
-1.864
-1.929
-2.960
-2.031
-1.459
-0.910
-0.807
-0.329
-0.583
-0.232
-0.391
-0.974
-1.077
-0.362
-0.505
-0.357
-0.442
-1.221
 0.534
 0.143
 0.440
-1.234
-0.561
 0.171
 0.421
-0.480
-0.273
 0.498
 1.237
 1.704
 1.166
-0.578
 0.062
-0.657
-0.631
-1.733
 0.448
 1.903
-0.378
 0.178
-0.508
-0.457
 0.505
 0.234
 0.872
-1.398
-1.662
 0.050
-0.404
 0.585
-0.087
 0.612
 0.052
 1.681
 2.250
 2.428
 0.460
 1.213
 0.173
 0.167
-1.194
-0.446
 0.154
-0.510
 1.650
 0.331
-0.019
-0.520
 0.758
-0.841
-0.075
-0.946
 0.508
 1.078
 1.418
 0.765
 0.676
 0.878
-0.142
 0.537
 0.083
-0.175
-0.355
 0.202
 1.176
 2.499
 1.963
 1.397
 0.385
 1.184
 1.640
 0.918
-0.192
-0.668
-1.155
-0.594
-0.591
-0.763
 0.313
-1.771
-1.404
-0.818
-0.077
-0.654
-0.587
 0.602
-0.247
-0.473
-0.618
 1.393
-0.470
 0.102
-0.318
-0.690
-0.043
-0.236
 0.251
 0.001
-0.746
-1.050
-1.343
-1.820
-1.040
-0.097
-0.260
 0.707
 0.069
-0.319
-0.079
-0.138
-0.540
-1.801
 1.123
-0.067
 0.469
 1.159
 0.589
 0.011
 0.049
-0.370
-0.333
 0.545
 0.757
 0.220
 2.053
-0.234
-1.246
-0.498
-1.689
-1.216
-0.557
 0.356
-0.597
-0.274
-0.317
-0.943
-0.969
-0.278
 0.904
 0.734
-1.144
-0.203
 0.794
 0.962
 0.421
 1.133
 0.846
 2.024
 1.854
 0.865
 1.027
-0.647
 0.315
 0.818
 1.038
-0.799
-0.724
 0.779
-0.005
 0.394
 0.411
 0.233
-0.614
-0.168
 0.734
-0.213
 0.427
-0.012
 1.016
-0.395
 0.607
-0.284
 0.537
-0.435
 0.718
-0.750
-1.014
 0.006
 0.353
 0.351
 0.748
-1.959
-0.946
-0.267
-0.035
 0.116
 1.443
 0.952
 0.198
 1.297
-0.822
-0.703
-0.933
 0.219
-1.220
-0.433
 0.704
-0.758
 0.595
-0.045
-0.504
 0.156
-1.084
 0.247
-1.322
 0.813
 0.681
-1.083
-0.945
-0.273
-0.059
-0.342
 0.874
 0.035
 1.665
-0.533
-0.342
-0.710
-1.002
-0.785
-0.525
-2.164
-1.292
-1.146
-1.384
-0.244
-0.139
-0.396
-0.362
-0.013
-0.576
 0.403
 1.740
 1.068
 0.596
 0.471
-0.319
 1.146
-2.034
-0.060
-0.999
-0.300
 0.419
 0.462
-0.384
-0.615
 1.917
-1.605
-0.538
-0.486
-2.141
-1.432
-0.110
 1.337
-0.284
-0.481
-0.449
-0.552
 0.195
 0.413
 1.000
 0.171
 0.312
 0.143
 0.029
 0.001
-0.276
-0.666
 0.891
-0.776
 0.098
-0.985
-1.321
-1.816
-0.865
-1.483
-1.362
-1.175
-0.849
-1.183
-0.551
-0.728
-0.848
-0.628
-0.441
-1.014
-0.473
-1.877
-1.030
-1.285
 0.793
 0.667
-0.228
-0.466
-0.296
-1.261
-0.630
-2.491
-0.268
-0.110
 0.569
-1.179
-2.535
-2.028
-1.622
 0.839
-0.291
-1.767
-1.925
-2.118
-0.616
-0.697
 0.591
 0.147
-1.077
-0.880
-1.405
 0.247
-0.329
-0.125
-1.546
 0.008
 0.373
-1.171
-1.014
-2.442
 0.928
-0.720
-0.677
-0.558
-0.525
-0.832
-0.631
-0.934
-1.039
-0.606
-0.524
-0.214
-2.589
-2.116
-2.989
-0.517
-0.045
-1.070
-0.517
-0.308
-1.730
-1.066
-0.579
-0.560
 0.924
 1.180
-1.588
-0.028
-1.608
-0.770
 0.382
 0.487
 0.429
 0.608
 1.649
-0.172
 0.199
 0.934
 0.096
 0.143
 0.582
 0.659
 1.367
-0.320
 0.275
-0.552
 0.517
 0.196
-1.587
 0.125
-0.262
-0.081
 0.236
 0.274
-1.149
-0.460
-0.188
-1.724
-1.620
-2.476
-2.038
-1.072
-1.037
-0.652
-0.457
-1.548
-1.851
-2.050
-0.602
-0.419
-1.122
-0.691
-1.699
-1.794
-1.601
-2.009
-2.016
-1.092
-0.371
-1.533
 0.112
 0.140
 0.324
 0.454
-1.132
 0.949
 0.569
 0.828
 1.043
-0.189
-0.184
-1.720
-1.819
-0.440
-0.436
-0.465
-1.299
-1.190
-0.564
-2.149
 0.240
-1.116
-1.286
-0.867
-0.752
-1.213
-0.335
 0.637
-0.993
-1.334
-0.889
-2.026
-1.186
-2.165
-1.148
-1.766
-1.447
-1.408
 0.421
-1.163
-1.498
-0.576
-1.164
-0.471
 0.605
-0.658
-2.753
-2.086
-1.218
 0.295
-1.280
-0.805
-0.495
-0.647
-0.232
-2.162
-1.986
-2.042
-1.500
-0.706
-2.387
-0.704
-0.845
-0.883
-0.538
-1.005
-0.121
 0.001
-0.943
-0.679
-1.801
-1.573
-1.355
-2.029
-1.588
-1.620
-1.495
-1.684
-1.132
-1.154
 0.308
-0.786
-0.725
-0.289
-0.447
-1.171
-0.428
-1.316
-2.002
 0.391
-0.204
-0.061
 0.888
-1.585
-0.471
-2.128
 0.051
 0.369
 0.591
-1.199
-1.033
-1.997
-1.519
-0.725
-1.083
-1.644
-0.714
-1.960
-0.780
-1.916
-1.238
-0.949
-0.717
-0.382
 1.143
-0.208
-2.938
-0.740
-0.596
-0.014
-0.417
-1.212
-1.274
 0.733
 0.480
 1.579
 0.054
-0.690
 1.071
-1.274
 0.595
 0.327
 0.181
-0.422
 0.344
 0.845
-1.048
-0.041
 0.228
-0.111
-0.750
 1.274
-0.019
 0.845
 1.266
 0.570
-1.675
-0.931
-0.752
-1.674
 0.093
 0.834
-0.348
-0.157
-0.523
-0.267
-0.445
-0.130
 0.008
-0.803
-0.433
-0.236
-0.877
-0.427
-0.349
 1.269
 1.821
-0.066
-0.171
 0.589
 0.532
-1.003
 0.461
 0.486
 0.288
 0.836
-0.424
 0.083
 0.418
-0.621
 0.184
 0.350
-0.114
-0.243
-0.960
-2.005
 0.801
 1.718
-0.180
 1.449
-0.954
-0.596
 1.189
-0.029
-0.008
-0.330
-1.171
-0.074
-0.995
-1.500
-1.064
-0.430
-1.526
-0.609
 1.010
-0.768
 0.153
-1.620
 1.079
 0.815
 1.001
-0.225
-1.767
-0.721
-0.948
-0.597
-0.862
-0.319
 0.534
-1.123
-1.912
-1.615
-1.606
-0.928
 0.149
-1.651
-1.561
-1.059
 0.398
-0.453
-0.549
 0.802
-0.519
-1.297
-1.743
-0.662
-1.236
-1.677
-2.825
-1.063
-1.250
-0.625
-0.596
-0.624
-0.911
-1.996
-0.881
-1.952
-1.722
-0.248
-0.970
-0.838
-1.373
-1.673
-1.157
-1.273
-2.364
-0.869
-1.612
-1.728
-1.400
-1.545
 0.481
-1.994
 0.539
-0.619
-1.741
-0.423
 0.637
 0.747
-0.167
-0.053
-1.076
-1.201
-0.096
-0.426
 0.513
 0.309
 1.861
 0.353
-0.160
 0.700
-0.547
-0.789
-1.300
-1.337
-0.245
-0.669
-0.113
-0.218
-0.735
-1.243
-0.808
-0.937
-1.840
-1.197
-0.094
 0.038
-0.250
 1.188
-0.812
 0.663
 0.087
 0.817
 0.354
 2.232
 0.703
-0.556
-0.312
-0.185
 0.639
-2.010
-1.827
-0.985
-0.312
-0.336
 0.403
 0.316
-0.788
-0.435
 1.138
 0.083
-0.767
-1.170
-1.148
-0.156
-0.050
 0.146
-1.709
-0.284
-0.184
 0.180
-0.646
-2.911
-1.684
-0.040
-1.323
-1.875
-2.619
-1.582
-0.018
-1.015
-0.425
-1.437
-0.752
-0.246
 0.529
-0.582
-0.079
 0.158
-0.080
-0.518
-1.214
-0.145
 0.431
 0.585
 0.658
 1.243
 2.549
-0.658
 0.387
-0.261
-1.102
 0.321
 1.121
 0.109
-0.249
-0.308
 0.575
 0.582
 2.112
-0.432
 0.118
 0.874
-0.300
-1.632
-0.110
-0.393
-0.971
 0.314
 0.443
-1.106
-1.090
-0.319
 0.231
 1.006
 0.357
 0.218
-0.679
 0.404
-0.176
 0.646
 0.783
-0.091
-1.868
 0.361
 0.488
 0.630
-0.092
 1.533
 0.929
 0.524
 0.326
-1.928
-0.818
 0.583
 0.209
-0.741
-1.272
 0.309
-1.098
-0.353
-1.609
-1.470
 0.289
-1.680
-0.409
-0.503
 0.567
 1.601
 0.711
 0.433
-0.619
-0.895
-0.621
 0.451
 0.685
 0.374
 1.647
 1.416
 1.750
 0.145
 1.704
-0.121
 0.081
 0.179
 0.379
-0.450
-0.872
-0.785
 1.477
 0.587
-0.589
 0.837
 1.304
 1.301
 1.119
-0.337
-0.045
 0.891
 0.928
 0.403
-0.063
 0.689
-0.054
-1.590
-0.083
 0.510
 0.288
-0.161
 0.513
 0.762
-1.394
-0.742
 1.941
 1.871
 0.081
-0.284
-0.868
-1.872
-0.498
-0.636
 0.559
 1.155
-0.016
 0.790
-0.075
 0.057
-0.653
-1.086
-0.166
-0.601
-0.119
 1.509
-0.079
 0.968
 0.615
-0.177
 0.838
 1.638
-0.173
 1.488
-0.513
-0.618
-0.395
-0.416
 0.698
 0.326
 1.239
 0.884
 1.040
-0.205
 0.450
 1.333
 0.271
 0.581
 0.152
 0.093
 0.082
 0.926
-0.726
-1.624
-0.079
-0.117
-0.359
-0.477
 0.859
-0.282
-0.217
 1.119
-0.264
 0.706
-0.239
 0.835
 1.017
-1.310
 0.250
-0.533
 0.427
-1.378
 1.681
-0.775
-0.833
-0.870
 0.136
-0.387
 0.509
-0.360
-0.623
 0.403
 0.163
-0.126
-0.462
-0.623
-1.314
-0.610
-0.770
-0.093
 0.839
 1.809
-1.188
-0.656
-0.494
-0.939
-0.304
-0.874
-1.477
-0.490
-0.596
-1.309
-1.509
 0.217
-1.012
-0.614
-0.646
-0.516
 0.811
-1.169
 0.289
 0.688
 0.888
 2.062
 2.658
 1.605
 3.191
 1.731
-0.251
-0.342
-0.127
-1.582
 1.183
 0.092
 1.254
 1.238
-0.623
-0.284
-0.834
 0.084
-1.213
-0.146
 0.574
-0.298
 0.152
-1.168
 0.646
 0.378
 0.135
 0.484
-0.570
-0.224
-0.943
-0.872
 0.047
 0.702
-0.419
 0.213
 0.182
-0.071
 0.011
 0.550
 0.216
 0.713
 0.508
 1.108
 1.655
 2.104
-0.564
 0.815
 0.361
-1.110
-1.243
-1.144
 0.315
 0.363
-2.254
-1.245
-1.898
-0.917
-0.646
-1.705
-0.964
 0.022
 0.006
-0.165
-0.354
-0.321
 0.002
-0.236
-0.740
-0.220
 0.532
 1.163
-1.027
-1.644
-0.835
-0.964
-1.803
 0.439
 0.516
-0.005
 0.253
 0.622
-0.938
-2.052
 0.348
-0.244
 0.007
-0.970
-0.874
-0.020
-1.363
-1.354
-2.259
-2.240
-0.190
-0.212
-0.788
-1.294
-1.361
-0.603
-0.334
-1.807
 0.522
 1.042
 0.150
-0.967
-0.072
-0.578
 0.281
-0.827
-0.543
 0.702
-0.851
-0.208
 0.447
-0.620
 0.371
-0.392
-0.876
-0.302
-1.318
-1.594
 0.100
-1.324
-1.639
 0.990
 0.462
-0.269
 0.619
-0.445
-0.742
-0.366
-0.586
 0.408
-1.028
-1.674
 1.021
-0.426
-1.287
 0.429
-1.639
-0.326
-1.673
-2.261
-0.891
-0.912
 1.012
 0.533
-1.164
 0.516
-0.417
-1.680
-0.070
 0.037
-1.278
-1.008
-0.316
-1.645
-1.235
 0.033
-0.968
-2.521
-0.580
-1.148
-0.805
-1.835
-0.886
 0.133
-0.121
-1.294
-0.269
-0.992
-1.186
-1.157
 0.040
-0.483
-2.280
-0.366
 0.413
-2.081
-1.442
-0.827
-1.136
-1.168
 0.062
 0.795
-1.082
-1.625
-1.319
 0.006
-0.582
-1.652
-1.536
-1.744
-0.303
 0.734
 0.742
-0.726
-1.628
-0.678
-1.894
-0.514
-0.624
-0.160
-0.554
 0.503
-1.386
-0.854
 0.271
-1.543
 0.334
-0.503
-1.192
 0.218
-1.117
-1.072
-1.060
-1.992
-1.398
 0.515
-0.235
 0.186
-0.991
-0.751
-0.610
-1.227
-0.515
-1.960
-1.720
-2.301
-0.242
-1.028
-0.378
-0.183
-0.583
-0.854
-1.115
-2.748
-1.062
-2.901
-1.210
-0.182
-0.846
-0.986
-1.796
 0.097
-0.081
-0.029
-0.769
-1.034
 0.173
-1.376
 0.309
-2.540
-0.908
-0.468
-1.522
-0.339
-0.322
-0.405
-0.814
-0.480
-0.474
-0.275
-2.173
-1.810
-1.214
-1.317
-0.015
-0.676
-1.347
-1.220
-1.484
-1.975
-0.729
-0.301
-1.036
 0.213
-0.005
-1.108
-0.512
-0.331
-0.860
-1.029
 0.701
 0.043
-0.243
-0.241
 0.128
 0.755
-0.261
 0.283
-0.031
 0.604
-0.035
-0.281
 0.483
 0.905
-0.755
-1.219
-0.001
 0.808
 0.865
 0.999
 1.736
 0.996
 0.564
-0.387
 0.510
-0.539
-0.067
-0.675
 0.290
-0.685
 0.125
 0.174
 0.957
-0.631
 0.823
 0.226
 0.609
 0.231
 0.478
-0.770
-1.186
 0.125
-0.332
 0.338
-1.363
 0.637
-0.347
-0.367
-0.325
-0.202
-0.805
-0.841
 0.076
 0.919
 0.265
 0.089
 0.421
-0.249
-2.149
-0.362
-0.776
-0.908
-1.092
-0.581
-0.932
 1.271
 0.451
 0.132
 0.507
 0.275
 0.085
-0.897
-0.638
-0.130
-0.116
-1.011
-1.469
-1.582
-1.285
-1.113
-0.302
-0.521
-0.103
 0.179
 0.731
-1.284
 0.550
 1.016
-0.542
 1.471
 0.434
 1.863
 1.413
-0.176
-0.201
-0.008
 0.680
 0.436
 0.150
 0.162
-0.508
 0.127
 0.775
 0.349
 0.584
 2.123
 0.208
 0.151
 0.249
-0.394
-0.559
 0.292
 0.448
-0.088
-1.143
-0.848
-0.508
-0.703
-0.608
-0.125
-0.329
 1.196
-0.025
 1.339
 1.313
 2.504
 2.456
 1.604
 0.975
 1.289
 0.693
-0.123
-0.695
 2.408
 3.070
 2.278
 1.573
 0.720
-0.161
-0.565
 0.146
-0.530
 0.404
-0.110
 0.625
-0.331
-0.770
-0.959
-0.645
-0.278
-0.010
-1.668
-0.317
-2.318
-0.505
-1.041
-0.661
 0.743
-0.662
-2.284
-0.536
-0.632
 0.083
-1.439
-0.806
-0.756
-0.398
 1.053
 1.401
-1.188
-1.701
-1.033
-0.777
-0.331
 0.295
-0.701
-0.988
-0.042
-1.131
-0.374
-0.916
 0.470
-1.428
-1.503
-1.974
-1.335
-0.223
-0.003
-0.403
-0.980
-2.983
-1.854
-0.160
-0.681
-1.488
-0.585
-0.271
-0.159
-0.548
-0.426
 0.232
 0.396
-0.473
-2.246
-1.574
 0.401
-0.985
-0.221
 0.660
-0.380
 0.787
 0.487
 0.402
 0.121
-1.000
 0.186
-0.709
 0.277
-1.248
-1.584
-0.251
-1.717
-2.123
-0.733
-0.708
-1.868
-2.714
-1.313
-0.788
-0.118
-0.086
 0.451
-0.611
-0.132
-0.190
-0.017
 0.540
 0.455
-1.006
-0.259
-0.934
 0.071
-0.237
 0.165
-0.071
 0.624
-0.183
 1.011
 0.109
 0.105
-0.062
 2.059
 1.863
-0.920
-0.956
-0.570
-0.580
-0.540
 0.113
-1.249
-0.002
-0.718
-1.248
-1.841
 0.600
-0.035
 1.017
 0.340
-0.014
 1.296
 1.550
 1.280
 0.498
 0.206
 1.690
 0.483
-0.036
 1.026
 0.024
-0.056
-0.236
 1.042
 1.068
 1.117
 1.074
 0.736
-0.305
 0.244
 0.887
-0.200
-1.090
-0.664
 0.314
-0.350
-0.759
-0.295
 0.920
-0.574
-0.287
-1.183
-0.406
 0.385
-0.720
-1.118
-1.316
-0.110
 1.888
 0.587
 1.631
 0.292
 0.912
-0.645
-0.584
 1.079
 0.851
-0.623
-1.458
 0.437
 1.188
 0.025
 0.072
 0.725
 0.642
-1.196
-0.204
-1.252
 1.299
 0.884
 1.974
 0.944
 0.385
-0.009
-0.517
 0.587
-0.339
-0.440
-1.218
-0.135
-0.610
-1.516
-1.454
-0.355
 0.667
-2.082
-1.178
-1.636
-0.761
-0.703
-0.891
 0.638
 0.955
 0.347
 0.284
 1.384
-0.235
 0.000
-1.455
-0.790
-0.258
-0.916
 0.164
-0.675
 1.673
 0.498
 0.027
 0.777
 1.131
 0.954
 0.030
-0.256
 0.400
 0.378
-0.541
-1.248
-1.411
-1.204
 0.104
-0.275
-0.498
-0.058
 0.328
 0.613
-0.596
-0.845
-0.799
-0.539
-1.568
-2.787
-2.987
-1.603
-1.123
-1.471
 0.520
-0.369
-1.699
 0.307
-0.546
-0.794
 0.451
-0.681
 0.594
 0.741
 0.928
-0.667
-0.745
-0.682
-0.680
-1.831
-2.259
-1.178
-2.357
-1.127
-1.601
 0.693
-0.199
-0.578
-0.476
-0.769
-0.284
-0.032
 0.036
-0.940
 0.340
-0.517
 0.421
 0.912
 1.959
-0.013
-0.408
 0.324
 0.680
 0.784
 0.961
-0.109
 0.846
 1.671
 0.801
-1.136
-1.311
-1.778
-0.142
-0.824
 0.303
-0.055
 0.167
 0.379
-0.340
-1.751
-1.261
-0.705
-0.247
 1.537
 1.707
 1.146
 0.784
 0.237
-0.013
-0.554
-1.488
 1.134
-0.917
-0.482
-1.688
-0.045
 0.452
-1.118
-0.503
 1.390
 1.565
-0.570
-0.641
 1.571
 0.171
 0.539
-0.725
-0.254
 0.500
 0.465
-1.070
-1.151
-0.798
-1.693
-2.018
-0.976
-1.978
 0.147
-2.129
-0.851
-0.217
-0.527
-1.901
-2.263
-0.674
-0.631
-1.466
-1.087
-2.789
-1.833
-2.080
-0.168
-0.931
-1.886
-0.927
-0.960
-0.382
 0.015
-0.749
-0.417
-0.515
 0.631
-0.646
-0.338
-1.062
-1.177
-0.826
-0.601
 0.559
 1.043
 1.148
 0.432
 0.472
 0.845
 1.260
-0.850
-0.782
-1.274
-0.829
-1.886
-0.286
-1.784
-0.952
-0.045
 1.024
 1.109
 0.663
 0.854
-0.745
 0.208
-0.863
 0.150
-0.049
-0.169
 0.695
 0.257
-0.922
-1.022
-0.501
-1.348
 0.014
-0.183
-1.773
-0.608
-0.183
-0.132
 0.012
-0.483
-0.379
 1.006
-0.667
-0.536
-1.340
 0.694
 0.301
-0.393
-1.868
-1.148
-0.568
-0.050
 0.542
-0.098
-0.243
 0.085
-0.677
 1.387
 1.112
-0.645
-1.101
-0.705
 0.379
-0.847
 0.549
 0.113
-1.222
-1.111
 0.782
 0.795
 0.245
 0.145
 0.735
-0.714
-0.426
-0.344
-0.230
-0.783
-1.818
-0.384
-1.142
-1.644
-2.536
-0.295
 0.385
 0.669
-0.528
-0.274
 0.414
 1.119
 0.016
-0.575
 0.644
 1.255
 0.201
 0.280
 0.079
 0.078
 1.206
-1.263
 0.389
-1.754
-0.298
-0.279
 0.185
-0.413
-1.199
 0.405
 0.004
 0.529
 0.020
-0.280
 0.407
-0.709
-0.153
-0.552
-0.601
 0.122
 0.727
 1.261
 0.268
 1.217
 1.151
 1.286
 0.867
-0.538
-0.490
-0.791
-1.098
 1.578
-0.200
 0.208
-0.684
-0.704
-0.050
 1.584
 0.751
-0.386
 0.535
 1.520
 0.557
 1.328
 0.340
 1.390
 0.586
 1.018
-1.399
 0.218
 1.071
-0.284
 0.104
-0.348
-0.314
-1.022
 0.026
 0.850
-1.279
-0.936
-0.696
-0.126
-0.293
-0.105
-1.163
-1.337
-0.856
 0.282
-0.376
 0.227
-0.547
-1.886
-1.652
 0.027
 0.266
 1.021
-0.257
-0.822
-0.757
-0.470
-0.479
-1.220
-1.434
-0.954
-1.341
-1.214
-1.013
-0.033
 0.442
-0.490
-0.809
-2.026
-1.290
 0.899
-1.007
-1.225
-0.168
 0.568
-0.045
-0.366
-0.834
-0.606
 0.194
 1.066
 0.816
-1.865
-0.820
 0.244
 0.089
 0.015
-0.052
 0.805
-0.480
 0.155
-1.578
-0.844
-0.057
-0.521
-0.855
-1.209
-1.046
-1.934
-1.744
-0.873
-1.556
-0.597
-0.092
-0.651
-0.237
 0.987
 0.494
-1.094
-1.461
-2.462
-1.276
-2.602
-1.284
-0.646
-0.226
-0.569
-0.606
-1.046
-0.307
-0.890
-1.209
-0.421
-0.346
 0.466
 0.467
 1.295
 1.800
 0.859
-0.366
-0.898
-0.384
 0.729
 1.216
-0.226
-1.070
-0.098
 0.327
-0.331
 0.332
 0.244
 0.850
 0.417
 2.578
 0.822
 0.736
-0.145
-1.188
 1.123
 0.511
 0.308
-0.043
-0.285
-0.172
-0.801
-0.958
-0.666
 0.990
-2.111
-1.133
 1.405
-0.225
 0.120
-0.661
-1.118
-1.267
-0.177
 0.008
 0.639
 0.419
-1.404
 0.499
 2.588
-0.220
 0.073
-0.075
 0.544
-0.263
 0.010
 0.097
-0.012
-0.182
 0.571
-0.088
 0.505
 0.935
-0.645
 0.037
-0.470
 0.414
-0.017
 0.524
-0.279
-1.221
-1.940
 0.349
-1.716
 0.040
-0.603
-0.031
-0.427
-1.248
-0.752
-0.561
 0.620
 0.511
 1.020
 0.396
 1.525
 0.300
 1.175
 1.839
 0.418
-0.239
 1.930
-0.759
-0.791
 1.551
 1.619
 1.836
 0.587
 1.080
 1.213
 0.620
 0.847
 0.115
 0.463
 0.315
 1.556
 1.634
-0.610
-1.021
-1.609
 0.278
-0.125
 0.240
-0.866
 0.436
 0.090
 0.077
-0.319
-2.169
 0.419
-0.060
-0.178
 1.395
-0.459
-2.051
-1.311
-0.523
-0.377
-0.326
-0.828
 0.271
 0.276
-0.474
 0.672
 1.393
 1.228
 0.197
-0.107
-0.147
 0.813
 0.247
-0.448
 0.297
-0.521
-0.981
-1.272
 0.880
 0.004
-1.604
-0.211
 0.123
-0.618
 0.768
 1.956
 1.241
 1.350
 1.185
 1.446
 0.556
-0.050
 0.883
 1.076
 0.512
-0.481
-0.435
-0.084
 1.026
 0.577
 1.215
 1.480
-0.394
 0.988
 1.442
-0.387
-0.403
 1.801
-0.442
 0.300
-0.118
-0.958
 1.048
 0.888
-0.139
 0.178
-0.352
-0.979
 0.779
 0.776
 1.417
 2.259
 1.281
 0.808
 0.906
-0.316
 1.018
 0.140
-0.065
-0.698
 0.229
-1.176
-1.818
-1.117
-0.899
-0.700
 1.549
 0.292
 1.800
 0.736
 2.103
 0.394
-0.213
-0.558
 0.241
-0.525
 0.091
 1.365
-1.004
-0.061
 1.458
 0.588
 1.103
 2.573
 2.890
 1.123
 1.299
 0.692
 2.607
 1.747
 1.582
 1.588
-0.023
 1.241
-0.055
 0.269
-0.064
 1.475
 1.062
 0.162
 1.408
 1.007
 0.837
 1.149
 0.697
-0.206
-0.889
-0.594
-0.654
-1.385
-0.283
 0.487
-0.139
-0.379
 0.039
 0.560
 0.139
 1.208
 1.763
 0.448
 0.504
-0.215
-0.595
-0.690
 0.978
 0.396
-0.995
 0.230
-0.574
 0.283
-0.082
 1.747
 1.344
 2.211
 0.250
 0.075
 0.041
-0.289
 2.406
-0.030
-2.471
 1.267
 1.239
 0.974
 1.949
 0.913
 0.104
 0.598
 1.082
-0.896
-0.048
 0.017
-0.584
 0.172
 0.183
-0.669
 1.001
 0.681
 0.147
-1.304
 0.154
 1.356
 1.312
 1.579
-0.203
 0.277
-0.268
 0.238
-1.213
 0.857
 0.105
-2.167
-1.429
-0.517
 0.212
 1.428
-0.265
 2.066
 0.228
-0.373
-0.285
 0.306
-0.705
 0.184
 0.343
 0.775
-0.328
-0.243
-1.335
 0.347
-1.684
-1.030
-1.793
-0.744
 0.010
 0.503
 0.150
 0.711
-0.509
 1.050
 0.720
 1.624
 3.145
 2.228
 1.343
 3.667
 0.711
 2.087
-0.059
-0.666
 0.005
-2.459
 0.167
-0.997
 0.645
-0.269
 1.963
 1.000
 0.747
 1.480
-0.081
-0.200
-1.121
 0.705
-0.699
-0.299
 0.202
-0.609
 0.330
 0.177
-0.197
-0.614
-1.279
-0.840
 1.104
-0.325
 0.815
 0.636
 0.539
 1.063
 1.191
-0.526
 0.412
 0.634
 0.930
 0.015
-0.062
-1.446
 0.544
 0.971
 1.117
-0.071
-0.678
-0.423
 0.123
 1.350
 0.305
-1.019
-0.371
 0.073
 0.786
 2.194
 1.468
 1.235
 0.683
-0.582
-0.497
 0.795
-0.438
-0.493
-0.230
 0.291
 0.008
-0.890
-0.535
 0.360
 0.104
 1.138
 0.052
 0.074
 1.515
 0.706
-1.040
-0.004
-1.339
 0.543
 0.740
-0.738
 0.246
 0.859
 1.495
 1.466
 2.517
 1.439
 2.061
 1.706
 1.561
 0.802
 1.364
-0.831
-0.842
 1.943
 2.704
 1.120
 1.077
-0.092
 0.898
-0.807
 0.643
 2.290
 1.795
 3.110
 2.918
-0.042
-0.035
 0.616
 0.042
 0.034
 0.477
 0.298
 1.634
 2.173
 1.910
 2.884
 1.717
 1.318
 3.405
 2.649
 0.871
 0.965
 1.262
 1.488
 0.816
 0.374
 1.391
 1.601
 2.147
 1.236
 1.193
 2.554
 1.229
 0.225
 0.047
-0.937
 0.281
 0.627
 0.702
-0.428
 0.363
 0.535
 1.100
 1.672
 1.503
 0.680
-0.153
 0.539
 1.486
 1.802
 2.262
 0.623
 2.394
 0.892
 1.018
 1.396
 0.424
 0.498
 1.292
 1.741
 1.644
 0.396
 0.638
 0.211
 1.778
-0.448
-0.215
-0.681
-0.761
-0.621
-0.992
 0.303
-1.433
-0.916
 1.664
-0.535
 0.344
-0.318
-0.589
-0.402
-0.095
-0.806
-1.069
-1.667
-0.812
-0.744
 0.200
 0.471
 0.384
 0.669
-0.518
-0.084
-0.638
 0.240
-0.714
-0.064
 0.155
 1.091
 1.152
 0.504
 1.674
 1.450
 1.279
 0.147
 0.505
 1.203
 1.228
 1.424
 0.575
 1.028
 0.120
 0.560
-0.156
 0.622
 0.710
 1.654
 0.450
 0.469
-1.853
-0.546
-0.668
-0.545
-0.112
 1.530
 0.472
-0.832
-0.174
 0.932
 0.745
-0.190
-0.057
 0.198
 0.147
 0.896
 0.360
 0.810
 0.049
 0.325
 0.548
 0.770
 0.336
 0.236
 0.401
 1.388
-1.077
-2.230
-0.066
-0.139
 0.536
-0.249
-0.804
 0.148
-1.335
 0.992
 0.626
-0.714
 0.465
 1.179
 1.967
 0.459
 1.508
 1.496
 0.689
 0.052
-0.506
 0.497
-0.671
-0.937
-0.581
-0.021
-0.777
-0.668
-0.002
 1.125
 0.063
 0.148
-0.828
-0.767
-0.665
 0.588
-0.363
-0.289
 0.591
-0.728
 0.348
 0.232
 0.100
 0.606
-0.128
 1.311
-0.197
-0.311
-1.352
 0.742
 0.098
 0.113
-0.055
 0.857
 0.725
 0.468
 1.387
-0.045
 0.979
-0.317
 0.617
 0.299
-0.783
-1.653
-1.406
 0.141
-1.563
-1.870
-1.018
-1.326
-0.492
-0.627
-0.115
-0.174
 0.720
 0.164
-0.187
-0.845
-1.613
 0.729
-0.068
-0.175
 1.411
 1.799
 0.071
-2.471
-0.326
-0.477
-0.806
-1.193
-1.657
-0.790
 0.262
 0.553
-0.603
-1.165
-0.258
-1.187
-0.551
-0.197
 0.079
 1.026
 0.843
 1.241
 0.001
-0.042
 1.035
-0.410
 0.164
-0.707
-0.929
-0.888
 0.246
-1.107
-1.697
 0.359
 0.502
-0.489
-0.528
-0.078
 0.467
-1.575
 0.323
 1.255
 0.107
 0.675
-0.637
 0.733
-0.308
-0.594
 0.763
-0.627
-0.676
 1.127
 1.238
-0.486
-0.237
 0.724
-1.108
 1.133
 1.075
 1.104
 1.199
-0.539
 1.559
 2.016
 0.971
 0.622
 0.411
 1.614
 1.472
 0.417
 0.659
 1.012
 0.381
-1.729
 0.382
-0.139
-0.326
-0.905
 0.061
-0.519
-0.658
-0.521
 0.252
-1.969
-0.929
 0.460
-1.534
 0.515
 0.323
 0.653
-0.041
 0.572
-1.033
 0.469
 0.112
-1.068
-0.739
 0.404
-0.030
-0.435
 0.866
 1.236
 0.273
 1.245
 2.580
 0.481
 1.632
-0.158
 0.908
 0.791
 1.414
 0.701
 0.502
 1.062
 1.355
 0.823
 0.065
 0.940
 0.908
 1.129
 0.941
 0.245
 0.169
 0.079
 0.207
 0.260
 1.005
 0.571
-0.400
-0.870
-0.803
 0.348
-1.124
-1.023
-0.277
-0.087
 0.498
 0.966
 0.750
 0.013
-0.527
 0.049
-2.054
-0.330
-1.357
-0.866
-0.955
-0.014
-0.511
-1.166
-1.728
-0.511
-2.026
-0.989
-1.576
-1.667
-0.403
 1.410
-0.050
 0.251
-0.585
-1.568
 0.231
 0.846
 0.430
 1.063
 1.317
 0.600
-0.781
-1.599
 0.425
-0.353
-0.011
 0.227
-0.527
-0.670
 0.266
-0.442
-0.424
-0.345
 0.697
-0.250
-0.354
 1.111
 0.400
 0.665
 0.735
 0.247
 0.952
 1.295
 0.023
 0.898
 0.001
 0.369
-0.672
-0.028
-0.149
 0.717
 0.272
 0.198
 1.050
 1.112
-0.168
 0.017
-0.337
-0.831
-0.115
-0.201
-0.585
 0.685
 0.758
 1.366
 1.556
-0.477
 0.129
-0.349
 1.502
-0.154
 0.969
 0.696
-1.109
 0.960
 1.787
 2.639
 0.008
 0.110
 0.242
 1.501
 1.590
 1.846
 0.341
-0.071
 0.725
-0.350
-0.003
 0.984
 1.212
 1.331
 2.325
 0.786
 1.263
 2.769
 0.751
 1.564
-0.235
-0.968
-2.188
 0.555
-0.468
-0.277
-0.804
 0.313
-0.353
-1.093
-0.277
 0.418
 0.407
-0.111
 1.034
-0.751
-0.260
 1.039
-1.237
-1.291
-2.998
-1.203
-0.959
-0.922
-0.229
 0.867
-0.364
-0.197
-1.958
 0.365
-1.135
-1.642
-0.319
-0.204
 0.286
 0.290
-0.207
-1.242
-0.478
-1.599
 0.676
-0.182
 0.264
 0.091
-0.533
-0.561
-0.395
 0.290
 1.382
 0.365
-1.496
-0.938
 0.843
 0.121
 0.500
-0.385
 0.172
 0.853
 0.303
 0.282
 0.463
-0.021
 0.771
 1.060
-0.368
 0.840
 0.298
-0.145
 0.912
 0.928
 0.890
 0.046
-0.940
 0.199
 0.090
 0.741
 0.489
-0.704
-0.303
-0.401
-0.212
 0.492
-0.423
 1.021
 0.303
-0.536
 0.633
 1.045
 1.031
 1.240
 0.882
 1.255
-1.100
-0.312
 1.076
 1.638
 0.451
-1.042
-1.155
-0.325
-1.881
-1.804
-0.608
-1.016
-1.819
-1.035
-0.465
-0.651
 0.116
 0.127
-1.589
 0.864
 0.234
-1.436
-1.014
-1.653
-0.159
 0.877
-1.476
 0.025
 0.495
 1.825
 0.699
 0.831
-0.033
-0.484
 0.407
-0.896
 0.232
 0.103
 0.732
 1.349
-0.102
-0.463
 0.802
-0.196
 0.603
 0.948
 0.140
-0.918
-0.210
-0.067
 0.619
-0.777
-0.014
-1.808
-1.173
 0.980
-0.255
-0.956
 0.270
 0.064
 0.114
 1.345
 0.289
 0.388
 0.712
 0.761
 0.701
-0.121
 0.484
-1.106
-1.400
-0.821
-1.316
 0.188
-1.335
-1.601
 0.837
 0.688
 0.849
 0.462
 0.354
-0.751
-0.835
-0.745
-0.103
-0.471
 0.896
-0.334
-0.094
-0.466
-1.224
-0.302
 0.347
 0.082
-1.186
 0.100
-0.673
 0.875
 0.699
-0.345
 0.793
 0.648
 0.673
-0.622
-0.963
 0.028
 0.887
 1.165
-0.588
-0.228
-0.099
 0.927
-1.306
-0.329
 0.228
-0.211
-0.737
-0.198
-0.571
-0.886
 0.702
-0.217
 0.670
-0.061
-0.331
-0.283
-0.616
-0.723
 0.149
-1.274
 0.379
-0.524
-0.286
-1.451
 0.905
-0.935
-0.759
 0.683
 1.079
 0.000
-0.266
 2.015
 2.153
 0.922
 0.409
 0.587
 0.811
-0.775
 0.712
 0.563
 0.620
-0.161
-1.176
 0.167
 1.044
-0.490
 0.674
-0.229
 0.255
 0.375
 0.363
 1.302
-1.121
 1.202
 0.698
-0.075
 0.205
 1.020
 0.074
 0.006
-0.514
-0.026
 0.789
 1.284
 1.597
 0.902
 1.209
 0.406
 0.619
 1.179
-0.692
-0.306
-0.873
-0.424
-0.652
-0.155
-0.617
 0.236
-1.377
 0.376
 0.870
 0.230
-0.045
 1.053
 0.716
-0.559
-0.671
 0.767
 0.665
-0.303
 0.637
 0.851
 2.350
 0.652
 1.241
-0.071
 0.402
-0.823
-0.731
 0.718
-0.734
-0.711
-1.338
-2.314
-0.557
-1.796
-1.137
-0.631
-0.025
 0.214
 0.154
-0.209
 0.382
 0.874
-0.164
-0.314
-0.408
-2.296
-0.941
-1.840
-0.408
 0.846
-0.913
 0.726
 0.050
 0.206
-1.333
 2.248
 1.588
 0.574
 2.220
-0.059
 1.622
 1.322
 0.776
 0.694
 0.234
-1.165
-0.355
-0.544
 0.658
-0.411
-0.217
-1.009
-0.490
-1.084
-1.532
 0.118
-1.604
-0.840
-0.392
 0.083
-1.029
 0.054
-0.845
 0.053
-0.716
-0.994
-0.239
-0.300
-0.507
-1.068
 0.232
-0.407
-0.957
-0.732
-1.430
-0.866
-0.398
 0.181
 0.308
 0.417
-1.410
-1.145
-0.274
-0.330
-0.513
-0.597
-0.355
 1.012
 1.824
 2.517
-0.119
-0.768
-2.452
-1.200
-1.258
-0.637
-0.361
-0.465
-0.335
 0.377
-0.624
-1.182
-0.265
-1.800
-2.443
-1.949
-1.266
-0.775
-0.921
 0.539
-1.798
-2.398
-1.222
 0.521
-0.274
-0.271
-0.141
-0.231
 0.154
 0.288
-0.419
-0.820
-1.058
-1.393
-1.191
-0.180
 1.208
 0.355
-2.263
 0.573
-0.427
 1.247
-1.617
 0.337
 0.554
-1.602
-0.464
 0.654
-0.947
-1.589
-0.836
-0.837
 1.297
-0.109
 1.017
-0.315
-1.494
-1.038
-1.615
 0.137
 0.409
 1.424
 1.864
 1.796
 1.540
 1.357
-0.798
-0.135
 0.016
-0.022
 0.608
-0.037
-1.646
-1.174
-1.568
-0.474
-0.611
-0.207
-0.523
-1.903
-2.054
 0.307
-0.472
 0.282
 0.288
 0.126
-1.295
-0.108
-0.850
 0.802
-1.441
-0.339
-0.680
-1.602
 0.102
-0.477
-1.463
-1.647
-1.203
-1.476
 0.068
-1.522
-0.764
-0.150
-0.523
-0.041
-1.080
 0.316
-1.268
-1.434
-0.721
-1.853
-0.912
-1.131
-0.367
-0.171
-0.228
-1.201
-0.081
-1.092
-1.558
-0.746
-0.631
-1.082
-0.308
-0.365
-0.219
-1.791
-0.667
-0.320
-0.348
-0.562
-2.348
-1.915
-0.510
-1.646
-1.159
-0.511
-0.066
-0.164
 0.069
-0.105
-0.655
 0.462
-0.883
-0.184
-0.534
 0.380
-2.332
-0.169
-0.275
-0.422
-1.559
-2.219
-1.110
-0.720
 0.093
-1.208
-1.733
-0.829
-1.134
-1.720
-0.964
-2.229
-1.108
-1.452
-0.592
-1.895
-0.616
-0.505
 1.323
-0.301
-0.216
-0.629
-0.789
-1.284
-0.388
-0.051
-0.536
-1.226
-1.712
-0.903
-1.529
-0.201
-0.364
-0.703
-1.948
-2.486
-1.283
-1.451
-1.556
-2.107
-2.902
-1.312
-0.572
-1.216
-0.748
 0.780
-0.647
 0.813
 0.460
-0.367
-0.809
-0.062
 0.457
-0.796
-0.690
 0.396
 0.507
-0.450
-0.636
-0.435
 0.454
 0.254
 0.177
-0.993
-0.333
 0.394
 0.062
-1.181
-1.898
-1.566
-0.172
-1.884
-0.519
-1.423
 0.188
-0.021
-1.636
-0.338
-0.126
-1.149
-0.503
-0.535
-0.203
-0.319
 0.175
-0.205
-1.298
-1.640
-2.160
 0.261
 0.632
 0.746
-0.215
-0.721
-0.387
-0.609
-1.795
-0.348
-0.479
-0.378
-1.446
 1.434
-0.743
-0.795
 0.252
 0.479
-0.741
 1.285
-0.102
 0.242
-0.960
-0.987
-0.580
-1.312
-0.687
 0.371
 0.790
 0.620
-0.756
-0.251
 0.755
-0.216
-0.750
 0.085
-0.472
-1.521
-1.894
-1.604
-2.019
-1.847
-0.973
-1.661
-1.747
-0.042
 1.006
-1.033
 0.052
-0.894
-1.084
-0.449
-1.852
-1.002
 0.416
-1.400
-0.353
-0.491
-1.518
-1.169
 0.189
 0.676
 0.608
 0.664
-0.029
 0.898
 0.932
 0.041
 2.488
-0.255
 0.892
 0.052
-0.923
 0.058
-1.556
-0.781
 0.082
-0.668
-1.832
 0.496
-0.872
-0.878
-0.230
 0.766
 0.384
-0.222
-1.101
-0.244
 1.628
 1.144
 0.270
-1.867
-0.541
 0.030
-0.504
-0.439
-1.009
-1.425
-1.697
 1.042
 0.865
-0.382
-0.561
-3.062
-0.064
 0.688
-0.693
-0.905
-0.087
 0.416
 1.278
 1.646
 0.683
 0.741
 1.107
 0.264
 0.147
 0.719
-0.843
 0.050
-1.398
-0.599
 0.258
-0.441
 0.236
 0.514
-0.363
-0.683
-1.031
 0.148
 0.168
 0.987
-0.821
-1.086
-0.793
-0.402
-1.138
-0.053
-1.702
-1.341
-1.195
-1.126
-0.724
-0.530
-1.777
-1.153
-1.842
-1.648
-0.684
-1.465
-2.064
-2.532
-1.871
-1.889
-0.051
 0.405
 0.658
 1.223
-0.066
-1.651
-1.541
 0.450
 1.180
 0.969
 0.824
-1.062
-0.297
 0.365
 1.828
 1.741
-1.206
 0.776
 0.315
 0.381
 0.858
 1.408
-0.780
-0.018
 0.623
-1.015
-0.296
 1.314
-2.082
-0.864
-0.756
-0.069
-0.356
-0.771
-0.870
-0.017
 1.336
 1.376
 2.111
 0.042
 1.643
 0.860
 1.404
 0.021
-0.974
-0.775
-0.873
-0.972
-0.256
-1.175
-1.111
 0.303
-1.176
-1.397
-1.601
-0.618
-0.190
 0.658
-0.170
-0.726
-0.286
-1.403
-1.169
-0.539
 0.624
 0.010
-0.827
-1.508
-0.177
-1.270
-0.648
-0.324
 0.038
 0.438
-1.062
 0.136
-0.997
-0.903
-0.745
-1.580
-0.135
-0.275
-0.793
-0.532
-0.318
 0.254
-0.258
-0.320
 0.753
-0.227
-0.811
-0.314
 0.399
-0.378
-0.380
-0.884
-0.099
 0.197
 0.327
-0.531
-1.841
-1.011
-1.395
 0.319
-0.568
-1.402
-0.696
-0.561
-0.479
-1.351
-0.234
 0.619
-0.032
 0.190
 0.994
 1.432
 1.677
 1.718
 0.032
 0.122
-0.629
-2.118
-1.474
-1.078
-0.461
-0.416
-0.563
-2.169
-1.879
-1.984
-1.092
-1.657
-0.682
 0.147
-0.402
-0.020
-0.052
 1.992
 0.270
 0.586
 1.077
-0.109
-0.068
 0.543
 0.820
 1.179
 0.205
-0.821
-1.172
-1.064
 0.078
-1.534
-0.346
-1.341
 0.062
 0.042
-0.900
 0.218
-1.160
 0.759
 0.162
 2.264
 0.623
 1.083
 2.408
 1.699
 2.090
 0.384
 0.628
 1.145
-0.103
 0.561
 0.537
-0.752
-0.649
-1.240
-0.776
-0.770
 0.103
 0.773
-0.662
 0.446
-0.140
 0.225
-0.781
 0.243
-1.385
-1.102
-2.442
 0.850
-1.668
-1.405
 0.355
-0.225
-0.069
-0.708
-1.476
 0.358
 0.561
 1.118
 0.353
 1.240
 0.631
 1.153
-0.619
-0.792
-1.674
 0.111
-0.098
-0.640
-1.412
-0.262
 0.495
-0.872
 0.008
-0.077
-0.856
-0.119
 0.420
 0.263
 0.234
 0.683
 1.752
 1.367
 1.197
 0.399
 0.946
 1.188
 0.106
-0.255
-0.436
-0.752
 1.151
 0.657
 1.018
-0.550
-0.738
-0.233
-0.267
 0.705
-0.073
 0.914
 0.306
-0.430
-0.854
-1.948
-0.133
-1.415
-1.472
-0.696
-1.849
 0.154
-1.659
-1.924
-0.655
-0.215
-0.016
-0.146
-1.307
-2.129
-1.243
-1.916
 0.190
-1.432
-0.237
-0.692
 0.373
-0.864
-0.623
-0.263
 0.385
-0.628
-0.939
-0.722
-0.538
-0.157
-0.519
 0.029
-0.016
-0.559
 0.843
-0.813
-1.302
-0.039
 0.721
-0.803
 0.687
-0.228
 0.624
-0.038
-0.304
-1.040
-0.563
-0.535
-0.794
 0.325
-0.969
-1.606
-0.162
-1.469
 0.051
-0.844
-0.939
-0.769
-0.406
-0.997
-0.430
-0.595
-0.532
-0.616
 0.591
 0.616
 0.465
 1.350
 0.722
 0.902
 1.348
 1.959
 0.417
 0.048
 0.467
 1.596
-0.907
 0.468
 1.110
-1.836
-0.492
 0.233
-0.397
-1.114
 0.201
-1.206
-1.031
-2.053
-2.137
-1.274
-1.380
 0.033
-0.134
-0.344
 0.073
 1.112
-0.932
-0.295
-1.719
-0.206
 0.998
 0.356
-0.655
-0.106
-2.337
-1.652
-2.543
-2.094
-1.186
-0.435
-0.370
-1.190
-0.847
-0.439
 0.113
-0.842
-1.220
-1.092
-1.774
-1.616
 0.448
 0.341
 0.425
 1.349
 1.154
-1.354
-2.053
-1.532
-0.280
-1.398
-1.644
-2.244
-1.468
-0.438
-2.064
-1.976
-1.035
-1.395
-0.367
 0.026
-0.036
-0.573
-0.061
-0.277
-0.767
-0.169
-1.271
-0.904
-1.676
-0.540
-0.658
-0.901
-0.497
-0.698
-0.006
-0.163
-0.210
-1.388
-1.550
 0.446
 0.037
-1.267
-1.373
-2.499
-2.950
-1.326
-0.409
-2.377
-2.743
-0.636
 0.157
-0.772
 0.326
 1.013
 0.338
 0.019
-0.109
-0.522
 0.495
-0.533
 0.145
 0.571
-1.105
-0.608
-1.919
-2.239
-0.317
-0.583
-1.767
-0.221
-1.780
 0.164
 0.143
 0.454
-0.250
-0.318
-1.310
-2.098
 0.346
-1.467
-0.872
-1.029
-0.766
-0.440
-0.014
-1.242
 0.941
 1.053
 1.195
 0.718
 1.421
-0.319
 0.059
-0.015
 0.396
 1.793
 1.204
 1.861
 1.584
 0.305
 0.598
 1.152
 0.326
 1.023
 0.731
 0.730
 0.920
 0.163
-0.123
-0.888
-1.074
-1.521
 0.420
 0.482
-0.323
 0.456
 0.499
-0.783
 0.113
-0.468
 0.281
 0.184
 0.117
 0.198
-1.148
-0.035
-0.892
-1.664
-0.906
 0.293
-1.285
-1.081
-0.578
-1.030
 0.483
-0.168
 0.461
-0.295
 0.265
 0.652
-0.221
-0.481
-0.930
 0.298
 0.302
 0.728
-0.948
-0.170
-0.078
-0.473
-0.222
-0.415
-0.240
 0.669
 0.678
-0.469
-1.278
-0.703
-1.094
-0.916
 0.103
-0.849
-0.4