.974
-1.072
-2.303
-0.696
 0.095
-0.916
-1.372
-2.244
-1.599
-0.934
-1.373
-2.894
-2.700
-2.739
-1.270
 0.703
-2.089
 0.329
-0.319
-0.731
-0.832
 1.306
-1.012
-0.845
 1.743
-0.780
-1.342
-2.633
-1.525
-0.930
 1.139
-0.115
 0.007
 0.812
 0.912
 0.209
-0.374
-0.193
 0.830
-0.690
 0.395
 0.394
-0.719
-0.006
 0.393
-0.456
-2.518
-1.782
-1.387
-1.445
-1.457
-0.398
 1.413
-1.869
-0.934
-1.219
-0.407
 0.295
-1.107
 0.642
-0.752
-1.439
-1.930
-1.620
-1.546
-1.812
-0.945
-0.521
-1.004
-1.545
-3.114
-2.094
-1.885
-2.194
-2.480
-2.658
-1.386
-0.017
-1.319
-0.412
-1.250
-1.428
-1.019
-1.401
-1.641
-0.502
-1.501
-0.536
-0.261
-0.852
-0.191
-2.106
-2.028
-2.924
-1.848
-1.355
-1.812
-1.314
-2.789
-0.225
-1.186
 0.038
 0.370
-0.180
-0.989
-0.814
-0.171
-1.103
 0.507
 0.018
-1.197
-0.624
-0.147
-0.974
-0.290
-0.457
-2.072
-1.508
-0.481
-1.159
-1.640
-1.281
-1.758
-0.193
-0.891
-1.023
-1.876
-1.665
-0.591
-1.154
-1.124
-2.133
-1.159
-1.816
-1.111
-0.973
-0.932
-1.995
-1.633
-0.063
-1.952
-1.109
-0.266
-1.208
 1.119
-1.087
-0.816
-0.713
-1.637
-1.102
 0.679
-0.566
-0.696
-0.455
-0.014
-0.541
-2.075
 0.298
-0.745
-1.859
-1.604
-0.895
-0.453
-0.993
 0.724
-0.450
 0.920
 0.688
-0.590
-0.459
-1.920
-0.734
 0.774
 0.286
-0.297
-0.363
-1.221
-1.043
 0.313
-0.689
 0.199
-1.290
-0.389
-0.088
 0.550
 0.216
-1.282
-1.107
-0.705
-1.076
-0.814
-0.704
 0.521
-1.796
-2.212
-0.834
 0.316
 0.057
-0.852
 0.559
 0.105
 1.437
-0.911
-0.848
 0.345
 0.873
-0.011
-0.107
 0.040
-0.215
-0.822
 1.299
-0.854
-1.109
 0.464
 0.875
-0.830
 0.082
 0.975
 0.500
 0.302
 0.168
-1.061
-1.631
-0.842
-0.439
-0.416
 0.388
-0.739
-0.808
-1.488
-1.201
-0.503
-0.643
-2.488
-0.739
 1.531
 1.003
 1.020
 2.026
 0.430
-0.668
 0.645
-1.095
-1.537
-0.758
 0.044
-0.682
-0.568
-0.038
-0.169
 0.335
-0.121
-0.646
-1.118
-0.671
-0.304
-1.201
-0.194
 0.166
-0.971
 0.092
 0.361
-0.530
-0.926
-1.413
-2.309
-1.494
-0.407
-2.241
-2.922
-0.275
-2.356
-1.029
-1.202
-1.553
-1.606
-2.260
-0.209
-1.224
-1.684
-1.692
-0.992
-0.800
-1.392
-1.563
-0.898
-2.095
-0.799
-1.740
-1.470
-0.786
-1.424
-1.399
-1.328
-1.616
-1.545
-0.630
-0.886
-0.775
 0.365
 0.396
-2.393
-2.173
-0.600
 0.746
-2.009
-0.029
-0.911
 0.409
 0.854
 0.889
 0.665
-1.076
 0.188
 0.886
 0.541
 0.568
 0.885
-0.422
-0.575
-1.281
 0.550
 0.397
-0.333
-0.082
-0.198
 0.816
-0.779
-0.608
-0.115
 0.272
-0.271
-0.782
-0.485
-1.286
-0.701
 0.264
-0.147
 0.119
 0.070
 0.181
-0.467
-0.750
-0.578
-0.926
 0.010
 0.225
 0.986
-0.012
 1.141
 1.422
 2.375
 1.794
 1.618
 1.653
 1.224
 1.690
 1.031
 1.061
 1.289
 1.294
 0.361
 0.753
-0.393
-0.635
 1.362
-0.906
 0.691
 1.661
-0.793
 1.134
 0.177
 1.367
-1.025
 1.165
-0.393
 0.755
 0.149
 1.158
 0.396
 0.021
-0.637
-0.808
-0.281
 0.026
 1.559
 1.330
 0.128
-0.206
-0.745
-1.146
 0.220
-0.155
-0.266
 0.597
 1.936
 0.054
 0.487
-0.366
 0.894
-1.119
-1.395
 1.142
 1.907
 1.393
 0.607
 0.023
-0.518
 2.557
 1.314
-0.672
-0.007
-0.063
-1.272
 0.948
 0.767
-0.402
 1.166
 1.750
-0.029
 0.753
 0.925
-0.704
-0.712
 1.520
 1.084
 1.645
 0.152
-0.236
-0.510
 1.134
 0.483
 0.459
 0.952
-0.926
-0.178
 0.530
-0.571
 1.263
 0.110
-0.867
-0.880
-1.230
-0.136
-0.566
 0.084
 0.609
 0.446
 1.377
-1.295
-0.047
-0.884
 0.457
-0.431
 0.794
 0.869
 0.053
 0.365
 0.018
-0.195
-0.683
 0.244
-1.413
-1.901
-1.035
-1.355
-0.269
 0.355
-0.926
 0.082
 0.235
-0.355
-1.169
 0.310
 0.524
-0.968
-0.506
 0.776
 0.703
-0.079
-0.070
 0.353
 0.128
-1.295
-0.873
-0.385
 0.279
-0.361
 0.519
-1.109
-0.407
-1.933
-0.742
-1.409
-2.643
-1.098
-1.114
 0.292
 0.082
 0.226
 0.532
 1.960
 0.204
-1.578
-0.015
 0.056
-0.275
 0.732
 0.362
-0.122
-0.323
-0.386
 0.674
 0.944
 0.802
 0.285
 0.662
-0.439
-0.689
-0.567
 0.066
 0.507
-0.589
-0.595
 1.404
 1.233
 1.077
 0.316
-0.462
-0.055
-0.994
 0.313
-0.475
 1.744
 1.357
 2.168
-0.302
 0.381
 0.542
 0.034
 1.160
-0.688
 0.337
-0.538
-0.495
 0.389
 0.138
-0.242
-0.228
-0.530
-1.147
-0.439
-0.443
-0.333
-0.828
-1.004
-2.505
-0.590
-1.241
-0.737
 0.018
-0.475
-1.510
-0.548
-0.678
-1.568
-0.939
 0.519
-1.065
-0.798
-0.665
 1.061
 1.104
 2.219
 1.456
 0.747
 0.156
 1.749
 1.181
 2.546
 1.354
-0.119
-0.219
 1.206
-0.327
 0.048
-0.868
-0.343
-1.529
 0.706
 0.291
 1.004
-0.162
 0.120
 0.801
-0.111
 0.775
 0.107
 1.201
-0.813
-0.497
-0.441
-0.847
-1.593
-0.729
 0.209
 0.551
 0.781
 0.015
 0.259
 1.146
 0.369
 0.858
 0.835
 0.509
-1.724
-0.936
-1.279
 0.229
 0.020
-0.069
 0.854
-0.970
-1.006
-0.287
 0.902
 0.904
 2.024
 1.136
-0.298
-0.484
-0.906
-0.079
-0.158
 0.621
 0.359
 0.236
 0.438
 0.855
-0.695
-0.656
-0.257
-1.465
-0.060
 1.135
 0.469
 0.812
 0.275
 0.921
-0.076
 0.560
 0.841
 0.099
 1.393
 1.303
 2.089
 1.685
 2.120
 1.841
 1.359
 1.255
 0.185
-0.901
 1.327
 0.844
-0.406
-0.205
 2.085
 0.384
-1.040
 0.346
 0.425
 0.376
 0.508
 0.353
 0.263
 1.998
 1.260
-0.460
 1.414
 0.585
 0.767
 0.986
 1.274
 0.307
 1.098
 2.482
 0.913
-0.524
 0.246
 0.716
 0.480
 0.309
 0.602
 0.921
 0.261
 0.966
 0.834
 0.624
 1.213
 2.270
 0.418
 0.464
-0.881
 0.332
-0.172
-0.376
-0.192
 2.661
 0.836
 0.421
 0.766
 0.903
-0.850
-0.507
-1.075
 0.729
 0.241
 1.725
 1.564
-0.382
 0.956
 1.435
-0.445
 0.166
-0.570
-1.554
-1.733
 0.218
 1.361
-0.647
 0.592
 1.980
 0.964
-0.244
 1.139
 1.156
 0.406
 0.950
-0.418
-0.619
-1.569
 1.080
-0.581
 1.548
 0.704
 0.336
 0.099
 1.192
-0.539
 0.640
 0.424
 1.106
-0.034
 0.063
-0.134
-1.458
 0.361
-0.879
-0.506
-0.889
-1.246
-0.505
-0.742
 0.308
-0.610
 1.341
 2.335
 1.426
 0.097
 0.635
 1.102
 0.013
-0.983
 0.539
 0.150
-0.655
-1.691
 0.018
-0.058
-0.307
-0.041
-0.458
 0.135
 0.405
 0.345
-0.303
-0.441
 1.707
-0.241
 0.535
 0.130
-1.633
 0.361
-1.112
-0.261
-0.118
-0.036
 0.532
 1.730
 0.333
 0.823
 1.885
 1.362
-0.376
-1.312
-0.164
-0.637
-2.239
-0.085
-0.088
-1.649
-0.960
 0.219
-0.041
-1.695
-1.543
 0.064
-0.826
-2.219
-0.126
-0.524
 0.069
-0.576
-1.437
-0.795
-0.047
-1.788
-1.519
-1.340
-0.356
-0.214
-0.481
-0.768
-1.329
-0.278
-0.632
 0.266
-1.776
-1.257
-1.390
 0.332
 0.266
 0.255
-0.176
 0.132
 0.188
-1.366
-0.429
-1.189
 0.376
 0.095
-0.468
-0.355
-1.116
-1.098
 0.742
-0.964
 0.001
-0.750
 0.227
 0.344
-0.108
-1.437
-0.409
 0.948
 0.484
-0.027
-0.047
 0.145
-0.210
-0.283
-0.440
-1.758
-1.407
-0.756
-1.787
-0.449
 0.045
-1.731
-1.191
 0.346
 0.447
 0.455
 2.111
 1.391
 0.964
 1.160
-1.222
 0.306
 0.570
 0.924
 1.238
 2.487
 3.228
 2.651
 1.028
 1.769
 1.509
 1.162
 1.416
 1.062
 1.447
 2.081
 2.281
 1.926
 0.395
-0.254
 0.392
 0.906
-0.725
 0.764
 1.449
 0.466
 0.160
 1.512
 0.605
 1.500
-1.692
 1.210
-0.663
 1.621
-0.566
-1.682
 0.063
-0.570
 0.070
-1.644
-0.539
-1.861
-0.170
-0.217
-0.946
-0.063
-0.969
-1.303
-0.324
 0.516
-1.373
-0.378
-0.831
-0.597
-0.540
 0.462
-0.086
 0.128
 0.859
 0.673
-1.012
 0.099
-0.797
-0.654
 0.222
 1.391
 0.159
-0.265
 1.518
-0.316
 0.335
-0.541
-0.423
 1.336
 0.222
 0.451
-0.503
-0.070
 1.313
 1.252
 0.876
 1.357
 0.383
 1.207
 0.752
 1.219
 1.537
 1.605
 1.470
 0.099
 0.856
 1.183
 0.566
 1.696
 1.522
 2.213
 1.751
 1.390
 1.332
 0.461
 1.030
 0.674
 1.187
-0.013
 0.178
-0.505
-0.143
 0.763
 1.710
 0.756
 1.256
 0.923
 1.370
 0.364
-0.606
-1.232
-0.346
-1.006
-0.089
 0.517
 1.010
 0.743
-0.175
 0.529
 0.036
 0.337
 1.569
 1.796
 1.241
 1.175
-0.323
 0.327
 0.282
-1.489
-1.699
-1.195
-1.620
-0.445
 0.967
-0.321
 0.219
 0.191
 1.599
 1.128
-0.800
-0.017
 0.310
-0.378
 0.424
-0.372
 0.253
 0.470
-0.795
-1.682
 0.741
 0.512
-0.472
 0.098
 0.639
 0.618
 0.302
 0.304
 0.199
 0.199
-0.342
 0.475
 1.423
 1.135
 0.908
 1.340
 0.757
-0.713
 0.407
 0.037
 0.479
-1.558
-0.717
 0.897
-0.205
 1.139
-1.013
-0.723
-0.534
-0.728
-0.548
-0.029
-2.051
-1.403
 1.284
-0.482
-0.325
-0.251
 0.699
 0.687
-0.783
-0.254
 2.453
 2.038
 0.946
 1.006
 1.632
 2.494
 2.681
 1.626
 1.446
 1.649
 0.591
-0.048
 0.221
 1.960
 0.951
 0.834
 1.938
 1.436
 1.449
 2.781
 1.505
 1.974
 0.768
 1.187
 0.367
 0.617
 1.568
 0.330
 1.630
-0.088
 0.416
 0.613
-0.631
-0.610
 0.305
 1.901
 1.999
 0.448
 0.339
 1.867
 0.735
 0.227
 0.705
 0.657
 0.109
 0.025
 2.204
 1.903
 1.076
 0.820
 0.947
 0.632
 2.272
 2.628
 2.866
 2.790
 1.921
 0.692
 1.500
 0.449
-0.696
 1.196
 0.754
 0.719
-0.204
-2.366
 0.473
 1.841
 0.844
 1.687
-0.745
-1.002
-0.855
-1.412
 0.784
-0.152
 0.048
 0.327
-0.001
 0.483
 1.574
 1.083
 0.826
 2.985
 1.574
 3.070
 2.704
 3.113
 1.289
 1.212
 2.539
 1.435
 1.601
 0.193
 0.392
 0.190
 1.286
 1.821
 1.959
 1.900
 0.661
 2.587
 0.937
 0.550
 1.183
 0.440
 1.703
 1.769
 0.876
 1.055
 0.988
-0.122
-0.137
-0.559
 1.876
 1.767
 2.215
 0.435
 1.426
 1.164
 0.969
 0.527
 0.950
 1.451
 0.346
 0.606
-0.250
-0.652
 0.935
 0.303
 0.145
-0.051
 0.932
 1.037
-0.158
-0.388
-1.431
-1.804
-0.329
 0.785
-0.298
-0.308
-0.656
-1.248
 0.117
 0.332
-0.142
 0.156
-0.935
-0.791
 0.615
 0.185
 1.259
 0.478
-0.741
 0.541
 0.709
-0.077
-0.177
 0.106
-0.392
 0.846
 1.631
 0.879
 1.534
-0.211
 1.485
 1.352
 0.490
 0.224
 1.098
 0.491
 1.303
-0.267
-1.512
-1.533
-0.604
 0.117
-0.904
-0.566
-1.003
-0.368
-0.792
 0.205
-0.206
 0.369
 2.026
 1.713
 0.745
 0.836
 0.090
 0.908
 1.423
 1.356
 0.152
 0.415
-0.150
-0.564
-0.339
 0.529
 1.514
 0.713
-0.936
 0.848
-1.250
 0.049
-0.147
 0.722
 2.375
 2.669
 0.855
 0.469
 0.600
 0.648
 0.465
 0.127
 0.309
 0.067
-0.192
 0.200
 0.259
 0.696
 0.158
 1.909
 1.526
 0.625
-0.402
-0.146
 0.266
-0.028
 0.623
 0.892
 1.377
 0.912
 1.485
 0.056
 0.353
 1.226
 2.173
 0.498
 0.937
 1.550
 1.635
 3.034
 2.286
 1.393
 1.302
 1.083
 1.364
 1.890
 0.773
 1.225
 1.790
 1.559
 1.006
 0.352
 1.746
 1.326
 1.467
-0.238
 0.041
 2.350
 1.214
 0.650
-1.083
-1.816
-3.026
-2.042
-1.154
-1.278
-2.080
-0.811
 0.495
-1.157
 0.955
 0.917
 1.143
 0.011
-0.206
 0.829
-0.959
-0.913
 0.392
-0.319
-0.570
-0.855
 0.834
 0.284
 0.644
 0.484
 0.211
-0.674
 0.580
 0.802
 0.652
 0.393
 1.437
 0.204
-0.127
-0.794
 0.701
 0.921
 0.267
-0.430
 1.567
 0.727
 1.139
 0.307
-1.532
-1.415
 0.253
-1.621
-0.564
 0.007
 0.263
 0.956
 0.162
-1.273
-1.499
-0.434
-0.673
-1.004
 0.135
-1.305
-0.003
-2.232
-1.182
-0.169
 0.508
 0.027
 0.866
 0.678
 1.342
 1.260
 1.266
 0.469
-0.198
 0.526
 0.203
 0.447
-0.340
 0.217
-0.281
 1.025
 0.222
 1.307
 1.264
-0.854
-0.154
-0.434
-0.331
-1.139
 0.304
 0.478
 1.056
-0.005
 0.283
 0.876
 0.201
 0.385
 1.880
-0.183
-0.646
-0.176
-0.466
 0.670
-0.536
 0.337
-0.533
 0.076
-0.801
-0.588
-0.785
-0.726
 0.499
-1.222
 0.931
 0.399
 0.781
 1.913
 1.080
 3.243
-0.188
 0.691
 0.987
 0.403
 1.539
 0.174
 1.261
 1.690
 0.443
-0.169
 1.694
 1.137
 0.702
 0.239
 0.285
 1.399
-0.607
 1.017
-0.679
 0.443
 0.367
 1.374
 0.860
 1.547
 1.417
 1.700
 0.841
 0.644
 1.242
 1.262
 1.405
 0.052
-0.107
 0.084
 0.154
-0.579
-0.387
-0.105
 0.342
 1.785
 0.909
 0.954
-0.428
 0.274
 2.544
 0.494
 0.480
-0.095
 0.756
 1.630
-0.175
 1.356
 0.543
 1.374
-0.269
 0.824
 0.568
 0.102
 1.026
-0.139
 1.754
 0.319
 0.009
 1.116
 0.355
 0.072
-1.125
 1.437
-0.296
-0.070
-0.573
 0.736
 1.140
 0.157
-0.254
 0.602
 0.075
 0.131
-1.433
 0.150
 2.582
 0.684
-0.715
-0.535
-2.080
-0.087
 1.711
 0.607
 1.913
 1.604
 0.774
 1.661
 0.913
-0.453
 0.288
 1.589
 1.583
 1.117
 2.076
 1.433
 1.160
 1.686
 0.799
 1.469
 0.443
 0.943
 1.195
-0.096
-0.865
-0.871
 0.414
 1.131
 1.251
 0.328
 0.016
 0.246
 0.315
-0.585
 0.870
 0.444
 1.014
-0.700
 2.891
 1.230
 0.790
 1.085
-0.056
 1.701
 0.551
-1.605
-1.379
-1.562
-0.925
-0.220
-1.144
-1.153
-0.864
-0.814
-0.804
 0.218
 0.495
 1.434
 0.742
-0.324
 0.214
-0.744
-0.670
-1.185
-0.372
 0.447
 0.833
 0.328
-1.678
-1.574
 1.278
 0.862
-0.268
-0.768
-1.521
-1.396
-0.783
-1.318
-0.107
-0.864
 0.795
-0.081
-1.353
-1.033
-0.187
 0.697
 0.036
 0.930
-0.809
 0.165
-0.008
 0.070
 0.541
-0.552
-0.280
 0.281
-0.607
-0.765
 0.172
 0.897
-0.026
-0.329
-0.602
-0.540
-1.945
-0.750
 1.140
 0.550
 0.460
-0.791
-1.015
-1.154
-0.699
 0.791
 0.389
 0.529
-0.892
 0.273
-0.667
-1.068
-1.453
-0.757
-0.239
 0.744
-0.147
 1.151
 0.864
 1.162
 1.229
 1.134
-0.112
-0.754
 0.276
-0.731
 0.056
 0.087
-0.507
-0.702
 0.619
 0.209
-1.367
 0.295
 1.126
-0.463
-0.051
 0.224
 0.741
 0.844
 1.052
-0.276
-0.365
 1.623
 1.303
 0.332
-1.026
 0.464
 0.780
-0.198
 0.140
-0.393
-0.177
-0.913
-0.198
 0.876
 0.804
-0.925
-0.079
-0.574
 0.403
 1.669
 1.219
 0.785
-0.223
 0.369
-0.733
 2.073
 1.115
-0.858
-0.097
-1.423
-0.872
 1.220
 0.974
 2.878
-0.397
 0.484
-1.161
 1.075
 0.813
 1.540
-1.209
-0.554
-0.299
 0.149
 0.268
-2.150
-1.456
-1.306
-1.246
-0.835
-0.227
 0.180
-0.232
-0.492
-1.667
-1.069
-0.382
-0.119
-0.301
-1.531
-0.048
-0.018
-0.018
 0.423
-0.211
 0.079
-0.976
-2.470
-0.243
-1.364
-0.812
-0.404
-0.554
-0.490
-0.436
-1.148
 0.824
 1.112
 0.750
-0.770
-1.037
-0.973
-0.426
-1.314
-2.175
-2.067
-0.379
-0.541
-1.906
-0.600
-1.925
 1.495
 0.714
 0.558
-0.962
 0.433
 0.046
-1.331
 0.366
 0.549
-0.324
-0.395
 0.656
-0.854
 0.256
-1.637
-1.429
-1.668
-0.184
-1.673
-2.277
-1.590
-1.787
-1.225
 0.152
-0.744
-0.231
-0.645
 0.256
-0.977
-1.197
-1.751
 0.206
-0.075
-0.662
-1.198
-1.686
-1.075
-0.612
-0.662
-1.643
-1.080
 0.256
-0.539
 0.202
 0.063
 0.575
-0.373
 0.260
 1.034
 0.404
-0.173
 1.184
-0.682
-0.813
-0.294
-0.820
-0.152
-0.694
-0.963
-0.026
 0.648
 0.286
 0.323
 0.418
-0.434
-0.311
-0.615
-1.276
 1.177
-0.571
-0.370
 0.225
 1.261
 0.829
 0.599
 0.148
 0.648
 0.833
 1.012
-0.091
 0.736
 0.145
-1.267
 0.432
 1.164
 2.585
 1.636
 1.494
 0.437
 0.451
-0.304
 0.804
 0.441
-0.172
 0.060
-0.164
-0.172
-0.218
-0.508
-0.658
 0.851
 0.826
 0.313
 0.776
-0.270
-0.497
 0.159
-0.800
-0.771
 0.996
 0.733
-1.031
 0.122
 0.107
 0.137
-0.418
-0.474
 0.283
 0.941
 0.763
-0.333
-0.065
 0.517
 0.678
 0.586
 0.858
-0.202
 0.749
-0.077
 0.995
 0.605
 0.224
-0.429
 0.055
-0.073
 0.514
-0.444
-0.019
-0.143
-0.187
 0.075
-0.452
-0.586
-1.041
-0.386
-2.101
-2.804
-0.042
 0.209
 0.021
 0.538
 1.173
-0.496
-0.656
-0.149
-0.523
 0.929
-1.595
-1.773
-1.005
-2.002
 0.552
-0.741
 0.032
-1.472
-0.087
-0.560
 0.343
 0.386
-0.079
 0.832
 0.353
 1.888
-0.464
 1.018
 0.001
-0.989
 0.114
 0.680
-0.810
-0.465
 0.515
 0.216
-0.636
-1.469
-1.102
-1.610
-2.105
-0.632
-1.102
-1.044
-0.141
-0.765
 1.019
 0.752
-0.069
 0.781
-0.991
-0.635
-0.119
-0.280
-0.412
-1.945
-2.107
-0.884
 0.386
-0.541
-0.949
-0.924
-0.215
-0.015
 0.856
-0.980
 0.879
 0.427
 0.529
-0.332
 0.335
-0.964
-1.486
 0.345
 0.359
 0.157
 0.751
 0.196
-1.926
 0.481
 1.075
-0.154
 1.026
 1.202
 0.123
 1.301
-0.272
 0.183
-0.054
-0.161
 0.292
-0.199
 1.514
 0.059
 1.420
 2.635
 2.390
 0.424
-0.673
-0.285
 0.719
 0.148
 1.862
 0.732
 0.669
 0.756
 1.883
-0.935
-1.091
 0.600
-0.131
 1.120
-0.308
-0.302
 0.829
 1.859
 1.514
-0.210
-0.476
-0.371
 0.528
-0.995
-0.429
-0.736
 0.734
-0.824
-1.680
-1.944
-0.157
-0.743
-1.275
-0.236
-0.561
-0.319
-0.075
-0.923
-2.179
-4.591
-1.984
-1.585
-1.781
-0.626
-0.301
-1.453
-0.701
-1.814
-0.857
-1.281
-1.897
-1.645
 0.480
-0.682
-1.941
 0.793
-0.917
-1.581
 0.393
 0.214
-0.517
 0.342
-0.594
-1.977
 1.129
 0.373
-0.123
 0.782
 0.900
-1.766
-0.339
-0.036
-0.359
 2.260
 1.429
-0.329
 0.582
 0.138
-0.271
-0.280
-1.361
-0.713
-0.297
-0.304
-1.103
-0.775
-0.178
-2.018
-2.178
-0.093
 0.860
 0.291
-0.527
-0.563
-0.507
 0.796
 0.623
-1.192
 0.901
-0.398
-1.083
 0.057
-0.470
-0.301
-0.942
-0.490
-1.525
 0.181
-0.539
-0.705
-1.513
 0.144
 0.231
-0.308
-0.020
-1.064
-0.455
-0.032
-1.310
-0.239
-1.727
-1.840
-0.929
-1.664
-0.451
-0.233
-1.056
-1.406
-1.680
 1.111
-0.619
-0.803
-0.234
 0.682
 0.132
-0.656
-0.494
-0.647
-0.361
-1.016
-1.791
-1.633
-2.097
-0.939
 0.580
-0.591
 0.137
 1.309
 0.120
-0.516
-0.341
-1.037
-1.536
-0.044
-0.244
 0.473
 1.415
 1.131
 0.906
 0.053
 0.680
 0.969
 0.766
 2.400
 1.626
-0.054
 1.695
 0.942
 0.189
 1.054
-0.522
-0.866
 0.718
-0.703
-0.361
 1.107
 1.678
-0.129
-0.214
-0.052
 0.970
-0.144
 0.310
-1.674
-1.243
-0.904
-0.629
 1.030
 0.730
 0.336
 1.070
 0.342
 0.051
 0.907
 0.915
 1.248
-1.179
-0.060
 0.567
-0.617
-0.824
 0.041
 0.815
 0.062
 1.533
-0.448
 1.084
 1.385
 0.310
-0.102
 0.276
-0.038
-1.300
-1.345
-0.966
-0.156
 0.184
 0.021
-0.604
-0.831
-0.464
 0.271
 0.485
 0.670
 1.395
 0.390
-1.701
-0.433
 0.539
 1.525
-1.043
-2.020
 1.093
-0.650
-0.014
-0.409
 1.230
 0.915
-0.331
 0.845
 0.199
-1.301
 0.620
 1.162
 0.566
 0.641
-0.210
 0.628
-0.101
-0.715
-1.463
-0.640
 0.183
 0.855
 0.625
 0.354
-0.034
-0.059
-0.365
-0.747
-0.866
-0.210
-1.906
-0.449
 0.148
-0.073
-0.377
-0.725
-2.008
-1.738
 0.084
-1.993
-0.533
 0.345
-0.160
-0.171
 0.463
 0.612
 0.513
 1.075
 0.976
-0.172
-1.352
-0.130
 0.107
 0.163
-0.580
 0.121
 0.785
-0.797
-0.819
 0.108
 0.027
 0.053
 0.038
-0.035
 0.560
 0.836
 0.464
 0.166
-0.207
-0.701
-0.041
 0.290
 0.107
 0.334
 0.140
 0.129
 0.384
 0.893
 1.965
-0.849
-1.951
-0.820
-0.329
-0.877
-1.553
 0.381
-0.163
-0.226
 0.894
 0.043
 0.931
 0.583
-0.240
-1.080
-1.020
-0.964
-0.560
 0.570
-0.437
 0.381
 0.104
-0.385
-0.248
-1.600
 0.715
-0.122
-1.208
-1.606
-0.633
-1.090
-0.427
-1.221
-0.595
-0.383
 1.060
 1.336
 1.097
 0.039
 0.261
 0.713
 1.656
 3.273
 0.965
 1.417
-1.229
-1.133
 0.137
-0.258
 0.451
 0.469
 1.002
 2.678
 1.460
 1.765
 2.794
 1.671
 1.656
-0.286
 1.096
 1.782
 0.275
 1.468
 1.100
-0.083
 0.363
 1.050
 1.385
 1.774
 0.737
 1.057
 0.646
-0.099
-0.304
 0.369
 1.236
 1.403
 0.178
-0.791
 0.080
 0.605
 0.141
-1.031
-0.875
-0.812
-0.648
-0.256
-0.423
-1.784
 0.033
-0.295
-0.131
-0.922
 0.193
-1.409
-1.417
-0.321
-0.576
-1.032
-0.071
-0.406
 0.922
 0.344
 1.021
-1.019
-1.375
-0.145
-0.068
 0.094
-0.973
 1.167
-0.912
-0.687
-3.207
-1.002
 0.859
-0.042
-0.559
-1.108
-0.270
 0.029
-0.906
 0.875
-0.807
-0.973
 0.609
 0.177
-0.123
 0.426
-0.225
 0.517
 0.115
 0.798
 0.106
 0.619
 0.977
 1.001
 1.014
 1.903
 1.704
 1.138
 0.754
 1.515
 1.435
-0.188
-0.421
-0.454
-0.583
-1.175
-1.201
-0.945
 0.838
-0.332
 0.921
-0.436
 1.276
 2.567
 0.790
 0.107
-0.289
-1.634
-1.046
 0.604
-0.379
-0.062
-1.594
-0.073
-0.701
-2.187
-1.125
 0.069
-0.018
-2.333
 0.185
 1.505
 0.326
 0.787
-0.474
 1.302
-1.560
 0.307
-0.071
-0.481
 0.343
 1.427
-0.103
-1.141
 0.019
 0.087
 1.329
 1.511
 1.347
 0.903
 0.478
 2.111
 1.609
-0.484
-0.115
 0.482
 0.568
 1.374
 0.386
 0.381
 0.577
 0.558
 0.725
 0.719
 0.898
 0.658
 1.669
 1.648
 1.849
 0.332
 0.743
-0.919
 0.141
 0.741
 1.144
 0.919
 0.960
 0.998
 1.263
 0.775
 0.544
-0.323
 0.961
 0.841
 1.235
 2.131
-0.042
 0.480
 1.334
 1.164
 1.866
 0.494
-0.737
 1.593
 0.572
-0.391
 1.469
 0.331
 0.508
-0.157
 1.657
 0.732
 0.676
 3.095
 1.492
 1.344
 1.086
 1.469
 0.634
 0.409
 1.770
 1.294
 1.111
 0.140
 0.216
 0.389
 0.427
 0.695
-0.171
 2.558
 1.503
 1.471
 0.815
 0.537
-2.448
-0.383
-1.291
-1.267
-0.335
-0.219
-2.038
-1.269
-0.977
 0.139
-0.340
-0.323
-0.137
 0.382
 0.214
-0.670
 0.011
 0.016
 0.217
 0.084
 0.564
-0.153
-0.089
 0.443
 1.861
 1.989
 1.503
 0.608
 0.426
 0.145
 0.881
-0.885
 0.914
-0.340
 0.102
-0.196
 1.327
 1.387
-0.795
 0.789
 1.185
 1.079
-0.127
-0.255
-1.761
-1.370
-0.905
-0.444
-0.085
 0.444
-0.118
 0.799
-0.278
-0.587
 0.183
-0.168
-0.454
 0.222
 0.167
-0.265
-2.161
-1.011
-0.030
 0.018
-0.234
 0.130
 1.216
 1.344
-0.455
 0.282
-0.610
-1.567
-0.100
-0.600
-0.283
-0.438
-1.574
-0.822
-0.446
 0.151
-0.333
-0.126
-0.586
-0.665
-0.695
 0.583
-0.812
-0.284
 1.842
 0.190
 0.242
 0.167
 1.950
 0.825
 0.427
-1.147
 0.305
-1.212
-0.002
-0.492
-0.820
-1.178
-0.723
-0.700
 0.217
 0.223
 0.247
 2.102
-0.102
 0.850
 0.817
-0.290
 0.959
 0.174
-0.183
-0.869
 0.360
-0.389
-0.176
-0.246
-0.593
-0.398
 0.013
 0.219
-0.454
-0.741
-0.078
-0.622
-1.620
-0.384
 0.842
 0.548
 0.069
 0.587
 0.052
-1.327
-0.645
-0.149
-2.014
 0.992
 0.913
-1.696
-0.898
 1.447
-0.949
-0.381
 2.002
-1.085
-1.074
-1.470
 0.158
 0.036
-1.609
-0.559
-1.568
-1.602
-1.072
-0.561
 1.123
 0.631
-1.101
-0.696
-0.510
-0.275
-0.385
-1.072
-1.478
-1.095
-1.485
 0.068
 0.379
-1.044
-1.250
-0.802
-0.485
 1.219
 0.645
 0.103
 0.369
 0.567
 0.936
-0.633
 1.814
 1.757
 0.861
 0.776
 0.587
-0.561
-0.946
-0.538
-0.216
-0.719
-1.203
-0.348
-0.214
-0.698
-0.298
-0.939
-0.568
-1.204
-0.083
 0.346
-0.149
-0.464
-1.356
-0.007
-0.657
 0.284
-0.770
 0.230
 0.364
 0.989
-0.385
 0.730
 0.648
 1.072
-0.505
 0.314
-0.261
 1.375
-0.834
 0.158
-1.102
-0.962
-0.291
-0.013
-0.642
-1.820
-2.172
 0.612
 0.124
-0.909
-0.637
 0.418
-0.149
-0.814
 0.569
 0.485
-0.732
-0.446
-1.670
-1.276
 0.263
 0.413
 0.090
 0.094
-1.255
-1.284
-0.647
-1.030
 0.493
-0.454
-1.015
 0.677
-1.652
-1.597
-2.014
-0.603
-0.499
 0.118
-0.209
-0.698
 0.529
-1.022
-0.469
-0.444
-0.626
-1.286
-0.389
-1.879
-0.834
-1.324
 0.373
-0.276
 0.135
 1.000
 1.009
-0.332
-0.259
-1.217
-0.562
-0.877
-1.267
-1.249
-0.382
 1.517
-0.623
-0.189
-0.202
 0.826
-0.457
 0.217
-0.169
-0.205
 0.516
-0.555
-0.189
-0.544
-0.506
-0.078
 0.368
 0.328
-0.918
 0.692
 0.938
-0.351
-0.229
-0.401
 0.785
-0.248
-0.112
 0.444
 0.503
 0.439
-0.379
 0.471
 0.896
-1.325
-0.309
 0.500
 1.033
 2.010
 1.208
 0.474
 1.369
 0.860
 1.273
 1.575
 3.791
 2.208
 2.313
 1.796
 0.598
-0.329
 1.869
 0.648
-2.843
 0.479
-1.294
-1.475
 0.227
-0.949
 0.519
 0.061
 0.791
-0.956
 0.530
-0.392
 1.654
 0.221
 0.711
 0.901
-0.351
 0.907
 0.725
 0.017
 1.063
 0.524
 0.468
 2.266
 0.619
 0.606
 1.652
 1.023
 1.813
 0.821
-0.791
 1.223
 1.502
 0.471
-1.289
-0.814
-0.445
 0.872
 1.213
 0.173
-2.065
-0.828
 1.023
-0.610
 0.482
 0.971
 0.550
-0.831
 0.565
 1.298
 0.425
 0.153
 1.010
 0.456
-1.164
-0.727
-0.523
-0.228
-0.885
 0.419
 0.326
-0.295
-0.073
 0.064
 2.607
 1.346
 1.000
 1.356
 2.130
 2.031
 0.486
 2.574
 1.839
 1.149
 1.030
 1.441
 0.080
 1.522
 1.632
 1.113
 1.042
 1.707
 0.736
-0.750
-0.253
 1.054
 1.229
-0.372
-0.210
-0.938
-0.410
-2.076
-1.238
-1.330
-0.366
-0.501
 0.809
 0.267
 1.152
-0.712
 0.288
 0.011
 1.826
 0.381
 0.159
-0.515
 0.917
 1.137
 1.357
 2.139
 1.037
 1.461
 0.277
 0.371
-0.604
-0.467
-0.337
-0.157
 2.154
 0.306
-0.912
-0.280
 1.272
 0.276
 0.504
-0.102
-0.091
 0.852
 0.822
 0.498
 0.504
-0.405
 0.674
-0.897
-0.401
-0.090
 0.552
 1.173
-0.143
-0.482
 0.514
-0.547
-0.565
-0.805
-1.086
 0.371
-0.554
-0.912
-0.273
-0.331
-0.998
-1.884
 0.328
 0.531
 1.264
 0.694
 0.765
 1.565
 2.343
 1.033
-0.953
-0.493
-0.281
-0.568
-1.059
-0.134
-0.272
-0.133
-1.560
-0.945
-0.664
-0.816
 1.189
 0.186
 0.257
-0.155
 0.614
-0.850
-0.492
-1.056
 1.320
 0.643
-0.661
 0.537
 0.855
 0.737
 0.162
 1.711
 0.850
-0.648
 1.092
-0.023
 0.392
 1.369
 0.388
 0.450
 1.182
-0.221
 0.586
 1.603
 1.455
 0.242
 0.165
 0.687
 1.069
 3.822
 2.719
 1.109
 1.165
-0.712
 1.175
 1.234
 0.688
 1.347
 1.109
 0.746
 1.828
-0.256
-0.116
 0.416
 0.661
-0.077
-0.252
 0.156
-0.135
 0.744
 1.992
 1.873
 0.898
 0.488
 0.423
 1.016
 1.838
 1.805
 0.180
 1.935
 2.634
 1.439
 0.996
 2.523
 1.343
 2.434
 0.605
 0.510
-0.651
-1.762
-0.253
 1.432
 1.097
 2.046
-0.006
-0.837
 1.393
 0.228
 1.009
-0.183
 1.687
 0.958
 0.320
 0.148
 1.756
 0.930
 0.752
 1.886
 0.438
-0.123
 0.151
-0.456
 0.590
-0.593
 0.232
-1.126
-0.671
 0.276
 0.507
 1.320
 0.255
-0.033
 1.660
 1.179
-0.568
 0.468
 0.050
 1.084
 0.742
 0.444
-0.271
 0.385
-0.813
 0.406
 0.912
 0.235
 0.064
 1.006
 0.215
 1.641
 1.560
 0.998
 0.321
-0.137
 0.162
 1.360
 0.897
 0.969
-0.877
-0.633
 0.381
-1.005
 2.020
-0.189
 0.514
 0.577
 0.279
-1.329
 0.490
-0.104
-0.564
-1.551
 0.002
 0.267
-0.473
-0.233
-0.156
-0.099
 1.012
 2.318
 1.688
-0.196
 1.013
 0.699
 0.353
 0.753
 1.006
 0.690
-0.504
-0.731
 0.384
 0.461
 0.594
 0.319
 0.736
 0.444
 1.009
 1.073
 1.858
 1.030
-1.354
 0.054
 0.739
-0.211
-1.060
-0.570
-0.569
 0.282
-0.258
-1.157
-0.327
 1.069
-0.229
 0.180
 0.874
 2.069
 0.959
-0.538
-0.911
-0.150
-0.472
-1.313
-1.692
-0.098
 0.525
 2.113
 0.772
 1.054
-0.115
 0.384
 0.175
 0.524
 1.485
-0.067
 0.876
 0.440
-0.949
-1.032
-2.041
-1.603
-0.077
-0.203
-0.372
 0.004
-2.812
-1.654
-1.692
-0.739
-0.533
-0.180
 0.419
-0.013
 1.297
-2.513
-1.256
-0.553
-0.418
-1.319
 0.097
-0.669
-0.533
 1.492
 1.443
-0.887
 0.479
 2.818
-0.907
-0.249
-0.295
-0.580
 1.054
 1.786
 0.227
-0.304
-0.028
 1.341
 0.251
 0.661
-0.330
 1.026
 0.923
 0.165
 1.382
 2.113
 0.367
 0.851
-0.655
-1.313
 2.106
 0.289
 1.433
 0.242
 0.430
-0.967
 1.481
 0.097
-0.008
-0.453
-1.204
-0.076
 0.812
 1.096
-1.013
 0.883
 1.175
 2.274
 0.755
 0.466
 0.569
 1.524
 0.577
 0.762
 0.038
-0.147
 0.135
-0.710
 0.205
 0.823
 1.687
-0.258
 0.660
 0.465
 0.187
 1.549
 1.291
 1.041
 1.693
 0.210
 1.718
 0.284
-0.293
 1.953
 0.580
 0.680
-0.211
 1.481
 0.655
 0.266
-1.186
 1.271
 1.251
-0.425
 0.363
 0.944
-1.280
-0.555
 0.335
 1.569
 0.613
 0.476
 1.569
 1.502
 1.093
 1.810
 0.818
-0.496
 1.005
-0.296
-0.598
 1.038
 0.757
 1.698
 0.416
 1.674
 1.501
-0.115
 1.392
 2.078
 2.171
 1.659
-0.145
 1.098
 1.195
 0.636
 0.978
-0.877
 0.025
 0.263
 0.296
-0.668
 1.792
 2.189
 1.778
 1.569
 1.764
 1.908
 2.100
 1.170
 1.781
 1.009
 1.785
 0.998
 1.325
 0.984
 2.290
 2.199
 3.322
 1.813
 2.515
 1.088
 1.002
 0.291
-0.324
 0.289
 0.166
 0.962
 0.778
 1.341
 1.952
 0.916
 1.909
-1.048
-0.791
 0.742
 0.731
 0.982
-0.824
 0.168
 0.884
 1.275
 0.667
-0.050
 0.628
 0.376
 0.103
 1.742
 0.222
-1.992
 0.448
 0.154
 0.317
 1.087
 0.567
-0.035
 0.802
 0.211
 0.876
 0.987
-0.866
-1.052
 1.769
 0.868
-0.223
 1.524
 0.508
 1.072
-0.444
-0.028
 0.445
-0.946
 0.454
-0.372
-0.414
-1.246
-0.558
 1.464
 0.724
-1.615
-0.602
-0.270
 1.162
 0.780
 0.536
-0.026
 0.920
-1.069
 1.558
 1.681
 0.147
 0.067
-0.696
 1.289
 1.136
-0.115
-0.205
 0.394
-1.400
-2.965
 0.087
-1.043
 0.962
 1.348
 0.879
 0.296
-0.887
-1.585
 0.793
-0.035
 0.941
 0.793
 0.943
 1.082
-0.026
 1.415
 0.869
 0.453
 0.133
 2.489
 1.552
 0.248
 0.472
 0.658
 0.559
-0.126
 0.739
 0.137
 0.544
-0.102
 0.099
-0.535
-0.837
 0.712
 0.581
-1.213
-0.094
-0.633
 0.787
 0.947
 1.256
 0.014
 1.267
-1.621
-1.293
-0.534
-0.176
 0.887
-1.613
 0.038
 0.340
-0.853
-0.036
 1.174
 1.189
 1.306
 1.354
 1.443
 0.959
 0.982
 0.958
 0.051
 0.550
 1.255
 1.303
-0.522
 0.249
 1.256
 0.848
 0.585
 0.259
 0.460
 0.508
 1.475
 2.549
 1.376
 0.051
 1.002
 1.546
-0.005
 0.369
 0.303
-0.885
-0.554
-1.014
-0.126
 0.170
 3.372
 1.918
 3.262
 1.873
 1.825
 1.879
 1.734
 1.122
 0.912
-0.881
-0.321
 1.567
 0.197
 0.608
 0.731
 1.654
 0.994
 0.804
 1.163
 2.373
 0.927
-0.423
 2.588
 0.813
 0.350
 1.018
 1.936
 2.199
 1.763
 0.730
 1.410
 0.186
 0.515
 1.449
 1.363
 1.351
 1.090
 0.312
 1.317
 0.253
 0.994
 2.646
 1.687
 2.307
 0.231
-0.108
 0.788
 0.549
 0.676
 0.651
 1.252
 0.584
-0.051
 0.904
-0.927
-0.225
-0.359
 1.708
 2.325
 1.191
 0.263
-0.736
-0.221
 0.028
 0.973
 1.321
 1.415
 0.234
 1.259
 0.755
 1.155
 1.058
 1.560
 2.272
 0.626
 1.272
-0.248
 1.752
 1.245
-0.610
 0.873
 1.716
 0.588
 1.749
 0.788
-0.052
 0.341
 0.758
-0.424
-1.552
 1.040
-0.141
 0.988
 1.247
 0.983
 1.281
 0.836
 0.513
 0.547
 0.614
-0.366
 0.811
 1.369
 0.309
-0.763
 0.483
 0.646
 0.630
 1.133
 2.204
 1.524
 1.362
 0.581
-0.428
-0.256
 0.266
 0.851
 1.340
-0.046
-0.904
 1.681
 1.297
 0.787
 0.857
 1.026
 1.149
 1.128
 1.187
 0.238
 1.666
 0.483
 1.103
 0.998
-0.676
 0.887
 0.445
 1.785
 1.072
 1.303
 1.524
 1.623
 1.314
 0.621
-0.427
 0.022
-0.118
-0.288
 0.750
-0.470
-0.262
 0.149
-0.249
 0.410
 0.649
 0.920
 0.556
-0.832
 0.540
-1.058
-0.631
-0.387
-0.038
 0.500
 1.036
 0.330
 0.585
 1.885
 1.680
 1.889
 0.265
 1.575
-0.228
-0.162
 1.587
 1.057
 0.041
 0.017
 0.113
-1.113
 1.581
 0.703
 1.134
-0.202
 0.178
-0.657
-0.104
-0.901
-1.476
 0.559
 1.060
 1.779
 0.159
-0.854
 1.028
 1.685
 0.628
 0.741
-1.082
-0.442
 1.224
 0.259
 0.748
 0.676
 0.385
 0.649
 0.475
 1.025
-0.241
 0.673
 1.980
 1.387
 0.628
 1.640
 1.037
 1.750
 1.672
 0.401
 1.805
 1.384
 0.369
 0.355
-0.006
 1.109
 0.976
 1.805
 0.001
 0.848
 1.560
 1.042
 1.249
 0.376
 1.253
-0.162
 1.665
 1.863
-0.753
 0.758
-0.279
-0.576
 0.994
 2.101
 0.627
 2.018
 1.705
 1.096
 0.689
 0.246
 0.185
-1.143
-0.244
-0.423
-0.153
 0.511
 0.134
 1.798
-0.165
-1.943
-0.494
 1.600
-1.123
 0.107
-0.084
 0.646
 0.076
 0.668
-0.100
 0.722
 1.448
-0.305
 1.128
 1.291
 0.143
 0.196
-0.533
 0.359
 1.325
 0.109
 0.140
-0.074
-0.218
-0.299
-0.894
 0.659
-0.424
-0.874
-0.747
 1.091
 0.490
 1.050
 0.247
 0.692
-0.126
-0.015
 1.101
-0.571
-0.334
-1.116
 1.716
 0.529
 0.625
 1.975
 0.801
-0.556
-0.187
 0.447
 0.937
 0.688
 0.171
-0.937
 0.873
 0.018
 0.113
-0.065
-1.421
-0.823
-0.313
-1.179
-0.627
-2.248
-0.286
-2.578
-2.052
-1.998
-0.546
-1.000
-1.453
-1.192
 0.078
-0.410
 1.296
-1.072
 0.466
 0.316
-0.718
-0.429
 0.190
-0.969
 0.119
 0.227
-0.703
-0.403
-0.747
-0.247
 0.055
 1.467
-0.116
-1.127
-0.432
-1.280
-1.437
-0.766
-0.666
 0.343
 0.050
 0.192
 0.706
 0.401
 0.739
-0.136
 0.077
 1.134
 0.377
 0.580
 0.164
-0.140
 0.216
 0.186
 0.091
 1.430
 0.744
-0.525
-0.147
-0.956
-0.763
-0.550
 0.576
 0.693
-0.623
-0.811
 0.384
-1.570
-1.001
-0.615
-0.478
-0.521
 1.069
-0.561
 0.304
 1.069
-0.380
-1.198
 0.155
-1.354
-0.701
-0.967
-0.005
-0.530
-0.054
 0.137
-1.126
-0.031
-1.219
-1.319
-0.024
 0.322
-1.679
-0.510
 0.368
-0.535
-0.918
 0.661
 0.201
 1.049
-0.368
-0.452
-0.398
-0.721
-1.282
-0.550
-0.809
-1.512
-0.838
-0.155
-0.624
 0.199
-1.019
-1.191
-0.026
-0.483
 0.002
 1.088
 0.536
 0.516
 0.930
-0.303
 0.944
 0.633
 0.591
-0.079
 0.231
-0.083
 0.218
 1.888
 0.769
 1.015
 2.802
 2.289
 1.410
 2.292
-0.495
-0.587
-2.101
-0.348
-0.158
 0.008
 0.553
-1.632
-1.188
-0.158
-0.666
 1.520
 1.246
 1.589
 2.097
-0.205
 0.211
 0.931
 0.541
-0.572
-1.246
-0.129
 0.177
 0.747
 1.031
 0.277
 1.136
-0.535
-0.376
 0.088
 1.092
 0.251
 0.919
 1.029
-1.628
 0.344
 0.024
-0.176
-1.450
 0.279
 0.521
-0.559
-0.336
-0.420
-0.970
-0.520
 1.187
-0.828
-2.038
-1.576
-0.798
-0.900
-0.546
-1.965
-0.848
-2.056
 0.237
-1.402
-0.725
-0.172
-1.332
-0.059
-0.486
-0.143
-1.781
-0.783
-0.405
-1.344
-0.393
 0.923
 0.350
 1.203
-0.124
 1.125
 0.357
 0.823
 0.163
 0.743
 1.047
-0.606
-1.043
-0.149
-1.439
-1.576
-0.243
-0.024
-0.608
-0.008
-1.033
 0.095
 0.838
 1.912
 0.318
 1.017
 1.159
 0.525
-1.152
-0.430
 0.575
 0.079
-0.378
 2.169
 0.802
 1.545
 1.388
 2.166
 0.071
 0.406
 0.534
-0.828
-0.160
 2.071
 1.030
 1.052
 0.490
 0.490
 0.302
-0.193
 1.585
 0.067
 1.393
 0.520
 0.729
 0.851
 1.491
 0.606
 1.403
 1.422
 0.561
 0.507
-1.151
-0.828
-0.417
 0.199
-0.369
-0.762
-1.236
-0.359
 0.088
 1.087
-0.857
-0.701
 1.689
 0.071
-1.464
 0.234
-0.391
 0.476
 0.401
 0.142
-1.168
 1.468
 1.621
 1.458
-0.663
 1.248
 1.077
-0.248
-0.040
 0.698
 1.959
 1.345
-0.718
-1.027
-0.081
-0.607
 0.045
 0.787
 0.281
-0.514
-0.857
 1.686
-0.026
-0.621
-0.251
-2.146
-0.507
-0.776
 0.152
 0.717
 0.684
 1.458
 1.435
 0.800
 0.272
 2.166
-1.508
-0.017
 1.149
 0.855
-0.395
-0.298
-0.160
-1.145
-0.467
-0.249
-0.273
 0.439
 0.385
 0.266
 2.567
 0.730
 0.984
 0.313
-0.592
 0.740
 1.847
 0.386
 0.551
 1.384
-0.673
-0.160
 1.000
 0.191
 2.034
 3.903
-0.252
 0.847
 1.294
 0.088
 1.176
 0.353
 0.250
-0.948
-0.380
-0.226
-0.085
 0.391
 1.526
-0.289
 0.034
 0.810
-0.534
-0.010
-0.749
-0.762
 1.478
 0.256
-0.246
 0.435
-0.443
 0.317
-1.151
-0.341
-1.145
 0.444
-0.169
 0.602
-0.756
 0.183
-0.326
-1.266
-0.688
 1.355
-0.406
 0.022
 1.435
 1.728
 0.676
-0.049
 0.872
 0.326
-0.226
 0.484
 0.898
 0.588
 0.746
 0.651
-0.035
 0.740
 2.078
 0.492
-0.198
 0.809
 1.036
 0.910
 2.947
 0.858
 1.383
 1.492
 0.686
 2.136
 0.594
 1.260
 2.415
 2.842
 0.931
-0.505
 0.995
 0.229
 1.357
 1.082
 1.582
 2.486
 1.749
 1.507
 1.856
 1.450
 1.311
 1.540
 2.137
 1.480
 1.088
 0.791
 2.458
 1.494
 1.694
 1.590
 1.666
 2.158
 2.826
 0.922
 0.063
 1.335
 0.309
 1.040
 2.027
 0.399
 1.379
-0.639
-0.092
-0.319
 0.565
-0.737
 1.105
-0.117
-0.382
 0.020
 1.003
 0.480
 0.286
-0.298
-0.903
-1.202
-0.669
 0.666
-0.711
 0.343
 0.616
 0.770
 1.857
 3.051
 0.978
 0.419
 1.173
-0.544
-0.263
 0.722
 0.270
-0.469
-1.737
 0.032
-0.048
 1.101
 0.489
-0.733
-1.422
-0.683
-0.854
-1.080
 0.162
 0.843
-0.765
 0.370
-0.966
-0.742
 1.264
 0.348
-0.161
-0.818
-1.430
-0.421
-0.788
-0.597
 0.002
-1.027
-0.776
-0.938
 0.343
 2.305
 2.129
 1.276
-0.379
 0.387
 0.109
 0.753
-1.754
-0.662
 0.111
 0.446
 0.272
 1.291
-0.557
-0.161
-0.901
-0.748
-0.325
-0.544
-1.658
-0.341
-2.190
-0.903
-0.477
-0.954
-0.071
-0.573
 0.106
 1.626
 0.116
-0.005
-0.440
 0.546
 0.840
 1.331
 0.662
 1.211
-0.491
 0.410
 0.447
 0.211
 1.164
-0.905
-0.340
 0.402
-1.006
-0.114
 0.263
-0.759
-0.046
 0.575
-0.351
 0.081
-0.076
-0.656
 1.814
 1.390
 1.870
 0.685
 0.206
-0.233
-0.478
 0.127
-0.213
 0.885
-0.372
-0.096
-0.199
-0.510
 1.249
 0.996
 1.281
 1.709
 1.983
 0.714
 1.644
 0.465
 0.061
 0.985
 1.344
 0.439
 0.464
-0.527
 1.403
 1.251
 1.356
 0.454
 0.666
 1.368
-0.160
 0.427
-1.417
-0.018
 0.573
-0.220
-1.190
 1.129
 0.045
 1.563
 1.605
-0.085
 2.810
 2.473
-0.417
 0.181
 1.544
 0.823
 1.793
 0.721
 0.942
 1.048
 0.671
 1.239
 1.355
 1.137
 1.044
 0.509
 0.513
 0.330
-0.357
-0.956
 0.526
 1.456
 1.043
-0.995
 1.030
 2.926
 0.643
 0.123
-0.198
 0.230
-1.136
-0.295
-0.212
 0.678
 0.238
 0.634
-0.324
-0.357
-0.660
-2.563
-1.457
 0.035
-0.110
-0.913
 0.337
 0.167
 1.254
 2.048
-1.569
 0.470
 1.414
 0.921
 0.102
-0.227
 0.493
 0.949
 0.497
 2.318
 1.024
 0.043
 0.919
 0.888
-1.056
-0.201
 1.357
 1.633
 1.548
 0.501
 1.349
-0.058
 1.341
-0.718
 0.450
-0.285
-0.902
-0.170
-0.560
-0.854
-0.610
 0.721
 0.362
 1.627
 2.409
 2.202
 0.159
 0.754
-0.274
-0.835
-2.538
 1.077
-0.160
 0.411
 0.942
 1.006
 0.073
-0.058
 0.343
-0.592
 0.123
-1.324
 0.170
 1.057
 0.193
 0.705
 0.149
-1.119
 0.962
 1.639
 2.434
 0.362
 0.659
-0.101
-0.207
-1.739
 0.155
 1.179
 0.638
 0.472
 0.529
-0.012
 0.611
 0.781
 0.855
 0.360
 1.106
-0.389
 0.117
 2.384
 3.113
 3.003
 0.674
 1.101
-0.365
 0.539
 1.085
-0.045
 1.332
 0.378
 0.417
-0.127
-0.529
-0.206
-0.294
-0.456
 0.613
-0.103
-1.580
-0.239
-0.297
-0.355
-0.111
-0.694
-0.369
 0.702
-0.609
-0.709
-0.018
 1.675
 0.161
 0.614
 1.460
 1.171
 1.103
-1.681
-1.140
 0.563
-1.028
 0.026
-2.340
-0.087
-1.918
-0.070
 0.808
 1.847
 1.654
 1.190
 0.995
 0.073
-0.329
 0.393
-0.425
 0.199
 1.510
 0.955
 1.798
 2.535
 1.951
 1.132
 1.340
 0.350
-0.782
 0.265
 1.425
 0.791
 1.789
 2.573
 2.273
 1.301
 1.932
 1.476
 1.515
 1.515
 0.682
 0.654
 1.149
 0.947
 0.742
 0.697
 2.264
 1.496
 1.224
 0.923
 0.537
 0.380
 0.839
 0.459
 0.686
 0.553
 1.176
 1.567
 0.670
 0.779
 0.602
 1.147
 0.370
 0.344
 1.587
 1.852
 0.007
 0.300
 0.322
-0.333
 0.022
-0.567
 2.140
 0.942
 0.767
 0.873
 0.457
 2.308
 0.346
-0.485
 0.841
 2.319
 2.336
 1.075
 1.536
 0.432
 0.317
 0.925
 0.948
 0.741
 0.882
 0.003
 2.254
 0.701
-1.546
 0.104
 0.862
 1.474
-0.441
-0.636
 0.976
 1.439
 0.489
-0.082
 2.277
 0.611
 0.601
 1.147
-0.475
-1.796
-0.342
 0.264
 0.888
 0.894
-0.967
 1.911
 1.289
 0.646
 0.284
 0.058
 0.316
 0.599
 0.124
 2.190
 0.926
 0.779
 2.205
-0.546
-1.226
-0.481
-0.188
 0.243
 0.123
 0.499
 0.694
-0.080
 0.723
-0.549
-0.884
-0.810
 0.114
 0.488
 1.303
 1.357
-0.239
-1.015
 0.168
 0.905
 1.067
 0.136
-0.415
-1.128
-0.091
 0.248
 0.150
-0.884
 0.149
-0.759
 0.261
 1.336
 0.876
 0.784
-0.003
 0.350
 0.306
 0.656
-0.042
-0.250
 0.878
 0.957
 1.171
 1.244
 0.793
 0.336
-0.296
 0.544
-0.382
 0.307
 0.579
 2.215
 1.507
 2.197
 1.801
 2.889
 1.154
 0.311
 0.953
-1.077
-0.213
 0.583
-0.259
 0.600
 0.429
 0.062
-0.578
-0.268
-0.505
-0.336
 1.375
 0.054
-1.279
-0.385
-1.192
-1.007
-1.461
 0.628
 1.217
 0.907
 0.225
 1.102
 0.602
 0.791
 2.446
 1.467
-0.566
 0.528
 1.526
 1.818
-0.164
 0.994
 1.706
 1.252
-0.231
 0.892
-0.342
 1.073
 0.392
 1.566
 0.179
 0.217
-0.380
 0.419
 0.193
-0.523
-1.334
-0.776
-0.252
-0.010
-0.467
-0.214
-0.815
-1.616
 0.043
-0.462
 0.887
 0.123
-0.221
 0.984
 0.026
 0.752
-0.203
-0.935
 0.298
-0.971
 1.473
 1.808
-0.789
 0.334
 0.903
-1.404
-0.839
-0.666
 1.589
 1.303
 0.355
-0.703
-1.296
 0.165
-1.607
 0.051
 0.027
 0.340
 0.560
 0.390
 0.092
 1.878
 0.422
-0.271
-0.846
-0.186
-1.099
 0.404
-0.410
 0.175
 0.395
 0.348
 2.136
 1.375
 0.536
 0.463
-0.966
 0.498
 1.024
 0.218
 1.286
 0.181
-0.434
 0.750
 1.022
 0.340
 0.773
 0.932
 0.618
 1.849
 1.033
 0.051
 1.095
 1.053
 1.457
 2.066
 1.315
 2.212
 0.918
 0.928
 2.084
-0.204
 0.118
 1.160
 1.596
 2.538
 1.483
 1.405
 1.193
 0.267
-0.145
 0.240
 0.943
 0.343
 0.006
-0.899
-0.474
-0.415
-0.088
-0.787
 0.061
-2.659
-1.279
-0.648
 0.077
-1.495
 0.663
 1.548
 1.004
 1.043
 0.323
 0.326
-0.456
 0.051
 0.010
 1.024
 2.110
 0.574
 1.237
 0.858
 0.648
 1.894
 1.313
 0.164
-0.135
 0.721
 1.588
 0.072
 0.919
-0.345
-0.611
-0.472
-0.323
 0.248
 0.362
 0.889
 0.816
-0.874
 1.144
-0.016
 0.831
 0.163
 2.020
 1.072
 1.435
 1.031
-0.196
 0.986
-0.363
-0.807
 0.288
-0.210
 1.344
 0.063
 1.751
 2.831
 1.920
 0.566
 0.528
 0.250
-0.592
-0.426
 1.133
 2.079
 1.772
 0.983
 1.237
 0.369
 0.770
 0.342
 0.372
-0.017
 0.520
 0.916
 0.429
 1.202
 2.500
 1.562
 1.304
 0.025
 0.985
 1.506
 1.257
 0.045
 1.318
 0.188
 0.393
 1.218
 0.955
 2.005
 2.396
 1.916
 1.335
-0.392
 2.775
 2.694
 2.356
-0.280
 1.148
 1.564
 2.516
 2.410
 1.685
 2.383
 0.103
 1.635
 0.802
-0.507
 0.215
-0.604
 0.346
 0.503
-0.022
 0.912
 0.519
 1.542
 1.843
 0.659
 0.022
 0.869
-0.444
-0.447
-0.098
 1.049
 1.026
 1.280
 0.087
 0.112
-0.742
-0.498
-0.669
 0.454
-0.802
 0.560
 2.262
 1.481
-1.548
-0.959
 0.084
 0.335
 0.932
-0.623
-0.389
 0.820
-0.510
 0.140
 0.981
 0.020
 1.085
-1.174
-0.643
-0.659
-2.560
-2.042
 0.762
 0.580
-0.065
 0.315
-0.251
 0.185
-1.952
 0.066
 1.518
 0.607
 0.199
 0.433
 1.613
 0.742
 0.486
-1.160
-0.646
-0.780
-0.112
 1.383
-0.753
-1.167
 1.683
 1.607
 0.254
 0.400
 0.730
 0.351
 1.309
 0.410
 0.279
-0.047
 1.362
 0.544
 1.011
-0.058
-0.001
-0.023
 0.220
-0.792
-0.521
 0.003
 0.701
 0.452
 0.296
 0.444
 2.087
 0.295
 1.771
 0.624
 0.343
 0.185
 0.037
 0.449
-0.843
-1.125
-0.660
-0.004
-0.600
 0.133
-0.829
 0.659
-0.606
-0.048
 0.780
-1.027
-0.048
 1.137
-0.219
-0.963
-0.189
 0.519
 0.747
-0.140
 0.305
 0.574
-0.206
 0.396
-0.554
-1.584
-0.407
-2.196
-1.157
 2.012
 0.982
 0.143
 0.482
 0.490
-0.223
-0.226
 1.998
-1.209
-0.236
 0.011
-0.268
-1.294
-1.193
-0.558
-0.483
-1.729
-0.638
 0.098
-1.132
-0.075
 0.410
 2.118
-0.708
-0.039
-0.093
-0.367
-0.972
 1.168
 0.565
-0.191
-0.960
 0.144
 0.978
-0.673
-0.365
-0.521
 1.769
 0.794
 1.011
 0.695
 0.843
 0.613
 0.552
 0.494
-0.078
-0.803
-1.326
-1.587
-2.487
-0.942
-0.074
 0.092
-0.690
-0.605
-0.870
-0.590
 0.018
 0.186
-0.525
 1.347
-0.589
 0.232
-0.941
-0.613
 0.704
 1.185
-0.810
-0.155
-0.882
-0.428
-0.655
 0.718
 0.012
-1.087
-0.135
-1.132
-1.098
-1.029
-0.633
 0.067
-0.402
 0.937
 1.279
-0.744
-0.849
-1.383
 0.262
-0.656
-0.044
-1.595
-1.333
-1.106
-0.493
 0.240
 1.086
 0.971
 1.192
 1.402
 0.328
 0.285
 0.942
 1.304
-0.587
 0.395
-1.880
-1.105
-0.329
 0.440
 0.923
 0.929
 0.486
 1.259
 2.423
 1.832
 1.098
 1.324
 1.376
 1.035
 0.423
 0.564
 1.366
 1.469
 1.266
 0.819
 0.637
 0.141
 0.516
-0.127
 1.149
 0.835
 0.955
-0.205
 1.000
 2.292
 2.107
-0.357
 1.641
-0.228
 0.174
 0.827
 0.326
 0.948
 1.343
 1.249
-0.584
-0.382
 0.899
-0.712
 1.363
 0.079
 0.265
-0.720
-0.968
 0.728
-0.423
-0.056
-0.059
 1.038
 0.590
 2.530
 2.463
 1.086
-0.617
-0.510
 0.280
-0.505
 0.570
 0.338
-0.685
-0.325
 0.734
-1.064
 0.609
-0.200
 0.998
 0.411
 1.133
 1.920
 2.609
-0.051
 0.760
-0.665
-0.332
-0.619
 0.123
-1.009
 0.442
-2.255
-2.313
-2.379
-0.909
-2.362
-1.184
-1.455
-1.519
-1.023
-0.889
-0.721
 0.064
 0.033
-0.099
-0.612
-0.743
 0.068
-1.399
-1.978
-0.993
 0.481
 0.759
-0.118
-0.850
 0.151
 0.474
-1.433
-0.813
-0.064
-0.646
 1.241
-0.037
 0.269
 0.016
-0.653
-0.547
-0.835
-0.452
-0.455
-0.701
 0.359
-0.214
 0.350
 0.416
-0.943
 0.595
-1.472
-0.733
-0.372
-0.091
-0.179
 0.007
 0.671
 0.635
 0.520
 0.082
-1.972
 0.235
 0.687
-1.745
-1.334
-0.829
-0.868
 0.047
 0.110
 0.030
-1.392
-1.747
 1.615
 1.085
 0.908
-0.114
 0.332
 0.138
 0.099
 0.255
-0.708
 1.836
 1.168
 0.783
 0.509
 0.205
-0.166
-1.970
-2.346
-0.928
-0.729
 0.263
 0.335
-0.104
 0.048
-0.202
-0.254
-1.287
-0.373
-1.919
 0.149
-0.573
-0.844
 0.617
-0.083
-0.036
 1.937
-0.211
-0.848
 0.031
 0.706
-1.841
-0.789
 0.004
-0.374
-0.285
 0.648
-0.002
-0.473
-1.290
-1.466
-0.294
 0.183
 0.815
 0.948
 0.119
-0.395
-0.429
 0.784
 0.020
-0.918
-0.198
 0.999
 0.456
-1.278
-0.621
-0.928
 0.249
-0.476
-2.223
-1.701
-1.427
-1.275
-0.263
 0.785
 1.576
 0.972
 1.411
 1.016
 1.792
-1.562
 1.324
 1.264
 0.611
-1.113
 0.239
 2.028
 1.010
 1.450
 1.842
 0.716
 0.579
-1.156
 0.147
 0.675
 0.568
-0.018
 0.597
 0.723
 0.439
 0.760
-0.250
 0.398
-1.746
-0.560
 0.503
 0.778
 0.660
 1.368
 1.351
-0.128
 0.609
 1.215
-0.075
 1.831
 2.463
 1.056
 0.590
 1.051
-0.211
-0.141
 0.199
 0.609
-0.677
 1.051
-0.610
 0.361
 1.120
 1.051
-1.383
-0.828
-0.981
 1.256
-0.128
 0.438
 0.591
-0.364
 0.581
 0.639
 0.591
 0.547
-0.017
 1.219
 0.224
 0.991
 0.927
-0.286
 1.075
 0.979
-0.624
-1.593
 0.941
 0.150
 0.450
-0.639
-0.594
 0.248
 0.166
 0.121
 0.746
-0.052
-0.434
 1.405
 1.303
 0.050
 1.988
 1.116
 1.771
 1.063
 1.467
 2.806
 0.650
 1.419
 0.641
 1.844
 0.175
-1.317
 1.154
 0.181
 1.128
 0.857
 0.054
-0.480
-0.255
 0.390
 1.046
 0.940
 0.291
 1.901
 0.934
 1.431
 0.279
 0.169
 1.274
 0.994
 0.060
 0.121
 0.522
-0.936
 0.408
 0.886
 1.130
-0.681
 0.010
 1.094
 0.424
-0.121
 0.399
-0.430
-1.545
-0.136
-0.018
-0.415
 1.340
-0.164
-0.366
 0.650
 0.512
 2.814
 0.998
 0.929
 0.980
 1.350
 0.669
-0.528
 0.431
-0.765
-0.417
-0.515
-0.095
-0.899
 0.464
 0.063
-0.606
 0.216
 0.500
 1.183
 1.736
 1.122
-0.194
-0.518
 1.650
 1.432
-0.488
 1.207
 0.317
 0.938
 1.724
 3.751
 1.985
 1.980
 0.699
 1.174
 0.646
 0.379
 0.561
-0.134
 0.260
 0.252
-0.452
 1.251
 1.043
 1.332
 0.569
-0.131
 0.216
 0.867
 1.709
 0.159
 0.615
 0.213
 1.105
 0.172
-0.973
 0.849
-0.547
 0.944
 0.072
 1.267
 0.342
-0.544
-0.082
 0.645
 1.246
 0.836
 0.827
-0.165
 0.333
-1.578
-0.028
-0.081
 0.256
 0.233
 0.199
 1.496
 1.972
 0.162
 0.410
-0.090
 0.981
 0.301
-0.266
-0.661
-0.523
-0.930
 1.420
 1.216
-0.626
-0.128
 0.475
-0.869
-0.589
 0.635
 0.801
 0.978
 0.137
 1.146
 0.123
 0.222
 2.336
 0.521
 1.962
 0.977
 0.913
 0.985
 0.812
-0.590
-0.087
 1.808
 1.066
 1.303
 0.180
 0.511
 0.994
 1.005
 0.969
 1.401
 1.345
 1.417
 2.206
 0.848
 1.635
 0.483
-0.499
 1.175
-0.132
-0.233
 0.112
 0.894
-1.561
-1.361
-0.893
-1.121
-2.192
-2.524
-2.503
-1.889
-0.249
-0.770
-0.339
-1.389
 0.091
 0.969
 0.767
 1.138
 0.035
 0.350
-0.122
-1.185
-0.709
-1.190
-0.392
-0.748
-0.039
 0.480
 0.064
 0.361
 1.167
 1.344
 0.405
-0.916
 0.758
 1.045
 0.043
 0.775
 0.603
-1.163
 0.267
-1.243
-0.681
 0.090
 1.088
 1.071
 0.785
 1.898
 2.290
 0.862
-0.098
 1.987
 0.578
 0.171
 0.048
-0.130
-0.680
-0.574
 1.163
 2.463
 0.495
 0.167
 0.094
-0.305
-0.075
 0.077
 0.311
 0.508
-1.095
 0.058
-0.587
 2.139
 0.623
 0.558
 0.620
-0.808
-0.062
 1.336
-0.400
 0.574
 0.688
-0.591
-0.761
 0.045
-1.658
-0.282
 1.681
-0.761
-0.623
-1.089
 0.182
-0.176
 0.302
 0.773
 0.676
-0.742
-0.034
 0.960
 0.439
-0.094
 1.385
-0.508
-0.178
 1.082
-0.626
 1.905
 1.160
 1.809
-0.181
 0.147
 0.535
-1.040
 0.118
-0.046
 0.704
 1.456
 0.879
 0.704
 0.978
 0.644
 1.205
-0.431
-0.011
 0.712
 0.879
 0.984
-0.964
-0.145
 0.449
 2.191
 0.450
-0.210
 1.209
-1.517
 1.617
 1.898
 1.372
 1.376
 1.507
 2.120
 0.964
 1.360
 2.073
 0.741
 1.561
 1.911
 1.869
 1.105
 1.296
 1.353
 2.154
 1.945
 0.073
 0.476
 0.508
 0.669
 0.381
 1.038
-0.054
-0.475
-0.003
 0.091
 1.341
 2.219
-0.060
 1.052
-0.929
-0.553
 1.158
 2.237
 0.250
 1.653
 1.147
 0.974
 0.279
-0.373
-0.134
 2.448
 1.645
 1.069
-0.154
 0.725
 0.018
 0.838
 0.298
 1.031
-1.162
-1.202
-0.145
 0.809
 0.007
 0.002
-0.916
-0.371
-1.005
-1.067
 1.267
-0.314
-1.012
-0.575
-0.203
 0.494
-1.759
-1.102
-0.851
-0.027
 1.137
-0.364
-0.369
-0.749
-2.244
-1.805
-0.615
-0.798
 1.499
-0.132
-0.109
-1.264
-0.406
-1.201
-0.380
 1.532
 0.613
 0.786
 0.897
-0.569
-0.170
 0.509
-0.129
-1.477
-1.729
-0.567
 0.636
 0.992
-0.301
 1.412
 1.442
 1.278
 1.019
 1.448
 0.641
 2.037
 1.186
-0.325
 0.876
 0.042
-0.268
 1.136
-0.582
-0.706
-0.463
-0.472
-0.792
-0.413
 0.126
 0.409
 0.140
 1.331
 1.034
 1.533
 1.777
 2.310
 2.539
 2.230
 1.641
-0.268
 1.490
 2.372
 1.715
 0.846
 2.620
 0.689
 1.289
 1.240
 1.885
-0.070
 1.376
-0.590
-0.284
-1.122
 0.893
-1.537
-0.197
-0.084
-0.389
 1.074
-0.184
 0.470
 1.293
 1.383
 0.659
 1.799
 1.023
-0.034
 0.660
 1.547
 0.916
-0.455
 0.396
 2.086
 1.623
 1.295
-0.355
 0.277
 1.874
 1.609
 0.604
-0.051
 1.019
 0.108
 2.016
 1.212
 1.369
 1.486
 1.048
 0.671
 0.017
 1.537
 1.804
 1.589
 3.041
 1.933
 2.289
 0.695
 1.199
 1.670
 0.467
 2.639
 0.416
 1.830
 1.333
-0.042
 0.339
 0.980
-0.208
 1.146
-0.151
 1.450
 2.359
 1.076
-0.069
 0.635
 0.505
 0.753
 0.583
 0.683
 0.484
 0.711
 1.481
 0.026
-0.347
-1.208
-0.854
 2.399
 2.542
 1.199
 0.757
-0.008
 1.377
 1.580
 1.652
 2.241
 2.301
 1.781
 1.097
 1.587
 0.159
 1.010
-0.362
-0.894
 0.332
-0.159
-0.188
 0.556
-0.200
-0.026
-0.137
 0.049
 0.326
-0.813
 0.327
 0.051
-0.100
 0.118
-0.244
 0.738
-1.108
-0.954
 0.460
 0.378
 0.951
 1.526
-0.114
-0.110
-0.109
-0.975
-0.661
-0.566
-0.591
-1.155
-0.475
-0.724
-0.738
-0.412
 0.216
-0.165
-1.093
-0.234
-0.483
-0.845
-1.164
-0.617
-0.785
-1.903
-1.747
-0.727
-0.145
-0.248
 0.569
 0.214
 0.170
 0.516
-0.583
-1.774
-0.638
-0.497
-0.994
-0.812
-0.674
-1.988
-2.693
-2.291
-0.921
-0.139
-0.846
 0.696
 1.018
 0.605
-1.288
-1.275
-1.020
 0.531
 1.537
 1.609
 1.660
 1.430
 1.348
 0.933
 0.527
-0.013
 1.793
 0.471
 0.163
-1.182
-0.656
-0.357
-1.213
-0.442
-0.607
-0.539
-1.439
-0.431
-0.755
-1.046
-1.028
-1.820
-0.994
-1.002
-0.283
-0.721
-1.645
-1.805
-1.000
-0.708
-0.847
-0.867
-1.089
-0.163
-0.160
 0.633
-0.778
 1.214
-0.434
-1.093
-0.442
 0.033
-0.558
-0.877
-0.918
-0.773
-0.906
 0.714
-1.256
-0.572
-1.534
-1.230
 0.951
-0.377
 1.169
 1.757
 0.363
-0.247
 0.356
-0.613
-0.865
 0.661
-0.120
 0.862
 0.474
 0.953
 1.059
 1.605
 0.540
 0.932
 0.710
 0.507
 1.141
-0.129
 1.274
 0.016
 0.135
-0.395
-0.424
-0.001
 0.805
-0.610
-0.242
-0.968
-0.279
-0.451
 2.485
-0.687
-1.108
-0.286
 1.323
 0.357
 2.475
 1.485
 1.315
 0.018
 1.257
 1.103
 1.267
 1.196
-0.439
 0.705
 0.814
 2.062
 1.931
 1.315
 0.224
-1.342
-0.061
-1.053
-1.028
-0.233
-0.300
-1.206
 0.054
 1.671
-0.202
-1.008
-1.054
-1.229
 0.538
 0.188
 0.605
-0.728
 0.109
-0.290
-0.725
 0.081
-1.382
 1.659
-1.192
 1.035
-0.845
 0.835
 0.693
-0.034
 0.133
 1.146
 0.115
 0.969
-0.424
 0.352
-0.481
-0.008
-0.589
-0.498
 0.187
-1.186
-2.010
 0.024
 0.131
 0.388
 1.344
 1.045
 1.005
-0.731
 0.563
 0.113
-0.183
 0.569
 0.399
 1.349
 0.657
-1.565
-0.162
 0.452
 0.427
-2.122
-0.938
-0.113
 0.909
 0.595
-1.310
-0.487
 1.649
-0.537
-0.250
-0.646
-0.313
-1.766
-0.149
-0.044
-0.939
 0.944
 0.528
 0.455
-0.198
 0.815
 0.120
 0.630
 0.885
 0.280
 1.540
-0.347
-0.338
 0.620
 0.381
 0.262
 0.100
 1.569
 0.445
 0.262
 0.064
 0.907
 0.609
 0.298
-0.213
-0.065
 0.789
 1.567
 1.044
 0.665
 0.478
-1.054
 0.837
-1.177
-0.296
 0.773
-1.890
-0.270
-0.961
-1.220
 0.086
 0.270
 1.051
-0.632
-1.079
-1.092
-0.398
-0.169
-0.606
 0.958
 0.735
 0.754
-0.513
-0.272
-0.189
-0.650
-0.386
 1.069
-0.498
-0.643
 1.285
 0.159
-0.708
 0.667
-1.403
 1.663
 0.695
 0.466
 0.288
 1.014
 1.811
 1.280
 2.513
 1.349
 0.714
-1.361
 0.678
 0.260
 2.544
 0.739
-0.435
-0.199
-0.390
 0.279
 1.653
 0.398
 0.165
-0.494
 0.277
 2.728
 1.689
 1.564
 1.492
 1.441
 0.522
 1.053
 2.461
 3.271
 1.775
 0.076
-0.267
 1.202
 0.999
 0.705
 0.172
 0.358
 0.142
-1.240
-0.353
 0.880
-0.334
-0.347
 0.160
-0.798
-0.269
-0.941
 0.228
-0.893
-0.597
 0.454
-0.322
-0.604
-0.501
 0.174
-0.711
-1.960
 0.071
 0.386
-1.538
-1.385
 0.085
 0.139
 1.868
 2.491
 2.332
 2.675
 3.541
 2.256
 0.610
-0.192
-0.719
 0.482
 0.435
 0.927
-0.346
-0.920
-0.040
-0.783
-1.481
-0.132
-0.479
-0.959
 0.571
 0.425
 0.697
 0.763
 0.253
-0.773
 0.608
 0.005
 0.446
-0.112
-0.825
-0.676
-0.095
-0.928
-2.454
-0.662
-0.062
 0.620
 0.948
 0.477
 1.118
 1.473
 0.058
 0.433
 1.151
 1.463
 1.103
 0.212
 1.567
 1.333
 1.008
 0.642
 1.244
 1.474
 0.221
 1.724
 0.484
 0.751
 0.227
-0.713
-0.204
-0.105
 1.056
 0.003
 0.515
 0.656
 2.074
 0.382
 0.433
 1.728
-0.334
 0.415
 0.000
 0.401
 0.116
 0.534
 0.749
 0.234
 0.243
 0.779
 1.753
 1.509
-0.851
 1.224
 0.887
-0.163
 1.468
 1.741
 0.043
 0.510
 1.894
 0.347
 0.597
 0.229
 1.473
 1.102
 1.615
 0.375
-0.068
 0.001
 0.749
-0.723
 0.017
 1.420
 0.515
 1.199
 1.427
 0.543
 1.156
 1.778
 0.378
 0.624
 0.911
 1.301
 1.474
 0.226
 1.378
 1.031
 0.623
 1.562
 1.662
 1.313
 0.887
-0.610
 1.035
-0.169
 0.088
-0.329
 0.768
 0.584
 0.334
 0.324
 0.997
-0.082
-0.511
 0.768
 0.619
 0.177
-1.179
-0.419
 0.540
 0.280
 1.067
 0.788
 2.242
 0.654
 1.732
 2.329
 1.594
 1.293
 2.089
 1.071
 1.826
 3.909
 1.880
-0.069
-0.461
 0.525
 0.504
 0.669
 0.083
 1.442
-0.799
 1.305
-0.232
 0.228
 0.000
 0.627
 0.300
-0.434
 0.665
 0.678
 0.760
 0.926
 1.007
 1.817
-0.318
 1.942
 0.681
 0.450
 0.620
 0.788
-0.494
-0.028
 1.668
 0.284
 0.287
-0.770
-0.673
-1.210
 0.429
 0.019
 0.458
 1.160
 2.324
 1.816
-0.077
-0.470
 0.828
 1.380
 1.340
-0.499
-0.477
 0.778
 1.508
 1.598
 0.204
-0.229
-0.001
 0.179
 0.226
 0.650
 0.108
-0.609
-1.139
 1.593
 0.408
-1.313
-0.186
-0.358
 0.587
 1.036
-0.298
-0.855
 0.712
 0.914
 0.512
 0.702
 0.524
-0.189
 0.646
-0.190
-0.532
 1.459
 1.545
-1.169
-0.131
-1.478
-0.796
-0.230
 0.800
 1.268
 0.167
 0.986
-0.738
-1.849
-0.099
-0.361
 0.312
 0.492
 0.702
-0.132
 0.331
 0.912
 0.041
 1.581
 1.274
 0.402
 0.873
 1.760
 0.430
 1.140
 0.420
 1.262
 1.056
 1.302
 0.479
 0.903
 1.947
 1.762
 1.852
-0.820
 1.882
 1.663
 2.504
 2.159
 1.149
 1.380
 1.648
 1.060
 3.067
 1.084
 2.990
 0.590
 1.277
 1.361
 2.671
-0.009
-0.024
 1.481
-0.452
 0.018
 0.264
 3.599
 1.317
 1.728
 2.296
 1.949
 0.511
 2.295
 1.147
 0.956
 2.316
 2.699
 1.956
 2.258
 1.310
 0.103
 1.811
 0.599
-1.252
-0.189
 0.509
 0.681
 0.315
-0.204
 0.060
 0.632
 1.558
 1.254
 1.007
 0.545
 2.137
 1.695
-0.698
 0.676
 1.191
 0.893
 0.689
 1.610
 0.594
 0.858
 1.584
-0.194
 0.102
 1.081
 1.964
 1.551
 1.364
 0.793
 0.704
 2.940
 0.531
 0.547
 0.891
 2.200
 1.030
 1.523
 0.478
 1.573
 0.689
 0.191
-0.658
-0.011
-0.106
 0.810
-0.660
-0.418
-0.868
 0.008
 0.977
-0.336
 1.297
 1.185
 0.072
 1.644
 0.052
 0.521
 0.733
 0.020
-0.030
-0.456
-0.013
 1.365
-0.279
-0.004
 0.123
-0.775
 0.235
 0.234
 0.053
 0.186
-1.616
 0.444
-0.116
-0.030
 0.728
-1.069
-0.001
-0.432
-0.634
 1.023
 0.004
-0.524
-0.322
-1.210
 0.991
 1.263
 0.582
 0.037
 0.083
-0.722
-1.387
-1.389
-0.144
-0.038
-0.705
-0.064
 0.425
 0.685
 0.756
 0.625
 0.928
 0.263
-1.077
 0.617
-0.284
-1.082
 0.010
-1.148
 0.198
-0.436
-0.546
-0.152
-1.890
-0.187
-0.648
 0.396
-0.665
-0.422
-0.497
-2.042
-0.891
-0.996
-1.322
-0.617
-0.845
 0.135
-1.158
-0.522
 1.064
 0.342
-0.827
-0.485
-0.939
-0.809
-0.559
 0.063
 0.145
-0.162
-1.774
-0.977
 0.049
-0.414
-0.085
 0.509
 1.313
 0.421
 0.758
 1.067
-0.559
 0.469
 0.556
 0.359
 0.664
-0.034
-0.168
 0.161
-1.795
-0.231
-1.587
-2.569
-1.321
-0.239
-0.418
-0.681
-2.004
-0.083
 1.072
-0.269
-0.227
-1.427
 1.100
-0.254
 0.546
 0.581
 0.155
-0.202
 0.707
 0.569
 2.060
 0.851
 1.686
 0.159
 0.231
 0.123
 1.862
-0.283
 2.044
 1.551
 0.393
 1.550
 1.313
 0.622
 0.246
 0.225
 0.829
 1.352
-0.371
 0.172
-0.294
 0.787
 1.617
 1.112
 0.553
 1.293
 0.710
 1.135
 1.543
 0.732
 2.134
 1.949
 1.930
 0.353
-0.274
 0.901
 0.651
-0.513
-0.421
 1.109
-0.182
 0.692
 0.823
 0.490
 0.317
 0.124
-0.309
-0.453
 0.381
-1.127
 0.646
 1.855
 0.427
-0.517
 1.127
 0.562
-0.816
 0.665
 1.286
 0.602
 0.901
 0.274
 1.254
 0.483
 3.118
-0.203
 1.077
 0.915
-0.213
-0.352
-0.315
-0.704
-0.073
 0.198
 0.568
 1.459
-0.146
-0.505
 0.291
 0.412
 1.229
-0.951
-0.469
-0.469
-2.049
-0.170
-1.180
 0.058
-0.703
 1.422
 0.688
 0.654
 0.594
 1.026
 0.780
-0.199
 1.319
-0.082
-0.497
-0.566
-1.149
-1.642
-1.839
-1.367
-0.917
-0.420
 0.405
 0.393
 0.052
 2.895
 1.453
 0.331
-0.278
-0.014
 0.326
 0.706
 0.377
 2.264
 1.450
-0.483
 1.110
 0.418
 0.874
 0.648
 0.612
-0.172
-0.233
 1.375
-0.920
 0.067
-0.171
 0.497
-1.488
-0.977
 0.877
 0.566
 0.050
-0.511
 0.269
-0.309
-0.895
 0.460
-2.190
-0.241
 0.505
 1.299
-0.296
 1.384
 0.221
 0.203
-0.794
-0.303
 0.296
 0.480
 0.393
 1.848
 1.065
 0.748
 0.894
-0.781
 0.678
-1.583
-0.545
-0.907
 0.345
 0.662
 0.991
-0.427
-2.398
 0.305
-0.870
-0.343
-0.681
-1.371
-0.695
-0.301
-0.020
 0.929
-0.004
-0.458
-1.157
-0.062
-0.241
 0.594
-0.663
-1.070
-0.214
-0.354
-0.458
 0.808
 0.187
 1.350
 1.706
 1.255
 1.090
-0.122
-0.822
-0.816
 0.352
-2.026
-1.270
-0.441
 0.160
-0.780
 0.489
 0.859
-0.101
-1.056
 0.193
 0.481
 0.735
 1.245
-0.634
-0.030
 0.302
 0.654
-0.954
-0.830
 0.706
-0.277
 0.830
 1.698
 2.246
 1.743
 0.930
 1.085
 2.243
 0.115
 0.059
 1.691
-0.424
 0.296
 0.492
-0.224
 0.658
 1.258
 2.200
 1.891
 1.459
 2.540
 0.404
 2.065
 1.767
 2.006
 1.291
 2.197
 2.385
 1.414
 1.295
 0.466
 1.719
 0.779
-0.339
 1.783
 0.841
 0.112
 2.011
-0.700
-0.597
 1.396
 1.136
 1.808
 1.288
 0.725
 1.137
 1.545
 0.064
 0.262
 0.127
 1.398
 0.185
 2.058
 1.881
 0.051
 0.644
 0.983
 0.433
 1.017
 0.209
-0.325
 0.962
 1.340
 0.856
 1.756
 0.802
 0.107
-0.056
-0.491
-0.172
-0.682
-0.236
-1.333
 1.466
 0.787
 1.443
 0.564
-0.162
-0.456
 0.397
 1.290
 1.223
 0.201
-0.603
 0.660
 1.606
 1.172
 0.726
 0.994
 0.241
-0.496
 0.516
 0.383
 1.788
 1.645
 1.034
 1.145
-0.955
 0.687
 2.182
 1.624
 0.965
 1.075
-0.086
 1.089
-0.459
-0.393
-0.606
 1.838
 1.242
 0.786
 0.103
-0.375
-0.603
 0.121
-0.883
 0.007
-1.119
-0.178
-1.669
-0.766
-2.493
-0.246
-0.542
-1.289
-0.244
 0.199
-1.512
-0.293
 0.073
 0.834
-0.449
-0.642
-0.979
-0.066
 1.116
 0.231
 0.681
 0.037
 0.017
 1.061
-0.389
-0.151
 0.245
 1.450
-0.027
-0.166
-0.241
 0.198
-1.422
-0.004
 1.046
 1.446
 2.156
 1.596
 1.378
 2.075
 0.523
 1.288
 0.815
-0.185
 0.224
-0.266
-0.243
 0.932
 0.290
 2.006
 1.059
 0.791
 0.380
 0.687
 0.250
-0.586
-0.424
-0.203
 0.171
-0.114
-1.239
-0.089
 1.595
 0.736
 0.780
 0.867
-0.446
-0.218
 0.503
 0.304
 1.264
 0.228
 1.024
-0.132
-0.798
-0.083
 1.462
 0.353
 0.528
 0.134
 0.951
 0.699
 0.884
 0.971
 0.483
 0.719
 0.027
-0.052
 0.573
 0.207
 0.023
 0.060
-0.336
 0.449
-0.158
-1.414
 0.386
 1.005
-0.127
 1.083
 0.161
-1.335
 0.791
 1.351
 1.139
 1.765
 1.390
 1.103
-0.195
-1.009
-1.092
-1.203
-0.361
 0.764
-0.907
-0.961
-1.277
 0.175
-1.992
-1.268
 0.144
 1.372
 0.728
 1.068
 1.442
-0.190
 0.118
-0.190
-0.507
-0.628
-0.563
-0.284
 1.196
-0.012
 0.639
 0.089
 0.179
 0.216
 1.023
-0.450
-0.689
-1.163
 0.079
-0.978
-0.771
-0.227
-0.063
 0.014
 0.387
 1.475
 1.641
 0.759
 0.493
 0.464
-0.954
-0.659
 0.491
 1.019
-0.048
 0.586
-0.255
-0.336
-0.802
 0.169
 1.389
 2.461
 2.168
 1.821
 0.825
 0.531
 1.280
 1.885
 1.510
 1.560
 1.903
 2.198
 2.221
 0.776
 0.484
 0.454
 0.891
 0.735
 0.296
 1.184
 0.830
-0.012
 1.947
 0.972
 1.951
 0.918
 2.081
 0.612
 0.995
 2.703
 0.664
 0.733
 1.789
 1.252
 2.943
 1.170
 0.323
 0.160
 0.094
 0.514
 2.487
-1.055
 1.021
 0.843
 1.572
 0.737
-0.272
 0.456
 1.201
 0.336
 0.505
-0.525
-0.180
 1.477
 1.002
-1.324
 0.399
 0.443
 0.142
 2.690
 0.353
-0.488
-0.620
-1.194
 0.342
-1.030
 0.534
-0.472
 0.805
 0.327
 0.519
 0.149
-0.537
 0.831
-1.198
-0.002
-0.279
 0.151
-0.008
-0.813
 1.208
 0.356
 0.718
 0.784
 1.485
-0.536
 1.750
 1.511
 1.924
 0.125
 0.450
-0.500
 0.096
-0.600
 0.251
 1.370
 1.007
 1.111
-1.487
-0.760
-1.103
-0.666
 0.756
 1.400
 1.930
 1.025
 0.369
 0.982
 0.384
 0.132
 1.135
 0.163
 0.873
 0.367
 1.432
 2.308
 2.381
-0.024
 1.278
 1.551
 1.310
-0.400
 0.726
 0.748
 0.620
 2.178
 0.555
-0.914
 0.786
 0.476
 0.021
-1.107
 0.320
 0.321
 0.041
 0.818
 0.131
-1.026
-0.035
 0.728
-0.042
-0.502
-0.608
-0.735
-1.118
-1.374
 0.740
-1.056
-0.729
 0.430
 0.637
 0.408
 1.635
 0.062
 0.899
 1.393
 0.286
 0.380
 0.255
-0.256
 1.175
-0.717
-0.653
 1.235
-0.213
 0.001
 0.048
 0.564
 0.144
 0.887
 2.398
 2.074
 1.103
 1.133
 1.194
 1.359
-0.415
-0.599
 0.458
 0.734
 0.871
-0.716
-0.388
-0.381
-0.284
-0.300
 0.005
 0.645
 1.278
 0.590
 0.212
 0.315
-0.822
-1.220
 0.539
 0.566
-0.619
-0.245
-0.345
-0.588
-0.321
-1.233
-0.658
-0.807
 0.088
-0.001
 1.412
 0.535
 1.388
-0.265
 0.598
-0.191
 0.268
-0.182
 0.491
-0.155
-0.922
-0.020
-0.418
 0.570
-0.772
-0.895
 0.070
-0.632
 0.280
 0.790
-0.199
-0.862
-0.654
 1.742
 0.333
 0.677
-0.510
 0.009
-0.371
 0.194
-1.826
-1.435
-0.617
-0.974
-1.748
-2.292
-2.731
-0.132
-0.078
 0.228
 0.969
-0.099
 0.361
 0.538
 0.326
-0.406
-0.071
 0.189
-0.746
 0.976
 0.642
-0.120
 0.884
-0.795
 1.207
 0.136
-0.078
 1.104
 1.306
 0.551
 0.878
 1.570
-0.175
-0.488
-1.148
-1.159
 0.025
-0.120
 0.621
 0.029
 0.261
 1.604
 1.497
 2.619
 1.187
 1.923
 0.615
 0.588
 2.041
 0.751
 0.041
 0.486
 1.230
 0.380
 0.436
 1.467
 0.929
 0.677
 0.325
 1.195
 1.714
 1.594
 1.093
 0.646
 1.432
 0.433
 0.427
-0.746
-0.471
-0.162
 2.160
 2.465
 0.824
 0.786
 0.545
-0.864
-0.396
-0.913
-0.599
-1.020
-2.159
-1.166
-0.977
-0.882
-0.326
-0.080
 0.395
-0.161
 0.001
-0.092
 1.217
 0.571
 0.129
 0.137
 0.470
 1.525
 0.105
 0.342
-0.065
 0.453
 1.773
 0.896
 1.031
 1.141
-0.225
 0.107
 1.102
 1.342
 1.042
 0.195
 0.212
 0.021
-0.770
 0.725
-0.266
 0.311
 0.932
 0.505
 0.437
 0.543
 0.125
 0.714
-0.660
 0.048
-1.156
-0.748
-0.293
-0.903
-0.247
-0.121
 0.789
-0.064
-0.517
 0.386
-0.389
 0.987
 0.562
 0.082
 1.604
 0.756
 1.377
-1.278
 0.382
 0.287
-0.931
 1.925
 0.976
 0.584
 0.472
 0.614
 1.388
 0.162
-0.168
 1.516
 1.128
-0.993
-0.112
-0.224
 0.132
 0.492
 0.337
 1.535
 1.512
-0.754
 1.807
 2.381
 2.366
 2.498
 3.121
 1.313
 2.103
 1.550
 0.958
-0.700
 0.645
 0.994
 1.743
 1.509
-0.558
 1.332
-0.257
-0.438
 0.294
 0.040
 0.874
-0.044
 0.277
 0.861
 1.195
-0.051
-0.986
-0.318
-0.472
-0.622
 0.333
 0.856
 1.744
 0.889
 1.177
 1.318
 0.815
 0.330
 2.028
 0.794
 0.945
 0.583
 0.205
 0.866
 0.829
 0.531
-0.958
-0.011
-0.219
 1.160
-0.064
 0.003
-0.781
-1.303
-0.091
-0.652
 1.400
-1.077
-1.417
 0.193
 1.053
 0.676
 0.621
 0.843
 0.545
 1.381
 0.700
 1.182
 1.129
 1.000
 1.010
 0.241
 0.818
 1.085
 2.044
 0.403
-0.041
-0.099
 0.845
 0.971
 1.403
 1.889
 1.245
 0.175
 0.908
-0.844
 1.558
 1.518
 1.030
 0.701
 0.999
-0.218
 0.746
 0.041
 1.371
 0.652
-0.189
-0.421
 0.109
 1.006
 2.856
 2.235
 0.973
 0.510
 1.110
 1.743
 0.830
 0.606
 0.079
 1.197
 0.480
 1.011
-0.623
 0.316
 0.783
 0.963
 0.263
 0.937
 0.744
 0.344
 1.340
 1.884
 0.174
-0.130
 0.171
 1.022
 0.701
 1.065
 0.976
 0.344
-0.034
 0.873
-0.563
-1.601
-0.225
 0.118
-0.468
 1.167
 1.430
 0.958
 1.328
 0.247
 0.852
 0.396
 1.516
 1.673
 0.262
-0.343
 0.198
-0.243
 0.368
-0.133
 0.994
 1.520
 2.252
 2.538
 0.992
 0.634
-0.593
-0.924
 0.741
-0.320
-0.572
 0.545
-0.439
-0.300
 0.163
 0.087
-1.209
 0.005
 2.048
 2.036
-0.041
 0.950
-0.681
 0.153
-0.342
 0.710
 1.414
 1.415
 0.918
 1.191
 1.077
 1.210
-0.225
 1.059
 1.183
-0.889
 0.383
-0.740
 1.428
 0.488
 0.858
-0.005
 1.016
 0.733
 0.798
 1.939
 0.947
 1.651
 0.624
 1.409
 0.389
 0.601
 1.466
 0.578
 0.345
 0.426
 0.482
 1.268
 2.103
 0.884
 1.225
 1.174
 1.310
 0.421
-0.853
 0.097
-0.764
-0.468
-0.565
-0.189
 0.665
 0.451
 1.595
 2.219
 1.495
 1.080
 0.092
-0.833
 0.468
 0.328
-0.205
-1.055
 1.217
 0.262
 0.360
-0.199
-0.756
-0.094
-0.125
 0.661
 1.074
 0.332
 1.165
 0.629
-0.306
 0.856
 0.825
-0.336
-0.849
 0.141
 1.006
 1.124
-0.325
-0.926
 0.484
 0.534
-0.166
-0.219
-1.238
-0.312
-1.820
-0.094
 0.785
 0.832
-0.247
 0.551
 1.545
 1.939
 1.434
 0.429
 0.302
-0.008
 0.353
 0.317
 0.872
 0.457
-0.098
 1.977
 1.963
 0.692
-1.208
-0.548
 0.733
 3.263
 1.932
 0.265
 2.496
 1.831
 0.978
 2.210
 0.769
 1.292
-0.797
 1.066
 0.096
 0.070
 1.150
 2.005
 2.652
 2.748
 0.796
 0.360
 0.924
 0.912
 1.653
 0.787
 1.082
 0.394
 0.611
 2.174
 2.218
 1.771
-0.172
 1.051
 1.533
 1.673
 1.203
 1.549
 1.869
-0.594
 1.267
 0.192
 0.787
 2.045
 0.912
 1.239
 0.914
-0.297
 0.598
 0.412
 0.845
 0.542
 0.204
-0.350
 0.665
-0.028
-1.559
 0.586
 1.348
 0.930
-0.189
 1.256
 2.072
 1.416
 0.820
 0.801
 1.151
 0.176
-0.553
 0.042
-0.927
-1.120
-0.650
-1.078
-2.054
-2.357
-1.730
 0.031
-0.618
-0.698
 0.304
-1.870
-0.657
 0.438
-0.385
 0.226
 0.057
-1.925
-1.242
 0.094
 1.150
 0.312
 0.810
-0.357
 0.648
-0.928
-0.991
-0.393
-0.681
-0.077
 0.871
 1.680
-0.315
 1.646
 1.558
 1.010
 0.011
 1.718
 2.023
 0.417
 2.121
 0.900
-0.216
 0.897
 0.324
 1.424
 0.797
-0.747
-0.115
 0.274
 0.741
 1.346
-0.882
 0.927
 1.106
 0.841
 1.169
-1.275
-0.842
-0.716
-1.199
-0.730
 0.848
-0.556
-0.355
 1.195
 0.018
 0.421
-0.091
-0.748
 0.483
-0.299
 0.014
 1.176
-0.200
 0.307
 0.495
-0.082
 0.106
 1.357
 0.134
-0.351
-0.449
 1.505
-0.099
 0.671
-0.340
-1.162
-1.513
-0.021
-0.100
-0.562
-0.479
 0.702
 0.317
 0.495
 1.416
-0.954
 0.513
-0.135
 0.733
 0.882
 0.231
-0.147
-0.651
-0.010
-0.718
-0.131
 1.114
 0.433
 1.093
 0.582
 0.584
-0.386
 0.019
 1.196
 0.561
-0.490
 0.412
 0.886
 2.222
-0.201
 0.980
 1.875
 1.196
 2.150
 0.960
 0.967
 1.671
 1.267
 0.202
-0.384
-0.291
 1.404
 1.783
-1.290
 0.421
-0.452
 1.221
 2.416
 0.792
-1.343
 0.649
 2.699
 1.180
 0.817
 0.369
 0.514
 1.820
 0.977
 0.748
 0.293
 0.101
 0.102
 0.714
 2.508
 2.363
 0.933
 1.203
-0.251
 1.990
 1.869
 1.664
 1.378
 0.821
 0.267
 0.775
 0.684
 1.032
 0.418
 1.550
 0.985
 1.384
 0.686
 0.441
 1.296
 1.758
-0.158
 0.998
-0.086
 0.262
 2.548
 1.991
 0.891
-0.453
-0.351
 0.231
 0.729
 0.581
-0.421
 0.573
-1.151
-0.642
 1.321
 0.188
-1.356
-0.578
 0.726
-0.493
-0.055
-0.010
-0.366
-1.376
 0.328
-0.279
 0.537
-0.284
 0.172
 0.094
 1.790
 0.331
-0.624
 0.279
 0.510
-0.395
-0.169
-0.375
 0.720
-0.660
 0.785
 0.399
-0.970
-0.244
 1.592
-0.118
 0.082
 0.022
 0.741
-1.049
 1.967
-0.589
 0.332
 0.007
 0.211
-0.823
 0.717
 0.737
 0.409
-0.498
-0.039
 0.360
 0.959
 1.232
 1.747
 1.666
 0.719
 1.034
 1.890
 2.209
 1.719
 0.473
-0.523
 0.276
 2.413
 1.503
-0.033
 1.529
 0.844
 0.858
 0.096
 0.110
-0.812
-2.639
-1.253
 0.598
 1.116
 2.321
 1.269
 1.329
 1.891
 1.240
 0.685
 0.420
 1.767
 1.118
-0.408
 2.221
 0.057
 0.199
 0.566
 0.798
-0.247
-0.154
 2.878
 2.098
 2.195
 1.359
 2.579
 2.452
 2.444
 1.963
 1.409
 1.512
 1.889
 1.901
 2.035
 1.349
 2.109
 0.884
 1.014
 1.148
 2.602
 1.119
 0.876
 1.127
 1.607
 1.547
 1.768
 1.705
 1.533
 0.758
 0.277
-0.071
 0.093
 1.164
 1.401
 2.112
 2.328
 1.655
 0.295
 1.609
 1.019
 0.740
 1.756
 0.619
 1.220
 1.513
-0.019
 0.946
 0.893
-0.031
 0.452
 0.886
 0.089
 0.536
 1.396
 0.695
 1.702
 0.957
 0.120
-0.666
 0.236
-0.246
 1.834
 1.862
 0.347
-0.240
 0.214
-0.808
-0.153
 0.430
-0.160
 0.011
 0.417
 0.984
 0.313
 1.735
 2.373
 0.143
-0.798
 0.903
-1.500
 0.166
-0.767
 1.096
 0.581
 0.805
-0.365
 0.476
 1.500
 0.342
 0.938
 0.507
 0.922
 0.366
-0.404
 0.926
 0.013
 1.080
 1.112
 1.147
 1.497
-0.386
-0.782
 0.594
 1.738
-0.671
-0.172
 0.315
-0.629
 1.633
 0.881
 0.329
 1.126
 1.548
-0.504
 1.303
 2.295
 0.929
 1.500
 2.392
 2.354
 1.417
 0.124
-1.022
 0.273
 0.646
-2.277
-0.257
-0.323
 0.743
-0.209
-0.182
 0.809
 0.707
-0.246
 0.575
 1.301
-0.253
 1.025
-0.093
 1.735
 0.350
-0.330
 0.984
 0.803
 0.888
 0.813
 0.924
 1.827
 0.287
-0.574
 0.683
 0.970
 1.415
 2.143
-1.810
-0.086
-0.389
-0.456
 0.236
 0.535
 0.008
-0.656
 1.052
 1.602
-0.663
 0.323
 1.412
-0.320
-0.567
-1.115
 0.557
 1.167
-0.082
 1.322
 1.186
 1.042
 0.504
 1.592
 1.892
 1.840
 1.564
 0.312
 0.579
 0.423
 1.311
 1.348
 0.357
 0.710
 0.949
 0.858
 0.273
-0.161
 0.760
 0.197
-0.146
 1.603
 0.842
-0.557
 0.133
-0.625
 0.381
-0.063
 1.289
 0.587
 1.206
-0.174
 0.075
 0.756
 2.235
 1.094
 1.328
 1.316
 0.368
 0.097
-0.286
 0.730
 2.045
 0.632
-0.806
 0.012
 0.749
 0.095
 0.162
 0.592
-0.791
 0.342
 1.287
 1.600
 1.841
 1.832
 1.248
 0.719
 1.043
 1.498
 0.621
 0.191
 0.228
 0.810
 1.352
 1.511
 0.823
 0.682
 1.101
 1.274
 0.687
 0.945
-0.494
 0.972
 0.252
 0.976
 0.643
 1.306
-0.956
-0.714
 0.937
 1.212
 1.089
 1.283
-0.201
 1.024
 0.784
-0.975
-0.854
-1.278
-0.786
-0.940
-0.824
-0.761
-0.538
-0.233
 0.809
-0.350
-2.015
-1.419
-0.168
-0.491
 0.089
-0.479
 0.697
 0.815
 0.341
 0.453
-0.679
-0.824
-0.526
 1.279
 0.883
-0.041
 0.668
 0.517
 1.149
 2.091
 1.652
 1.733
 1.352
 1.086
 1.095
-0.248
 0.410
 0.706
 0.671
 2.422
 2.706
-0.042
-0.607
-0.260
 0.609
 0.165
 0.734
 1.826
 2.471
 1.571
 1.227
 1.907
 2.544
 0.550
 0.560
-0.764
 0.755
 1.688
 0.931
 1.193
 0.241
 0.605
 1.062
-0.201
 0.700
 0.646
 2.684
 2.371
 2.014
 1.540
 0.744
-0.309
-0.184
-0.220
-0.489
 0.073
 0.765
 1.138
-0.392
 2.328
 1.967
 1.720
 1.680
 1.785
 0.934
 0.805
 1.659
 0.357
 0.325
 3.163
 1.775
 0.831
 0.926
 0.562
 0.421
 1.245
-0.824
 1.339
 0.098
 0.860
 0.146
 0.455
-0.123
 0.132
 0.154
 1.166
-0.614
-0.644
 0.134
 0.065
-0.040
 0.965
 2.582
-0.183
 1.159
 0.640
 1.483
 0.673
-1.378
 1.102
 3.371
 1.918
 0.505
 0.117
 0.007
 0.426
 0.942
 1.180
 0.839
-1.752
-0.025
 0.387
 0.305
 2.152
 2.039
 1.428
 0.839
 0.842
-0.593
-1.238
-0.713
-1.544
 0.624
-0.494
 0.866
-2.002
-2.201
-1.818
-1.249
-0.535
 0.389
 1.381
 0.052
-0.539
-0.234
-0.698
-0.963
 0.991
-0.374
-0.342
-2.640
-1.981
-0.935
-0.030
-0.622
 0.147
-1.328
 0.935
 0.943
 1.520
 0.447
 1.913
 1.286
 0.415
-0.446
 0.709
-0.159
 2.082
 0.011
 1.588
 0.014
-0.108
 0.096
 0.234
-0.309
-0.846
-0.273
 0.817
 0.892
 2.232
-0.029
 0.825
 1.037
 0.060
-0.109
 1.676
 2.071
 0.659
 0.768
 1.117
 2.790
 0.675
 0.149
-0.486
 0.632
 0.183
 0.051
-0.491
 0.763
 0.857
-0.142
 0.726
 0.529
-0.160
 0.632
 0.382
 0.744
 0.893
 1.234
 1.801
 1.234
 0.140
-0.023
 1.077
 2.463
 0.052
 0.809
 1.128
 0.549
 0.105
 1.499
 0.703
 1.578
 1.944
 2.199
 0.510
 0.099
 1.069
 0.177
-0.166
 0.218
-1.098
-0.600
 0.199
-0.153
-1.299
-0.843
-0.372
 0.160
 0.621
 1.099
 1.961
-0.009
-0.066
 0.602
 1.394
 0.069
 0.788
-0.785
 0.814
 2.131
 0.817
 1.287
 2.170
 1.496
 1.495
 1.325
 1.598
 1.656
 1.077
 1.808
 1.693
 0.578
-0.879
 1.300
 0.788
 1.285
 0.224
 0.287
 0.663
 0.039
 0.289
-1.718
-1.679
 1.287
-2.211
-0.154
-0.561
 0.078
 0.320
-1.434
 0.305
 1.367
 0.954
 0.625
 0.477
 2.085
 0.279
-1.244
-1.829
-0.617
-2.114
-1.071
-0.780
-0.592
-0.087
 0.246
 0.812
-0.755
-0.790
-0.824
 0.581
-1.045
-1.457
-0.976
-0.776
 0.827
 0.608
-1.016
-0.464
-0.452
 1.494
-0.136
 1.524
 1.445
 1.176
 1.489
 1.524
 0.941
 1.263
 1.936
 0.449
 0.643
 0.880
 0.107
 0.457
-0.014
-0.066
-0.146
-0.144
 0.790
 0.143
-1.415
 0.417
 0.206
 0.561
 2.178
 0.789
 0.931
 1.288
 0.637
-0.232
 0.803
 1.373
-1.078
-0.162
 0.123
-0.197
-0.640
-0.412
-0.585
-1.240
-0.760
 1.377
-0.147
 1.135
-0.076
 0.063
 1.520
-0.365
 0.336
 0.615
 0.626
 0.620
 2.905
 1.212
 1.319
 0.216
-0.322
 0.418
 1.060
 0.859
 1.751
 0.384
-0.439
 0.251
 0.278
 0.058
-0.549
 0.773
 1.169
 0.079
 1.138
-0.383
-0.659
 0.500
-0.134
-1.734
-0.473
 1.315
 1.894
 2.057
-0.001
 0.273
 0.226
-0.655
-0.582
 1.150
 1.208
 0.683
 0.059
 0.397
 1.974
 0.492
 1.398
 2.114
 1.751
 0.641
 0.129
-0.178
 1.374
-0.178
 1.425
 1.384
 0.580
-0.273
 0.368
 0.140
 0.163
 0.248
-0.701
-0.242
-1.400
 0.038
-0.023
-0.281
 1.464
 1.051
 1.264
-0.285
 0.759
 1.402
 0.351
 1.851
 1.344
 1.408
-0.718
 0.657
 0.939
 2.397
 1.376
-1.117
 0.190
 0.641
 0.675
 1.540
 1.166
 0.654
 0.299
-0.200
 0.296
 0.647
 0.086
 0.408
-0.817
-0.488
-1.214
 0.795
 0.411
-0.172
 0.566
 0.349
-0.930
-0.188
-2.414
-0.825
 0.330
-0.380
-0.046
 0.699
 0.022
 1.797
 0.522
 0.792
 0.372
 0.683
-0.411
-0.035
-0.110
-1.071
-0.476
-0.328
 0.029
-0.027
 0.824
-0.162
-0.877
 1.183
 2.509
 2.804
 2.687
 1.916
 0.432
-0.669
 0.482
 0.167
-0.197
-0.344
 0.348
-0.279
-0.390
-0.845
-0.079
 0.008
-0.063
 1.411
 0.087
 0.058
-1.175
-0.805
 0.599
-0.324
 0.253
-0.128
-0.630
-1.407
 0.299
 1.639
 0.448
 0.558
 0.503
-0.339
-0.137
 0.828
 1.342
 0.740
-0.670
 0.069
-1.204
 0.206
-0.174
-0.079
 0.517
 0.906
 1.965
 2.082
 0.473
-0.323
 0.094
-0.574
-0.541
-0.384
 1.318
 1.407
 0.856
 1.544
 0.386
 0.559
 1.261
 1.214
 2.229
 0.704
 0.291
-0.676
 0.015
 1.157
 1.847
 0.766
 1.192
 1.729
 0.203
-0.060
 0.219
 1.533
 3.644
 1.337
 1.263
 0.664
 1.606
 0.034
 1.217
-0.768
 0.263
-0.094
 1.419
 1.345
 0.775
 0.455
 0.314
 0.051
-0.236
 0.524
-0.515
-1.157
-0.088
 1.343
 0.609
 0.012
 0.022
-0.640
 0.027
 0.092
-0.955
-0.892
 0.078
 0.246
-0.370
-0.229
 0.860
 0.623
 0.696
 1.299
 0.881
 1.167
 1.459
 1.089
-0.345
 0.447
 1.491
 0.324
-0.091
-0.332
-0.204
-0.622
 0.818
 0.903
 2.585
 2.663
 0.760
 1.447
 1.044
 1.184
 0.592
 0.002
 1.998
 0.522
 0.240
 0.817
-0.359
-1.365
-0.332
 0.260
-0.968
 0.376
 1.025
-1.195
-0.386
 1.495
-0.541
-1.321
-0.392
-1.482
 0.788
-0.277
-0.242
-1.714
-1.831
-0.571
-1.682
-1.063
-1.916
-1.254
-2.320
-1.057
 0.799
-0.741
-1.340
 0.077
-0.297
 0.080
 1.285
 0.302
 0.205
-1.122
 0.084
-0.138
-1.129
 0.075
-0.666
 1.310
 0.608
 0.489
 1.354
 1.608
 0.980
 1.695
 1.520
 0.666
-0.456
-0.452
-1.204
-1.019
-1.108
-0.380
-0.594
 0.971
-0.737
 1.685
 0.742
 0.640
 1.220
 1.397
 1.602
 0.991
 0.927
 1.198
 0.629
 3.062
 0.888
 0.939
 1.805
 3.015
 1.090
 1.317
 0.947
 1.050
 2.641
 2.662
 1.467
 1.743
 1.612
 1.427
 3.053
 1.492
 0.116
 0.344
 0.853
 0.632
 1.470
 0.634
 0.594
 0.870
 0.872
 2.665
 1.364
 0.674
 0.331
 2.048
 1.765
 0.701
 1.503
 1.661
 2.860
 1.081
 1.313
 0.491
-0.394
 0.028
 0.225
 0.475
 0.308
 0.628
 1.307
 0.615
 1.106
 0.924
 1.951
 0.078
 0.612
-0.613
 0.654
 0.169
 0.576
 2.365
 0.576
 1.171
 2.141
 2.205
 1.386
-0.005
 1.061
-0.587
-0.891
 0.576
-0.275
-0.207
-0.509
-1.026
 0.765
-0.949
-1.203
 1.044
-0.153
-0.065
 1.362
 0.218
 0.515
 0.829
 1.586
 1.646
 0.311
 1.223
 1.657
 1.173
 0.798
-0.098
-0.055
-0.149
-0.962
 0.038
 0.964
 0.841
 1.915
 0.914
 0.771
-0.015
 0.217
-0.316
 1.194
 0.676
 0.258
 0.043
 1.384
 1.654
 0.059
 1.529
-0.934
-2.111
-0.829
 0.838
-0.610
 0.083
 0.700
 0.693
 1.368
 1.318
-0.155
 0.066
 0.575
 1.199
 0.671
 1.253
 0.836
-0.565
 0.328
-0.449
 0.451
 0.607
-0.176
 0.709
 0.561
-0.174
-0.268
 1.958
 1.503
-0.940
 0.681
 0.559
 0.487
 0.145
-1.340
-1.198
-0.655
-0.132
-0.565
-0.527
 0.233
 0.372
 1.436
 0.270
-0.021
 0.161
-0.492
-1.096
-0.629
-1.161
-1.030
-2.038
-1.126
-0.720
-0.894
-0.665
-0.582
-0.867
-0.077
-0.994
-2.045
-0.463
-0.071
 1.628
 0.827
 0.179
 0.260
 0.011
 0.283
 0.671
-1.238
-0.340
-0.085
-0.334
 0.351
-0.113
 0.016
-0.375
 0.625
 0.685
-0.704
 0.957
-0.459
-1.291
-0.776
-1.108
 0.833
-1.099
-0.219
-0.568
-1.188
-0.147
-1.425
-1.367
-0.862
-0.743
-1.092
-0.652
-0.483
-0.354
-1.078
-1.187
 0.302
-1.902
-0.950
-1.445
-0.005
 0.646
-0.781
 0.326
-0.599
-0.391
-1.828
-0.559
 0.027
-0.153
-1.212
-0.539
-2.108
-0.902
-0.347
 0.355
-0.095
-0.240
-0.104
 1.570
-0.151
 0.661
-0.611
 0.150
-0.384
-0.563
-0.500
 0.728
-0.056
 0.470
 1.465
 0.348
-0.104
 0.032
 0.808
 1.098
 1.134
 0.781
-0.055
-0.560
-0.127
 1.774
 0.551
-0.415
 1.747
-0.700
 0.951
 0.900
-0.474
 0.339
 0.954
 1.272
 0.483
-0.264
 0.517
 1.075
-0.666
-0.540
 0.896
 0.131
 0.560
 0.302
-0.661
 0.313
-0.344
 0.310
-0.434
 0.402
 1.239
 1.152
 0.030
 0.303
 0.315
 1.012
 1.183
 0.779
-0.334
 0.370
 2.244
 1.991
 0.590
 2.232
 1.918
 0.749
 0.686
 1.606
 2.463
 1.638
 1.514
 1.498
-0.120
-1.253
-1.123
-3.221
-0.442
 0.772
 0.509
-0.783
-0.408
 0.590
-0.524
 1.078
 0.580
-0.864
 0.123
-0.296
-0.522
 0.654
-0.271
-0.095
-0.456
 0.274
 1.394
 1.396
 0.354
 0.178
 0.137
 0.273
 0.488
 1.639
 1.616
-0.889
-0.409
-0.416
-1.019
 0.247
 0.207
-0.059
-0.195
 0.469
 0.027
 0.704
 0.331
 0.267
-1.574
-0.765
-1.222
-0.464
-1.762
 1.245
 1.149
-0.473
-1.007
 0.890
 0.423
-0.049
 0.170
 0.616
 1.052
 0.113
 0.516
 1.672
 0.934
-1.046
 0.432
-0.067
-0.853
 0.780
 1.185
 0.875
 1.786
 2.236
 1.187
 1.313
-0.872
 0.691
 1.206
 0.771
-1.083
 0.576
 0.133
 0.356
 0.405
 0.160
 0.374
 1.157
 0.061
 1.910
 1.051
-0.078
 0.052
 0.198
-0.567
-0.190
-0.316
-1.419
-0.773
 0.703
-0.981
-0.286
-0.101
 1.021
-0.060
-0.235
-0.472
 1.958
-0.356
-0.948
-0.446
 0.886
 1.187
-1.417
-0.635
-0.136
-0.048
-0.528
-0.247
 1.458
 0.455
 0.251
 0.352
 0.148
-0.620
 0.453
 1.649
 1.263
-0.275
-1.250
-0.337
 1.456
 1.070
 1.077
 0.840
-0.009
-0.416
 0.544
 0.164
 0.686
 1.186
 0.339
 1.007
 1.433
 0.144
-0.666
 0.161
 1.789
 1.439
 2.467
 1.830
 0.881
 0.811
 0.273
 0.110
 0.327
 1.254
 0.990
 0.312
 1.199
 0.262
-0.219
-0.534
 1.103
 0.359
-1.018
-0.375
 0.771
-0.210
-0.092
-1.223
-0.628
-0.036
-0.393
-0.804
-1.559
-0.392
-1.726
-0.941
-1.354
 0.576
 0.443
 0.566
 1.794
 0.598
 0.710
 1.354
 1.253
 1.878
-0.271
 0.263
 0.892
 1.024
 0.213
 0.799
 1.706
 2.636
 2.209
 1.648
 1.898
 1.520
 1.653
 2.142
 0.017
 1.556
-0.457
-0.040
 0.178
-0.735
 0.564
 0.201
-0.304
-1.043
 0.324
 1.428
 0.599
 1.319
 1.350
 0.590
-0.210
-1.258
-0.061
-2.235
-1.049
 0.016
-0.429
 0.508
 0.793
-1.083
-0.704
-0.759
-0.005
-2.521
-3.334
-1.668
-1.001
 0.147
 0.364
 0.117
-0.632
-0.200
-0.808
-0.233
-0.885
-0.221
 0.043
 0.713
 0.011
 0.725
 0.278
-0.168
-1.513
-1.689
 0.299
 1.798
 0.855
 1.032
-0.776
-0.230
 0.406
 0.692
 1.042
-0.379
-0.017
-0.572
 0.278
 0.380
-0.993
 1.573
-1.381
-1.358
 0.915
 0.351
-0.847
 0.143
 1.292
-0.187
-0.331
-0.568
-0.323
 0.201
 0.516
 0.007
 1.596
 0.512
 0.170
 0.351
 0.758
 0.159
 0.704
 1.038
-1.169
-0.154
-0.346
 1.197
 0.000
 0.897
 0.377
-1.022
-1.108
-0.028
 1.171
-0.719
 0.952
 0.608
-0.502
-0.521
-0.147
 0.858
 0.201
-0.159
 0.129
 0.128
-0.239
-1.350
-0.381
 0.687
 0.636
 0.770
 0.581
 0.387
 0.975
 0.059
 0.025
-0.212
-2.073
 0.889
 1.024
 1.642
 0.061
 0.267
-0.320
-1.222
 0.243
-0.086
-0.099
-0.724
 0.466
-0.269
-0.771
 0.797
-0.997
 0.186
 0.735
 0.622
 1.595
 0.565
-1.070
 0.532
 0.064
-0.260
 1.358
 0.775
 0.721
 1.752
 1.287
 1.572
 0.125
 1.106
 0.177
-1.348
-0.231
 0.843
 1.325
 0.883
 0.129
 0.637
-1.696
-0.367
 0.264
 1.148
 1.163
 0.784
-0.220
-0.855
-0.712
-1.518
-0.761
 0.390
 0.184
-1.735
 1.052
-0.397
 0.821
 0.492
 0.344
 0.165
 1.741
 1.397
 0.360
 1.247
-0.640
-0.247
-0.476
 1.384
 2.443
 1.381
 2.198
-0.330
-0.228
-0.386
-0.429
-0.378
-0.537
 0.849
-1.821
-0.828
-1.346
-0.818
-1.379
-0.388
 0.865
 0.847
 0.205
-0.710
-0.861
-0.226
 0.447
 0.108
-0.236
-0.364
-0.895
 0.701
-0.340
-0.575
-0.992
-1.734
-1.866
 0.000
-1.204
-0.794
 0.314
 0.950
-0.550
-0.063
-0.432
-0.817
-0.633
 0.203
-1.628
-1.208
-1.090
-1.278
-0.002
 0.381
-0.767
-0.028
 1.286
 0.781
-1.596
-1.150
-0.387
-1.684
-1.542
-1.703
-0.596
-0.030
-1.878
-0.053
 0.898
-1.003
 0.053
 0.044
-0.359
-0.664
-0.968
 1.270
-0.433
 1.259
-0.732
-0.461
-0.281
-0.751
-0.628
-1.522
-1.326
-1.525
-0.354
-1.636
-0.563
-0.677
-0.518
-0.209
 0.493
 0.474
 0.879
 1.651
 1.253
 0.642
 0.636
-0.049
 0.961
 0.983
 0.340
 0.625
 1.091
 0.348
-0.750
 0.196
 0.794
 1.539
 1.548
-0.411
-0.249
-0.238
-0.256
 0.137
