 0.595
-0.949
-0.884
 0.316
-1.129
-0.207
 0.085
-0.646
-1.624
-0.385
-0.141
 0.488
-0.286
-0.124
 0.016
-1.284
 0.250
 0.011
 0.198
 0.641
 0.647
-0.343
 1.099
 0.269
 1.858
 1.496
 1.597
 0.728
 0.784
 1.079
 2.449
 1.026
 0.866
 1.088
 1.473
 0.075
 0.838
-0.129
 0.659
 0.382
 0.467
-0.250
 0.499
 0.165
-1.830
 0.694
-0.078
-0.838
 0.241
 0.194
-0.209
-1.251
 1.282
-0.045
 0.422
 0.142
 0.363
-1.012
-0.360
 0.556
 0.101
 0.646
-0.209
 0.483
-0.159
 0.770
 1.346
 0.680
 0.524
 0.637
-0.073
 0.649
 0.158
-0.549
-0.585
-0.461
-1.311
-0.809
-0.353
-1.611
-1.744
-0.993
-0.626
 0.504
 0.816
-0.371
-0.234
-0.613
-0.247
 0.683
 0.440
 0.340
 0.102
-0.758
-0.511
 0.283
 0.029
-0.188
-1.130
 0.803
-0.219
 0.279
-0.316
 0.202
 0.325
-0.154
-1.632
-1.473
-0.956
-1.593
 0.919
-0.228
 0.542
 0.429
-1.097
 0.508
 0.849
 0.077
-0.450
-1.112
-0.437
-0.098
 0.155
-0.028
-0.535
 0.800
 0.856
 0.544
 0.791
-0.285
 0.474
 0.682
 0.853
 2.069
 2.585
 0.668
 1.001
 1.583
 1.748
 1.748
 0.184
 0.543
 0.835
-0.234
-1.244
-0.073
 1.128
-0.525
-0.224
-0.114
-0.699
-0.267
-1.230
-0.041
 1.897
 0.841
 1.246
 2.649
 0.712
-0.190
 1.015
 0.605
 1.864
 1.480
 0.865
 1.703
 1.253
 0.658
 1.460
 1.140
 0.339
 0.336
 0.933
 0.279
-0.221
-0.598
-0.732
 0.645
 1.693
 0.382
 0.044
 0.101
 0.706
-0.248
 1.000
-0.015
-0.535
-0.293
 1.917
-0.450
-0.445
 0.897
-0.101
-1.053
-0.588
 0.152
-0.213
-0.536
-0.183
-0.281
-0.849
 0.066
 0.692
-0.079
 1.477
-0.729
-1.157
 0.025
 1.499
-0.257
 0.018
 0.674
 0.056
-1.091
-0.179
-0.342
-0.339
-0.088
 0.409
 0.261
-0.464
-1.024
 0.930
 2.233
-0.909
-0.576
-1.405
-0.263
 0.497
 0.825
 0.811
-1.005
 1.780
 0.522
-0.647
-0.879
-0.865
 0.164
-0.145
-0.044
 1.042
 0.215
-1.132
-0.263
 0.319
 1.326
-0.341
 0.731
 1.229
 0.729
-0.312
-0.339
 0.362
-0.053
 1.896
-0.823
 0.610
 0.717
 0.618
 0.584
-0.921
-0.222
 0.026
-1.674
-0.015
-0.585
-0.763
 1.158
 0.679
 1.103
 0.936
 1.144
 0.461
 1.591
 0.781
 1.265
 1.480
 1.253
 0.798
 1.861
-0.337
-0.056
-0.188
-0.747
-1.487
-0.598
-0.577
-0.620
-1.387
-0.806
-1.227
-0.042
-0.009
-1.714
-0.239
-0.549
-0.385
 0.291
 0.679
-0.576
 0.386
 0.470
 0.149
 1.153
-0.485
 0.470
-0.114
-1.350
-0.206
-0.071
-1.362
-1.065
-0.691
-0.091
 0.625
 0.039
-0.540
 0.187
 0.241
 0.094
-0.636
 0.546
-0.100
 0.870
 1.081
-0.169
-0.997
-1.020
-0.566
 0.719
-0.283
 0.868
-1.726
-1.127
 0.849
 0.241
-1.244
-0.609
-0.765
 0.301
 0.417
 0.439
-0.568
-0.269
-0.350
 0.437
 0.024
-0.186
-0.331
-1.773
-0.526
-1.769
-0.951
-1.073
-1.694
-1.250
-2.621
-0.852
-0.068
-0.743
 0.605
-1.107
-1.119
-1.570
-0.642
-0.163
-0.058
-0.485
 0.140
-0.225
 0.536
 0.426
 1.317
 0.596
-0.062
-1.186
-0.244
 0.017
 0.070
-0.394
 0.805
-0.709
-0.307
 0.324
 0.442
-1.341
 0.927
 0.414
-0.717
-0.254
-1.546
-1.185
-1.004
-0.001
-0.224
-0.190
-1.401
-0.469
-1.937
-1.045
-0.214
 0.140
-0.574
-0.532
-0.278
-0.726
 0.076
-1.081
 0.558
 0.246
-0.663
-0.522
-0.645
-1.565
-1.625
-1.975
-0.167
-0.761
-1.417
 0.575
 0.628
-0.326
-0.014
 0.487
 1.608
 0.750
 0.841
 1.063
 0.581
 1.461
 0.525
-1.586
 0.422
-0.901
-0.580
 0.354
 0.148
-0.036
 1.623
 1.061
 0.835
-0.847
-0.908
 0.145
-0.198
 0.349
-0.445
-2.361
-0.245
-1.857
-2.135
-1.711
-2.562
-2.668
-2.351
-0.041
-1.246
-2.434
-1.027
-0.211
-0.054
 0.395
-1.182
-1.626
-1.071
-1.537
 0.105
-1.211
-3.406
-1.926
-0.797
-0.899
-0.576
-2.310
-1.655
-1.537
-0.171
-0.704
 0.410
 1.304
 0.578
-0.386
 0.493
 0.757
-0.592
-0.027
-0.371
-1.371
 0.109
-0.995
 0.050
-0.018
-0.534
 0.114
-1.677
 0.166
 1.209
-1.517
 0.476
-0.142
-0.231
-0.921
-1.357
-1.205
-1.041
 0.764
 0.848
-0.441
-0.978
-1.269
-1.245
-2.813
-2.283
-0.641
-1.444
-0.856
-2.328
 0.520
 0.778
-0.681
-0.541
-0.442
-1.081
-1.144
-0.929
-1.074
-0.592
-1.104
 0.126
-0.060
-1.075
 0.149
-0.529
-1.297
-1.187
-0.410
-0.391
-0.466
-1.266
-0.603
 0.334
-0.668
-0.610
 0.339
-0.795
 1.197
-1.502
-0.661
 0.068
 0.832
-0.385
-1.046
-2.998
-1.328
-0.220
-1.525
 0.821
 0.853
-0.013
 1.079
 1.073
 1.287
 1.551
 2.251
 1.209
-0.362
 1.088
 1.246
-0.367
-0.439
 1.642
 0.205
 0.786
-1.281
-1.529
-0.563
-1.613
 0.529
-1.346
-0.422
-1.761
-1.600
-1.475
-1.581
-1.438
 1.023
 0.029
 0.320
-1.019
-1.264
-1.221
-1.680
-0.360
-1.735
-1.531
-1.934
-1.221
-0.585
-1.910
-2.257
-1.316
-1.709
-1.781
-1.006
-2.619
-0.745
-0.103
-0.883
-0.747
-1.076
-0.292
-0.521
 0.315
-0.890
-1.587
-1.265
-0.995
-0.536
-1.172
 0.500
-0.408
-0.222
-0.933
-0.387
-1.654
-1.584
-1.886
-0.390
-0.272
-0.404
-0.516
-0.575
-2.250
-1.861
-1.359
-1.384
-1.348
-0.206
-2.228
-1.861
 0.716
-1.372
-1.856
-1.074
-1.782
-3.098
-1.791
-2.728
-3.122
-1.885
-1.467
-1.055
-1.304
-0.502
-2.544
-1.311
-0.777
-0.569
-0.294
-0.653
-1.081
 0.070
 1.398
 0.767
-0.433
-0.675
-1.540
-2.198
-1.652
-1.956
-1.310
-2.120
-0.352
-0.890
-0.397
-0.364
-1.199
-1.305
-1.991
 0.492
 0.020
 0.502
 0.111
-0.891
-0.419
-1.278
 0.174
-0.572
-1.497
-0.948
-0.804
-1.021
-0.364
-0.628
 0.074
-1.354
 0.125
 0.968
 0.186
 1.165
 0.194
 0.366
 0.073
-0.555
-0.595
-2.153
-1.511
-1.457
-2.436
-1.205
-0.323
-0.628
-0.709
-0.368
-0.762
-0.017
-0.418
-0.891
-2.352
-1.489
-0.863
-0.974
 1.569
 0.537
 0.772
 0.622
 1.091
 1.991
 0.742
 0.930
 0.038
-1.195
-1.287
-0.625
-0.538
 0.806
-0.228
-0.963
 0.157
 0.533
 0.788
 0.296
-0.035
 0.676
 0.613
 0.818
-0.277
 0.285
-0.547
-0.066
 0.758
-0.270
 0.629
 0.299
 0.675
 1.747
 1.539
 0.456
 1.231
 0.461
 0.415
 1.065
 0.221
 0.713
 1.305
-0.225
-0.211
-0.323
-1.019
-1.123
-0.612
-1.384
-0.244
-0.938
-1.029
 0.677
 0.198
-0.934
-1.542
-1.202
-1.244
-1.429
-0.352
 0.445
 1.350
-0.289
 0.141
 0.490
 0.018
-0.013
-0.600
-0.551
 0.469
 0.791
 0.506
-0.698
 0.291
 0.624
 0.685
 0.058
-0.992
 1.018
-0.230
-0.175
-0.227
 0.401
-1.188
-0.812
-1.410
 0.436
 0.779
-0.472
-0.278
 0.392
-2.551
-2.494
-1.463
-2.021
-0.987
-0.481
-1.332
-0.704
-1.632
 0.227
-0.773
 0.324
 0.735
 1.034
 0.203
-0.234
 0.004
-0.043
-0.223
-1.262
-0.066
-1.860
 0.525
 0.822
 0.064
 0.194
 0.459
 0.610
-0.141
-0.720
-0.151
-0.268
-0.595
-1.426
 0.365
-1.048
-1.850
-0.812
 0.303
 0.057
 0.406
-1.058
-1.867
-1.932
-1.753
-0.680
 0.498
-0.618
 0.613
 0.159
-0.683
-0.741
-1.041
 0.611
-1.269
-0.684
-2.216
 0.000
-0.180
-0.766
 0.157
-0.083
-0.407
-0.313
-0.846
-0.552
 1.223
-0.492
 0.404
 0.647
 0.798
-0.345
-0.757
-1.318
 0.058
-1.008
-0.628
 0.909
-0.688
-1.561
-1.022
-1.364
-0.860
-0.861
 0.353
 0.565
-0.505
 0.770
 0.077
-0.719
-1.620
-1.850
-0.721
-0.951
-1.053
-1.330
 0.239
 0.104
-1.525
-0.872
-0.793
 0.218
-0.574
-0.041
 0.212
-0.654
-0.106
-0.079
-0.626
-0.783
-0.831
 0.694
 0.017
 1.281
-2.296
-1.423
 0.345
-0.307
 0.292
-0.422
-0.861
 0.031
 0.569
-0.187
-1.514
 0.719
 0.276
 0.063
 1.202
 0.783
 1.651
-0.053
 0.306
 0.520
-0.449
-0.652
 0.524
 1.097
-0.088
-1.558
-0.719
 1.350
-0.094
-1.519
-0.781
 0.210
-0.460
-0.607
-1.469
-1.111
-0.159
-0.759
-1.438
-0.729
-0.601
-1.379
-1.476
-1.009
-0.823
 0.959
 0.530
-0.297
 0.016
-0.520
-0.790
-0.253
-1.062
-0.960
-0.379
 1.145
-0.918
-1.507
 0.885
 0.581
-1.054
-1.010
 0.885
 1.959
 0.314
 0.203
-0.174
-0.919
-0.374
 0.434
 1.444
 0.936
-0.292
-0.376
-0.662
-0.316
-2.053
-1.792
-0.957
-1.574
-0.196
 1.288
-0.929
 0.869
-0.002
 0.181
-0.845
-0.334
-1.012
-0.425
-0.715
-1.227
-2.143
-1.028
-1.647
-0.512
-0.986
-0.526
-0.557
 0.345
 0.629
-2.116
 0.274
-0.414
-0.717
 0.578
 0.113
 1.306
 1.686
-0.568
-2.409
-1.467
-1.239
-1.229
-0.405
-0.176
-1.068
 1.060
-0.973
-0.308
-1.041
-0.352
 0.829
-0.419
-0.331
-0.506
-1.420
-1.422
-0.282
-1.978
-0.632
 0.234
-0.849
-0.351
-0.382
-1.118
-1.817
-0.336
-0.997
-0.826
-2.352
-0.915
-1.113
-0.207
-0.293
 0.873
-0.646
-0.048
 1.100
 0.365
 0.740
 0.491
 0.175
 0.395
 0.513
-0.600
-0.419
-0.158
 0.862
 2.047
 0.970
 1.415
 0.332
-0.159
-0.563
 0.331
-0.450
 1.578
 2.144
 1.220
 0.544
-0.129
 0.239
 0.179
 1.304
 1.714
 0.134
 0.484
-1.199
-1.661
-0.598
 0.354
-1.033
 0.591
-0.585
-0.114
 0.889
 0.165
 0.701
 0.280
 0.550
 1.628
 0.528
 0.599
 0.444
-0.282
-0.971
 0.901
-0.639
-0.906
 1.698
 1.064
 0.992
 1.367
 1.350
-2.006
 0.937
 0.984
 0.668
 1.075
 0.685
 1.207
 0.041
 1.661
 1.471
 0.438
 0.632
 1.330
 0.091
 1.543
 0.439
 1.373
 1.367
 0.341
-0.400
 0.578
 1.694
 1.739
-0.108
-0.325
-0.019
-0.582
-0.433
 0.116
 1.712
-0.682
-0.386
 1.582
 0.505
 0.425
-0.467
-0.402
 0.092
 0.072
-1.580
-1.572
 1.646
-0.583
 0.018
-0.805
-1.242
-0.917
 0.760
 0.417
 0.018
 0.912
 1.850
 0.330
 0.410
 0.595
 1.801
 0.302
 0.433
 0.345
 0.259
 0.800
 0.945
 0.140
 0.830
 0.625
 0.532
 1.050
 0.634
-0.162
-0.906
 0.299
-0.518
 0.402
 1.477
 0.631
-0.650
 0.840
 0.724
 0.325
 0.375
 1.370
 0.154
 0.766
-0.113
-0.078
-0.775
-0.220
 0.104
 0.395
 0.123
-0.556
-0.896
 1.060
 0.688
 0.261
 2.322
-0.231
 0.041
 0.794
 0.475
-1.068
 0.135
 0.492
-0.681
-0.789
 0.152
 0.483
-0.175
-0.207
-0.583
-0.024
-1.681
-2.174
-1.110
 0.292
 0.516
 0.910
 1.579
-0.064
-1.880
-0.827
-0.113
-0.654
-0.853
 0.980
-0.727
-0.987
 0.760
-0.704
 0.056
 0.227
-0.528
-0.350
-0.416
 0.903
-0.734
-1.070
-0.868
 0.284
 0.398
-0.175
-2.068
-0.400
 0.991
-1.396
-0.354
-0.181
-0.842
 0.052
-0.595
-1.399
 0.420
 0.111
-0.128
-0.294
-2.058
-0.887
-0.023
-1.556
-1.364
-1.075
 0.156
 0.279
-0.309
 1.375
 0.436
-0.043
 0.658
 0.436
 0.516
-0.012
-1.305
-0.087
-0.455
 1.094
 1.284
-1.301
 0.439
-0.314
-0.501
 0.077
 0.024
-0.958
-0.531
-0.960
-1.633
 0.399
 1.062
-0.178
 0.112
-1.544
-0.575
 0.233
 0.319
 0.842
-0.315
-0.432
-0.505
 0.787
 0.311
-0.822
 1.006
 0.792
-0.852
 0.520
-0.962
-0.222
-0.683
-0.023
-0.373
 1.371
-0.166
-0.268
 0.787
-0.852
 0.178
 0.544
 0.627
-0.132
 1.001
 0.084
 0.044
 0.949
 0.765
 0.470
-0.017
 0.662
 1.368
-0.888
-0.041
-0.933
-0.561
-1.934
-0.991
-0.825
-1.467
-0.964
 0.148
-0.910
-1.011
-1.273
-0.096
-0.967
-1.357
-2.110
-0.352
 0.081
-0.281
 0.213
-0.504
 0.142
-0.293
-0.122
-0.805
-0.280
 1.128
 0.756
-2.005
-0.711
-0.323
-0.201
 0.912
 0.916
 0.321
 0.874
 0.867
 0.181
-0.692
 1.084
-0.658
-0.854
 0.014
 0.517
 1.703
 1.167
-0.241
-1.422
 0.132
 2.157
 0.727
 0.409
 2.223
 0.758
 0.632
 1.548
 0.210
-0.176
 1.534
 0.394
-0.197
 1.028
-0.451
-0.252
 0.619
 0.995
-0.660
-0.219
-0.731
-1.249
-0.762
-0.117
 0.226
 0.602
-1.136
 0.349
-0.017
-0.090
-0.793
 1.220
 0.728
-0.185
-0.206
-0.790
 0.237
 0.559
 0.120
 0.113
-0.637
 0.504
-0.423
-0.939
 0.140
 0.178
 0.597
 0.204
-0.912
-0.107
-0.242
 0.005
 1.386
-0.856
 0.327
 1.413
 1.582
 1.361
 0.649
 0.314
 0.092
-1.575
-1.995
-0.679
-2.498
-1.216
-0.819
-0.259
-0.350
 0.455
 0.067
-0.140
-1.155
 0.626
 0.767
 0.264
-0.372
-0.306
-0.597
 0.674
-0.582
-1.303
-1.274
-0.822
-1.629
-0.621
-0.541
 0.616
 0.619
-0.238
 0.225
-0.034
 0.962
-1.495
-1.575
-0.601
-0.280
-1.549
-0.488
-0.817
 0.340
-1.401
-0.543
-0.267
 0.234
 0.800
-0.323
-1.190
-1.736
-0.066
-0.971
 1.059
 0.433
 0.174
 0.272
 0.260
-0.415
-0.017
 0.077
 1.046
-0.380
 1.919
 0.896
 2.021
 1.701
 0.982
 1.202
 2.166
 0.373
-0.206
-1.168
-0.346
-1.780
 0.608
-0.946
-1.112
-0.680
 0.241
-0.945
-0.712
-0.485
-1.068
-1.127
 1.379
-0.294
-0.306
-1.429
-2.171
-2.709
-1.609
-0.182
-1.064
-1.008
-2.585
-2.437
-1.328
-0.203
-0.897
 0.338
-0.595
-2.779
-1.751
-2.366
-0.688
-2.780
-1.954
-1.944
-1.639
-1.289
-1.855
-1.274
-0.736
-1.319
 0.028
-0.753
-1.183
-1.361
 0.652
 0.183
-0.622
-0.862
-0.605
 0.969
 0.695
-0.089
 0.010
-1.477
-0.537
-0.109
-0.844
 0.206
-0.806
-1.581
-0.659
-0.502
-1.578
-0.651
-0.081
-0.368
-0.513
 0.846
-1.043
-1.723
 0.923
 0.185
-1.193
-0.730
-0.203
-0.288
-0.830
-1.984
-1.352
-1.237
-1.182
-0.214
 0.067
-0.945
 0.170
-0.135
-0.610
-1.319
-0.025
-0.664
-0.029
-0.697
-0.335
-0.822
-1.042
-0.414
 0.241
 0.508
 0.020
-0.132
-0.248
-1.069
 0.914
 1.213
-0.497
-0.620
-0.685
 0.671
-0.703
-2.091
-0.310
-0.009
-0.386
-0.213
-0.196
-0.403
-1.050
-0.133
-1.630
-0.627
-1.673
-1.942
 0.062
 0.637
 0.113
 1.294
-0.393
-0.680
-1.293
-0.690
 0.254
-0.257
-1.033
 0.340
 0.603
-0.388
 0.438
-1.015
 0.703
-0.223
-0.393
-0.218
 0.068
 0.683
 0.628
 0.060
-0.810
 0.137
-0.976
 1.425
 0.581
 0.074
-0.808
 0.170
-0.589
-0.322
 0.054
 1.415
 0.855
-0.946
 0.071
-0.394
 1.223
-0.299
 0.504
-0.706
 0.269
-1.123
-0.519
-0.473
 0.007
-0.391
-1.194
-0.949
 1.110
 0.485
 0.625
 0.395
 0.333
 1.110
-0.222
-0.306
-2.082
-0.569
-0.822
 0.175
-0.763
 0.678
 0.611
-0.080
 0.214
-0.230
 0.902
-0.064
 0.088
-0.038
 0.009
-0.651
-0.140
-0.443
-0.058
-0.883
 0.047
 0.391
 0.609
-0.402
-0.345
 0.287
-0.022
-0.753
-0.382
 0.965
-0.345
 0.297
 2.223
 0.795
-1.575
 0.350
-0.249
 1.393
-0.634
 0.370
 1.479
 0.419
 0.485
 0.198
 0.036
 0.354
 0.044
-0.321
 0.141
 0.150
-0.261
-0.520
-1.230
-0.421
 0.484
-0.377
-0.330
-1.409
-0.769
-0.649
 0.948
 0.542
 0.905
-0.201
-0.118
 0.606
-0.177
 0.488
 0.988
 0.364
 0.198
 0.434
-0.840
-2.131
-0.548
-1.563
-1.571
-0.910
 0.208
 0.354
 0.198
 0.503
 0.609
 0.999
-0.968
-0.688
 0.163
-0.441
-0.462
 0.565
-0.837
 0.112
 0.140
 0.972
 0.446
 0.730
 0.257
-0.988
 0.901
-0.450
-1.887
-0.045
-0.209
 0.442
-1.256
-0.830
-0.182
 0.383
 1.002
 0.960
-0.142
-0.665
-1.473
-0.671
-0.547
-0.350
-0.497
 0.462
-1.650
-1.391
-0.370
-1.307
-1.379
-0.242
 0.428
-0.188
-0.339
-1.288
 0.265
-0.909
-1.453
-1.900
-0.585
-0.314
 0.878
-0.349
 0.472
 0.844
 0.681
-0.877
-1.038
-0.584
-1.441
-0.481
 0.477
-0.528
 0.188
-0.478
-0.796
-1.424
-0.363
-0.857
-1.140
-0.923
-1.276
-1.473
-1.012
-1.568
-1.023
-2.387
-1.710
-0.066
-0.149
 0.970
 1.170
 0.835
-0.159
-0.729
-0.416
 0.955
 1.444
 1.170
-0.840
-0.771
 0.729
 0.149
 1.261
 0.842
 0.304
 0.646
-0.799
-0.129
-0.937
 0.160
-0.705
-0.768
 0.129
-0.573
 0.439
-0.192
-1.734
-1.307
 0.080
 0.845
-0.033
-1.265
-0.737
-1.799
-0.860
-3.900
-0.298
-0.616
-1.479
-1.688
-1.280
-0.068
-1.081
-1.255
-2.354
-1.044
-1.965
-1.171
-0.270
-0.368
-1.731
 0.349
 1.466
-0.374
 1.345
-0.424
 0.576
-0.332
-0.345
-0.731
-0.394
-1.666
-0.871
 0.319
-0.809
-1.437
 0.588
 1.517
 0.199
 0.063
-1.499
 0.993
 1.451
 1.284
-0.088
 3.151
 0.423
-0.580
 0.351
 0.735
 1.728
 0.708
 0.374
 0.027
 0.462
-0.380
-0.560
 0.879
 1.773
 1.618
 0.539
 0.915
 1.594
 0.219
 2.130
-0.032
 0.513
-1.281
 1.295
 0.665
 1.741
 2.228
 0.875
 2.144
 2.001
 0.600
 0.057
 0.960
-0.115
 0.082
 1.160
 0.116
-0.807
 0.201
 1.029
-1.318
 0.909
 0.308
-0.856
-0.857
-0.150
-0.297
 0.123
 0.990
-0.315
-0.234
 0.581
 2.047
-0.162
-1.551
-0.525
-0.104
-0.918
 0.452
-0.413
-1.195
-0.272
-0.978
-0.822
-0.419
-0.128
-0.366
-0.957
-1.023
-1.217
-0.883
-0.346
-1.286
-0.815
 0.835
-0.369
 0.638
-0.041
-0.525
-1.938
 0.309
-0.034
 1.135
 0.731
 0.036
-0.288
 0.146
-0.345
-0.157
 0.699
 0.927
-1.655
-1.058
 0.019
 0.051
-2.036
-0.655
-0.451
-0.533
-1.895
-1.109
 1.192
 0.903
 0.161
-0.159
-0.968
-0.398
 0.165
-0.292
-1.670
-0.384
-0.035
 1.085
 0.634
-0.752
-1.227
-0.684
-0.854
-0.879
-0.405
-0.099
 0.325
-0.493
 0.561
-0.232
-2.888
-1.899
 0.017
-0.864
-0.834
-0.295
-0.046
 0.001
-0.020
-1.787
-1.834
-0.906
-1.162
-0.626
-1.275
-0.222
-1.016
-2.842
-1.127
-0.051
-0.715
 0.579
-0.511
 1.504
-0.849
-1.243
 0.259
-0.434
-1.102
-0.778
-0.789
-0.568
 0.113
-0.195
-1.421
-0.272
-0.249
 1.067
 0.280
-0.182
 0.003
 0.564
 0.446
-0.159
 0.909
 0.665
-0.315
 1.857
 0.612
 0.060
-0.992
-0.300
-0.688
-0.664
-0.814
-0.536
 0.301
-0.588
 0.268
 0.467
-0.059
 1.557
 1.106
-1.466
 0.667
 0.290
-0.153
-0.881
-1.355
 0.352
 0.965
 0.841
-0.010
 0.294
 0.146
 1.162
-0.377
-0.532
 1.000
 1.000
 1.910
-1.376
-1.626
-0.829
 1.158
 0.816
 0.806
 1.187
 0.041
 0.500
-0.235
-0.391
 0.363
-0.393
-0.600
 0.362
 1.552
 1.238
 1.436
 0.061
 0.759
-1.451
 0.107
-0.960
-1.847
-0.473
 0.268
 0.282
-0.791
-0.459
-0.432
-0.160
 1.028
-0.068
-0.169
-0.124
-1.322
 0.391
-0.715
-0.334
 0.452
 0.635
 0.425
-1.057
-0.294
-0.767
-0.099
 0.045
-1.306
-0.300
-0.269
-0.211
-0.148
 1.285
 0.652
 0.044
 0.312
 0.092
 0.269
-0.182
 0.308
-1.263
-1.902
-0.608
 0.139
 0.694
 2.014
 0.297
-1.042
-0.242
-0.652
-1.500
-2.445
-0.102
-0.627
-0.661
-1.177
-0.822
-1.078
 1.859
 0.136
 0.341
-0.355
-0.210
-0.803
 1.065
 0.666
-0.338
 0.395
 0.036
 0.112
 1.090
 0.880
-0.240
 0.398
-0.199
 1.160
 0.688
 0.668
 1.050
-1.034
 0.027
 0.552
 0.360
-0.071
 0.383
 2.254
-0.242
-0.241
-0.817
 0.652
 0.731
-0.830
 0.931
 0.044
 0.237
 0.208
-0.306
 0.958
 1.249
 0.171
 1.214
 0.307
-0.106
 1.213
 0.752
 0.783
-0.038
-0.518
-0.360
-0.061
-0.424
-1.071
 0.863
-0.381
-0.672
-1.109
-1.356
-1.662
 0.288
-0.157
 0.547
 0.261
-0.805
 2.107
 2.500
 2.015
 2.039
 1.283
 0.866
-0.003
-0.581
 0.506
 0.582
-0.262
 0.712
-0.004
-0.773
-1.035
 0.457
-0.615
 0.027
-0.270
-0.520
 0.028
-1.039
-0.442
-0.212
 1.285
-0.212
 0.765
-0.398
 0.367
-0.443
-1.213
-1.009
-0.097
-0.059
-0.802
 1.156
 0.950
 0.827
 0.297
-0.610
-1.307
-0.578
 0.426
-0.919
-1.005
-0.958
 0.347
-0.450
 0.206
 0.135
-1.534
-0.671
-1.063
-0.664
 1.391
 0.851
 0.163
 0.055
-0.500
 1.470
-1.523
-1.326
-1.615
-1.519
-2.173
 1.212
 0.616
 0.370
-0.414
-1.714
 0.004
 0.822
-0.973
-1.418
 0.219
-0.793
-0.253
 0.833
 0.282
 0.098
 0.446
 0.675
 1.316
 1.204
 0.840
 0.878
 1.307
-0.997
-0.522
-0.165
 0.150
 0.104
 0.419
 0.094
-0.088
 0.437
 0.725
 0.380
 0.512
 0.236
 0.041
-1.284
-0.367
 0.903
 1.376
 0.455
-0.305
-0.456
 0.210
-0.373
-0.783
-1.291
-0.833
 0.555
 0.314
-0.505
 0.447
 0.649
-2.324
-1.445
 0.348
-0.842
-1.302
 0.277
-0.171
-1.543
-1.127
-0.841
-1.642
-1.055
 0.493
-0.933
-0.846
-0.102
-0.722
-1.026
-0.379
 0.534
-1.228
-0.782
-0.365
-1.016
-2.341
-0.270
 0.829
 2.350
-0.054
-1.318
-0.415
-0.433
 0.509
-0.394
-0.029
 0.317
-0.195
-0.828
 0.208
-0.336
 0.081
-0.650
 0.424
-0.215
 0.583
-0.375
-1.098
-1.954
-0.703
-0.951
-1.279
-1.576
-0.163
 0.491
 0.411
 0.396
-1.846
-1.630
-0.024
-0.855
-1.123
-0.732
-0.035
-2.192
-2.054
-0.809
-2.097
-0.906
-0.192
 0.378
-0.171
-1.228
-0.719
-2.113
-1.584
-0.478
 0.609
-0.332
 0.111
 0.682
 0.615
 0.205
 1.301
 0.858
 0.180
-0.320
 0.410
-2.206
-1.017
-0.568
-0.336
-1.399
-1.009
-0.416
 0.359
 0.090
 0.774
-1.640
 0.271
 1.679
 0.120
-0.055
-0.587
-0.517
-0.432
 0.073
-1.675
 0.430
 0.021
-0.102
-0.377
 0.791
-0.157
-0.910
-1.960
-1.899
-0.484
-0.048
-1.097
 0.180
-0.366
-0.039
 0.852
 0.172
 0.372
-1.282
-0.451
 0.126
-1.098
 0.963
 0.112
-1.283
 1.099
 0.037
 0.228
 0.404
-0.806
 0.690
-0.071
 0.870
-0.286
 1.813
 0.144
 0.736
 0.405
 0.060
 0.677
 0.611
 0.551
 1.236
-0.857
 1.237
 2.270
 1.164
 0.186
-0.096
-0.340
 0.197
-0.515
 0.011
 0.482
 0.382
-0.611
 0.377
 0.170
 1.546
 1.070
 0.433
 0.104
-0.348
 0.928
 0.673
-0.631
-0.489
-1.040
-0.061
-1.069
-1.092
 0.340
-1.078
-0.932
 0.288
-0.861
-0.931
-0.306
-0.545
 1.206
 0.406
-1.200
-0.452
-1.481
-0.410
 0.618
 0.707
 0.270
 0.759
 1.134
 0.891
 1.195
 2.021
 1.329
 1.806
 0.983
-1.127
-0.866
 0.459
-0.521
 0.570
 2.027
 0.872
-0.099
 0.245
-0.292
 0.159
 0.980
 0.437
 1.453
 0.997
-0.172
 1.333
 1.943
 1.749
 0.918
 1.261
-0.236
 1.575
-0.439
 0.078
 0.223
 0.916
-0.010
 0.098
 0.637
-0.013
-0.313
-0.474
 0.372
 0.454
 0.712
 0.270
-0.576
 0.462
 0.292
 0.534
-0.897
-1.490
-2.011
 0.729
-0.774
-1.035
-0.116
-0.942
 0.404
 0.944
 0.081
 0.472
 0.285
 0.479
 0.022
 1.585
 0.497
-0.981
-0.137
 0.295
-1.896
-1.203
-0.861
-1.353
-0.554
 0.431
-1.855
-1.039
-1.204
-1.323
-2.111
-1.600
-2.632
-1.125
-0.614
-0.642
 0.071
-1.218
-0.231
-0.667
-0.744
-0.225
-0.133
-0.545
-0.356
 0.462
 0.771
-0.719
-0.320
 1.388
 0.843
-0.490
-0.414
-0.170
-0.535
-1.014
-0.714
-0.622
 0.754
 0.736
 0.593
-0.068
 0.522
 0.479
-0.153
 0.662
-0.526
-0.279
 0.277
-0.891
 0.582
-1.173
-0.427
 0.741
-0.945
-0.836
-1.265
-0.306
-1.586
-0.655
-0.469
-0.593
-0.682
-0.826
-0.091
-0.383
-1.959
-2.475
-1.808
-0.390
-0.237
-0.865
-1.537
 1.029
 1.212
 1.209
-0.608
-0.622
-0.420
-0.894
-0.272
 0.031
-1.874
-0.660
-2.222
-0.941
-1.803
 0.238
 0.062
 0.434
 0.904
 0.082
 0.402
 0.164
 0.151
-0.665
 0.890
 0.007
-0.669
-2.605
 0.020
 0.689
 1.606
 0.246
 0.679
 2.400
-0.380
-0.288
 0.263
 0.220
 0.042
-2.029
 1.244
-0.889
-0.777
 0.550
-0.009
 0.278
-0.560
-0.209
-0.015
 0.779
 0.512
-0.529
 0.268
 0.696
-0.309
-1.070
-1.107
-0.923
-0.286
 0.952
 1.777
-0.530
-0.255
 1.401
 0.315
-0.127
-1.304
 0.181
 0.200
 0.042
 0.022
-0.145
 0.014
-0.513
 0.378
 0.341
-0.714
 0.092
 2.018
-1.689
-0.704
-0.116
 0.229
-0.700
-1.219
 1.158
 0.008
-0.589
-1.639
-0.950
-1.014
-0.524
-1.391
 0.298
 0.017
-0.047
 1.023
 0.848
-0.608
-0.382
-0.305
 0.879
 0.691
 2.281
-0.431
-0.017
 0.009
-1.128
-1.084
-0.043
-0.804
-1.953
-1.136
-1.287
-0.448
 1.748
 1.390
-0.610
-1.076
-1.176
 0.149
-0.730
-0.119
-0.189
-1.034
-1.732
-0.765
-0.558
-0.849
-0.104
-0.449
-0.918
-1.019
 0.089
-0.016
-0.398
-1.031
-0.595
-0.157
 0.343
 1.389
 0.551
 1.141
-0.108
-0.133
 0.134
 0.490
 0.339
-0.491
-0.787
-0.817
-0.280
-2.445
 0.231
-1.553
-1.786
-1.916
-0.381
-0.888
-1.638
-0.715
 0.206
-0.218
 1.055
 0.275
 0.196
 1.137
 1.197
 1.947
 0.374
-0.247
 0.862
 1.639
 1.053
-0.346
-0.324
-0.033
-0.253
 0.961
 0.435
 0.454
 0.524
 0.159
-1.417
-1.130
-0.182
-0.423
-1.378
-0.776
-0.235
-0.249
 0.800
-0.420
-1.802
-1.737
-1.030
-2.409
-1.801
-1.276
-1.140
-1.603
-0.822
-2.268
-1.327
-2.014
-0.741
-2.381
-1.417
-1.046
-1.050
-1.201
-0.831
-1.835
 0.083
-0.633
-1.730
-1.091
-0.496
 0.547
 0.327
 1.310
-0.205
-0.899
 0.203
 0.723
 1.258
 0.357
 0.296
 0.561
 2.108
 1.023
-0.132
 0.190
 0.900
 0.498
 1.796
 0.662
 1.726
-0.636
 1.349
 0.043
 0.020
 1.373
 0.835
 1.016
 1.675
 0.834
-0.149
-0.362
-0.062
 1.124
 1.537
 0.558
 2.011
 1.456
-0.164
 0.520
 1.393
 0.252
-0.113
-0.671
-0.467
 0.058
-1.426
-0.429
-0.433
 0.728
 0.659
 0.491
 0.281
-1.334
-0.311
-1.275
-0.950
-1.141
 0.249
-0.462
-0.541
-0.765
-0.152
-0.745
-0.840
 1.134
 1.166
 0.341
 0.322
-0.458
 0.223
-1.624
 1.725
-0.525
-0.648
-0.729
-1.334
-0.312
-0.142
 0.637
-0.902
-0.120
-0.920
 0.157
-1.343
-0.628
-0.152
 0.028
 0.297
-2.182
-0.968
-0.336
 0.301
 0.157
 0.030
-0.523
 0.203
 0.947
 0.037
-0.164
-0.555
 0.152
-1.672
-1.339
-0.813
-0.601
-0.125
 0.444
-0.238
-0.320
 0.960
 0.974
-0.030
 1.536
 0.900
 0.932
 0.305
 0.516
 0.779
 0.024
 1.072
 0.360
-0.729
-1.211
-0.639
 1.014
 0.195
-1.233
 0.685
 1.016
-0.777
 0.845
 0.307
-0.173
 0.594
 0.346
-0.501
-1.514
-0.102
 0.306
-0.213
 0.536
 1.278
 0.302
-0.030
-1.752
-0.035
-0.448
-0.820
-0.585
 0.368
-0.672
-0.519
-0.808
-0.039
-1.090
-1.269
-0.466
-1.386
-0.562
-0.171
-0.582
-0.483
-0.948
-0.572
-0.011
-0.016
-1.782
-1.454
-1.055
-1.211
 0.983
 0.043
 0.972
 0.735
-0.478
-0.259
-2.460
-0.960
-1.104
-0.739
-0.673
-0.343
-0.319
-1.352
-2.231
 0.071
 0.978
-1.027
-0.523
-0.082
-0.654
-0.245
 1.160
 0.521
-2.116
 0.076
-0.860
-1.624
 0.631
-0.059
-1.555
-3.474
-2.571
-1.647
-1.590
 0.028
-0.250
-0.279
-0.280
-0.257
-1.335
-0.125
 0.019
-0.290
 0.272
 1.243
 0.910
-0.757
-0.238
 0.461
 0.933
 0.420
 0.789
-0.176
 0.571
 0.199
 1.613
 0.703
 0.702
-0.436
-1.826
-0.080
-0.629
 0.948
-0.192
 0.623
 0.920
 0.797
 0.947
 0.418
 0.571
 2.328
 0.476
 1.390
 2.166
 0.661
 0.973
 1.410
 0.544
-0.281
 0.361
-0.142
 0.096
 0.066
 1.263
-0.889
 0.833
 1.403
-0.235
-1.457
 0.225
-1.438
 0.353
 0.217
-0.684
-0.830
-0.979
-2.321
-2.363
-0.428
-0.961
 0.605
 0.526
-1.288
-0.681
 0.104
 0.254
-0.074
-0.091
 0.725
 0.586
 0.118
-0.032
-0.331
 1.361
 0.320
 0.299
 1.360
 0.844
 1.002
-0.980
-0.419
-0.897
-0.346
-1.649
-0.867
-1.062
 0.219
 0.469
 1.165
 1.096
 1.370
-1.578
-0.252
-0.638
 1.457
 1.514
 0.618
-0.611
 0.118
 0.032
-0.029
 0.210
-0.124
-0.164
-1.277
-0.987
-1.217
-2.259
-0.974
-1.063
-1.460
-0.860
 0.279
 0.455
-0.276
-0.639
 0.309
 1.848
 0.848
 0.096
 0.076
 0.267
 0.162
 0.413
 0.577
-0.322
-0.404
 1.168
-0.712
-0.374
 0.011
 0.245
 1.457
 0.825
-0.160
-0.110
 2.020
 1.870
 1.623
 0.736
-1.417
 1.221
 0.652
 1.089
-0.807
 0.140
-0.306
 0.930
 1.443
 2.042
 1.817
 2.411
 2.375
 0.895
 2.287
 2.847
 1.027
-0.822
 1.722
 0.517
 0.841
 1.474
 1.902
 0.018
 0.489
-0.164
 2.111
 1.701
 1.900
 1.070
 1.375
 2.202
 1.705
 1.523
 2.057
 0.152
 0.152
 0.327
 0.017
 0.035
 0.246
-1.120
-2.000
-1.201
 0.089
-0.031
 0.643
-0.691
-0.623
 1.061
 1.432
 0.579
 1.042
 0.480
 1.405
-0.164
 0.456
-1.277
-0.868
-1.358
 0.442
 0.103
-0.235
 1.629
 0.721
 0.109
 0.866
-0.849
 0.010
-0.821
-0.131
-0.170
 0.281
-0.462
-1.105
-0.841
-2.196
-0.922
 0.017
-2.788
-1.720
-0.119
-1.086
-0.772
-0.090
 0.513
 1.121
-1.478
 0.183
 0.917
 0.824
-0.729
-0.044
 0.266
-1.609
-1.995
-1.130
-0.436
 0.351
-1.161
-0.400
-0.169
-0.524
 0.756
 0.270
 1.783
-1.393
 2.034
 1.138
 0.420
 0.241
-0.675
-1.229
-0.757
-0.250
 0.351
 0.993
-0.786
-0.793
-0.931
 0.694
 0.662
-0.229
 0.449
-2.621
-0.727
-1.079
-0.036
 0.130
 0.903
 0.443
 1.503
 1.327
 0.838
 0.324
-0.611
 0.527
 0.758
-0.325
 0.062
-0.238
-0.308
-0.918
 0.025
 0.486
 1.383
 1.061
 0.643
 0.320
 0.834
-0.939
-1.326
 0.098
-0.829
-1.432
 0.730
-0.569
 0.456
 0.266
 0.883
-0.591
-1.412
-0.466
-1.168
-1.004
-0.252
-0.779
-1.678
 0.456
-0.133
 0.718
-0.486
-1.236
-0.913
-0.823
-1.688
-0.775
-1.644
-0.348
 0.723
-0.929
 0.006
-1.644
-1.046
-1.037
 0.039
-1.056
-0.084
-0.022
-0.936
-1.196
-0.393
-1.443
 0.171
 0.678
-0.517
-0.549
-0.230
 0.186
 0.027
 0.542
 0.209
 0.079
-0.566
 0.995
 0.766
-0.894
-0.204
 0.538
-0.905
-1.213
-1.360
-0.400
-0.290
-0.486
 0.781
-0.499
-0.282
-1.222
-0.897
-0.203
 0.289
 1.493
 0.853
 0.850
-0.480
 1.853
 1.363
 0.638
 1.135
 1.386
 1.207
 1.390
 2.123
 1.412
-0.296
-0.554
 1.259
 0.416
-0.565
-0.838
 0.545
-1.108
-0.606
-0.948
-1.760
-1.931
-1.201
-0.423
-0.565
-1.097
-2.233
-1.131
-0.241
 0.196
-0.116
-0.039
 0.799
-0.685
-1.606
-1.445
-2.424
-0.844
-0.512
-1.997
-1.549
-2.538
-1.524
-0.903
-0.323
-1.458
-3.019
-0.748
-0.645
-0.538
 0.601
 0.993
-0.215
-1.141
 0.182
 0.372
 0.634
 1.330
-0.929
-0.946
-2.060
 0.020
-0.156
 1.915
 1.408
 0.256
 0.095
-1.266
 0.312
-0.996
 0.159
-0.702
 1.500
 0.862
 0.485
-0.503
 1.228
 1.872
-1.406
 1.037
 0.387
-0.283
 0.393
 0.129
 2.259
 0.802
 0.234
-1.244
-0.706
-0.566
 0.226
 0.094
 0.847
 1.037
-1.326
-0.999
-0.032
-0.729
-0.579
-0.807
-1.102
-0.552
-0.321
 0.026
-0.103
-0.634
-0.943
 0.407
 1.158
-0.340
 1.718
 0.343
 0.727
-0.594
-1.179
 1.345
-0.005
-1.172
-0.923
-1.326
-0.507
-0.276
-1.015
 1.058
-0.543
-0.669
-0.424
-1.515
-0.709
-2.283
 0.402
 0.578
 0.112
 0.017
-2.075
-0.826
-0.513
-0.707
-0.239
-0.680
-0.360
-0.067
-1.020
-1.201
-1.322
-1.133
-0.551
 0.196
-1.379
 0.205
-0.522
-0.147
-1.831
-2.011
-1.620
-0.487
-1.006
 0.617
 0.403
 0.158
-1.033
-1.069
-0.134
-0.808
-0.447
-0.979
-2.054
-1.702
-0.939
 0.324
-0.509
-1.495
-1.739
-0.857
-0.871
-0.205
-0.102
 0.550
-0.885
 0.073
-1.553
-0.978
-1.545
-1.239
-1.027
-2.817
 0.958
 0.445
 1.031
-0.749
-0.009
-0.324
 0.889
 0.254
 1.271
 1.234
 0.155
 0.019
 1.040
 1.557
 1.947
-0.421
-0.661
 0.277
-0.354
-1.066
-0.581
-1.392
-1.379
-0.613
 0.009
-1.105
-0.579
-0.288
 0.355
 1.379
-0.145
 1.139
 0.331
-1.150
-1.377
-1.048
-0.977
-0.697
-0.261
-0.789
-0.687
-0.352
 0.717
 1.273
 2.555
 1.714
 2.129
 1.354
 0.597
 0.293
 0.083
-0.174
 0.505
 0.328
 0.606
 1.901
 1.627
 0.310
 1.026
 0.106
 1.534
 1.967
 1.275
 0.246
 0.330
 1.130
 0.729
 0.805
-0.252
-1.429
 1.161
 0.432
-1.389
-1.352
 0.455
 0.650
 0.301
 1.214
 1.050
 1.325
 0.782
 0.060
 0.904
 0.765
 1.509
 0.225
 0.490
-1.279
-1.635
-1.143
 0.871
-0.063
 0.202
 0.082
-1.130
-0.928
-0.876
 0.363
 0.119
-0.502
-1.542
-0.675
-0.357
-0.647
 1.138
-0.113
 0.451
-0.103
-2.210
-0.169
-0.960
 0.025
 0.103
 0.366
 0.661
 0.238
 1.063
 1.264
-1.138
-0.361
-0.816
 0.853
-1.272
-1.388
 0.123
 0.274
 0.107
 0.724
-0.538
-0.219
 0.097
 1.154
-0.603
-0.547
-0.735
-1.004
-0.532
 0.823
 1.027
 0.868
 0.705
 0.038
-0.616
-0.739
 0.460
 1.653
 0.331
 0.053
 0.984
-0.084
-0.466
-0.319
 1.059
 2.087
-0.017
-0.019
 2.040
 0.109
-1.077
 0.239
-0.329
-0.113
 0.769
-0.122
 0.278
-0.304
-0.935
-1.219
-0.884
-0.621
 0.231
-0.231
-0.231
 0.528
-0.036
 0.727
 0.238
 1.730
 0.114
-0.530
 0.997
-0.325
-0.301
-1.090
-0.908
 0.431
 1.217
 1.278
 0.190
-0.058
 1.554
-0.441
 0.039
-0.675
 0.207
 0.277
-1.169
 0.904
 2.022
 0.919
 1.432
 0.336
 1.771
 0.951
-0.100
 0.014
 0.667
 1.165
-0.154
-0.537
-0.248
-0.943
-0.058
 1.001
 0.560
 0.749
 1.518
 1.652
 0.274
-0.886
-1.148
-1.463
 0.686
-0.975
-0.665
-1.385
-0.235
 0.726
-0.115
-0.470
-0.236
 0.039
 0.911
 1.323
 1.047
-0.676
-0.490
-1.319
-0.591
-0.192
-0.397
 1.193
 1.969
 0.765
-0.332
-0.923
-0.796
 0.237
-0.757
 0.033
-0.522
 1.018
 0.560
 0.292
 1.125
 1.707
 0.869
 0.050
 0.055
-0.718
 0.063
-0.209
 0.279
 0.680
 0.527
 1.067
-0.085
 1.467
 1.200
 1.285
 1.025
-0.265
-0.323
 1.284
 0.860
-1.104
-0.182
 1.313
 0.777
 1.599
-0.750
-0.395
-0.861
-2.436
 0.684
 1.352
-0.160
 0.112
 0.710
 0.094
-0.873
-0.628
-0.140
 0.694
-0.254
-0.933
-0.118
-0.709
 0.059
-0.496
 0.030
 0.428
-0.414
 1.063
 0.612
 0.750
 0.879
 0.159
 0.455
 2.008
-0.587
 0.286
 0.171
-1.175
-1.293
-0.728
 0.131
-0.289
-0.516
 0.322
 1.445
 1.444
 0.700
-0.499
-1.293
-1.227
 0.092
-1.318
 0.731
-0.907
-1.371
-1.143
 0.510
 0.316
-0.978
-0.929
-1.134
-1.702
-0.133
-0.112
 0.537
 0.700
 0.129
 0.159
 0.300
 1.507
 0.820
 1.553
-1.329
-0.068
 0.291
 0.122
 0.976
 2.500
 1.572
 0.494
 0.368
 1.103
-0.058
 1.751
 1.350
 1.470
 1.553
 2.193
 0.211
 0.743
 0.017
 1.406
 0.978
 0.346
 1.986
 1.372
 1.708
-0.218
 0.256
 0.429
-2.346
-1.075
 0.713
-0.192
 0.018
-0.424
 1.625
-0.328
 0.341
-0.282
 1.590
-0.260
-0.747
-0.175
-1.239
-0.112
 1.720
 0.239
 0.368
 0.695
-1.436
-1.626
 0.191
-1.188
 0.166
 1.160
 0.792
 0.793
 0.853
 0.447
-0.187
 1.266
 0.172
-0.689
-0.029
-0.113
 0.046
 2.268
 0.101
 0.133
 0.804
 2.012
 2.229
 1.303
-0.531
 0.773
 0.603
 0.584
 0.047
 0.364
 0.673
 0.249
-1.900
-0.203
 0.188
 0.085
 0.241
-0.939
-0.292
-2.000
-1.746
-0.368
 0.508
-0.769
-0.300
 0.559
 0.237
 1.471
 1.833
 0.957
 0.999
 1.082
-1.024
 1.403
 1.208
-0.358
-0.533
 1.173
 1.155
-0.111
 0.048
 0.460
-0.939
-0.075
 0.492
 0.759
 0.639
 1.674
 0.898
 2.139
 0.816
-0.392
-0.567
-0.434
 0.163
-0.201
 0.765
 0.338
-0.023
-0.918
-0.891
 0.290
 1.051
 0.494
-0.288
-0.054
-0.247
 1.212
-0.028
 0.131
 0.290
-0.349
 1.060
-0.604
 0.185
-1.129
 0.421
 0.146
 1.268
 0.959
-0.250
 1.454
 0.419
 0.231
 0.937
 0.424
 2.555
 3.475
 2.314
 0.911
 0.279
 2.172
 0.748
 1.958
 2.080
 2.122
 3.665
 1.173
 0.614
 1.226
 0.921
-0.256
 0.118
-0.365
-1.132
-0.419
-0.331
 1.121
 0.413
 0.436
 1.680
 0.532
-1.211
 0.314
 1.294
 1.127
 0.992
 1.587
 1.618
 1.229
 1.984
 0.840
 0.182
 0.638
 0.897
 1.128
 1.725
 1.809
-0.800
-0.687
-0.173
-0.022
 1.145
-0.554
-0.097
 0.863
 0.817
 0.164
-0.272
 1.179
 1.906
 0.162
 0.760
-1.308
 0.072
 0.444
 0.039
 1.341
 1.662
 1.476
 0.481
 0.082
-2.100
 0.483
 0.361
 0.764
 0.288
 1.339
 2.263
 0.669
 1.138
 0.978
 1.185
 0.919
-1.017
-0.647
-0.063
-0.315
-0.040
 0.255
-0.172
-1.431
 0.183
-0.798
-0.490
-1.934
-2.976
-1.817
-1.527
-1.463
-1.393
-0.863
-1.149
-0.435
-0.978
-0.874
-0.147
-0.290
 1.304
-0.581
 0.119
-0.371
-0.828
-0.547
 1.416
 0.279
-0.238
-0.773
-0.924
 0.183
-2.424
-0.569
-0.446
 0.231
 0.502
-0.025
 0.501
 0.117
 0.314
-0.885
-0.306
 1.556
 0.930
 0.132
-0.774
 0.115
-1.261
-0.991
-1.215
-1.811
-1.208
-1.736
-0.695
 1.195
-0.724
-0.702
-0.084
-0.189
-0.965
-1.048
 1.651
-0.489
-0.500
-0.423
-0.190
 0.132
 0.894
 1.582
 1.600
-0.002
 0.721
 0.196
-0.144
 1.126
 1.102
 1.299
 0.846
 0.286
 1.791
 0.763
 1.547
 1.234
 0.067
-0.182
 1.453
 0.608
 1.237
 1.473
 1.240
-1.272
 1.421
 0.555
 0.302
 1.404
 0.653
 1.237
 1.017
 0.778
-0.421
 1.270
 2.075
 0.363
 0.370
 0.181
 0.405
-0.180
 1.009
 1.536
-0.045
-0.415
 0.430
 0.769
 1.439
-0.449
 1.435
-0.236
 0.232
-0.529
 0.715
-0.062
 0.205
-0.167
 0.564
 1.867
 1.655
 0.357
 0.013
 0.516
 0.274
 0.698
 0.882
 0.974
 0.843
-0.511
-1.038
-1.223
-0.734
 0.100
 0.528
-1.462
 0.172
 0.124
-1.208
-0.152
-1.607
-1.667
-0.233
-0.406
-1.303
-0.996
-0.832
-1.984
-1.841
-1.193
-1.020
-1.780
 0.287
-0.396
-0.255
-0.534
-0.646
 1.085
-0.169
 0.041
 0.610
-1.132
-1.173
-0.779
 2.070
 2.373
 0.106
-0.201
 1.092
 0.284
-0.420
 0.436
 0.451
 0.730
 0.134
 1.321
 0.471
-0.031
 0.111
 1.036
 1.223
 1.262
-0.951
 0.429
 0.741
 1.417
 0.640
-0.045
 0.110
 0.864
-0.531
 1.231
-0.642
-0.091
-0.717
-1.861
-0.634
-0.139
-0.531
-1.224
-0.918
 0.708
 0.284
-0.166
 0.596
 0.084
 0.599
 0.076
-0.315
 0.257
-0.479
-0.330
-1.159
-0.384
 0.273
 0.425
 0.592
 0.483
 0.208
 0.282
 0.318
 0.926
-0.417
 1.666
 0.625
 0.182
 1.699
 1.537
 0.523
-0.554
 1.684
-0.811
-0.384
-0.068
-1.137
-0.672
-1.251
 0.780
-0.434
-0.972
-0.203
 0.892
 1.122
 2.021
 0.543
-0.427
 0.016
 1.770
 0.974
-0.336
 0.585
 0.773
 1.330
 1.086
 0.976
 1.361
-0.593
 1.502
 0.642
 1.348
-0.353
-0.203
 0.108
-1.078
-0.612
 0.511
-0.047
 2.016
 0.036
 0.990
-0.516
-1.126
-1.019
 0.032
 0.420
 0.652
-0.330
 0.082
-0.441
-0.725
-0.198
-0.512
-0.447
 1.297
 0.866
 1.778
-0.391
 0.104
 1.123
 0.551
 0.342
-0.888
 1.563
 0.752
-0.437
 1.512
 1.000
-0.386
-0.029
-1.214
-0.565
 1.166
-1.653
-0.788
 0.372
 1.369
 1.266
 1.538
 0.395
 1.954
 1.089
-0.225
 1.157
 1.042
 0.350
 1.503
 0.639
 1.652
 0.175
-1.027
 1.583
-1.264
-1.942
-1.610
 0.955
 0.359
 1.562
 0.734
 1.679
 0.292
-0.541
-0.130
-0.206
 0.251
-0.243
-0.053
 0.062
 0.640
 1.371
 0.831
 0.086
-0.502
-0.547
-0.949
 0.390
-0.074
-0.707
-0.484
 2.535
 0.133
 0.699
 0.843
 0.206
 0.219
-0.426
 0.653
-0.516
 0.822
-1.428
-0.269
 0.305
-0.321
-0.193
-0.522
-1.085
-1.090
-1.127
-0.801
 0.672
 0.584
-0.878
-1.649
-0.557
 0.772
 0.381
 0.710
 0.079
-2.070
-1.722
-1.207
-1.205
-0.194
 0.561
 0.342
 0.641
 0.885
-1.022
-1.022
-0.181
 0.556
 1.271
 0.345
-1.104
 0.478
-0.293
-1.677
-0.073
-0.120
-1.643
-0.388
-0.539
-0.675
-0.982
 0.059
-1.820
-1.530
-1.481
-0.831
 0.037
-0.991
-0.929
-1.214
 0.268
 0.106
-0.119
-0.849
 0.707
 1.115
-0.784
-0.338
-1.037
-0.503
-0.744
-0.487
 0.930
-1.702
-1.265
-1.983
-3.482
-2.377
-2.695
-1.267
-0.114
-0.410
-0.512
-1.693
-1.863
-0.627
 0.004
 0.420
-0.378
-0.282
-0.434
 0.934
 0.071
 0.027
-1.735
-0.255
-0.836
-0.496
 0.399
 0.170
-0.538
-1.346
-1.994
-1.639
 0.182
-1.329
-1.135
 0.209
-0.342
 0.862
-0.576
-1.348
-1.504
 0.969
-0.568
-1.544
-1.206
-2.024
-1.120
-1.332
-0.129
-0.537
-0.418
-0.386
-1.318
 0.113
-1.919
-0.797
-1.568
-2.828
-0.986
-1.309
-1.541
-1.279
 1.444
 0.268
-0.705
-0.702
-0.912
-0.014
-1.323
-0.097
-1.483
-1.241
-0.775
-0.907
-0.020
-0.689
-0.793
-1.300
 0.559
 1.417
 1.140
-0.388
 0.828
 0.262
-0.237
 0.954
-1.646
-0.506
 0.522
-1.340
-1.053
-1.806
-0.146
 0.080
 0.126
 0.819
-0.386
-0.670
-0.785
-0.818
 0.422
 0.237
-0.768
-0.744
-1.516
-0.507
-0.721
 0.387
-0.300
 0.114
 0.064
-1.247
-1.975
-1.239
-2.087
-1.962
-0.798
-0.903
-2.172
-0.927
-0.441
-0.637
-1.649
-1.584
-0.495
-0.707
-0.461
 0.531
 1.371
-0.702
 0.065
-2.580
-1.014
-0.347
-0.456
-1.012
 1.048
 1.037
 1.345
 0.222
-0.708
-0.609
 0.131
 0.249
-0.054
-0.153
-0.118
 0.042
 1.051
 0.526
 0.576
 0.699
 1.606
 1.520
 1.557
-0.430
-1.427
-1.044
-0.477
-0.320
-0.907
 0.145
 0.000
-0.998
-0.208
-0.967
-0.933
-0.992
-2.534
-2.189
-2.139
-1.541
-1.038
-1.841
-1.851
 0.127
 2.038
-0.110
-1.251
-1.643
-2.249
-1.774
-1.012
-1.700
-2.897
-1.405
-0.915
 0.361
-1.239
 0.242
-0.055
 0.511
-0.093
-0.815
-1.821
-1.657
-1.618
-1.966
 0.186
-1.753
-3.288
-1.616
-1.963
-2.814
-2.078
-1.848
 0.101
-0.381
 1.761
-0.286
-2.513
-1.304
-1.035
-0.888
-0.373
 0.288
-0.255
-1.110
-1.004
-0.537
-0.984
 0.526
-0.333
-0.676
-0.894
-0.730
-1.453
-0.392
-0.930
-0.340
-0.131
 0.293
 0.110
-0.220
 0.711
-0.305
-1.275
-1.060
-1.230
-0.652
-0.476
-0.095
 0.485
 0.767
-0.513
 0.156
-0.650
-1.182
-1.726
 0.115
-0.816
 0.102
-1.974
-1.881
-0.905
-2.392
-2.906
-0.852
-2.379
-1.946
-1.172
-0.788
-0.802
-0.852
-0.761
-0.406
-0.328
 0.079
-0.834
-1.537
-0.627
 0.567
-1.658
-3.046
-0.886
-1.587
-1.086
-0.264
-0.149
-1.018
 0.215
-1.036
-1.229
-0.613
 0.872
-0.682
-0.211
-0.476
-1.522
-2.364
-0.412
-1.586
-0.224
 0.057
-0.390
-1.374
-0.430
 0.262
 0.199
-0.530
 0.241
 0.036
 1.249
-0.633
-0.307
 0.935
 0.193
 1.405
 1.114
 1.925
 0.829
-0.747
-1.759
-1.862
-1.035
 0.430
-1.519
 0.599
 1.471
-2.135
 0.992
 1.309
-0.577
 0.096
-0.066
 0.956
 1.491
 0.179
 1.165
 1.534
 0.915
 0.524
 2.243
-0.065
-0.162
 0.170
 0.467
-0.097
-0.065
-0.109
-0.055
-0.330
 0.838
-0.768
-1.015
-0.237
-0.248
 1.470
 0.390
 0.351
 0.951
 0.625
 0.195
 0.295
 2.017
-0.443
 0.564
-0.032
-1.502
-0.515
-0.291
-1.803
-0.420
-0.946
-0.094
-1.254
-1.081
-0.229
-0.602
-0.997
-1.362
-1.046
-0.375
-0.977
-0.384
-1.383
-1.738
-1.173
-0.558
-0.154
-0.507
-0.517
-1.459
-0.719
-1.125
-1.155
-1.691
-1.293
 0.219
 0.754
 0.003
-0.282
 0.174
-0.985
-0.251
-0.885
-0.854
-1.291
 0.786
 0.589
-2.229
-0.594
-0.711
 1.324
-0.716
-1.387
-0.851
 0.098
-0.945
 0.396
-1.269
 0.901
 0.282
 0.179
 0.173
-1.513
-1.530
-1.537
-0.293
 0.352
-0.923
-0.679
-0.199
-0.461
-1.251
-1.473
-0.774
-0.389
-0.577
 0.098
-0.253
-1.808
-2.018
-1.326
 0.399
-0.106
 0.572
-1.138
-1.353
-1.494
-0.658
-1.484
 1.033
-0.081
-0.232
 0.002
 1.131
-1.398
 0.463
-1.329
-0.608
 0.315
 1.008
 0.730
-0.144
-1.510
 1.290
 1.962
-0.812
-0.812
-0.787
-0.801
 0.048
-0.515
-0.591
 0.840
 0.240
-0.140
-1.193
 0.159
 0.276
 0.514
 0.267
-1.186
-0.090
-0.952
-1.067
-0.438
-0.514
 0.219
-0.675
 0.961
 0.977
-0.709
 0.555
 1.379
 0.656
-0.258
 0.644
 0.246
 0.422
 1.016
 0.364
 0.142
 0.067
 0.511
 1.132
-0.230
-0.189
-0.025
 1.993
 0.590
 1.079
 0.760
-0.646
 0.653
 0.275
 0.948
-0.770
-0.404
-1.073
 0.540
 1.354
-0.053
 0.552
-0.224
 0.783
 1.375
-0.609
-0.063
 1.502
 0.345
-1.134
 0.175
 1.409
 0.005
-0.817
 1.010
-2.043
-0.361
 0.076
 1.102
-0.367
 1.062
 1.945
 0.559
 0.791
 0.049
 1.220
 2.135
 0.299
 0.237
-0.868
-0.308
-0.338
 0.433
 0.645
 0.219
-0.336
-0.299
-1.453
 1.426
 1.231
 0.250
-0.352
-1.050
-0.045
 0.363
 1.561
 1.043
 1.377
 0.089
 0.507
-0.190
 0.770
 0.306
 0.575
-0.758
 0.971
-0.236
 0.019
 0.409
-0.679
 0.586
-0.162
 1.055
 1.102
 1.406
-0.441
-1.136
 0.055
 0.826
 1.428
 0.395
 0.360
 0.422
 0.191
-1.577
 0.116
 0.470
-0.931
-1.066
 0.103
 0.204
-0.886
-0.569
-0.312
-0.368
-0.534
-0.554
-0.273
-1.338
-1.688
 0.143
 0.791
 0.034
-0.730
-1.574
-1.111
-1.475
-0.686
 0.063
-0.679
-0.884
-0.157
-1.617
-1.200
-0.774
 0.334
-0.726
-1.348
-1.022
-0.828
-0.831
-2.888
-1.633
-0.779
 0.156
-1.739
 0.574
-2.394
-1.347
-1.114
-2.336
-2.039
-0.658
 0.084
 0.589
-0.865
-0.313
 1.362
-0.366
-0.385
-1.652
-0.623
-1.078
-0.571
-2.159
-0.340
-0.905
-1.959
-1.300
-1.148
-0.529
-0.212
-1.971
-0.269
-1.822
-1.544
-1.476
-1.002
-1.584
-1.289
-1.097
-0.761
-0.562
 0.253
-1.599
-2.077
-1.875
-0.635
 0.435
-1.666
-0.189
 0.202
-0.520
-0.684
-0.138
-0.005
 0.955
 0.189
 1.047
 0.016
-0.422
 0.388
-0.792
-1.381
-0.016
-1.375
-0.834
-0.552
-0.440
-1.249
-1.515
-1.284
-0.211
-1.419
-0.006
 0.536
 0.297
 1.180
 0.938
 0.980
 0.503
-0.285
-0.662
-0.017
-0.492
-0.788
-1.299
-1.474
-0.341
-0.114
 0.522
-1.050
-0.792
 0.420
-0.256
-0.053
-0.026
-0.718
-0.266
-0.774
 0.769
-1.447
-0.065
 0.049
 0.160
-1.110
-0.485
-0.434
-2.705
-0.505
-0.101
 0.715
-0.803
 0.881
 0.365
-0.796
-1.304
-0.734
-1.453
-0.317
-0.653
 0.108
-0.755
-0.391
-2.007
-0.171
-0.562
-2.142
 0.072
-0.054
 0.477
-0.232
-0.739
-0.526
-1.525
-0.709
-0.223
-0.999
-0.206
-0.125
 1.066
 0.201
 0.663
 1.700
 0.850
 0.905
 0.406
-0.508
-0.797
-2.124
 0.075
-1.603
-0.559
-0.439
-0.565
-1.311
-1.139
-0.886
-0.462
 0.752
 0.731
-1.045
-0.027
-0.744
 1.730
 0.150
-1.087
-0.699
-0.298
 1.028
 0.147
 0.430
 1.024
-1.673
-1.311
-0.780
-1.307
 0.775
 0.696
 0.364
-0.374
-0.956
-0.545
-1.484
-2.282
-0.718
-0.711
-0.494
-0.906
-1.000
-1.209
-0.197
-0.414
 0.461
 1.040
-0.158
 0.277
 0.022
 0.801
 0.073
-0.470
-0.719
 0.738
-0.550
-0.651
-0.932
-2.108
-0.808
 0.110
-1.349
-0.543
-0.633
-1.374
-0.830
 0.178
-1.872
-1.137
-0.463
 0.219
 0.053
 0.358
-0.969
-0.254
-1.323
-1.898
-0.290
-1.266
-0.139
-0.316
 0.662
-0.047
-0.741
 0.446
 0.019
-1.075
 0.448
-3.101
-1.296
-1.107
 0.159
 0.386
 0.454
-1.951
-1.246
-0.726
-3.367
-1.309
-0.998
 0.083
 0.964
-0.983
 0.500
-0.501
-0.914
-0.553
-1.631
-1.798
-0.404
-0.476
-0.779
 1.075
-0.009
-0.830
-0.705
-1.059
-0.778
-1.106
-3.056
 0.760
-0.827
-0.278
 0.626
 0.866
 0.186
 1.448
 1.083
-0.348
 0.364
 0.227
 1.539
 0.234
 0.206
-1.135
-0.583
-2.255
-0.742
-0.538
-1.153
-1.283
-1.003
-0.114
 1.722
-0.084
 0.164
 0.194
 1.165
 0.651
 0.505
-0.565
-0.409
-0.543
-1.065
-0.352
-0.190
-1.378
-0.504
-0.560
 0.284
-1.086
-0.262
 0.059
-0.390
-1.238
 0.255
-0.314
 0.497
-0.837
 0.270
-0.116
 1.187
 1.585
 1.136
-1.668
 0.021
-0.065
-1.329
 0.141
-0.180
-1.523
 0.641
 0.657
-0.518
 0.368
-0.121
-1.606
 0.888
-0.553
 0.919
-1.157
-0.125
-0.333
-0.429
-1.745
-0.028
-0.302
-0.695
-0.039
 0.883
-0.092
-0.140
-0.681
-0.446
-1.138
-0.958
 0.586
 0.528
-1.467
-0.970
-0.454
 1.330
-0.735
-0.737
-1.407
-0.642
-1.797
-0.991
-2.413
 0.644
-0.219
-0.480
-1.320
-0.754
-2.281
-0.822
-1.079
-0.166
-0.540
-0.842
-0.710
 0.279
-0.938
-1.008
-0.710
-1.268
-1.796
-2.061
-0.340
-0.868
-1.134
-1.292
-1.238
-1.227
-1.614
-2.261
-2.075
-1.378
-1.660
-1.519
-1.399
-0.410
 0.163
 0.907
 0.399
-0.157
 0.184
 1.014
 0.544
 1.612
-0.457
 0.077
-0.003
 0.236
-1.293
-0.333
-0.368
-0.788
-1.267
-0.648
 0.166
-0.120
-0.407
 0.801
 0.382
-0.668
 0.116
 0.056
 0.446
-1.438
-0.721
-1.323
-1.132
-0.215
 0.435
-0.583
-0.567
-0.187
-0.722
-0.097
 0.652
-1.629
 0.312
-0.351
 0.193
 0.357
 0.457
-0.589
-1.801
 0.432
 0.700
 0.035
-1.518
-2.095
 0.576
-1.582
-0.664
-0.191
 0.239
 0.218
-0.373
-1.098
-0.428
 0.887
-0.186
-1.149
 0.384
-0.458
 0.378
 0.009
 0.023
 0.679
-1.949
 0.578
 1.500
 0.699
 2.163
 0.112
 1.123
 0.582
-0.955
-1.050
-0.708
 0.199
-1.002
-0.737
-0.071
-0.693
-1.323
 0.284
-0.044
-0.387
-3.149
-1.215
-0.186
-0.399
-1.639
-2.120
-0.393
-1.515
-0.411
-0.529
-0.164
-0.237
-0.191
-0.487
-0.846
-1.000
-0.026
-1.046
-1.154
-2.680
-1.448
 0.324
 0.220
-0.063
 0.580
-0.085
 0.190
 0.691
-0.168
 0.052
-2.095
-0.059
-2.534
-1.511
-2.402
-2.799
-1.299
-0.163
-1.232
-1.771
-0.734
-1.753
-0.672
-0.707
 1.020
-0.539
-2.590
-0.996
-1.390
-0.792
-0.496
-0.981
-0.965
-0.570
-1.039
-1.299
-0.814
-0.732
-1.206
-0.936
-0.942
-1.353
 0.088
-0.832
-1.115
-1.736
-0.345
-0.608
-0.344
 0.289
-1.590
-2.020
-0.514
-0.585
 0.669
-0.706
-1.373
 0.640
-0.691
-0.659
-0.049
-0.025
-0.095
-0.137
-1.687
 0.228
-0.050
-1.066
-1.694
-0.451
-0.812
 1.001
 1.617
 0.090
 1.131
 0.477
-0.958
-1.417
-1.325
-0.958
-1.055
-1.473
-1.403
-1.397
-0.371
 0.757
-0.775
-1.464
-1.148
 0.484
 0.178
 0.742
 0.708
 0.098
 0.357
-1.700
 0.222
 0.640
 0.204
 1.117
-0.692
-0.905
 0.143
-0.976
-1.330
-0.333
-0.188
-0.650
 0.051
-2.403
-0.730
-0.189
-0.468
-1.047
-0.498
-0.353
-1.626
-0.704
-0.993
-1.004
 0.375
-0.790
-1.447
-1.208
-0.675
-0.227
-0.323
-0.335
-1.538
-1.733
-0.963
-0.325
-1.279
-1.043
-1.462
-1.104
 0.567
 0.444
-0.465
-1.978
 1.273
 0.800
 0.301
-0.043
 0.458
 0.742
-1.271
 0.032
 0.489
-0.647
 0.208
 0.402
 1.384
 2.066
 1.221
 0.822
 0.873
 0.322
 0.722
-0.077
 0.222
 0.869
 0.913
-0.556
 0.868
 1.499
 2.387
 0.796
 1.064
 0.652
 1.464
 0.404
-2.143
-1.250
 0.571
 1.160
 2.797
 0.571
 1.907
 0.637
 0.471
-0.667
 0.558
-1.661
-0.411
-0.383
-0.641
-0.742
-1.218
-0.805
-0.420
-0.480
 0.942
-0.296
 0.507
 0.538
-0.624
-0.182
 0.712
 0.227
-2.107
-1.073
-0.131
-1.009
 0.641
-0.433
 1.149
 1.694
-0.064
 0.111
 0.339
 0.492
 0.645
 1.277
 0.309
-2.665
-0.393
 1.417
 0.389
 1.302
 2.137
 0.017
-1.392
-1.255
-1.656
-1.424
-0.587
-0.082
-0.709
-0.308
-0.194
-2.170
-2.529
-2.666
-1.071
-1.037
-1.278
-0.408
 0.960
-1.069
-1.257
-0.014
 1.001
-0.662
-0.865
-0.230
-2.155
-1.179
-1.147
 0.082
 0.939
 1.171
 0.198
 0.435
 0.239
 0.219
 0.841
-1.406
 0.919
-0.004
-0.939
 0.212
 0.823
 0.525
-0.337
 0.372
 0.806
 0.403
-0.458
 0.225
 0.233
-0.772
 0.029
 0.798
-0.488
-1.002
-1.825
-1.395
-1.755
-1.319
-0.110
-1.303
-1.368
-1.088
 0.045
 0.781
 1.705
-0.225
-0.056
 0.216
-0.852
-0.378
-0.675
-0.924
-0.008
-1.384
-0.707
-1.945
-1.635
 0.336
-1.106
 1.054
-1.687
-0.677
-2.256
-1.903
-1.873
-1.639
-1.284
-0.728
-0.692
-0.069
 0.871
-1.370
-0.519
 1.030
-0.130
 0.223
-1.639
-0.428
-0.039
 0.186
 0.017
-0.126
-0.593
 0.096
 0.728
 0.662
-0.956
 0.051
-0.154
-0.247
 0.144
-0.453
-0.206
 0.574
 0.118
 1.236
-0.862
-1.312
-0.918
-1.443
-1.760
 0.300
 0.731
 0.440
 0.431
-0.055
-0.600
 0.245
-1.817
-1.477
-0.471
-2.001
-0.774
-1.124
-1.015
-1.371
 0.991
-0.611
-2.336
-1.273
-0.426
-0.014
-2.377
-0.708
-1.418
-0.468
-0.783
-1.012
-0.178
 0.929
-1.164
-0.347
-0.825
-0.419
-0.542
-0.820
-1.685
 0.786
 0.255
-2.384
-1.339
-0.390
 0.277
-1.090
-0.218
-1.609
-1.581
-0.888
-0.722
-1.534
-0.057
-0.900
 0.025
-0.380
 0.198
 0.124
 0.312
-0.041
-0.124
-1.205
-0.736
 0.459
-1.476
-2.179
 0.117
-0.606
-0.360
 0.196
-0.161
 0.029
-1.363
 0.483
 0.512
 0.732
 1.253
-0.070
-0.372
 0.195
-1.116
-0.162
-0.495
-0.892
-3.619
-1.338
-1.200
-0.310
-0.536
-0.218
 0.481
 0.625
-1.039
-2.207
-0.744
-0.429
-0.394
-1.922
-0.558
-1.141
-1.077
-1.055
-1.005
-1.189
-0.301
 0.841
-1.722
-1.304
-0.677
-0.415
-1.100
-1.396
-0.782
-1.558
-1.474
-0.460
-0.112
-0.613
-1.692
-0.393
 0.773
 0.353
 1.092
 0.122
-1.121
-1.685
-1.870
-0.703
-0.255
 0.328
-1.451
-0.407
-1.770
-0.519
-0.232
 0.072
-0.192
-0.840
 1.117
-0.192
-0.421
 0.299
 0.228
 0.153
 0.335
 0.878
 0.699
 0.189
-0.121
 0.877
-0.951
 1.639
 0.048
 0.043
-1.019
 0.668
-0.840
-1.153
-0.281
-1.548
-0.222
-1.039
-0.831
-1.141
-0.945
-0.404
-0.918
 1.166
 1.380
-0.053
-0.303
-1.128
-0.506
-1.925
-1.264
-0.512
-0.217
-0.138
-0.524
 0.469
 2.138
 0.189
-0.041
-0.247
-0.379
-0.652
-0.681
-0.505
-0.664
-1.604
-0.892
 0.344
 0.099
-0.648
-0.175
 0.242
-0.245
-0.926
-0.469
-0.432
 0.127
-0.785
-0.720
-0.883
-2.628
 0.231
-0.639
-0.142
-1.596
-0.245
-0.001
 0.464
 0.252
-1.982
 0.206
 0.184
-0.547
-1.855
 0.504
 0.200
 0.338
 1.355
 0.428
 0.672
 1.045
-0.103
 0.907
 0.297
 0.027
-0.975
-0.245
-0.782
-0.117
 0.073
-1.034
-0.330
-0.006
 0.366
 1.728
 0.200
-0.462
 0.094
-0.923
-1.194
-0.900
-1.756
-2.023
-1.441
-0.765
-1.311
-1.623
-1.351
-1.160
-1.265
-1.102
-0.364
 0.369
-1.217
-1.617
 0.322
 0.642
 0.378
-0.116
-2.185
-1.285
-2.401
-1.325
 0.751
 0.450
 0.894
 1.072
-0.147
-0.620
 0.803
 1.004
-0.397
-1.069
 0.093
-1.306
-0.644
-0.863
-1.401
 0.564
-0.009
-1.566
-0.688
-0.443
 1.128
 1.299
 1.571
 2.584
 0.768
 0.395
 0.173
-0.017
 0.991
-0.339
 0.869
-0.953
-0.085
 0.750
 0.527
-0.165
 0.017
 0.411
-0.115
 1.342
 0.544
 1.460
-0.119
-0.103
 1.330
 0.319
 0.323
-1.056
-0.929
 0.503
 0.656
 1.795
-0.671
-0.233
 0.540
-0.388
-0.253
 1.311
 1.872
 1.310
 1.195
 0.057
-1.258
-0.492
 0.029
 1.489
 1.128
 1.354
 1.893
-0.795
-0.992
-1.242
 0.168
 0.038
 2.523
 0.058
-0.391
-0.829
 0.018
 0.134
-0.729
 0.215
-0.204
 0.654
 1.010
-0.492
-0.192
 0.377
-0.619
-0.104
-0.658
-1.432
-2.267
-0.254
 0.046
-0.556
-1.906
-1.635
-1.812
-1.991
-0.990
-1.662
-1.852
-0.903
-0.579
-0.701
 1.144
 0.498
-0.021
 1.151
 0.957
 0.928
-0.252
-0.422
 0.951
 0.510
-0.351
 0.629
-0.259
 0.886
-0.248
-0.417
-0.397
-0.261
-0.387
 1.847
 2.181
 0.374
 1.344
 0.376
-0.216
 2.346
 1.997
 2.267
-0.013
 0.635
 1.864
 0.302
-1.096
-0.017
-0.236
 0.422
 1.275
 0.885
 0.096
 0.673
 2.574
 2.092
 0.601
-0.393
-0.511
-0.013
 0.849
 0.602
 1.588
 2.011
-0.300
 1.180
 2.698
 0.187
-0.349
 1.765
-0.570
-1.679
 1.296
 0.812
 0.068
 2.122
 1.127
 1.074
 0.498
 0.766
-0.088
-0.488
-0.064
-0.318
-0.493
-1.268
-0.111
 1.203
-0.097
 1.633
-0.608
-0.594
-0.484
-1.175
-1.054
-0.410
 0.444
 1.402
-0.146
-0.061
-0.029
-0.515
-0.035
 0.312
 0.550
-1.650
-3.363
-1.098
-0.950
 0.143
 0.078
 0.427
 0.572
 0.163
-0.390
-1.322
-0.435
-1.098
 0.450
 0.030
 0.241
 0.018
-0.354
 0.250
-0.410
-0.011
-0.093
 1.943
 1.288
 0.076
 2.410
 0.564
 0.872
 1.109
 2.004
 1.965
 0.298
 0.675
 0.741
 1.495
 0.443
-0.013
-0.929
 0.393
-0.177
 1.103
 1.608
 0.103
-0.380
-0.419
-0.393
 0.499
 1.231
 0.172
-0.980
-0.865
-0.105
-0.128
 0.656
 1.123
-0.718
-0.222
-0.243
-0.271
 0.486
 0.225
 3.231
 1.714
 1.020
-0.459
-1.061
-0.247
 0.531
-1.379
-1.625
-0.759
-1.516
-0.566
-0.402
 1.049
 1.237
-0.149
-0.531
-1.038
-0.089
-0.134
 0.050
 0.081
-2.114
-0.716
-1.365
-0.999
-0.709
-1.985
-1.672
-0.787
 0.412
 0.676
-1.305
-1.946
-1.085
-2.230
-0.965
-0.955
-1.670
-0.011
 0.629
-0.016
 0.312
 0.199
-1.002
-3.203
-0.959
-0.750
-0.853
 0.926
 0.117
-0.675
-0.657
-1.536
-1.062
-1.533
-0.364
 0.113
-0.057
 0.193
 1.368
 0.403
 1.645
 0.131
-0.621
-1.448
-0.563
 1.232
-0.670
-1.279
-1.045
-1.446
-1.269
-1.157
-1.301
-0.669
-0.301
-1.011
-0.437
-0.982
 0.652
 0.682
 1.321
-0.415
-0.878
-1.361
 0.749
 1.631
 0.855
 0.424
-0.598
 0.468
 0.770
 0.065
-0.135
-0.417
 0.005
-0.536
 1.080
 1.666
 0.643
 0.910
 0.333
 0.991
-0.099
-0.381
-0.118
-0.216
-0.047
-0.641
 1.485
 3.272
 0.035
-0.198
-0.355
-1.630
 0.625
-0.123
 0.062
 0.073
 1.632
 0.493
 0.319
 0.037
 0.011
 0.848
 0.636
 0.431
 0.645
-0.275
-0.403
-1.042
 0.380
-0.186
 0.106
 0.941
 0.149
 0.331
-0.493
-0.390
-0.150
-0.480
-0.012
-0.545
-0.996
 0.134
 1.309
 1.762
 1.071
 0.642
 0.577
 0.754
 0.410
-0.659
 0.162
-1.308
 0.855
 1.336
 0.421
 0.572
-0.586
-0.726
-0.080
-0.470
 0.477
 0.531
 0.155
-0.081
 0.043
-0.201
-0.124
 1.355
 2.164
 0.905
 1.401
 1.255
 0.308
-1.993
-0.222
-0.203
-1.035
 1.322
 1.194
-1.109
-0.464
 0.248
-1.071
-0.362
 0.404
 0.462
 0.389
 0.636
-0.575
-1.078
-0.871
-0.788
 0.865
 2.230
 1.504
 1.108
 0.517
 0.566
 1.817
 0.044
-0.574
-0.477
-1.035
-0.866
-0.842
 0.614
-0.092
 0.526
-0.514
-0.128
 0.108
 0.106
-0.596
-1.942
 0.589
 0.700
 1.367
 0.727
 1.085
-1.092
-0.636
-0.670
-0.375
-0.768
-0.059
-0.043
-0.113
-1.159
 0.559
 0.384
-0.588
-1.762
-0.453
-1.129
-0.815
-1.185
-1.283
-0.991
-1.263
 0.943
-1.115
-0.769
-0.596
-0.904
-0.515
-1.922
-1.331
-1.692
-1.265
-2.537
-1.182
-0.067
-1.442
-1.914
-0.293
-1.196
-1.587
-0.680
-0.980
-1.802
-0.915
 1.035
 0.784
 1.371
 2.655
 0.619
 1.004
 2.302
 0.886
-0.315
 0.594
 0.919
 1.353
-0.268
 0.202
-0.794
 0.257
-0.343
-0.503
 0.398
-0.599
 1.225
-0.083
 0.857
 0.159
-1.402
-0.071
 0.429
-2.473
-2.043
-1.553
-0.905
-0.126
 0.690
 0.139
-0.484
-0.892
-0.497
-1.037
-0.957
-0.666
-0.777
-1.275
-1.996
-0.307
-1.114
-0.480
 0.385
 0.180
-0.871
-1.186
-0.571
-0.916
-0.077
 0.463
 0.521
-0.254
-1.865
 0.049
 0.041
-1.091
 0.244
 0.075
 0.319
-0.632
-1.379
-0.857
-1.191
-0.083
 0.825
 1.441
-0.307
-1.180
 0.183
 1.470
 0.260
-1.387
-0.012
-1.530
-0.719
 1.581
-0.363
 0.311
 0.074
-1.144
 0.644
 0.446
 0.049
 1.129
 1.075
 0.605
 0.030
 0.763
 0.167
 0.710
 1.363
 1.996
-0.094
 0.050
-0.027
 0.569
-0.290
-0.151
 0.491
 0.122
-0.260
 0.041
-1.533
-1.115
-0.894
 0.280
-0.747
-1.678
-1.356
-1.093
-0.916
-0.016
-0.085
 0.241
 2.745
 1.519
 1.726
 1.124
 0.501
-0.045
-1.345
-0.827
-0.362
-0.465
 0.235
 2.042
 0.981
 1.169
 2.905
 2.370
 2.788
 2.331
 1.283
 1.873
 1.766
 1.655
 0.392
 1.639
 1.368
 0.840
 0.573
-1.052
 1.195
 1.912
-0.203
 1.085
-0.469
 0.026
 0.937
 0.756
-0.124
 0.867
 1.614
-0.202
-0.418
 1.137
 0.681
 0.515
 1.742
 1.584
 1.148
 1.575
 1.019
 0.355
-0.104
 0.773
-0.051
 0.129
-1.377
-0.142
 0.037
-1.646
-1.187
-1.116
 0.485
 2.274
-0.047
-0.358
 0.186
-1.302
-0.405
-0.221
-0.098
-0.717
-1.990
-0.411
-0.995
-0.761
-0.355
-0.483
 0.517
-0.303
-0.251
-0.166
-1.126
-0.245
-0.913
-0.881
-0.134
 0.264
-0.402
-1.353
-1.844
-0.765
 0.759
 0.744
-0.785
 0.251
 1.060
 0.811
-0.719
-1.425
 0.227
 0.774
-0.353
-0.925
 0.910
 0.208
-0.380
 1.136
 0.519
-0.542
-0.549
-1.668
-0.312
-0.659
-0.144
-1.254
-1.211
-0.474
-0.605
-0.371
-0.085
-0.655
-0.422
-0.851
-1.234
-1.572
-0.249
-0.733
-1.446
-0.194
-1.306
 0.237
 0.370
 2.000
 1.094
-0.203
 0.069
 0.357
 0.707
 0.461
 0.425
-1.485
-0.872
-0.725
-1.590
-0.667
 0.727
 0.511
 0.574
-0.033
 1.169
-0.542
-0.558
-1.083
 1.155
-1.646
-1.869
-2.150
-1.566
-0.145
-0.695
-1.116
-0.530
 0.055
-1.466
-1.441
-0.571
-1.093
 0.008
 0.099
 0.372
-0.248
-0.907
-1.648
-1.795
-2.180
-1.299
-1.332
-0.695
 0.359
 0.088
 0.491
 0.641
 1.533
 0.764
-0.489
-0.514
-0.420
 0.238
 0.838
-0.378
-0.066
 0.762
-0.242
-1.000
-1.674
-0.396
 0.138
-0.541
-0.281
 0.049
-1.178
-1.047
-2.136
-1.411
-0.356
-1.204
-0.595
-1.441
-1.513
-3.411
-2.604
 0.196
 0.154
-0.224
-1.951
-1.833
-1.056
-0.195
 0.112
 0.869
-0.260
-0.692
 0.208
-0.191
-0.503
 0.990
 1.676
 0.680
-0.618
-0.380
 0.391
 1.221
 0.841
 0.038
-0.015
 0.450
 1.254
 2.221
 1.026
 0.778
 1.575
-0.035
 0.562
 1.467
 0.572
-0.843
-1.129
 0.259
 0.191
-0.491
 0.786
-0.834
-0.503
-0.258
-0.923
-0.372
-1.866
-0.666
-0.133
 1.640
 0.999
 0.698
 0.124
 0.437
 1.227
 0.166
-1.002
-0.467
 0.050
 1.299
-0.223
-0.736
-0.395
 0.390
-0.843
 1.082
-1.399
-0.576
-0.457
-1.304
-1.058
-1.935
-1.239
-0.324
-0.114
 0.961
-0.635
-0.133
-0.296
-0.213
-0.760
 0.256
-1.064
 1.059
 0.697
 1.921
 1.030
 0.503
-0.245
 1.260
 0.450
-0.409
 0.218
-0.132
-0.017
 0.816
 1.685
 0.998
-0.362
 1.688
 0.046
 0.718
-0.719
 1.346
-0.405
-1.957
-0.831
-1.159
-0.743
 0.176
 2.190
 0.991
 1.118
-0.708
-0.898
 0.278
 0.626
 0.905
 0.715
-0.755
-1.227
 0.085
-1.140
-2.577
 0.775
 1.125
-1.568
-1.996
-0.514
-0.030
 0.302
 0.172
-1.658
 0.066
 0.348
 0.212
 1.052
 1.602
-1.288
 0.116
 0.398
 0.226
-0.368
 0.185
-0.418
-0.595
-0.521
-0.131
-0.180
-0.517
 0.021
-0.030
-0.597
-0.296
 0.580
 0.493
-0.456
 0.620
-0.194
 0.151
-0.968
-1.261
-0.592
 0.282
-0.423
-2.264
-0.907
-0.485
-1.165
-1.011
 0.627
 0.731
-0.366
-1.871
-1.302
-1.076
 0.179
-0.665
-0.379
-1.115
-0.257
-1.021
-0.546
 0.328
-0.252
 0.256
-0.027
 0.827
-0.140
 0.999
 1.017
-1.339
-1.585
-1.110
 0.403
-0.543
-1.645
-0.914
-0.408
 0.334
-2.363
-1.366
-0.520
 0.131
-1.567
 0.214
-0.056
 0.203
 0.999
 0.826
-0.640
-1.114
-0.851
-0.044
 1.037
 0.734
 1.130
 0.869
-0.919
 0.142
 2.137
 0.682
 0.408
-0.543
-2.306
-0.583
-1.141
-0.200
-0.597
 0.728
 0.053
 0.562
-0.596
-0.822
-0.116
-0.148
-0.307
-0.884
 1.246
 1.081
-1.648
 0.340
 0.551
 0.607
-1.208
-0.208
-0.710
-0.382
-0.351
-1.155
-0.401
-0.813
-0.786
 0.476
 0.603
-0.582
 1.634
 0.247
 0.695
-0.928
-0.751
-0.205
-0.153
-1.884
-0.310
-0.605
-0.464
 0.462
 0.261
-1.575
-0.888
-0.397
-1.040
-0.186
-1.401
-0.851
 0.316
-0.546
-1.633
-0.866
-1.637
 0.598
-0.498
-0.434
-0.790
-1.437
-0.235
-0.389
 0.305
-0.591
 0.020
 0.426
-0.675
-0.843
-0.137
 0.314
-0.553
-1.219
-0.444
-0.722
-1.287
 0.176
-1.129
 1.554
 0.500
-0.590
 0.367
 0.541
-0.434
-0.364
 0.000
 0.949
 2.133
 1.055
 0.060
 1.393
 2.024
-0.407
 0.186
 0.406
-0.172
-0.581
-1.027
-0.158
 1.189
-0.016
-0.225
 1.926
 2.304
 2.069
 0.528
 1.763
 1.045
 1.196
-0.232
-0.198
 0.835
 0.058
 1.415
 1.683
 1.981
-0.047
 0.828
-0.906
-0.361
-0.546
 0.126
-0.689
-1.606
 0.097
 1.221
 0.308
 0.148
-0.154
-0.810
-1.349
 0.160
 0.669
-0.158
-0.406
 0.052
 0.863
-0.604
-0.545
 0.942
 1.502
 1.143
-0.001
 0.455
 0.851
 1.709
 0.665
 0.797
-0.141
 1.062
 1.202
 0.823
 0.418
-0.701
 1.062
 0.638
 0.685
 1.526
 1.736
 1.294
 0.314
 0.328
-0.391
-0.051
 0.605
-0.052
 0.829
 1.792
-0.280
 1.035
 1.209
 1.761
-0.267
 1.171
 0.879
-0.656
-1.151
-0.416
 0.883
-1.214
 0.498
-0.091
 0.666
 1.113
 1.929
 2.323
 2.339
 0.638
 0.658
-0.430
 0.672
 0.842
-0.239
 0.363
-1.272
 0.234
-1.316
 0.186
 1.435
 0.218
 1.188
 1.343
 0.480
 1.044
-0.367
-1.490
-1.559
-0.686
 0.494
-1.680
-0.026
-0.904
-0.241
-0.213
 0.450
 0.480
-0.346
-1.717
 0.737
-0.006
 0.875
-0.839
 0.495
 0.369
-0.655
-0.551
 2.562
 2.994
-0.047
 1.968
 0.275
 1.242
 0.789
 1.016
 0.981
 0.506
-1.519
 0.686
 0.176
-0.227
-0.920
 0.673
 0.259
-0.251
-1.131
-1.554
 0.320
 0.237
-1.028
 0.042
-1.012
-0.205
 0.080
 0.712
-1.246
-0.510
-0.186
-0.249
 0.142
-0.153
 0.671
 0.027
 0.705
-1.164
-1.895
-1.136
-0.042
-1.062
-0.500
 0.430
-0.675
-0.944
-0.775
 0.281
-0.443
-0.432
-0.975
-0.651
 0.597
-0.273
-0.464
-0.203
-0.567
-0.456
-0.457
-1.052
-0.870
-2.005
-1.828
-1.111
 0.008
-0.085
-1.283
-1.483
-1.335
-0.867
-0.769
-1.352
-0.755
 0.106
-1.055
-1.764
-0.984
-1.599
 1.021
 0.212
-0.119
-0.223
-0.209
-0.169
 1.234
-0.378
-0.022
-0.469
 1.292
 1.301
-1.797
 0.080
-1.245
-0.036
-0.652
-1.202
-0.329
 0.015
 0.570
-0.200
-1.567
-0.337
 1.088
-0.661
 0.611
 0.852
-0.525
-1.012
-0.401
 0.669
 0.257
-0.855
 0.199
-0.992
-0.151
-0.146
 0.547
-0.178
 0.035
 0.279
-0.231
-1.680
-1.404
 0.537
-1.264
-0.206
-1.543
 0.246
-0.985
-0.605
-1.163
-0.160
-0.236
-0.899
-1.714
-2.134
-0.777
 0.637
 0.151
 0.327
 0.214
-0.736
 0.415
 0.036
 0.113
 0.251
 0.794
 1.275
-0.278
 0.823
-0.476
-0.349
-0.273
 0.825
 0.843
-0.330
 1.446
 0.392
 0.131
-1.276
-0.704
-0.650
 0.383
 1.653
 0.466
-0.175
 0.159
-0.832
-0.740
-0.369
-0.771
 1.093
 0.970
-0.602
 1.569
-1.240
 0.114
-0.116
 0.934
 0.476
 1.020
 0.118
 0.207
-1.210
-0.773
 1.185
-1.236
 0.645
 1.287
 0.464
 1.131
 0.586
 0.262
 0.510
-0.239
-0.006
 0.623
 0.735
-0.216
 0.642
 0.399
 0.274
-0.787
 1.438
 0.772
 0.411
 0.512
 0.046
 1.011
 0.634
 0.322
 0.213
 1.319
 1.124
 1.865
 0.914
 0.118
 0.490
 0.987
 1.576
 0.502
-0.111
-0.463
 0.543
 0.861
 1.412
 0.662
 0.733
 0.522
-0.721
-0.076
 1.211
 0.541
-1.112
 0.525
 0.696
 0.361
 1.326
 0.316
 1.206
-0.016
 0.454
-0.642
-0.584
-0.203
 0.981
-0.333
-1.691
-0.526
 0.424
 2.024
 1.314
 0.311
 0.175
 0.671
 0.727
 0.452
-0.134
 0.959
-0.546
 0.251
 0.838
 0.892
 1.999
 1.309
 1.493
-0.290
 2.044
 0.284
 1.478
 0.759
 0.008
 2.687
 0.412
 0.097
 2.679
-0.647
 0.075
-0.646
 0.755
 0.969
 1.220
 0.739
 1.517
 1.065
 1.881
 0.118
-0.057
 0.111
 1.188
 0.814
 0.181
-0.387
-0.925
 1.001
 0.658
-1.023
 0.657
-0.568
-0.047
 0.415
 0.904
 0.858
 1.089
 1.541
 0.364
 0.680
-0.963
 0.835
-0.125
-0.837
-0.266
-0.011
 0.313
 1.020
 0.167
 2.224
 1.026
 0.055
-0.531
 0.957
 0.523
 1.068
-0.031
-1.103
-0.379
 0.746
 0.371
-0.151
-0.505
 0.813
 1.246
-0.443
 1.788
-0.215
 0.617
 0.455
 2.448
 1.689
 2.919
 2.636
 1.059
 0.469
 0.099
 1.308
 1.533
-0.088
 0.569
 0.528
 0.767
-0.150
-0.033
 1.362
-0.010
 1.254
 0.689
 2.687
 0.949
 0.583
 1.514
 1.845
 0.955
 1.391
 1.014
 0.663
 1.302
 1.308
-0.486
-0.051
 0.234
 0.583
 0.593
 1.036
 0.256
 0.553
 0.098
 0.151
 0.711
 0.895
 3.013
 2.153
 1.038
 1.106
 1.439
 0.680
 1.883
 0.679
 1.469
 1.105
 0.311
 0.633
-0.854
-0.406
 0.079
 1.645
-0.982
-0.796
 0.366
 0.954
-0.103
 0.285
-0.846
-0.034
 1.067
-0.291
 0.396
 1.887
 0.543
 0.133
 0.290
 0.724
-0.528
 0.438
 0.205
-1.031
-0.311
-0.508
 0.348
-0.118
 2.754
 0.768
 2.093
 1.508
 0.864
-0.178
-0.340
-0.703
-0.519
 0.146
-0.475
-0.601
-0.518
-0.506
 1.013
-0.795
-0.010
-0.471
-0.171
 1.050
 0.505
 0.639
 0.171
 0.633
 0.815
 0.772
-0.376
-0.368
-0.030
-0.685
-1.149
-1.005
-0.603
-0.608
-1.025
-0.558
 0.285
 1.314
 0.133
 0.722
-1.190
 0.412
 0.821
 0.208
-1.081
-0.372
-0.506
 0.187
 0.111
 0.307
-0.347
-0.054
 0.079
 0.558
-1.368
-0.039
 0.358
-0.267
 0.096
-0.413
-1.248
-0.479
-0.001
 0.468
 0.297
-0.618
-0.712
-1.007
-0.144
-1.084
 0.812
 0.054
-0.684
-1.902
-1.375
-0.783
 0.177
-0.329
-1.182
-0.660
-0.278
 0.424
 0.330
 0.420
 0.214
 0.978
 0.651
 0.645
 1.021
 0.234
-0.473
 0.052
-0.852
-0.891
 0.403
-0.945
-0.889
-0.947
-0.840
-0.825
-0.545
-2.243
-0.995
-1.135
-1.011
 0.546
-0.334
-1.096
-1.812
-0.107
-0.028
-0.487
 0.333
 0.485
 0.032
 0.224
-0.621
 1.219
-1.017
 0.119
 0.207
 0.161
 0.192
-0.166
 1.407
 1.057
 1.143
-0.129
-0.277
 1.029
-0.594
 0.355
 0.248
 0.455
-0.002
-0.642
-0.125
 0.553
 1.039
 0.319
 1.396
 0.099
-0.160
 0.154
-0.408
-0.647
-0.591
-1.482
 0.585
-0.001
-2.294
-1.469
-0.411
-0.258
-1.566
-1.854
-1.965
-1.316
-1.035
-1.074
-1.360
-1.356
-0.044
-1.488
-1.637
-0.566
-0.238
-0.500
-0.360
-1.419
-0.688
 0.098
 0.707
-0.318
-3.101
 0.575
 0.752
 0.877
 0.423
-0.639
 0.310
-0.452
 0.654
 0.552
-1.779
-1.073
-1.256
 1.883
 0.404
-0.752
-0.004
-0.728
-0.014
 0.356
 0.935
 0.125
 0.694
-1.494
-0.173
 1.669
 1.100
 2.002
 1.066
 1.204
 1.333
 1.122
 1.947
 2.484
 1.748
 0.100
 0.830
-0.740
 0.494
 0.568
 0.485
 1.779
 0.920
 0.870
 0.106
-0.878
-0.279
 0.902
 0.808
 0.161
 0.195
 0.189
-1.381
-0.156
-0.133
 0.151
 0.866
-0.257
 1.007
 0.766
 0.862
 0.872
 1.998
 0.077
 1.113
 0.348
 0.122
-1.341
-0.555
-1.286
-0.057
-0.735
 0.961
 1.226
 0.179
 0.310
-0.119
 0.005
-0.177
 0.712
-0.981
 0.530
 1.376
 0.246
 0.689
-0.601
 0.088
 0.273
 1.667
 0.171
-0.687
-0.410
 1.579
-1.148
-0.777
-1.708
-0.707
 0.120
-0.157
-0.459
 0.329
 1.888
 0.308
 0.721
 2.111
 0.318
 1.907
 0.200
 0.920
 0.879
 0.765
-0.031
 0.121
-0.654
-0.241
-0.007
-0.630
-0.576
-0.866
-1.937
-1.652
-0.106
 0.979
-0.233
-1.485
-1.077
-1.769
-1.663
-0.910
-0.371
 1.843
 1.214
 1.746
-1.549
-0.731
-0.355
-0.542
-0.551
-0.549
 1.974
-0.082
 0.158
-0.168
-1.290
-0.673
-0.412
-0.805
 0.319
 0.793
-1.164
-0.626
 0.619
 0.906
 0.707
 1.741
 0.693
 2.105
 1.643
 0.424
 1.230
 0.654
-0.304
 0.330
 0.065
 0.292
-0.016
 0.296
-0.605
-0.887
 0.774
 1.890
 2.022
 1.231
-0.389
 0.160
 0.409
-0.931
-0.146
 0.185
-0.090
-0.009
-0.324
-0.359
-1.265
-0.367
-0.482
-0.754
-0.687
-0.456
-0.889
-0.860
 0.040
 1.198
 0.463
 2.188
 1.014
 1.138
 1.708
 0.443
 1.455
 0.587
 0.726
 1.595
 0.397
 1.127
 1.507
 1.801
 0.096
 1.645
 1.316
 3.256
 1.122
 1.658
 0.019
-0.788
 1.419
 0.610
 0.734
 0.338
-0.072
-0.296
 1.689
 0.428
 0.219
 0.450
 0.378
 0.331
-1.340
 0.873
 1.628
 0.489
 0.602
 0.762
 0.432
 1.347
-0.736
 0.831
 0.131
-0.829
 0.493
 0.041
-2.058
-1.073
-0.341
 0.377
 0.112
 0.515
 0.323
 0.154
-0.392
-0.128
-0.337
 0.210
 0.363
 1.294
 1.449
 0.202
 2.248
-0.105
 0.321
-0.480
 1.461
 0.213
-1.131
-0.183
 0.613
 1.021
 0.610
-1.523
-0.089
 1.089
 0.399
 0.309
-0.804
 0.009
-0.599
-0.610
-0.458
-0.154
-0.135
 1.155
 0.371
-0.078
 0.517
 0.853
-0.055
 0.045
-0.080
 1.123
-0.793
 0.577
 0.195
-0.423
-0.997
-0.002
-0.220
 1.244
 1.265
 0.991
 1.268
 0.955
-0.454
 0.260
 1.059
 0.942
 1.095
 2.561
 1.105
 0.945
 0.701
 1.016
 0.182
 0.282
-0.814
-0.336
 0.125
 1.309
 0.128
 0.023
-0.046
-0.752
-1.678
-2.112
-0.941
 0.428
 0.379
-0.010
 0.358
 1.172
-0.017
 0.736
-0.130
-0.404
-0.700
 0.113
 1.204
 1.601
-0.329
 0.508
 0.676
 0.301
 0.938
 0.318
-0.328
 1.037
-0.145
 2.170
 1.641
 0.126
-0.176
-0.269
-0.209
-0.564
-0.459
-1.876
 1.318
-0.139
-0.595
-0.791
 0.279
-0.128
-0.297
 1.131
-1.761
-2.168
-0.826
-0.072
-1.555
-0.016
-1.652
-0.597
 1.490
 0.456
-0.160
-0.578
-1.796
-0.010
-0.124
-1.024
-1.266
-2.245
-1.530
-0.834
-1.760
-0.895
-1.166
-1.294
-1.496
-1.479
-2.100
-1.818
-2.349
-3.124
-0.657
-1.926
-0.461
-0.804
-0.304
-0.887
-0.467
 0.237
 0.043
-0.729
-0.624
 0.616
-1.323
 1.048
 0.565
 0.194
 0.074
-0.707
 0.134
-0.148
 0.787
 1.299
 1.315
-0.779
 0.506
 1.442
-0.802
 0.100
-0.949
-0.422
-0.674
-0.897
-1.978
-0.134
-0.750
-1.102
-0.253
-0.474
-0.121
-0.503
-1.191
-1.277
-0.240
 0.448
-1.816
-2.023
 0.839
 1.026
 1.976
 1.118
 0.789
-0.726
-0.533
-1.422
-1.006
-0.945
-0.748
-0.381
 1.159
 1.059
 1.352
 0.891
 0.183
-0.929
 0.111
-0.784
-0.980
-0.235
 0.901
-0.908
 0.895
-0.617
-0.999
-0.423
 0.988
 0.342
-0.206
 1.533
 0.573
-0.588
 0.958
 1.487
-0.098
 1.083
 0.681
 0.797
 0.710
 0.060
 1.074
 1.395
 1.172
-0.124
-0.094
 0.068
 0.771
 1.127
 0.449
-0.333
-1.341
-1.159
 0.497
 0.528
 0.138
-0.504
-0.426
-0.095
-0.098
 0.376
-0.067
 0.844
-1.166
-0.928
 0.094
 0.720
 1.397
 1.655
 0.172
 0.804
 0.466
 1.334
-0.662
-0.076
-0.247
-0.028
 2.637
 1.890
 0.363
 1.036
 1.512
 0.620
-0.486
-1.214
-1.146
 0.341
-0.989
 0.576
 0.141
 0.134
-1.387
-0.300
 1.161
 1.387
 0.432
 0.028
 0.550
-0.709
-2.268
-1.217
-1.074
-1.290
-0.984
-0.298
 0.974
-0.733
 0.428
 1.472
-0.512
 1.875
-1.092
-0.743
 0.844
 0.359
 0.074
-1.063
-1.162
 0.479
 1.011
 0.304
-0.187
-1.252
-0.839
-0.244
-0.297
 0.823
-0.444
-0.626
-0.435
-0.026
 0.313
-0.545
 0.692
 0.291
-0.434
-0.584
 0.469
-0.819
 0.252
 0.220
 0.582
 1.416
 1.127
 1.332
-0.699
 0.384
-0.730
 0.093
-0.118
-1.217
-1.904
-1.160
-0.155
-1.326
-0.647
-1.814
-1.019
-0.931
-0.434
-0.561
-1.497
 0.011
-0.740
 0.305
 0.517
-0.905
-0.988
-0.206
-1.157
-0.801
-0.156
-0.748
 0.126
-0.382
-1.964
-0.386
-0.217
-0.571
-1.790
-1.279
-2.731
-1.616
-0.886
-1.444
-0.228
-0.489
 1.130
 1.190
-1.465
-0.381
-0.337
-0.813
-0.780
-1.706
-1.591
-0.555
-0.792
-1.022
-0.073
 0.233
-0.364
-1.432
-1.542
-0.160
-1.090
-1.940
-1.015
-2.143
-0.981
-1.351
-1.605
-1.673
-1.598
-0.526
-0.787
-1.307
-1.898
-2.219
-0.221
-0.194
 0.053
-1.004
-1.494
 0.535
 0.349
-1.011
-1.207
-1.701
-0.458
-1.535
-0.806
 0.027
 0.693
 0.105
-1.082
-0.157
-0.785
-0.712
 0.871
 0.657
-0.289
 0.148
-0.226
-0.871
-1.365
-2.500
-2.718
-1.329
-2.121
-2.690
-2.188
-0.584
-0.240
 0.467
 0.177
 0.126
 0.088
 0.364
-0.216
-0.226
-1.180
-0.595
 0.773
 0.361
-0.129
-0.584
 0.095
-0.021
 0.806
-0.410
-0.121
 1.203
-0.558
 0.191
-1.124
-1.303
-1.713
-1.264
-0.916
-0.300
-0.541
-0.786
-1.012
-1.503
-0.392
-0.903
 1.339
-0.656
 0.367
 0.523
 1.040
-0.631
-1.020
-0.355
-0.519
 0.549
 0.672
 0.957
 0.310
 0.980
-0.801
 0.544
-0.835
-0.370
-1.012
 0.481
-0.493
-1.298
-0.914
-0.165
 0.323
-0.989
 0.552
-0.096
-0.611
-0.912
-1.138
-0.536
-0.811
-0.203
 0.411
-1.088
 0.843
 0.987
 0.478
 0.858
 0.433
-0.066
 0.440
-0.861
-0.220
-0.033
-0.835
-0.445
-0.398
 0.136
 0.440
-0.314
-0.940
 1.205
-0.150
 0.713
 0.770
 0.625
-0.491
 0.044
-0.327
 0.456
 0.575
-0.367
-0.530
-0.131
 0.779
 1.571
 0.311
 1.908
 0.045
 1.393
 2.064
 0.284
-1.465
 0.786
-0.429
-0.526
-1.464
-1.398
 0.375
-0.745
 0.945
-0.344
 0.243
 0.468
 0.060
-0.301
-0.077
 0.282
 1.558
 1.014
-0.787
-0.522
 0.269
-0.430
-0.069
 0.924
 1.125
 0.285
 0.093
-1.265
 0.099
 0.473
 1.729
 0.424
 0.807
 0.324
 0.695
-0.443
 0.263
-0.556
-0.705
 0.613
 0.292
 0.331
 1.006
-1.772
 0.444
 1.382
-0.433
-0.436
-0.242
 0.905
 0.682
 2.232
 0.717
-0.152
 0.418
 1.197
 2.332
 1.018
 1.204
 0.509
 0.581
 0.658
-0.435
 0.961
 0.690
 1.150
 0.102
 1.000
-1.080
 0.926
-0.325
-0.131
 0.562
 0.092
 0.014
 0.217
 1.853
 1.773
 1.557
-0.098
-1.333
 1.406
-0.273
-0.231
-1.431
-0.893
 0.255
-0.270
-0.499
-0.707
-1.684
-0.750
-0.289
-0.048
-1.331
-2.002
-1.685
-0.994
-1.653
-3.374
-1.492
-0.759
-0.293
 0.932
-1.583
 0.593
 0.269
 0.504
 0.666
-0.295
 0.662
-0.539
-1.131
-1.596
-1.260
 0.660
 1.608
 0.016
 0.068
 1.303
-0.256
-0.296
 0.681
 0.152
-0.125
 1.009
-0.330
-1.343
-1.321
 0.317
 0.407
 0.910
 0.376
-0.469
 0.241
-1.413
 0.319
 0.233
 2.121
 0.667
 1.297
 1.737
 0.229
-0.573
-0.147
 0.234
-0.030
 0.394
-1.031
-1.128
-0.810
-0.410
 0.525
 1.057
 0.465
 0.828
-0.240
 0.847
 0.668
 0.228
-2.414
-0.326
-0.664
-1.804
 0.895
 0.083
-0.978
-0.860
-1.306
-0.930
-0.995
 0.358
-0.159
-1.314
-0.753
-0.019
 0.461
-0.088
 0.762
 0.411
 0.788
 0.465
-0.344
 1.125
 0.678
-1.171
-0.276
-1.382
-1.213
-1.181
-1.784
 0.155
-0.567
 0.291
-0.150
-2.502
-1.477
-0.718
-0.823
 1.180
 0.275
-0.304
-0.333
 0.299
-1.034
-0.925
-0.857
-0.966
-2.042
-0.478
-1.434
-0.112
 0.379
-0.917
-0.798
-1.874
 0.100
-1.067
-0.573
-0.131
-0.845
 1.258
-0.012
-0.401
-0.123
 0.744
 0.463
 1.276
-0.704
-1.954
-2.003
-0.188
-0.907
-2.102
-2.312
-0.313
 0.891
 0.893
-0.428
-1.622
-1.058
-0.775
 0.116
 0.101
-0.290
 1.435
-0.045
-0.125
 1.102
-0.533
-0.078
 0.536
 0.271
-0.712
 0.443
-0.411
 0.542
 0.940
 1.384
 0.016
 0.437
 1.274
 0.504
-0.007
-1.216
-2.345
-1.490
-0.092
 0.180
-2.149
-1.661
-1.723
-1.700
-1.431
-0.954
-0.182
-0.608
-2.394
-0.068
-0.409
-0.651
-1.502
-0.815
 0.831
-0.594
-1.163
-0.855
 0.344
-0.467
-1.492
-0.634
-0.207
 0.466
 1.865
 0.285
 0.429
-0.382
 0.232
 0.357
 0.493
-1.289
-0.475
 1.007
-0.155
-0.418
-0.664
-0.379
 0.376
-1.560
-0.118
 0.009
-0.925
 0.090
-0.700
-1.106
-0.331
 0.350
-0.466
-1.072
-0.488
-0.649
-0.252
-0.953
-0.182
-0.331
 0.218
-0.756
-1.759
-0.605
-0.221
-0.270
-0.593
 0.726
 0.877
 1.001
-0.692
-0.686
-0.523
-1.862
-0.094
-0.564
-1.508
-0.057
 0.544
-0.323
-0.721
-0.239
-0.511
-1.222
-1.997
-0.133
-1.353
-1.159
 0.802
 0.496
 0.962
 1.165
-0.658
-1.581
-0.158
-0.294
-0.910
 1.872
 1.752
-0.021
 0.703
 0.340
-1.164
 0.020
 1.774
 0.654
-0.779
 0.642
 0.657
-0.528
 1.012
 0.742
 1.294
-0.585
-0.419
 0.454
-0.198
-1.115
-0.164
-0.527
 0.529
-1.432
-1.505
 0.509
 1.489
-0.158
 0.374
 0.397
 0.201
 0.286
-0.118
-1.273
-0.031
-1.215
-0.976
-0.404
 0.486
-0.616
 0.262
-1.229
-0.362
 0.504
-0.191
-0.041
-1.247
-1.561
-0.323
-0.543
-1.485
-0.800
 0.722
 0.096
 1.234
 1.674
-1.057
-0.022
 0.629
-0.081
 0.003
 1.331
 1.696
-0.059
 1.100
-0.118
 0.846
 0.037
 0.262
-0.574
 0.125
 0.861
-0.202
 0.261
-0.417
-1.463
-1.069
-1.069
-0.480
-0.503
-0.504
-0.166
-0.663
-0.723
 0.109
-0.942
-0.235
 0.792
-1.127
-0.815
 0.008
-0.639
-0.403
 0.216
-0.938
-0.631
 0.473
-0.062
-0.662
 0.554
 1.262
 1.334
-0.260
 0.738
 0.864
 0.169
 1.110
-0.951
-2.192
 0.289
-0.830
 1.372
 0.170
-0.394
-0.377
-0.347
-1.533
-0.485
-0.432
 0.074
-0.745
 0.031
 0.158
-1.232
-1.077
 0.918
-1.579
-1.344
-1.410
-0.528
 0.046
 0.301
 0.573
-0.301
 1.396
-0.220
-0.743
-0.766
 0.207
 0.714
 2.079
 0.483
 0.521
 0.209
-0.917
-2.242
-2.047
-1.114
-0.122
-0.518
-1.313
-1.755
-1.817
-1.047
-0.374
-0.312
 0.641
-0.757
-0.298
 0.451
-0.124
-1.026
-0.463
-0.269
 0.257
-0.847
-3.091
-1.139
-0.230
 0.302
-0.287
 0.473
 0.062
 0.117
 0.050
 0.467
 0.394
 0.185
 0.656
 0.416
 0.297
 0.874
 0.929
-0.117
 0.658
 0.428
 0.609
 0.829
 1.561
 1.013
 1.043
-0.414
 1.241
 1.493
 2.624
 1.236
 0.725
 0.711
-0.863
-0.578
 0.905
 0.448
 0.839
-0.217
-0.245
-0.721
 0.668
-0.613
-0.316
 2.098
-1.369
-0.322
 0.817
 1.514
 0.271
 0.476
-0.807
-0.363
 1.534
 1.264
 0.737
 0.646
 1.694
 0.535
 0.848
 2.020
-0.885
-0.047
 1.700
 0.546
 1.155
-1.901
-0.140
-0.781
-0.793
 0.146
-0.383
 2.051
 2.952
-0.424
-1.270
-0.497
-0.047
-1.053
-1.693
-1.089
 0.689
-0.767
 0.320
 1.474
 1.052
 0.177
-1.318
-0.881
 0.172
-0.597
-0.112
 0.009
-1.581
-0.379
-0.451
 0.151
-1.305
-1.605
-1.427
-0.082
-0.160
 0.904
 0.814
-1.670
-0.668
-0.194
-1.549
-0.752
-0.213
-1.387
-1.579
-1.108
-1.102
-0.258
 0.288
-0.897
-1.098
-1.803
-1.169
-0.186
-0.156
-0.991
-0.303
-1.002
-1.240
-0.999
-1.469
-1.167
-1.671
-1.112
-0.684
-0.646
-1.526
 0.107
-0.578
-0.649
 0.380
-1.108
 0.549
-0.684
-0.831
 0.602
 0.725
-0.869
-0.322
-0.064
-0.431
-0.506
-0.051
-0.129
-0.939
 0.429
-0.301
-1.656
-2.178
-2.198
-2.513
-0.569
-1.126
-0.658
 0.634
-1.991
-1.105
-0.047
-0.515
-0.551
 0.124
-0.392
-0.121
-0.404
-1.932
-2.113
-0.068
 0.903
-1.162
 0.577
 0.371
-0.624
 0.525
-1.053
 1.016
 0.163
 2.505
 1.207
-0.128
-0.914
-1.109
 1.267
 1.172
 0.383
 0.791
-1.450
-0.162
-1.670
 0.126
 0.415
-0.210
-0.972
-1.455
-2.384
-1.397
 0.042
-0.382
 0.567
 0.564
-0.378
-0.688
 0.457
 0.563
 0.262
-0.133
 0.084
 0.447
 1.045
-0.854
-2.123
-0.634
-0.606
-1.595
-0.984
 0.256
-0.749
-0.012
-0.346
 0.894
 1.130
 0.517
 0.747
 0.020
 1.347
 1.053
 0.101
 0.836
-0.923
-1.668
 0.471
-0.442
-0.540
-1.985
-0.934
 0.613
-0.590
-0.734
-0.686
 0.287
 0.572
-0.279
-1.468
-0.720
-0.902
 0.778
-0.401
-0.724
-0.023
 0.880
 0.712
 2.098
-0.317
-0.683
 0.215
 0.214
 0.214
 0.543
 1.256
 0.312
-0.813
 1.104
-0.306
 0.631
-0.904
-2.319
-1.136
-1.142
-0.879
-0.394
 1.620
-1.101
-0.018
 0.116
-1.136
-0.538
-0.260
-1.818
-0.788
 0.199
-1.644
-1.488
-1.834
-1.854
 0.010
 0.729
-0.948
 0.364
 0.215
 0.532
 0.341
 0.666
 0.554
 1.155
 1.025
 0.636
 1.214
 0.614
 0.358
-0.186
 0.717
-0.531
 0.865
 0.981
 0.298
 0.696
 1.474
 0.378
 1.894
 1.516
-0.058
-1.009
 0.009
-0.138
-0.002
 2.582
 0.502
 0.945
 1.704
 0.474
-0.091
 0.140
 1.467
 0.889
 1.850
 1.590
-0.580
-0.026
 0.772
 0.298
 0.300
-1.563
-0.379
 2.222
-0.843
-0.747
 0.273
 0.252
-0.750
 0.744
 0.840
-0.564
-0.086
 0.246
 1.503
 2.366
 0.821
 0.537
 1.979
 1.265
 1.090
 1.443
 1.180
 0.486
 2.717
 1.409
 0.769
 0.421
-0.935
-1.958
-0.862
-0.420
 0.021
 0.057
-0.057
 0.764
 1.121
-0.075
-0.262
 0.215
-1.038
-1.346
-0.426
-0.627
-0.836
 0.226
-1.181
-0.472
 0.152
-0.846
-0.774
-0.647
-1.431
-1.117
-0.717
-1.284
-2.206
-2.183
-1.195
-1.073
 0.198
-1.059
-0.088
 0.479
-0.036
 0.211
 0.475
 0.528
-0.219
-0.059
 1.318
 1.067
 1.458
-0.499
-1.053
 0.057
 0.896
-0.201
-0.734
 0.950
-0.321
 0.383
-0.404
 0.799
 1.119
 0.323
 0.587
 1.249
 1.732
-2.062
 0.976
 0.756
-0.159
 0.270
 0.719
-1.591
 0.586
-0.247
-0.846
-0.166
 1.259
 0.552
 2.089
 1.910
 1.195
 1.054
-0.098
 0.399
 0.760
 0.580
 0.141
-0.335
 2.370
 0.690
 1.061
-0.682
 1.081
 1.950
-0.654
-0.754
 0.606
 1.505
-0.122
 0.383
-0.431
 1.476
 0.888
-1.435
 0.813
-1.005
-1.451
-0.986
-0.382
 0.999
-0.630
-0.692
-1.836
-0.894
 0.375
-0.618
-0.970
 0.281
-0.201
-0.248
-0.076
 0.947
 0.136
-0.933
 0.870
-1.367
-0.856
-0.689
 0.514
-0.326
-0.348
 1.372
 0.299
-0.640
-0.596
-0.267
-0.581
-1.707
-0.583
 0.046
-1.122
-0.692
-1.712
-0.692
-1.607
-0.951
-0.763
 0.374
 1.125
 0.654
 1.058
 1.144
 0.706
 1.078
 0.080
 0.312
-0.698
 0.399
 0.681
-0.100
-1.193
 0.435
-1.819
-1.792
 0.276
-0.076
 0.552
-0.937
-0.291
 0.748
 0.535
 0.792
 0.570
 1.204
 0.065
-1.009
 0.666
-0.052
 0.452
-0.665
 1.004
-0.893
-1.111
-0.647
-0.303
-0.603
-0.074
 0.588
 0.312
 0.212
-0.433
-0.401
-0.707
-0.601
-1.662
-1.519
-0.243
 0.421
-1.211
 0.031
-0.210
-0.407
-1.394
-0.750
-0.058
-0.020
-0.387
-0.148
-0.417
 1.154
 0.049
-0.321
 0.697
 0.202
-0.234
 1.002
 0.965
 1.391
 1.231
 0.108
 0.084
 0.107
 0.884
 1.473
-0.669
 0.247
-0.722
 0.573
-0.525
-0.873
 1.096
-1.152
-1.762
-2.386
 0.232
-0.679
 0.587
 1.919
 0.384
-0.563
-1.990
-1.178
 1.348
 0.388
-0.738
-0.361
 1.795
 0.392
 0.308
 1.391
 1.789
-0.581
 0.756
 2.192
 0.365
-0.842
-0.553
-0.754
-0.454
 0.506
 0.055
-0.484
 0.068
-0.372
-1.805
 1.022
-1.164
-0.960
-1.450
-0.168
-0.271
-1.220
 0.378
-1.107
-1.486
-0.462
-0.025
-0.143
 0.439
-0.008
-0.581
-1.051
-1.934
-0.656
-1.783
-0.178
-1.882
-0.694
-0.266
-1.251
-0.851
-1.294
-0.336
-0.685
-1.668
-0.599
-0.499
-0.845
 0.147
-0.012
 0.282
-1.224
-1.300
-1.552
-1.818
-1.295
-0.747
-0.935
-0.983
-1.370
-1.194
-1.077
 1.350
 0.403
 0.033
 0.219
-1.306
-1.133
 0.251
 0.157
 1.050
 0.673
-0.691
-0.608
-1.123
-1.880
-0.432
-0.014
-0.083
-0.180
 0.929
-0.176
-0.354
 0.295
 0.466
-0.687
-1.062
 0.336
 1.333
 0.253
-1.253
-1.212
 0.655
 0.964
-0.339
 0.470
-1.008
-0.655
-0.805
-1.688
-0.785
-0.515
-0.807
 0.895
 0.598
 0.413
 0.239
-1.445
-0.114
 0.040
-1.509
-0.278
 0.720
 3.069
 0.926
 0.577
 0.743
 1.372
 0.856
 0.742
-0.044
-0.635
-0.020
 0.037
-0.684
 0.616
 0.318
-0.160
 0.987
 0.395
-0.402
 0.117
-1.460
-0.976
-0.731
 0.427
-1.119
 0.217
-0.109
-0.949
 0.882
-0.209
-0.510
-1.870
-0.947
 1.223
-0.388
 0.208
-0.320
 0.133
 0.087
-0.266