82
-0.964
-0.351
-1.106
-2.551
-2.074
-1.852
-0.530
-1.382
 1.209
 0.791
-0.162
 0.111
-0.956
-0.651
-1.134
-0.798
-0.305
-1.339
 0.512
-1.160
-0.668
-1.173
-1.513
-1.136
-0.402
-0.278
-1.749
-1.140
 0.117
 0.752
-0.038
-1.490
 0.848
 0.096
 0.082
-0.783
-0.235
-0.355
-0.808
-1.533
 1.613
 0.979
 0.487
-0.515
 0.386
 0.159
-1.855
-0.688
-0.136
-0.953
-0.497
 0.229
-1.476
-0.780
-0.031
 0.242
-0.592
-0.404
 0.718
 0.317
 0.346
-0.084
-1.633
-0.969
-0.745
-2.134
-2.111
-1.330
-1.259
-2.357
-2.069
-1.768
-0.557
-1.534
-1.546
-0.247
-0.969
 0.191
-0.754
-1.386
-0.989
-1.065
-1.199
-0.394
 0.324
 0.775
 1.040
 1.377
-1.204
-0.397
-1.709
-1.451
-2.507
-1.641
-0.407
-0.413
-1.897
-0.376
 0.383
-0.869
 0.023
-0.062
-0.234
-0.435
 0.109
-0.710
 0.056
 0.294
-1.505
-1.503
-0.760
-0.117
-0.048
 0.260
 0.260
 0.979
 0.612
-0.679
-1.046
-1.096
-0.463
-1.077
-0.430
-1.045
 0.476
-0.041
 1.286
 1.201
 0.269
 1.704
 2.391
 0.811
 0.779
 1.032
 0.979
 0.479
 0.930
 0.243
 0.608
-0.514
-0.210
 0.017
 0.310
-0.707
 0.348
 0.310
 0.592
-0.557
-1.475
 1.131
 0.918
 0.630
 0.386
-1.094
-2.078
 0.215
-0.775
 0.270
 0.228
 0.484
 0.847
-0.147
-1.177
 0.093
 1.091
 1.264
 0.121
 0.638
-0.319
-0.423
 0.630
 0.636
-0.940
-2.270
-0.987
 0.613
 0.147
 0.312
 0.528
-0.930
-2.012
 0.166
-0.178
-1.067
-1.618
-0.570
-1.750
-1.452
-0.596
-1.038
-1.963
-0.699
-1.916
-2.023
-1.353
-1.175
-0.670
-1.064
-1.219
 0.392
 0.156
-0.003
 0.312
 0.087
-0.288
-1.153
 0.217
-0.898
 0.232
-0.374
-0.034
 1.330
-0.971
 0.969
 0.268
-0.511
-0.218
 0.212
 0.230
 0.321
-0.651
-0.196
-2.062
-0.452
-0.907
-1.529
-1.361
-1.233
-1.300
-1.989
-1.410
-0.859
 0.011
-1.020
-1.670
-2.555
-2.691
-1.233
-0.154
-1.819
-0.988
-1.781
-1.930
-0.614
 0.654
-0.144
-0.958
-0.812
 0.232
-0.075
-0.883
-0.872
-1.006
-0.619
-0.473
 0.601
 0.858
 0.378
-0.291
-0.100
-0.074
 1.202
-1.426
-0.608
-0.990
-0.788
-0.569
-0.166
-1.013
-0.754
 0.808
-1.045
-2.051
-0.736
-0.089
 0.514
 0.871
-0.494
 0.049
-0.339
 0.039
-1.165
-1.408
 0.151
 0.435
-0.376
-1.208
-0.337
-0.438
 0.710
 0.762
-0.330
-0.390
 0.435
-0.967
 0.299
-1.096
-0.760
-0.906
-0.086
-0.126
 1.246
 0.803
-0.636
 1.399
-0.192
 1.116
 0.563
 1.064
 1.112
-0.389
-1.102
-0.741
-0.795
-0.717
-2.607
-1.183
-0.658
-1.224
 0.343
 0.996
-0.325
 0.064
 0.827
-1.142
 1.516
 0.282
 0.261
 0.923
 1.517
 1.544
-0.010
 1.116
 1.993
 0.856
 1.775
-0.321
 0.543
 0.291
-1.010
-0.006
 1.006
 0.714
 0.324
 0.803
 0.404
 0.059
-0.373
 0.656
-0.049
 0.614
 1.708
 1.279
-1.369
 1.042
-0.612
 0.915
 1.629
 0.520
 0.688
-1.221
 0.206
 1.898
 0.764
 1.512
 0.997
-0.386
-1.097
 0.378
 0.121
-0.754
 1.090
 1.842
 0.348
 0.218
-0.609
 0.825
-0.327
 1.595
 0.490
-1.429
-0.187
 0.477
 0.397
-1.215
-2.160
-0.383
-0.872
 0.196
-1.133
 0.003
-0.208
-0.025
-0.484
 0.817
-0.031
-0.119
-0.368
-0.293
-0.417
-0.042
-0.662
-0.301
-0.204
 0.030
-0.635
-1.281
-0.842
 0.591
 0.144
 0.178
 0.495
-0.318
 2.819
 1.267
-0.111
 0.255
 0.708
-0.470
 0.903
 0.786
 1.908
 1.069
 1.059
-0.379
-1.864
-0.647
-1.455
-0.804
-0.472
-0.179
-0.952
 0.277
-0.193
-2.183
-1.900
-0.109
 0.332
-0.599
 0.045
 0.280
 0.180
-0.724
-1.901
-0.991
 0.468
-0.015
-0.060
 0.059
-0.352
-1.339
-0.445
 0.113
 0.477
-0.225
 0.910
-0.991
-1.382
 0.227
-1.051
-1.555
 0.412
-0.104
-0.687
 0.257
 0.769
-0.467
 0.295
 0.819
 0.943
 0.578
-0.994
-0.597
-0.796
-0.315
-0.798
-0.933
-2.235
-0.782
-0.405
 0.692
-1.070
 0.380
 0.314
-1.571
 0.662
-0.187
-0.467
 0.073
-0.339
-0.095
 1.056
-1.060
-0.435
-1.811
-1.744
 0.443
 0.001
 0.034
-0.448
-1.264
 0.459
 0.799
 1.345
 0.570
 0.198
 0.664
 0.152
-0.757
 0.136
-0.455
 0.834
 0.469
 0.260
 0.249
 0.744
 0.889
-0.628
 0.296
 1.139
-1.565
 0.442
 1.469
 0.629
 0.081
 0.839
-0.026
 0.781
 0.146
-0.076
 1.489
 0.593
 0.198
 0.940
 0.193
-0.073
-0.406
-0.885
 0.830
 1.132
 0.557
 0.657
 1.068
 2.792
 0.614
-1.700
 0.009
-1.157
-1.601
-1.010
-0.625
-0.283
 0.071
 1.297
 0.178
 0.722
-0.480
-0.039
 0.500
-0.501
-0.069
 0.758
 0.573
-0.436
-0.169
-1.485
-1.076
-0.463
 0.199
 0.291
 0.030
 0.543
 0.115
 1.132
 0.835
 0.220
-0.960
-0.832
-0.475
-0.151
 0.674
-0.571
-1.612
-0.537
 0.651
-0.600
-1.773
-0.479
 0.037
 0.198
 1.077
-1.253
-1.056
 0.021
-2.525
-1.693
 0.666
 0.088
 0.501
 0.408
 0.463
-0.194
-1.331
-0.269
-1.121
 0.933
-1.142
-0.151
 0.178
-0.350
 0.852
 0.800
-0.279
 0.061
 0.378
 0.158
-0.001
-0.576
-0.314
-0.138
 0.422
-0.535
 0.269
-0.410
-0.923
 0.696
-0.339
-0.348
 0.180
-0.068
-0.941
-1.572
-0.458
 0.215
-0.026
-0.059
 0.725
-0.374
-0.265
-0.043
 0.178
 0.502
-0.158
-1.595
-0.735
-1.528
-0.954
-0.103
-1.699
-1.687
-0.626
-0.642
-0.328
-1.681
-0.848
-0.321
 1.102
 0.439
-0.573
 0.913
-0.882
-0.403
-1.225
-1.455
-0.397
-0.174
-0.814
-0.866
-0.799
-0.592
-1.171
-0.171
 0.017
-1.668
 1.100
 1.000
-0.113
 1.168
 0.223
 0.821
-0.038
-1.031
 0.359
-2.290
 0.002
-0.323
-0.899
-0.054
-1.401
 0.373
 0.679
-1.041
-1.066
-0.153
-0.334
-0.471
-0.854
 0.080
-1.421
-0.721
-0.889
 0.791
-0.312
 0.098
-0.345
 1.836
 0.086
-0.280
 0.147
 0.943
 0.733
 1.203
 0.359
 0.878
 0.296
 0.429
 0.900
 0.733
 0.285
 0.299
-1.180
 0.996
-1.141
-0.271
 1.163
 0.577
 0.272
-0.324
-0.082
 0.082
 0.803
-0.395
 0.580
 0.060
-0.080
 0.872
 0.174
-0.525
-1.127
-1.342
-1.122
 1.360
 0.409
 1.015
 0.864
 0.100
 2.520
 1.388
 0.660
 0.169
 0.449
 0.365
 0.924
 0.799
-0.281
-0.681
-0.022
-0.121
-0.773
-0.581
 0.232
-1.064
-0.567
-1.508
-1.203
-0.225
-1.244
-1.424
-2.129
-1.087
-0.459
-1.109
 0.155
-1.183
-1.084
-0.506
 1.768
 0.615
 0.363
 0.117
 0.065
 0.394
 1.912
 1.464
 0.176
 1.256
 1.317
 0.284
-1.053
-0.281
 1.167
 0.533
 0.732
 0.804
-1.294
 0.194
-0.532
-0.180
 0.885
 0.490
-1.069
 0.643
 1.803
 0.626
 2.663
 1.698
 0.547
 1.428
 1.684
-0.187
 0.309
-0.734
-0.480
 0.767
 1.042
-0.756
-0.974
-1.723
-0.668
-0.714
-0.701
-0.447
-1.465
-1.060
 0.315
 0.560
-0.571
 0.179
 0.290
-1.719
 0.014
 0.348
 0.687
-0.089
-0.924
-1.505
-1.176
-1.239
-0.478
-0.011
-0.633
 0.084
 0.367
 2.631
-0.058
 0.108
-0.504
-0.664
-0.319
 0.201
-0.073
 0.582
 0.194
-1.621
 0.395
 0.964
 0.680
 1.938
-0.751
 1.377
 0.305
 0.377
-0.418
 0.186
-0.240
-0.176
 0.386
 0.430
 0.393
 0.181
-0.291
-0.700
-0.979
-0.436
-1.619
-0.226
-0.743
-0.458
 0.246
-0.736
 1.336
 0.188
-0.509
 0.209
-0.535
 0.694
 1.049
-0.719
 0.274
-1.568
-1.767
-1.138
 0.113
-0.501
 0.749
 0.644
-0.656
-0.648
-0.117
 0.962
 1.104
 1.702
 0.877
 0.763
 0.572
 0.924
-1.453
 1.415
 1.313
-0.135
 1.672
 0.740
 0.225
-1.088
-0.232
-0.200
 0.028
-0.512
 0.013
-0.273
-0.100
-0.969
-0.360
-0.788
-0.159
-0.462
-1.384
-0.146
 1.176
-0.070
-0.544
-1.012
-0.588
-0.410
-0.796
-0.885
-0.100
-0.269
-0.956
-0.307
-0.680
 0.242
 0.549
 0.988
-1.183
 0.213
-0.040
 0.335
 0.311
 0.705
 1.122
-0.533
 1.194
 1.676
 2.168
 0.401
-1.893
-1.017
-0.099
-0.043
 0.293
-0.303
 0.773
 0.159
 0.163
 0.672
 0.060
 0.791
-0.177
-0.093
-1.056
 0.472
-0.176
-0.184
-0.846
 0.458
-0.156
 0.498
-0.722
-1.549
 0.281
-0.014
-1.800
 0.846
-0.161
 1.164
 0.190
 0.002
-0.678
-2.137
 0.439
 1.775
 1.418
 2.010
-1.056
 0.033
-0.815
-0.408
 0.226
 0.315
 0.321
-1.263
-1.023
 0.116
-1.160
 0.058
 0.340
 0.851
-0.474
 1.013
-1.465
-1.411
-1.067
 0.153
 0.934
-1.379
-1.574
-0.418
-0.509
-0.560
-0.852
-0.973
 0.626
 0.293
 0.006
-0.101
 0.644
-0.111
-0.678
-0.084
-0.630
 0.184
-0.765
 0.406
 0.041
 1.227
-0.071
 0.005
-0.114
-0.897
-0.016
 0.237
 0.210
-0.512
-1.182
 1.023
 1.169
-0.054
-0.281
-0.272
 1.023
 0.352
 1.036
 1.397
 1.380
 0.132
 1.355
 1.137
 1.711
 0.923
 1.761
-0.210
-0.043
 0.890
-0.650
-0.054
 0.402
 0.947
-0.084
 0.779
 1.346
 1.640
 1.257
 1.535
 1.105
 0.591
 0.667
 0.273
-0.802
 1.406
-0.399
 0.751
 0.722
 1.285
-0.008
-1.240
 0.330
 0.096
-0.036
-0.533
-0.347
-0.516
-0.935
-0.851
-0.555
-0.109
-0.811
-0.727
-0.707
-0.777
-0.434
 0.507
 0.145
 0.206
-0.737
 0.134
 0.249
-0.808
 0.438
 0.194
 1.637
 0.262
-1.882
-1.362
 0.383
 1.195
 0.419
-0.267
-0.281
-0.901
-0.289
-0.664
-1.039
-1.882
 0.285
-0.783
-0.251
-0.465
-0.824
 0.217
 1.861
-0.613
-0.806
-0.649
-0.277
 0.378
 1.342
-0.183
 0.513
 0.154
 0.367
 1.108
 0.581
 1.077
 0.787
 1.059
 2.498
 0.709
 1.031
 1.054
 1.767
 2.023
-0.110
 1.461
-0.474
 1.357
-1.352
 0.063
-0.105
 0.908
 0.837
 0.353
 1.522
 0.943
 0.828
 1.829
 0.066
-0.037
-0.825
-0.298
-0.037
 0.266
-0.437
 0.367
-0.073
-0.849
 0.815
 0.386
-1.355
-0.530
-0.247
-0.154
 1.188
 0.936
-0.295
-1.450
-1.190
-0.897
-0.259
-1.444
-0.686
-0.075
 1.415
 0.468
 0.536
 1.379
-0.566
 0.330
 0.760
-0.306
-0.551
-1.038
-1.470
-0.252
-1.240
-0.012
-0.815
-0.061
 0.399
 0.484
-2.018
-1.141
 0.292
-0.589
-1.501
 1.241
 0.034
-0.354
-1.440
-1.449
 0.416
 0.598
 1.351
 0.272
-0.663
 0.898
-1.546
-1.383
-1.670
-0.604
-0.234
-0.758
-0.489
-2.600
-0.456
 0.295
 0.714
 0.409
-0.919
-0.519
 0.160
-0.758
-0.218
 0.366
-0.168
-0.144
 0.944
 0.527
 0.695
-0.013
-0.072
-1.307
-0.606
-1.383
-0.683
-0.935
-0.760
-1.778
-1.624
-1.328
-1.642
-1.097
-0.955
-0.061
-1.755
-0.773
-1.067
-0.135
-0.773
 1.360
-0.187
 1.584
-0.652
 0.128
-0.117
-0.419
-0.706
-0.092
-1.427
-0.966
-1.802
-1.087
-0.730
-1.881
-1.150
-0.422
-0.346
-1.324
-0.297
 0.979
 0.387
-0.034
-1.174
 1.991
 1.484
 0.081
-0.859
-0.457
 0.221
-1.762
-0.230
-0.032
 0.412
-0.944
-0.178
-1.930
-1.639
-0.848
 0.174
 0.732
 0.281
-0.111
 1.028
 0.757
 0.432
 2.736
 0.666
 0.258
 0.040
 1.413
-0.040
 1.766
 0.318
-1.066
-1.164
-1.236
 0.440
-0.277
-1.536
-0.405
-2.225
-0.815
-0.588
-1.754
-0.711
 0.093
-0.358
-0.631
-0.997
 0.194
-0.474
-0.437
-0.643
-0.345
-0.491
-0.499
 0.272
-0.295
-1.034
-0.155
-0.938
-1.549
-0.738
-0.624
-0.345
-0.936
-0.470
-1.007
-0.165
-0.499
-0.181
 0.274
 0.143
 0.498
 0.976
-0.446
-0.625
-0.709
-1.423
-1.492
-0.216
-0.178
-1.899
-2.491
-0.232
-1.569
 0.553
-0.889
-0.557
-0.759
 0.165
 1.153
 0.103
 0.082
 0.101
 0.467
-0.097
 1.047
-0.392
-0.202
-1.376
 0.113
-0.652
-0.644
-0.677
-0.101
-1.660
-0.557
-1.801
-1.075
-0.259
 0.284
 0.338
-1.898
-1.359
 0.609
 0.173
 0.768
-0.827
 0.886
 0.662
 0.334
 0.124
 0.812
-1.513
-0.404
 0.341
 0.293
 0.935
 0.170
-0.449
 0.451
 0.673
 0.259
 0.053
 0.853
 0.151
 0.632
 1.869
-0.839
-0.499
 0.007
 0.646
 0.378
 0.539
-0.954
-0.563
-0.381
-0.275
 0.180
-0.757
-1.034
-0.262
 0.743
 0.449
 0.074
-1.532
-0.878
-0.078
 0.374
 1.996
 0.482
-0.237
 0.404
-0.745
-0.307
 0.377
 1.061
-0.027
 0.469
-0.973
 0.687
-0.263
 0.083
-0.197
 1.392
-0.587
-0.100
-0.126
 1.013
 0.626
-1.556
 0.184
-0.185
 1.351
 1.362
 0.245
 0.568
 0.449
-0.194
 0.056
-0.047
 0.227
-0.983
 0.003
 0.972
 0.490
 0.877
-0.509
-1.254
-1.250
 0.156
-0.342
 0.173
 0.699
 0.650
 0.931
-0.847
 0.725
 0.119
-1.404
-0.832
-1.622
-1.629
-0.106
-0.377
-0.407
-1.308
-0.362
 1.161
-1.507
-0.395
-0.247
 0.025
-0.606
 0.881
 1.255
-0.480
 0.309
-0.272
 0.808
 0.472
 1.068
 1.203
 0.161
 0.675
 0.590
-1.161
 0.607
 1.279
 1.378
 2.038
 0.201
-0.284
 0.565
 1.686
 1.978
 1.150
-0.396
 0.527
 0.501
 0.327
 1.670
 1.994
 0.413
 0.427
-0.326
 0.478
 0.427
 1.157
 2.307
 0.026
-0.057
 1.184
 0.151
 0.539
 0.034
 0.390
-0.050
-0.827
-0.453
-0.072
-0.211
-0.676
 0.117
-1.441
-1.161
-3.068
-0.845
-2.292
-0.950
 0.504
 0.067
-1.330
-1.125
 0.120
 0.017
-0.176
-0.477
-0.392
-1.145
-0.092
-1.203
 0.324
-0.939
-1.466
-1.325
-1.812
-1.741
-1.375
-0.652
-1.258
-0.993
-0.591
 0.314
 0.447
 0.747
 0.273
 0.521
-0.205
 0.377
-0.887
-0.198
-0.524
-0.087
 1.661
 1.485
 0.357
-0.698
 1.419
-0.174
 0.325
-0.733
-0.041
 0.633
-0.962
 1.496
 0.862
 0.006
-0.928
 0.133
 0.945
 0.880
-0.577
 1.144
 0.829
 1.124
 0.674
 0.202
 0.255
 1.175
 0.612
 2.239
 1.312
 0.519
 0.428
-0.455
-0.095
-0.650
-1.358
-0.736
-0.487
-0.636
 1.456
-0.308
-1.145
-0.713
 0.089
-0.125
 0.560
 0.974
 1.169
-0.230
 0.656
 1.163
 1.363
 0.800
 1.018
 1.888
 1.009
 0.891
 1.055
 0.214
 0.763
-0.976
-0.680
-0.506
-0.730
 0.836
 0.825
 0.779
 0.802
 0.321
 0.003
-0.039
 0.857
-0.572
 0.209
 0.837
 0.982
 1.741
 0.183
 0.700
 0.490
 0.140
-0.078
 0.037
 1.022
 0.044
-0.753
-0.201
-0.594
-0.169
-0.476
 0.283
-0.587
 0.964
-0.113
 1.082
 0.301
-0.446
-1.394
 0.159
-1.377
-1.924
-0.533
-0.226
 0.888
 1.358
 0.932
-0.086
-0.113
-0.324
 0.374
-0.351
 0.145
-0.765
-1.004
-0.986
-0.912
 0.899
 0.753
-0.118
 0.215
 0.545
 0.605
 0.985
-0.596
 0.763
 0.689
-0.896
 0.931
 1.562
 0.792
 1.102
 0.612
 1.900
-1.602
-0.214
 1.436
 0.049
-0.003
-0.336
 0.036
 1.122
 0.359
-0.027
-0.034
 0.147
 1.150
 0.347
-0.469
-0.096
-0.485
-0.492
-1.021
 0.065
-0.384
-1.947
-1.922
-2.218
-1.705
-0.481
-1.299
-1.563
-2.741
-0.899
-0.647
 0.607
-0.143
-0.286
-0.206
 0.407
-1.438
-1.111
-0.532
-1.901
-1.893
 0.991
-0.862
-0.750
 0.134
 0.608
 1.301
 0.122
 1.808
-0.244
-0.141
-0.067
-1.633
-1.232
-0.523
 0.448
-0.306
 0.630
 1.120
 0.761
 0.775
-0.755
-0.051
 0.486
 0.694
 0.099
-0.752
-0.042
 0.755
 1.030
 0.553
 0.566
 1.653
 1.862
 1.356
 1.571
 1.899
-0.082
 0.552
 1.191
 0.278
-0.022
 0.060
-0.385
-1.072
-0.421
 0.122
-0.464
 0.379
-0.638
-0.178
-1.383
-0.504
 0.429
-0.007
 0.692
 0.411
-0.536
-1.339
-1.001
 0.014
-0.334
-0.421
 0.312
 0.671
-0.471
 0.457
-0.371
 0.866
 1.199
 0.044
 0.309
-0.648
-0.024
-0.865
-0.557
-0.286
-0.521
 0.838
 0.646
-0.121
-0.961
 2.359
 0.873
 1.425
 0.348
 0.439
 0.229
-0.858
-1.130
-0.729
 0.630
-0.079
 0.660
-0.118
-0.184
-0.262
-0.038
-0.453
-0.051
 0.773
 0.446
-0.222
 0.586
-1.316
 0.917
-0.334
 0.930
 0.091
 0.444
-0.078
-0.649
-0.557
-1.130
-0.639
-0.465
 0.744
-1.148
-1.600
-0.460
 0.535
 0.201
 1.161
-0.424
-1.288
-0.293
 0.799
 1.005
 1.883
 0.114
 1.998
-0.354
-0.792
 1.251
 0.185
-1.039
-1.011
-0.548
-1.167
 0.316
-2.774
-1.049
 0.357
 0.377
 1.351
-0.890
 1.290
 0.700
 0.241
 1.200
 1.172
 1.620
 1.545
 0.874
 0.998
 2.240
 1.659
 0.715
 1.204
 0.960
 1.254
 0.942
 1.371
 1.094
-0.393
 0.126
 0.401
-0.817
 1.260
 0.818
-0.630
-0.331
-0.995
 0.565
-0.459
-0.918
 1.002
 0.007
 1.062
 0.326
-1.828
-0.513
-0.474
-0.704
-0.502
-1.291
-1.835
 0.335
-0.511
-0.178
-0.673
-1.617
-0.796
-1.260
 0.291
 0.266
 0.784
 1.435
 1.296
-0.592
 0.140
 0.070
 1.163
-0.697
-0.180
 0.019
-0.703
 0.390
 0.053
-1.163
-1.430
-1.556
 0.020
 0.310
 0.284
-1.699
 0.513
-0.850
 0.292
 1.617
-0.593
-0.251
-0.180
-0.376
 0.777
 0.299
-0.138
-0.039
 1.018
 0.456
-0.326
-0.032
-0.273
-0.995
-0.963
 0.492
 0.988
-1.011
-1.063
-0.909
-0.884
-0.822
 0.568
 0.221
-0.076
-1.623
 0.687
-0.157
-1.246
 0.913
 0.903
 1.610
-0.931
-1.213
-1.028
-1.445
-0.042
-0.860
 0.950
-0.348
-0.295
 1.931
-0.741
-0.628
-0.850
 0.110
-0.049
-0.497
-0.564
 0.562
 0.506
-0.926
 0.414
 0.753
-1.145
-0.238
 0.576
 0.432
 0.193
-0.038
-0.992
 0.928
 0.029
 0.414
 0.142
 0.322
 0.552
-0.349
 2.224
 0.977
 0.827
-0.227
-1.351
 0.929
 1.365
 0.826
-0.052
-0.360
 0.514
 0.446
 1.107
 0.132
-1.014
 0.602
 0.666
 0.228
 0.097
-0.779
-0.281
 0.096
-0.455
-0.299
-2.092
-0.798
-0.024
 2.108
 0.256
 3.038
 0.686
 0.709
 0.832
 0.509
-0.163
 1.628
-1.240
-1.232
-0.797
-0.590
-0.323
-0.840
-0.293
-0.859
 0.072
-0.546
 1.080
 0.044
 0.194
-1.420
 0.947
 0.709
 0.312
-0.652
-0.189
 0.398
 0.089
-1.092
-0.743
 0.105
 0.083
 1.065
-0.243
 1.734
-0.311
-1.271
 0.480
 0.607
 0.906
 0.159
 1.739
 0.872
-0.739
-0.505
-0.098
-1.669
-1.517
 0.026
-0.906
-0.426
 0.163
 0.034
 1.914
 0.460
-0.915
-0.390
 0.394
-0.668
 0.236
 0.595
-1.355
-1.749
-0.065
 1.945
 2.445
 0.240
 0.493
 0.048
 1.337
 0.118
-0.874
 0.724
 1.140
 1.192
 1.902
 0.370
 0.623
 0.264
-0.468
 2.138
-0.201
 1.700
 0.046
 1.412
 1.603
 0.067
 0.552
 0.487
-0.309
 1.404
 0.691
 2.067
 0.869
 1.145
 3.134
 1.114
 0.320
 2.231
 3.093
 1.540
 2.126
 1.193
 0.750
 0.996
 0.990
-0.624
-0.391
 0.071
-1.364
-1.019
 1.036
 0.674
-0.236
-0.962
-0.393
-0.101
 0.373
-0.246
 0.497
-0.769
-1.009
 0.700
-0.202
 0.735
-1.346
 0.554
-0.545
 0.740
 0.377
-0.555
-0.569
 0.556
-0.320
 0.398
 1.041
 1.562
 0.622
-0.353
 1.932
 1.345
-0.409
-0.209
-0.319
 0.070
 0.704
 1.097
 0.468
 2.016
 0.117
-0.441
-0.487
-0.338
-0.827
-0.322
 0.076
-0.652
 0.340
 1.357
-0.226
-0.978
-0.939
-0.228
 1.313
 0.919
 0.097
 0.070
-1.986
 0.778
-1.240
-0.639
 0.096
-1.073
-0.854
-0.290
 1.194
 0.308
-0.749
-0.739
-0.492
-0.988
 0.045
-0.879
-3.019
-0.724
 0.218
 1.839
-0.494
-0.246
-0.130
 0.028
 1.022
 1.003
 0.366
-0.373
 0.000
 0.655
 0.892
 0.024
 0.238
-0.056
 0.117
 1.350
 0.214
 0.508
 0.287
 0.648
-0.394
 0.884
 0.800
 0.810
 1.208
-0.191
 0.618
-0.455
-1.265
-0.031
-0.397
-0.944
-1.455
-1.470
-0.602
-0.776
 1.302
-0.518
 0.553
 0.183
-0.235
 1.343
 1.025
 1.747
 0.202
 1.547
 0.325
-0.591
 1.398
 1.181
 0.020
 0.301
-0.188
 1.128
-0.047
-0.811
 0.126
 0.840
-0.007
 1.667
 2.524
 2.572
 1.682
 1.746
 0.242
-0.169
 0.404
-0.666
-0.396
-0.467
 0.086
 0.112
-0.359
-1.124
 1.116
 1.237
 0.353
-0.021
-0.842
-0.544
-0.305
-0.618
-2.070
-1.626
-1.392
-1.076
-1.369
-1.982
-1.257
-0.752
-0.320
-2.001
-1.485
-1.706
-1.348
-1.101
-0.846
-0.459
 0.257
-0.420
 0.110
-0.756
-0.707
-0.213
 0.550
 0.353
-0.516
-0.937
-0.234
 0.312
-0.458
-0.309
 0.806
-0.770
-0.980
-0.291
-1.940
-0.507
 0.253
-0.435
 0.151
-0.874
-0.097
 0.140
 1.121
-0.823
 0.200
 0.943
-0.080
-0.213
 0.296
 1.193
-0.720
-1.765
-1.231
-0.341
-0.263
 1.695
 0.898
 1.099
 0.646
 0.019
 2.893
 1.513
 0.105
 2.996
 0.723
-0.035
 0.279
 0.364
 0.771
 0.111
 0.010
-0.367
-0.625
-0.368
 0.710
 0.608
 0.781
 0.930
 0.210
 0.500
 0.447
 0.390
 0.404
-0.088
-0.918
 0.692
 1.781
 0.927
 0.713
 0.505
-0.709
 0.465
 0.007
 0.037
 0.098
 0.732
-0.005
-0.110
 0.106
-1.414
-0.429
 0.331
 1.099
-1.069
-0.111
 0.047
-0.991
-0.747
-0.518
-1.469
-1.224
 0.169
-0.001
-0.993
-0.905
-2.073
-1.667
-0.552
-0.743
 0.475
 0.117
 0.333
 0.975
 0.831
-0.389
-0.895
 0.641
-0.357
 0.968
 0.521
 1.313
 0.844
 0.213
-0.975
-0.370
 0.150
-0.550
-0.664
 0.632
-0.012
-0.242
-0.163
-1.048
 0.494
 1.734
 0.724
 1.273
-1.347
 0.400
-1.918
-1.620
 0.482
 0.962
 0.323
-0.985
 0.429
 0.951
 1.878
 0.381
 0.002
-0.987
-0.536
-1.076
-0.560
-0.712
 0.310
-0.215
 0.658
-0.291
-0.764
-0.509
-0.840
 0.239
 0.120
 0.098
-0.562
 0.151
-0.643
 0.724
-1.007
-0.577
-0.596
-0.574
-0.569
-0.424
-0.417
-0.640
-0.147
-0.500
 0.885
 0.847
-1.447
 1.109
 1.000
 0.700
 0.412
 0.213
 0.486
-0.956
-1.812
 0.113
 0.762
 1.379
 0.569
 0.583
-0.731
 0.259
-2.241
-0.461
-0.495
-0.523
 1.076
 0.521
 0.105
-0.180
-1.263
-1.380
 0.061
-0.431
-0.806
-0.384
-1.353
-1.052
-0.175
-0.368
-1.564
-2.290
-1.618
-0.003
 0.669
-0.044
-1.313
-1.344
-0.581
 0.314
-0.418
 0.052
-0.562
-0.382
 0.265
-1.089
 0.283
-0.687
 0.639
-1.304
 1.126
 0.891
 0.711
 0.190
-0.192
 0.208
-1.783
-2.180
-1.701
-1.226
 0.179
-1.103
-0.844
-0.323
-2.373
-1.618
-1.237
-1.790
 0.245
-0.683
 0.717
-0.083
-1.031
-2.112
-0.646
-1.285
-2.006
-2.228
 0.171
 0.456
-0.708
-1.114
-1.337
-0.063
-0.372
-0.582
 1.058
 0.369
 0.547
-0.263
 0.567
 0.398
-1.587
-0.654
 0.470
 0.667
-1.273
-1.462
-0.431
-1.429
-1.333
-1.003
 0.788
-0.021
-0.760
-2.436
-1.158
-0.470
-1.011
 0.315
 0.087
-1.371
-1.043
-1.854
-1.083
-0.629
 0.712
 0.580
-1.195
 0.167
 0.027
 1.102
 0.807
-1.771
-1.381
-0.731
-0.175
-0.569
-0.009
 0.547
-1.110
-0.861
-0.383
 0.064
-0.688
-0.901
-1.957
 0.020
-0.414
 0.442
 0.171
 1.051
 1.468
 1.587
 1.556
 2.264
 0.810
-0.206
-0.191
 1.267
 0.893
 0.917
 0.246
 0.833
 0.065
-0.338
-0.439
 0.241
-0.323
 1.255
 1.276
-0.993
 0.518
 0.507
-0.004
 0.268
-0.193
-0.106
-0.777
 1.097
 0.128
 0.831
 0.731
-0.569
 1.249
-0.670
 0.111
 0.238
 0.577
 0.311
 1.131
 0.023
 0.863
-1.861
-0.369
 2.285
 0.973
 0.749
 0.719
 1.287
 1.331
 0.284
 0.816
-0.981
 0.343
 0.583
-0.356
-0.040
-0.289
-0.434
-0.546
-0.370
-1.346
-0.437
-0.984
-2.733
-1.181
-0.845
-1.566
-0.120
 0.214
-0.272
-0.165
-1.130
-0.115
 0.080
 0.170
 0.900
 0.845
 0.693
-0.973
-1.605
-1.453
-1.385
-0.693
-0.977
-0.773
-0.751
-0.414
-0.659
-1.015
 0.649
 1.417
 0.365
-1.426
 0.498
 0.538
 0.313
 0.748
-0.076
 1.133
 1.713
 0.557
 0.840
 0.367
 0.674
 0.311
 0.960
-0.838
-1.200
 0.719
 0.612
-0.091
 0.260
-0.321
 0.768
 0.249
-0.084
-1.760
 0.140
-0.223
-0.692
-1.039
-0.183
 0.313
 0.595
 0.273
 0.325
 1.187
 0.398
 0.729
-0.124
 0.651
 0.674
 0.907
-0.882
-1.015
-0.448
-0.624
 1.201
 0.972
 1.575
 1.940
 1.239
-0.473
-1.026
-0.404
 0.862
 0.985
 0.902
-1.652
-0.377
-0.460
 0.402
-0.067
 0.221
 1.291
 2.231
 0.526
 1.610
 0.591
-0.943
 0.116
-0.383
-0.094
 1.597
-0.163
 1.157
 1.591
 0.232
-0.842
 0.318
 0.572
 0.378
 0.524
-0.868
 0.099
 0.484
 0.838
 0.916
-0.386
 1.139
 2.018
 0.453
-0.938
-0.580
 0.660
 1.536
 1.933
 1.256
 1.074
 0.539
-0.620
 0.055
 0.875
 0.620
 0.368
 0.084
 1.340
 1.578
 0.591
 1.148
 0.187
-0.822
 0.695
 0.196
 1.208
 0.780
 1.083
 2.061
 1.523
 0.172
 0.507
 0.200
 0.246
 0.732
-1.286
 1.436
 1.436
-0.458
 0.687
 1.327
 2.170
 1.186
 0.849
 0.995
 0.450
 0.068
 0.152
-0.389
 0.108
-0.346
-0.821
-0.607
 1.401
-0.066
-0.482
 0.217
 0.287
-0.360
 0.898
 0.077
 1.344
 0.351
-1.160
-0.433
-0.226
 0.285
-0.773
 0.321
 0.161
-1.281
-0.146
 0.298
-0.896
-0.448
 0.997
 0.125
 0.923
 0.509
 1.392
 0.376
 1.354
 0.359
 0.196
 0.807
-0.543
 1.956
-0.433
 0.237
-0.728
-1.584
-0.479
 0.680
 0.943
 0.354
 0.848
-1.153
 0.692
 1.360
 0.051
-2.048
-0.040
-0.249
 0.024
-1.024
-1.292
-0.184
-1.155
-0.132
-0.674
-0.172
 0.165
-0.536
-1.132
-0.180
-0.019
-0.314
 0.058
 1.211
 1.216
-0.413
 0.666
 1.140
-0.225
-0.085
 1.592
 0.194
-0.530
-0.614
-0.775
-1.118
-0.276
 1.252
-1.990
 0.060
-0.346
-0.645
 0.287
 0.049
 0.083
 0.238
 1.682
-0.556
 1.221
 0.288
-0.576
-0.565
-0.341
-1.203
 0.452
 0.611
 0.684
-0.048
-0.237
 0.988
 0.355
 0.968
 1.287
 1.152
 1.758
 1.153
-0.099
 0.674
 0.518
 0.297
-0.410
 1.256
-0.493
-0.521
 0.149
-0.923
 0.785
 1.020
 0.081
-0.263
-1.408
 0.713
 1.717
 0.848
 2.009
 0.654
 1.385
 1.529
-0.082
-0.405
 0.072
 0.503
 0.291
 0.553
 0.588
 1.906
 1.077
 0.559
 1.039
 0.456
-0.149
 0.517
-0.190
-0.342
 0.249
 0.966
-0.744
 0.919
 0.528
 0.162
 1.257
-0.522
 0.405
 0.023
-0.312
-0.411
-0.591
-0.115
 0.938
 0.781
-0.040
 0.740
 1.918
 1.524
-0.038
 0.231
-0.314
-0.157
-1.133
-0.345
 0.017
 0.460
 0.217
-0.235
-0.317
 0.066
-0.436
 0.622
 0.682
-0.258
-0.538
-0.536
-0.979
 1.118
-0.607
-0.468
-0.171
 0.380
-1.336
-0.349
 0.170
 1.284
 0.893
 1.055
-1.109
-1.240
 0.966
 0.179
-1.031
-0.010
-0.493
-0.495
-0.423
-0.951
-1.513
-1.989
-2.648
-0.830
-0.038
-0.051
 0.708
 0.647
 0.087
 0.146
 2.373
 0.316
 0.043
-0.258
-0.528
 0.138
 1.234
 0.387
 0.246
 0.600
-0.221
 0.704
 0.843
-0.610
 1.075
 0.709
 0.440
-0.572
 1.245
 0.251
-0.053
 0.133
 0.360
-0.231
 0.305
 0.708
 1.253
 0.606
 0.669
-0.697
 1.475
 0.117
 1.135
-0.637
-1.125
-0.712
-0.152
-1.680
-0.600
-0.175
-0.765
 1.252
-0.718
-0.062
-1.772
 0.007
 1.504
-0.638
-0.963
-0.317
 0.378
-0.261
 1.537
 0.883
 1.758
-0.040
 0.948
 0.918
 0.600
 0.234
-0.371
-0.848
-1.300
-0.819
-0.786
-0.461
-0.121
-0.032
-0.169
 0.026
 1.392
 0.471
-0.445
-0.147
 0.496
-0.983
-1.479
-0.240
 0.626
 0.441
 0.562
 0.705
-0.419
-0.273
 0.053
 0.559
-0.019
 0.699
 1.275
 2.196
 1.280
 1.639
-0.212
-0.283
-0.392
 0.793
 0.310
-0.460
-0.017
 0.205
-0.301
 0.237
 0.229
 1.260
-0.477
 0.026
 0.305
-0.895
 0.819
 0.547
 1.318
 0.700
 0.625
-0.316
-1.749
-0.505
 0.197
 0.386
-0.779
-1.861
-2.005
-1.615
-1.153
-0.110
-2.015
 0.383
-0.257
-0.336
-0.293
-0.494
-0.203
-0.457
 0.170
-0.262
 0.682
 1.052
 0.440
 1.706
 0.827
 0.360
 0.795
 0.599
 1.177
 0.215
 1.883
 0.404
-0.663
 1.275
 0.568
 0.524
 0.326
 1.571
 1.398
 1.216
 1.423
-0.305
-0.519
 2.510
 0.527
 2.497
 2.201
 1.516
-0.138
-0.448
-0.317
 0.151
-0.323
 0.074
 0.642
-0.249
-0.209
 1.866
 2.515
 0.110
 0.303
-0.795
 0.391
 0.836
 1.264
 1.054
 1.780
 1.811
 0.147
-0.572
-1.320
-1.461
 0.503
-1.155
-0.526
-0.708
-1.089
 0.509
-0.691
 0.275
 0.121
 0.116
 0.059
 0.319
-0.828
 0.625
 1.192
 1.037
 0.583
 0.487
 0.162
 0.447
-0.259
-0.522
 0.031
-0.577
-0.442
 0.517
 1.105
-0.202
 0.670
 1.413
-0.460
 0.258
 0.422
 0.781
 0.285
 0.125
-0.139
 0.629
 1.344
-0.107
-0.898
-1.937
 0.110
-0.788
-0.741
 1.943
 1.132
 1.188
 2.234
 1.002
 0.235
-0.507
 1.377
 0.716
 2.283
 1.200
 0.769
 0.796
-0.212
 0.765
 1.099
 0.911
 0.805
-0.285
-0.096
 0.831
 1.350
 0.396
-0.838
-1.373
 0.247
-0.148
-1.242
 0.046
 0.610
 0.869
-0.417
-0.374
 0.509
-0.686
 0.459
 0.272
-0.208
 0.657
 0.283
-0.658
 0.289
 0.763
-2.055
-0.727
 0.221
-1.163
 0.619
-0.483
-0.045
-0.407
-1.724
-2.314
 0.066
-0.088
 0.915
-0.048
 0.759
-0.921
-1.243
-2.281
 0.116
-0.731
-0.076
 0.080
 0.828
 0.146
 0.048
 0.304
 0.723
 0.961
 0.799
 0.495
 0.923
 1.112
 0.783
 0.802
-0.242
 0.742
 1.198
-0.889
-0.683
-1.087
 0.788
-1.005
 0.753
-0.452
-0.957
 0.379
-0.679
-1.319
-1.799
-2.077
 0.314
 0.601
-0.893
-0.347
 0.153
-0.208
 1.753
 1.600
 0.942
 0.817
 0.541
 1.635
 1.792
 0.553
 0.599
 0.714
-0.188
 0.557
-0.131
 1.154
 1.575
 1.437
-0.441
 0.596
 0.158
-0.029
 0.753
-0.285
-0.897
 0.455
 0.290
-0.193
 0.955
 1.139
 0.337
 0.585
-0.444
 1.840
 2.091
 1.412
 1.386
 1.330
 1.542
 0.933
 0.043
 0.801
 0.872
 1.809
 0.798
 2.221
 2.538
 1.249
 1.592
 0.182
 1.941
 0.240
 1.722
 2.017
 0.986
-0.696
-0.053
 2.024
 2.848
 0.727
 0.910
 0.573
 1.057
-0.255
 0.512
 0.636
 1.299
 0.695
 0.240
 1.226
 0.607
-0.380
 0.418
-1.235
-1.000
-0.145
 1.746
 1.409
 2.133
 0.696
 0.542
 1.666
 0.409
 0.141
 0.622
-0.713
 1.293
-0.926
 0.411
 0.714
-1.640
-0.458
-0.958
-0.281
-1.068
-0.420
 0.406
-0.444
 0.335
-0.361
-1.120
 0.485
 1.149
-0.019
 0.136
 0.894
-0.884
-0.096
 0.507
 1.108
 0.412
-0.651
 1.320
 1.690
-0.263
 1.908
 1.879
-1.228
-0.764
-0.045
-0.837
-0.672
 0.190
 0.248
-0.387
 0.570
 0.263
-0.051
 1.052
 0.535
 0.820
 0.414
-0.436
 1.631
-0.671
-0.913
 0.163
 0.420
 0.524
 0.239
 0.127
-0.737
 0.892
 0.126
 2.285
 0.336
 2.129
 0.425
-0.310
 0.904
 0.771
 0.395
-1.157
 0.184
-0.195
 0.391
 0.507
 0.069
-0.262
 1.556
 1.534
 0.879
 1.133
-0.174
 0.330
 2.085
-0.055
-0.350
 0.180
-0.467
 0.421
-0.778
 1.814
 2.100
 2.850
 0.276
 0.837
 0.593
 1.424
-0.215
 0.158
 0.458
 1.593
 1.192
 0.985
 1.166
 1.125
 0.715
-0.833
 1.161
 2.215
 0.711
-0.913
 0.446
 1.393
 0.957
 1.119
 0.569
 1.270
 0.691
-0.093
 0.391
 1.766
 1.501
 0.871
 1.499
-0.603
-0.984
-0.777
 0.819
 0.066
 0.918
 0.860
 0.336
-0.808
 0.329
-0.244
 0.546
-0.946
-0.568
 0.601
 0.263
-0.346
 0.264
 0.995
-0.161
 0.524
-0.015
-0.444
 0.663
 0.121
-1.323
 0.569
 0.710
 0.742
 1.348
-0.154
 0.946
 0.236
-0.623
-0.395
-1.310
-0.305
 0.601
 0.291
-1.496
 1.000
 0.500
 0.738
 0.532
-0.329
 1.313
-0.387
 1.210
 1.535
 0.400
 0.385
 0.516
 1.288
 0.578
 0.639
-0.524
-0.578
 1.749
 1.803
 1.134
 0.552
 1.814
 0.289
 0.862
 1.295
-0.421
 0.244
 0.165
 1.161
 0.200
 0.614
 0.746
-0.395
 0.551
-1.093
 0.443
-0.089
-0.911
 0.249
-0.560
 0.141
-2.258
 0.002
 0.157
 1.164
 2.030
-0.008
 1.017
 0.082
 0.800
 1.732
 1.851
 0.417
-1.404
-1.129
 0.756
-0.362
 0.604
-0.367
 0.880
-0.588
 0.538
 0.355
-0.058
-1.655
-0.722
-0.756
-0.305
-0.329
-0.069
 0.132
 1.303
-0.968
 0.701
 0.397
 0.676
-0.453
 0.740
-0.530
 0.407
-1.285
-1.103
-0.612
-1.281
-0.272
 1.227
 1.069
 0.091
 0.183
-1.579
-0.072
-0.583
-1.074
-1.560
 0.073
 0.456
 1.267
 0.180
 0.284
 1.608
 0.357
-0.388
 0.284
 0.351
 1.077
-0.328
 0.414
 1.218
 0.107
 1.253
 0.772
 1.186
 0.785
 1.114
 0.208
 0.928
 1.608
-0.216
 0.653
 0.480
-0.869
 0.652
-0.212
 0.386
 0.131
 0.100
 0.078
 0.996
 1.658
 1.845
 1.572
 2.394
 1.560
 1.262
 1.647
 0.735
 0.706
-0.286
 1.390
-0.032
 0.088
 0.219
 0.849
-0.549
-0.081
-0.222
-0.490
-0.280
-0.162
 1.786
 0.288
-0.554
 0.553
-0.832
 0.952
 0.106
 0.795
 0.782
-0.500
 1.502
 1.367
 0.839
 1.297
 1.868
 0.805
 0.495
 0.554
-0.643
 0.979
 0.380
 0.954
 0.144
 0.363
 0.637
 0.616
 1.569
 0.812
 0.713
-0.756
-0.842
-1.208
-1.373
-1.250
-0.784
-1.389
 0.337
-0.488
 0.901
-0.966
-1.272
-2.411
-1.013
 1.376
 0.078
-0.626
 0.132
 0.908
-1.165
-0.726
-0.644
-0.201
 0.494
-1.099
-1.547
-1.156
 0.024
-0.374
-1.317
-0.309
-1.061
-0.599
 0.168
 0.301
-0.629
-0.678
-0.297
-0.436
-0.990
-0.794
-1.611
-0.552
-0.477
 0.547
-0.084
 0.349
 1.306
 0.482
 1.320
 1.704
 0.638
 0.225
-0.281
-0.055
 1.009
-1.490
-1.963
-0.014
-0.331
-0.587
-1.303
-1.456
-1.125
-0.070
-0.743
-0.745
-1.556
-0.676
-0.537
-1.218
 0.359
 1.380
-1.234
-0.157
 0.180
 1.041
-2.352
-0.860
-0.239
-0.486
 0.504
 0.578
 1.243
 0.394
 1.062
 0.151
 1.811
 0.408
 0.991
 0.402
 0.881
 1.527
 0.744
-0.575
 0.131
-0.976
-0.324
-0.290
-0.130
-1.553
-0.013
-0.588
-0.042
 0.213
 0.622
-0.401
-0.715
 1.042
 0.880
-0.234
-0.109
-0.390
-0.472
-0.554
-2.167
-1.038
-1.106
 0.404
 1.146
-0.064
 0.903
 0.009
-0.705
 0.244
 1.770
 1.531
 2.153
 0.047
 0.784
 1.562
-1.016
 0.903
-1.733
-1.102
-1.945
-0.926
-1.394
-0.351
-0.914
 0.632
-0.948
-0.222
 0.003
 0.607
-0.165
 0.020
-0.519
 1.101
 0.397
 0.360
-0.569
-0.659
 1.179
-0.490
 0.165
-0.504
 0.842
 0.496
-1.639
 1.763
 0.538
 0.051
-0.282
-0.929
 0.455
 0.059
 1.122
 0.143
 0.164
-0.325
 0.599
 2.638
 1.372
 0.426
 1.659
 1.662
 0.116
-0.447
 0.467
 2.308
 1.903
 1.027
 0.255
-0.219
 0.144
 1.121
 0.579
 0.249
 0.290
 0.806
 0.810
 0.177
 1.528
 0.309
 2.582
 0.687
 2.000
-0.144
 1.253
 1.078
-0.282
-0.243
-0.849
 0.475
 0.525
 1.427
 1.422
 0.698
 1.349
 1.508
 0.463
-0.296
 0.188
 0.335
 0.473
-0.026
 0.734
 0.953
 0.395
 0.889
 0.300
-0.340
 0.132
 0.781
 0.581
 1.026
 1.049
-1.088
-1.087
-1.401
 0.041
-1.063
-0.955
-0.291
-0.785
 1.094
 0.679
-0.411
 1.022
 0.690
 1.488
 1.839
 0.579
 1.210
 0.822
 1.704
 2.174
 1.774
 0.355
 1.967
 1.063
 1.438
 0.686
 0.411
 0.531
 1.299
 0.494
 1.921
-0.285
 0.434
 1.224
 1.032
 1.718
 0.537
-1.770
 0.008
 0.414
 0.275
 0.998
 0.865
-0.997
-0.806
 0.554
 2.133
 0.856
 0.514
 1.657
 0.463
 0.861
-0.568
 0.294
-0.548
 0.275
-0.357
 0.010
 0.082
 0.003
 0.007
 0.906
 0.403
 0.458
 1.176
 1.916
 0.624
 0.269
 0.947
 0.995
 0.848
 1.203
 0.955
 0.135
 1.136
 1.072
-0.645
-1.572
 0.041
 0.963
-0.178
-0.674
-0.666
-0.543
-0.104
 0.149
-1.269
-0.438
-0.740
 0.073
 0.116
-1.206
-1.597
-0.252
-1.289
-2.238
-1.461
-1.431
-1.067
-0.398
-0.859
-1.044
 0.399
-0.226
-1.002
-2.278
-0.715
-0.812
 0.965
-1.786
-0.777
-0.686
 0.715
-0.392
-1.857
 0.439
 0.227
-0.894
 0.109
 0.169
 0.226
 0.271
 0.613
 1.049
 1.504
-0.297
-0.139
 1.410
 2.114
 0.013
-0.657
-0.752
 0.213
-0.848
 0.677
-0.576
-1.139
-2.604
-2.180
-0.956
 0.110
-1.038
 1.176
 1.413
 1.578
 1.660
 3.122
 2.773
 1.521
 2.318
-0.192
-0.224
 0.200
 1.477
 1.826
-0.174
 1.465
 0.594
 0.623
 0.052
-0.558
 1.306
 2.449
-0.087
-0.873
-2.539
-1.022
 0.038
-0.829
-0.175
 0.886
 0.131
 0.669
 0.013
-1.243
-0.913
-0.473
 0.160
-0.773
 0.392
-0.598
-1.608
-0.265
-0.274
-0.978
-0.545
-0.140
 0.478
-0.388
-1.484
-0.948
-0.006
 1.156
 0.945
-1.105
-0.467
-0.451
-0.615
-0.583
-0.938
-0.931
-2.367
-1.456
-1.687
-0.081
-0.172
-1.857
-1.243
 0.693
-0.308
-1.382
-1.129
-0.708
-1.010
 0.494
-0.330
 0.371
 0.898
-0.762
-1.321
 0.199
-1.194
-0.720
-0.915
-0.565
-0.930
 0.275
-1.506
-0.904
-1.702
-0.229
-0.752
 1.858
-0.633
 0.481
 0.477
 0.396
 0.677
 1.445
 0.607
-0.224
-1.531
-0.495
-0.392
-0.747
-0.930
-0.526
 0.066
 0.525
 0.381
-0.568
 0.148
 0.154
 0.100
 1.284
-0.585
-0.187
 0.779
 0.080
-0.704
 0.808
 0.612
-0.196
 0.008
 0.390
 0.655
-0.548
-0.761
-0.418
 0.780
 0.395
 0.340
 1.245
 1.904
 1.150
 1.183
 0.921
 0.603
-0.034
 0.400
 0.743
 1.161
 1.658
 1.436
 0.257
 0.559
-0.366
 0.824
 1.291
 2.235
 1.033
 0.589
-0.233
 0.486
 0.416
 1.519
 0.054
 0.896
-0.257
 0.002
 0.088
 0.821
 0.660
-0.012
-0.527
-0.104
-1.625
 0.952
 1.491
 1.279
 2.303
 2.054
 1.641
 1.500
 2.607
 0.052
 1.054
-0.228
 0.774
 0.751
 0.194
 0.995
 1.485
 1.008
 0.686
 0.377
 0.170
 0.530
 0.780
 0.291
-0.743
-0.092
-1.026
-1.606
-0.036
 0.916
-0.171
 0.101
-1.171
-0.317
-1.297
-0.523
 0.246
-0.505
 0.896
-0.104
-0.077
 0.259
 1.274
-1.274
-0.606
-1.190
-0.677
-0.482
-0.897
 1.381
 0.566
 0.787
-0.535
-0.679
-0.316
 0.289
-0.057
-0.048
-0.321
 1.041
 0.561
 1.096
 0.475
-0.112
-1.535
 0.204
-0.314
 0.402
 0.863
 1.707
 0.312
-0.091
 0.781
-0.416
-1.017
 0.362
-0.156
 0.020
 2.182
 1.056
 0.815
-0.053
 0.337
-0.579
-0.912
-0.151
-0.007
-1.418
-0.490
-0.525
-0.283
 0.113
-0.976
-0.344
-0.487
-0.135
-0.994
-1.194
-1.472
-1.302
-1.345
-1.308
-1.271
 0.328
-0.312
 0.668
 0.609
-1.727
 0.279
 0.810
-0.938
-0.155
-1.584
-1.323
 0.567
 0.496
 0.261
 1.614
 0.541
 0.981
 0.282
 0.647
 1.357
-0.566
-0.894
-0.937
-0.286
-0.393
-0.768
-0.852
 0.930
 1.943
 0.579
-0.268
-0.121
-0.141
-0.426
-0.644
-0.956
-0.145
 2.152
 0.631
 0.247
 0.862
-0.544
-0.438
-1.077
-0.689
-1.481
-1.390
-1.305
-1.201
 0.618
 0.700
 0.201
-1.055
-0.859
 0.177
 0.224
 0.738
-1.549
 1.085
-0.459
-0.387
 0.913
-0.336
 1.263
 1.003
 0.442
 0.490
 1.323
 1.429
 2.202
 1.300
 1.099
 0.139
 1.965
 1.996
 1.727
 1.404
-0.077
 0.122
-0.485
 0.257
 2.059
 0.409
-0.073
-1.167
 0.328
-0.375
 0.479
-1.605
 0.480
 0.642
 0.890
-0.161
 1.159
 1.225
 0.012
 0.627
 1.707
 1.615
 2.386
 0.078
-0.316
-0.551
 0.508
 0.428
 0.360
-0.157
 1.343
-0.093
-0.413
-1.590
 0.965
-0.274
-1.198
-0.736
 0.115
-0.634
 0.381
-0.060
 2.073
 0.517
 1.735
 0.580
 1.486
 0.468
 0.009
-0.173
-1.253
-0.089
 1.774
-0.098
 1.381
 1.150
 1.011
 0.387
-0.081
 0.728
-0.061
 0.924
-0.155
-0.214
-0.497
-0.632
-0.278
-2.507
-2.154
 0.258
 0.195
-0.471
-0.513
 0.765
 0.528
-0.146
-0.146
-0.357
-0.691
-0.149
-0.103
 0.879
 0.158
-0.032
 0.873
 2.834
 1.277
 1.221
-0.087
 0.143
-0.060
 0.448
-1.212
 0.677
 1.626
 1.465
 0.082
 0.693
-0.498
 0.969
 0.870
-0.238
-0.962
-0.337
-0.375
-0.196
-1.559
 1.012
 0.426
 0.677
 0.807
-0.671
-2.702
-0.361
-1.014
-0.876
 1.656
-0.120
 0.533
-1.136
-0.792
 0.698
 1.056
 0.993
-0.045
 2.091
-0.603
 1.028
 1.610
 1.515
 1.736
 1.041
 0.930
 0.040
 1.588
 0.245
 0.030
-1.501
-0.899
-1.166
-0.302
-0.130
-0.014
-1.355
 0.407
-0.509
 1.145
 1.622
-0.167
 0.873
-0.582
-0.217
-0.644
-0.738
 0.001
-1.415
-1.352
-1.878
-0.978
-0.715
-0.555
 0.333
 0.154
-0.808
-0.263
-1.544
-1.259
 0.726
-1.024
-0.695
-0.698
-1.445
-0.709
 0.092
-0.756
-0.383
-0.016
 0.558
 0.555
-0.519
-1.047
-1.336
-0.662
-0.558
-0.027
-1.140
 0.468
 0.655
 0.574
 0.874
 1.943
 0.223
-0.278
-0.714
-1.082
-0.677
-0.996
-1.385
-2.749
-1.075
-0.327
-1.657
-0.780
 0.219
 0.019
 0.096
-1.170
 0.741
-0.071
-0.111
-1.108
 0.562
-0.082
-0.711
 0.156
 0.025
-1.075
 0.397
-0.671
-1.346
-0.082
 0.764
 0.511
-0.167
-0.475
 0.797
 0.397
 0.454
 1.228
-0.585
-0.324
 0.510
 0.017
-0.508
-1.267
-0.550
-0.159
-1.283
-0.856
-0.442
-0.722
 0.746
 0.131
 0.041
-0.083
-0.806
-0.538
-1.961
-0.947
-0.998
-0.655
 0.129
 0.329
 0.071
-0.848
 0.077
 2.045
-0.127
 0.701
 1.066
 0.286
 0.647
-0.917
-1.178
-0.565
 0.283
 0.536
 0.228
 0.886
 2.107
 1.952
 1.406
 1.956
 0.613
 0.600
-0.334
 0.368
 0.394
 0.498
 0.012
 0.067
 1.362
 0.626
 1.476
 0.552
 0.535
 0.668
 0.487
 2.154
 0.785
 0.034
-0.352
 0.657
 0.824
 0.474
 1.272
 1.191
-0.103
-0.526
-1.245
-2.040
-0.596
-1.563
-1.386
-1.111
-1.244
-2.125
-2.928
-1.437
-2.332
 0.133
 0.897
 0.246
 0.519
 0.324
 0.057
 0.189
-0.477
-2.686
-0.334
 0.292
 0.199
 1.397
-1.505
-0.316
-0.945
-0.711
-0.836
-0.932
-0.388
 0.254
-0.718
-0.848
-0.130
 0.934
-0.985
-0.686
-1.940
-1.843
-1.737
-1.258
-1.116
 0.691
-0.491
-0.242
 0.313
-0.959
-0.316
-0.314
-0.535
-0.055
-0.065
 0.949
 0.733
-0.425
-0.499
-0.332
 0.356
-0.036
-0.910
-1.705
-1.474
-2.670
-1.602
 1.131
-1.129
 0.696
 0.305
 0.513
 1.092
 0.695
 1.612
 1.251
 0.953
 1.278
 0.872
 0.447
-0.077
 1.154
 0.153
-0.051
 1.092
 0.574
 0.009
-1.356
-1.701
-0.660
 0.858
-1.204
 0.178
-1.985
-0.209
-0.034
 0.092
-0.983
-1.787
-0.762
-0.961
-1.407
-1.353
-1.093
 0.335
 0.802
-0.179
 0.209
-0.595
-0.367
-0.065
-0.463
 0.652
 0.407
 0.382
-0.996
-0.187
 0.311
 0.559
-1.591
-0.647
-0.361
 0.932
 0.416
-1.263
-0.765
 0.285
 0.762
-0.628
-1.027
 0.318
-0.490
 0.026
 0.415
-0.740
-0.453
-0.054
 0.517
 1.479
 1.430
-0.895
 0.869
 0.832
 1.914
 0.864
 1.237
 0.427
 1.552
 1.215
 1.583
 1.820
 0.676
 0.267
-0.021
 0.599
 0.078
 0.646
 0.238
 1.101
 1.045
 1.096
 0.953
 1.287
 1.550
 0.112
-0.179
-0.489
-0.642
-0.771
 1.621
-0.342
-1.035
-0.955
-1.667
-1.064
-0.256
 0.888
-0.151
 0.254
-0.846
-0.307
-0.256
-1.257
-0.349
-1.870
 0.250
 1.303
 0.090
-1.216
-0.330
-0.275
-1.160
-1.077
-0.299
-1.337
-0.845
-0.761
-1.008
-0.921
 0.110
-0.403
-1.755
-0.817
 0.027
 0.606
 0.116
-1.081
 0.305
-0.130
-1.473
-0.760
-1.412
-1.733
-1.347
-0.644
-0.441
-0.339
-0.315
-0.438
 1.023
-1.038
-1.187
-2.079
 0.625
-0.619
 0.356
-0.331
-1.907
-1.103
-1.189
-1.138
-0.694
-0.406
 0.173
-0.179
 0.470
 1.512
 1.201
 0.535
-0.446
 0.376
 0.859
 0.807
 0.489
 1.913
 2.468
 0.729
-1.029
-0.024
 1.246
 1.109
-0.125
-0.227
-0.390
-1.068
-0.341
 0.394
-0.049
 1.815
 0.780
 0.684
 1.306
 0.576
 0.780
 0.223
 0.965
-1.247
-1.785
-1.625
-1.471
-1.598
-1.890
-1.094
-0.798
 0.365
-0.658
-0.933
 0.147
-0.265
-0.130
 0.066
 1.201
 0.016
 0.704
-0.961
 0.383
-0.804
 0.476
-0.137
 0.185
 0.925
 0.424
 0.655
 0.306
 0.337
 0.818
-0.116
-0.100
-0.464
-0.352
-1.411
-1.195
-0.403
-0.138
 1.050
-0.289
 0.156
 0.430
 0.194
 0.419
 0.014
 0.571
 0.105
 1.195
-0.108
 0.001
-0.065
 0.269
-1.134
 0.848
 1.117
 1.978
 0.915
 1.204
-1.302
 0.124
 0.625
 0.019
-0.558
-0.398
 0.742
-0.308
 0.339
 1.089
-0.210
-0.604
-0.244
-0.524
 0.357
-0.304
 0.211
 0.215
-0.259
 1.876
 1.442
 0.149
-0.767
-0.630
-0.705
 0.752
-0.321
-1.366
 0.418
-1.322
-0.063
-1.348
-0.032
-0.763
-0.462
 0.099
-0.433
-0.646
-0.545
 0.435
-0.979
-0.024
 0.650
 0.488
-0.225
-0.527
-0.823
-0.221
-0.427
-1.475
-1.083
 0.019
 0.298
 0.497
-1.037
-2.344
-0.925
-2.008
 0.110
 0.280
-0.121
-0.343
-1.150
-0.382
-0.833
-4.207
-1.294
-0.012
-1.442
-1.271
-1.652
-0.456
-0.193
-2.078
-0.400
-1.744
-3.000
-2.044
-2.229
-0.117
 0.054
-0.356
-0.185
-1.252
 1.015
-1.490
-0.636
-1.963
-1.546
-0.678
 0.297
 0.473
 1.117
 1.462
 0.802
 1.097
-0.973
-2.045
-0.880
-1.342
 0.010
-1.439
-1.899
-0.685
-0.175
-0.417
-0.490
-0.602
 0.546
-1.376
-1.962
-1.080
-1.235
-1.266
-0.929
-1.092
-0.601
-0.290
 0.712
-0.350
 0.761
-0.701
-1.774
-2.071
-1.050
-0.104
-1.663
-0.890
-0.745
-0.457
-0.281
-1.556
-0.823
-1.463
-0.887
-0.544
-0.244
-0.114
-0.427
-1.177
 0.319
 0.017
 0.693
 0.060
-0.674
-1.131
-0.151
-0.655
-1.522
-1.843
-1.016
-1.993
-0.315
-0.691
 0.226
 1.264
 0.441
 0.326
 0.496
-1.257
-0.312
 0.921
-0.666
 1.193
 0.746
 0.084
-0.450
-0.626
-0.495
 1.034
 0.933
-0.378
 0.516
 1.672
 1.224
 2.743
 1.808
 1.479
 2.192
-0.589
-0.283
 0.879
 1.110
 0.491
 2.356
 0.737
 1.036
 0.912
 0.852
 0.905
 1.360
-0.210
 0.616
 2.627
 2.372
 3.430
 1.930
 1.462
 0.839
-0.709
-0.059
-0.177
 0.284
 0.043
 0.473
 0.770
 0.758
 0.541
 1.707
-0.145
 1.545
 0.896
 1.241
-0.265
 2.002
 1.149
 0.910
 0.639
 0.659
 0.347
 1.857
 2.336
-0.165
 0.165
-0.367
 0.084
-1.376
 0.175
 1.304
 1.060
 1.348
 1.127
-0.076
 2.146
 1.149
 1.058
-0.279
-0.232
-0.860
-0.565
-0.970
-1.054
-0.080
-0.048
-0.020
-0.508
-0.579
-0.571
-1.103
 0.312
-0.376
 0.546
 0.416
-0.491
 0.733
-0.572
-1.534
 0.941
 1.559
 0.490
-0.218
-0.444
 0.702
 1.707
 0.750
 0.514
 0.688
 0.672
 1.489
 0.770
 0.151
 0.167
-0.888
-1.020
 0.037
-0.382
 0.545
 0.004
-0.545
-0.612
-0.544
 0.076
 0.879
-0.481
-1.526
 0.185
 1.563
 0.546
-0.640
-0.124
 0.611
-0.047
 0.032
-0.230
 1.606
 1.476
 0.981
 0.677
-0.109
-0.190
 1.332
-0.051
-0.063
 0.426
-0.076
-0.978
 0.262
 0.925
 1.250
 0.348
 0.844
 0.426
-0.281
 0.224
-0.582
-1.088
-2.724
-0.482
-1.287
-1.163
-0.426
-0.148
-0.539
 0.224
-2.230
 0.350
 1.039
-0.582
 0.364
-0.079
 0.997
-0.448
 1.475
 1.430
 0.461
 0.709
 1.142
 0.334
 1.665
 1.005
 1.186
 2.159
 0.749
 1.510
 0.965
-1.316
-1.170
-0.260
-0.307
-0.038
 0.427
-0.392
-0.799
 0.347
 1.634
 3.024
 2.506
 1.679
 2.366
 1.830
 2.019
 1.298
 2.775
 0.927
 0.413
 0.511
 0.653
 0.161
 0.533
 1.424
 1.095
 1.033
-0.113
-0.702
-2.207
-0.481
 0.155
-0.834
 0.028
 0.081
 0.787
-0.143
-0.518
 1.093
-0.977
-0.671
 0.625
 0.538
-0.207
 0.211
-0.168
-1.917
-1.437
 0.702
 1.585
 1.170
 1.327
 0.353
 0.324
-0.117
 0.317
-0.755
-1.145
-0.863
-0.236
-0.723
-0.283
-0.431
-0.205
 1.009
 1.333
 1.707
 0.408
-0.687
 1.057
-0.204
-0.208
-0.844
-0.870
-0.403
-0.117
-0.193
 0.330
-0.106
 0.617
 0.220
 0.773
-0.019
 0.646
 0.502
-0.070
 1.086
-0.169
 0.098
-0.597
 0.308
-0.522
 1.456
 0.057
-0.668
 0.781
-0.407
 0.409
 0.496
 0.358
-1.342
-1.164
 0.378
 0.551
 0.888
-0.421
 1.203
 1.093
 0.821
 1.104
 1.536
 1.640
 0.990
 1.492
 0.089
 1.801
 0.442
 1.045
-0.446
 0.302
 0.793
 0.831
 0.384
 1.662
 1.104
 1.349
 0.433
 0.811
 0.957
 1.114
 0.287
 1.157
 1.508
 1.125
 0.935
 1.099
 0.823
 0.236
 1.521
 0.724
 1.571
 0.821
 0.544
 0.596
 1.164
 0.765
-0.792
 0.816
 0.044
 1.752
 0.909
 0.465
 0.126
-1.630
 1.227
 0.894
 1.424
 0.687
 0.699
 1.391
-0.762
-0.236
 0.085
-0.257
 0.320
-0.539
 0.236
-0.057
 0.173
-0.337
-2.454
-1.151
-0.143
-1.259
 0.876
 0.272
 0.396
-0.573
-0.232
 0.472
 0.469
-0.518
 0.889
 1.140
-0.078
 0.540
 0.280
 0.125
-0.785
-0.545
 0.257
-0.016
-0.834
 0.006
-0.328
 1.034
 1.791
 2.021
 1.326
 1.323
 0.159
 0.399
 0.644
 1.788
 2.322
 0.864
 0.144
 0.470
 1.364
 2.989
 2.049
 0.811
 1.090
 0.137
-0.784
-0.083
 0.682
 0.285
 0.736
 0.845
 0.515
 1.080
 0.350
 1.786
 0.513
 0.337
 0.216
 0.522
 1.236
 1.479
 1.261
 0.404
 1.072
 1.423
 1.743
 1.272
 1.461
 2.247
 2.197
 0.911
 0.624
 0.730
 0.758
 0.385
-0.957
 0.460
-0.221
 0.976
 0.103
 1.048
 1.234
 1.405
 0.335
-0.474
 0.593
-0.292
 0.588
-0.677
-0.325
-0.869
 0.665
-0.139
 0.070
-0.115
 0.522
-1.497
-0.456
 0.579
 1.466
 2.124
 0.822
-0.814
 0.113
 0.322
-0.438
 0.347
-1.304
 0.665
 1.260
 0.287
-0.021
 0.543
-0.758
-0.234
-0.306
-0.383
-0.572
 0.347
-0.650
 1.975
-0.146
 0.724
 0.205
-0.079
 1.375
 0.044
 0.064
-0.898
 0.363
-0.289
-0.457
-0.538
 0.348
-1.478
-0.424
-0.898
 0.553
 1.219
-1.054
-1.179
 0.559
-0.256
-0.074
 0.147
 0.036
-1.387
-0.744
-0.226
-0.261
-0.730
-0.052
 0.182
 1.761
 0.223
 0.122
 1.026
 1.426
 1.447
-0.606
-1.229
-1.513
-0.426
 0.832
 0.152
-1.057
 0.287
 0.173
-0.444
-0.649
 1.095
 1.282
 1.181
 0.839
 1.245
 1.167
-0.829
 1.290
 1.204
 1.387
 0.145
-0.104
-0.430
 0.803
-0.159
 0.522
 1.321
 0.368
 0.538
 1.436
 1.665
-0.014
 1.161
 1.788
-0.339
-0.548
-1.904
 0.426
-0.334
-0.633
-1.072
-1.761
 0.169
 0.313
 0.395
 0.420
 0.866
-0.725
 1.011
-0.444
-1.548
-0.620
-0.423
 0.145
 0.246
-0.554
-0.482
-0.476
 0.126
 1.391
-0.296
 0.115
 1.826
 0.467
 0.292
 0.932
 1.461
 0.514
 1.601
 1.627
 1.447
-1.175
-0.835
 1.133
 0.201
 1.839
 1.290
 1.292
 1.796
 1.052
 1.626
 0.792
 0.816
 1.547
 1.146
 0.445
-0.193
-0.020
-0.918
 0.150
 0.129
 2.141
 0.359
 0.911
 0.336
 2.681
 1.210
 0.274
 0.183
-0.180
 0.807
 0.875
 1.685
 1.233
 1.411
 2.462
 1.558
 0.144
-0.059
 0.815
 0.766
 0.310
-0.582
-0.388
-0.079
 0.586
 0.694
 0.445
-0.065
-0.426
 0.820
 0.600
 0.128
 0.405
 1.769
 0.266
 0.372
-0.299
 0.159
 0.471
-0.713
 0.210
-0.655
-0.861
-0.463
-0.256
 0.094
 0.775
 0.447
 0.301
-0.072
 1.037
-0.500
 0.541
-0.489
 0.259
 0.098
 2.297
 0.475
 0.823
 0.711
 0.128
 0.303
-0.297
 0.712
-1.219
-1.563
-2.446
 1.157
-0.451
-0.798
-1.179
-0.631
-0.720
-0.083
-0.800
 0.014
 1.525
 1.251
 0.055
-0.715
 0.542
-0.294
-1.221
-0.844
 0.291
-0.715
-0.343
-0.855
-0.155
-1.008
-2.190
-0.779
-0.438
-1.153
-1.602
-1.330
-0.624
-2.057
-1.099
-0.900
-1.991
 0.431
 0.343
-0.449
-0.061
-0.800
-0.491
-0.921
-0.203
 0.558
 0.501
 0.312
 0.239
-0.762
-0.664
 0.506
 0.885
 1.675
-0.797
-0.074
 0.990
 0.371
-2.132
-1.386
-0.415
 0.001
-0.108
-0.403
 0.251
 0.894
 0.013
-1.293
-0.530
 0.450
 0.614
 0.575
 0.000
 0.650
 0.509
-1.290
 0.195
-0.172
 0.118
 0.336
-0.612
 0.577
-0.028
 0.604
-0.452
-0.123
 0.776
 2.329
-0.566
 1.148
 1.029
-0.062
 1.810
 0.866
 1.309
 0.611
 0.119
 0.894
 0.749
-0.748
 1.771
 0.965
-0.275
 0.645
-0.808
 0.741
-0.517
-0.335
-0.076
-0.287
-0.072
-0.066
 0.496
 0.036
-1.356
 0.238
-0.110
-0.232
 1.073
-1.292
-0.319
 0.091
 0.836
 0.650
 0.532
-0.121
-0.442
-0.231
-0.278
 0.335
 0.368
-0.530
-0.951
-0.656
-0.017
 0.628
-0.848
-0.926
-1.134
 0.439
-1.322
-1.832
-0.324
-0.245
 0.121
 0.196
-0.187
-1.085
 0.159
-0.710
-1.051
 0.375
-0.384
 0.069
-0.160
-0.871
-1.078
-0.592
-0.805
-1.744
-2.474
-0.600
-0.224
 0.231
 0.186
 0.489
 0.872
 1.355
 0.651
-1.057
-0.258
 0.167
-0.980
-0.281
-0.239
-0.459
-0.815
 0.620
-0.685
-0.356
 0.636
 0.471
-0.465
-0.803
-1.071
 1.435
 1.092
 0.902
 0.757
 0.169
-0.085
 0.588
-0.576
 0.036
-0.756
 0.047
-0.511
-1.064
-0.648
-0.644
 0.202
 1.789
-0.308
-0.093
-0.369
-0.517
-0.295
-0.493
 0.256
-0.336
-0.427
 0.468
 0.925
 1.369
 0.506
-0.203
-0.264
 0.043
 0.199
 0.676
 0.719
 0.463
-0.005
-0.866
 0.743
 0.693
 0.105
-0.026
 0.319
 1.306
 0.659
-0.654
-0.794
-1.447
-1.066
-0.741
-0.084
-0.523
-0.415
-0.497
-0.166
-0.999
-1.526
-1.742
-1.058
 1.595
 0.696
 0.946
 1.271
-0.417
-0.857
 0.707
 2.501
 1.011
 1.553
 0.934
 0.719
 0.261
 0.453
 1.080
 0.978
 0.469
 0.986
 1.464
 0.353
-0.292
 0.804
-1.065
-0.177
-0.870
-0.523
-0.458
-0.047
-0.005
 0.268
 0.394
 0.207
-0.156
-0.151
 0.830
-0.520
-0.129
-0.566
 0.362
-0.050
 0.484
 0.463
 0.353
 0.378
 1.469
 2.318
 0.058
 0.391
-0.060
 0.655
-0.972
-0.545
-0.837
-0.199
 0.061
-0.888
-1.861
-1.024
 0.307
-0.266
 0.113
-0.437
 0.810
 0.588
-0.421
-1.202
-0.469
 1.161
 0.117
 0.570
 0.002
 0.510
 0.200
-1.151
-0.624
 1.636
 1.576
 0.394
 0.120
 0.985
 0.234
 1.737
-0.333
-0.780
 0.252
-0.627
-0.709
-1.249
-1.328
-1.180
-2.435
-1.796
 0.850
-0.677
 0.517
-0.689
 0.284
-0.771
 1.365
 0.937
-0.746
 0.002
-0.056
-0.731
 0.712
 0.938
 0.935
 0.725
 0.077
-0.811
-0.170
 0.296
-1.160
-0.746
-0.071
-0.525
-0.949
-1.276
-0.466
-1.443
-2.206
-1.599
-1.320
 0.802
 0.432
 0.085
-0.343
 0.925
-1.146
 0.215
 0.584
 1.056
-1.208
-2.142
-0.247
 0.373
-0.368
-0.443
-1.664
 0.727
 0.825
 0.362
 0.933
 0.197
-0.390
 0.155
-0.986
-0.986
-1.174
 1.093
 0.371
-0.247
-1.085
 0.938
-0.146
 0.776
-0.414
-1.620
-0.800
 1.078
 0.901
 1.009
 0.835
 2.878
 1.139
 2.835
 2.542
 1.706
 1.020
 0.282
 2.572
 0.184
 0.752
 0.501
-0.081
 0.220
-0.678
 0.685
-0.154
-0.450
-0.372
-1.613
-0.439
-0.517
 0.469
-0.011
-0.242
-0.195
-0.737
-0.955
-0.725
 0.147
-0.725
-0.381
-1.133
 0.593
-0.160
-1.345
-1.374
-1.601
-0.614
-2.148
-2.040
-1.177
-0.247
-0.207
-0.370
-0.853
-1.289
-1.277
 0.931
-0.140
 0.562
-0.222
 0.060
 0.637
-0.827
-0.018
-0.832
-0.740
-0.717
 1.051
-0.923
-0.032
 0.592
-0.560
 0.260
-0.746
-0.361
 0.390
-0.096
 0.205
-1.047
 1.051
 0.214
 1.167
-1.100
-0.105
-0.148
 0.061
-0.729
-0.737
 1.069
 0.996
 0.331
 0.080
-0.272
 0.436
-0.343
 0.017
-1.405
-0.360
 0.370
 1.259
 1.043
 0.070
 1.443
-0.418
 1.313
 0.925
-0.379
-0.144
 0.300
 0.855
 0.250
-0.261
-0.281
 0.031
 0.590
-0.806
 0.230
 0.771
-0.139
 0.250
-0.186
 1.096
 1.224
 0.761
 0.534
 0.023
 0.750
 0.460
 0.091
 1.007
 0.060
 0.956
 0.691
-0.278
 1.885
 0.762
 1.717
 2.198
 0.965
 1.385
 2.924
 1.776
 0.807
 1.362
 0.946
 1.768
-0.122
-0.836
 1.443
 1.353
 1.500
-0.150
 1.162
-0.802
-1.519
-0.168
-0.689
-0.076
 0.120
-1.945
-0.049
-0.261
-0.301
-0.648
-0.688
 0.265
 0.373
-1.195
-0.565
 1.343
 1.056
 0.659
 0.928
-0.068
-0.823
 1.164
 1.318
-1.164
 0.977
 1.478
 1.317
 1.805
 2.312
 0.387
 1.907
 1.743
 1.460
 2.270
-0.178
-1.025
-0.302
 0.897
 1.720
 0.211
 0.034
-1.130
-0.292
 0.929
-0.564
-0.842
 0.650
-0.502
 0.595
 1.007
 1.070
 0.404
 1.565
 1.311
 1.618
 0.672
 1.070
 0.148
 1.770
-0.281
 1.055
 2.181
-0.126
-0.168
-0.789
 1.046
 2.163
 2.262
 1.512
 1.963
 1.067
 0.448
 2.320
 0.996
 2.277
 1.460
 1.125
 1.116
 0.780
 0.186
 2.034
 1.921
 1.760
 0.653
 0.934
 1.253
 1.521
 0.853
 1.128
-0.316
-0.889
 0.156
 0.702
 0.324
 0.393
-0.831
 0.419
 0.003
-1.807
 0.451
 0.540
 1.060
 1.969
 2.417
 1.741
 0.248
 1.273
 0.636
 2.304
 2.015
 2.059
 2.030
 1.085
 0.067
 1.243
 2.455
 1.967
 0.966
 1.863
-0.824
 0.119
-0.517
 0.807
 2.423
 0.160
 1.789
 1.940
-0.683
 0.650
-0.389
 0.172
-1.937
 0.464
 1.436
-1.078
-0.123
 0.834
 0.443
 0.930
 0.523
-0.148
-0.187
-0.259
 1.162
 0.551
-0.196
-0.087
-0.198
-0.125
-0.148
-1.471
 0.023
 1.930
 0.029
 0.860
 1.315
 0.627
 0.901
 2.027
-0.923
 0.054
 0.141
-0.325
 0.243
 0.769
-0.419
-1.112
 0.374
 1.822
 1.035
 2.163
 1.714
 0.011
 2.231
 1.309
 0.475
 0.621
-0.886
 0.207
 0.138
 2.622
 0.252
 0.862
 0.907
 0.360
 0.762
 0.660
 2.319
 1.952
 1.040
 2.243
 1.590
 0.348
 0.357
 0.579
-0.927
 0.301
-0.142
 0.403
-0.280
 0.742
-0.548
 0.948
 0.363
 0.958
-0.203
 0.732
-0.588
-0.157
 0.511
 1.286
 0.640
 1.964
-1.308
-0.242
 0.202
 0.261
 0.488
 0.747
 0.220
 1.123
 1.635
 1.517
 0.957
 0.889
 0.427
 0.231
 1.131
 1.217
-0.209
 1.732
 1.369
 2.584
 1.095
 3.199
 1.652
 3.049
 2.317
 1.366
-0.384
 0.341
 0.859
 0.129
 0.655
 1.799
 1.245
 0.139
 0.415
 1.292
-0.058
-0.587
-1.275
-0.481
 0.972
 0.566
 0.415
 1.198
 0.641
 0.953
 0.310
 0.976
-0.248
 0.112
-0.438
 0.730
-0.470
-0.693
-0.064
-1.502
-0.130
 0.962
 1.989
 2.640
-0.573
 0.463
-0.096
-0.323
 0.474
 1.396
 1.429
 0.325
 0.725
 2.124
 0.177
 0.234
-1.248
-0.456
 0.575
 1.695
 0.735
 0.158
 0.792
 0.503
 0.601
 1.085
 0.456
 1.512
 1.828
 1.084
 1.239
 0.413
 2.928
 0.863
-0.677
 1.961
 0.445
 1.843
 1.235
 0.648
 1.013
 0.538
 0.775
 1.986
 1.761
 0.633
-0.029
 0.037
 0.725
 1.415
 1.043
 0.628
 0.851
 0.564
-0.070
 0.924
 0.119
 1.027
 0.757
 2.658
 0.587
-0.702
 0.263
 0.262
-0.289
 0.915
 0.087
-0.645
 0.577
-1.323
-0.308
-1.168
-1.677
-0.089
 0.711
-0.741
-0.255
 0.104
-1.093
-1.665
-0.790
-0.386
-0.789
 1.009
 1.336
-0.135
 0.392
 1.161
 0.621
-0.492
 0.548
-0.423
 0.828
 0.886
 1.838
 0.447
 2.874
 1.622
 2.326
-0.050
 1.440
-0.991
 0.683
 0.018
 0.688
 1.052
 0.463
 2.261
 0.733
 1.410
 0.794
 0.443
 0.906
 0.551
 0.600
 1.522
 1.003
 0.797
 1.844
 0.686
 0.662
 0.388
 0.073
-0.423
 0.070
-0.505
-0.102
-0.215
 1.695
 0.695
 1.516
 0.867
 0.709
-0.204
 0.949
 0.408
 0.888
 0.533
-0.446
 1.211
 0.363
-1.181
-0.479
-0.879
-0.046
 0.188
-0.261
 1.197
 0.947
-0.126
-1.020
 0.178
 0.085
 0.637
 0.243
-0.311
-0.002
 0.412
 0.587
 1.656
 1.212
-0.419
 2.429
 0.278
 1.189
 2.759
 0.975
 0.267
 0.545
-1.174
-0.565
 1.031
 0.080
 2.124
 0.309
-0.318
 0.085
 0.198
 1.415
 1.255
 1.136
 0.117
 0.394
 1.101
-0.388
-1.418
-0.894
-0.603
-0.902
-0.122
 0.464
 0.049
-0.073
-0.182
 0.041
-0.073
-0.714
-0.132
-1.011
-1.598
 0.200
-2.323
-1.822
-0.584
-0.435
-0.418
-1.418
-0.361
-0.111
-1.820
-0.640
 0.636
 0.352
 1.255
 0.510
 0.670
 0.796
-0.314
 0.836
 0.681
-1.426
-1.450
-0.215
-0.529
-0.350
-0.787
 0.653
 1.108
-0.741
 0.085
 0.414
-0.678
-0.550
 0.387
 0.469
 0.313
 0.519
-1.368
-0.336
-1.334
-1.040
 0.323
 0.430
 0.428
-0.155
-0.474
-0.636
 0.778
 0.233
-0.085
-1.646
 0.666
 0.302
-0.550
-2.363
-1.229
-0.862
-0.964
 0.576
 2.240
-0.568
-0.103
 0.360
-0.198
-1.300
-0.174
-1.331
-0.544
-1.728
-0.880
 0.507
 1.269
 1.549
-0.306
-1.225
 0.824
 0.641
 1.773
 0.118
-1.232
 0.234
-0.282
 0.694
-0.069
-2.517
-0.453
-1.261
-0.092
-1.831
-0.575
-1.323
 0.198
 1.321
 0.775
-0.649
 0.116
 0.361
 0.495
-0.395
-0.779
 0.149
-0.134
-1.838
-1.813
-1.708
 0.137
-0.405
-0.392
-1.711
-0.909
-0.230
-1.211
-1.112
-0.916
-0.362
-0.031
-1.564
 0.400
 0.055
 0.674
-0.138
-1.196
-1.147
-0.445
-0.103
 0.058
 0.952
 0.412
 0.949
 1.302
 1.489
 0.444
 0.211
-0.467
 0.762
-0.144
-1.381
-1.140
 0.723
 0.800
-0.049
-0.096
-0.309
 0.643
 1.026
 1.819
 2.173
 0.731
 0.887
-0.546
-0.670
 0.442
-0.995
-0.279
 0.962
 0.571
-0.710
 0.176
-0.424
-0.035
 0.061
 0.136
 1.145
 0.673
 2.532
 1.664
 1.269
 0.451
-1.594
-0.755
 0.373
 0.929
 0.152
-0.304
-0.823
-0.401
 1.215
 1.356
 1.466
 0.632
 0.456
 1.845
 1.725
-0.169
 0.538
-0.238
-0.154
-1.646
 0.199
 0.287
 0.141
 0.709
 0.829
 1.524
 1.554
 1.397
 0.858
 0.542
 1.096
-0.463
 1.794
 2.754
 1.118
 0.639
 0.726
 1.282
 1.292
 1.220
 0.226
 3.004
 1.048
 1.519
 0.748
 0.985
-0.091
 1.547
 0.000
-0.556
-0.912
 0.466
 1.481
-0.320
 0.505
 0.599
 0.798
 0.921
 0.139
 0.146
 0.560
-1.117
 0.419
-0.438
 1.054
 1.209
 0.920
 0.376
-0.360
 0.229
-0.077
-0.285
-1.246
-2.336
-1.026
-1.754
-0.339
-0.367
-0.650
 0.116
-0.134
-0.058
 0.777
-1.041
-0.426
-1.069
 0.637
 1.251
 0.796
 1.103
-0.012
-0.765
-0.949
 0.383
 0.606
 1.870
 1.913
 1.540
 2.477
 0.797
 0.959
 0.435
-0.654
 1.879
 0.480
 0.594
 1.373
 0.215
 1.809
 0.155
-0.118
 0.668
-0.672
 1.335
 1.060
-0.210
 0.597
 0.233
 1.253
 1.103
 0.745
 1.478
-1.071
 1.275
 1.766
 0.583
 0.062
 0.471
 1.031
 0.229
-0.479
-1.867
 0.718
 0.979
-0.554
 1.193
 0.860
 1.394
 0.684
 0.536
 2.073
-0.241
-1.085
-0.359
 0.096
-0.527
 1.449
-0.700
-1.714
 0.807
-0.114
 0.540
-0.086
 0.701
 1.034
-0.605
-0.588
-0.881
-0.537
 0.718
 1.329
 0.877
 0.784
 0.766
 1.615
 0.089
-0.205
-0.526
-0.507
-0.415
-0.002
-0.054
 0.468
 2.041
 1.036
 1.698
 1.426
-0.714
-1.348
-1.473
 0.138
-0.243
 0.610
 1.123
-0.261
 0.092
 1.701
 1.537
 2.243
 0.805
 0.992
 0.907
 1.089
 0.847
-0.156
 2.164
 0.885
 2.580
 1.042
 1.299
 1.271
 0.927
 1.260
 0.873
 0.571
 1.184
 1.472
 0.426
 0.010
 0.806
 1.056
 0.799
-0.683
 1.589
 1.143
 1.351
 0.593
-0.166
 0.895
 1.112
 0.432
 0.174
 0.107
 0.196
 1.240
 0.273
 0.941
 1.274
 0.236
 0.163
 1.376
 0.387
 1.119
 0.856
-0.332
 2.552
 0.915
 1.274
 0.924
 1.332
 1.239
 0.766
 0.830
 1.157
 0.996
 0.428
 0.849
 1.231
 1.428
 0.374
 0.674
 0.762
 0.115
-1.205
-0.653
 0.421
-0.593
-0.206
-0.448
-0.676
-1.100
-0.521
-1.588
-0.685
-0.522
-0.685
 0.109
 0.209
-0.683
 1.550
-0.009
 0.423
 0.756
 0.866
 0.601
 0.721
 2.126
 0.991
-0.494
-0.980
-0.545
-0.890
-0.545
-0.141
-0.567
-1.611
-0.408
-1.872
-1.262
-1.362
 0.222
 0.893
-0.112
-1.435
-0.188
-1.186
-0.994
-0.645
-1.048
 0.406
 1.473
 0.699
 1.612
 0.636
 0.073
-1.182
-1.579
-0.700
-0.235
-0.369
-0.533
-1.173
-0.327
 0.167
-0.632
-0.025
-1.491
-0.005
-1.216
-0.398
 0.203
-0.917
-0.878
-1.403
-0.693
-0.946
 0.590
 0.481
 2.075
 1.219
 1.003
-0.272
-1.024
 0.058
 0.654
 1.168
 1.174
 0.580
 0.361
 2.227
-0.473
 0.962
 2.405
 1.885
 0.125
 0.852
 0.209
 2.043
 1.075
 2.346
 1.630
 1.231
 0.540
 0.922
 0.686
 0.561
-0.240
 0.478
 0.507
 1.920
 0.789
 0.240
-0.131
 2.200
 0.444
 0.550
-0.065
 0.127
-0.960
-1.132
 0.166
 0.657
 1.492
 1.476
 2.532
 0.984
 2.687
 2.296
 1.343
 1.085
 0.424
 0.488
-0.784
 0.622
-0.169
-1.279
 0.231
 1.023
 2.474
 0.042
 0.559
 0.426
-0.187
 0.334
 0.057
 0.255
 2.125
-0.179
-1.152
-0.464
 0.179
-0.736
 0.674
 0.784
 1.955
 0.449
-0.823
-1.064
-0.839
-0.307
 0.879
 1.069
-0.095
-0.797
-0.612
 0.035
 1.363
 0.987
-0.630
 1.226
-0.686
-1.366
-0.116
-1.017
-0.626
-0.577
-0.601
-0.214
-0.156
 0.080
-0.517
 0.360
-0.210
 1.138
 0.511
 0.678
 1.208
 1.237
 1.442
 2.126
 0.472
 0.880
 0.350
-1.126
-2.394
 0.133
-0.415
-0.913
-0.270
-0.693
-0.954
 0.234
 0.943
 0.044
 0.216
-1.034
-0.680
 1.034
 1.147
 0.208
-0.576
-0.729
-0.660
-0.244
-0.634
-0.654
-2.105
-0.929
-1.636
-1.150
-0.916
-1.430
-2.702
-0.449
-1.728
-0.272
-0.663
-0.854
-0.130
 0.058
 0.220
-2.108
-0.953
-1.912
-0.490
-0.961
 0.075
-0.539
 0.227
-0.263
 0.867
-0.453
-0.855
-0.604
 0.001
 0.506
 1.283
 1.433
 1.199
-0.245
 0.903
 0.270
-0.147
 1.023
-0.575
-0.342
 1.638
 0.184
 0.227
-0.034
-0.930
-1.206
 1.204
 0.302
 0.557
 0.217
-0.207
 0.126
-0.005
-0.831
-1.962
 0.877
 0.600
 0.250
-0.981
-1.799
 0.316
 0.943
-0.619
-2.147
-1.514
-0.783
 1.230
-0.343
 0.027
-0.366
 0.735
-1.068
-1.344
-1.367
-1.442
-1.057
-1.075
 0.931
-1.580
-0.160
-0.062
 0.345
-0.274
-0.840
 0.661
 0.516
 1.472
 0.664
 0.549
 1.665
-0.571
 0.682
 2.418
 1.314
 0.115
-0.559
 2.583
 1.741
 1.353
 1.095
 1.080
 1.955
 0.704
 0.307
 0.187
 0.973
 0.396
-0.140
-0.145
 1.157
 0.490
-0.028
 0.708
 1.811
 1.308
 0.182
 0.032
-0.437
 1.525
-0.742
-0.949
-0.171
 0.786
-1.460
-1.148
-1.337
-0.568
-1.953
-1.111
 0.343
 1.405
 1.236
 0.259
 1.662
-0.259
 1.286
-0.516
 0.786
-0.546
-0.038
-1.839
-1.884
-0.375
-1.278
-0.225
-0.671
-2.357
-0.264
-1.044
-1.641
-0.753
-1.648
-0.580
-2.806
-3.408
-0.707
-0.511
-1.914
-0.814
-1.624
-1.683
-2.134
-1.865
-1.422
-0.473
-0.840
-1.275
 0.294
 0.623
-0.841
-0.616
-1.624
 0.027
-0.474
-1.887
-0.770
-0.002
 0.390
 0.473
-1.134
-1.275
-1.507
-0.993
-0.836
-0.630
-0.627
-0.140
-0.105
-0.075
-0.801
-0.031
-0.692
-0.410
-1.165
 0.452
-0.665
-0.155
 0.372
-0.918
-0.261
-0.130
-1.758
-0.078
 0.076
-0.842
-0.465
-0.048
-0.489
-2.163
-1.856
-0.843
-2.267
-1.096
-0.641
-0.328
 0.461
 1.077
 1.247
-0.072
 1.649
-0.437
 0.873
-0.860
 0.134
 0.584
 0.787
 0.564
-0.210
 0.519
 0.758
 0.277
 0.924
 2.257
 2.482
 1.076
 1.113
 0.324
 0.895
 0.559
 0.092
 0.780
 0.467
 0.379
 0.480
-0.038
 1.210
 1.530
 0.075
 0.171
 1.202
 1.169
-0.245
 0.268
-0.342
 0.184
 0.985
 0.856
 0.334
-1.144
 0.449
 0.269
 1.030
 0.180
 1.589
 0.617
-0.926
-0.592
-0.019
 0.233
 1.695
 0.122
-0.216
-0.270
-0.049
-0.118
-0.788
-1.579
-1.159
-0.059
-0.229
-0.714
-0.385
-1.441
-0.009
-0.172
-0.027
 0.777
 0.923
 0.972
 0.278
-0.730
 0.056
 0.629
 0.539
 0.596
 1.162
-1.483
-0.541
 1.013
-1.151
 0.546
-1.554
 0.038
-0.411
 1.302
 0.519
 0.494
-0.060
 0.278
 0.798
 0.358
-1.021
-1.949
-1.653
-0.837
-0.920
-1.522
-0.523
-2.055
-2.420
-2.402
-0.707
-0.598
-0.669
 0.392
 1.278
-1.100
-1.826
-0.255
 0.607
 1.272
-0.120
-0.193
-1.250
-0.754
-0.290
-1.256
 0.140
-1.659
 0.825
-0.026
-1.592
-1.741
-0.900
-1.106
 0.019
-0.294
-0.508
-0.518
-0.612
 0.003
-0.443
-0.639
-1.554
-1.377
-1.249
-0.261
-2.102
-1.830
-0.275
-0.797
-1.156
-1.026
-1.797
-0.593
-1.103
-1.163
-2.242
-1.019
 0.354
-0.221
-0.198
-0.202
 1.242
 0.540
-2.309
-0.457
-0.197
-1.359
-1.032
 0.925
-0.820
 0.059
-1.187
-1.225
-0.523
-0.565
-1.521
-0.482
-0.105
 0.055
 0.255
 0.358
-0.860
 0.390
-1.575
-0.205
-0.484
 0.600
 0.689
 0.976
 1.711
 1.025
-0.056
-1.217
-1.248
-2.305
-1.816
-0.658
-0.408
-0.666
 0.142
-0.522
 0.365
-0.195
-0.256
-0.766
-0.723
 0.253
-0.505
-0.697
 0.054
-0.028
 0.330
-0.182
-0.572
-0.377
-0.923
-0.796
-0.112
 0.442
 0.385
-0.690
 0.085
 0.750
-0.388
-0.875
 0.029
 0.519
 0.973
 0.652
 0.361
-0.341
 0.119
-1.411
 0.075
 0.159
 0.274
 0.198
-1.829
-0.735
 0.585
 1.255
-1.041
-0.783
-0.280
-0.155
 0.611
 0.219
 0.160
-0.095
 1.467
 1.110
 0.428
-0.792
-0.840
 0.204
-0.986
-1.133
-1.408
-0.558
-0.528
-0.812
-0.604
 0.478
 0.276
-0.322
-1.040
 0.177
-0.156
 0.405
 2.759
 0.261
-0.245
-0.711
 0.110
-0.498
-0.134
-0.796
 0.707
 0.654
 0.654
-0.070
 0.732
-0.804
-0.095
 1.063
 1.054
 1.380
 0.543
-0.222
-0.196
-0.754
 0.858
 0.547
 1.868
 0.356
-0.490
-0.583
 0.106
 0.336
 0.027
 0.620
-2.106
 0.023
 1.973
 0.999
 0.846
 0.872
 0.336
 0.826
 0.214
 1.133
 1.151
 0.881
 0.859
 1.686
-0.644
 0.888
 0.728
-0.985
 1.907
 0.027
 0.331
 0.209
 1.792
 1.409
 2.585
-0.522
 1.194
 1.232
-0.237
-0.087
 1.522
-0.121
 0.345
 0.228
 1.709
 1.064
-0.095
 0.927
-1.266
 0.874
 0.580
 0.492
-0.197
-0.248
-0.556
-1.577
-0.470
-0.534
 1.127
-1.779
-0.833
 1.802
 0.753
 0.226
-1.127
 1.038
-1.666
-1.207
 0.333
 0.281
 0.773
 1.659
 1.531
 0.598
 0.177
 1.097
 1.313
 0.728
 0.012
-0.219
 1.181
 1.098
-0.069
 1.085
 0.430
-1.733
-0.229
-0.607
-1.917
-1.617
-1.783
-1.485
-1.466
-0.464
-0.130
 0.406
-1.221
 0.246
-0.249
 0.261
-0.824
-1.107
-1.124
 0.378
-0.704
-0.555
-1.648
-0.437
-0.202
 0.682
 0.195
 0.705
 1.481
 1.420
 0.836
-0.143
-0.093
-0.852
-1.514
-0.952
-0.475
-0.495
-0.509
-1.670
-1.554
-1.018
-0.277
-0.334
-0.566
-0.001
 0.595
-0.799
-1.044
-1.863
-2.013
-0.485
-0.250
-0.992
-1.012
-0.954
 0.239
-0.318
 0.887
-0.465
-0.949
-0.625
-0.742
 0.205
-0.509
 0.259
-0.160
 0.466
 0.654
-0.608
-0.370
-0.804
-0.563
-1.890
-2.214
-1.269
-1.187
 1.666
 0.671
-0.310
-1.175
-0.148
-0.922
-0.544
-1.343
-1.298
-1.305
-1.393
-2.312
-2.075
-0.186
-0.721
-0.476
-0.822
 0.119
-0.549
 0.407
 1.111
 0.510
-2.561
-1.448
-1.462
-1.561
-0.242
-0.144
-1.629
-1.223
-0.089
-0.290
-0.677
-0.235
 0.602
-0.373
 0.843
-0.115
 0.417
-0.528
-1.315
-0.253
-1.383
-1.441
-1.143
-1.325
 0.566
-0.240
-0.653
-0.678
-1.611
-1.078
-1.346
-0.166
-1.029
 0.088
-0.985
-0.187
-0.649
-0.256
-0.744
-1.171
 0.368
-1.152
-1.107
-1.301
-1.530
-0.555
-2.318
 0.113
-1.390
-1.217
-1.427
-1.819
-1.491
-0.498
-0.985
-2.217
-0.961
-0.360
-0.910
-1.374
-1.351
-1.520
-2.121
-0.580
-1.015
 0.022
-0.953
-0.500
-1.127
-0.153
-1.936
-0.949
-1.249
-1.832
-0.766
-1.293
-0.682
-0.143
 0.371
-1.212
 0.427
 0.686
 0.100
 0.579
 0.450
 0.712
 1.707
-0.411
 1.674
 0.096
-0.456
-0.984
-1.352
 0.693
-0.908
-1.216
-0.363
-1.476
-0.656
 0.260
-1.363
 0.472
 0.192
 0.529
-0.936
-1.539
-1.158
-1.365
-2.055
-0.043
 1.507
 1.302
 0.191
-1.055
-0.313
-1.675
-1.719
-1.018
 0.133
-0.607
 0.414
 0.010
 2.286
-0.968
-0.168
 0.554
-0.245
-0.649
-0.440
-0.914
-0.490
-0.613
-0.441
 0.441
 0.465
 0.387
-0.694
 0.768
 0.395
-0.261
-0.947
-0.365
 0.363
 0.009
 1.301
 0.273
-0.134
 0.756
 1.174
-0.350
 0.623
 0.421
 0.521
 1.808
 1.759
 0.419
 0.060
-0.095
-0.947
 0.190
 0.500
-0.518
 0.106
-0.850
-1.177
-1.713
-1.504
-0.962
-2.622
-1.427
-1.435
-1.979
-2.626
-2.667
-1.332
-1.941
-0.649
-0.446
-0.067
-0.528
 0.646
 0.552
-0.858
-0.073
 0.306
-0.275
 0.176
 0.494
-0.459
 0.647
-0.564
-1.226
-1.613
-2.559
-0.878
 0.614
 1.187
-0.178
 0.859
 1.510
 0.769
-0.666
-0.753
-0.614
-0.542
-0.863
 0.259
-0.654
-2.054
-0.887
 0.881
 0.360
 1.516
 2.405
 0.882
 0.702
 0.619
 0.009
-0.207
 0.656
 1.377
 0.625
 0.109
 0.101
 0.851
 0.881
 0.398
 0.168
-1.146
 0.543
-0.484
-0.684
 0.653
 1.590
-0.089
-1.178
-1.357
 0.298
-0.405
 0.671
-0.809
-0.009
 0.291
-0.791
-1.212
-1.323
 0.280
-0.772
-1.114
-0.384
 1.700
-0.585
-0.633
 0.380
 0.211
-1.912
-0.234
-1.284
-0.805
-1.275
-1.083
-0.805
-0.030
-0.185
 0.656
 0.866
-0.773
-0.409
 1.440
 0.109
-0.015
-0.955
-0.458
 0.637
 0.437
 0.708
-0.124
-0.042
 0.130
 1.834
 2.423
-1.518
 0.264
 0.214
 0.062
-0.677
-0.666
 1.866
 0.682
 0.054
-0.295
 1.139
 1.049
 0.090
 0.341
-1.125
-0.884
 0.815
 0.508
-0.601
-1.266
-1.782
-0.695
-0.860
-0.664
 0.010
 1.899
-0.447
-0.102
-0.424
-0.969
-0.618
 0.541
-1.668
-2.081
-1.297
-0.279
-2.396
-2.181
-1.713
-0.285
 0.076
-1.664
-0.713
-1.972
-0.880
 0.331
-1.507
-1.506
-0.363
-0.739
 0.062
-1.243
-0.056
-1.435
-1.284
 0.766
-0.148
-0.502
-1.320
-1.048
-0.725
 0.128
-0.347
-0.631
 0.267
 0.087
 0.921
-0.264
-0.531
 0.349
-0.753
-0.417
-0.232
 0.767
-0.212
 0.929
-0.739
 0.241
 1.848
 1.662
-0.087
-1.081
-0.964
 2.188
-0.179
-0.180
-0.588
-0.335
 0.638
 0.746
 0.840
 0.433
 1.434
 0.269
-0.706
 0.239
 0.226
-0.311
-0.141
-0.354
-0.894
 0.737
-0.864
-1.017
-0.404
-0.260
-0.466
-1.015
 0.056
-0.906
 0.138
-0.059
 0.783
 1.558
 2.127
-0.198
 0.370
 0.515
 0.734
-1.035
-0.914
-1.191
-1.542
-0.592
 0.044
-0.549
-0.993
-0.288
-1.226
-1.355
-0.644
 1.909
 0.894
-1.069
-0.881
 0.337
 0.874
 0.168
-1.494
 0.538
 0.684
 0.238
-0.409
 0.706
 0.208
 0.358
-0.357
 0.235
 0.036
 1.641
 0.029
 1.505
 0.774
 0.097
 1.777
 0.579
-0.312
-1.027
-0.703
-1.164
 0.053
-1.011
-1.062
-1.020
-1.721
-1.505
-1.405
-0.271
-0.645
-1.224
 0.719
 1.440
-1.027
 0.353
-0.808
 0.280
 0.117
 0.367
 0.486
-0.669
-0.528
 1.020
 0.343
 0.265
 0.356
-0.913
-0.377
-1.966
-0.775
-0.224
-0.711
-0.366
-1.389
-2.336
-1.097
-0.391
-0.567
-0.161
-0.581
-1.245
-2.025
-1.505
-0.394
 1.166
-0.632
-0.846
-1.419
 0.759
-0.226
-0.981
-1.299
-1.179
-1.368
-1.009
-1.922
-1.033
-1.604
-0.766
-0.853
-0.188
-2.531
-0.067
-0.989
-1.521
-1.628
-1.618
 0.204
-0.786
-1.055
-0.367
-0.506
 0.056
 0.427
 0.777
-0.809
 0.253
-1.466
 0.880
 1.041
 2.104
-0.212
-0.085
-1.106
 0.520
-0.609
-0.995
-0.298
-1.251
-0.779
 1.197
 1.083
 2.088
 0.919
 0.327
-0.204
 0.220
 0.511
-0.606
 1.496
 0.070
-0.171
 0.253
 0.730
 0.257
-0.126
 2.174
 2.651
 0.380
-0.299
-0.530
-0.882
-1.018
-0.414
-1.505
 1.582
-0.393
-0.440
 1.002
-0.392
 0.977
 0.824
 0.227
-0.678
-0.024
-0.715
-0.058
 0.503
-0.570
-0.873
-1.407
-1.220
-1.175
-0.705
 0.317
 0.421
 1.223
 1.380
 0.505
-0.135
 1.337
 1.138
 1.022
 0.281
 0.673
 0.227
-2.001
-0.801
 0.859
-0.920
 0.451
 0.132
 0.184
-0.211
 0.202
-0.773
 0.937
-0.298
 1.289
 1.011
 1.570
-0.062
 1.842
 1.010
 0.406
 0.895
 0.758
-0.793
 0.441
-1.239
 0.094
-0.948
-1.486
-1.098
-0.817
-0.044
-1.220
-2.211
-0.246
 0.367
-1.054
 0.513
 0.494
 0.700
 0.544
-0.601
-0.216
-0.131
 0.562
 0.396
 1.254
 0.351
 1.639
 2.233
-0.441
-0.901
-1.791
-0.136
-1.261
 0.487
 1.148
-0.630
-0.284
 1.040
 0.015
 0.707
 0.263
 0.212
 0.336
-0.622
 1.058
-0.003
-0.064
-0.540
-0.806
-0.485
-0.266
 0.108
 0.735
-0.080
-0.310
 0.403
 1.935
-0.353
 0.220
-0.368
 1.096
 0.284
-0.533
 1.317
-0.688
-0.140
 0.391
 0.569
-0.720
-0.754
 0.091
 0.252
 0.163
-1.316
-0.761
 1.236
 0.177
-0.974
-0.468
-0.272
 0.136
 0.423
 0.391
-0.175
 0.233
 0.414
-0.666
 0.916
 0.318
 0.512
-0.422
-0.002
-0.310
-2.555
-1.455
 0.108
-0.123
-1.195
-1.515
-2.985
-2.092
-0.264
-0.424
 0.048
 0.369
-0.563
 0.575
 0.162
-1.471
 0.156
-0.324
-0.840
-0.603
 0.341
-0.698
-0.864
 1.152
 1.667
 0.884
-0.593
 0.113
 0.270
 1.938
 1.221
 0.380
-0.236
-0.160
 0.160
-0.139
 0.568
 1.028
 0.140
 0.650
 1.228
 1.448
-0.342
 0.296
-0.003
 0.377
 0.702
-0.502
 1.063
 1.157
 1.869
-0.072
 1.392
 0.431
-0.283
 0.646
 1.739
 1.314
 0.649
-0.164
-0.352
 0.663
 0.672
 0.751
-0.026
-1.157
-0.392
-1.111
 0.418
 0.642
 0.020
-0.315
 0.464
 0.706
 0.576
 1.730
 1.100
 1.203
-0.124
 0.176
 0.210
 0.486
-0.198
 1.021
 1.286
 2.016
 1.191
 1.401
 1.257
 1.617
 0.572
 0.885
 0.422
 0.554
 1.262
 1.596
 1.307
-0.290
 0.451
-0.267
 0.212
 0.706
 1.098
 1.670
 2.026
 1.474
-0.132
-0.147
 1.251
-1.323
 0.506
 0.332
 0.389
 0.662
 0.062
 0.087
 0.346
 0.517
-0.869
-0.851
-0.740
 0.013
 0.027
 0.236
 0.487
-0.806
-0.622
-0.839
-0.569
 1.254
 0.732
 0.172
 0.510
-0.631
-0.099
 0.097
-0.626
-0.552
-1.288
 0.252
-1.862
-0.894
-2.123
 0.056
-1.924
-0.597
-0.203
 0.111
 0.381
-1.729
-1.919
-1.133
-0.375
-1.376
-0.769
 0.665
-0.266
-0.413
-0.415
 1.215
 2.447
 1.309
 0.708
 1.638
 0.534
 0.928
 1.724
 0.185
 1.565
 1.051
-0.398
-0.557
-0.167
-0.314
-0.717
 0.381
-0.902
-0.232
 0.475
-0.710
-0.941
-0.375
-0.538
-0.550
-0.812
-0.667
-1.315
-1.100
-1.356
-0.629
 0.358
-0.002
 0.046
-0.442
 0.418
-0.125
-0.012
 0.251
-0.949
 1.061
 1.263
 1.822
-1.235
-0.075
-0.111
-0.150
 0.489
-0.400
 1.312
 2.095
 0.481
 1.668
 0.304
-0.569
 1.028
 0.312
 1.612
 0.363
-0.246
-0.009
-0.065
-0.221
-0.201
-0.379
 0.044
-0.180
 0.269
-0.687
 2.266
 1.182
-0.642
-0.914
 1.499
-0.304
-1.489
-0.343
 0.114
-0.213
 0.396
-0.340
-1.231
-1.077
-1.393
-0.536
-1.035
-0.973
 0.238
-0.953
-0.257
 0.707
-0.099
-0.036
 0.065
-0.138
 1.165
 1.219
-0.316
-0.062
 1.027
 2.015
-1.275
-0.004
-0.783
-1.022
 0.327
 0.390
-1.656
-0.426
 1.816
 0.115
-0.487
 0.542
-1.474
-2.088
-1.244
-0.527
 1.009
 0.689
-1.600
-1.767
-0.593
-0.439
-0.034
-0.876
-0.438
-0.295
 0.142
-0.116
-1.036
-0.821
 0.382
-0.583
-1.134
-2.142
-1.031
-1.341
-2.095
-2.143
-1.409
-1.241
-0.618
 0.545
 0.532
 0.274
-0.191
-0.926
-1.613
 0.385
-0.034
-0.324
 0.421
-1.041
 0.792
 2.738
-0.218
 1.488
 0.531
 0.227
 0.370
-0.231
-0.439
 0.814
 0.513
 0.378
 0.500
 1.177
 1.709
 1.099
 0.345
 0.362
 1.062
 0.185
 0.978
-0.481
-0.681
-0.223
-0.770
 0.202
 0.106
-1.226
-0.030
-0.085
 0.383
-0.350
-2.371
-0.659
-0.886
-0.913
-1.408
-0.808
 0.239
-0.177
-0.412
-0.493
-0.562
-1.329
-0.606
-0.328
-0.486
 0.671
 1.826
 1.293
 1.761
 0.550
 1.685
 1.687
 0.341
-0.550
 1.513
 0.909
 0.920
 0.610
-1.341
-0.539
 0.261
-0.659
-2.819
-1.291
-0.585
-2.119
-1.718
-0.221
-0.686
 1.621
 0.597
-0.774
-0.363
-2.566
-2.646
-1.719
-1.278
-0.415
-1.086
-1.711
-1.072
-0.392
 0.359
 0.783
-0.180
 0.353
 0.173
 0.149
-0.076
-0.533
-0.253
-1.981
 0.316
-1.248
-0.943
-0.443
 0.067
-0.614
-0.194
 1.192
 1.693
-0.450
 0.258
-0.898
 0.321
-1.364
-0.210
 0.619
 0.023
-0.476
 0.316
-1.655
 0.074
-0.270
 0.853
-0.503
 0.688
-0.456
 0.519
-0.063
 0.386
 0.895
 0.403
-0.250
-1.142
-1.605
-0.927
-0.859
-0.982
-0.001
-0.580
 0.239
-0.674
-1.583
 0.335
-1.318
-0.695
 0.998
 0.656
-0.084
 0.916
 0.445
-0.267
-0.356
 0.663
 0.492
 0.683
 0.249
 1.288
-0.458
-0.957
-0.191
 0.492
 0.321
 0.010
 1.112
-0.307
 1.787
 0.068
-1.136
-0.739
 0.819
-0.058
-1.526
-0.894
-0.134
-0.169
-0.806
 0.561
-0.166
 0.359
-0.466
 0.809
-0.072
-1.052
 0.669
 0.918
-1.428
-1.292
-0.881
 0.445
 0.057
 0.351
-0.469
 0.541
-0.422
 1.160
-0.181
-1.227
 0.806
 0.664
 0.406
-0.391
 1.072
-0.476
-0.342
 0.580
-0.374
 0.331
 0.522
-0.654
-1.174
 0.225
-0.474
 0.122
-0.852
-1.011
-2.801
-0.642
 0.327
-0.479
-0.281
-1.455
-1.238
-1.079
-0.091
 1.249
-0.541
-0.377
-0.632
-0.508
 0.154
-0.200
 0.176
-0.457
-2.070
-0.350
 0.813
-0.049
-0.875
 0.079
 0.255
-0.197
 0.122
-0.308
-1.331
-0.821
 0.358
-0.072
-0.284
-0.127
-0.787
-2.027
-0.626
-0.031
 0.324
 0.443
-0.827
-0.139
 0.619
-0.233
-0.384
-0.811
-0.951
-0.575
-0.417
-1.451
-2.134
-1.906
-1.130
 0.595
-2.040
 1.539
 0.158
-0.014
 0.310
 0.143
-1.080
-1.471
-0.139
 0.633
 0.129
-1.048
-0.176
 0.441
-0.312
 1.024
 1.010
-1.174
-2.320
-1.221
-0.883
-2.005
 0.792
-0.194
-0.034
-1.561
-0.143
-0.982
 0.401
 0.049
-1.154
 0.038
 0.008
-1.559
-2.015
-1.163
-1.195
-0.711
-1.553
-1.031
-0.606
 0.191
 1.396
 1.050
-0.479
-1.793
-1.585
-1.040
 0.012
-0.170
-0.316
-0.048
-2.524
-0.299
 0.326
-0.539
-0.931
-0.860
 0.116
-0.249
-1.259
-1.551
 0.022
-1.056
 0.230
 0.874
 0.509
-0.001
 0.193
-0.625
 0.184
-2.076
-1.309
-0.728
-1.667
-1.499
-2.677
-0.531
-0.172
-0.743
-0.056
-0.185
-0.666
-0.950
 0.325
-0.246
-0.998
-1.358
-0.384
 0.055
 0.197
 0.023
-0.360
-0.732
-0.612
-0.111
-0.593
 0.080
 0.259
-0.672
-1.264
-0.622
 0.796
-0.131
-0.207
-1.442
-0.266
-0.127
-0.785
 0.428
-0.180
-1.120
-0.167
-0.612
-1.649
-0.318
-0.118
-0.336
 0.868
-0.816
-0.530
-0.855
 0.066
-0.707
-0.251
-0.674
-0.258
-1.184
-0.627
-0.193
-0.360
 1.370
 0.135
 0.304
-0.098
-0.286
-0.731
 0.716
-1.095
-0.687
-0.099
-0.602
-0.284
 0.983
 1.586
 0.283
 0.052
 0.327
-0.389
-1.043
-1.746
-1.111
-1.231
-2.409
 0.096
-0.041
-0.543
-1.381
-0.772
-0.235
-0.919
-0.911
-0.987
-1.181
-0.366
-0.798
-2.181
-2.128
-0.143
-0.468
 0.047
-0.164
-0.582
-0.528
-1.455
-1.360
-1.885
-1.183
-0.006
-1.164
-0.816
-0.228
 0.171
 0.263
 0.305
 0.091
-0.512
-0.281
 1.800
 0.093
-0.208
 0.814
-0.621
-0.397
-0.412
-0.038
-0.728
-0.209
-1.270
-0.893
 0.412
-1.194
-1.727
-0.821
 0.806
-1.289
-0.018
-0.022
-0.699
-0.618
-0.634
 0.076
-0.944
-0.048
 0.566
-0.553
-0.566
 0.513
-0.956
 0.043
-0.777
-1.767
 1.205
-0.111
-0.486
 0.770
 0.345
 1.432
 0.623
-0.423
 0.087
 0.795
 0.467
-0.016
 1.222
-0.692
-0.837
 1.051
 0.790
 1.469
 0.451
-1.905
-0.238
-0.146
-0.129
 1.575
-0.015
 1.078
 0.759
-0.379
 0.607
-0.955
-0.593
 0.598
 0.384
-0.589
 0.270
-0.262
-0.669
-0.803
 0.801
 1.334
 1.144
 1.592
 2.218
 0.636
-0.110
 2.623
 2.115
-0.433
 1.111
 1.459
 1.334
-0.008
-0.930
 0.649
 1.051
 0.166
 0.479
 0.147
-1.060
 0.154
 1.306
-0.062
 0.182
-0.349
 0.274
 0.704
 0.592
-0.686
-0.382
 0.870
 0.258
-0.233
-0.773
-1.118
 0.917
 1.517
-0.371
-1.056
-1.599
-1.150
-0.164
-1.236
-1.641
 0.510
 1.496
 0.420
 0.446
-1.078
-0.146
 1.269
 1.164
 0.043
 0.955
-1.309
 0.102
-0.083
-0.322
 0.882
 0.567
 1.396
 1.385
-0.231
 0.280
 1.087
 0.361
 0.741
 0.967
 0.310
-0.523
 2.411
 1.360
 0.398
-0.756
-1.046
-0.495
 0.554
-0.642
 0.037
-1.959
-0.825
-0.593
-0.626
-1.139
-1.453
 0.294
-0.500
-2.410
-0.670
-1.196
 0.549
 1.519
 1.471
 0.754
 1.103
-0.753
 0.976
-0.624
-0.865
-0.573
-0.710
-0.069
 0.958
-0.534
-2.077
-0.977
 0.738
 0.721
-0.620
-0.831
-0.587
-1.083
-0.187
-0.439
-0.395
-0.164
 0.240
-1.291
-0.669
 0.019
-0.851
-1.062
-0.290
-0.693
 1.171
 0.948
 0.867
 1.208
 0.780
-0.183
-1.114
-1.045
 0.405
 0.901
 0.352
 0.018
 1.314
-1.400
-0.224
-0.901
-0.218
-2.046
 0.206
-0.701
 0.033
-1.731
 0.574
-1.034
-0.599
 0.449
 0.637
 1.458
-0.096
-1.468
-0.717
-0.414
-1.087
-0.564
-0.447
-0.691
-1.466
-0.155
 0.323
 0.566
-0.506
-0.328
-0.240
-1.268
 0.166
 1.537
 0.227
-0.690
-1.679
-0.385
 0.234
 0.608
 0.453
 0.408
 1.528
-0.190
 1.030
-0.212
 1.569
 0.602
-0.622
-0.791
 0.752
-0.316
 0.191
 1.266
 0.417
 0.254
-0.655
 0.341
-0.080
 1.372
 1.165
 2.221
 1.248
 1.026
 1.419
 1.284
-1.032
 0.712
 0.548
 2.148
 0.484
 0.593
-0.850
-0.228
 1.694
 0.045
-0.013
-1.228
-0.708
-0.062
 0.685
 1.133
-0.266
-0.421
-0.858
 0.166
 0.131
 0.298
-1.130
 0.188
-0.473
-0.701
 0.287
-0.230
 0.495
 0.212
-1.357
-1.228
 0.198
 0.431
-0.415
 0.372
 0.556
-0.944
-0.677
-1.411
-0.839
-0.624
-0.558
 1.100
 1.116
-1.406
 0.545
-0.062
-1.205
-1.040
-0.491
-1.340
-1.367
-0.088
-1.113
-0.283
-0.932
-1.253
-1.124
-2.391
-0.833
-0.420
 0.109
 0.781
 0.155
 0.110
-0.419
-0.128
-0.796
 0.010
 1.188
 0.212
 0.188
-0.715
-0.493
-1.721
-0.956
-0.952
-1.114
 0.704
 0.630
-0.766
-1.700
-2.451
-0.849
-1.910
 0.738
-2.512
 0.533
-0.224
 1.336
 1.394
-0.198
 0.181
-0.216
 0.746
 0.399
 0.388
 0.906
 0.792
-1.253
-0.373
 0.113
-0.944
-1.041
-0.632
 0.835
 0.719
 0.575
-0.122
-0.958
 0.447
-2.451
 1.327
 1.081
 0.425
-1.805
-1.669
 0.083
-0.617
-0.875
-0.077
 1.181
 1.363
 0.444
 0.447
-0.556
 1.582
 0.858
 1.050
 0.454
 1.209
 1.793
 2.610
 2.156
 0.129
 0.433
-0.898
 1.129
 1.301
 0.518
 0.537
-1.142
 0.387
 0.220
 0.188
-0.048
-0.356
-0.978
-1.199
 0.043
 0.007
-0.315
-0.252
-0.283
-1.169
-0.968
-1.503
-0.740
-0.576
 0.576
-1.289
-0.357
 0.355
 2.289
 1.766
-0.232
-0.339
 0.255
-0.543
-1.366
 0.379
-1.381
-1.054
-0.075
-0.074
-0.025
-0.101
 0.494
-0.398
-0.336
 0.230
 0.389
-1.553
-0.819
-0.453
 1.369
-0.478
-0.368
 0.299
 0.545
 1.151
-0.816
-0.842
 0.423
 0.046
-0.825
-0.128
-1.095
-0.575
 0.497
 1.671
 0.030
 0.110
 0.859
 1.141
 0.660
 1.207
 0.522
-0.254
-1.655
-0.054
-0.165
-1.503
 0.441
-0.534
 0.482
-0.662
-0.627
 0.826
 1.066
 0.489
 1.952
 0.054
 0.897
 1.315
 0.380
 0.845
 0.030
-0.866
-0.335
 0.348
-0.720
 0.307
 0.244
 0.549
 0.558
 1.077
 1.451
 0.152
-0.700
-0.192
 0.600
 0.870
-0.601
-0.928
-0.460
-0.687
-1.776
 0.104
-0.461
 0.012
-0.493
-0.241
 0.170
 0.491
 1.078
-0.666
-0.969
 1.016
 0.382
 2.043
 1.218
-0.203
-0.557
-0.577
-0.409
 0.334
-0.126
-0.619
 0.195
 0.401
 0.703
 0.535
-0.651
 2.019
-0.638
 1.031
 2.719
 2.679
-0.367
 0.217
 1.165
-0.756
-0.521
 1.416
-0.369
 0.501
 0.526
-1.372
-0.272
 0.284
-0.160
 1.052
-1.289
-0.257
-0.514
-0.048
 0.003
-1.380
-0.828
-0.444
-1.552
 1.025
-0.536
-0.642
-0.007
-0.258
-0.903
 0.373
-0.458
 0.645
 1.897
 0.321
 0.469
-1.056
 0.385
-1.320
 0.456
 1.379
-0.150
-0.166
-0.718
-1.014
 0.354
-0.878
-0.723
-0.435
 0.192
-0.110
 0.516
 0.946
-1.063
 0.488
-0.400
 0.981
 1.382
 0.995
-0.191
 0.148
 1.428
 0.121
-0