-0.454
 0.584
 0.113
-0.618
 1.231
 0.998
 1.157
-0.704
 2.490
 2.197
 1.381
 1.336
 0.792
 1.093
 0.308
-0.283
 0.524
 0.946
 0.480
 1.039
-0.249
-0.733
-0.131
 0.482
-0.332
-0.641
 2.085
 1.574
 1.147
 0.061
-0.425
-0.060
 0.573
 1.308
 1.311
 1.886
 0.637
 2.044
-0.175
 0.784
-1.362
 0.894
 0.486
-0.044
-0.368
-1.305
 0.169
 0.512
 0.777
-1.135
 0.241
-0.073
 1.162
 2.118
 0.102
 0.470
-0.719
-1.802
-1.226
 0.136
 0.274
 0.790
 0.453
-0.860
-0.635
-1.550
-1.118
-2.057
 1.558
-0.834
 0.391
-0.651
 0.015
-1.504
-0.840
-0.371
-1.515
 0.132
 0.287
 0.568
-0.387
-0.684
-0.778
 1.311
 1.864
 0.706
 0.687
 1.495
-0.139
-1.183
 0.426
-0.417
-0.173
-1.070
-0.599
-0.218
-2.066
 0.097
-0.945
-0.413
-0.960
-1.267
-1.243
 0.196
 0.117
-0.784
-0.537
-1.130
 0.331
-0.675
-0.536
-0.208
 1.676
 0.131
-0.034
 0.562
 0.233
 0.060
 0.958
-0.315
-0.450
-1.193
-1.823
-1.313
-0.275
-0.449
 2.499
 0.193
-0.779
 0.192
-1.579
 0.109
 0.094
 0.203
 0.167
-0.242
-0.188
-0.802
-0.660
-0.601
 0.389
 0.497
-0.092
 1.670
 0.468
-0.824
-0.659
-0.385
 1.009
 2.082
 0.712
 0.162
 0.074
 0.497
-0.158
-0.040
 0.260
 0.208
 0.301
-1.077
-0.101
-0.950
-0.170
 1.173
-0.567
-0.931
-2.287
-1.356
 0.857
 0.473
-0.580
-0.471
 0.420
-1.058
-1.318
-0.890
-1.163
-1.436
-1.161
 1.521
 1.547
 0.887
 0.270
-0.156
 1.911
 0.450
-1.135
-0.044
 0.106
-0.597
-1.579
 0.587
-0.105
 0.940
-0.902
-1.504
-1.697
-0.922
-0.017
 0.205
 0.090
-0.784
 0.224
-0.140
-0.890
-0.360
 0.131
 0.667
-0.242
-1.096
-0.528
-1.100
-1.517
-1.571
 0.073
-0.260
-0.959
-1.916
-1.053
-0.162
-0.310
-0.296
-0.185
 0.722
-0.099
-0.118
-0.514
-1.057
 0.566
-1.220
-0.677
-0.568
-0.955
-0.482
 0.691
-1.063
-1.020
-0.752
-0.982
-0.494
-0.825
-0.005
-1.670
-0.115
 1.477
-0.063
 0.618
-0.346
-1.309
-2.604
-0.565
-2.983
-2.304
-0.088
-0.943
-0.147
-0.464
 1.338
-1.810
 0.311
-0.321
-0.985
-0.208
-1.263
-0.639
 0.342
-1.153
-1.018
-0.531
 0.350
-0.195
-1.353
-1.259
-1.432
-0.764
-1.353
-0.195
-0.768
-0.186
-1.958
 1.552
-0.391
-1.243
 0.057
 1.237
-0.712
-0.989
 0.136
 0.355
-1.191
 0.174
-0.252
 0.232
 1.104
 0.259
-0.410
-1.440
 0.333
 0.298
 0.522
 0.890
 0.021
-0.039
-0.654
 0.187
-0.547
-0.176
 0.175
 0.872
 1.985
-0.953
 0.946
-0.832
 0.122
 0.585
 0.884
 0.047
-0.309
-0.706
 1.687
 0.398
 0.790
 0.615
-0.221
 1.729
 1.028
 1.818
 1.949
 1.469
 0.445
 1.279
-0.916
-0.849
 0.778
 0.185
 0.666
 0.384
 1.464
 0.460
-0.253
 0.316
 1.881
 1.094
 1.617
 0.495
 0.360
-1.161
-1.401
-0.615
-0.963
-0.050
-0.361
 1.451
 0.880
 0.371
 0.313
-1.429
-0.729
-0.621
-0.325
-0.669
-1.023
-0.801
-1.193
-0.436
 0.003
-1.427
-0.973
-1.389
 0.101
 0.234
-1.442
-0.762
 0.577
-0.101
 0.845
-0.060
-0.018
-0.757
-0.958
-1.402
-1.831
-2.338
-0.732
-0.545
-1.505
-1.885
-1.331
-0.484
 0.179
-0.384
-0.308
 0.237
 0.939
 0.793
-1.806
-1.567
-0.737
-2.307
-1.737
-1.809
-0.894
 1.819
-0.668
 0.734
 0.253
-0.216
 0.552
 0.051
 0.356
 1.258
-0.561
 0.234
 0.056
 0.992
 0.877
 1.198
-0.297
 0.535
 0.805
 0.254
-0.596
-0.180
 0.656
 0.070
-0.671
-0.593
-0.937
-1.474
-1.534
-1.708
-0.901
-0.377
 0.285
 0.319
-2.215
-1.613
 0.221
-1.199
-0.130
 0.290
 1.939
 0.099
 1.589
 0.847
 0.707
-1.061
-0.208
-0.293
-0.781
-0.330
 0.102
-0.852
-0.058
-1.639
-0.457
 1.042
 1.353
-0.173
 0.648
 0.366
-0.003
 0.474
 1.319
 0.632
 0.304
 0.922
 1.075
 1.281
-0.456
 0.648
 0.590
-0.337
 0.795
 1.182
 0.022
 1.607
 0.480
 1.410
-0.107
-0.202
 0.293
 0.306
-1.043
-0.130
-1.363
-0.608
-0.177
 0.500
 0.203
 0.507
 0.989
 2.161
 0.658
-0.050
 0.156
 0.937
 0.959
 1.386
 1.556
 1.675
 1.825
-0.433
 0.042
 0.424
 1.031
 1.375
-0.286
-0.044
 0.038
 0.578
 0.559
 0.226
-1.008
-0.956
-0.480
-1.170
 0.049
 1.526
 0.906
-0.762
-0.084
 0.872
-0.797
-1.297
-0.869
 0.059
 0.210
 0.488
 0.147
 0.096
 1.503
 1.343
-0.429
-0.456
 0.776
 0.973
 0.098
-1.118
 0.515
 1.925
 0.733
 0.058
 0.033
-0.067
 1.215
 0.279
 1.638
 1.174
-0.716
-0.668
 0.903
-0.218
-1.988
 0.143
-0.701
 0.574
 0.465
 0.629
-0.045
 0.040
 0.563
-0.897
-0.192
 0.495
 0.929
 0.880
 1.576
 1.019
 1.310
 0.399
 1.108
 1.423
 1.271
 1.206
 0.130
-0.058
-0.927
-0.449
-0.359
-1.575
-0.095
 0.761
 0.035
 0.530
 0.972
-0.241
 0.008
 1.335
-0.143
 1.767
 0.899
 0.527
-0.453
 1.073
 1.038
 0.598
 1.213
 1.401
-0.169
 1.128
 1.757
 0.745
 0.064
-0.857
 0.011
-0.303
 0.575
-0.256
-0.542
-0.456
 0.010
-1.525
-0.803
-0.638
-0.974
 0.183
-0.745
-1.358
-0.455
-0.122
 0.386
-0.973
-0.235
 0.482
 0.481
-0.418
-0.530
-1.170
-0.040
-0.676
 0.385
 0.585
 0.605
-0.604
 0.031
 0.020
 1.227
 0.660
 0.645
-0.995
-0.125
-2.126
-0.399
-0.790
-0.445
-0.152
-0.331
 0.343
-0.129
-1.473
-1.056
-1.480
-0.560
-0.409
-0.140
 0.348
-0.591
-0.840
-1.056
-0.297
-1.237
-0.847
-0.747
 0.443
 1.656
 0.610
-0.296
 0.905
 0.241
 0.519
-0.014
-0.250
 0.156
 1.196
-1.774
-0.153
 0.304
 0.098
-0.004
-1.272
-0.223
 0.884
-0.532
 0.620
 0.874
 0.289
 0.930
-0.418
 0.393
-0.301
 0.052
-0.334
-0.157
 0.153
 0.167
 1.552
 1.074
 0.163
-0.691
 0.544
 0.170
 0.263
 0.566
 0.415
 1.763
 0.655
 0.472
 1.485
 1.600
 1.571
-0.275
-0.655
-0.509
-1.965
-0.527
 0.892
 1.652
 1.328
-0.349
-1.193
-1.759
-0.685
-0.285
-0.986
-0.114
-0.524
-0.949
 1.291
 2.470
 2.087
 1.192
-0.051
 0.089
 0.774
 0.034
-0.094
-1.246
 0.932
 0.630
 0.779
 0.346
 0.494
 2.212
 0.975
 1.350
-0.972
-2.062
 0.842
-0.550
-1.508
-1.179
-0.145
-0.993
-0.640
-0.914
-1.167
 0.039
-0.173
-0.678
-0.807
-1.274
 0.140
-0.120
-0.905
 0.755
 0.052
 1.368
 1.143
-0.664
 2.027
 0.706
-0.643
 0.394
-0.777
-0.679
-0.023
 0.850
 1.341
 0.640
-1.251
-0.716
-0.273
 0.959
 0.848
 1.054
 0.166
-0.446
-0.953
 0.634
 1.377
 0.491
 1.954
-0.096
-0.320
 1.434
 0.311
 0.364
 0.141
 0.782
 1.277
-0.473
-0.899
 0.265
 1.305
 0.693
 0.618
 1.297
-0.329
-0.706
 0.929
-2.033
 1.101
 1.490
 2.334
 0.540
-0.080
 0.701
 0.979
-0.998
 0.461
-0.768
 1.098
-1.283
-1.551
-0.104
 0.123
-0.360
 0.208
-0.083
 0.420
-0.780
 0.226
 0.300
 0.648
 0.379
-0.855
-1.084
-0.782
 1.014
 1.234
 0.588
-0.644
 0.279
-0.263
 0.302
 0.734
 0.345
 0.462
-0.616
 0.805
 0.113
-1.098
 1.011
 1.116
 1.368
 2.116
 0.211
-0.188
 0.077
-0.317
-1.187
 0.978
 0.988
-0.003
 0.168
-0.248
-0.395
 0.743
 1.398
-0.809
 1.383
-1.006
-1.198
-0.518
 0.828
 0.697
 0.475
 1.853
 0.520
 0.492
 0.121
-0.526
-1.194
 1.701
-0.453
 1.266
 1.113
 0.234
 0.082
-0.868
-0.196
-0.356
 0.175
-0.490
-0.401
-0.423
-0.619
 0.360
 0.525
 0.506
-0.407
-0.102
-1.087
-0.516
 1.437
 1.872
 0.354
-0.143
 0.041
 0.038
 0.367
 2.170
-0.496
-0.200
-0.086
-0.196
 0.255
-1.223
 0.760
 0.420
 0.961
-0.440
-0.802
-0.936
 0.079
 0.996
-0.058
-0.083
 0.582
-0.816
-1.264
-0.515
-0.818
-0.298
-0.530
-0.732
-1.394
-0.128
-0.202
-0.923
 0.112
-1.569
 1.433
 0.928
-0.838
 0.486
 0.565
-1.111
-1.545
-0.194
-0.021
-1.031
-1.597
-1.042
-0.757
-1.149
-0.134
-0.805
 0.352
-0.948
-1.911
-1.660
-1.660
-0.772
-0.277
 0.266
-0.985
 0.643
 0.055
-0.037
-0.256
-0.192
 1.633
 0.046
 1.162
 0.643
-0.321
 0.519
 0.365
 0.254
-0.245
 0.211
-0.295
-0.270
-0.153
 0.695
 1.266
 1.461
 1.655
 1.327
 0.346
 0.330
 0.149
 0.572
 1.171
-0.154
-0.202
 0.078
 0.064
 1.009
-0.595
 0.227
 0.485
 0.003
 0.072
 1.866
 1.235
 1.385
 0.865
-0.849
 1.274
 1.643
 1.806
 0.405
-0.804
 1.389
-0.424
-0.767
-0.320
-0.157
 0.434
 0.755
 0.708
 0.151
-0.141
 1.182
 0.576
-0.874
-0.082
 1.518
 0.218
-0.332
 1.598
 0.924
 2.439
 1.618
 1.218
 0.238
 0.636
 1.058
 0.517
 0.405
 3.219
 2.227
 1.720
 0.288
 1.175
 0.558
 0.059
-0.211
-0.404
-0.585
 0.147
-0.568
-0.229
-0.787
-0.894
-1.373
-0.448
-0.363
-0.888
-0.577
-0.834
 1.267
 0.091
-0.345
-0.383
-0.386
-1.148
-0.883
-1.430
-0.641
-0.716
-0.535
 1.071
-1.288
 1.693
 0.386
 1.150
 1.749
-0.557
 0.537
-0.072
-0.100
 0.839
 1.125
 0.383
 0.946
 0.292
 0.931
-1.308
-0.049
-0.971
 0.919
 0.584
 1.136
-0.817
-1.039
-0.659
 0.403
 0.333
 0.264
 0.668
 0.907
-0.405
-0.492
 0.190
 0.332
 0.650
-0.610
-0.761
 0.253
 1.212
-0.300
-1.456
-0.515
-0.626
 0.499
 1.637
 1.343
 0.588
 1.113
-1.084
-1.674
-0.076
 0.164
-0.619
 1.526
-0.436
 0.905
 1.329
-1.326
-0.124
-0.625
 0.104
 0.070
-0.766
-1.983
-0.321
 0.936
-0.752
-2.040
-1.140
-1.285
-1.653
-0.091
-0.991
-2.147
-0.674
-0.843
-0.451
-0.122
 0.968
-0.354
 0.134
-0.739
-0.897
-1.370
-1.661
 0.543
-1.244
 0.947
 1.626
 0.788
 1.711
 2.293
 0.075
 0.325
-0.610
-2.092
 0.396
-0.982
-1.075
-1.743
-2.468
-1.787
 1.385
 0.537
 0.160
 1.105
 0.922
-0.576
 1.010
 0.935
-0.245
-1.641
 0.589
 0.335
-1.198
-0.713
-1.280
-0.923
-1.653
 1.702
 0.073
-0.615
-0.329
 0.786
-1.243
-2.707
-1.793
-1.240
-0.646
-0.136
 0.801
-0.554
 0.632
-0.013
-0.233
-0.064
-1.224
-1.805
-0.922
-1.409
-1.330
-0.032
 0.850
-0.230
-1.127
-1.338
-3.431
-0.908
-0.987
-0.730
-1.217
-1.321
 0.665
-1.302
-0.668
 0.470
-1.151
-0.557
-0.336
-0.496
 0.007
-1.398
 0.293
 1.184
 0.969
-0.097
 1.890
-1.186
-0.644
-0.293
-1.331
 0.267
-0.268
-1.098
-1.056
-0.020
-0.522
 1.035
 0.409
 0.665
 1.659
-0.326
 0.775
-0.413
-2.028
-0.874
-1.817
-0.423
 0.617
 0.406
-1.838
-0.534
-1.391
-1.142
-1.821
-0.647
 0.502
 0.366
 0.212
 0.181
-0.294
-0.536
-0.524
-1.293
-0.815
-1.464
-1.813
-0.936
 0.871
-0.808
 0.033
-0.199
-0.636
-0.808
-1.431
-0.052
-1.618
 0.189
 0.734
 1.904
 1.355
 1.319
 0.910
 0.652
 2.188
 2.870
 2.051
 3.039
 1.608
 1.231
 1.125
 2.032
 1.027
 0.432
 0.260
 1.058
-0.258
 0.609
 0.694
-0.023
 0.096
 0.499
 0.290
 1.510
 0.897
-0.086
-0.552
-0.525
 0.079
 0.110
-0.790
-1.393
 0.136
-0.232
-0.317
-0.693
 0.156
 0.068
-2.477
-0.400
 2.124
 0.378
 1.316
 0.344
 0.088
 0.076
 1.604
 1.364
 0.764
 1.208
 0.915
 1.478
 0.422
-0.288
-0.244
-1.448
 0.616
 0.028
-0.404
-0.767
-0.498
-0.447
-0.176
 0.553
-0.796
-1.344
-1.091
-0.977
 0.660
-0.514
-0.163
-1.454
 0.369
-0.784
-1.711
 1.409
-0.419
 0.022
 1.270
 1.971
 0.611
 0.372
-0.563
 1.198
 1.336
-0.005
 0.551
-0.080
 1.160
 0.302
 1.366
-0.679
-1.278
-0.993
-0.295
 0.576
-0.720
-0.567
-0.465
 0.024
-0.564
-0.473
-1.231
 0.675
-0.287
 0.265
-0.390
 0.228
-1.495
-0.576
 0.190
-0.616
-1.613
-1.645
-2.426
-2.827
-1.845
-2.892
-1.863
-1.179
-0.654
-0.150
 0.223
-1.196
-0.978
 0.644
-0.247
-1.179
 0.272
 0.902
-0.316
 0.944
 0.433
 0.618
-0.423
 0.591
 0.173
-1.149
-0.753
-0.562
-1.608
-0.288
-1.149
-0.362
-1.856
-2.352
-0.915
-1.460
-1.574
-2.396
-1.770
-1.298
-0.586
-0.960
 0.330
-0.003
-1.042
-0.198
-0.757
-0.715
-0.357
-1.042
 0.042
-1.377
 1.031
 0.289
 0.669
-1.216
-1.285
-0.413
-1.279
 0.085
 0.671
-0.561
 1.068
 0.259
 0.095
 0.859
 1.435
-0.929
-1.143
-0.656
-0.346
-0.813
-1.126
-0.662
-0.297
-0.267
-1.119
-0.736
-1.967
-1.926
-0.718
-1.620
-0.942
 0.480
-0.461
 0.248
 1.103
-0.858
 0.022
-0.387
-0.334
-0.562
 0.617
-0.467
-1.701
-1.290
-1.461
-1.289
-1.233
 0.086
 0.109
-0.280
-1.843
-1.283
-2.208
-1.366
-0.498
-2.392
-1.017
-0.446
 0.343
 0.634
-0.079
 0.133
-1.035
-1.300
-1.121
-1.133
-0.608
-1.429
-1.112
 1.282
-0.896
-1.674
-0.149
 0.335
 0.673
 0.946
-0.341
-0.616
-0.613
 0.082
-1.389
-0.103
-0.519
-1.010
-1.715
-1.479
-1.153
-1.697
 0.182
-0.119
-0.486
-1.058
-0.775
-1.214
-2.283
-1.581
-0.854
-0.720
-0.564
 0.055
 1.334
-0.277
-1.447
-0.673
 0.525
-0.444
 0.283
-1.127
-1.564
-2.378
-1.507
-0.916
 0.384
-0.543
-2.298
-1.991
-2.401
-0.633
-0.751
 0.883
 0.771
-0.453
 0.130
-0.197
-0.771
-1.186
-1.176
-0.558
-0.193
 0.589
 0.928
-0.205
-0.525
-0.224
-0.161
 0.069
 0.090
-0.240
-0.635
-0.549
-2.283
-2.547
-2.243
-0.222
-1.300
-1.336
-0.014
-0.006
-0.678
-1.694
-1.171
-0.353
-0.368
 0.213
-0.289
 0.466
 0.902
-0.764
-0.895
-0.629
-2.603
-1.888
-0.630
 0.224
-0.654
 0.205
-0.795
-1.552
-1.503
-0.447
-0.622
-0.811
 0.973
-0.476
-0.483
-1.161
 0.027
-1.408
-2.802
-0.597
-0.174
-2.186
-1.835
-0.915
-0.493
-0.535
-1.546
-1.314
 0.265
-0.664
-0.864
-0.653
-0.896
-0.349
-0.501
 0.300
-1.055
-0.068
-0.303
-0.132
-0.818
-1.133
-0.919
-0.091
-0.635
-0.699
-1.062
-0.377
-1.164
-0.853
-1.403
-0.472
-0.012
-0.693
-1.406
 0.364
-0.843
-2.035
-1.039
-1.384
-1.331
-1.311
-0.124
-0.923
-0.040
-0.983
-2.592
-0.742
-1.425
-0.721
-0.368
-0.851
 0.030
-1.270
-1.618
-1.779
-0.833
-0.947
-0.362
-0.428
 0.128
 0.134
-0.390
 0.723
 0.111
-0.307
-1.697
-0.236
 0.103
 1.387
 1.156
-0.306
-0.386
 0.062
-0.512
-1.996
 0.627
 0.759
-0.524
 0.529
 0.409
-1.626
-1.561
-0.070
 0.238
-0.102
-0.510
-0.372
-0.015
 1.018
 0.951
 1.149
 0.065
 0.731
 0.299
 1.165
 0.779
 1.333
-0.412
-0.335
 0.530
-0.106
-0.086
 1.017
-0.310
 1.946
 2.780
 0.633
-0.422
 1.102
 0.805
 1.401
-0.373
 1.658
 2.446
-0.661
-0.785
 1.964
 2.158
-0.041
-0.726
-0.616
-0.500
-0.803
-0.287
-0.054
-0.491
-1.016
-1.602
-1.367
-0.005
-0.836
-1.179
 0.140
 1.588
 0.818
-1.696
 0.513
-0.073
-1.337
 0.505
 0.773
-0.046
-0.105
-0.143
-0.296
-0.450
-0.431
-0.271
-1.202
-1.025
 0.537
-0.529
-1.013
-0.329
-0.739
 0.159
-1.130
-1.024
-0.257
-2.495
-0.276
-0.118
-0.682
 0.419
 0.476
 0.689
-0.501
-1.270
-0.861
-0.529
 1.257
 0.084
-0.265
 0.258
 0.293
-1.335
 0.306
 0.370
-0.881
 0.624
 0.528
-0.166
-0.701
-0.734
-2.435
-1.194
-0.865
-0.049
 0.863
 0.010
 0.491
-0.624
-0.490
-0.158
 0.010
 0.778
 1.709
-0.228
 0.538
 0.833
 0.837
-0.684
-1.098
-0.455
 0.765
-1.011
-0.141
-0.538
 0.273
-1.310
-2.215
-1.964
-1.374
-1.090
-0.977
-0.797
-0.209
 0.457
 0.192
-1.031
-0.148
 0.024
-0.144
 0.530
 0.366
-0.291
 1.100
 1.411
 0.125
-1.598
-0.225
 0.103
-0.156
 0.890
-0.491
-0.164
-1.149
-0.022
-0.326
-0.803
 0.439
-0.454
-0.600
 0.512
 1.426
 1.161
-0.850
 0.227
 0.938
 0.729
 0.915
 0.589
 0.410
 0.264
-0.128
 0.354
-1.356
-1.207
 0.108
 0.240
 0.015
 1.167
-0.377
 0.109
 0.420
 0.122
 0.302
 0.913
 0.385
-0.319
-0.808
 0.658
 0.235
-0.793
-0.922
-0.325
-0.529
 0.385
 0.284
 2.730
 0.356
 0.872
 1.927
 0.708
 0.731
 0.550
 0.614
-0.439
-0.557
-0.773
 1.093
 1.305
 2.093
 0.616
 0.238
 0.764
 2.106
 0.293
 1.057
 0.461
-0.485
 0.990
 0.131
 1.157
 0.105
 0.287
 0.977
 1.793
 0.888
 0.984
 0.902
 1.921
 0.228
 1.065
-0.446
-0.625
 0.954
-1.098
-0.410
 0.853
 0.676
-0.172
 0.824
-0.134
-0.073
-0.382
 0.946
 1.802
 0.620
 0.138
-0.436
 0.269
 0.418
 0.178
 0.057
 0.893
 1.016
 0.692
 1.098
-0.840
-1.212
 1.659
 1.752
 0.676
 0.755
-0.353
-0.887
-1.736
-1.474
-0.378
-0.778
-0.843
-2.123
-0.743
-0.844
-1.362
-0.694
-0.389
-0.259
 0.174
 0.191
 0.960
-0.029
 0.266
-1.190
-1.820
-1.688
-0.379
-0.937
-0.713
-0.446
 0.357
 0.035
-0.189
-0.177
-0.785
-0.602
 1.055
-0.071
-0.576
-1.033
-0.276
-1.021
-0.588
 0.153
 1.404
-0.053
-0.197
-0.177
 0.316
-0.298
-0.860
 0.215
-0.188
 0.327
 0.150
-0.469
 0.529
-0.076
-0.002
 0.773
-0.859
 0.295
 0.444
 0.046
-0.715
 0.808
 0.580
-0.740
 0.866
 1.121
-0.233
 0.233
-0.074
-0.840
-0.975
 0.461
 0.928
-0.327
-0.231
-0.631
-0.967
-1.405
-0.767
-0.982
 0.270
-0.490
 0.289
-0.627
 0.017
-0.956
-1.321
-0.278
 0.559
 0.322
 1.377
 0.706
-0.015
-2.349
 0.170
 0.171
 1.162
-0.367
-0.143
 0.358
 0.910
-0.585
-0.988
-0.319
 0.618
 1.006
 0.264
 0.340
-0.755
-0.416
 0.394
-0.240
 0.940
 0.594
 1.520
 0.758
-0.737
 0.401
-0.093
 0.575
 0.135
 0.253
 0.773
-0.286
-1.101
-0.121
 0.492
 0.676
-1.330
 0.624
 0.735
 1.589
 0.711
-0.362
 1.951
 0.246
 0.497
 0.878
 1.849
 0.711
 0.797
-0.634
-1.451
-0.928
 0.532
-0.244
 0.155
-0.436
 0.073
-0.534
-0.077
-0.850
-0.523
 0.484
-0.437
-0.214
-0.030
 0.723
-0.407
-0.102
 1.094
 0.283
-1.454
-2.018
-1.487
-1.446
 0.133
 0.136
 0.507
 0.163
-0.109
-1.055
 0.449
-1.710
-1.844
 0.914
 0.743
 0.044
 0.647
-0.482
 1.005
-1.593
-0.361
-0.963
-2.464
-1.878
-1.223
-1.351
-0.707
-0.566
 0.080
-1.209
-0.099
-1.848
-0.905
 0.109
-0.992
-1.146
-0.591
-0.260
-0.953
-0.860
-2.005
-2.112
-0.215
-1.440
-0.424
 1.461
 0.517
 0.310
 1.010
-2.134
-1.297
-1.176
-0.915
-0.808
-1.012
 0.267
 1.029
-0.353
-0.319
 0.307
-0.324
 0.500
-0.008
 0.855
 1.047
-0.515
-0.402
 0.086
 0.267
 0.810
 0.197
 0.416
 1.904
 0.152
-0.935
-0.100
-0.611
 0.658
-0.289
-0.400
-0.970
-1.611
-0.822
-0.590
 0.481
-1.055
-0.667
-0.119
 0.860
 0.028
 0.057
 0.132
-0.152
-0.992
-0.273
-0.282
-1.191
-1.580
-1.701
-0.319
-0.818
-0.245
 0.499
 0.354
 0.166
-0.429
-0.850
-0.246
-0.844
-0.526
-0.278
-0.829
-1.440
-0.325
-1.203
-2.168
-1.595
-0.302
-0.366
-0.631
-0.721
-0.850
-0.758
-1.476
-1.569
-1.121
-1.679
-0.206
-1.928
-0.186
 0.243
-0.882
 0.201
-1.353
-0.249
-1.387
-0.866
-1.252
-0.412
-0.455
-0.300
 0.384
-0.291
 0.834
-1.247
-0.935
 1.935
 0.586
 0.706
-1.084
-0.226
 0.053
-1.972
-1.020
-0.925
 0.791
 0.211
 0.002
-0.234
-0.683
-0.357
-1.637
 0.104
-0.776
 2.136
 1.497
 1.313
 0.756
-0.392
 0.478
 0.210
 0.724
 0.672
-1.004
 0.922
-1.034
 0.156
 0.316
-0.761
-0.770
 0.620
 0.151
-1.044
-0.574
 0.136
 1.528
-1.314
-0.007
 0.481
-1.216
-1.529
 0.053
 0.297
 0.650
-0.107
-0.063
 1.119
 0.448
 0.063
-0.292
 0.963
-0.063
-0.462
-0.225
-0.471
-1.922
-2.215
-1.511
-0.511
 0.561
 0.065
-1.053
-1.011
 0.736
-0.403
-0.394
-0.120
-1.056
 0.116
 0.351
-0.697
 0.112
-0.406
 0.332
 0.542
-0.186
-0.839
 1.278
-0.876
 0.178
-1.359
-1.111
 0.649
-0.018
-0.060
 0.477
 0.182
 1.068
-0.223
-0.197
 1.042
-0.403
 0.981
 0.381
-1.048
 0.603
 0.484
-0.296
 0.356
 0.191
-0.939
-0.159
-0.083
-0.454
 1.711
 0.479
-0.048
-0.707
-1.393
 0.355
-0.796
 0.811
-1.641
 0.045
 0.493
-0.456
 0.503
 0.762
-0.148
-0.181
 0.906
 1.174
-1.094
 0.736
 1.971
 0.084
 0.704
 1.714
 1.060
 1.531
 0.668
 0.348
 0.570
 1.091
 1.636
-0.319
-0.305
-0.131
-0.285
-0.725
-0.549
-0.290
-1.048
-1.147
 0.006
 1.971
 0.207
 0.310
 0.302
 1.258
 0.559
 0.655
 1.192
 1.272
 1.357
-0.730
-0.156
 1.730
 0.149
 0.386
-1.222
 1.491
 1.017
 2.195
 0.848
 0.837
-0.073
-0.152
 0.006
-1.183
-0.827
-0.947
-0.369
-0.202
 0.670
 1.626
 0.848
-0.853
 1.106
 1.225
 1.598
 0.671
-0.623
 0.504
-0.382
-0.111
 0.932
 2.094
 2.084
 2.461
 0.482
 0.661
-1.254
 0.124
-0.332
-0.514
 0.400
 0.391
 0.253
 1.093
 0.521
 0.327
 0.051
-0.693
-0.476
-0.637
-1.796
-2.210
 0.058
 0.373
 0.540
-0.965
 0.504
 0.351
 0.673
 0.993
-0.956
 0.509
 0.420
-0.217
 0.363
 0.943
-0.652
 0.181
-0.322
-0.796
 0.495
 0.891
 0.740
-0.363
 0.666
-0.581
 1.561
-0.043
-0.111
-0.583
-0.156
 0.303
 0.165
-0.657
-0.712
 0.657
 0.641
 1.934
 0.218
 0.496
 0.971
-0.453
 0.058
 0.480
 1.440
-0.604
-0.850
-0.356
 1.023
 0.573
-1.911
-0.945
-0.742
-1.896
-1.470
-1.417
-0.843
-1.639
-0.465
-2.389
-0.917
-2.067
-1.491
-1.424
-2.366
-0.408
-0.891
-0.052
 0.537
 0.026
-0.790
-0.450
 1.295
-0.692
-0.068
-0.091
 1.727
 0.768
 1.048
 1.545
 1.721
-0.158
 1.517
 0.378
-0.636
 0.706
 1.212
-0.761
-0.531
-0.805
-0.498
-1.573
-0.451
 0.575
-0.175
-1.146
 0.270
 0.099
-1.559
 0.281
 0.696
 1.200
 0.930
 0.603
 0.522
 2.512
 1.812
 0.938
 2.465
 1.685
 0.802
 0.620
 0.839
 0.851
 1.292
 1.076
 0.846
 1.199
 1.727
 0.431
 0.224
 0.228
 0.948
 0.294
-0.309
 1.176
 0.386
 0.879
 0.252
-1.000
-0.957
 0.288
-0.567
 0.555
 0.321
 0.387
 2.489
 2.181
 2.350
 1.177
 2.153
 1.501
 1.140
 0.033
 0.372
 0.811
 0.337
 0.703
 1.181
 2.556
 1.067
 0.451
 0.131
 0.803
 0.186
 1.365
 1.123
 0.005
-0.202
 0.104
 1.080
 0.961
 0.905
 0.155
 0.085
 0.381
-0.672
 0.374
 1.960
-0.004
 0.226
 0.119
 1.538
 1.116
 1.555
-0.104
 0.497
 0.463
 1.301
 0.863
 1.301
 0.994
 0.407
 1.217
 0.249
 1.717
-0.763
-0.749
-0.393
-0.069
 0.357
 0.336
-0.006
 0.425
 0.610
 2.001
 0.296
 0.490
-0.844
 0.721
 0.264
-0.511
 0.237
 1.513
 2.006
 0.796
 0.905
 0.495
-0.468
 0.771
 0.654
-1.098
-1.651
-0.838
 0.086
-0.271
-0.336
 0.140
-0.622
 0.081
 0.458
-0.456
 1.541
-0.085
 1.272
 1.660
-0.042
-1.648
-0.957
-1.447
 0.088
 0.901
 0.559
 2.334
-0.529
 0.597
 1.690
 0.710
 1.701
 0.765
 2.427
 1.880
 0.981
 0.542
 0.661
-0.927
-0.578
 0.051
 0.157
 0.738
-0.045
 1.376
 0.071
-0.583
 0.630
 0.096
-0.040
-0.480
 0.701
 1.979
-0.059
-0.520
 1.453
 2.047
 1.919
 1.911
 0.003
 1.658
 0.975
 0.927
 0.062
-0.533
 0.871
-0.575
 0.884
 1.770
-0.542
-0.481
 1.303
 1.568
 0.529
 0.536
 1.268
 1.431
 1.347
-0.180
-0.360
-0.597
-1.038
-0.102
-0.171
 0.990
 0.634
 0.616
 0.376
 1.018
-0.224
-0.264
-0.648
-0.791
 0.672
-0.333
-1.565
-0.147
 0.463
 1.311
 0.145
 1.438
 0.357
-0.322
-1.097
-1.741
-1.953
-1.235
-1.339
-1.475
-0.513
-0.593
 0.132
-1.748
-0.075
-1.178
 0.341
 0.257
 0.324
-0.933
-0.947
-1.186
-2.376
-1.008
 0.323
-0.675
 0.062
-0.119
 0.462
-1.625
-0.227
-1.140
-0.994
-0.428
-0.656
 0.018
-0.435
-0.347
-0.185
-0.218
-0.881
-1.004
 0.124
-0.198
-0.528
 0.208
 0.630
-1.958
-1.180
-0.691
 0.190
 1.420
 0.033
 0.575
 0.286
 0.248
 0.368
 0.697
 1.606
 1.446
 0.357
 1.905
 1.660
 1.514
 1.155
 1.543
 0.325
 1.266
 1.606
 0.125
 0.963
 1.343
 1.218
 0.734
 1.477
 1.853
 0.392
 0.335
 0.360
-0.117
 0.252
 0.590
-0.402
-0.787
-0.461
-0.553
 0.485
-1.397
-0.341
-1.510
-1.274
 0.833
 0.935
-1.215
 1.917
 1.483
 1.181
 1.053
-0.556
 0.615
 0.208
-0.247
-0.245
 0.064
-0.220
-0.964
 0.919
-0.669
-0.672
 0.236
-0.642
 0.190
-1.002
 1.352
 0.245
 0.170
 1.154
 0.581
 0.343
 0.013
 2.021
 1.884
 0.947
 1.270
 0.130
-0.409
 0.110
-1.086
 1.295
 0.266
 0.479
 0.906
 0.198
-1.055
 0.073
 0.727
-0.088
-0.040
-0.108
 0.751
 1.714
 0.932
 0.451
-0.341
 0.522
 1.948
 1.132
 0.815
 0.532
-0.589
-0.369
-0.077
 0.181
-1.034
 0.159
-0.050
 0.306
 0.970
-0.424
 1.346
-0.254
 0.279
 0.924
-0.623
 1.499
 1.769
 0.053
 0.602
 0.088
 1.098
 1.146
 1.184
 0.475
 0.947
 1.287
 1.695
 0.581
 0.766
 0.791
 0.814
 1.440
 0.834
 0.895
-0.209
 1.686
 0.681
 0.105
-0.799
-0.615
 1.894
 0.745
-0.270
-0.144
 0.826
 1.071
 0.885
 0.336
 0.502
-0.164
 0.443
 0.402
 1.987
 2.701
 0.484
 0.132
 0.851
 0.926
-0.294
 0.526
 0.119
-0.092
 1.331
 0.984
 0.165
-1.710
-0.794
 0.552
-0.318
 0.723
-0.608
-1.016
 0.379
 0.147
-1.495
 0.597
-1.371
 1.138
 0.244
 0.116
-0.662
-0.862
-1.081
-0.964
-1.262
-1.161
-0.812
-2.497
-0.904
-0.487
-0.905
-0.887
-0.263
-0.560
-0.624
 0.001
 0.375
 0.219
 0.188
-0.360
-0.024
-0.006
-0.043
-0.918
-0.611
-2.041
-1.535
 0.462
-0.352
-1.907
-0.906
-0.727
-0.795
-0.366
 0.807
 1.060
 0.713
-0.225
-1.167
 0.876
-0.747
-1.813
-0.463
-0.623
-0.057
 1.399
 0.307
 0.213
-0.469
 0.345
-0.608
-1.214
-0.358
-1.852
-1.126
-1.362
-0.748
-0.354
 1.071
-0.995
-0.530
-2.137
 1.742
 1.716
-0.936
 0.800
 0.577
-0.494
 0.723
 0.350
 0.046
 0.618
-0.697
-0.611
 0.526
-0.204
-0.218
 0.260
-0.048
-1.136
 0.101
-0.003
-0.617
-1.046
 0.149
 1.791
 2.331
 1.348
 2.516
 1.641
 1.350
 0.638
-0.237
 1.074
 1.321
-0.039
 0.057
-0.451
 0.633
 1.777
 0.424
 1.167
 1.298
 2.488
 2.960
 0.971
 0.664
 1.923
 2.330
 1.975
 3.422
 4.646
 2.245
 3.170
 2.394
 0.592
 1.602
 0.236
 0.615
 1.556
-0.240
 1.231
-0.204
 0.634
 1.834
 0.436
 1.176
 1.496
 0.210
 0.425
 0.754
 0.746
 1.347
 0.132
 1.010
 0.789
 0.650
 0.925
-1.090
 1.095
 0.523
-1.362
 0.259
 0.076
-0.199
 1.324
 1.414
 2.338
 1.220
 0.659
 0.617
 0.932
 2.164
 1.510
-0.400
 2.872
 1.913
 0.214
-0.064
 1.199
 1.112
-0.781
 0.651
-1.031
 1.021
 0.840
 0.716
 1.677
 1.448
 1.014
 1.505
-0.234
 0.945
-0.072
 1.641
 0.663
 1.254
 1.403
-0.255
 0.792
 1.156
 1.189
-0.132
 1.047
-0.088
 0.941
 1.091
-0.298
 0.706
 2.229
 1.987
 0.679
 0.865
 0.563
 0.855
 0.122
 0.831
 0.277
 0.722
 1.299
 1.058
 1.449
 0.075
 0.777
 1.864
 0.635
-0.261
 0.942
 0.168
 0.502
-0.907
 0.041
-0.389
 1.985
 0.728
 3.517
 2.757
 1.091
 1.022
 0.024
-0.479
-0.170
 0.675
-0.291
-0.478
-0.234
-1.031
-1.373
 2.525
 0.342
 1.417
 1.335
 1.115
 0.169
 0.295
 0.196
-0.134
 2.228
 1.268
 0.708
 1.480
 0.974
 1.129
-0.182
-0.683
 1.636
 2.097
 0.782
 1.540
 0.737
 0.434
-0.405
 0.500
-0.367
-0.560
 0.530
-0.227
-1.084
 0.229
-0.402
 0.188
 0.230
 1.046
 1.458
 1.218
 1.827
 1.159
 0.166
 1.513
-0.469
 1.990
 2.368
 0.682
 0.944
 2.438
 1.312
 0.516
-0.177
-0.046
 1.462
 0.145
 2.477
 1.699
 0.360
 0.840
 1.412
 0.202
 1.635
 1.866
 2.114
 1.158
 0.206
 1.441
 2.002
 0.984
 1.406
 0.736
 2.556
 0.435
-0.709
 1.657
 0.149
 0.585
 1.147
 1.754
 1.003
 0.403
 0.172
 1.585
 2.551
 2.158
 2.244
-1.335
-0.292
 0.654
-1.091
 0.642
 0.810
 1.136
 0.655
 2.110
 1.679
 2.370
 0.999
 1.830
 0.797
 0.097
 0.718
-0.435
 0.129
 0.106
-1.270
-0.065
 0.235
 1.663
 0.805
 1.169
 0.378
 1.261
 0.298
 0.501
 0.632
 0.637
 1.065
 0.896
 1.971
-1.093
-1.710
-2.614
-1.302
-0.059
-0.196
 2.816
 2.199
-0.143
 0.425
 0.574
-0.394
-0.337
 0.999
 0.373
-1.216
 0.684
 1.389
-0.022
 1.340
 1.420
 1.027
 1.728
-0.162
 0.486
-0.869
 0.440
 0.768
-0.548
-0.101
-0.596
-1.328
-0.499
 0.910
 0.057
-0.235
-0.934
-0.057
-0.757
-0.179
 0.960
 1.019
-0.539
 1.845
 1.071
 2.822
 0.450
-0.314
-0.680
-0.219
 0.383
-1.860
-0.771
-1.284
 0.293
-0.608
-1.099
-0.230
 0.184
-0.711
 0.310
 0.197
 0.666
-0.553
-0.020
 0.059
 0.422
-0.625
-0.845
-1.364
-0.942
-0.015
-0.513
-0.305
-0.043
 0.332
 0.710
 1.742
 0.989
 1.406
 2.257
 2.155
 1.449
 1.041
 0.413
 0.279
 0.258
 2.240
-0.716
 0.545
-0.038
 0.019
 0.137
-1.127
-0.324
 0.472
 0.802
 0.290
 0.274
 0.204
 0.647
 0.353
 0.742
-0.339
 0.436
-0.192
 0.422
-0.331
 0.611
 1.110
 0.776
 0.687
-1.371
-0.314
 1.377
 0.945
 1.486
 1.106
 1.373
 2.640
 1.072
 1.127
 0.014
 0.876
 1.151
 0.734
 0.844
-1.302
 1.109
 2.129
-0.184
 0.666
-0.399
-0.840
 0.561
 0.230
 1.074
 1.149
 1.432
 1.503
 0.546
 1.123
 0.456
 0.323
 0.226
 0.216
 1.683
 2.109
 0.661
-0.106
 0.078
-1.398
-0.111
 0.988
 1.027
-0.021
 0.921
 1.503
 0.200
 1.187
 1.403
 1.106
 0.499
 1.044
-1.028
 2.389
 1.407
 0.655
-0.305
 1.429
 1.000
 0.138
 0.153
-0.662
-1.143
 0.576
 0.798
 0.126
-0.149
 0.806
-0.030
-0.445
-0.175
-0.734
 1.048
-0.094
-0.205
-0.076
 1.427
 1.403
 0.884
 1.071
 1.444
 0.862
 0.672
 1.035
 0.243
 0.741
-0.271
 0.417
 0.228
 0.152
-2.132
 0.178
 0.094
-0.014
-0.845
 0.121
 1.782
 1.329
 1.192
 0.810
-0.869
 0.712
 1.019
-0.409
-0.129
 0.157
-0.155
 0.319
 0.520
 0.742
 2.382
 0.974
 0.148
 1.751
-0.523
 1.343
-0.071
 0.984
 1.146
 0.851
-0.348
-0.280
 0.722
 1.374
 1.058
 0.191
 1.159
-0.101
-1.200
 0.905
 0.573
 0.570
-1.657
-1.242
-2.047
-0.949
 0.510
 0.475
 0.159
-0.983
-0.977
-0.573
-0.520
-1.986
-1.452
 0.995
-0.947
-0.488
 0.137
-0.967
-0.529
-0.599
-1.277
-0.696
-0.745
-0.890
 0.494
 0.354
-0.377
-0.229
-0.137
-0.041
 1.796
 1.108
 1.422
 0.021
-1.051
 0.933
-0.681
-0.899
-0.820
-0.267
-0.818
-0.234
-2.172
-2.091
-0.872
-2.002
-2.294
-1.839
-0.859
-2.249
-1.539
-2.304
-1.291
-2.055
-1.646
-1.343
-0.219
-1.178
-1.564
-0.851
-1.572
-0.918
-1.083
 0.902
 0.159
 0.264
-0.681
-0.307
 0.335
 0.851
 1.157
 0.589
 0.663
 0.502
-0.541
 0.871
-0.032
 0.833
-0.608
-0.865
-0.402
-0.560
-1.228
-0.510
 0.664
 0.779
-1.454
-0.665
 2.399
 0.958
-0.463
 0.145
 0.683
-1.696
-1.499
 1.572
 1.226
 0.418
-0.864
-0.429
-0.078
 0.833
 0.598
 0.166
 0.263
 0.346
-1.867
-0.738
-0.429
-0.550
-0.627
 0.448
-2.188
 0.130
 1.350
 1.292
 1.746
 1.328
 1.742
 1.472
 1.015
 1.349
 1.635
 0.802
 0.512
 0.903
 1.474
 0.232
 1.023
 0.989
 0.845
 1.522
 1.021
 2.299
 2.188
-0.243
 0.564
 0.551
-0.379
-0.368
 1.677
 2.241
 1.386
 0.809
 0.519
 2.148
 2.072
 2.127
 0.903
 0.959
 1.629
 0.228
 1.584
 1.374
 0.745
 0.604
-0.872
 0.239
 1.939
 1.432
 0.218
-0.223
 0.268
-0.559
 1.109
 0.220
 0.355
-0.420
 0.118
-0.007
-0.339
-0.289
 1.221
 1.042
 0.806
 0.733
 2.053
 1.129
 0.886
-0.171
 0.920
 0.956
 0.401
 0.825
-0.263
 0.413
-0.053
 0.744
-0.255
-0.025
 0.823
 1.553
 2.342
 2.303
 0.459
 1.106
 0.883
 1.009
-0.564
-0.315
-0.239
 1.046
 1.236
 0.633
 0.107
 1.926
 0.811
-1.111
 0.236
-0.796
 0.010
 0.752
 1.485
 0.715
-0.002
-0.370
 0.503
 1.581
 0.900
 0.407
 1.055
 0.286
 0.446
-0.015
-0.491
 0.037
-0.117
 1.008
 1.493
-0.062
 1.740
 0.586
-0.037
-1.055
 1.394
-0.482
-0.187
 0.265
 2.049
 1.730
 2.170
 0.733
 1.833
 1.671
 0.583
-0.925
 0.713
-0.059
 0.591
 0.229
-0.544
-0.102
-0.024
-0.441
-0.598
-1.192
-1.069
 0.594
 0.368
-0.189
 0.476
 1.023
 1.921
-0.046
-0.568
-0.529
 1.897
-1.059
 0.416
-0.107
-1.859
-1.185
 0.909
 1.191
 0.328
-0.747
 0.580
 0.230
-0.795
 0.876
 1.637
 1.819
 1.896
 0.802
 0.411
-0.701
 0.534
 0.375
 0.000
 0.262
 0.069
-1.078
-0.663
-0.375
 0.324
 0.868
 1.271
-0.285
 0.748
-1.024
 0.046
 0.195
 1.582
 0.646
 0.862
 1.463
 0.117
 0.493
-0.392
 0.516
 0.781
 0.219
-0.238
 0.186
 0.934
 0.144
 0.696
-0.300
 0.858
 0.348
-1.119
-1.450
-0.467
-0.863
 0.357
 0.333
-0.146
-1.502
 0.703
 2.274
 1.706
 1.454
-0.455
-0.240
 0.457
-0.255
 1.479
 0.935
 0.614
 1.508
 0.540
 1.388
 0.903
 1.683
 1.148
 0.404
 0.358
 0.268
-0.782
-0.019
-0.152
-0.301
 0.321
 1.695
-0.638
 0.280
 0.668
-0.426
-1.334
-0.389
-0.621
 0.456
-1.001
-0.498
-0.914
-0.124
-0.268
-1.155
 0.372
 0.418
 2.355
 0.833
 0.563
 0.683
-0.288
 1.812
 1.551
 0.176
 1.180
-0.667
 1.231
 1.762
 0.631
 0.500
 1.143
 2.367
 1.101
-1.136
 2.184
 3.043
 0.242
-1.021
-1.173
 0.612
 1.228
 0.370
 1.423
 1.234
 0.516
 1.397
 0.166
-0.870
-0.285
 0.629
-0.642
 0.591
-0.001
-0.546
 1.531
 1.179
 0.729
-0.283
 1.331
 0.753
 2.366
 1.122
-0.156
 1.069
 1.001
 0.053
 0.783
 0.140
 0.653
 1.020
 1.963
 0.081
 1.267
 1.124
 1.554
 0.664
 1.660
 0.879
 0.264
 0.779
 0.342
 1.629
 1.136
 0.200
 1.575
 2.050
 2.451
 0.805
 1.545
 1.155
 0.650
 0.874
 2.486
 1.272
 0.705
 1.083
 1.176
 1.244
 0.705
 1.028
 1.260
 1.150
 1.293
 0.889
 0.808
 2.171
 1.637
 0.735
-0.230
 1.550
 1.581
 1.055
-0.231
-0.104
 0.911
 0.903
 0.218
 1.530
 1.955
-0.082
 1.076
 1.535
 2.203
 1.788
 2.850
 2.133
 3.040
 3.503
 2.454
 1.500
 1.517
 1.196
 1.679
-0.163
 0.909
 1.315
 1.125
 1.092
 0.196
 1.405
 0.930
 1.848
 1.292
 0.632
 0.040
 0.322
-0.745
-0.890
 1.222
-0.690
 0.476
 0.798
-0.944
-0.309
 0.430
 2.384
 0.410
 0.528
 0.768
 1.174
 2.202
 3.002
 0.803
 0.404
-0.090
 0.470
-1.314
-0.128
 0.359
-1.116
-0.627
-0.224
 1.412
 0.458
 1.961
 1.080
 0.766
 0.739
-0.383
-1.155
 0.121
-0.899
 0.150
-0.296
-0.196
 0.392
-1.176
 0.152
 1.157
 0.417
 0.578
 1.842
 3.025
 1.785
 2.317
 0.263
 0.119
-0.033
 0.069
 0.320
 1.585
 0.633
-0.296
 0.532
 0.333
 0.450
-0.175
 1.394
 0.016
 0.771
 0.933
 1.672
 0.432
 1.534
 1.522
 0.277
 1.816
 1.548
 0.269
 2.090
 0.373
 0.257
 1.302
 0.606
-0.292
 0.383
 0.917
 0.608
 1.363
 0.157
 1.011
 0.965
 1.525
 1.726
 2.508
 1.270
 0.879
 0.790
 1.858
 1.258
 1.432
-0.030
 1.566
 1.254
 1.839
-0.083
 0.991
 0.994
 1.666
 1.730
 0.191
 1.565
 1.267
-0.329
-0.886
 0.487
 0.101
-0.325
 0.318
 0.063
 0.510
 0.393
 2.214
 0.242
-0.239
-0.558
-1.368
-0.018
-0.556
-0.146
 1.441
 1.123
-0.131
 0.251
-0.565
 0.634
 0.598
 0.289
-0.882
 0.087
-1.676
-0.101
 0.508
 0.085
-0.301
 0.813
 1.262
-0.769
-0.618
 1.409
 0.181
 0.725
 1.330
 1.189
 0.519
 0.627
 1.117
 0.435
 0.799
 0.447
 2.538
-0.429
 0.125
 0.326
 1.124
 1.134
 3.040
 0.870
 0.558
 0.859
 1.987
 1.071
 1.186
 1.068
 0.245
 1.720
 0.318
 0.753
-1.341
-1.654
 0.820
-0.143
 0.127
 1.854
 0.539
 0.090
 0.491
-0.133
 0.751
 0.318
 1.138
-0.304
 0.790
-0.298
 0.201
-0.885
 0.023
 0.770
 0.248
 0.304
 0.710
-0.241
-0.007
-0.208
 1.667
 2.110
-0.002
-0.023
 1.723
 1.050
 0.899
 2.024
 2.158
 1.405
 2.223
 0.747
-0.024
 0.741
-0.345
 1.222
 0.227
 0.209
 0.764
-0.179
 0.518
 0.574
 0.648
-1.385
-0.334
 0.180
 0.093
-0.144
 0.676
 0.258
-0.822
 0.410
 0.524
-0.327
-1.857
 0.096
-0.501
-1.840
 0.175
-0.284
 0.654
-0.426
 0.762
 2.286
 1.293
 1.635
-0.304
 0.288
 1.419
 0.446
-1.229
-0.946
-1.344
-0.707
 0.166
-0.437
 1.001
 0.545
-0.499
 0.510
-0.195
-0.932
 0.005
 0.738
-0.134
-1.042
-1.295
 0.057
-1.079
-0.713
-0.391
 1.534
-1.302
-0.234
 0.672
 0.904
 0.318
-0.358
 0.769
-0.304
-0.650
 0.112
 0.180
 1.639
 0.750
 0.261
 0.473
 0.353
 0.239
-0.013
 0.991
 1.133
 0.486
 0.437
 1.475
-0.337
 2.486
 0.229
 0.274
 1.481
 2.531
 1.399
 2.764
 1.233
 1.711
 0.730
-0.468
-0.302
 0.687
 0.182
-0.729
 0.048
 1.836
-0.574
-0.444
-0.556
-0.128
 0.924
 1.875
 0.050
 0.843
-0.604
 0.298
 1.241
-0.947
-0.266
-0.987
 0.932
 2.020
 0.816
 1.659
 0.682
 1.228
 1.385
 2.168
 2.289
 0.353
 0.604
-0.622
-0.466
 0.328
-0.405
-0.835
-0.545
-0.412
-0.185
-0.721
-0.748
 0.445
-1.320
-0.647
 0.435
 0.273
-0.556
-0.145
 0.382
 0.824
 0.391
 0.306
 0.282
-0.932
-0.684
-0.809
 0.324
-1.449
-0.764
-0.025
-0.637
-0.310
 0.835
 2.254
 2.020
-0.265
 0.397
-0.107
 0.562
-0.396
-0.851
-0.493
 0.405
-1.078
-0.098
-0.326
-0.558
 0.366
 0.723
-0.297
 0.304
 0.503
-0.947
 0.301
-0.211
 1.674
 1.043
 0.641
 1.137
 0.231
-0.413
-0.344
-0.606
 0.549
 1.709
 0.401
-0.181
-0.406
-1.733
-0.754
 0.290
 0.885
 0.405
-0.179
 0.160
 0.499
-0.682
-1.635
 0.447
 0.216
 0.405
-0.053
-0.859
 1.229
 0.534
-0.201
 0.665
 0.019
-1.817
 0.144
 0.802
 1.056
 0.447
-1.225
-0.880
-1.713
-1.503
-0.815
-0.855
-1.040
-0.144
-1.823
-1.881
-0.284
-0.275
-0.098
-0.589
-0.733
-0.272
-0.074
 1.498
-0.356
-0.663
 0.575
 0.308
-0.836
-0.030
-0.453
-0.784
-0.323
-0.871
 0.692
 0.316
 0.022
-1.645
-1.204
-1.037
-0.828
-0.837
-2.332
-0.101
-0.436
-0.684
 0.079
-0.449
 0.338
-1.807
-0.012
 0.200
-1.366
 0.395
 0.938
 1.515
 1.047
 0.951
 2.255
 2.055
 0.660
-0.127
 0.438
 0.885
 0.423
 0.583
 0.698
 0.982
 2.181
 1.457
 0.084
 1.844
 0.651
 0.217
-0.322
 0.280
 0.547
-0.118
 1.428
 2.276
-0.064
-0.958
 1.674
-0.984
-1.571
 0.412
 0.910
 2.041
 1.461
 1.408
-0.638
-0.491
-1.746
-1.210
-1.351
-1.590
-1.681
-0.894
-0.583
-0.683
-0.603
-0.640
-1.415
-0.837
 0.231
 0.002
-0.261
 0.354
-0.337
 0.357
 0.022
-0.163
-1.398
-1.481
-1.881
-1.821
-1.119
-0.361
-1.603
-1.737
-0.856
 0.067
-0.942
-0.624
-1.260
-0.216
-1.255
-0.623
-0.285
-0.903
-1.273
-1.815
-1.131
-1.015
-1.377
-2.656
-1.630
-1.016
-2.320
-2.128
-0.640
-0.404
-0.214
-1.007
-0.599
-0.328
-1.334
-0.476
 0.198
 1.160
-0.261
-0.007
-0.160
-1.131
-0.045
-0.272
 0.454
 0.405
 0.972
-0.142
-0.496
 0.745
 0.288
 0.632
-0.038
 0.191
 0.938
-0.648
-1.113
-0.275
-1.399
 0.421
-0.617
 1.333
 0.075
-0.800
-1.737
-1.439
-2.194
-1.607
-0.119
-0.201
-0.317
-1.202
-0.284
 0.586
-0.797
 1.232
 1.158
 1.275
 0.637
 0.701
 0.563
-0.477
-0.286
-0.632
-1.039
-1.115
-0.636
-1.052
 0.777
 0.317
-1.192
 0.001
-0.635
-1.422
-1.549
 0.006
-0.320
 1.069
-1.408
-0.303
-0.151
-0.723
-0.659
-0.723
-0.328
-0.170
-0.788
-1.655
-0.739
-0.451
 0.651
 0.102
 0.174
 1.629
 1.426
 1.817
 1.293
-0.170
 0.595
-0.331
 1.423
 1.808
 1.591
 0.938
-0.352
 0.614
 0.465
 0.598
 1.928
 1.119
 1.330
 1.560
 1.776
-1.107
 0.275
-1.505
-1.493
-0.993
-1.531
-1.069
 0.005
-0.031
-0.550
 0.598
 0.542
-0.226
 1.770
 2.697
 0.403
-0.519
 1.214
 1.279
 0.801
-0.160
 0.494
 0.057
 1.087
 1.670
 1.895
 2.247
 1.709
 0.570
 1.715
 0.284
 0.677
 1.123
 1.155
 2.654
 0.833
 1.116
-0.223
-0.751
-0.516
 0.805
 0.870
 0.947
 0.795
 0.888
-0.250
-0.136
-1.009
 0.192
-0.490
 1.881
 1.623
 1.642
 1.048
 1.193
 2.679
 1.488
 1.320
 0.895
 0.687
 1.632
 1.045
 0.502
 0.582
 0.069
 0.647
 0.851
-1.098
 0.360
 0.930
 0.477
 0.741
 0.166
 1.285
 1.442
 1.607
 1.017
 1.090
 0.823
 1.367
 1.033
 0.633
 1.590
 2.825
 1.197
 2.106
 1.402
 0.306
-0.026
 0.216
 1.079
 0.987
 1.739
-0.141
-0.533
 1.213
-0.182
 0.769
-0.984
 0.499
 0.082
-0.004
 0.813
 0.330
-0.554
-0.695
-0.788
-0.058
-0.811
 1.027
 0.040
-0.550
 0.041
 0.492
 0.796
 2.130
 1.501
 1.093
 0.886
 1.793
 2.666
 0.959
 1.212
 0.688
 0.129
-0.611
-0.059
 2.345
 1.334
 1.905
 1.329
 3.001
 1.113
 0.534
 1.177
 0.276
-0.324
 0.754
 1.325
-0.728
-0.717
 1.604
 0.651
-0.604
 0.610
-0.307
 0.060
-0.460
 0.784
 0.060
 0.208
 0.589
 1.113
 1.340
 0.178
 0.942
-0.327
 2.486
 0.985
 0.904
 0.746
 1.761
 1.222
-0.475
 0.809
 0.700
 0.618
-0.071
-0.081
 0.118
-0.194
-0.514
 0.890
-0.085
 0.408
 0.076
 1.427
 0.790
 0.366
 0.210
-1.258
 0.326
 0.420
 1.175
-1.307
-0.732
 0.466
-0.998
 0.252
-0.314
-1.004
-0.796
 0.311
-0.884
 0.113
 1.199
-0.814
 0.973
 0.207
 0.573
 0.331
 0.909
-0.173
 0.412
 0.883
-0.428
-1.066
-0.277
-0.572
 0.178
-0.200
 1.942
 0.735
 0.927
 1.457
-0.251
 0.672
 0.801
-0.517
 0.268
 0.145
-0.342
 1.046
 0.486
-1.212
-0.277
-0.407
 0.463
 0.602
 0.482
 0.940
 1.969
-0.969
 0.481
 1.665
 0.827
-0.482
-0.144
-0.981
 0.841
-0.634
-0.475
-2.014
-1.867
-0.252
-0.203
 0.029
-0.588
 0.608
-1.408
-2.448
-0.352
 0.452
 0.851
-1.795
-0.731
 0.428
-0.100
 0.784
-0.356
-0.117
 0.141
-0.382
-0.838
-1.518
-1.306
-0.578
-0.272
-1.243
-1.809
-1.084
-1.113
 0.925
-0.343
 0.432
 0.862
-0.385
 0.785
 0.490
-0.525
-0.558
-0.504
-1.106
 0.208
-0.893
-2.359
-0.243
-0.691
-1.128
-0.394
-0.857
 0.816
-0.309
-0.605
 0.120
 1.162
 0.970
 0.811
-0.852
 0.811
-0.835
 0.155
-0.143
 0.231
 0.825
 0.571
-0.429
 0.596
 0.180
-0.197
 1.083
 0.500
 0.504
-0.216
 0.245
 0.266
 0.374
 0.204
-0.423
 0.629
 2.050
-0.433
 0.681
 1.421
 1.175
 0.646
-1.830
-0.599
-0.298
-1.727
-1.984
-0.291
-2.221
-0.511
-0.435
-0.186
-0.220
 1.066
 0.994
-0.444
-0.525
-0.569
-0.644
 0.055
-0.883
 0.191
 0.728
 0.318
-0.793
-0.216
 0.298
-0.837
-2.006
-1.185
-0.028
-0.259
-0.588
-0.189
-0.255
 1.069
 1.402
 1.309
-1.029
 0.122
 0.026
-0.607
-1.162
 0.125
-1.130
 0.073
-0.207
-0.331
 0.738
 1.111
-0.299
-0.623
-2.243
-0.291
-1.831
-2.047
-0.812
-1.712
-2.714
-0.375
-2.409
-0.516
-0.455
-0.673
-1.100
-1.627
-0.084
-1.123
 0.388
-0.169
-0.857
 0.021
-0.274
-0.858
-0.736
-0.041
-0.559
-1.098
 0.134
 0.120
 2.262
 1.286
-0.233
 0.502
 0.585
 0.718
 0.643
 0.225
 0.653
-0.790
 0.329
-2.163
 0.540
 0.415
-0.198
-1.570
-1.433
 0.260
 0.677
 1.392
-0.845
-0.271
 1.791
 1.418
 0.648
 0.251
 0.261
 1.392
 0.586
-0.636
-0.229
 1.068
 0.490
-0.311
-0.169
 0.019
 0.005
-0.766
 0.116
 0.820
 0.455
-0.940
-0.990
 0.306
-0.066
-0.823
 0.232
 0.451
 1.303
 1.726
 2.008
 1.903
 1.427
 2.123
 1.183
 0.814
 0.218
 0.305
 0.378
-1.383
 0.893
-0.443
 0.376
-0.053
-1.075
-1.572
-0.746
-2.057
-0.201
 0.100
-0.067
 1.187
-0.641
 0.504
 0.530
-0.183
 0.255
 0.750
 0.133
-2.115
 0.055
 0.367
-0.383
-1.315
-1.184
-0.366
 1.597
 0.529
 0.171
 0.406
-0.921
 1.007
 0.404
-0.370
 0.018
 0.585
 1.060
-0.809
 0.105
-0.474
 0.443
 1.100
 1.455
 1.054
 0.385
 0.651
 1.151
 0.739
 0.954
 0.513
 1.295
 0.262
 2.946
 0.942
-0.333
 0.525
-0.737
 2.059
 1.489
-0.636
-0.218
-0.125
 0.003
 0.715
 1.196
-1.040
-0.249
 1.061
 0.804
 1.779
 0.426
 0.964
 1.977
 1.717
 1.339
 0.376
 1.279
 0.350
 1.419
 0.985
 1.356
 1.156
 1.388
 2.121
 0.440
-0.503
 0.297
-0.560
-0.214
-0.031
 1.284
-0.745
 0.628
 0.661
-0.255
-0.389
-0.248
 1.525
 1.380
 0.628
-0.237
-0.310
-0.898
 1.547
 1.166
-0.317
-0.238
 1.930
 1.305
 0.078
-0.911
-0.822
-0.429
-0.271
 0.057
-0.451
-1.264
 1.130
 1.329
 0.115
 0.354
 0.086
-0.511
-1.210
-0.277
-0.326
-0.678
-0.523
 0.355
 0.033
 0.877
 1.786
 1.027
 0.425
-0.199
 0.732
 0.205
 1.217
 2.815
 0.694
 1.501
 2.359
 0.432
 1.208
 1.048
 1.479
 0.670
 1.363
 0.933
 0.944
 2.048
 1.767
 1.485
 2.362
 1.051
 1.362
-0.682
-0.204
 0.529
 0.551
 1.028
 1.126
 0.531
-0.320
 0.476
 0.579
 1.791
-0.564
-1.227
-1.372
 0.421
-0.142
 0.878
 0.859
 2.519
 0.224
 0.701
 1.697
 0.566
 1.373
 0.626
 0.711
 1.769
-0.553
-0.099
-0.841
-0.502
 0.796
 1.029
-0.910
-0.214
-0.475
-1.462
-0.184
-1.363
-0.136
 0.687
-1.490
 0.029
-0.529
-1.954
-0.887
-0.530
 0.639
-1.632
-1.449
 0.726
 0.831
 1.109
 0.151
 0.796
 0.057
-0.360
-0.691
 0.605
-0.263
 0.205
 2.087
 1.112
-0.479
 0.176
 0.335
 0.444
 0.897
 1.298
 0.849
 0.126
 0.486
-0.587
-0.225
-1.345
-1.051
-1.551
-0.869
 0.650
 0.963
 0.088
-0.331
 0.433
-0.153
 2.087
-1.139
-1.886
-2.327
-1.898
 1.265
-0.507
-0.728
-1.010
-1.503
 0.083
-0.444
-2.182
-1.061
 1.195
-0.422
-0.515
-0.890
-0.166
-0.258
-2.638
-0.951
-0.279
 0.236
-1.163
-0.967
 0.918
 0.764
 2.624
 2.450
 1.518
 0.223
 0.499
 0.348
-0.162
-0.645
-0.500
-0.162
-0.001
-1.134
 0.229
 1.046
 0.446
-1.237
 0.042
-1.224
-1.237
 0.073
-0.427
-0.311
-0.276
-2.130
-0.137
-1.190
 0.563
 0.423
-0.251
 1.671
-0.168
-0.269
-0.667
 0.530
 0.010
 0.464
 0.110
 1.820
-0.785
-0.801
-0.419
-0.112
-0.358
 0.529
 0.890
 1.968
 1.637
 1.441
 1.138
 1.446
-0.116
 1.265
 1.999
 2.001
 1.541
 1.785
 1.259
 0.285
 1.176
-0.318
 0.425
 0.373
-0.944
-0.258
-1.791
 0.172
-0.340
 1.470
-0.308
 1.452
 3.805
 1.223
 0.752
 1.562
 0.723
 1.829
 2.278
 0.659
 1.583
 1.006
 0.258
-0.330
 0.447
-0.143
-0.703
-0.679
 0.975
 2.686
-0.045
 1.074
 0.591
 0.905
 1.962
 0.892
 1.241
 1.030
 0.083
-0.056
 0.788
 1.136
-0.604
 0.306
 2.159
 1.094
 1.879
 3.182
 1.585
-0.784
 0.430
 2.166
 2.594
 1.734
 2.731
 1.888
 1.304
 1.160
 1.064
 0.694
 1.619
 3.043
 2.826
 0.542
 0.604
 2.243
 2.063
 2.714
 2.329
 1.622
 0.115
 1.846
 1.411
 1.381
 2.158
 1.673
 1.040
 1.001
 1.553
 1.407
 0.246
 1.066
 1.511
 1.790
 1.930
 0.975
 2.112
 1.338
 2.573
 3.059
 1.399
 2.154
 1.860
 0.585
 0.173
 1.191
 1.631
 1.121
 0.870
 0.202
 0.485
 0.429
-0.456
 0.203
-0.032
 0.075
 0.434
 0.756
 0.409
 1.404
 1.189
 2.440
 2.276
 0.922
 0.396
-0.769
 1.434
 2.021
 0.755
 0.829
 1.142
 0.854
 2.097
 1.689
 0.564
 1.246
 0.433
-0.269
 0.593
 0.283
 1.142
 0.881
-0.282
 1.531
 1.964
 2.031
 1.917
 1.218
 2.295
 1.242
 1.495
 1.000
 0.821
 1.131
 1.698
 1.727
 1.798
 0.602
 0.541
-0.348
-0.066
-0.365
 0.662
 0.810
 1.701
 1.176
 0.516
 1.151
 1.248
 0.624
 0.222
 0.881
 0.674
 1.435
 0.525
 0.355
 0.138
-0.380
-0.256
-0.533
-0.392
 0.709
 0.485
-0.204
-1.385
 0.767
 0.866
-0.366
 1.115
 1.294
 0.169
 0.846
 1.167
-0.192
 1.278
 2.019
 0.756
 1.051
-0.595
 0.743
 2.710
 0.816
 1.320
 2.802
 1.725
 0.650
 1.852
 0.738
 0.879
 0.441
 0.803
 0.514
 2.042
 0.844
 0.464
 0.512
 1.491
 2.558
 1.241
 0.978
 3.239
 0.924
 2.648
 2.672
 1.933
 2.124
-0.024
-0.241
-0.274
-0.802
-0.779
-0.271
 1.292
-0.073
 0.903
-0.170
 0.064
-0.568
-0.762
-0.053
 1.398
 0.132
-0.777
 0.461
-0.598
 0.220
-0.994
-0.294
-1.118
-0.559
 1.831
 2.081
 3.051
 0.925
 2.273
 2.212
 2.491
 2.625
 0.245
 1.366
 0.913
 1.542
 0.000
 0.358
-0.632
 0.483
 0.708
 0.898
 0.410
 0.482
 0.207
-1.013
 0.833
-0.087
 0.832
 0.980
 0.980
 0.927
 0.773
 0.256
-0.127
-2.314
 0.523
-0.369
-0.295
 0.172
 0.946
 0.371
 0.584
 0.583
 1.832
 0.502
 1.114
-0.001
 0.973
 1.060
 0.395
 2.740
-0.122
 1.498
 0.828
-0.619
 0.373
-0.686
 1.080
 0.096
 0.480
-0.010
 0.817
 0.792
 0.797
 0.795
 0.516
 1.198
 0.126
 0.551
 1.568
 1.484
 1.427
 2.272
 2.443
 1.553
 0.435
 1.801
 1.426
 0.032
 0.468
 1.003
 1.447
-0.899
 0.749
 0.570
 0.540
 0.409
-0.079
 0.841
 1.109
 2.297
 1.849
 3.460
 2.747
 2.799
 1.839
 2.036
 2.862
 1.388
 2.219
 1.563
 0.806
-0.705
 0.965
 1.205
 2.050
 0.422
 1.286
 0.509
-0.319
 0.037
-0.076
 1.163
 2.058
 1.707
 1.855
 1.687
 0.285
 1.378
 0.690
 1.671
 0.997
 1.785
 1.426
 1.996
 1.847
 2.469
 3.155
 2.406
 2.187
 0.556
 3.046
 1.712
 1.288
-0.070
 0.788
 1.704
 1.044
 0.067
 0.709
 0.679
-0.063
 0.516
-0.343
 0.316
 0.599
 0.231
 0.744
 0.853
 0.528
-0.197
 2.988
 1.409
 1.387
 1.272
 0.780
 0.008
-0.304
 2.267
 1.136
 2.218
 2.079
 2.486
 1.539
 0.677
 0.413
 1.298
 0.858
 0.457
 0.253
 0.497
-1.354
 0.809
-0.531
 1.667
 0.144
-0.662
-0.012
 0.766
 0.070
 1.014
 0.675
 1.054
 1.165
-1.503
 0.317
-0.357
 0.401
-0.493
-0.860
-0.842
 1.058
 1.034
 0.886
 0.605
-0.083
 0.295
 1.497
-0.149
 0.901
-0.947
-0.801
 1.137
 0.824
 1.136
 0.715
-0.248
 1.301
 0.765
-0.388
 0.007
-0.063
 0.883
-0.270
 1.154
 2.016
-0.442
-0.001
 0.399
-0.312
-0.857
-0.112
-1.536
-1.006
-0.382
-0.438
-0.191
 0.124
-0.591
 0.140
 1.273
 1.311
-0.026
 0.548
-0.147
 0.467
 0.482
 0.060
 1.286
-1.286
-0.633
 0.042
 0.245
-0.541
-0.095
-0.347
 0.037
 0.213
 0.991
 2.094
 1.034
-1.592
-1.225
-1.380
-0.461
-0.951
-0.230
-0.035
-0.053
-0.234
 0.151
-0.129
 0.298
 1.559
 0.241
 0.396
 0.976
 0.830
 0.377
 0.906
 0.140
-0.388
 0.794
 1.381
 2.942
 1.861
 2.138
 0.619
 0.150
-0.274
 0.302
-0.415
-1.147
 0.532
-0.204
 0.399
 0.258
 0.233
-0.227
-0.116
-0.225
-0.222
 0.604
 2.361
 1.969
 0.790
 0.485
 0.612
 0.560
 1.034
-0.771
-0.602
 1.654
 0.529
 0.854
 0.881
 1.679
 2.347
 1.187
 0.523
 1.632
 1.256
 0.841
-0.567
-0.716
 0.291
 0.547
 0.217
-0.204
 0.075
-0.075
-0.134
-0.635
-1.031
-0.624
 0.420
 0.325
 0.613
 1.241
 1.229
 0.376
-1.210
-0.802
-0.004
 0.010
 0.493
 0.282
 1.952
 2.694
 1.709
 1.234
 2.477
 2.225
 1.392
 1.013
 1.355
 1.215
 0.218
 1.319
 0.764
 1.537
 0.958
-0.678
-0.112
-2.153
 1.363
 2.064
 1.281
-0.822
-0.425
 0.266
-0.798
 1.325
 0.374
-1.449
-0.401
-0.754
-2.919
-0.239
 0.953
 0.616
 1.966
-1.046
-0.351
-0.031
 0.020
 0.274
 0.903
 1.224
 1.863
 0.191
 0.424
 1.267
-0.385
 0.764
 0.960
-0.240
-1.059
 0.887
 0.916
 0.264
 0.295
-0.748
-0.523
-0.164
-0.344
-0.899
-0.005
 0.165
 0.171
-1.675
 0.068
 0.214
 0.805
-0.193
 0.976
 2.068
-0.047
 0.260
 1.229
 0.600
 0.086
 0.416
-0.815
-1.460
-0.569
 0.323
-0.388
 0.633
 0.647
-0.273
-1.232
-0.303
 1.614
-0.601
 0.753
 1.844
 1.095
 1.796
 0.858
 0.604
 1.173
 0.818
-0.162
 0.585
-1.864
-1.852
-1.224
-1.873
-3.118
-1.056
-1.029
-0.979
-0.103
-1.462
-1.946
-1.011
-0.742
-0.944
-0.499
-0.801
 0.000
 1.824
 1.114
-0.410
-0.298
 0.248
 0.142
 0.972
-0.591
 0.204
 2.200
 2.334
 0.462
 0.263
 0.617
-0.305
-1.465
 0.553
 1.072
-0.213
 0.440
-0.444
 0.447
 0.522
 0.805
 1.224
 0.581
 0.780
-0.190
-1.162
-1.232
-0.169
 0.714
-0.130
-0.674
-1.004
-1.230
 0.599
-0.793
 0.222
-1.721
-1.433
-1.213
-0.068
-0.516
-0.945
 0.786
-0.378
-1.554
 0.491
-0.545
 0.233
-0.435
 1.580
 1.541
 0.566
 0.859
 0.341
-0.541
-0.225
-0.614
 1.060
 0.484
 0.498
 0.327
 0.096
 0.485
-0.141
-1.408
-0.226
 0.943
-0.722
-0.072
 0.733
 1.228
 0.603
 1.126
 0.785
-0.422
-0.699
-0.646
 0.876
-0.980
-0.032
 0.747
-0.496
 1.560
 0.555
 0.452
 0.914
-0.010
 1.379
 0.211
 0.803
-1.982
-1.472
 0.093
 0.712
-0.740
-0.292
-1.348
-0.429
 1.134
 0.836
 0.016
 0.327
 0.218
 0.118
 1.611
 0.328
 0.201
-0.280
 0.397
 0.147
-0.490
 0.059
-0.637
-2.581
-0.787
-1.668
-1.865
-0.636
-0.029
-0.269
-0.849
 0.083
 0.890
-0.915
-0.518
-1.217
-0.167
 0.049
-0.565
-0.246
 0.431
-0.686
 1.296
 0.479
 2.300
 0.094
-0.276
-1.337
-0.559
 0.867
 0.498
 1.562
-1.598
 0.337
-2.325
-1.682
-0.945
-0.220
 1.047
 0.247
-0.378
 0.376
-1.060
-1.208
-1.096
-1.159
-0.373
-0.434
 0.626
-2.039
-0.307
 0.060
 0.823
-0.053
-0.951
-0.073
 0.173
 0.341
-0.341
-0.450
-0.649
 0.100
-0.656
-0.605
-0.876
-0.062
-1.906
-0.508
 0.757
-0.058
-0.514
 1.070
 0.296
-1.382
-0.510
 0.535
-0.454
-1.254
 0.331
-0.015
-2.005
-0.269
-0.818
-0.066
-0.240
-0.215
-0.079
 0.503
-0.044
-0.875
-0.369
-1.153
-1.199
-0.225
 0.000
-0.687
 0.228
-0.912
-1.209
-0.212
-0.837
-0.177
-0.321
-0.389
-0.178
-0.729
 0.454
-0.951
-0.154
 0.075
 0.369
 1.090
 1.480
 0.474
 0.566
 0.352
 0.784
 2.147
 0.021
 0.749
 0.955
 0.285
-0.553
-1.038
-0.570
-0.037
 0.119
-1.004
-1.125
-1.103
-2.459
 0.201
-1.463
-1.715
-0.588
-0.974
 0.111
 0.247
-1.621
-2.081
-1.818
-0.034
-0.503
-0.571
 0.214
-1.335
 0.187
-0.217
-1.952
 0.305
-1.579
-1.293
-1.091
 0.001
-0.280
 0.750
 1.116
 1.122
 0.911
 1.843
 1.400
 0.903
-0.772
-0.838
-1.641
 0.247
-0.100
 1.604
-0.268
 0.847
-0.682
 0.082
-1.119
-0.546
-0.133
-0.664
-1.647
-0.531
-2.439
-1.306
-0.512
 0.654
 0.610
 0.159
-0.275
 0.873
-0.158
 0.079
-0.312
-0.411
 0.182
 0.431
 0.334
 0.490
-0.571
-0.638
-0.627
 0.335
 0.654
 0.330
 0.081
-2.048
-1.433
-0.028
 0.863
 1.414
 1.052
-1.491
 0.692
 2.135
 0.260
 2.000
 1.264
-0.868
 1.638
 1.760
-0.830
 0.206
-1.184
 1.109
 1.698
 0.311
-0.279
-0.115
 0.145
-1.213
-0.636
-0.731
-0.164
-0.596
-1.528
-1.340
 0.798
 0.374
-1.237
-0.823
-0.587
-0.745
 0.265
 0.372
-1.199
 0.082
 1.033
-0.724
-1.758
-0.087
-1.887
-3.420
-2.077
-0.176
-0.123
-1.140
-0.914
-0.384
-0.713
-0.574
 0.083
 0.460
-0.154
 0.320
-0.070
 0.585
 0.391
 0.601
-0.361
-0.129
-0.845
-0.529
-0.524
 0.069
-0.554
-0.071
-1.427
-1.006
 0.617
 0.188
-0.562
 0.210
 0.722
-1.249
 0.481
-0.063
 0.253
-0.148
-0.117
-1.147
-0.213
-0.857
 0.088
-0.433
-0.157
 1.328
-0.283
-0.913
-0.884
-0.608
-0.879
-1.012
-0.094
-0.842
-0.443
-0.763
-0.874
-0.597
-1.193
-0.396
-2.459
-1.154
-1.036
-1.670
-0.641
-2.372
-0.423
 0.465
-1.104
-0.111
-0.370
-0.080
-0.546
-0.999
-0.360
 1.762
 1.014
-0.605
 0.054
 0.094
 0.767
 0.540
-0.691
 1.095
-0.320
-0.312
 0.382
-0.156
-0.191
 0.340
 0.607
-0.724
 0.333
-0.008
-0.666
 0.818
 0.549
 0.193
 0.271
-0.468
 1.526
 0.423
-0.421
 0.616
 1.886
 0.310
 1.124
-0.260
 0.884
-0.298
 0.931
 1.105
 0.241
 0.305
 1.089
 2.779
 2.045
-0.562
 0.510
 2.026
 0.229
 1.572
 0.797
 0.174
 0.529
 0.213
 1.109
 2.033
 0.265
 0.327
 0.870
 1.393
 0.973
 1.954
 0.584
 2.771
 0.706
 1.826
 2.374
 2.642
 2.549
 1.208
 2.414
 2.121
 0.366
 0.464
-0.905
 0.519
 1.147
 1.613
 1.704
 0.963
 0.926
 1.124
 1.201
 0.525
 2.141
 2.200
 1.853
 0.118
 0.053
 0.138
 0.595
 1.881
 1.734
 0.536
 1.224
 0.972
 0.663
-0.006
 0.696
 0.591
 0.255
 1.015
-0.559
 0.482
 0.478
-0.453
-0.270
 1.090
-0.032
-0.607
 0.379
-0.732
-1.382
-0.473
 1.007
 1.013
 1.025
 1.215
 1.590
-0.764
 0.971
-0.204
-0.434
 1.001
 0.704
 1.705
-0.116
-0.171
 0.076
 0.301
-0.416
-1.125
 0.885
 1.603
-1.184
 0.288
-1.242
 0.492
-0.349
-0.558
 1.047
-0.279
 1.071
-1.086
-0.171
-0.863
-1.920
-1.377
 0.184
-0.788
 0.265
 0.677
 0.620
 0.445
 0.583
 0.643
 0.716
 0.315
-0.298
 1.705
 2.313
 0.274
-0.388
-0.085
-1.347
-0.512
-0.226
 0.098
 1.675
 0.484
 2.141
 0.681
 0.994
 0.193
-0.348
 0.550
 0.482
-0.386
-0.884
-1.710
-0.812
 1.264
 0.085
 1.053
 0.261
-0.726
 2.094
 0.621
 0.232
 1.533
 0.966
 0.058
 0.595
 1.184
 0.458
-0.375
 0.148
-0.093
-0.203
-0.780
-1.312
-0.062
 1.494
 1.457
-1.230
-0.377
-0.168
-0.619
-0.233
 1.905
 1.285
 0.671
 0.498
 0.364
 0.877
-0.050
 1.055
 0.617
 1.341
 2.049
 1.863
 1.201
 1.792
 0.515
 0.273
 0.617
 2.093
 0.721
-0.107
 0.816
 0.006
 1.143
 0.792
 1.358
 1.275
 0.650
 1.187
 0.455
 0.721
 0.174
-0.085
 2.248
 1.143
 0.633
 0.882
 0.736
 0.888
 1.583
 1.950
 1.648
 0.987
-0.049
 0.076
 0.544
 0.268
 1.291
-0.702
 0.531
-0.855
 0.332
-0.854
-0.549
 0.608
-0.205
 2.591
 1.398
 0.270
 0.361
 1.530
 0.222
 0.689
-1.241
-0.992
 0.266
 1.117
-0.243
 0.582
 1.042
 0.123
 0.522
 1.261
-1.276
-0.337
 0.781
-0.388
-0.822
 2.255
 0.401
 0.381
 0.222
-1.086
 0.773
 1.042
 0.003
-1.200
-0.149
-0.033
-2.067
-1.015
 0.114
-1.710
-0.313
-0.031
 1.147
-0.208
 0.953
 1.779
 0.555
 0.276
 0.886
 0.461
-0.544
-0.140
 0.977
 0.151
 0.578
-0.098
 0.292
 0.584
-1.831
-0.786
-1.274
-1.931
 0.338
 0.978
-0.398
-0.669
-1.697
-0.584
 0.166
-1.136
 1.030
-0.479
 1.548
-0.297
 0.095
-0.083
 0.030
 1.082
 2.155
 0.443
 0.906
 1.958
 1.327
 1.045
 0.189
 0.292
 1.116
 1.882
 0.373
-0.255
 2.453
 2.288
 2.378
 0.467
-0.573
 0.053
 0.226
 0.557
 0.865
 0.819
 0.895
-0.441
 0.853
 0.642
 0.857
 1.434
 1.324
 1.376
 0.357
-0.059
-0.507
 0.629
-0.319
 1.016
 1.239
 1.276
 2.189
-0.545
-0.558
 0.239
 0.613
 0.870
 0.340
 1.964
 1.378
 0.750
 0.261
 1.434
 0.424
 0.742
-0.335
-0.157
 1.407
 0.913
 1.231
 1.361
-0.095
 0.632
-0.847
 0.801
-0.075
-1.130
-0.406
-0.907
 0.654
 0.793
 0.315
 0.534
 1.424
 0.752
-0.412
 0.230
-0.092
 1.435
 0.537
 1.444
 2.427
 1.410
 1.268
 3.403
 0.548
 1.072
 1.309
 1.904
 1.597
 0.719
 0.836
 1.077
 0.695
 1.409
 1.286
 1.377
 0.336
 1.240
-0.830
 0.423
 0.455
 0.754
 0.115
 0.016
 0.701
-0.730
 2.179
 0.720
 0.156
 0.658
-2.014
-0.658
 0.475
 0.182
 1.501
 1.203
 0.834
-0.475
 0.010
 0.917
-0.357
 0.594
-0.001
 0.951
 0.631
 1.098
 0.133
 0.802
 0.494
 0.465
 0.227
 0.317
-0.867
-0.500
-0.980
 1.854
 0.955
 0.335
 1.224
 0.927
 0.087
 1.807
 2.159
 0.785
 2.151
 1.886
-0.122
 0.005
-1.265
 0.499
-0.497
 1.087
-1.137
-0.397
-0.608
-0.557
-0.840
 0.132
 0.029
-0.167
 0.372
 0.934
-0.428
-0.781
 2.673
 2.373
 0.743
 3.051
 2.884
 3.257
 3.322
 1.415
 1.775
 1.739
 1.638
 1.450
 1.007
-0.059
-0.050
 0.038
-0.414
 0.103
-1.210
-0.183
-0.688
-0.242
 0.972
-0.127
 0.592
-0.887
-1.007
 0.626
-0.705
 0.424
-0.272
 2.110
 1.524
 1.099
 1.126
 0.919
 0.449
 0.832
 1.373
-0.229
 0.660
-0.117
 0.327
 0.098
-0.273
 0.183
-0.319
 0.429
 1.696
-1.177
 0.292
-0.454
-0.192
-0.317
 0.087
-0.183
 0.926
-0.443
 0.295
 0.691
-0.357
 0.618
-0.654
-0.940
-0.562
-0.456
-0.386
-0.506
 0.940
 0.524
 0.209
-1.392
-0.088
 0.865
 0.825
 0.773
 0.372
-0.177
-0.095
-0.985
 0.797
 0.159
-0.254
 0.373
 0.916
 0.722
 0.151
 0.116
 1.365
 0.004
 0.019
-0.498
-0.738
 0.933
 1.200
-1.204
 1.392
-0.499
 0.442
 1.571
 0.145
 1.901
 0.531
 1.073
 1.345
-0.479
-1.218
 0.295
 0.125
 0.985
 0.379
-0.074
 0.793
-0.348
-1.739
-1.114
-0.901
-1.204
 0.093
-0.281
-0.407
 1.908
 0.771
-0.953
-1.787
-0.847
-0.217
 1.258
-1.188
-0.619
-1.305
-1.257
 0.674
-0.819
-0.701
-0.883
-0.122
-0.619
-0.532
-0.071
 0.027
 0.000
 1.163
 1.615
 1.202
 1.894
 1.054
 1.705
 1.129
 2.350
 0.460
-0.227
-0.286
 0.454
 0.126
 1.374
 0.534
-0.179
 1.068
 0.620
 2.373
 1.922
 1.549
 2.020
-0.001
 1.418
 2.209
 2.511
 1.001
 1.661
 0.645
-0.208
-1.086
-0.679
 0.398
 0.399
 0.869
 0.164
 0.888
 0.140
 1.452
 0.509
 1.333
 1.399
 0.940
 1.400
 0.857
 1.442
 0.235
 0.042
 0.084
-0.895
 0.257
-0.572
-0.676
-0.441
 1.021
 2.073
 0.616
-0.104
 1.220
-0.148
-0.547
-0.319
 0.130
 1.555
 0.491
 0.064
-0.222
 0.421
 0.005
 0.252
-0.058
-0.445
 1.055
-0.921
 0.565
-0.187
 0.777
-0.183
-0.224
 2.318
 2.261
 1.990
 0.570
-1.243
-0.685
-0.032
-0.663
 0.747
-1.087
-0.643
 1.329
 0.566
-1.222
-1.527
-1.161
-1.535
-1.236
-1.421
-0.891
-0.343
-0.447
-2.000
-1.827
-0.269
-0.958
-0.988
-0.789
-1.253
 0.178
 0.021
-1.603
-3.069
-1.336
-0.169
 0.548
 0.746
 1.163
-0.619
-0.343
-0.724
 1.138
 0.289
-0.768
-1.253
-1.011
-1.164
 0.546
-0.266
-0.469
 0.450
-0.428
 0.292
 0.765
 0.226
 0.414
 0.105
-0.378
-0.695
 0.635
 0.068
-0.653
-1.000
 0.003
 1.252
 0.322
-0.442
-1.503
 0.452
-0.403
 1.402
-0.319
 1.082
-0.391
 0.267
-0.511
 0.880
 0.888
 0.900
-0.151
 0.878
 1.918
 1.627
 1.635
 0.952
 1.587
 0.658
 0.733
 0.159
-0.552
 1.680
 0.856
 0.797
-0.059
-0.135
-0.223
 0.505
-0.352
 0.768
 1.258
 2.604
 1.568
 0.465
 1.190
-0.632
-1.657
-0.634
-0.653
-0.471
-0.192
-0.590
 0.028
-0.961
-1.248
-0.296
-0.024
 0.536
 0.452
 1.889
 1.401
-0.566
 0.833
 0.275
-1.068
-1.258
-0.343
-0.782
-1.812
-1.930
 0.277
 0.681
-2.105
-2.079
-2.290
-2.241
-0.407
-0.565
-0.520
 0.918
 0.420
-0.394
 1.110
 0.306
 0.277
 0.138
-0.379
 1.037
 1.424
 0.483
 0.998
 0.352
 0.385
 1.047
 0.401
 2.412
 1.721
 0.728
 1.176
 1.511
-1.184
-1.668
-0.570
-1.119
 0.092
 0.910
 1.399
 0.736
 0.718
 0.251
 0.371
 0.241
 0.829
 1.663
 0.402
-0.693
-0.626
 0.332
-1.146
 0.238
-0.493
 0.658
-1.011
-0.754
-1.416
-0.328
-2.007
-0.645
 1.190
-0.805
-0.041
-0.723
-1.669
-0.741
 0.350
 0.464
 0.827
 0.388
 0.856
 0.659
 0.549
-0.550
-0.236
 0.777
-0.579
 0.413
 0.259
-2.374
-0.249
 0.303
-0.491
 1.334
-0.184
-0.260
 0.708
-0.023
-0.375
 0.229
 0.287
 0.481
 0.175
-0.567
-0.028
 1.221
 0.106
-0.139
-0.421
-0.610
-0.599
-1.158
-1.080
-0.989
 0.091
 0.188
 0.528
 1.326
-0.212
 1.248
 0.092
 1.723
 1.210
 0.415
-1.282
 0.284
-0.156
 0.595
 0.501
 0.163
-1.307
 1.647
 0.104
-0.579
-1.394
 2.357
 2.043
 0.312
-1.438
-1.274
-0.474
 1.187
 1.313
 1.279
 1.883
 1.902
-0.875
-0.808
 0.522
-0.795
-1.196
 0.619
 0.260
 0.660
-0.210
-1.181
 1.224
-0.662
 0.027
 1.206
-1.512
 0.122
-0.897
-0.991
-0.749
 0.225
-0.607
-1.275
-0.709
 0.351
-1.389
-0.845
-0.168
 0.097
-0.543
-0.464
-1.383
-0.318
-0.429
-0.039
-0.832
-0.936
-0.384
-0.037
-0.702
-1.077
 0.339
-0.656
-0.044
 0.448
 1.746
 0.926
 0.953
 0.327
-0.995
 0.234
-1.141
-1.942
 0.944
 0.518
-0.749
 0.372
 0.039
-0.802
 0.119
-1.477
 0.165
 1.696
-0.571
 0.026
 0.621
-0.407
-0.844
-0.202
 0.204
-0.091
 1.564
 1.272
 1.825
 0.554
 2.188
 1.252
 0.682
 0.302
 0.396
 1.032
 1.959
 0.717
-0.433
 0.255
 0.190
 1.062
-0.387
 1.805
 1.027
 0.789
 0.529
-0.113
-1.352
-0.332
 0.585
 0.171
 0.469
-0.686
-1.404
-0.079
-0.876
 0.576
-0.923
-1.247
 0.600
 1.379
 0.052
 0.197
-0.118
 0.181
 2.284
 1.381
 1.620
 1.095
-0.389
 0.925
 0.538
 0.362
-0.202
 0.103
-1.197
-0.900
-1.525
-1.735
 0.494
-0.186
-0.099
 0.079
-0.106
 0.851
-0.572
 1.019
 0.814
 0.565
-0.543
 0.535
 0.781
 0.490
 0.221
-0.293
 0.653
 0.436
 0.421
 1.642
 0.819
 1.727
 1.009
 2.557
 1.796
 2.170
 2.265
 1.119
 0.914
 0.063
 1.904
 0.783
 0.831
 2.178
 2.654
 2.543
 1.590
 1.020
 1.698
 1.568
 0.540
 0.509
-1.044
-0.977
-0.308
-0.265
 0.470
-0.091
 1.606
 0.640
 0.674
 1.166
 1.038
 0.709
-0.164
 0.175
-0.945
 0.115
-0.416
 0.689
 1.190
-1.102
-1.773
-0.494
-0.073
 1.133
 1.809
 0.916
 0.432
 0.323
 0.060
 0.454
-0.536
 0.192
-0.136
 0.506
 0.615
-0.484
-0.228
-0.414
 0.364
-0.192
-0.561
-1.426
-1.009
 0.758
 1.368
 1.733
 0.994
 0.898
-0.648
-0.386
 0.804
 0.812
 1.879
 0.943
 1.974
 2.430
 2.346
 1.209
 1.877
 1.657
 0.629
 0.890
 0.408
 2.466
 1.000
-0.381
-0.245
 0.493
 0.436
 0.926
 1.555
 0.870
 0.271
 0.880
 1.271
 0.546
 0.750
 0.453
-0.888
-1.162
 1.295
 2.114
 1.358
 1.984
 0.997
 1.534
 0.934
 1.487
 1.516
 0.161
 0.662
 1.387
 1.025
-1.637
 0.072
 0.560
 0.941
 1.446
 0.289
 1.097
 0.290
-0.417
 0.158
 2.043
 1.019
 2.084
 0.997
 0.540
 1.104
 0.707
 1.492
 0.019
 1.231
 0.430
 1.910
 1.563
 0.978
 1.318
-0.909
-0.428
 0.585
 1.439
 0.522
 2.155
 2.420
-0.102
 0.988
 0.495
-0.142
 1.355
-0.612
 0.480
-0.229
 0.244
 0.155
 1.919
 2.715
 0.624
 0.181
 0.030
 2.162
 1.241
 1.756
 2.569
 2.086
 1.774
 1.537
 1.468
-0.063
 1.144
-0.005
 0.411
-0.174
 0.069
 0.437
-0.192
-0.304
-0.758
-0.053
-0.173
 0.050
 0.135
-0.300
 0.430
 1.966
 1.781
 2.763
 0.871
-0.099
 0.878
 1.158
 1.774
 2.977
 1.284
 3.220
 3.080
 2.098
 1.442
 0.398
 0.496
 1.603
 1.384
 1.166
-0.451
-1.290
 0.589
 0.305
-0.537
 0.619
-0.152
 1.234
 1.714
 0.898
-0.174
 1.607
 0.570
 0.736
 2.228
 0.932
 1.277
 0.790
 0.890
 1.894
 1.750
 1.694
 2.521
 0.365
 0.528
 2.634
 3.211
 2.935
 1.209
 2.306
 2.222
 1.888
 2.170
 1.379
 1.739
 1.165
 1.780
 0.920
 1.272
 1.749
 1.056
 1.178
 0.733
 2.841
 0.882
 1.594
 0.617
 1.033
 1.483
 0.554
-0.211
 0.203
 0.538
 0.568
 1.631
 1.450
 1.103
 0.953
 0.797
 1.265
 2.015
 1.434
 1.361
 1.381
 1.508
 2.071
 2.604
 1.731
 2.062
 0.398
 1.355
-0.194
 0.522
 1.899
 1.117
 0.177
 1.355
 1.785
 1.559
 2.623
 0.778
-0.203
 1.156
 1.348
-0.403
 1.008
 1.355
 0.912
 0.305
 2.106
 0.779
 1.450
-0.637
 1.335
-0.496
-0.403
 0.708
 0.959
-0.334
-0.783
-1.068
 0.103
-0.113
-0.219
 0.293
-0.347
 0.599
 0.256
 0.010
-1.239
 1.220
-0.198
-0.197
 0.378
 0.319
-1.876
-0.141
-0.326
 0.380
 1.020
 0.294
 0.143
 0.979
 1.226
 1.253
 1.654
-0.331
-1.079
-0.158
-0.730
-1.345
 0.445
 0.234
 0.795
 0.921
 0.533
-0.847
-0.652
 0.846
-0.015
-0.869
-0.327
 0.917
-1.435
-1.174
 1.597
 1.387
-0.257
-0.292
-1.199
-0.144
-0.423
 0.412
-0.902
 1.035
 1.427
 0.948
 1.202
-1.195
 0.521
 0.613
 1.305
 0.586
 1.511
 0.816
 0.472
 1.241
-0.414
-0.106
-1.871
-1.703
-1.069
-1.252
 0.341
 1.552
 0.299
 0.592
 0.143
 0.441
 0.669
 1.991
 0.044
 0.909
 0.803
 0.053
-1.582
-1.010
-1.162
-0.457
-2.168
-0.028
-0.478
 0.776
-0.094
 0.403
-0.438
 0.275
 0.763
 1.021
-0.510
-0.380
 0.298
-0.370
 0.391
 0.069
-0.444
-0.049
-0.424
 0.208
-0.729
-1.804
-0.811
-1.134
 0.881
 1.361
 1.232
 0.213
 0.537
 2.551
 0.157
-0.708
 1.395
 1.561
 0.463
-0.448
-0.911
-0.072
 0.803
 1.106
 2.261
 1.933
 1.511
 1.685
 0.591
 1.020
-0.137
 0.797
 0.791
-0.257
 0.271
 0.374
-0.085
 0.075
-0.348
-0.860
-0.840
 0.681
 1.101
 1.529
 0.328
-0.578
-1.267
-2.410
-0.611
-0.150
-0.879
-1.116
 0.204
-0.812
-0.320
 0.308
-0.533
-0.939
 0.452
 1.784
 0.895
 1.210
 0.809
-0.779
-1.467
 1.133
 1.548
-0.232
-1.054
 0.361
 0.883
 0.856
-1.016
-0.320
-1.480
 1.710
 1.038
 0.790
 0.310
-0.705
 1.182
 1.042
 0.345
 0.258
 0.049
-0.714
 1.035
 0.151
 0.428
 0.583
 0.326
 0.138
 1.350
 0.619
-0.045
-0.010
-0.674
-1.031
 0.543
 0.539
 0.296
 0.005
 0.558
 0.122
-0.457
 0.384
 1.432
 0.181
 0.645
-0.890
-1.980
-0.415
 0.246
-0.287
 0.500
 0.673
-0.439
 0.163
 1.744
 0.083
-0.943
-0.220
 1.430
 0.666
-0.595
-0.117
-0.125
-0.318
 0.169
-1.267
-0.467
 0.854
 1.002
-0.815
 0.213
-0.188
-0.964
-0.229
 1.425
-1.156
 0.302
 0.094
 0.657
 0.357
-0.104
-1.576
-0.822
-0.363
 1.298
-1.135
-0.797
 0.790
-0.345
 0.787
 1.284
-0.590
 0.588
-0.151
 0.141
-0.175
-0.423
-1.046
 1.521
 0.674
 1.045
-0.045
-0.549
-1.212
 0.891
-0.043
-0.774
-0.088
-0.895
-1.057
-0.095
 0.843
 0.056
 1.013
 0.666
 0.547
 1.447
 0.994
 0.181
 0.087
 0.323
 0.185
 0.367
-0.173
 0.612
-0.769
-1.705
 1.058
-1.131
 0.525
-0.806
-1.176
 1.112
-0.797
-0.412
-0.999
-1.367
 1.151
 0.182
-0.214
 0.443
 0.261
-0.635
-0.592
 0.819
-0.449
-0.336
 1.128
 1.306
 2.452
 0.504
 1.221
 0.969
-0.657
 1.238
 0.489
-0.264
 0.594
 1.035
 0.187
-0.830
-0.997
 0.123
 0.134
-0.136
-0.453
 0.689
 0.506
 0.693
 0.248
 0.250
-0.541
-1.750
-0.191
-0.914
-1.305
 0.302
-0.628
 0.024
 1.434
 0.079
 1.091
-0.650
-0.522
-0.404
 0.447
 0.972
 0.190
-1.062
-1.017
-0.157
-1.029
-0.567
-1.262
-0.784
-0.152
 1.235
 0.898
 0.421
 1.560
 0.747
 1.756
 0.906
 1.492
 0.362
 1.347
 0.515
 0.495
 1.204
 1.255
 1.867
 1.234
 0.373
 0.493
 1.469
 2.375
 0.787
 1.497
 1.206
 0.917
 1.027
 0.373
 1.643
 1.058
 2.186
 1.398
 0.583
 1.164
 0.798
 2.492
 1.303
 0.489
 0.144
 0.513
 2.115
 2.691
 0.966
 0.894
 0.376
 0.386
-0.248
 0.805
 0.612
-1.535
 1.319
 1.550
-0.325
-1.231
-0.349
-0.514
 0.551
-0.259
 0.514
-1.147
 1.149
 1.209
 0.966
 1.344
 0.166
 1.036
 1.716
 1.382
 1.804
 1.412
-0.334
 0.717
 1.360
 1.371
-0.322
 0.206
-0.421
-0.945
 0.326
-0.338
 0.132
-0.893
 0.341
 0.185
 0.860
 0.272
 0.041
 0.784
-0.658
-0.177
 0.881
-0.217
 1.810
 0.810
 0.827
 0.380
 0.690
-0.181
-0.090
-0.683
 1.091
 1.431
 0.012
 0.296
 0.181
 1.297
-0.332
 1.548
 1.665
-0.652
-1.219
-1.000
-0.155
 0.346
 1.308
 0.004
 0.397
 1.235
 1.662
 0.614
-0.423
 0.944
 1.854
 1.002
 0.617
-0.451
-0.497
 0.386
 1.115
 0.163
 0.071
-0.593
 0.242
 1.250
 0.104
 0.018
-0.070
 0.610
 0.757
 0.445
 0.171
-0.654
 0.989
 0.383
 1.458
 0.848
 2.081
 0.613
-0.642
 1.923
 0.267
 0.100
 1.244
 1.498
 1.022
 1.625
 1.268
 2.852
 1.880
 0.319
 1.154
 0.813
-0.197
 0.998
-0.452
 0.643
 0.883
 1.345
 0.768
 0.368
 0.610
-1.146
-0.421
 0.173
 0.261
-1.111
-1.394
 0.038
 0.272
 0.210
-0.868
-1.202
-0.551
-0.185
-1.043
-1.343
-0.709
-0.015
-0.978
 0.257
-0.275
-1.373
-0.890
-0.652
 0.520
-0.061
-0.907
-0.720
 0.577
 0.680
 0.945
 0.838
 1.239
 0.944
-2.129
 0.468
 2.291
 0.615
-0.126
 0.198
 0.864
 0.599
-1.025
 1.105
 1.231
 0.268
-0.263
-0.420
-1.175
-1.189
-2.059
-0.686
-0.347
-0.711
-0.381
 0.229
 1.155
 0.489
 0.096
 1.018
-0.639
-0.120
 0.140
-0.153
-1.393
 0.190
-0.611
 1.173
-0.220
-0.089
 0.118
 0.742
 1.832
 0.270
 1.490
 1.122
-0.155
-0.379
 1.025
-1.121
 1.052
-1.228
 0.785
 1.494
 0.385
 0.927
 0.299
-0.231
 1.574
 1.256
 1.654
 1.055
 0.332
 0.488
 0.619
 0.812
-1.475
 0.512
 1.437
-0.357
 1.115
 0.077
-0.290
 0.020
 0.446
 0.810
 1.956
 1.617
 2.107
 1.539
-0.544
 0.154
 0.758
 1.391
 0.382
 0.225
 0.454
-0.139
 0.872
 0.087
 1.909
 0.950
 1.233
 1.702
 0.400
 2.226
 0.058
 0.905
-0.032
-0.854
 0.664
 0.547
-0.001
 0.442
 1.051
 0.591
-0.686
 0.213
 0.218
 1.554
 1.638
 1.011
 0.373
-0.272
-0.764
-0.005
 0.963
 0.407
-0.479
 0.022
 0.442
 0.998
-0.827
 1.251
 0.739
-0.315
-0.552
 0.622
 0.503
 0.263
-0.397
 0.817
-0.859
-1.777
 0.463
-0.915
 0.610
-0.064
-0.141
-1.317
-1.171
 0.062
-0.251
-1.258
-0.505
 0.845
 0.964
 0.541
-0.534
-1.548
 0.409
-1.108
-0.801
 1.364
 0.210
-0.815
 0.684
 2.425
-0.148
 0.027
 0.373
-1.124
-0.130
 1.932
 0.277
-0.673
-0.535
-0.752
-0.033
-0.081
 1.274
-0.756
-0.161
 0.104
-0.511
 1.135
 0.188
-0.686
 0.180
 0.579
-0.125
 0.626
-0.229
-0.139
 0.605
-0.055
 0.141
-0.537
 0.295
 0.144
 0.989
 0.133
 0.929
-1.631
-0.470
 0.159
-1.852
-1.916
-1.732
-1.607
-0.104
-1.213
-0.861
 0.015
-1.713
-0.962
-0.263
-1.342
-1.648
-2.447
-1.511
-1.013
-1.117
 0.155
 0.250
-0.515
-0.377
 1.229
 0.647
 0.946
-0.446
 1.120
 0.572
-0.590
-0.032
-0.984
-1.395
-0.581
-0.339
 0.812
-0.853
-1.380
-0.477
-0.734
-2.069
-1.960
-1.003
-0.658
-0.180
-0.373
 0.735
-0.424
-0.028
-1.318
 0.062
-1.337
-0.110
-0.710
-3.429
-1.567
-0.223
 0.223
 0.215
-0.429
-0.846
-0.890
-0.903
-0.629
-1.102
-0.525
-1.166
-0.832
-0.807
-0.457
 1.098
 1.383
 0.141
 1.785
 0.837
 0.643
 1.136
 1.879
-1.574
-0.807
-0.627
 0.135
-0.807
-0.549
-1.875
-0.115
-0.782
-0.520
-0.995
-0.797
-1.712
-1.294
 0.176
-1.300
-0.792
-2.310
-1.276
-0.502
 0.750
 0.527
 0.231
 0.688
 0.233
 0.114
-0.090
-0.121
-0.556
-0.033
-1.034
-0.231
-0.312
 0.734
 0.404
 0.888
-0.060
 0.477
 0.339
-1.020
 0.614
 1.698
 1.119
 0.592
 0.768
 0.863
 0.016
-0.118
-0.156
 2.047
 0.706
-0.018
 0.719
-0.328
-1.467
 0.111
-0.284
 1.284
 1.028
 0.821
 0.098
 0.315
-0.268
 0.623
 0.153
 0.320
 0.613
 0.410
 2.492
 0.340
 0.211
 1.148
-0.767
-1.643
 0.475
 0.168
 0.937
-0.590
 0.566
 0.636
-0.139
 1.047
 1.315
 0.257
-0.183
 0.562
 0.682
-0.081
 0.469
-0.070
 0.386
 0.882
 1.766
-0.870
 1.719
-0.555
 1.375
 0.849
 1.312
 0.688
 1.316
-0.698
 0.591
-0.421
 0.062
-0.159
 0.840
 1.254
 0.894
-0.081
-1.372
-1.049
-0.769
-0.176
 0.169
 0.102
-1.269
-1.896
-1.096
-0.589
 0.249
 1.081
 0.268
-0.018
-0.283
 0.648
 0.120
-0.247
-0.053
 0.119
 0.655
 0.233
-0.578
 0.047
 0.060
-0.125
 1.210
 1.355
 2.028
-0.074
 1.242
 1.568
 3.694
 0.605
 0.895
 0.713
 0.955
 0.034
 0.764
 0.577
 1.259
 1.537
-0.043
 0.442
-0.077
-0.040
 1.620
 1.158
 2.084
 0.989
-0.991
 0.880
 0.528
 0.882
-0.649
-0.183
 0.973
 0.311
-1.115
-0.714
 0.561
-0.275
 0.442
-0.214
-0.764
-1.276
-0.302
 0.282
-0.126
 0.787
 1.184
-0.809
-1.530
 1.043
-0.080
 1.083
 0.479
-1.068
 0.279
-0.845
 0.059
-0.887
-1.166
 0.314
 0.840
 1.277
 1.248
 0.910
 0.171
 0.674
 0.437
-0.348
 0.817
-0.037
 1.276
-0.141
 0.526
 0.339
 0.830
 0.142
-0.450
-0.659
 0.574
 0.012
 0.181
-0.843
-0.344
 0.127
 0.999
 0.986
-0.141
-0.245
 0.855
-0.551
 0.225
 0.628
 0.224
-0.906
-0.043
-1.051
-0.641
-0.494
 2.088
-0.248
-0.134
-1.204
-0.876
-0.402
-2.180
 0.851
-0.946
-0.111
-0.200
-0.118
-0.557
 0.440
 0.339
 1.023
-0.129
-0.686
 1.140
 0.818
 0.364
 0.996
 0.090
 1.027
 2.015
-0.129
 0.294
-0.539
-0.640
 1.392
 1.913
 0.246
 1.494
 1.906
 1.820
 0.678
 3.257
 1.229
 0.019
 0.574
 1.550
 1.434
 1.313
 1.347
 1.479
-1.549
-1.282
-0.253
 1.185
 0.520
 0.786
 0.947
 1.268
 0.732
 1.093
 1.022
 0.615
 0.340
 0.826
 0.317
 1.670
 1.478
 1.646
 2.332
 0.037
 0.479
 0.520
 2.076
 1.807
-0.537
 1.103
-0.609
 0.028
 0.144
 1.092
 1.014
 0.913
 0.011
-1.054
 0.946
 0.713
 0.367
 0.197
-0.363
-1.056
 0.198
-1.057
 0.719
-0.030
 0.529
 0.505
 0.588
 1.491
 0.176
-0.687
 0.120
 1.936
 1.420
 0.782
 0.526
 0.070
 0.194
 1.270
 0.228
 0.764
 1.864
 1.721
 1.873
 0.181
-0.327
 0.114
 1.235
 1.034
-0.012
-0.370
 0.527
-0.776
-0.737
 0.553
 0.356
 0.573
 0.790
 1.089
 1.169
-0.291
 0.869
 0.485
 0.343
 1.425
 2.322
 0.618
-0.329
-0.547
 0.137
-0.698
-1.260
 1.093
-0.443
 1.170
 0.870
 0.302
-0.379
-1.521
 0.013
 0.779
 1.037
 0.666
 1.350
 1.974
 1.235
 0.040
 1.495
 1.430
 0.045
 0.973
 0.452
 0.217
 1.327
 0.532
 1.712
 1.695
 2.789
 1.333
 0.942
 2.901
-0.924
-0.049
 1.035
 0.186
 0.365
-0.387
 1.589
 1.703
 1.640
 0.839
 1.908
 1.613
 1.525
 0.277
 1.458
 0.810
 0.184
 1.338
 1.624
 1.325
 3.220
 0.956
 0.418
 2.273
 2.750
 0.650
 1.556
 0.614
 0.180
 1.473
 0.861
 0.144
 2.031
 0.307
 0.166
 1.213
 0.730
 0.531
 1.557
 0.402
 0.602
 1.349
 0.995
 0.811
 1.030
 0.340
 1.608
 1.684
-0.927
-0.762
-1.034
 0.775
-0.249
 1.014
 0.216
 0.541
 1.454
 2.169
 0.552
-0.066
 0.710
 0.565
 0.345
 0.354
 2.202
 1.866
 0.983
 1.693
 0.645
 1.755
 0.283
 0.821
 0.027
 1.609
 1.508
 0.790
 1.136
-0.146
 2.086
 0.674
 1.194
 0.879
 0.793
 1.422
 1.482
-0.112
 0.032
-0.770
 0.938
 0.079
-0.371
 0.199
-0.032
 1.687
 0.439
 0.690
 1.250
 1.064
 2.067
 1.105
 0.883
 1.205
-0.049
 1.836
-0.159
-0.672
-0.134
 1.085
 0.716
-0.270
-0.762
 1.277
 0.395
 0.025
 1.061
-1.703
-0.407
 1.760
 0.301
-0.469
-0.078
-0.774
-0.580
-0.962
-0.367
 0.123
 0.036
-0.087
 0.962
 1.562
 1.406
 0.126
 0.359
-0.115
-0.853
 1.532
 0.284
 1.220
 1.942
-0.265
 0.033
-1.693
 0.348
 0.930
 1.864
 0.245
-0.945
-0.194
-0.045
 0.961
 0.589
 0.963
-1.182
-0.217
 0.016
-0.633
 0.192
 1.314
-0.052
 0.139
 0.010
 1.029
 0.893
 1.707
 1.169
 1.546
 1.113
 0.860
 0.665
 1.253
 1.298
-0.241
-0.287
-1.795
-1.721
 0.596
-0.085
-0.931
-0.062
 0.132
-0.043
 1.220
 1.055
-0.175
 0.090
-1.171
-2.034
-0.387
 0.455
-1.265
-1.403
-3.273
-2.133
 0.098
 1.074
 0.021
-2.690
-2.856
-0.952
-1.484
 0.649
 0.308
 0.659
 1.395
 0.041
 0.315
 0.349
 0.000
-0.349
-0.307
 0.225
-0.356
 1.206
-0.784
-0.606
-1.211
-0.927
-1.738
-0.918
-1.451
-0.005
-0.719
 0.075
 2.010
 1.941
 1.652
 0.196
 0.229
-0.651
-0.059
 0.693
 0.157
 0.497
-0.114
 0.668
 1.097
-0.383
-0.083
-0.118
-0.530
 0.447
-0.043
 0.539
-0.459
-0.858
-0.316
-0.088
-0.848
-1.151
-0.482
 0.921
 0.077
 0.027
-0.164
-0.910
-1.068
 0.041
 0.043
-1.270
-0.602
-1.659
-1.484
-1.155
-0.428
-0.925
-0.495
 0.145
-0.316
 1.011
 0.176
 0.273
-0.246
 1.004
 1.070
-0.337
-0.966
-1.445
 0.419
 0.806
 0.145
-0.126
-0.075
 0.291
 0.348
 0.726
 1.030
-1.030
 1.108
-0.233
-0.074
-1.004
 0.315
-1.617
-0.806
 0.795
-1.002
 0.239
-0.365
 1.240
-0.937
 1.012
 0.060
-1.582
-1.128
-1.271
-0.853
 1.731
 1.104
-0.425
 0.045
 0.706
-0.106
 0.085
 0.790
-0.226
 0.970
 1.463
 0.268
 0.378
-0.041
-0.378
-2.114
-0.266
-0.616
 0.677
 0.041
-2.709
-0.993
-3.363
-2.636
 1.152
 0.131
-0.170
-0.749
-1.623
-2.206
-1.238
-0.205
 0.053
-0.114
 1.326
-1.965
-1.267
-1.612
-0.274
-0.852
-0.220
-1.333
-0.783
-1.238
-0.588
-0.635
 0.608
-0.541
-0.634
-0.387
-0.228
-0.563
 0.430
-1.350
-1.150
-0.138
 1.008
 0.169
 0.319
-0.193
 0.103
-0.460
-0.241
-1.279
-1.360
 0.280
-0.231
 0.048
-1.544
-0.884
-0.064
-0.018
 0.263
 0.526
 0.474
 1.029
 1.130
 0.543
-0.076
-0.460
-1.459
 0.442
-0.181
-0.733
-0.094
 0.519
 1.609
-0.096
 0.521
 0.325
 0.043
 0.547
 0.116
 0.189
-0.178
-0.663
-0.484
 0.889
-1.336
-2.075
-0.926
 0.103
-0.691
-0.494
-0.159
-1.668
-3.528
-1.384
 0.723
 0.163
 1.124
 0.101
 0.389
-0.714
 1.067
 1.086
 0.817
-1.598
-0.945
 0.577
 0.367
 1.329
-1.411
-0.497
-0.380
-0.828
-0.447
 0.674
 0.350
-0.189
-0.442
 0.645
-0.560
 1.313
 0.987
 1.281
 0.789
 2.532
 2.469
-0.156
-0.778
-0.070
-0.584
-0.776
-0.364
-0.230
 0.268
 1.146
 0.351
 0.588
 0.841
-1.556
-1.098
 0.445
-1.300
-1.316
-1.280
-1.823
-1.953
-1.352
-0.615
-0.786
-1.036
 0.454
 0.148
-0.170
-0.364
-0.487
-0.694
 0.717
 0.248
 0.645
 1.234
 0.194
 0.997
 1.613
-0.014
-1.354
-0.002
 0.119
-0.573
 0.437
-0.005
 0.537
-0.489
-0.535
-0.218
 0.111
-0.097
 0.260
-0.337
-0.490
 0.109
-0.167
-1.290
-2.583
-1.713
-1.721
-0.619
-1.049
-0.220
 0.195
-0.991
-1.268
 0.043
-0.168
-0.330
 0.291
-0.832
-0.201
-1.005
-2.199
-1.571
-0.555
-0.881
-0.924
 0.450
-1.114
-0.786
-1.268
-0.358
-2.076
-1.457
-1.295
-1.404
-0.075
-0.661
-0.429
-0.532
-0.359
-0.185
 1.580
 0.645
 0.525
 0.613
-0.509
-0.149
-0.320
 0.145
 1.105
 0.060
-1.008
-1.611
-1.230
 0.498
-0.834
 0.363
-2.027
-0.607
-0.216
-0.695
 0.126
-1.084
-0.972
-0.968
 0.571
-0.407
-0.670
-0.700
-0.903
-1.919
-1.130
-0.380
 0.553
 0.280
-0.557
-0.655
-3.766
-1.085
-2.071
 0.047
-1.259
-1.293
-1.074
-1.769
-0.743
-1.123
 0.203
 0.133
-0.704
-1.320
-2.223
-1.848
-0.976
-1.732
-1.634
-1.076
-1.062
-0.861
-0.002
-1.063
-0.994
 0.342
-0.374
-1.253
-0.795
-1.527
-1.433
-0.006
 0.201
-0.408
 0.474
 0.442
 0.702
-0.564
-0.796
-0.329
 0.166
-0.776
-1.097
-1.374
-1.058
 1.478
 1.569
 1.201
 0.049
 0.273
-0.753
 0.538
 0.198
-0.184
-1.560
-0.063
-0.488
-0.696
 1.049
 0.161
-0.104
 0.120
-0.224
-0.247
-0.494
 0.257
 1.124
 0.694
 0.991
 1.467
 1.039
 0.885
-1.006
 0.522
 0.014
 0.132
 1.049
 0.689
-0.090
 1.173
-0.533
 0.026
-0.589
 0.348
 0.553
 1.438
 0.203
 1.391
 1.877
-0.161
 0.403
-0.601
-0.767
-1.679
-2.384
-1.861
-0.912
-0.062
-0.140
 0.168
-0.058
 0.015
 0.208
-1.251
 0.352
 0.414
 1.421
 0.775
 1.499
 1.702
 1.705
 0.422
 0.329
-0.284
 0.647
-0.251
 0.031
 0.203
 0.151
-0.599
-0.072
-0.971
 0.000
-0.521
-0.381
-0.935
-0.421
 0.351
 0.156
 0.892
-0.687
-0.312
 1.741
 0.746
 1.841
 1.101
-0.342
 0.433
 0.430
-0.437
 0.555
 1.546
 0.580
-0.350
-1.130
-1.237
-1.363
 1.041
 0.654
-0.153
-0.065
-0.812
 0.914
 0.024
-0.157
-0.751
-1.207
-1.381
 1.453
 0.517
 1.074
 0.201
-0.650
-0.170
 0.288
 0.121
 0.386
-0.332
 1.191
 0.478
 0.601
 0.216
 1.045
-0.191
 0.836
 0.818
-0.451
-0.170
-1.107
-1.094
-0.900
 1.423
-0.410
-0.742
-1.593
-1.563
-0.988
-1.046
-0.492
 1.228
 0.887
 0.774
-1.361
-1.570
-1.435
-1.467
 0.167
-0.298
-1.226
-0.330
-1.523
-1.218
-2.061
-0.700
-0.595
-1.823
-0.784
-2.089
-0.699
 1.109
 0.685
-0.399
-0.840
-0.148
-0.571
-2.144
-0.231
 0.232
-0.460
-0.886
-1.072
-0.358
-0.952
-1.670
-1.156
-0.110
-0.481
-0.693
-1.759
-0.334
-0.495
-1.847
-0.692
-1.952
-0.124
-1.195
 0.303
-0.605
-0.030
 1.753
 0.434
 1.440
-1.007
-0.657
-0.958
-0.948
-0.143
-0.307
 0.417
 0.262
 0.519
-0.765
-0.808
-0.689
 0.246
-0.581
 0.371
 0.063
 0.801
-0.108
-0.538
 0.379
-1.346
-0.155
-0.399
-0.996
-0.718
-0.587
 0.045
-1.336
-1.988
-0.827
-2.413
-1.666
-2.267
-1.045
-0.535
-0.612
 0.313
 0.139
-0.380
 0.383
 1.392
 0.938
 0.621
 2.016
 0.377
 0.746
 0.418
 0.002
-1.536
-0.950
 0.223
 0.491
 0.653
 0.410
-1.741
-0.186
-0.160
 1.251
-0.447
-1.179
-0.634
-0.435
-0.092
-0.479
 1.052
 1.743
-1.147
 0.896
-0.657
-0.937
 0.616
 0.389
-0.036
-0.458
 0.042
 0.435
 1.686
 0.236
 0.472
 0.771
 0.331
-0.043
 0.042
-0.918
-0.176
-1.394
-0.291
 0.528
-1.463
-0.657
-1.602
-0.336
 0.053
-0.341
 0.317
-1.165
-2.765
-1.724
-1.622
-0.492
 0.758
-0.852
-1.511
-0.540
 0.195
-0.879
 0.096
-0.405
-1.511
-0.539
-0.971
-0.164
 0.188
-0.738
 0.311
-0.659
-1.080
-1.065
-0.954
 0.630
-0.765
-1.140
-0.882
 0.078
-0.154
-0.045
 0.351
-1.242
-0.911
-1.431
-1.622
-1.871
-0.793
-0.813
 0.987
-1.287
-0.987
-1.090
-0.726
-0.116
 1.181
 1.842
 0.828
 0.806
-1.038
-1.317
-0.444
 0.243
-0.080
 0.747
-0.883
 0.379
-0.717
-1.918
-0.154
 0.397
 0.815
 0.549
 0.949
-0.320
-0.321
 0.506
-0.451
-0.079
-0.049
 0.824
 1.300
-0.494
-0.933
-0.743
 1.699
 0.466
-0.030
 1.709
 1.267
-0.535
 1.307
-0.233
-0.574
 0.623
 0.224
-0.019
 0.434
 0.374
 0.058
 1.179
 1.429
 1.566
-0.135
 0.228
-0.084
 0.932
 0.169
-0.301
 1.229
 0.489
 0.719
 0.795
 0.082
 0.131
-0.438
 0.883
 0.395
 0.964
-0.245
-0.507
-0.505
 1.140
 0.062
 0.097
 0.168
 0.571
 0.423
-0.167
-0.424
 0.221
 0.227
-1.175
 1.098
 1.414
-0.004
 0.222
-0.215
-0.091
-0.848
-2.143
 0.397
-2.699
-1.048
-1.654
-0.466
-0.398
 0.024
-1.746
-1.574
-1.372
-1.275
 0.044
-0.991
-1.008
-0.794
 0.250
-0.026
-1.566
-2.420
-1.354
-1.387
-1.140
-0.802
 0.199
 0.348
-0.136
-0.621
-0.314
-0.560
-1.081
 0.163
-1.429
-1.335
-0.891
-0.684
-1.021
-0.233
 0.321
-0.350
-0.447
-1.630
-0.703
 0.570
-0.533
 1.413
 0.088
-0.121
 0.930
-0.272
 0.784
-0.854
-0.378
-1.441
-1.084
-1.220
-0.052
-0.717
 0.108
 0.564
-0.189
-1.070
-0.826
-1.097
 0.237
 0.379
 1.047
-0.147
-0.662
-0.756
-0.816
 0.673
 0.198
 0.992
 0.412