
 2.576
 1.652
 1.160
 2.453
 0.771
 0.923
 0.530
 0.416
 1.274
-0.226
 2.525
 1.840
 1.562
 1.159
 0.480
 1.361
 2.300
 2.666
 1.840
 1.760
 1.429
 0.275
-0.287
 1.482
 1.091
 1.332
-0.418
-0.212
 1.941
 1.891
 0.710
 0.452
 1.987
 0.444
 1.483
 1.648
 2.378
 1.362
 1.704
 0.006
 1.443
 0.450
 0.074
 0.295
 0.113
 0.414
-0.053
 1.416
 2.850
 1.564
 1.373
 1.924
 1.649
 1.785
 2.345
-0.033
 1.324
 0.970
 1.578
 1.847
 2.210
 1.701
 1.665
 0.170
 1.915
 0.661
 1.769
 0.961
 1.898
 2.440
 2.436
-1.096
 0.779
 0.220
 0.226
-0.893
 0.222
 0.800
 0.146
-0.657
 0.614
 0.604
 0.603
-1.529
-1.721
-0.834
-1.078
 0.844
 0.583
 2.086
 0.250
 0.486
 0.656
 1.777
 0.712
 1.817
 1.734
 1.385
 1.155
 0.726
 0.700
 1.375
-0.624
 0.551
-0.626
-0.687
-0.756
-0.443
-0.735
-0.589
-0.307
 1.925
 0.574
 1.328
-0.368
-0.452
-0.039
 2.015
 1.161
 1.414
 0.953
 0.799
 1.218
 0.011
 0.306
 1.094
-0.273
-0.516
-0.069
-0.374
-0.690
 0.576
-0.993
-0.077
 0.927
-0.455
 0.676
 1.998
 0.418
 1.431
 0.361
 0.506
 0.517
 0.206
 0.318
 0.359
-0.355
 0.744
 0.816
 0.209
 1.172
-0.149
-0.237
 0.397
 0.764
 1.221
 0.814
 0.310
 0.874
 1.846
-0.375
-0.625
 1.627
 0.886
 2.319
 0.374
 2.218
 2.206
 1.699
 1.971
 2.151
 1.693
 0.824
 1.956
-0.109
 0.338
-0.310
-1.314
 0.873
 0.294
-0.254
-0.696
-0.348
 0.352
 1.090
 0.580
-0.686
-0.163
 2.525
 2.652
 1.112
 0.690
 1.686
 1.268
-0.849
 1.057
 0.755
-0.722
 1.529
 0.149
 0.933
-0.510
-0.525
 0.763
 0.827
 1.537
-0.145
 0.304
 0.115
 1.823
 0.463
 0.336
 1.814
 0.679
 0.483
 1.508
 0.586
 0.822
 0.548
 0.134
 1.250
 1.104
 1.190
-0.338
 0.395
-0.162
 0.078
 0.775
-0.120
-1.659
-0.220
-0.169
 1.408
-0.810
 0.381
 0.013
-0.549
-0.878
 1.075
 1.013
 0.303
 0.823
 0.249
 0.420
 0.128
 1.962
 0.238
-1.239
-0.603
-0.221
 0.047
-0.490
 0.411
 0.282
 0.857
 1.019
 0.866
 0.212
 1.905
 1.137
 1.045
 1.209
 1.098
-0.084
-1.605
 0.066
-0.005
-0.831
-1.014
-0.399
 1.087
 0.892
-0.275
 0.700
 2.148
 1.987
 0.327
 0.938
 2.757
 1.630
-0.315
-0.350
 1.322
 1.727
 1.328
 2.024
-0.055
 2.165
 0.758
 1.400
 0.500
 2.560
 1.003
 1.277
 1.662
 0.485
 0.588
 1.419
 1.454
 0.293
 1.647
 0.196
 1.284
 1.393
 0.673
 2.183
 0.598
 0.314
 0.945
-0.126
 0.156
 0.971
 0.345
-0.081
 0.773
 0.961
 2.341
 0.986
 0.512
 0.890
 1.959
 0.865
 1.529
 0.623
 2.004
 0.207
 3.282
 1.484
-0.679
 1.333
 1.116
 1.309
 0.627
 0.710
-0.993
-1.730
-1.187
-0.797
-1.436
-0.622
-0.911
-0.578
-0.682
-0.452
 0.265
 0.539
 0.488
-2.347
 0.293
 0.928
-0.141
-1.509
 0.963
 0.024
-0.716
-0.125
-1.009
-0.693
-0.164
-1.087
 1.013
 0.395
-0.281
-0.930
-1.154
-0.076
 1.349
 0.686
-0.165
-0.324
 0.333
 0.367
 0.336
 0.341
 0.381
 0.072
 0.517
 0.662
-1.212
-1.030
 0.836
-1.055
 0.747
 1.762
 1.947
 0.191
 0.153
-0.592
-0.590
-1.479
-0.943
-1.213
 0.045
 1.161
 0.590
 0.502
 1.110
 1.620
 1.127
 0.572
 0.367
 1.730
 2.594
 0.791
 1.401
 1.807
 0.555
 0.485
-0.066
 1.044
-1.022
-0.680
 1.009
 0.276
 0.166
-0.641
-0.962
 0.195
 0.084
-0.062
 0.492
-0.476
-0.400
-1.589
 0.323
 0.909
 0.718
 0.805
-0.508
 0.883
 0.517
 0.563
 0.160
 0.649
-0.635
-1.391
-0.352
 0.086
-0.129
-0.071
-1.569
-0.550
 1.153
 0.126
-0.986
-0.218
-0.225
-0.814
-0.287
 0.380
-1.369
-0.083
-1.575
-0.615
 0.106
 0.253
 0.358
-0.394
 0.255
 0.553
 0.319
 0.758
 0.745
 1.501
 1.295
 0.452
 0.647
-0.568
-0.885
 0.597
 0.520
-1.429
 0.297
 0.380
 2.360
 0.727
 0.465
 2.586
-0.114
-0.238
-0.399
-0.775
-1.279
-0.305
-1.205
-0.277
 0.213
-0.758
-1.279
-1.706
 0.408
 1.232
 0.452
 2.071
 0.421
 1.012
 0.173
-0.357
 0.590
-0.434
-0.646
 0.092
 0.493
-0.360
-0.383
-0.137
 0.220
-0.329
 0.514
 0.391
 1.597
 0.266
-0.096
 1.464
 1.499
 0.114
 0.247
 0.608
-0.069
-0.247
-0.454
-0.378
-0.292
 1.258
 0.165
-0.295
-0.196
-0.758
-0.743
-1.633
-0.221
 0.958
 1.181
 0.473
 1.760
 0.257
-1.012
 0.686
 1.492
 0.338
 1.484
 1.527
 0.798
 1.825
-0.137
 0.077
 1.497
 1.823
 1.899
 1.911
 2.753
 2.181
-0.113
-0.665
 1.093
-0.234
 0.289
 0.834
 0.153
 2.226
 2.059
 0.542
 0.739
 1.464
-0.306
 1.410
 0.144
 0.337
 0.297
 0.776
 0.663
 1.497
 1.392
 1.253
 1.306
 1.478
 0.748
 0.614
 0.811
 0.284
 1.934
 1.292
 1.595
 0.641
 0.307
-0.116
 1.652
-0.059
 0.089
 1.317
 1.277
-0.329
 1.151
 1.747
 1.397
 0.463
 0.334
 1.769
 1.733
 0.627
 0.658
 0.788
 0.883
 0.964
 0.983
 1.973
 1.117
 1.323
 2.472
 1.344
 1.328
 1.280
 1.438
-0.283
 0.862
 1.038
 0.513
 1.277
 0.092
 0.646
 1.373
 0.431
 1.739
 1.054
 1.260
 1.118
 0.173
 1.067
 1.216
 1.529
 0.967
 1.054
 1.083
 1.184
 1.115
 2.078
 0.934
 1.107
-0.055
 0.168
-0.868
-1.431
-0.303
 0.562
 0.091
 1.767
 1.067
 0.052
-1.134
-0.521
 1.133
 2.300
 1.003
 0.338
 0.829
 1.007
 0.912
-0.162
 0.335
 2.161
 0.455
 0.570
 0.271
 1.376
-0.389
 0.009
 0.177
 0.306
 1.195
 1.594
-0.681
 0.219
 0.097
-0.126
-0.479
 0.522
 2.113
 1.624
-1.163
-0.638
-0.812
 1.027
-0.049
-0.039
 0.181
 1.060
-0.279
 1.102
 0.712
 0.937
 1.790
 1.829
 1.519
 1.373
 0.842
-0.363
-0.151
-0.171
 1.085
 1.501
 1.206
 1.542
 1.420
 1.800
 0.532
 1.010
 2.252
 1.131
 1.502
 1.395
 0.605
 0.677
 0.454
 1.396
 1.859
 0.678
 0.811
 0.319
 1.564
 1.432
 1.350
 1.347
-0.703
 0.486
 0.176
-0.597
 0.526
 0.358
 0.731
 1.113
 1.818
 0.105
-0.099
 0.359
 1.276
 2.189
 0.945
 1.699
 1.534
 1.277
 0.710
 1.452
 2.315
-0.109
-1.272
 0.083
 1.717
 0.857
 0.288
 0.501
 1.111
 0.544
 0.494
-0.532
 0.755
 0.880
 1.159
 3.065
 0.913
 0.273
 0.644
 0.065
 0.757
 0.938
-0.263
-0.060
 0.250
 0.666
 2.009
 1.579
-0.572
 2.015
 0.890
 1.590
 0.959
 0.309
 0.270
-0.045
 1.008
 1.635
 1.674
 0.409
 0.517
-0.359
 1.019
 0.362
 1.033
 0.887
-0.325
 1.035
-0.895
-1.103
 0.519
-0.571
 0.545
 1.108
 0.758
 0.649
-0.161
 0.699
 0.606
 1.344
 0.699
-1.617
-0.065
 0.591
-0.196
 0.272
-0.467
-0.748
 1.093
-0.144
 1.234
 1.501
 1.726
 1.901
 1.060
 0.680
-0.102
 0.013
-0.779
-0.124
-0.486
 1.038
 0.516
-0.628
-0.025
-0.538
-0.098
 0.439
-0.370
-0.507
 0.055
 1.134
 1.052
 0.845
 0.099
 0.126
-0.340
 0.733
 0.565
-0.593
-0.194
-0.499
-1.952
-0.586
-0.336
 0.641
 0.416
-0.559
 0.050
-0.753
-2.437
-2.196
 0.132
 0.694
 1.148
-0.055
 0.960
 1.134
 2.086
 1.100
 1.747
 1.804
-0.497
-0.778
 0.090
 0.293
 0.201
 0.437
 0.404
 1.854
-0.497
 0.125
-1.089
-1.323
-0.849
-0.794
-0.174
 1.630
 0.441
 0.012
 0.239
 1.113
 1.975
 0.973
 1.686
 0.038
 0.779
-0.432
-0.101
 0.626
 1.323
 1.887
 1.201
 2.549
 0.307
 1.340
 0.232
 0.357
 0.046
-0.281
-0.362
 0.622
-0.193
-0.305
 0.234
-1.000
-0.318
-0.710
 1.126
 0.165
-1.402
-0.571
 0.977
-0.752
 0.277
 0.884
 0.771
-0.792
 0.032
-0.890
 1.321
 0.693
 0.124
-0.213
-0.630
-1.510
-0.943
-2.220
 0.181
 0.445
-0.526
-0.365
 0.093
-2.032
-1.901
-1.103
 0.061
 0.828
 1.549
 1.408
 0.223
 0.256
-0.132
-0.484
 0.389
 0.607
-1.535
-1.667
-0.990
 0.082
 0.337
-0.935
 0.673
 1.882
-0.186
 1.043
-0.428
 0.711
 0.393
-0.036
 1.361
 0.958
 1.698
 1.221
 0.076
 0.059
 0.576
-0.201
-0.207
 0.673
 0.251
 0.122
-0.361
-0.828
-0.006
 1.264
 0.758
-1.210
-0.318
 0.508
 1.423
 1.017
 0.316
-0.908
-0.205
 0.511
 1.262
 1.195
-0.259
 0.350
-0.492
-1.292
-0.687
-0.313
 0.176
-1.301
-0.430
-0.761
-1.868
 0.251
-0.609
-1.595
-0.454
-0.764
-0.874
-1.139
-0.333
-0.448
-0.383
-0.584
-1.113
-0.167
-0.196
-0.209
-0.451
 0.935
 0.031
 2.160
-0.551
-1.219
 0.649
-1.207
-1.219
 0.668
 0.132
-1.674
-0.558
-1.314
 0.189
 0.252
-0.406
-0.655
 0.105
-0.068
 0.702
 1.438
 1.131
 0.089
 0.552
 0.469
 0.797
-0.956
-0.738
-1.005
-0.865
-0.794
 0.441
-1.258
-2.276
-1.477
-1.756
 0.865
-0.687
-0.541
 1.475
-0.167
-1.427
-0.968
-0.208
-0.156
-1.435
-1.604
-2.681
-2.131
-2.095
-0.960
-0.674
-1.644
-0.544
-0.537
-0.013
-1.408
-0.230
 1.005
-0.117
-1.952
 0.892
 1.248
 0.455
 2.375
-0.312
 1.001
 1.345
 0.801
 1.117
 1.472
 1.189
-0.048
 0.282
 0.489
 0.117
-0.250
 0.797
 1.884
 0.905
-1.128
 1.622
 1.418
 0.299
 0.147
-0.451
 1.783
 2.699
-0.036
 1.063
 1.285
-0.499
 0.175
 0.399
 0.003
-0.255
 0.092
-0.906
-0.175
-0.028
 0.925
-0.963
 0.612
 0.819
-1.379
 1.881
 0.759
-0.541
-0.197
 0.964
 0.333
-0.225
 0.342
 1.426
 0.249
 1.968
 0.507
 1.054
 1.461
-0.541
 1.983
 1.102
-0.148
 0.863
 0.296
 0.723
 1.436
 0.230
 0.161
 1.107
 2.190
 1.818
 3.143
 3.191
-0.074
 1.494
-0.024
 0.329
 2.106
 0.670
 0.709
 1.422
 0.342
 0.533
-0.161
-0.411
 1.483
 0.399
 1.235
 1.026
 1.073
 0.732
 2.686
 1.475
 1.017
 2.009
 1.228
-0.854
-0.520
-0.157
 1.272
 0.000
 1.164
 0.646
 0.381
 0.289
 0.485
 0.955
 0.909
 0.994
 1.074
 0.323
 1.102
-0.253
-0.969
-0.064
 0.108
-0.468
 0.090
-0.431
-0.742
-1.208
 0.879
-0.032
 0.311
-0.995
-2.137
-0.833
-0.459
 0.795
-1.093
-1.180
-0.665
 1.341
-0.796
 0.991
 0.614
-0.872
 1.013
 0.038
 0.615
 0.499
-0.566
 0.463
-0.191
-0.557
 0.991
 0.468
-0.412
 0.415
 0.692
 0.494
 1.874
-0.651
-0.062
 0.499
 0.645
 1.928
 0.552
-0.401
-0.117
 0.174
 1.902
 0.068
 0.662
-1.772
-1.396
-0.110
-0.522
 0.765
 0.971
-0.023
 0.742
 1.066
 0.644
 0.510
 1.623
 1.399
 1.509
 2.264
 0.506
-1.154
-2.039
-0.382
 0.179
 1.814
 1.230
 0.415
 1.685
 1.833
 0.689
-0.219
 0.614
-1.579
 0.164
 0.507
 0.641
 1.190
 1.274
 0.085
 1.490
-0.834
 0.814
-0.694
 1.510
 0.055
-0.722
-1.146
 0.615
 0.119
-0.147
 0.197
 0.712
 1.765
-0.237
-0.237
 0.033
 1.014
-1.474
-1.155
-0.419
-0.318
-1.757
-0.468
 0.649
-0.477
 0.390
 1.501
-1.389
-0.619
 1.293
 1.703
 0.020
 1.151
 0.150
 0.718
 0.291
 0.895
 1.467
-0.777
-1.257
 0.125
-0.167
 1.874
-0.176
 0.520
 0.253
 0.849
 0.630
 0.391
 0.419
-0.047
 0.694
-0.266
 0.114
 0.072
-0.670
-0.820
-1.309
 0.529
-0.457
 0.062
-1.234
-0.772
-0.750
 0.762
-1.555
-1.068
 0.198
 0.275
-0.103
 1.739
 0.603
-0.564
-1.050
-0.222
 0.228
 0.971
 0.827
 0.513
 1.066
 0.057
 1.163
-0.765
-0.247
-1.733
-1.667
-0.877
-1.436
-1.667
-0.349
 2.012
 0.488
-0.140
 0.294
 1.455
 1.954
 0.576
 0.542
-0.778
-0.517
 0.931
 1.192
 1.036
 0.536
-0.069
 0.028
 0.323
-0.632
 1.254
 0.787
 0.771
 0.796
-0.262
 1.167
-0.479
-0.937
 0.600
 0.172
-0.644
-1.851
 0.512
 1.101
-0.907
 0.763
 1.176
 0.469
-0.340
-0.179
-0.087
-0.463
-1.939
-1.689
-1.053
-0.900
-0.091
 1.072
 0.874
 1.045
-0.755
-2.586
 0.077
 0.539
-0.052
 1.783
 0.955
 1.058
-0.303
-1.597
-0.861
 0.192
 0.979
-0.668
-1.323
-2.143
-2.982
 0.340
 1.093
 0.081
-1.173
 0.555
-0.515
 0.549
-0.033
-0.724
-0.946
-0.634
 0.003
-0.821
-0.827
-0.930
-0.248
 0.344
-0.349
-0.011
-1.083
 0.047
 0.024
-0.657
-2.352
-0.772
-0.767
-0.728
-1.439
-1.479
 1.128
-1.770
-1.169
-0.325
 0.617
-0.365
 0.462
-1.262
-0.497
 0.601
 1.254
 2.180
 0.734
-0.361
-0.115
-0.102
-1.310
-0.083
-0.102
-1.672
-0.104
 0.416
 0.145
 0.580
 2.119
 1.393
 0.067
 0.506
 0.498
 0.408
-0.287
 1.444
 0.454
 0.947
 0.342
-0.024
-1.180
 1.221
 0.612
 0.152
-0.673
-0.505
-0.293
-0.949
 2.172
 0.566
 1.258
-0.178
 0.690
 1.145
 0.251
 0.722
 2.084
 1.093
-1.420
-0.637
 0.509
-0.332
 0.554
 0.630
 1.016
-0.857
-0.717
-0.626
-1.362
 0.426
-0.109
-0.488
-1.963
-0.396
-0.474
-0.461
 0.621
-0.703
-1.600
-2.155
-0.787
-1.032
 0.213
-1.042
 0.527
-0.327
 0.148
-2.020
-0.672
-0.588
 0.597
-0.584
-0.319
 0.679
 0.464
-1.031
-0.919
-0.390
 0.322
-1.630
-0.274
 0.403
 1.205
 2.062
-0.179
 1.194
 1.460
 1.360
 2.426
 1.889
 0.889
 2.448
-0.267
-0.626
-0.149
-0.648
-1.102
-1.144
-0.023
 0.193
-1.322
 0.542
-0.059
-0.880
-0.109
-0.033
 1.092
 0.479
 0.980
 0.190
 0.176
 1.880
 0.442
 0.264
 1.133
 0.265
-0.190
 0.796
 1.988
 0.450
 0.209
 1.445
 1.139
 1.098
 1.630
 0.951
 1.655
 1.634
 1.143
 1.848
 1.086
 0.876
 2.064
 0.980
 1.885
 2.525
 1.909
 0.843
 2.028
 1.913
-0.103
 0.781
 0.772
 1.427
 1.356
 0.682
 1.908
 0.877
-0.236
 2.229
 2.116
 2.628
 1.399
 0.208
 0.934
-1.705
 0.012
 0.252
 0.294
 0.398
 1.762
 1.270
 0.701
-0.600
-0.893
 0.812
 0.628
 1.719
 1.151
 0.679
 0.145
 0.165
 0.115
-1.296
-0.195
 0.616
-0.582
-0.137
 1.623
 0.869
 1.488
 0.304
 0.443
-0.066
-0.320
 0.283
 0.280
-0.979
 0.206
-0.529
-1.906
-0.569
-0.186
-0.511
 1.090
 1.154
 0.125
-0.837
-0.370
 1.370
 0.246
 0.413
 1.057
 0.440
 1.139
 0.285
 0.583
 1.302
 1.147
 0.402
 0.029
-0.886
-0.706
-1.390
 1.768
 1.325
-0.285
-0.960
-0.005
 2.249
 2.105
 1.920
 0.194
 0.964
 0.506
 0.918
 1.052
 1.392
 1.822
 1.782
 1.575
-0.813
 1.247
 1.049
 0.550
 0.102
 0.956
-0.026
 1.582
 1.756
-0.038
 0.519
 0.534
 0.788
 1.752
 2.439
 2.453
 0.716
 0.737
 1.224
 1.067
-0.505
-1.228
 0.179
 0.997
 1.569
 1.239
 1.420
 1.496
 0.134
 0.952
 2.531
 1.155
 1.169
 0.939
 1.301
 0.930
 0.051
 0.748
 1.368
 1.814
 2.586
 1.077
 2.067
 2.474
 0.544
 0.729
 1.641
 2.545
 0.820
-0.458
 0.644
 0.266
 0.123
 0.495
 1.382
 0.533
-0.356
 0.449
 1.200
-0.631
-0.271
 0.831
 0.173
 1.938
 0.204
 0.427
 1.824
 0.849
-0.665
 0.029
-0.562
 1.395
-0.230
 0.285
 1.337
 0.015
-0.059
-1.848
-1.100
 0.874
 0.284
 0.299
-0.399
 0.723
 1.298
 1.452
 1.838
 1.205
 0.659
-1.764
 0.528
-0.146
 0.675
 0.023
 0.322
 0.338
-0.751
 0.955
 1.349
 0.892
-1.293
-0.215
-1.114
-0.541
 0.450
 1.038
 1.322
 1.056
 0.947
-1.223
 0.812
 0.676
 1.277
 0.521
 0.814
 1.786
-0.286
 1.326
 1.352
 0.378
 1.224
 0.244
-0.436
-0.274
 0.545
 0.333
-0.578
-0.513
 0.294
-0.233
 0.034
 0.806
 2.013
 1.475
 0.527
 0.378
 0.709
 1.216
-0.050
 0.385
 1.201
 1.475
 1.410
 0.532
 1.619
 0.650
 0.852
 2.375
 1.286
 2.190
 0.162
 0.501
 1.101
 1.188
 0.058
-0.216
-0.031
 0.049
 0.287
 0.661
 1.365
 1.543
 1.004
 0.478
 1.274
-0.309
 0.704
 0.401
 1.530
 0.798
 1.146
-0.234
-0.771
 0.495
-0.317
 0.786
 0.752
-1.753
 0.793
-1.273
-0.802
-0.025
 1.437
 0.962
 1.687
 0.994
-1.303
 0.917
 1.954
 1.107
-1.131
 0.541
 0.559
 0.148
-0.288
-0.626
-0.677
-0.466
 1.181
 0.057
-2.042
-0.130
 0.076
 0.679
-0.748
-0.325
-0.117
-0.438
 0.693
-0.320
 0.933
 0.633
-0.833
-0.912
 0.154
-0.073
 0.282
-0.659
 0.668
-0.298
 0.159
 0.972
-0.610
-0.241
-0.021
-1.240
 0.176
 0.129
 1.160
 2.080
 1.519
 0.203
-1.034
-0.685
 1.552
 0.419
-0.126
-0.749
 0.004
-0.875
 0.720
 0.168
 1.600
-0.001
 0.303
 0.831
 0.635
-1.155
 0.057
 0.148
-0.389
-0.834
 1.104
-0.381
 0.262
 1.335
 0.912
 1.585
 1.092
 0.705
 0.716
-0.528
 0.799
 1.022
 0.089
 0.354
-0.756
 0.605
-0.188
 0.878
 1.431
-0.445
 0.371
 1.254
 0.651
-0.559
 0.445
 1.434
 0.716
 1.890
-0.027
 0.769
 1.118
 1.169
 0.943
 1.076
 0.837
 0.370
 1.814
 0.982
 0.791
 0.361
 1.180
 1.770
 1.276
 0.908
 0.423
 0.236
 0.416
-0.071
-0.487
-0.327
-0.523
-0.020
 0.628
 0.408
 1.626
 1.946
 0.518
 1.281
 1.716
 1.022
-1.357
-0.004
 0.700
 2.275
 0.552
 1.083
 0.853
 0.240
 0.113
 0.607
 0.560
-0.289
-0.626
 0.193
 1.154
-1.093
-0.298
-0.748
-0.867
 0.542
-0.475
 0.006
-1.393
-1.121
-0.499
 0.763
-0.452
 0.422
-0.826
-0.980
-2.395
-0.630
 0.257
-0.680
 0.899
 0.151
-0.562
-0.700
-1.151
-1.075
-1.804
 0.223
 0.515
-1.672
-1.388
 0.278
-1.884
-0.522
-0.516
-1.574
-1.978
-0.387
-0.662
 0.543
-0.527
 0.017
-1.802
 0.341
 1.435
 1.349
 0.761
 0.701
 0.727
 1.409
 1.329
-0.077
 0.707
-1.193
 0.288
-1.267
-2.612
-0.963
 1.490
-0.127
-0.746
-0.866
 0.180
-0.275
 1.236
 1.386
 1.365
-0.380
 1.766
 0.526
 1.438
 0.431
 0.521
 0.719
 1.566
 0.653
 1.504
 0.995
 0.391
 1.127
-0.649
 0.105
-0.515
-0.273
 0.695
 0.713
-0.914
 0.120
 0.112
-1.111
 0.416
-0.435
 0.958
 1.338
 0.013
-0.127
 0.019
-0.471
 2.179
 0.401
-0.891
 0.726
-1.177
-0.514
-0.380
-0.485
 0.665
-0.248
-0.247
 0.796
-0.884
 1.033
-1.844
-0.462
-0.929
-2.082
-0.850
-0.475
-1.230
-0.508
-0.332
-2.068
-0.667
 0.029
 0.347
 0.358
-1.366
-0.444
-0.379
 0.338
-0.624
-0.727
-2.174
-0.611
-1.728
-1.790
-1.405
-0.959
-0.930
-1.054
-0.663
-0.173
-0.197
 0.087
-0.717
 2.350
 1.928
 1.388
 0.800
 1.384
 0.976
-1.014
 0.104
-1.387
-1.554
-1.079
-1.260
-1.463
-2.065
-0.703
-0.326
-0.343
-0.163
-1.124
 1.014
-0.370
 0.338
-0.387
 0.903
 0.438
-1.020
-0.395
-0.577
-0.896
-0.451
-0.726
 1.003
-0.084
-0.376
-0.682
 1.027
 1.651
-0.381
 0.038
-0.650
 1.023
 0.018
-1.670
-1.593
-0.634
-2.300
 0.406
-0.435
-1.122
-1.405
-0.481
-0.782
-1.469
 0.384
 0.893
 0.269
-0.507
 0.037
 0.128
-1.469
-0.083
-0.535
-2.245
-0.860
-1.588
-0.992
-0.585
-0.543
 0.100
-1.151
 0.335
-0.088
 0.468
 0.030
 0.112
-1.312
-1.191
-3.252
-1.344
 0.308
 1.503
 1.759
 0.468
-0.756
-1.487
-1.671
-1.277
-0.650
-2.657
-3.357
-1.987
-1.618
-1.224
-0.611
-0.350
-0.749
-0.100
 0.742
-0.025
 0.028
-0.039
-0.634
 0.107
 0.304
 0.644
 0.143
 0.826
 1.103
 1.824
 1.861
-0.823
 0.808
-0.219
 0.123
 0.346
-0.021
 2.308
 1.019
-0.213
-0.535
 0.929
 0.291
 0.048
 0.367
-0.784
-0.143
-0.059
-1.528
 0.405
-0.745
-0.541
 1.072
-0.337
 1.221
-1.446
-1.707
-0.637
-0.856
 0.420
 0.497
 0.523
 0.795
 1.381
 2.474
 0.932
 0.482
 0.066
-0.845
-0.853
-0.747
-1.016
-1.505
-1.197
-0.815
-1.402
-0.394
 1.628
 1.155
-0.246
-0.616
 0.956
 0.461
-0.916
-0.334
 1.502
 0.904
-0.077
 1.230
 0.512
-0.478
-0.131
-0.468
-0.396
-0.396
-0.498
-1.984
-0.791
-0.473
-0.571
 0.906
 1.573
-0.150
-0.664
-1.161
-1.017
-0.964
-1.341
-2.189
-1.423
-0.768
-0.040
 0.774
-0.279
-0.488
-0.772
-0.408
 0.246
-0.747
-0.491
-1.209
-0.989
-1.204
-1.518
-0.057
 0.309
 0.013
-0.739
-1.225
 0.955
 1.507
 0.333
 0.840
 1.650
-0.261
-0.472
 0.821
 0.332
 1.059
 0.854
 0.821
 0.248
-0.571
 1.070
-0.304
 0.851
 1.087
-0.445
-1.185
-2.965
-2.080
-1.174
 0.365
-1.071
-1.743
 0.305
-2.069
-1.029
-0.684
-1.008
-0.978
 0.361
-0.447
-0.440
-1.516
 0.339
 1.466
-0.040
-0.655
 0.471
 0.137
-0.329
-0.516
 0.960
-0.176
-0.955
 0.845
 0.724
-1.149
-1.185
 1.132
-0.207
-0.506
 1.841
-0.479
 0.799
 0.180
-0.955
-1.438
-0.276
 1.570
 1.221
 0.652
 0.169
-0.794
-0.412
-0.788
-0.674
-1.821
-0.645
-0.028
-0.932
-1.256
 0.411
 0.869
 0.715
 1.702
 2.060
 2.616
 1.530
 1.228
 1.264
 0.635
 0.389
 0.663
 0.902
-1.900
-1.024
-0.314
 1.597
 1.171
-0.915
 0.950
-0.939
 0.312
 1.948
-0.477
 0.872
 1.747
 2.076
 1.816
 0.973
 1.385
 0.686
 1.224
 0.755
 0.000
 0.898
-0.056
 0.564
 0.799
 1.611
 1.753
 1.240
-0.270
-0.212
 0.763
-0.319
 0.555
-0.701
 0.805
 0.198
 1.162
 0.148
 1.195
 0.665
 0.460
 1.487
 1.481
 0.950
-1.717
 0.670
-0.061
 0.316
-0.158
-0.975
 0.160
 0.642
 1.212
 1.541
 0.375
 0.429
 0.710
 1.037
 1.432
 0.856
 1.307
-0.084
 0.146
-0.120
 1.059
 0.867
 1.428
-0.647
-1.358
-0.830
 1.156
 1.208
-0.514
-0.201
-1.009
-0.177
 1.306
-0.049
 0.184
 0.068
 0.411
 1.617
 2.493
 2.670
-0.400
-0.711
 0.731
 0.211
 1.194
 0.601
-0.544
 0.924
 1.402
 0.703
 0.413
-0.734
-1.374
-0.625
-1.208
-0.350
 0.435
 0.189
-0.007
 1.490
 1.083
-0.338
-0.952
 0.528
-0.876
 0.993
-0.453
-0.629
-0.289
-0.532
-0.264
-1.253
-0.840
 0.469
 0.341
-0.731
-1.243
-1.197
-0.008
 0.506
-0.056
-0.495
-0.195
-0.200
 0.687
 1.121
-0.071
 0.640
 0.725
 1.707
-0.230
 2.186
 1.065
 0.744
 1.263
-0.052
 1.115
-0.565
-1.639
-1.657
-0.100
 0.130
 0.853
 0.121
-0.301
 0.581
 1.329
 1.635
 1.027
-0.249
 0.975
-0.023
-0.033
 0.839
-0.361
 0.751
 0.424
 0.423
 0.154
-0.147
-0.450
-0.105
 0.126
-0.146
-0.130
-0.453
-0.987
-0.259
-0.484
 0.893
-0.245
 0.826
 0.068
 0.763
 0.227
-0.768
 0.249
-0.093
 0.039
-0.647
-1.491
-1.540
-0.277
 0.757
-0.822
 0.834
 0.328
-1.060
-0.026
 0.224
-0.175
-0.358
 0.517
 0.228
-0.154
-0.717
-0.632
-1.362
-0.210
-0.177
 0.038
-0.581
-0.110
-1.882
-1.360
-0.499
-0.673
-0.949
-0.759
-0.828
 0.114
-0.886
 0.365
 0.275
 2.611
-0.419
-0.159
-0.526
-0.797
-0.946
-0.878
-0.328
-0.556
 0.449
 0.501
 1.135
-0.410
-0.461
-0.681
 1.087
-0.147
-0.535
-0.521
-0.677
-1.627
 0.399
 0.905
-0.804
-2.158
 0.488
-1.082
-0.965
-0.812
-0.548
 0.156
-0.910
-0.613
-0.488
 0.466
 0.065
-0.822
 0.615
-0.012
-0.408
-0.546
 0.175
 0.924
 1.318
-0.592
 0.166
 0.343
 0.394
 1.312
 0.509
 0.080
-0.901
 0.201
 1.534
 1.270
-0.585
 0.820
 1.093
-0.302
-0.144
 0.069
 1.556
 1.375
 0.911
 0.685
 2.021
 0.489
 0.875
 1.797
 1.403
-0.880
-0.389
 0.437
 1.536
 0.772
-0.812
 0.791
-0.234
-0.310
-0.166
-1.102
-0.535
-0.394
-1.841
-1.606
-1.361
-2.094
-1.834
-0.843
-1.038
-0.068
-0.624
 0.329
-1.654
-1.705
-1.703
-1.636
-0.996
-1.047
-0.806
-1.133
-1.645
-1.917
-1.549
-1.562
-1.632
-1.716
-0.703
-0.464
-0.950
-0.496
-1.592
-1.291
-1.719
-1.380
-1.376
-0.131
-0.878
 1.458
 0.603
-0.350
-1.580
-1.605
-0.269
-1.668
-2.763
-1.626
-0.770
-1.309
-0.180
-0.211
-1.726
-1.725
 1.555
-0.223
-1.287
 0.712
-0.079
 0.606
-0.244
-0.653
 0.139
 0.592
-1.815
-1.301
-1.033
-1.389
-0.613
-0.844
 0.103
 0.317
 0.743
 0.214
 1.952
 1.977
-0.535
 1.315
 0.817
-0.035
 0.725
-0.706
-0.376
-0.353
 0.328
 0.136
 0.190
-0.184
-0.781
-0.262
-1.310
-0.168
-1.323
-0.188
-0.768
-0.058
-2.179
-1.176
-0.033
 0.000
-0.236
 0.458
 0.717
 0.959
 1.110
 0.056
 0.511
-0.318
-0.275
 1.152
-0.157
-0.595
 0.842
 0.207
-0.838
-1.174
-0.298
 0.668
 0.756
 0.109
 0.151
 0.491
 1.582
 0.125
 0.345
 0.284
-0.879
-0.141
 0.132
-0.521
-0.740
 1.050
 0.172
 0.062
-0.388
 1.680
 1.287
-0.469
 0.464
 1.237
 1.126
 1.109
 0.272
 0.575
 0.177
 1.057
 1.235
 1.731
 0.943
 0.558
 1.584
 2.164
 1.543
 1.366
 0.531
 0.765
 0.491
 0.943
-0.360
-0.261
-0.798
-0.081
-0.540
-0.758
 0.194
-0.123
 2.152
-0.324
 0.258
-0.734
-0.542
-0.169
-1.556
-0.630
 1.239
 0.562
 1.149
-0.372
-0.515
-0.299
 0.333
-0.310
 0.832
-0.801
-0.851
 0.832
-0.761
-0.717
-0.628
 0.251
 1.226
 0.277
 0.294
-1.008
-0.700
-1.159
 0.630
 0.147
 0.749
-1.069
 0.767
 0.490
-0.393
 0.491
-0.218
 0.667
-0.604
 0.093
-0.205
 1.135
 1.974
 1.732
 0.587
-1.720
-1.075
-0.457
-1.108
 0.378
 1.260
 0.541
 1.327
 1.099
 0.039
 0.240
-0.247
-0.042
 0.736
-0.173
-0.693
-0.561
-0.071
 0.764
 0.842
 0.879
-0.566
 1.083
 0.323
-0.442
-1.475
-1.480
-0.332
 0.095
-1.536
-1.211
-1.040
-1.065
 0.003
-1.530
 0.378
-0.486
-1.033
-1.957
-1.043
-1.021
-2.204
-2.475
-2.355
-2.104
-0.449
-0.533
 0.638
 0.132
-0.546
 0.535
-0.635
-0.074
-0.563
-0.350
 0.601
-0.102
 0.575
 0.543
 0.055
 0.948
 1.432
 0.373
 0.439
 1.579
-0.006
 0.277
 1.384
 0.643
 1.494
 0.510
 0.808
 0.457
 0.464
 0.288
-0.677
-0.757
-2.162
-0.214
-0.455
 0.638
-0.208
 0.379
 1.694
 2.219
 0.956
 1.147
 1.126
 0.314
 2.246
 2.269
 1.380
-0.295
 0.097
 0.651
 0.123
 0.294
 0.024
 1.051
 1.325
 1.470
 1.413
 0.916
 0.513
 0.442
-0.557
 0.769
-0.174
-0.751
 1.351
 1.216
-0.036
 1.112
 1.649
-0.093
-0.645
 0.761
 1.847
 1.001
 2.298
 3.309
 2.636
 3.266
 1.346
 0.834
 1.003
 0.518
 0.379
 1.025
 0.621
 0.836
 1.384
 0.472
 1.759
-0.465
 0.230
 1.653
-0.171
-0.695
-0.090
-0.709
-0.196
-0.371
-1.597
-0.459
-1.065
 0.216
 0.398
 1.368
 1.203
 1.266
 1.208
 1.449
-0.019
 1.251
 1.443
 0.793
 0.475
 1.064
 0.165
 0.218
 0.150
 1.414
 1.484
 1.908
 2.023
 2.197
 3.000
 3.053
 1.249
 0.781
 2.770
 1.712
 0.979
 2.892
 3.332
 2.284
 1.930
 1.283
 0.171
 2.675
 2.513
 0.901
 0.371
-0.278
 0.326
 2.219
 0.766
 1.921
 1.360
 1.458
 0.780
 1.368
 0.940
 1.144
 1.504
 1.719
 0.930
 0.625
 1.017
 0.979
 1.995
 2.184
 1.387
 2.599
 0.895
 0.891
-1.180
 1.182
 0.546
 1.311
 0.603
 1.477
 0.101
 0.035
 1.956
 1.044
-0.634
 1.163
 0.426
-0.214
-0.446
 0.957
 1.255
 0.502
 0.590
 0.653
 0.097
-0.190
-0.705
-0.216
-0.505
 0.358
 0.494
 0.525
 0.141
-0.480
 0.784
 1.715
 0.123
 2.246
 1.914
 1.336
 1.245
-0.058
-0.237
-0.276
-0.088
-0.366
-0.105
 0.293
 0.668
 2.728
 0.775
-0.187
-0.301
 0.860
 1.749
 0.828
-0.580
 1.116
 1.282
 1.349
 1.752
 1.243
 1.654
 0.333
-0.610
-0.596
 0.688
 0.470
 0.318
 1.531
 0.574
 0.525
 1.876
 1.531
 2.829
 1.343
 1.015
 0.873
 1.678
 0.367
 0.144
-0.106
 0.186
 0.199
-0.818
-0.368
 1.262
-0.276
-0.478
-1.133
-0.206
 0.686
 0.392
-0.125
 0.012
-1.412
 0.113
-0.638
-0.626
 1.109
 0.263
 0.649
 1.263
 0.526
 1.860
-0.564
-0.017
-0.505
 0.004
-0.577
-0.303
 0.021
-0.138
 0.981
 1.096
 0.713
 0.379
 1.992
 0.303
-0.345
 2.336
 0.174
-0.193
-1.757
-0.497
-1.254
-0.450
-0.424
-0.948
-0.214
 1.490
 0.974
 1.066
-0.274
-0.526
 0.384
-0.258
-0.117
 0.298
 0.114
 1.184
-0.625
-0.355
-0.544
-0.871
 0.462
-0.009
-0.635
-0.049
-0.011
 0.686
 1.915
 0.876
 0.228
 0.187
 1.113
 0.162
 1.066
 0.203
 0.982
 1.133
 1.317
 0.632
 1.642
-0.295
-1.472
 1.050
-0.594
-0.902
-0.433
 0.308
 0.366
-0.453
-0.539
 1.424
 1.009
 1.280
 0.384
 1.141
 0.285
-0.434
 0.658
 0.643
 0.490
 1.704
 0.423
 1.492
 1.937
 2.455
 0.599
 1.211
 0.605
 1.544
 0.351
 0.229
 1.111
-0.028
 0.463
 0.999
 0.667
 1.246
 1.494
 0.240
 0.239
 0.499
 0.948
 0.247
 0.784
 1.455
 0.978
 0.681
 0.087
 2.642
 0.985
-0.436
 0.021
 0.760
 1.243
 0.763
 0.317
-0.751
-1.001
 0.301
 0.131
 0.134
-0.599
-0.712
 0.401
-0.236
 0.720
-1.207
 1.030
 1.462
-0.060
-0.642
-0.481
-0.162
-1.197
-0.433
 0.308
 0.152
-0.081
-0.438
-0.393
 1.120
-0.053
 0.850
-0.287
-0.635
-0.722
 0.818
-0.381
 0.525
 0.157
 1.627
 1.627
 0.148
 0.867
 0.747
 0.771
 1.751
 0.029
-0.823
 1.134
-1.402
 0.298
 0.954
 1.449
 1.459
 1.283
 0.732
 0.361
 0.234
-0.211
-0.303
-0.266
-1.283
 1.435
 2.176
 2.211
-0.104
 0.114
 1.239
 0.974
 1.512
 1.339
 2.161
 1.350
 0.956
 1.525
-0.784
 0.568
 0.444
 0.305
 0.876
 0.648
-0.257
 0.471
 0.778
 0.657
 0.346
-0.833
-1.428
-1.241
 0.573
 0.483
 1.271
-0.006
 1.835
 1.249
 1.172
 0.813
 1.048
 1.507
 0.697
 0.294
 1.090
 0.532
 0.682
-0.066
 0.491
 0.865
 0.762
 1.871
 1.030
 0.161
 0.758
 1.185
 1.124
-0.340
 1.366
 1.165
 1.799
 0.328
 1.608
 2.215
 1.706
 0.805
 1.370
 0.642
 1.080
-0.801
-0.504
 0.992
 0.817
 0.959
 0.776
 1.320
 1.320
 0.160
 0.157
 1.032
 1.916
 0.563
 0.473
 0.710
 1.118
-0.444
 0.801
 0.259
-0.489
-1.314
-0.123
 0.408
 0.192
 0.117
 0.769
 0.355
-1.052
-0.013
-0.240
-0.207
-0.322
-0.097
 1.032
 0.958
 2.186
 1.668
 2.151
 1.229
-0.446
 0.861
-0.235
 0.874
-0.241
-0.953
-0.047
-0.403
 0.759
 1.052
 0.407
 1.035
 0.145
 0.329
 1.656
 1.109
 1.392
 0.846
 1.459
 1.283
 0.544
 1.599
 1.001
 0.575
-0.218
-1.335
-0.340
-0.265
 1.360
 1.614
 1.203
-0.123
-0.682
-1.277
 1.177
 1.190
 0.806
 0.059
 1.179
-1.313
 0.439
 0.783
 1.399
-0.277
 0.107
 0.441
 0.272
-0.356
 1.310
-1.074
-1.100
-1.088
-0.171
-0.023
 0.614
 0.602
-0.560
 1.455
 0.007
-0.802
 0.261
 0.458
 0.589
 0.465
 0.742
 0.392
 1.274
 0.370
-0.114
 0.714
 0.730
 2.257
 0.078
-0.403
 0.939
 0.360
-0.106
-0.094
 0.383
 0.917
 1.909
 1.637
 0.013
 1.178
 0.519
-0.178
 1.755
 1.282
 0.606
 0.130
-1.192
 0.336
-1.194
 0.327
-1.454
-0.773
-1.764
-0.896
-0.473
-1.130
 0.236
-0.315
-1.317
-1.684
-1.227
-0.561
 0.452
-0.712
 0.397
 1.270
 0.394
-0.618
-0.097
 0.182
-0.426
-0.085
 1.141
-0.162
-1.351
-0.151
-0.150
 0.773
 1.270
 2.382
 1.156
 0.312
 0.949
-0.326
 1.571
-0.240
-0.448
 1.441
 1.044
 1.491
 1.093
 1.313
 1.827
-0.006
-0.065
-1.284
 0.050
-0.945
-0.298
-0.479
-1.685
 0.698
 0.250
 0.604
-0.366
-0.291
-0.490
-0.180
 0.060
 0.096
-0.321
-0.551
-1.033
-0.216
 2.028
 0.278
-0.314
 0.782
 0.032
-0.082
-0.129
-0.248
 1.382
 0.912
 1.270
 0.995
 0.318
-0.084
-0.754
 0.180
-0.329
 0.355
 1.182
 0.417
 0.543
 1.063
-0.750
 0.663
 0.896
 0.655
 2.126
 0.417
-0.207
-0.931
 1.071
 0.380
-1.236
-1.378
-0.434
 1.005
 0.951
 0.102
-0.524
-0.603
 0.832
-0.371
-1.116
 0.303
-0.903
-0.242
 0.286
-0.419
-0.686
 0.440
-0.067
 1.289
-0.410
-0.518
-1.194
-0.999
-0.180
 1.070
-1.171
-0.919
-0.034
-0.114
 1.303
-0.142
 0.872
 0.224
-0.476
-0.548
 1.314
 1.514
 0.764
 1.538
-0.783
-0.988
-1.548
-0.200
-0.123
-0.437
-1.467
-1.008
 0.171
 0.904
 0.555
 0.859
 0.729
-0.811
-0.870
-1.130
-1.044
-0.237
-2.310
-0.609
-2.049
 1.153
 1.065
 0.793
-0.011
 0.017
 0.091
-0.548
-0.563
-0.226
 0.533
-0.788
-0.843
-0.219
 0.218
-0.957
 0.029
-0.382
-0.148
 0.164
-0.365
-0.266
-0.053
 0.884
 0.760
-0.253
 0.884
 0.520
 0.437
 0.034
 1.856
 0.048
 0.135
 0.673
-0.696
-0.856
-0.308
-0.518
 0.937
 1.641
-0.511
 0.081
 0.542
 0.743
 2.168
 1.019
-0.764
-0.837
 0.150
-0.232
-1.199
 0.094
-0.419
 0.824
 1.095
 0.976
 0.669
 0.285
-0.121
 0.311
-0.176
 1.041
 1.153
 1.607
 0.783
 1.239
-0.285
-0.896
-0.644
-1.044
-0.009
 0.081
 0.990
 0.025
-0.482
-1.183
-0.454
 0.353
 1.222
 0.717
 1.812
-0.164
 0.327
 0.250
-0.941
-0.665
 1.087
 0.638
-0.727
 0.022
-1.837
-2.392
-0.677
-1.888
 0.286
 1.225
 0.417
 0.218
-0.156
-0.945
-0.961
-0.312
-0.275
 1.559
 0.620
 1.754
 0.825
 0.417
 0.439
-1.397
-0.489
-0.656
 0.612
-0.388
 1.643
 1.304
-0.667
 0.760
 0.788
 1.287
 1.970
 0.957
-1.195
 0.457
 0.437
-0.031
 0.965
-0.180
-0.439
-0.257
-0.235
-1.349
-1.360
-1.164
-1.230
 0.300
 1.406
 0.879
 0.085
-0.429
-0.457
 0.469
 0.020
 0.419
-0.172
-0.506
 0.274
-0.126
 0.563
-0.054
 1.740
 0.285
 0.012
 1.037
 0.839
 1.913
 0.819
 1.666
-0.263
 0.776
 2.040
 0.494
-0.294
 0.966
-0.660
 0.480
 0.803
 0.509
 1.395
 1.664
 1.570
 1.983
 0.415
 2.422
 0.230
 0.583
 1.099
-0.551
-0.079
-1.346
-0.055
-1.160
-2.254
-0.718
 0.307
 0.344
 1.041
 0.191
-1.121
-0.149
 0.795
 2.146
 0.468
 1.503
 0.016
-0.111
-1.174
-1.791
 0.193
-0.163
-1.092
 0.144
 0.480
 1.274
 0.632
-0.459
-0.932
-0.040
 0.065
-0.495
-0.367
-1.279
 0.643
 0.081
 1.312
-0.317
-0.947
-0.804
-0.041
-0.707
-0.085
 0.632
 0.711
-0.937
-2.365
-0.746
 0.975
 0.805
 0.418
 1.747
 0.277
 0.266
-1.007
-0.416
 0.821
-0.686
-0.233
 0.133
-0.866
-0.348
-0.254
 0.024
 0.841
 1.067
 0.054
 0.073
-0.626
-0.395
-1.098
-1.112
-0.799
-1.386
-0.036
-0.794
-0.746
-2.623
-2.370
-0.897
-2.034
-0.090
-1.230
-2.282
-1.609
 0.413
-1.803
-0.704
-0.334
-0.654
-0.813
-0.378
-1.810
-2.391
-1.542
-0.350
-1.130
 0.378
-0.623
-1.216
-1.550
-0.677
-0.540
-0.843
-0.045
-0.996
-1.164
 0.728
 0.901
 0.397
 0.239
-0.093
-0.303
-0.873
-1.827
-0.489
-0.307
-0.465
-0.634
 0.220
-0.546
-0.453
 0.853
-1.168
 1.830
-0.417
 0.471
-0.861
 0.919
 1.528
 1.602
 1.223
-0.492
 0.998
 0.146
 0.767
-0.241
 0.169
-0.984
-0.203
 1.000
-0.063
 1.432
 0.191
 0.348
-0.685
-1.064
-0.179
-0.039
 0.571
-1.951
-1.277
-0.172
 1.010
-0.041
-0.448
-0.515
-0.592
 0.628
 1.801
-1.366
-1.576
-1.466
 0.039
-0.521
-0.672
 0.022
 0.420
 0.885
-0.790
 0.901
-0.053
-2.053
-2.119
-1.241
-0.988
 0.703
 1.161
 0.488
 0.176
 0.714
-0.427
 1.083
 0.017
-0.585
 0.326
 0.103
-0.282
 0.745
-0.056
 0.070
 0.510
 1.190
-0.549
 0.576
-0.475
 0.217
 1.538
 0.679
 0.968
-1.067
 0.139
-0.385
 0.231
-0.519
-1.274
-0.537
-1.308
 0.843
 1.100
 1.567
 1.120
-0.239
 0.466
 0.819
 0.652
-0.213
 1.840
 0.051
 0.208
 0.277
-0.063
-0.187
 0.447
-0.192
-0.273
-1.809
-0.232
-0.255
 0.168
-0.593
-1.381
 0.483
-0.073
 0.020
 0.157
 1.044
 0.658
 1.438
 2.251
 1.105
 1.630
-0.673
-0.567
 1.208
-0.058
 0.888
 0.129
-0.279
 0.033
 0.643
-1.467
-1.367
-0.349
 0.697
-0.786
-0.145
 0.027
-0.722
-0.607
-0.662
-0.281
 0.517
 0.181
-0.920
-0.314
 0.259
-0.971
-0.675
-0.423
-1.075
-1.851
-0.346
 1.228
-1.663
-0.648
-0.236
-1.669
-0.438
-0.187
-0.382
-0.406
 1.294
-0.074
-0.679
-2.693
-0.754
-0.729
-0.215
-0.920
-0.816
 0.368
-0.127
 0.811
 0.931
 0.745
-0.237
 1.180
 1.293
 0.535
 0.396
-0.187
 0.979
 0.871
 1.259
 1.244
 0.371
 0.944
 0.469
 1.182
 1.088
 0.627
-0.254
 0.430
-0.575
 1.224
-1.353
-0.589
-1.299
-0.475
-1.003
 1.675
-0.041
 0.004
 1.647
-0.025
-0.780
-0.676
 0.180
 0.996
-0.799
 0.762
-0.619
-1.848
-0.927
-0.154
 0.443
 0.351
 0.876
 0.904
-0.219
-0.099
-0.449
 0.378
 0.484
-0.456
-0.044
 0.822
-0.998
-1.201
-1.508
-1.558
-1.761
-0.273
-0.897
-0.491
 1.939
 2.286
 1.061
 2.157
 2.241
 1.061
 0.874
 1.622
 0.578
 0.791
 1.289
 1.486
 0.928
 1.725
 1.606
 0.715
 1.217
 0.778
 0.840
 1.913
 1.061
-0.367
-0.258
 0.107
 1.272
 0.680
 1.088
-1.060
 0.195
 0.435
-0.425
-0.565
-0.950
 0.712
-1.115
-0.669
 0.300
-1.055
 0.519
 0.846
-0.849
-0.403
 0.410
-0.931
-0.342
-0.005
 1.977
 0.579
-0.150
 0.564
 0.332
-1.252
 1.172
-0.710
 2.034
-1.077
 0.625
 1.949
 0.952
 0.058
 0.083
 1.033
 1.926
 0.082
 0.060
 0.603
-0.892
-0.826
 0.471
-0.188
 0.817
 0.139
-0.712
-1.580
-2.109
-1.917
-1.113
-0.618
-0.857
-0.963
-0.888
-1.253
-1.560
-1.736
-1.048
-0.560
-0.476
 0.491
-0.208
-0.465
-0.651
-1.108
 0.250
-0.612
 1.355
 1.598
 0.047
-0.643
 1.283
-0.281
-0.225
 0.148
 0.707
 1.630
 0.135
 0.589
 1.246
 1.916
-0.662
 0.028
 0.483
 0.357
 0.476
-0.864
 0.466
-0.169
-0.108
-0.313
-0.158
 0.066
 0.987
 0.745
-0.354
 0.237
-0.271
-0.695
-0.188
 0.473
 0.710
 0.116
 1.135
-0.617
-1.451
-0.082
-0.546
-0.398
-1.599
-0.518
-0.235
 0.509
 0.417
 1.262
 1.509
-1.643
-0.665
 0.138
 1.014
 0.283
 1.737
 0.986
 0.865
 3.031
 1.363
 0.827
 0.510
 1.272
 1.999
 0.507
-0.454
 0.642
 1.334
 0.133
 0.326
 0.736
 1.238
 0.595
 2.333
 1.207
 0.905
 0.236
-0.316
 1.908
 0.238
-0.464
-0.119
 0.592
 0.364
-0.830
 1.504
 0.738
-0.324
-0.084
 0.548
-0.345
 0.736
 0.594
 0.618
 1.215
 0.230
 1.166
-0.027
-0.113
-0.527
 0.522
 0.791
 0.458
-0.062
 0.219
-0.425
 0.001
 1.057
 0.694
-0.371
-0.837
-0.091
 0.286
 0.123
-1.002
-0.150
 0.245
-0.161
 0.037
-0.676
-1.265
-0.346
 0.134
-0.177
-1.354
-1.206
-0.274
-1.024
 0.185
-0.436
-0.623
-1.677
-0.207
-0.185
-0.161
 0.003
 0.194
 0.801
-1.153
-0.127
 1.097
 0.646
-0.682
 0.026
-0.251
 1.231
-1.021
-1.502
-0.302
-1.203
-1.945
 0.301
 0.901
 1.006
-0.170
-0.093
-0.379
 1.063
 1.968
 0.722
 1.569
-0.261
-0.446
 0.248
-1.031
-0.142
-0.180
-1.764
-0.500
-1.085
 0.674
 0.458
 0.343
 0.782
 0.783
 0.682
 0.335
 1.113
 0.969
 2.664
 2.424
 2.004
 0.392
 0.822
 2.397
 0.075
 1.242
 1.386
 1.849
 2.248
-0.643
 1.109
 0.304
 1.244
 0.447
 0.598
-0.033
-0.115
 1.061
 0.192
 0.226
-1.323
 0.546
 0.448
 0.331
 1.158
 0.437
 0.171
-0.885
-1.445
 0.712
-0.398
-0.156
 0.139
 0.483
-1.041
-0.004
 0.585
 0.948
-0.489
-1.242
-0.015
-0.791
-1.590
-1.897
-1.416
-1.252
 0.012
-0.962
 0.731
-1.457
-0.038
 1.004
 2.349
 0.501
 0.399
 0.325
-0.124
 0.308
 0.202
-0.735
-0.491
 0.313
 0.315
-0.645
 0.083
 2.039
 1.048
 0.063
-1.266
 0.790
 1.873
 0.285
 0.809
-0.162
-0.769
 0.423
 0.891
-0.116
 0.077
-1.447
-0.988
-0.924
 0.539
-0.282
 0.122
-0.690
 0.022
-1.436
 0.132
-0.428
-1.197
-0.515
-1.126
-0.735
-0.228
-0.202
-1.324
-0.867
 0.050
-0.965
-1.121
-1.976
-0.726
 0.772
 0.710
-1.673
-0.679
 0.695
-1.581
-0.726
-0.166
-2.516
-0.121
 0.177
-0.253
 0.078
-0.617
-0.389
-1.388
-1.696
 0.523
-0.410
-2.983
-1.765
-1.260
-1.604
 1.457
-0.935
-0.650
-1.365
-1.906
-0.422
 0.107
 0.911
-0.755
-0.217
 0.382
-0.088
 0.804
-0.465
-0.089
 0.203
 0.719
 1.375
 2.124
 0.253
-1.578
-2.035
 0.324
-0.348
 0.027
-0.173
 0.140
 0.691
 1.482
 0.930
 0.293
-0.618
-0.161
-1.203
 1.303
 1.616
 1.528
 2.585
 0.379
-0.186
-0.499
-0.238
-0.480
 0.982
 0.831
-1.731
-0.064
-0.941
-0.476
-0.317
 1.930
-0.021
 0.727
 0.740
-0.364
-0.419
 0.757
-0.246
-0.242
 0.829
 1.585
 1.593
 0.847
 1.421
 1.027
 0.663
 1.190
 0.386
-0.267
 0.365
 0.117
 1.084
 1.532
-0.211
 0.356
 1.021
 1.388
 0.434
-0.513
-0.584
 0.275
 1.386
 1.964
 1.410
-0.384
 0.215
 0.205
-0.542
 1.196
 2.294
 0.338
 0.103
-0.306
-0.373
 2.130
 0.665
-0.739
 0.323
 0.876
 1.423
-0.271
-0.373
 0.105
-0.154
 0.671
 1.056
 1.387
 1.204
 0.533
 1.218
 0.361
 1.058
 0.169
 0.518
 1.083
 3.509
 1.272
 1.550
 1.026
 1.532
 0.993
 1.253
 1.237
 0.446
 0.788
 0.000
 1.326
 1.389
 1.384
 1.277
 1.649
 1.102
 0.270
 1.748
 0.742
 0.107
-0.565
-0.572
-0.980
-1.420
-0.509
-1.208
-1.844
-0.316
 0.364
-1.130
-0.487
-1.550
-0.931
-0.472
-0.382
-0.133
-0.508
 1.544
 0.253
 0.850
-0.066
 1.000
 0.172
-1.211
-1.476
-1.855
-0.056
-0.084
 1.146
-0.507
 1.495
 1.607
 1.020
-0.802
-0.349
 0.278
 1.418
 1.076
 0.496
-0.270
 0.144
 0.076
 0.110
 0.894
 0.872
 1.243
 1.227
 1.571
 0.833
 1.931
-0.422
 1.394
 1.098
 1.718
 0.853
 1.059
 0.826
 1.214
 1.048
 0.836
 0.499
-0.104
-0.444
 0.700
 2.685
 2.220
 0.126
 0.107
-0.061
 0.927
 0.540
 0.483
 1.196
 1.458
 1.310
 0.893
 0.621
-0.222
 0.893
 0.185
 1.500
 1.583
 0.041
 0.440
-0.053
 1.266
 0.306
 0.682
 1.915
 1.380
 1.075
 1.216
 0.066
 2.340
 0.654
 2.320
 0.763
 1.502
 1.883
 0.804
 1.041
 0.265
 0.386
 0.184
 1.707
 0.224
 0.938
 0.391
 0.509
 1.096
 1.216
 0.336
 0.810
 0.998
 0.909
 0.070
 0.263
 1.264
 0.480
 0.919
 0.474
 0.290
 1.232
 0.702
-0.064
 0.636
-0.109
 1.654
 1.538
 1.159
 0.740
 0.807
 1.403
 1.440
 0.636
 1.416
 2.762
 1.552
 1.135
 0.776
 1.396
 0.926
 0.767
 0.564
 1.045
 0.666
 0.961
 0.706
 0.208
 0.125
-0.106
-0.424
-0.201
 0.426
 1.876
 1.351
-0.717
-0.740
-0.038
-0.235
-0.897
 1.076
 0.601
 0.062
-0.274
-0.272
 1.545
-1.272
-0.403
 0.443
 1.900
-0.129
 0.075
 0.398
 0.442
 0.888
 1.498
 0.499
-0.544
 0.705
 1.300
 1.264
 0.011
 0.005
-0.178
 0.357
-0.711
 0.605
-0.663
 0.152
-0.422
 0.144
 0.690
 2.043
 0.601
 1.512
-0.295
 0.303
 0.195
 0.841
 1.650
 2.637
 1.208
 2.219
 1.550
 0.842
-0.096
-1.443
 0.523
 0.432
 0.739
-0.584
-0.026
-0.050
-1.713
-0.424
 0.081
 0.649
-0.120
-0.488
 0.893
 0.469
 1.676
 1.020
 1.450
 0.121
 1.355
 0.368
 1.938
 0.827
 0.698
 1.610
 0.001
-0.494
-0.437
-1.396
-0.507
-0.074
 0.354
 1.036
 1.501
 0.996
 1.226
 1.109
 0.976
 0.610
 1.122
 1.928
 0.774
 1.339
 1.957
 0.674
 0.850
 1.960
 0.387
 1.156
 0.906
 0.443
 1.153
 1.754
 0.047
 2.803
 2.134
 1.206
-0.420
 1.680
 0.792
 1.295
 1.067
 1.817
 1.839
 2.327
 1.933
 0.412
 1.017
 0.443
 1.153
-0.308
-0.105
-0.686
-0.612
-1.296
-0.817
 1.376
-0.789
-0.704
 0.880
-0.083
 1.574
-0.209
 1.157
 0.313
 0.971
 0.674
-0.826
-0.114
 0.165
-1.087
-0.218
-1.978
-1.879
-0.909
-1.469
 0.536
-1.822
-0.475
-0.846
-1.013
-0.914
-0.035
-1.474
 0.144
-0.309
 1.190
-0.137
-0.549
-0.365
-1.554
 0.884
 0.094
 0.318
 1.484
-0.179
-0.647
-0.803
 0.339
 0.267
-1.453
 0.196
-0.079
-0.814
-0.940
-0.630
 0.367
-0.271
-0.184
 0.811
-0.003
 0.572
 0.050
 0.078
 0.729
 0.824
 1.593
 2.140
 2.992
 1.065
 1.366
 1.254
 2.094
 3.607
 1.355
 1.393
 1.212
-0.084
 0.076
-0.144
 0.627
 0.696
-0.164
 0.537
 0.500
 1.610
 0.974
-0.083
 0.623
 0.470
 0.882
 0.629
 0.662
 0.428
 0.698
 1.338
-0.252
 0.446
-1.354
-0.724
-0.446
 0.557
 0.574
 0.398
 1.731
 0.849
 1.699
 1.651
 0.947
 2.067
 1.232
 2.564
 1.870
 2.157
 1.840
 2.187
 1.423
 1.717
 0.922
 2.048
-0.214
 0.295
 1.934
 1.566
 1.439
-0.390
 1.261
 0.519
 0.169
 1.187
 1.346
 0.805
 0.444
 0.647
 0.079
 0.209
 0.790
 0.460
 1.848
 1.520
-0.107
 0.573
 0.667
 1.498
-0.193
-0.149
-0.964
-0.146
-1.197
 0.042
-1.179
 1.479
 1.752
 1.402
 1.701
 1.004
 0.835
 0.836
 0.877
 0.847
 0.989
 1.886
 1.474
 0.719
 0.357
-0.760
-0.528
-0.039
-0.336
-0.213
-0.143
-0.710
 0.340
 0.513
 0.324
 0.112
 1.137
 0.529
 1.511
 0.802
 0.498
 0.296
 0.206
 0.020
 0.029
-0.253
 1.075
 0.458
-1.777
-0.992
-0.297
-1.588
-0.239
-0.012
 1.223
 0.083
 0.945
 0.655
 0.450
 1.476
 1.332
 1.164
 0.534
 0.726
 0.919
-1.481
-2.414
-0.138
 0.266
 0.132
-1.067
-0.382
 0.121
 0.746
-0.005
 0.972
-1.260
-0.011
-1.457
-0.410
-0.402
 0.305
 0.908
-0.270
 0.148
 2.014
 0.257
 0.555
-0.692
-0.017
 0.585
 0.145
 1.113
 1.113
 0.605
 0.621
-0.751
-0.482
-1.134
 0.975
-0.514
 0.631
 0.324
-0.752
 0.630
 0.007
 0.356
 1.012
 0.517
 0.487
 0.046
 0.136
 0.825
 0.991
 2.116
 1.365
 1.510
 1.188
 0.800
 0.989
-0.408
 1.470
 1.590
 0.252
-0.023
 1.159
 0.567
-0.349
-0.837
-0.721
-0.042
 1.860
 1.868
-1.016
 0.251
 0.295
 3.211
 1.969
-0.375
-0.472
 0.831
 0.584
 0.748
 0.260
 0.286
 0.474
-0.030
 0.229
-0.502
-0.727
 0.950
-0.273
-1.548
-0.101
-0.381
 1.360
 0.761
-0.594
 1.641
 1.145
 2.483
 1.983
 0.591
-0.369
 0.657
-0.631
 0.249
 0.268
 0.179
-0.826
 0.601
-1.465
 0.639
 0.900
 1.696
-0.262
 0.886
 1.141
 1.242
 0.532
 1.994
 1.504
 1.211
 1.700
 0.515
 0.973
-0.429
-0.623
 0.480
-0.289
-0.021
-0.225
 0.660
-0.357
 0.625
 1.418
 0.820
-0.374
 0.225
 1.158
 1.755
 1.626
 1.773
 0.970
 1.387
 1.112
 3.673
 1.340
 2.292
-0.572
 1.289
 1.018
 0.733
-1.455
 0.764
 1.178
 1.345
 0.439
 0.445
 1.903
-0.313
 0.607
 1.205
 0.083
-0.902
 1.001
 0.798
 1.134
 0.408
 1.030
 1.131
 0.702
 0.845
-0.454
 1.316
 1.573
 0.501
 0.798
 1.041
 1.580
 1.693
 2.103
 1.087
 0.379
 1.931
 2.279
 2.787
 1.552
 1.241
 0.217
 0.755
 2.046
 1.019
-0.586
 0.635
 0.494
 1.109
 1.190
 1.187
 0.454
 0.691
 0.137
-0.029
 2.388
 0.216
 1.109
 0.486
 1.079
 1.198
 1.861
 1.134
 0.865
 1.037
 0.620
 1.054
 0.900
 0.682
-0.932
 0.135
-0.395
 1.515
 2.063
 1.877
 0.856
 1.076
 0.920
 1.022
 0.967
 0.598
 0.528
 0.661
 0.703
 2.626
 0.922
 1.998
 1.559
 0.084
 0.344
 1.639
 1.428
 2.119
 2.187
 1.499
-0.074
 0.321
 1.058
 1.661
 1.560
-0.080
 0.324
-0.361
 0.194
-0.565
-0.628
-0.509
-0.562
-0.927
-1.128
 0.513
 0.930
 1.327
-1.165
 1.491
-0.187
 0.285
 1.674
 0.576
 1.304
 0.264
 0.153
 0.108
-0.942
 1.633
 1.543
 1.793
 0.087
 0.650
 0.087
 0.336
 0.483
 1.124
 1.840
 1.250
-0.694
 0.331
-0.414
 2.134
 2.777
 2.148
 0.737
 0.126
 0.036
 0.154
 1.668
-0.062
 0.327
-0.012
 1.393
 1.946
 1.201
 1.316
-0.401
 0.657
-0.443
-1.034
 0.513
 0.770
 0.516
-0.757
 0.447
 0.077
 0.300
 1.172
 0.247
-0.554
-1.037
-1.187
-1.789
 0.595
-0.251
 0.057
-0.728
 0.735
 0.855
 1.054
 0.931
-0.259
 0.913
 1.885
 0.298
-0.325
 0.669
-0.184
 0.618
 0.810
 0.321
 0.366
 1.153
 1.525
-0.133
 1.257
-0.581
 0.642
 1.236
 0.859
 0.646
 1.975
 0.049
 0.967
 0.490
 1.934
 2.376
 2.577
 1.510
 1.229
 2.610
 2.644
 1.682
 1.991
 3.004
 2.809
 1.466
 0.206
-0.765
-0.047
 0.375
 0.607
 0.778
-0.472
 0.093
 0.227
-0.117
 1.058
-0.110
 0.799
 0.162
-0.259
 0.120
 0.065
 0.102
 0.367
-0.237
 1.566
 0.851
 1.988
 0.462
 1.860
-0.057
-0.964
 1.714
 1.314
-0.166
 1.493
 1.893
-0.627
 0.701
-0.641
 0.209
 0.200
 0.320
 1.012
 0.735
 1.347
 0.824
 0.872
 0.198
 0.349
 0.985
 0.146
 0.559
 1.871
 0.051
 1.523
 2.561
 1.934
 2.052
 2.407
 2.154
 0.231
 0.402
 0.021
-0.039
-0.696
 1.048
 0.138
 2.105
-0.393
 0.929
 0.067
-0.757
 0.894
 0.626
 1.631
 1.133
 1.267
 0.579
 1.793
 1.385
 0.577
-0.581
 0.901
-0.077
-1.298
-0.194
-0.634
 0.586
 0.484
 0.646
 0.927
 0.861
 0.849
 0.274
-0.844
 0.528
 0.676
-0.598
 1.259
 2.254
 1.670
 1.176
 0.868
 2.506
 1.481
 0.481
 0.484
 0.339
 1.051
-1.039
 2.078
 2.085
 2.199
 1.724
 2.145
 0.739
 0.816
 0.061
 0.360
 0.751
 1.350
 0.762
-0.251
 0.560
 0.762
 0.409
 1.644
 0.709
-0.486
 0.802
-0.698
 0.280
-0.075
 0.948
-0.234
 0.449
 0.812
 0.964
-0.082
-0.454
-0.537
 1.074
-1.218
 0.232
-1.651
-1.752
-0.034
-0.276
 0.400
 0.239
-0.162
-1.039
-0.837
-0.959
 0.728
 0.296
-1.004
 1.064
 0.645
 0.640
 2.279
 1.174
-0.343
-1.137
 0.246
-0.050
-0.092
-0.963
 0.283
 0.212
-0.453
 0.947
-0.234
-0.783
-1.096
 0.460
 0.171
-1.104
-0.144
 1.552
-0.296
 0.321
-0.081
-0.517
 0.091
 0.828
 0.397
-1.892
-0.905
-0.988
-0.486
-0.418
-0.992
-0.924
 1.606
 1.049
 1.280
 1.626
 0.375
 1.931
 0.252
-0.752
-0.320
-0.316
-0.235
 0.654
 0.273
-0.223
 0.497
 0.454
-0.049
-0.343
 0.990
-0.018
 1.147
-0.346
 1.125
 0.184
 0.609
-0.151
 0.604
-0.772
 0.060
 0.967
-0.997
 1.113
 0.829
 0.121
-1.069
-0.354
-1.022
-0.299
-0.994
 0.673
-0.385
-0.987
 0.417
-0.001
 1.571
 0.296
 1.140
 0.344
 1.086
 0.447
-0.559
-1.862
-0.936
-1.140
-1.240
 1.320
-0.467
 0.278
-0.122
-1.983
 0.482
 0.677
-0.660
-0.248
-0.415
-1.600
-0.386
 0.106
-0.041
 0.272
 1.094
 0.955
 1.840
 0.921
-0.166
-0.144
-0.216
 0.488
 0.670
-0.201
-0.449
-0.615
-1.281
-0.935
-0.554
-1.514
-1.479
-1.699
 0.267
-0.501
 0.806
 0.137
 0.515
 2.211
 1.600
 1.935
 0.906
 1.678
 0.579
-0.836
 0.925
 0.190
 0.759
 2.132
-0.537
-1.173
-0.095
-1.020
-2.113
-0.145
-1.144
-1.496
-0.400
-1.032
-0.092
-1.300
-1.070
 0.194
-1.256
 0.288
 1.742
 0.519
-0.708
-0.769
-1.771
-0.436
-1.411
 0.567
 0.404
 0.834
-0.778
 0.138
-1.018
-1.408
-0.332
 0.356
-0.204
-1.915
-0.642
-1.064
-1.900
-0.925
-0.717
-1.326
-2.344
-0.741
-0.392
-0.707
-0.276
 0.122
-0.720
-0.316
-0.555
 0.389
 2.367
-0.341
 1.267
 0.027
 0.267
-0.423
 0.773
 0.919
 1.039
-1.712
-1.894
-0.856
-2.127
-1.897
-0.712
 0.063
-0.780
-0.953
 0.321
-1.041
-1.707
-1.684
-1.011
-1.330
-1.248
 0.416
 0.627
 0.500
 0.370
 1.323
 1.158
 1.098
 0.289
-0.711
 0.194
 0.988
 0.084
 0.350
 0.133
-0.332
-0.316
 0.962
-0.745
-2.793
-0.779
-0.247
-0.876
-0.445
-0.121
 0.234
 0.084
-0.263
-0.236
 0.165
-0.749
-0.069
-0.404
 0.376
 0.675
-0.636
 1.711
 0.591
 1.352
 0.122
 0.167
 0.544
 1.074
 0.141
-0.411
-2.536
 0.272
-0.167
-0.198
-0.298
-0.638
-0.041
 1.193
 0.044
 1.539
 0.271
 0.696
-0.883
-1.148
 0.326
-0.369
-1.533
-1.421
 0.317
-1.105
-0.389
 0.344
 0.005
 0.151
 0.016
 1.617
 1.729
 0.083
 1.591
 2.010
 1.177
 0.963
 0.232
 0.118
-0.071
-1.230
 0.393
 0.584
 1.113
 0.606
 0.052
-0.401
 1.207
 1.157
 1.036
-0.652
 0.133
 0.481
-0.857
-0.143
 1.089
 1.382
-0.501
 0.780
 0.366
 0.337
 0.493
-0.410
-1.617
 0.627
 1.006
-1.430
 0.459
 1.537
-0.496
-0.084
 1.349
 1.981
-0.163
 1.074
-0.669
 0.027
 0.504
 0.474
 0.494
-0.240
-1.855
 0.450
 1.020
-1.178
-1.222
-1.178
-0.819
 0.231
-2.298
 0.325
 1.359
 0.750
 0.524
-0.177
 0.412
 0.804
 1.457
 0.463
 1.045
 1.879
 1.038
 0.971
 0.064
-0.223
-0.115
 0.681
 0.916
 0.158
-0.015
-0.121
 0.213
 0.321
 0.384
 0.071
 1.276
-1.032
-0.318
-1.620
-1.193
-1.009
-0.415
-1.910
-0.994
-2.326
-0.871
-0.336
-2.242
 0.255
 0.095
 1.125
-0.385
-0.378
 0.797
-1.634
-1.293
-0.633
-1.782
-1.185
-1.462
-0.464
-0.972
-1.195
-0.181
-0.036
-0.155
 1.335
 0.667
 0.183
 0.426
 0.145
 0.778
 0.741
 0.926
-0.604
-1.805
-1.003
-1.426
 0.220
-0.551
-1.018
-0.882
-0.290
-0.279
 0.925
-0.248
-0.743
 0.965
 0.030
 0.056
 0.090
 1.926
 0.281
 0.538
 1.380
 0.329
 0.098
-0.060
-1.871
-0.180
-0.213
-0.342
-0.941
 0.167
-1.311
 0.404
 0.792
 0.312
-0.084
-0.167
 0.590
 0.629
 1.483
 0.553
 0.478
 1.046
 0.756
-0.176
 0.946
-0.528
 0.199
 1.504
 0.513
 0.626
 0.112
-0.934
-0.775
-0.116
-0.290
 1.526
 1.531
 0.792
 0.515
 0.245
-0.724
-2.086
-1.340
-1.644
-0.496
 0.425
-0.575
-2.269
-0.457
-1.799
-0.232
 0.436
 1.505
 1.159
 0.891
-0.748
-1.057
-1.711
-0.754
 0.071
-0.582
-0.239
-2.824
-1.458
-3.131
-0.217
-0.582
-0.689
 0.565
 1.307
-0.082
-0.060
-0.655
-0.015
-0.280
-0.459
-0.635
-0.757
 0.600
-0.791
-0.358
-0.269
-1.071
-0.964
-1.174
-1.780
-1.758
-1.917
-0.305
 0.036
 0.248
 0.085
-0.078
 1.425
-1.687
-1.041
-0.474
 1.848
 0.989
 1.244
-0.655
 0.709
 2.293
 2.109
 1.377
-0.310
 0.055
 1.282
 0.811
-0.086
-2.068
-1.865
-0.834
-0.647
-1.260
 0.301
-0.706
 0.132
-1.745
-0.949
 0.053
-0.896
-0.837
 0.776
 0.649
 1.679
 1.497
 0.983
 1.123
 0.789
-0.317
 1.756
 1.181
 1.940
 1.002
 0.720
-0.587
-1.671
 0.657
-0.152
 0.141
 1.526
 0.091
 0.612
 1.148
-1.014
 0.136
-0.870
-0.870
 0.049
-0.780
-0.202
-0.073
 0.831
 0.651
-0.013
-0.068
 0.603
-1.222
-0.284
 0.062
 0.147
 0.081
-0.070
 0.519
-0.516
 1.082
 0.599
 0.809
-1.650
 0.004
 0.236
-0.095
-1.251
 0.720
 0.746
-1.512
-0.357
 0.183
-0.973
-1.020
-0.312
-1.841
-0.610
 0.854
 0.387
 0.752
 0.480
 0.021
 0.772
 0.966
-0.870
-0.845
-1.013
-0.136
-0.453
-0.708
-0.364
-0.740
-0.716
-2.452
-1.462
-1.058
 0.650
-0.051
-0.353
 0.812
-0.228
-1.320
 0.507
 0.396
-0.807
-0.991
-0.318
-0.780
 0.572
 0.714
-1.055
-0.141
-0.741
-1.832
-0.888
 0.319
 1.114
 1.198
 0.813
-0.233
 1.459
-1.039
 0.250
 1.402
 0.756
-0.196
 1.839
 1.733
 0.090
-1.748
-1.310
-1.523
-0.261
 0.078
 0.169
-2.027
 0.005
-1.066
-2.968
 0.534
-2.237
-1.397
-0.788
-0.752
-0.108
-0.645
 0.390
 0.223
-1.234
-1.773
-2.072
-0.637
-0.607
-0.232
 0.864
-1.029
-0.948
-0.764
 0.162
-0.407
 0.409
-0.244
-0.155
 1.557
-0.749
-0.404
-0.518
-1.290
-2.122
-1.534
-0.635
-1.609
-0.393
-1.323
-1.052
-0.247
 0.650
-1.225
-1.529
-0.648
-1.592
-0.255
 1.578
 0.979
 0.142
-0.457
 0.599
 1.232
-0.076
 0.177
-0.538
 0.737
 1.115
-0.498
 1.313
 0.572
 0.334
-0.114
-0.025
 0.068
 0.727
-0.118
-1.232
-0.074
 0.239
-1.010
-1.072
 0.885
 0.130
-1.188
-1.748
-2.669
-1.491
-0.975
-0.641
-0.474
 0.395
 0.096
 0.153
 0.245
-0.078
 0.258
-0.231
 1.100
 0.020
 0.935
 1.096
 0.210
 0.496
 0.388
 1.500
 0.433
 0.224
 0.796
 1.108
 0.252
 0.203
-0.973
 0.390
 0.116
-0.163
 0.711
-0.214
 1.005
 1.410
 0.416
 0.841
 2.262
 1.543
-0.203
-0.945
-0.156
-0.412
 0.929
 0.174
 0.830
 1.137
 1.499
 0.012
 1.094
 0.494
 0.611
 0.975
 1.528
 0.507
-0.396
 0.085
 0.110
-0.635
 0.742
-1.197
-0.173
 0.275
-0.967
 0.567
-0.347
-0.579
-0.996
-0.236
-0.524
-0.049
 0.976
-0.216
-1.549
-0.212
-1.979
-1.012
 0.344
 0.189
 1.192
-1.084
-0.578
-0.983
 0.584
-0.579
-1.106
-0.284
-0.242
-1.033
-1.657
-0.863
 0.120
 0.408
-1.734
-1.164
-1.936
-0.439
 0.431
-0.808
-0.772
-0.045
 0.048
-1.180
-0.229
-0.094
-0.504
-0.452
-1.183
 0.569
 1.291
-0.567
 0.832
 0.185
 0.267
 1.450
 1.580
 0.218
-0.249
-0.875
-1.432
-0.241
-0.851
 0.359
 0.438
 0.988
-0.239
 0.202
-0.140
 0.576
 1.712
 0.219
 0.318
-1.164
-0.141
 2.783
 1.278
 0.462
 1.061
 0.529
 1.839
-0.621
-1.258
-1.181
-1.610
 0.771
-0.881
-0.497
-1.902
-0.771
-1.121
 0.382
 0.580
 0.003
 0.228
-1.425
 0.092
 0.345
-0.205
-1.131
-0.655
 1.033
 1.025
 0.400
 2.425
 0.755
-0.949
-0.621
-0.152
-1.595
-0.276
-0.643
 0.337
 0.117
-0.026
-0.638
 0.414
-0.381
-0.905
-0.426
 0.625
-0.913
 0.372
 0.592
 1.632
 1.762
 1.122
-0.181
 1.126
 0.970
 0.615
-1.102
 0.195
-0.531
-0.549
 0.703
 1.664
-0.613
 0.533
 0.221
 0.307
-0.732
 0.402
-0.627
 0.598
 0.489
-0.268
 0.248
 0.943
 0.011
 1.269
-0.051
-0.683
-0.383
 0.343
-0.911
 0.388
 0.658
 0.118
 0.051
-1.217
 0.711
 0.063
-0.495
 1.000
 0.784
 0.539
 0.973
-0.691
-1.258
-0.968
-0.747
-0.056
-1.455
 0.562
 0.491
-0.202
 0.148
-2.093
-0.070
-1.356
-0.767
-0.240
 1.476
-0.460
-0.305
-0.441
 0.757
-1.345
-0.143
-0.554
-0.867
-0.993
-0.930
-1.745
-0.856
-2.022
-0.469
-1.336
-2.170
-1.165
-1.321
-1.889
-0.042
 0.884
-1.243
-0.980
 0.694
-0.753
-1.856
-1.896
-0.653
-1.156
 0.063
-1.414
 0.067
-0.194
-0.834
-2.163
-0.167
 0.617
-1.506
-2.302
 0.036
 0.652
 0.543
-1.257
-0.945
-0.431
 0.063
 2.090
 0.061
 0.651
-1.343
-0.211
 0.625
-0.987
-1.218
-0.990
 0.050
 0.365
-0.082
-0.363
-0.062
-0.500
-0.110
 0.116
-0.105
-0.596
-0.212
-0.054
-0.794
 0.509
 1.301
-0.823
-0.967
 0.477
-0.279
 0.485
 0.196
-0.006
 0.337
 0.589
-2.077
-0.180
 0.753
-0.222
-1.811
-0.708
-0.535
 1.116
 0.394
-0.009
-0.447
-0.429
-0.958
 0.137
-0.749
-1.226
-1.797
-0.840
-0.248
-0.678
-0.823
-0.876
 0.073
-1.296
-0.474
-0.864
 0.161
-0.018
-0.401
-1.116
-0.431
 0.728
 1.097
-0.037
-1.061
-1.969
 1.060
-0.303
 0.103
 0.962
 0.784
-0.272
 0.381
-1.396
 1.222
-0.671
-0.449
 0.333
 0.147
-0.982
-1.049
-2.262
-1.680
-1.374
 0.431
-1.671
-1.858
-0.171
-1.110
-1.683
-2.241
 0.569
 0.360
-0.513
-0.776
-0.002
-1.952
-0.629
-1.093
-3.128
-0.310
-1.138
-2.070
-1.238
-1.232
-0.967
 0.899
 0.646
-0.562
 1.183
 0.393
-0.782
-0.642
-2.097
-0.890
-2.039
 0.511
-0.023
-1.731
-1.024
-1.534
-1.887
-1.007
-2.107
-1.582
-1.144
-1.906
-1.400
-0.150
-0.517
-3.396
-1.784
-0.603
-1.438
-2.220
-1.506
-1.389
-0.927
-0.533
 1.112
-0.390
 0.297
-0.516
-0.644
-1.167
 0.562
-0.234
 0.154
-1.005
-0.459
-0.138
-1.037
 0.218
 0.264
-0.882
-1.470
-0.188
-0.582
-0.283
 1.570
-0.393
 0.474
 0.770
-0.610
 0.041
-1.743
-1.135
-1.153
-1.490
 0.018
-1.567
-1.991
-1.759
-1.202
-1.361
-1.957
-0.175
-0.177
-0.254
-1.751
-1.068
-1.182
-0.362
 0.443
 1.290
-0.547
-0.960
 0.733
 0.262
 0.379
 0.124
-0.264
 0.897
-0.488
-0.330
 0.186
 0.412
-1.372
-0.307
-0.537
 0.068
 0.160
-0.176
-0.914
 1.363
 0.213
 0.733
-0.558
 0.867
-1.572
-1.033
-1.314
 1.479
 0.597
-0.020
-1.331
-2.361
-0.180
-1.440
-1.718
-0.662
-1.536
-0.954
 0.473
-1.440
-0.683
-1.800
-1.050
-0.598
 0.943
 0.724
 0.299
-0.027
-0.213
-0.949
 0.243
-1.201
 0.326
 0.299
 0.062
-0.475
-1.622
-0.210
 1.156
 0.523
 0.847
 0.200
-0.465
-0.624
 0.684
 0.029
-0.822
-0.903
 0.642
-0.811
-0.498
 0.425
 1.265
 1.285
-0.535
 0.291
 0.406
 1.015
-0.688
 0.948
 0.622
 1.448
-1.178
 1.831
-0.498
-0.031
-0.648
-0.401
 2.109
 1.599
-0.657
-1.792
 0.797
 1.258
 0.355
 1.716
 1.032
-0.038
-1.195
-1.404
 0.164
 0.385
-0.188
-0.606
 1.365
-2.102
-0.131
-0.133
-0.493
-0.063
-0.893
-0.737
-0.236
-0.366
 2.450
-0.467
 0.346
-0.104
 1.493
 0.398
 1.934
 0.905
 0.396
-0.367
-0.884
-1.242
-3.011
-0.651
-1.144
-2.305
-0.924
-0.591
-0.710
-1.436
-2.027
-0.126
-0.368
 1.305
 2.223
 1.897
-1.460
-1.061
-0.418
 0.600
-0.125
 0.150
 0.429
-0.988
-0.398
-0.327
 0.194
 0.385
 1.238
 0.778
-0.266
-1.022
 0.028
-0.178
-1.178
-1.442
-0.746
-1.856
 0.579
-1.407
 0.412
 0.692
 0.175
-0.276
-1.786
 0.523
 0.565
 2.229
 1.524
 0.912
 0.336
-1.032
-0.500
-0.976
-0.089
 0.321
 0.912
-0.580
-1.052
 0.256
 2.217
-0.996
 0.264
 0.519
 0.347
 0.201
 1.505
 1.866
 1.469
 1.365
 0.504
 2.367
 0.929
 1.294
 0.865
-0.662
 0.497
-0.561
 0.861
 0.386
 0.504
-0.958
 0.101
 0.795
-0.702
 0.447
-0.295
 0.674
-0.170
 0.852
 0.204
-0.653
-0.436
 0.070
-0.311
-1.043
 1.100
 1.291
 1.119
 0.093
-0.564
-1.374
 0.830
 0.752
 0.074
 0.614
-0.023
 0.906
 1.181
 0.672
 1.637
 0.665
 3.124
 1.511
 0.817
 0.028
-0.267
-1.045
 2.407
 1.440
 1.605
 2.918
 1.267
 1.447
 1.128
 0.270
 0.065
 0.575
 1.605
 1.207
-0.965
 0.897
 1.317
 1.098
 0.106
 0.875
 1.497
 0.449
 0.831
 1.362
 2.270
 0.294
 1.392
 1.563
 1.098
 1.617
 0.791
-0.078
 0.475
 0.389
 0.258
 0.653
 0.381
-0.042
-0.086
 1.218
 0.424
 0.568
 1.560
 0.363
 1.276
-0.015
-0.749
-0.624
 0.801
 1.681
 1.399
 0.102
-0.844
-0.220
 0.478
 0.940
 1.151
 1.032
 0.766
-0.186
 0.083
 0.650
 0.910
 0.459
 1.090
 1.146
 0.189
-0.192
-1.214
 1.190
 1.034
 1.287
-1.107
 0.350
-0.069
 0.744
 0.661
-0.054
 0.561
 1.543
 0.593
 0.522
 0.293
 0.642
 1.155
-1.100
 0.644
 0.260
 1.734
 1.511
 0.103
-0.014
 0.673
 0.754
 1.596
 1.793
 1.673
 2.081
 0.847
 1.112
 1.668
 0.697
-0.762
 1.405
-1.108
-0.306
 0.834
 2.544
 2.216
-0.085
 1.639
 1.415
-0.998
 0.345
 1.144
 0.649
-0.488
-0.057
-0.224
-0.681
 0.376
-0.015
 0.380
 0.766
 0.617
 1.400
 1.109
-0.615
 0.146
 1.326
 0.483
-0.306
 0.730
 1.804
 0.416
 1.099
 2.228
 0.302
-0.668
-0.297
-0.413
 0.604
 0.345
-1.398
 0.659
-2.055
-0.024
 0.356
 2.082
 1.881
 0.077
 0.378
 0.899
-0.151
 0.089
 0.487
 1.038
 2.114
 0.812
-0.345
-0.921
-0.822
-0.569
-1.444
-0.294
-1.506
-0.461
-0.633
-0.819
-0.528
-2.251
-2.414
-1.618
-1.886
-2.073
-1.019
-1.299
-1.865
 0.369
-0.598
-0.607
-0.164
-1.956
-0.925
-1.650
-0.889
-0.269
 0.590
-0.960
-1.684
-0.112
-0.749
-0.257
 0.174
 0.170
-0.131
 1.027
 1.252
 1.499
-0.342
 0.959
 2.697
 0.775
-0.530
-1.091
-0.417
 0.519
-0.356
-0.909
-1.209
-0.093
-0.635
-1.027
-0.729
 0.305
 2.249
 1.295
 0.332
 0.041
 1.209
 2.002
 1.029
 1.912
 0.694
 0.799
-0.623
 0.186
-1.029
 0.045
-0.448
 0.775
-0.908
 0.149
 0.520
 0.259
 0.632
-0.117
 0.061
 0.298
-0.847
-0.791
-0.248
-0.082
 1.495
 1.545
 1.268
 1.365
 0.779
 1.631
 0.950
-0.280
-0.166
 0.846
-0.922
 0.387
 0.106
-0.324
-0.181
-0.103
 0.001
-0.199
 0.344
 0.408
-0.232
 0.736
-0.630
-0.578
-0.752
 0.166
-1.602
 0.009
-0.439
-0.481
-0.448
-1.402
-0.218
 0.521
-0.051
-0.143
-1.235
-0.676
 0.333
 0.002
 0.613
-0.664
 0.157
 1.613
 0.178
 0.695
-0.332
-1.311
-1.143
-0.867
-1.863
 0.035
-1.124
-0.713
-1.404
-1.436
 0.080
-0.322
-0.788
-0.442
-1.107
-0.608
-1.166
-1.056
-1.913
-1.228
-1.040
-1.219
-0.121
-1.522
-1.031
-0.232
-2.083
 0.659
-0.240
 0.766
-1.527
 0.013
 0.120
 0.057
 0.205
-0.655
-2.107
-0.238
-0.966
-0.305
-3.092
-1.222
-1.013
-2.007
-0.583
 0.072
 0.501
 0.804
 0.506
-2.597
-1.949
-0.025
 1.574
 0.433
-0.430
-1.054
-0.228
-0.034
-1.720
-1.572
-1.434
-1.556
-1.380
-1.694
-1.490
-0.045
-0.152
-0.040
 0.665
-0.636
 1.439
 1.445
-0.452
-0.833
-0.990
 0.590
 0.863
-1.228
 0.034
 0.936
 1.649
 0.967
-0.212
 0.088
-0.872
-0.901
 0.854
 0.641
 0.926
 0.351
 1.043
 1.467
 2.620
 1.548
 1.200
 0.361
 1.927
 1.362
-0.053
 0.040
 0.036
-0.239
 0.340
 0.282
-0.136
-0.154
-0.682
 1.011
-0.730
-0.509
-0.066
 0.031
-0.125
-1.197
-1.167
-1.248
 0.422
-0.076
-0.662
 0.139
-0.739
-1.957
-0.309
-0.715
 0.381
-0.233
-0.519
 1.145
 0.068
 0.557
 0.613
 0.317
 0.828
-0.530
 0.272
 0.393
-1.981
-0.941
-0.403
-0.922
-0.388
-0.754
 0.290
-0.565
-0.402
-0.525
 0.584
 0.907
 1.188
 0.675
 0.428
 0.099
 0.015
-1.438
-1.801
-1.508
-0.296
 1.256
 0.697
-0.110
-0.863
-0.797
-0.359
-0.109
-1.466
 0.229
-0.201
 0.755
 0.420
-0.823
-2.167
 0.151
-0.602
-2.047
-2.259
-0.044
-1.997
-0.290
-0.444
 1.463
 0.472
 0.443
-0.620
 0.182
-0.098
 1.260
 1.933
 0.447
-0.718
-0.931
-1.052
-1.004
 0.162
-1.351
-0.796
-0.939
-1.107
-1.267
-1.412
-1.529
-0.022
-1.285
-1.304
 0.127
-1.685
-1.591
-2.067
-0.427
-2.023
-1.702
 0.320
-1.625
-1.156
-1.514
-1.154
-0.024
-0.474
-1.353
-1.023
 0.102
-0.709
 0.692
-0.260
-0.894
-0.529
-0.321
 0.307
-1.032
-0.825
-1.283
-1.128
-1.055
-1.496
-0.144
-0.615
 0.136
 1.931
 1.870
 0.924
 0.382
 0.873
 0.239
-0.690
 0.620
 0.148
-0.686
 0.104
 0.114
 1.271
 0.053
 1.258
 0.892
 1.783
 0.362
 0.822
 0.759
-0.632
 0.614
 0.365
 1.172
 0.729
-0.785
-0.516
-0.689
-1.235
-1.857
-1.263
-1.468
-1.232
 0.981
-0.207
 0.689
-0.074
 0.461
 0.018
 1.503
 1.059
 0.876
 1.562
-0.374
-1.363
-0.750
 0.174
 1.667
 0.135
 0.765
-0.958
 0.568
 0.461
 0.766
 1.384
 1.266
 1.360
 1.124
 0.172
-0.291
-1.045
-0.112
-1.340
 0.180
 0.018
-0.568
 0.018
 0.945
 1.352
 2.368
 2.402
 1.529
 0.522
 0.330
 2.276
 0.637
-0.879
 0.526
 0.259
-0.519
-0.516
-1.665
 0.475
 0.988
 0.010
 1.603
-0.843
-0.809
-0.353
 0.018
-0.151
-0.214
-0.879
 0.025
-0.877
-0.628
-1.995
-2.366
 0.569
 0.655
-0.425
-0.248
-1.233
-0.547
 0.839
-0.307
 0.946
 0.402
-1.477
 0.803
-0.972
-1.664
 0.421
 0.236
 0.055
 1.291
 1.878
 0.112
-0.102
 1.704
 0.139
 0.672
 0.188
-0.227
-0.126
 0.513
-0.743
-0.671
-0.215
 0.729
 0.346
-0.429
-0.911
-1.403
 0.053
-1.395
-0.187
 0.409
 1.751
-1.292
-1.030
-0.766
-0.491
 0.553
 0.561
-1.250
-0.055
 0.676
 1.803
 1.065
 0.965
 1.567
 0.377
 2.178
 0.629
 0.871
 1.671
-0.237
 1.614
 0.960
 1.357
-0.165
-0.698
-0.949
-1.390
-0.430
 0.865
 1.125
 1.725
 0.198
 1.564
 1.304
-0.633
-0.145
-1.507
-0.621
-1.162
 0.053
-0.447
 0.084
-0.292
 0.498
 0.073
 0.224
 0.614
-1.110
 0.806
 1.534
 1.394
 0.252
-0.175
 0.432
-0.516
 0.094
 0.275
 0.433
-0.838
-0.466
 0.664
-0.420
-0.821
-0.624
-0.517
-0.248
-0.552
 1.004
 0.896
-0.708
-1.091
-1.491
 0.762
 1.889
 0.540
-0.237
 0.292
 0.523
 1.637
-0.349
 0.352
 0.584
-0.295
 0.883
 0.102
 1.210
 1.133
-0.285
 0.612
-0.274
 0.575
 1.451
-1.081
-1.273
-0.607
 0.755
 0.882
 1.455
-0.064
 1.207
 0.765
 0.908
 0.156
-0.514
 0.257
-0.634
 1.652
-1.409
-0.081
-0.904
 0.846
 0.402
-1.016
-1.739
 0.306
-0.927
-1.254
 0.356
-0.837
-0.067
-0.512
 0.297
 0.309
-0.265
-2.462
-1.075
-1.736
 0.622
-1.184
-0.182
 0.749
-0.125
 0.322
 1.316
 0.968
-1.777
-2.781
-0.526
-0.037
 0.011
 0.487
 0.901
-0.356
-2.302
-0.425
 0.449
-1.384
-2.102
-0.441
-0.427
-0.544
-0.700
-0.206
-1.075
-0.488
-0.715
 0.344
-0.805
-0.323
 0.607
 1.175
 1.251
 0.471
-1.548
 0.214
 0.320
-0.730
-0.176
-0.349
 1.326
 0.123
 0.773
 2.066
 0.870
 0.608
 0.086
-0.109
 0.196
-0.399
 0.597
 1.305
 1.353
-0.670
-0.105
-0.368
-0.462
 0.842
 0.562
-0.539
 0.900
 1.409
 0.820
-0.018
 0.283
-0.224
 1.239
 0.575
-0.012
 0.955
 1.111
 0.926
-0.021
 1.809
 0.233
-1.058
-0.330
 0.615
 0.114
 0.985
 1.746
 1.210
 0.389
 1.188
 0.485
 0.380
-0.110
-0.154
-0.591
 0.477
 0.048
 0.755
 0.254
 0.710
 0.898
-0.372
-0.651
-0.673
-0.799
 0.311
-0.364
-0.690
-0.565
-1.771
-0.795
 0.938
-0.095
 0.062
-0.825
-0.029
 0.456
 1.806
 0.261
 1.307
 0.410
-1.313
 1.265
 2.960
 1.635
 1.320
 0.375
-0.833
 0.753
-0.154
-0.222
-2.035
-1.230
-0.330
 0.805
-0.600
 0.214
-0.764
 0.362
 0.747
-0.319
-1.165
-0.966
 0.177
-0.804
 0.014
 0.237
 0.726
-1.331
-0.596
-1.664
 0.167
 0.331
-0.147
-0.932
-0.761
-0.783
-1.559
-0.827
-0.081
 0.531
 0.736
-0.212
-1.121
-0.634
 0.660
-0.953
 0.042
-0.489
-0.935
-0.549
-2.209
-1.378
 0.346
 0.400
-0.339
 0.678
-0.540
-0.569
-0.436
 0.358
-0.448
-0.584
-0.046
 1.018
 0.440
 0.308
-1.823
 0.252
-0.648
 0.015
-0.515
-1.658
-0.378
-0.602
-0.255
-0.151
 0.370
-0.728
-0.497
-1.608
-1.454
 0.693
 0.394
-0.397
-1.162
-0.523
-0.388
-0.265
 1.048
 0.842
 0.387
-0.538
 0.579
 0.957
-0.344
-0.590
-0.554
-0.775
 1.953
 2.567
 0.996
 0.567
 0.653
 0.267
 1.083
 1.679
 0.737
 0.322
-0.163
-0.005
 0.848
-0.992
 0.737
-0.376
 0.038
 0.297
 0.957
 0.667
 0.937
-0.320
 1.774
 0.472
-0.691
 0.109
 1.271
 1.027
 1.386
 0.771
-0.785
-1.640
-0.510
-0.497
-0.308
 0.634
 0.789
 0.157
-0.221
-0.345
-0.831
-2.317
-1.017
 0.589
-0.659
-0.295
 0.689
 0.587
-0.168
 0.187
-0.578
 0.160
-0.783
 0.296
-1.132
-0.656
-0.959
-0.031
-0.369
-0.834
 0.300
-0.339
 0.532
 1.692
 0.067
-0.934
-0.459
 0.668
 0.053
 0.388
 0.929
-0.494
 1.261
 0.914
 0.150
 0.700
 0.138
-0.721
-2.266
-1.894
-0.674
 1.263
-0.557
-0.342
 0.141
-1.347
-1.393
-1.343
-0.849
 0.464
 0.151
-0.647
 0.768
-0.661
 1.021
 1.009
-0.927
 0.628
 0.174
-0.819
 0.240
 0.818
-0.322
 0.361
 0.823
-0.123
-0.223
-0.410
-0.610
-1.206
-1.638
-1.691
 0.031
-0.676
-0.120
 0.215
 0.613
 0.327
 0.457
 0.382
-0.844
 0.925
 1.237
 1.582
 1.628
 0.337
-0.321
 0.108
 0.294
 1.103
 1.724
 1.612
 0.617
 1.749
 1.433
 0.781
-0.770
-1.343
-0.230
-1.705
-1.687
-0.672
 0.874
 0.489
-0.233
 0.977
 0.495
-0.427
-0.808
 0.984
 1.334
 0.148
 0.074
-0.848
-0.985
 1.112
 0.274
-0.651
 0.682
-0.894
 0.442
-1.702
-1.302
-0.933
 0.212
-0.568
-0.638
-0.824
-0.690
-1.189
 0.073
-0.660
 0.635
 0.536
 1.108
-1.639
 0.661
-1.249
-1.016
 0.013
 1.089
-0.417
 0.123
-1.090
 0.594
-0.498
-0.033
 0.851
 1.149
 2.058
-0.376
 1.105
-0.338
 0.044
 1.515
-0.192
 1.385
 0.180
 1.605
-0.589
 0.493
 0.591
 1.527
 1.122
 1.470
 0.595
-1.182
-0.072
 1.533
-0.103
 1.343
 0.000
-0.186
 0.122
-0.270
 1.442
-0.142
 1.496
 1.394
 0.274
-0.716
-2.463
-2.171
-0.207
 0.611
-1.700
-0.330
-0.764
 0.106
 0.856
 0.723
 0.258
 0.232
-0.151
-0.226
-0.196
 0.646
-0.330
 0.437
 0.417
 1.571
-1.228
-0.640
 0.084
 0.463
 1.738
 0.514
-1.092
-0.282
 0.644
 1.462
-1.805
-0.463
-1.362
-1.749
-2.307
-1.543
 0.581
 0.238
 0.138
 0.535
 0.347
-0.425
-1.423
-0.860
-2.364
-2.182
 0.009
-0.412
-1.217
-0.528
-1.258
-1.273
-0.775
-1.301
 1.278
-0.226
-0.175
-0.811
-1.033
-0.456
-1.100
 0.052
 0.622
 0.059
-0.044
-0.990
-1.375
-0.791
-0.830
-0.161
-2.057
-0.636
-0.811
-1.570
-0.458
 0.547
-0.309
 0.600
-0.094
-0.214
 0.063
 0.489
-0.011
-0.634
 1.419
 0.834
 0.259
-1.794
 1.044
 1.459
-0.157
 1.567
 0.704
 1.158
 0.481
 0.339
-0.762
 1.160
 1.204
-0.125
 0.874
 1.463
 0.899
-0.024
-0.788
-0.935
 0.386
 0.002
 0.522
 0.292
 0.053
 0.762
-1.273
-0.056
 0.362
-1.700
-0.645
 0.904
 1.574
-0.789
-0.306
 0.264
-0.942
-0.305
-0.949
-1.081
-2.073
-1.927
-0.568
 1.706
-1.123
-0.445
-1.114
-0.930
 0.137
-1.428
-0.424
-0.961
-0.479
-0.091
-0.487
-1.322
 0.040
 0.023
-1.303
 1.671
-0.955
-1.052
-0.628
-0.095
-1.208
-1.205
-0.245
-1.232
-0.436
 0.040
-0.062
 0.676
 0.312
-0.227
-1.482
-0.631
 1.204
 1.546
 0.597
 0.013
-2.708
-0.977
-1.225
-1.082
 0.220
 0.501
-0.614
-1.056
 0.933
 0.539
 0.392
 1.438
 0.177
 1.301
-0.202
-0.301
 0.433
-0.771
-0.162
-0.035
-0.510
-0.047
-0.436
-0.237
 0.281
-2.145
-1.153
-0.480
-0.802
 0.891
 1.009
 0.864
 0.320
 0.546
-0.042
-0.239
 1.938
-0.017
 0.060
-0.207
 0.396
 0.379
-1.022
-0.917
-1.104
 1.137
-0.138
-0.493
-2.463
-0.911
-1.231
-0.499
-1.275
-0.651
-0.023
 0.675
 0.754
 1.395
 0.802
 0.571
 0.306
 0.387
-0.752
-1.228
 0.576
-0.258
 0.240
 0.851
-0.101
-0.158
 0.032
 0.591
 1.361
 0.385
 1.244
-0.161
-0.534
 0.310
-0.479
-0.261
 0.749
 0.747
-1.150
-0.500
-1.067
-1.330
 1.646
-0.798
-0.820
-1.145
-1.610
-0.601
-0.872
-0.439
 0.148
-0.267
-1.705
-0.946
-0.213
-1.214
-1.303
 0.909
 0.112
 0.134
-0.219
 0.125
 0.359
-0.653
 0.286
-0.508
-0.404
 1.079
 0.763
 1.252
 0.059
-0.900
 0.016
-1.341
-0.979
-0.023
-0.036
-0.570
-0.667
-0.652
 0.796
-1.179
-1.080
-0.169
-2.174
-0.449
-0.887
-1.705
 0.118
-0.617
 0.612
-1.090
-1.674
 0.027
-0.377
 0.257
 1.303
-1.005
-0.799
-0.463
-1.108
 0.655
 0.724
 0.740
-0.271
-0.379
 0.245
 0.477
 1.094
 0.101
-0.285
 0.997
-0.002
 0.231
-0.502
-0.563
 0.164
 1.446
 0.870
 1.471
 0.476
 0.614
 1.192
 1.596
 1.322
 0.957
 0.298
-0.029
-0.243
-1.100
-0.336
 1.199
 0.166
 1.714
-0.141
-0.762
-0.950
-0.080
-0.187
 0.199
 0.866
 0.155
 0.731
 0.472
 0.250
 0.496
 1.806
 1.561
-0.120
-0.613
 0.011
 0.880
-1.087
-1.244
 0.460
 0.298
 0.176
 1.426
 2.027
 0.252
 2.271
 2.721
 0.940
 0.218
 0.572
 1.842
 0.326
 1.706
 0.597
 1.609
 1.662
 1.267
 2.319
 1.079
 2.475
 0.114
 0.547
-0.712
-0.213
 0.090
 0.716
 0.555
-0.453
-0.741
 0.471
 0.147
 1.057
 0.908
 0.971
 1.977
 0.571
 0.582
 1.829
 2.020
 1.386
 0.594
 0.288
-1.464
 0.367
 0.370
 0.274
 0.682
 0.634
-1.223
 0.449
 0.328
-1.136
 0.337
 2.319
-0.104
 0.530
-0.210
-0.897
 1.270
 0.098
-0.012
 0.120
 0.203
-0.065
 0.821
-0.547
 0.680
 0.562
-0.304
-0.218
-1.215
 0.859
 0.007
-0.510
-1.579
-0.237
-0.411
 0.023
 0.096
-0.463
-0.826
 0.847
 1.483
 0.737
 1.785
 1.656
 1.573
 0.812
 0.342
-0.794
-0.342
-1.205
-0.646
-0.156
 1.390
-0.707
 1.154
 0.397
 1.631
 0.193
 0.246
-0.347
-0.317
-0.487
 0.231
 0.621
 0.279
-0.651
-1.399
-0.577
 1.218
-0.322
-1.752
-0.603
-1.693
-0.391
-1.420
 0.398
-0.256
-0.677
 0.188
 0.441
-0.094
-1.067
 0.335
-0.259
-0.396
 0.291
-0.542
-1.131
 0.259
 0.147
-1.222
-1.372
-0.724
-0.954
-0.496
-0.388
-0.275
 0.088
 0.756
 0.730
 0.349
 0.044
-0.764
-0.432
 0.380
 0.499
 0.789
-0.425
-0.589
-0.022
-0.389
-0.669
-0.232
-0.285
 1.226
-1.493
 0.045
-1.101
-0.680
-0.268
 1.576
 0.124
-0.609
-0.250
-1.349
-0.111
-1.268
-1.424
-0.985
-0.355
-0.927
-0.168
-0.888
-1.634
 0.023
 0.174
 0.158
 0.748
-0.012
-0.897
 0.057
 0.588
-1.021
 0.106
 1.070
-0.753
-0.357
-0.803
 1.247
 0.690
 1.127
 0.549
-0.293
-1.524
-0.183
 0.168
-1.686
-2.032
-0.494
 0.018
-0.540
 0.033
 0.318
-1.129
 0.619
-0.066
 0.450
 1.044
 0.894
 2.398
 0.604
-0.486
 0.528
-0.386
 0.283
 0.546
-0.492
-0.799
-0.432
 1.948
 0.713
 1.549
 0.988
 1.648
 0.411
 0.617
 0.494
 0.991
 1.588
 1.762
-1.057
 0.291
-0.407
-0.125
 0.211
 1.226
 0.392
-0.282
 0.641
-0.396
-0.151
 1.166
 0.702
-0.225
-0.631
-0.789
 0.703
 0.986
-0.208
 0.449
 1.120
 0.221
-1.558
-0.295
 0.600
-0.490
-2.276
 0.708
-1.595
 0.565
 0.025
 0.688
-1.255
-0.225
-0.698
-1.076
-0.623
-1.527
-0.481
 0.295
 0.965
 0.005
 0.251
 0.309
 0.107
-0.531
 0.746
 0.224
-0.295
 0.212
 1.093
 1.418
 1.952
 1.788
 1.144
-0.526
-0.919
 0.340
-1.721
-0.311
-0.888
-0.113
-1.150
-0.387
-0.070
 0.289
-0.568
-0.608
 0.383
-0.217
 0.395
 1.749
 0.558
-1.249
 0.401
 0.089
 0.566
 0.023
 0.954
 1.543
 0.024
 0.447
 0.567
 0.657
 0.358
-1.014
 0.170
 0.437
-0.149
-0.674
-0.426
 1.187
 0.590
 2.227
 0.593
 0.636
 0.329
 1.211
 1.014
-0.472
 0.466
-0.075
 0.245
-0.165
 0.620
 0.426
-0.182
-0.328
-0.592
 0.397
 0.859
 0.403
-0.950
-0.724
 0.128
-0.453
-0.341
 1.471
 0.178
-0.074
 1.637
 0.557
 1.026
 0.518
 0.998
 1.463
-0.885
 0.462
 1.119
-0.132
 0.812
 0.382
 0.266
-0.326
-0.910
-0.937
 0.948
-0.175
 0.631
 0.217
 1.527
 0.725
-1.206
 1.067
-0.115
 0.256
 1.451
 0.210
 0.485
 1.449
 1.876
 1.789
 1.112
 0.213
 2.679
 1.518
-0.085
 1.015
 0.785
 2.620
 0.153
 1.523
 0.735
 0.237
 1.193
 1.914
 0.970
 0.645
 0.348
 0.475
 1.260
 0.391
-0.606
 0.106
 1.341
 0.372
 2.237
 2.515
 1.547
 0.275
 0.529
 0.332
 0.919
-0.780
 0.620
 0.568
-0.889
 0.507
 0.877
 0.986
 0.544
 2.306
 1.784
-0.302
 0.466
-0.566
-1.217
-1.174
-0.325
-0.425
-0.093
-1.009
 0.563
-0.486
-1.067
 0.095
 0.237
 0.709
 0.950
 0.804
-0.112
-1.591
-0.822
-0.328
 0.378
 0.928
 0.107
 0.796
 1.024
 2.447
 2.025
 2.415
 1.729
 0.153
-0.323
 0.433
 0.627
 1.374
 0.596
 1.123
-0.502
-1.003
-1.652
 0.114
-0.889
-0.708
 0.113
-0.450
-0.646
 1.131
-0.076
 1.992
 0.898
 2.060
 0.803
 1.077
 0.886
 1.092
 0.927
 0.075
 0.347
 1.179
 1.797
 2.068
 0.789
-0.112
 1.575
 1.614
 1.734
 3.438
 1.983
 0.821
-0.524
-0.357
 0.672
 0.015
 0.900
 2.143
 1.146
 0.971
 2.229
 0.451
 0.513
 0.544
-0.752
-0.004
-0.672
-0.735
 0.660
 2.203
 3.682
 1.350
 1.410
 1.258
 0.261
 1.180
 0.297
-0.057
 1.012
 2.549
 1.766
 0.533
 2.385
 0.723
 1.826
 1.878
 1.700
 0.232
 0.594
 1.414
 0.338
 1.162
 0.724
 1.851
 1.387
 2.521
 1.078
 3.245
 1.745
 2.632
 2.883
 2.572
 1.941
 0.797
 1.358
 1.405
 1.977
 1.884
 1.503
 1.790
-0.174
 1.327
-0.153
 1.338
 0.251
 1.586
 2.098
 2.400
 0.812
 0.374
 1.082
 1.515
 0.287
 1.896
 0.582
 0.372
 1.444
 0.369
 0.116
-0.365
-0.913
-0.738
 0.104
-0.371
 1.515
-0.232
 0.735
-1.839
-2.029
-1.663
-1.106
 0.111
-0.946
-0.636
 0.100
-0.218
-1.298
-1.369
-0.306
-0.383
-1.904
 0.617
-0.734
 0.658
 1.556
 1.442
 1.051
-0.051
-1.110
 0.866
 1.266
 0.254
-1.353
-1.791
-0.353
-0.653
-1.213
 0.531
 0.369
 0.656
-0.786
 0.508
-0.599
-0.283
-3.006
-0.876
-0.604
 1.470
 0.325
-1.073
-0.561
 1.816
-0.782
-0.474
-0.286
 0.173
 0.447
 0.027
-0.194
 0.044
 0.654
 0.453
-0.187
 0.718
 0.161
 0.652
 0.300
 0.573
-0.118
-0.578
 1.011
 1.413
 1.475
 0.302
 0.572
 1.504
 1.070
-0.190
 1.557
 1.787
-0.601
-0.230
 1.140
 0.887
 0.605
-0.331
-0.700
-0.124
 0.818
 0.194
-0.690
 1.920
 1.607
 0.669
 0.684
 2.465
 1.446
 1.590
 0.039
 1.193
-0.212
 0.418
 1.212
 1.412
 0.278
 1.366
 1.661
 1.380
 1.365
 1.156
 1.618
 2.739
 1.118
 1.730
 2.031
 2.343
 2.494
 0.686
 1.735
 2.709
 1.202
 1.674
 1.202
 1.752
 1.974
 1.859
 1.120
 0.031
 2.335
 0.821
 0.938
 1.189
-0.175
-0.387
 0.640
 1.383
 0.437
 0.005
 0.128
 0.239
 2.536
 2.515
 0.118
-0.222
 0.466
 0.848
 2.253
 0.394
 1.074
 0.419
 0.792
-0.819
-0.682
 0.441
 2.072
 1.741
 0.959
 0.762
 0.214
 2.420
 0.511
 1.382
-1.212
-0.267
 1.046
 0.565
 1.132
-0.190
 0.516
-0.253
-0.598
 0.316
-0.535
-0.423
-1.267
 0.524
 0.054
-0.104
 0.122
 1.277
 0.193
 1.837
 1.439
 1.791
 1.493
 1.778
 0.763
-0.729
-0.019
 0.109
 1.769
 0.970
 0.208
 1.106
 0.884
 0.874
 0.583
 0.072
 0.603
-0.077
-0.774
-0.854
-0.834
-2.523
-1.145
-1.059
 0.355
-1.388
 0.067
 0.520
-0.014
-0.016
 0.006
 0.542
 0.001
-1.260
 0.901
 0.403
 0.545
-0.599
-0.182
-1.153
-0.667
-1.495
-1.688
 1.008
 0.671
-1.140
-1.021
 0.994
 0.832
-0.687
-0.184
 1.240
 0.246
-0.306
 0.338
-0.725
-0.568
-1.058
-0.665
 0.244
-0.446
 1.086
 1.675
 0.314
 1.356
 1.706
-0.105
 0.385
-0.264
 0.838
 0.527
 0.248
 0.610
 1.773
 2.039
 1.896
 0.683
 0.789
 1.296
 1.957
 0.158
 0.620
 0.259
-0.045
-1.461
-0.839
-0.814
-2.055
-0.243
-0.721
-0.543
 1.311
 1.443
-0.587
-0.138
 0.463
-0.227
 0.709
 1.097
 0.712
 0.773
 0.145
 0.259
 0.173
 0.480
 0.818
-0.141
 0.435
 0.275
 1.617
 1.290
-0.713
 1.915
 1.988
 1.280
 1.465
 1.904
 1.591
 2.309
 1.860
 0.355
 0.008
-0.094
 1.295
 0.817
 1.633
 0.011
 0.407
-0.600
-1.220
-1.747
-0.152
-0.117
 0.236
 0.919
 0.948
-0.014
-0.703
 0.263
-0.642
-0.935
 1.409
 0.165
 1.258
 0.506
 0.647
 0.010
-0.443
 0.143
 0.202
 1.470
 1.981
 1.015
 0.470
-0.670
 0.456
 1.497
 1.406
 0.213
-0.146
-0.775
-0.330
-1.801
-1.443
-0.367
-0.706
 0.710
-0.798
-0.278
-1.042
-0.352
 1.676
 1.843
 1.469
 2.469
-0.158
 0.130
-0.422
 1.146
-0.152
 0.058
 1.039
 0.080
 0.126
-1.076
-1.298
-1.013
 0.598
 1.239
-0.943
-0.662
-2.093
-0.368
-0.859
-0.889
 0.508
-1.153
-1.707
-0.411
 0.033
 0.189
-0.043
 0.491
 1.262
-0.529
-0.122
 1.273
 1.743
 1.292
 0.273
 1.020
 0.921
 0.368
 0.010
 1.380
-0.332
 0.211
-0.502
 0.575
 1.466
 0.799
-0.476
 0.159
 0.052
 0.475
 0.550
 0.311
 0.014
-0.654
 0.479
 1.018
-0.626
 0.001
-1.520
 0.853
-0.018
-0.222
 0.827
-1.648
-2.592
-1.703
-2.158
-0.816
-1.394
-2.669
-3.127
-1.920
-1.983
-1.561
-2.138
-1.999
-0.750
-1.422
-1.323
-0.312
-0.357
 1.169
-0.584
 0.490
-0.479
 0.126
-0.954
-1.359
-0.714
-2.447
-1.588
-2.474
 0.125
-1.009
-0.099
 0.055
-2.554
-1.393
 0.590
 0.258
-0.656
-0.443
-1.884
-2.145
-1.521
-2.171
-0.388
 0.167
-0.363
 0.037
 0.151
-1.207
-0.543
-1.535
-0.754
-1.094
 0.036
-0.500
-0.842
 0.618
 0.377
-1.185
-0.464
-1.703
-1.362
-0.264
 0.346
-0.226
 0.827
 0.078
 0.197
-1.319
-0.238
 1.026
-1.598
 0.033
-0.187
 0.318
-0.086
-0.531
 0.899
 1.172
 0.408
 0.952
 2.260
-0.055
-0.925
 0.496
-0.017
-0.056
-0.563
 0.148
 1.623
 1.281
-0.425
 0.523
 0.317
 0.468
 0.993
 0.795
 0.782
-0.439
 0.095
 1.502
 1.732
 1.582
 0.422
 0.490
 0.552
 0.149
 1.509
 0.256
-1.256
-0.026
-0.949
-0.686
 0.260
-1.964
-0.197
 0.865
 0.921
-0.062
 0.700
 0.380
 0.844
 0.682
-1.711
 0.308
 0.398
-0.403
-0.057
-0.461
 0.167
 1.084
-1.098
-0.840
 0.132
-0.125
 0.297
 0.035
 0.536
 0.759
 1.229
-0.143
 0.394
-0.221
-0.598
-0.646
-0.859
-0.105
 0.322
 0.077
-0.907
-0.444
-1.041
-1.330
 0.504
 0.067
-0.676
-0.176
 0.151
 1.233
 0.527
-0.074
 0.423
 1.051
-0.219
-0.446
 0.205
-0.499
-1.317
-0.760
 0.671
-0.388
-0.556
 0.454
 0.222
 1.064
-0.464
 0.555
-0.179
 2.138
 0.379
 2.182
 0.090
 0.188
 1.384
-0.033
 0.510
 1.323
 0.051
-0.314
-0.667
 0.102
 0.873
-0.229
 0.108
-1.216
-1.753
-0.926
 0.291
 0.152
 0.468
 0.035
 0.409
 2.065
 0.689
 0.326
 1.188
 1.507
 0.557
 0.525
 1.997
 0.756
-0.327
-0.288
-2.814
-0.590
-0.473
-1.785
-0.101
-1.013
-1.248
-0.451
-0.873
-0.489
-0.736
-1.056
-2.457
-1.666
-0.779
-0.827
-0.040
-1.771
-0.006
-0.460
-1.822
-1.320
-1.279
-1.128
-1.141
-1.126
-1.680
-0.089
-0.523
-1.033
-0.601
-0.585
-2.040
-0.388
-0.474
-1.041
-1.790
 0.082
 0.264
-0.719
 0.250
 0.562
-1.154
-1.572
-0.632
-1.092
-1.099
-1.499
-2.442
-1.509
-0.051
 0.405
 0.019
 0.700
 0.629
 0.505
-1.467
-1.315
-0.784
-0.669
-0.803
-1.122
-0.102
-0.198
-0.373
 1.625
 0.814
-1.299
 0.266
-1.322
-0.359
 0.311
-1.700
-0.333
 0.476
 1.132
 0.802
 1.015
-1.083
-1.097
-1.416
-1.407
 0.203
-0.542
-0.043
 0.401
 1.930
-0.163
-1.613
 1.313
 0.304
 0.898
 0.486
 0.392
-1.192
-0.791
-0.511
 0.755
-1.047
 0.684
-1.100
-0.517
-1.916
-2.376
-0.794
-0.832
-0.852
 0.534
-1.854
-1.622
 0.409
 0.153
 0.297
 0.032
-0.345
-0.525
-0.810
-0.477
 0.169
-0.268
-1.563
-1.556
 0.116
-0.065
-0.415
-1.266
-1.837
 0.695
-0.856
-0.858
-1.436
-1.457
-0.727
-0.744
 0.612
 1.242
 0.713
-0.517
 0.795
-0.278
-0.887
-0.732
 0.265
-0.147
 0.551
 0.670
-1.961
-0.011
-2.081
-0.372
 1.625
 2.200
 1.133
 0.449
-0.408
 1.056
-0.325
 0.733
 0.168
-1.313
-0.649
-1.762
 0.717
 0.923
 0.387
-0.436
-0.584
 0.163
 1.169
-1.323
-0.414
 1.079
 0.746
 0.722
-0.415
 0.346
-0.036
 0.226
-1.367
-0.552
 0.418
-1.740
 0.240
 0.265
-0.249
-0.668
-0.562
 0.131
 0.121
-0.170
-0.597
 0.251
 1.800
 0.164
 0.205
-0.870
-0.468
-0.675
 1.285
-0.299
 0.024
 0.064
 1.818
-0.614
-0.127
 1.629
-1.318
-0.406
 0.378
 0.057
 0.840
 1.411
 0.731
-0.403
 0.882
 0.900
-1.017
-0.918
-1.431
-0.626
-0.705
-0.844
 1.518
 2.234
 1.379
 0.527
-0.281
-1.193
-0.425
 1.532
 0.343
 0.154
-0.178
 0.897
 0.822
-0.181
 0.556
 1.349
 2.043
 0.468
 1.119
 1.070
 0.812
-0.185
 0.825
 0.181
 0.481
 0.452
-1.017
-0.439
 1.082
 0.324
 0.320
 0.275
-1.166
 0.544
 0.081
 1.337
-0.565
-0.036
-0.072
-1.935
-0.284
-1.516
-0.615
-0.885
-0.293
 0.185
-0.018
-0.275
-1.390
-1.744
-0.186
 0.953
-0.151
 0.135
-1.754
-0.716
-1.897
-0.140
 0.273
 1.595
 0.629
 0.823
 1.200
 1.600
 1.594
-0.572
-0.787
-0.389
-1.866
-0.999
-0.061
-0.372
-0.833
-1.397
-1.479
-1.313
-0.708
-0.908
-0.584
-3.064
-2.689
-0.885
-2.061
-0.619
 0.352
-1.061
-1.041
-0.606
 0.986
-0.195
 0.481
 2.106
 1.067
 0.581
 0.157
 0.098
 0.479
 0.081
 0.349
-0.209
-1.401
-0.275
-0.319
-0.357
-0.713
-1.307
-1.497
-0.261
-0.815
-0.750
 0.766
 0.469
-0.350
-0.006
-0.833
 0.164
 1.095
-0.518
-1.370
-1.060
-2.080
-2.508
-0.053
 0.034
-0.7