
-0.270
 0.225
-0.427
-1.646
 0.070
-1.149
-1.823
-0.678
-1.070
-2.883
-1.949
-2.744
-2.352
-1.537
-0.963
 0.905
-0.314
 1.202
 0.174
-0.782
-0.578
 0.758
-0.906
-1.183
-0.340
-0.789
-1.415
-0.379
-0.413
-1.148
-0.189
-1.169
 0.411
-0.260
-0.768
 0.495
-1.814
-0.373
-0.064
 0.468
-0.796
-1.657
 0.482
-0.082
-0.597
 0.677
 0.618
 0.489
 0.509
-0.497
 0.532
-0.779
 0.650
-0.941
-0.276
-0.606
-0.905
 0.575
 1.056
-0.952
-0.507
 0.264
 1.153
 0.652
 0.691
 0.561
-0.361
 1.507
-0.410
 0.945
 0.356
 0.103
 0.029
-0.910
-0.038
 0.569
 0.996
 0.159
 0.168
-0.673
 1.476
 0.056
 0.944
 1.066
 1.896
 0.951
 0.113
 1.803
 0.439
 0.723
-0.617
 0.432
-1.094
-1.307
-1.085
-1.413
 0.900
 0.096
-0.705
 1.099
 2.098
-0.426
-1.097
-0.606
-0.561
-1.019
-0.678
-1.126
-0.914
-1.167
 0.617
 0.528
-0.409
 1.157
 0.030
-0.011
 0.801
-1.570
-0.849
-0.498
-1.232
-1.094
 0.314
 0.781
-0.738
 0.429
-1.374
 0.040
-0.798
-1.903
-0.071
 0.905
-0.523
-0.273
 1.334
 0.898
 0.338
-0.201
 0.806
-0.932
 0.195
-0.426
 0.187
 0.197
-0.903
-0.567
-0.235
 0.776
-0.392
-2.028
-1.370
-0.582
-0.095
 0.881
 0.035
-0.648
-1.510
-0.998
-0.365
-1.619
 0.196
 0.514
-1.051
-0.265
-1.899
-0.914
-1.495
-1.204
-0.542
 0.354
-0.711
-1.297
-1.372
 0.219
-0.101
-0.477
-0.950
-0.968
-0.223
-1.759
-0.141
-0.465
-1.049
 1.673
 0.451
-0.830
-0.006
 0.128
 1.976
 0.610
-0.047
-0.002
-0.441
-1.351
-1.326
 0.034
-1.080
-1.317
-1.459
-1.386
-0.691
-0.164
-0.337
-0.881
-0.392
 0.099
 0.463
 0.234
-1.603
-0.715
-0.555
-1.084
-1.528
-0.161
-0.468
 1.386
 0.704
 0.258
-0.677
-0.123
 1.232
 0.105
-0.325
-0.044
-0.668
 0.738
-0.850
 0.617
 3.077
 3.397
 1.972
 0.269
 0.369
 2.083
 3.214
 2.052
 0.711
 1.925
 1.046
 0.962
 1.006
 0.268
 0.922
 1.259
 0.973
 0.782
-0.704
 0.478
-1.361
-1.521
-0.193
 0.153
 0.847
 2.302
 0.125
 0.942
 1.533
 2.028
 1.192
 1.459
 0.607
-0.009
 0.660
 1.147
 0.465
 0.706
 2.032
 0.374
 1.521
-0.477
-0.373
 0.769
 0.209
 0.421
 0.164
 0.344
 0.133
-0.337
-0.369
 1.133
-0.477
-0.536
-0.798
 0.203
 0.396
-0.172
-1.150
 0.066
 0.992
-1.408
-0.229
-0.870
-0.863
 0.934
-0.363
 0.394
 0.711
-1.253
 1.071
-0.569
 0.647
-0.213
 0.024
 1.452
 1.480
 0.727
 2.528
-1.011
-0.835
-1.258
-2.279
-0.183
-1.025
-0.284
-0.588
-0.197
-1.204
-1.004
-0.736
 0.150
-0.680
 0.854
-1.178
-1.310
-0.831
-0.931
-1.382
-2.000
-1.172
 0.265
-1.136
-0.582
-1.317
-2.347
-1.586
-1.097
-0.191
-0.726
-0.919
 0.812
 0.269
-1.303
 0.110
-0.530
-1.150
-1.017
-1.407
-0.673
-2.152
-0.033
-1.352
-2.150
 1.217
 0.067
-0.073
-0.245
-0.269
-0.544
-1.160
 0.163
-0.511
 0.186
-0.516
 0.911
 0.199
 0.107
-1.547
 0.129
-1.144
-1.048
-0.355
 0.697
 1.143
 0.102
-0.875
-0.441
-0.740
-0.016
 0.620
-0.285
-1.037
 0.561
 0.069
 0.805
 0.350
 0.758
-0.296
 0.669
 0.280
-0.055
-0.171
-0.061
-1.109
 1.164
-0.056
-0.656
-0.944
 0.173
 1.305
 1.236
 1.668
 1.667
 0.187
-1.376
-2.616
-0.739
-0.636
-0.391
-0.944
-1.229
-0.999
-1.435
-0.685
 1.168
-0.742
-0.628
-0.959
-0.842
 0.444
-0.964
-0.905
-0.342
 0.472
-1.804
-0.666
-1.403
-0.344
-0.607
 0.283
-0.567
 0.456
-0.298
-1.606
-2.233
-0.773
-0.240
 0.590
 0.161
-0.137
-0.192
 0.743
 0.274
 1.154
 0.204
-0.880
-0.614
-2.259
-1.395
 0.090
-1.257
 0.385
 0.642
 0.736
 0.203
-0.870
-0.541
-0.425
-0.540
-0.007
-0.237
-1.980
-0.286
-3.646
-1.604
-2.307
-1.275
-0.930
-1.751
-0.019
 1.873
 1.260
 0.069
-0.890
-0.054
-0.743
 0.541
-0.503
-1.501
-1.181
-2.878
-0.635
-0.327
 0.170
-0.376
-2.053
-1.267
-0.756
-2.612
-1.526
-1.701
-1.913
 0.333
-1.289
-1.142
-1.967
-2.067
-1.230
-0.966
-0.257
-1.587
-1.628
-2.110
-1.928
-1.369
-0.970
 0.415
-1.408
-3.272
-1.625
-1.407
-1.029
-0.504
-1.511
-2.408
-1.112
-2.002
-0.596
-1.639
-2.872
-1.190
-2.038
-1.904
-1.452
-1.502
-1.243
 0.148
-1.519
-1.129
-1.620
 0.014
 0.041
-0.541
 0.135
-0.981
 0.478
-0.943
-0.097
-0.534
-0.558
 0.674
 0.244
-0.271
-0.814
-1.698
-0.009
 0.058
 1.120
 0.566
 0.759
 0.136
 0.210
 0.249
 0.446
-0.893
-0.459
-1.088
 0.351
 0.213
 1.158
 0.418
-0.573
 0.342
-0.222
-1.578
-1.069
 0.177
-1.074
-1.868
-0.180
-0.531
-0.303
-1.254
-1.555
-1.409
-1.510
-1.565
-0.980
 0.413
-0.397
-1.211
-0.368
-0.925
-0.640
-0.721
 0.114
 1.148
 1.959
 1.220
 1.148
 0.691
 0.782
 1.379
 0.934
 0.224
-0.375
-1.475
 0.374
 1.305
 0.536
 2.425
 1.597
-0.443
-0.412
 1.509
-0.467
 0.079
 0.562
-0.634
-1.242
-0.569
-0.714
 0.404
 0.225
 0.162
-0.632
-0.405
 1.175
 0.784
 2.406
 1.696
 0.617
 0.956
 0.019
-0.863
 0.982
-0.574
 0.538
 0.580
 0.530
-0.795
-0.744
-1.520
-0.273
-1.147
-1.634
-1.468
-1.136
-0.602
 0.313
-0.959
-1.721
 0.770
-0.267
 0.359
 0.163
-0.107
 0.545
 1.108
-1.116
-0.453
-0.238
 0.151
 0.550
-0.403
-0.274
 0.254
-0.800
-0.162
 0.354
 0.849
 0.533
-0.486
-1.204
-0.965
 0.151
 0.346
 0.353
 0.926
-0.077
-0.107
 0.588
-0.131
-0.547
-0.270
 0.241
 2.195
 0.133
 0.275
 0.142
 1.614
-0.064
-1.253
 1.008
-1.606
-1.767
-0.046
-0.804
-0.738
-0.698
 0.115
 1.154
 0.227
 0.299
 1.751
 1.316
 0.697
 0.341
 0.116
 0.158
-0.541
-1.311
-1.719
 0.867
 0.767
 0.036
-0.519
-0.899
-1.019
-0.667
-0.125
 0.147
 0.894
 0.017
 1.067
 2.143
 0.314
-1.031
-1.225
-0.606
-0.808
 0.023
-0.197
-0.199
-0.387
-0.762
-0.601
-0.242
-0.656
 1.134
-0.556
-0.974
-0.511
 0.642
 0.154
 0.057
 0.164
 0.215
-0.866
 0.470
 0.647
 1.128
 1.058
 1.211
-0.835
-0.444
 0.503
 0.637
 0.527
-0.042
-0.962
 0.943
 0.410
-1.175
 0.780
-0.261
-0.058
 0.726
 1.214
-0.921
-0.533
 1.439
 1.066
 1.161
 1.318
 1.213
 0.030
-1.275
-1.734
 0.264
-1.544
-1.325
-1.330
-1.899
-2.928
-2.104
-1.002
-0.923
-0.520
 0.447
-0.069
-0.203
 0.112
-0.507
 0.548
-1.622
 0.516
-1.148
-1.736
-0.511
-0.584
-1.464
-1.709
 0.365
-0.494
-1.342
-0.016
 0.177
-0.684
-0.079
-1.390
-0.423
 0.245
-1.800
-0.424
-1.205
-0.796
-0.923
 0.178
 0.305
 0.157
 0.633
 1.319
-0.158
 0.463
 0.080
 0.354
 0.025
 0.296
 0.827
-1.041
-0.672
 1.049
-0.761
-0.164
 0.330
-0.203
 1.475
-0.538
-0.708
-1.935
-1.155
-0.872
-0.888
-2.731
-0.703
-2.965
-0.526
 0.266
-1.225
 0.450
-0.432
-0.339
-0.499
-0.245
-0.760
 0.228
-0.870
-0.469
-0.411
 0.287
-1.186
-0.444
-1.493
-0.372
 0.513
 0.395
-1.448
-1.635
-0.255
 0.759
 0.164
-0.268
-0.915
 0.462
 1.327
-0.973
-0.986
-0.415
-0.928
-1.337
-1.577
-1.193
 0.260
 1.256
 0.583
 0.424
 1.578
-0.410
 0.816
 0.715
 0.339
-1.345
-1.109
 0.212
 1.284
 0.601
-0.040
-0.758
-0.725
 0.023
-0.976
 0.755
 0.047
-1.182
 2.125
-0.137
 0.689
-0.741
-0.557
 0.061
 0.382
-0.568
-0.020
-2.177
-1.152
 0.050
 0.110
 0.881
-0.847
-0.868
 0.929
 1.128
 0.965
 0.048
 0.400
 1.070
 0.701
-1.453
-0.976
 0.750
 0.723
-0.023
-0.128
-0.446
-1.085
-0.958
 0.421
-0.284
-1.056
-0.686
 0.612
-0.330
-1.064
-1.345
 0.008
 0.276
 0.065
-0.048
-1.279
-1.725
-0.885
-0.112
-0.298
-1.162
-1.117
-0.124
 0.348
 0.851
-0.068
-0.615
-0.070
-0.005
 0.608
 1.075
 0.729
 0.806
 0.681
 0.299
-0.436
 0.502
 0.839
 0.155
-0.758
-0.858
-1.165
-0.325
-0.417
 0.987
-0.093
 0.617
-0.354
 1.096
 1.087
 0.552
-0.276
-0.217
 0.212
-0.263
 1.036
-0.577
-0.462
-0.677
 1.258
 1.035
 0.085
 0.141
 1.589
-0.257
-1.733
 1.114
 1.179
-0.056
 0.536
 0.740
-0.575
 0.350
-0.646
-0.991
 0.569
-0.701
-0.320
 0.731
 2.009
 0.647
 1.380
 1.335
 0.193
 0.429
 0.592
-0.220
 1.242
 0.228
 0.855
 1.259
 0.252
 0.475
 1.208
 0.927
 1.930
 2.683
 2.310
 2.782
 1.495
 0.854
 1.065
-0.015
 0.645
 0.691
 1.146
 1.820
 2.408
 2.639
 0.642
 1.483
 1.427
 1.072
 3.051
 1.007
 1.357
 1.401
 1.338
 1.969
 0.631
 0.368
 2.167
 0.687
 1.627
 0.301
 1.208
 0.771
 0.721
 1.519
 1.910
 1.439
-0.238
 0.793
 0.668
 0.208
 0.737
 0.975
 1.016
 0.237
-1.018
 1.453
-0.129
 1.087
-0.865
-0.225
 0.401
 1.480
 0.141
 0.497
 0.223
 0.270
-0.012
 0.129
 0.385
 0.580
 0.033
 0.256
-0.635
-1.144
-1.107
 0.436
-0.674
 0.186
 0.738
-0.438
 0.247
 0.345
 0.398
 0.817
 1.000
 0.228
 0.580
-0.965
 0.407
-0.632
-0.639
 0.246
 0.233
 0.947
 0.090
-0.257
-1.614
 0.616
 0.910
 0.386
-0.720
-0.199
-0.975
-1.016
 0.106
-0.039
-0.966
-0.981
-0.797
-0.436
-0.040
-1.113
-0.996
-0.715
-0.815
-1.315
-1.364
 0.165
 0.421
 0.537
-0.526
-1.305
 0.135
 0.984
-0.606
-1.797
 0.990
 0.392
-1.160
-0.368
-2.245
-1.015
-0.285
 0.615
 0.127
 1.213
-0.373
 0.066
 1.868
 0.579
 0.668
 1.068
-1.030
-0.137
 0.141
-0.216
-0.547
-0.397
-0.690
 0.215
-0.629
 1.022
 0.513
-0.704
-0.884
 0.165
 0.454
 0.704
 0.234
-1.070
-0.760
 0.532
 1.787
 0.998
 0.000
 0.439
 0.579
 2.042
 1.176
-0.167
 0.041
-0.032
-0.333
 0.281
-0.406
-0.647
-0.509
 0.940
 0.683
 1.019
-0.980
-0.331
 0.906
 0.204
 0.194
 0.337
 0.625
-0.814
-0.063
 0.872
 0.086
-1.101
-0.176
-0.153
 0.855
 0.403
 0.796
 1.154
-0.397
-0.852
 0.282
 0.044
-0.144
-0.201
-0.616
 0.360
 0.002
-1.312
 0.190
-0.182
 0.361
 0.706
-0.734
-0.008
 0.210
 0.152
 0.405
-2.507
-0.855
-1.143
 0.071
-0.230
-1.979
-1.274
 0.075
-1.736
-0.753
-1.263
-2.795
-1.683
-2.193
-0.354
-1.072
-0.632
-1.404
-0.272
-0.760
-0.744
-1.301
-1.719
-0.915
-1.545
-1.611
-1.249
-2.299
 0.350
-0.236
-1.803
-0.163
-0.293
 0.915
 0.131
 2.048
 0.588
 0.426
-0.896
-0.747
-0.298
-0.472
-0.766
 0.505
 0.639
-0.981
 0.422
-0.736
-1.940
-0.458
-0.141
-0.366
-1.618
-0.284
-0.788
 0.344
-1.662
-0.128
-0.099
-2.077
-1.652
-1.110
-1.769
-1.650
-1.209
-0.512
-0.731
-1.878
-1.822
-0.688
-1.015
 0.102
-0.761
 0.413
 1.215
-1.940
-0.819
-1.464
-1.030
-1.227
-0.624
 1.035
 1.021
-0.020
-0.366
 1.856
-0.511
-0.287
 0.442
 1.110
-0.944
-1.594
-0.870
-0.446
-0.426
-0.561
-1.268
-0.948
-0.138
-1.187
-1.119
-0.431
 0.776
 0.881
-0.844
-1.079
-1.542
-0.937
 2.371
 1.665
 1.241
 1.364
 1.840
 1.379
-0.394
-0.863
-1.637
-0.486
 0.164
-0.469
 0.853
 2.424
 0.122
 0.483
 0.894
 0.562
 0.709
 1.122
 0.303
 0.724
 0.129
-0.055
 0.065
 0.000
-0.706
-0.566
-1.846
-1.858
-0.421
-0.436
 0.325
-1.087
-0.937
 0.296
-0.262
-1.147
-1.433
-0.474
-0.954
-0.382
 0.613
 0.446
 0.267
 0.459
-0.721
-0.823
-0.750
-0.825
-1.364
-0.323
-0.363
-1.122
-0.444
-0.073
-1.123
 0.477
 1.025
-0.707
 0.272
-0.310
-2.766
-0.576
 1.524
 1.550
-0.233
-0.909
 1.359
 0.753
 1.237
-0.340
 0.249
-0.532
-0.312
 1.027
 1.353
-0.091
-0.343
 0.515
 0.488
-2.112
-0.863
-1.727
-2.567
 0.355
-0.468
-1.046
-0.730
-1.108
-2.459
-1.314
-0.273
-1.075
-0.087
 1.850
-0.286
-1.150
-1.700
 0.078
-0.633
 0.103
 2.022
 1.573
 0.012
 0.182
-1.010
-0.690
-1.216
-0.703
-0.603
 0.319
 0.343
-0.407
 0.093
-0.425
-1.491
-1.348
-1.570
-0.575
 0.001
-1.288
-0.497
-0.733
-1.017
-0.066
-0.545
 0.708
-0.357
-1.431
-1.245
-0.341
-0.462
 0.084
-0.414
 1.047
 2.098
 0.439
 0.180
-1.503
 0.512
 0.068
-0.345
-0.859
-1.366
 0.148
-0.904
-0.904
-1.774
 0.414
-0.719
-0.312
 0.332
-2.047
-0.136
-1.860
-0.662
-1.323
 0.121
-0.114
 0.248
-0.935
 0.485
-0.067
-0.959
 0.199
-0.727
 0.274
 0.739
 0.039
 0.406
 0.592
-0.366
-0.495
 0.180
 1.093
 0.841
 1.257
 0.787
 0.731
 1.395
 1.617
 1.542
 1.360
 0.031
-1.455
-1.129
-2.043
 0.914
-0.076
 0.471
 0.538
 1.450
 0.912
 1.020
 0.971
-1.385
-1.790
-1.236
-1.693
 1.825
-0.949
-1.432
-0.891
-1.332
 0.284
 0.798
 0.020
-0.463
 0.037
-1.350
-1.354
-2.738
-1.752
-0.719
 0.297
-0.317
-1.622
-1.503
-0.429
-0.604
-1.076
-0.349
-0.696
-1.148
-1.737
 1.473
-0.774
-0.715
-1.102
-0.358
-1.331
 0.192
-0.205
-0.958
-0.386
-0.939
-0.429
 1.515
 0.592
-0.102
 0.494
 0.747
-0.335
 0.731
-0.011
-0.422
-0.443
 1.525
-0.482
 0.047
 0.116
-0.704
-1.881
-0.642
-0.937
-1.458
-1.175
-0.749
-0.793
-1.301
 0.430
-0.535
-1.179
-1.549
-1.057
-1.534
-2.162
-2.082
-1.112
-0.875
-0.537
-0.743
-0.803
-1.991
 0.130
 0.471
 0.350
 0.324
 1.216
-0.358
-0.378
-1.173
-0.809
-2.506
-1.589
-0.257
-0.762
 0.007
-2.637
-0.432
 0.849
-0.732
-0.847
-0.869
-0.834
-2.454
-0.439
-2.529
-0.467
-1.194
-0.914
-0.594
-0.062
-0.635
-1.750
-1.927
-0.494
-1.488
-1.264
-2.396
-0.915
 0.116
-0.606
-0.226
-0.561
-0.418
-0.101
-0.871
-0.202
-1.490
 0.643
-0.598
 1.268
-0.467
 1.635
 1.193
 0.353
 0.927
 0.934
-1.009
 0.845
-0.294
 0.187
 0.205
-0.826
-0.859
-0.877
-1.377
-1.374
-2.937
-2.981
-0.298
-1.279
 0.385
-0.057
-0.625
-0.155
-0.741
-1.952
-1.176
-1.762
-1.366
 0.226
 1.252
-0.832
 1.048
 0.226
-0.078
 0.089
 0.656
-1.035
-1.848
-0.646
 0.160
-1.200
-0.676
-1.372
-0.183
-1.393
-1.318
 1.328
-0.367
-1.317
-1.267
-1.663
-1.514
-0.836
-0.521
-0.594
-0.131
-1.287
-2.275
-3.008
-1.104
-0.431
-0.257
-0.434
-0.626
-1.227
-0.338
-1.083
-1.203
-1.451
-0.055
 0.795
-0.377
 0.379
-0.159
 0.435
-0.794
-0.152
-1.584
-2.324
 0.342
-0.509
-1.069
-1.265
-0.408
 0.197
-1.126
-1.051
 0.325
-0.960
-1.517
-1.066
-0.237
-0.041
-1.579
-1.256
-1.252
-1.268
-1.167
-1.342
-0.438
 0.400
-1.181
 0.294
-0.841
-1.531
-0.606
-0.248
 0.063
-0.389
 0.536
 0.401
 0.501
-0.439
-0.813
-1.183
-0.042
 0.020
 0.090
-1.177
-0.437
-0.862
 0.564
-0.684
-1.243
-2.002
-0.133
-0.521
 0.942
 0.011
-1.823
-0.408
-2.994
-3.018
-1.188
 0.024
-2.026
 0.660
 0.630
 0.215
-0.202
-1.046
-1.165
 0.312
-0.671
-0.629
-1.449
-2.024
-0.657
-1.771
-2.561
-0.646
-0.355
-1.177
-2.108
-0.337
-0.997
-2.182
-0.622
-0.841
-2.011
-1.143
-1.173
-1.165
-1.470
-1.357
 0.003
-2.088
-0.144
 1.075
 0.016
-0.347
-0.547
-0.057
 2.185
 0.287
-0.054
 1.022
 1.176
 0.389
 0.103
-0.519
-1.419
-1.359
-0.923
 0.182
-1.371
-2.545
 0.747
 0.506
 0.590
-0.665
-2.649
-1.331
-0.353
-0.699
 0.040
-0.090
 0.664
-0.139
-0.761
-1.487
-0.835
-1.339
-1.591
-1.744
-2.385
 0.219
 0.051
-2.170
-0.159
 0.334
 0.491
-0.940
-0.365
-0.218
-0.504
-1.231
-1.276
-0.597
 0.049
-1.008
 0.991
-0.069
-0.994
-1.977
-1.086
-1.650
-2.448
-1.385
-2.210
-1.415
-0.591
-1.697
-1.757
-0.997
-1.589
-1.264
-2.139
-0.717
-0.642
-0.052
-2.671
-3.462
-1.814
-0.962
-0.307
-0.198
-0.275
-1.740
 0.413
-1.986
-1.250
-1.506
-1.345
-1.704
-0.989
-1.179
-0.301
 0.694
-0.501
-0.808
-0.534
-0.757
-0.684
 0.251
 1.783
 0.454
 1.017
 1.041
 1.655
-0.381
-0.216
-0.535
-0.075
-0.639
-1.287
-0.267
-1.615
-2.719
-1.344
-2.129
-1.467
-0.781
 0.294
-0.722
-1.489
-2.700
-1.672
-0.305
-0.222
-1.613
-0.767
-1.683
 0.068
-0.241
-0.072
-1.771
-0.607
-1.047
 0.259
 1.082
 0.388
 0.728
-0.274
-0.051
 0.065
 0.853
 0.777
-0.124
-0.483
 0.698
-0.383
-0.759
 0.409
-0.529
 0.731
 0.158
-0.789
-2.703
-1.270
-0.120
 1.018
 0.397
 0.647
-1.263
 0.031
 0.266
 0.144
-1.613
-1.694
 0.136
-1.019
-0.989
-1.213
-1.940
-1.517
-3.080
 0.593
-0.973
-0.542
-0.067
-1.019
-0.223
-0.702
-0.633
-0.482
-0.943
-0.250
 0.234
 0.325
 0.999
 0.317
 0.201
 0.027
-1.554
-0.004
 0.859
-0.282
-0.236
 0.188
-0.075
 1.962
 0.441
-0.052
 0.258
-0.345
 0.542
-2.289
 0.043
-0.336
-0.258
-1.316
-1.140
-0.626
 0.457
-0.403
 0.266
 1.099
 0.948
-0.548
-0.394
 0.026
 0.472
-0.264
 0.451
 2.246
 0.321
 1.365
 1.905
 0.612
-0.721
-0.625
 0.665
 0.288
-0.755
 0.903
 0.048
-0.740
 1.050
 0.013
-0.298
-0.206
-0.577
-1.967
-0.710
-1.251
-1.290
-1.953
-1.808
-1.019
-0.543
-0.202
-1.057
-0.443
-1.421
-1.967
-0.036
-0.999
-2.170
-2.049
 0.119
-0.304
-0.067
-0.837
-1.127
-0.117
-0.228
-0.918
-1.825
-2.138
-0.872
-1.424
-1.061
-1.523
-1.367
-2.076
-1.476
-2.309
-1.468
-2.069
-1.208
 0.007
 0.083
-0.632
 0.700
 0.494
 0.082
-0.300
-1.867
-2.172
 0.542
-0.258
-0.432
 0.095
-1.693
-1.610
-0.952
-0.730
-0.928
-1.142
-0.057
-1.030
 0.642
-0.529
-0.749
 0.689
-1.502
-1.089
 0.501
 1.310
-0.397
 1.145
 2.088
-0.257
 0.487
-0.788
-0.102
-0.412
-0.736
-0.484
-0.667
-0.566
-0.322
 0.764
-0.036
-0.887
-0.343
-0.778
 0.333
-1.423
-0.597
-1.253
-0.939
-1.281
 0.357
-0.534
-0.058
-0.852
-0.668
-0.426
-0.741
-0.997
-0.661
-0.605
-0.033
-1.364
-1.071
-1.557
-0.375
-1.089
 0.552
-0.679
-0.959
 0.375
 0.536
-0.422
 0.806
 1.901
 0.549
 0.590
 0.644
 2.086
 0.929
 0.270
 0.703
 0.326
 0.255
 0.548
 0.267
 0.571
 0.124
-0.228
-1.721
-1.169
-1.635
-0.558
-0.990
 1.359
 0.208
-0.197
-1.440
-1.089
-0.246
-1.092
-0.967
-0.893
-1.170
-2.853
-1.873
-0.780
-0.575
 0.387
 1.024
 1.316
-0.203
-1.472
 0.810
 0.270
-0.647
 0.397
 0.760
 1.603
-0.712
-1.540
-1.295
-0.168
 1.053
-0.352
-0.703
 0.865
-0.686
 0.505
 0.393
-1.466
-1.224
-0.941
 1.008
 0.687
-2.371
-1.454
-0.910
-0.130
-0.219
-0.499
-1.310
-1.603
 0.076
-0.816
-0.848
-1.273
-2.145
-0.631
 0.885
-1.392
-0.656
-0.741
-1.839
 0.460
-0.626
-0.747
-0.089
-1.143
-0.734
-0.331
-0.926
-1.644
-1.453
-1.137
-1.360
-0.252
-0.971
-0.561
 0.730
-0.826
 1.456
-0.764
-0.745
-0.542
-0.466
 1.277
-0.277
-0.650
 1.080
-0.149
 2.180
 0.329
 0.584
 1.451
-0.776
-0.841
-2.454
-0.804
-0.889
-1.187
-0.010
-0.634
-1.102
-0.129
 0.157
-1.507
-1.337
-1.295
-1.083
 0.919
 0.280
 0.346
 1.661
 0.927
 0.983
-0.325
-0.005
-0.165
 0.437
-0.768
-0.403
 0.926
-0.244
-0.463
-0.580
-2.357
-2.261
-1.347
-1.400
 0.114
 0.276
 0.442
 0.787
-1.063
-1.156
-0.650
 0.353
-0.987
-0.109
-1.720
-1.058
-0.410
 0.276
-1.650
 1.150
 0.275
-2.055
-0.331
-2.108
-0.822
-0.892
-0.364
-0.049
 0.956
 1.019
 0.368
 0.862
-0.541
-0.755
 0.240
 0.686
-0.140
 1.271
 0.193
-0.890
-1.731
-2.372
-1.878
-0.971
-0.094
-1.316
 0.260
-0.461
-0.946
-0.313
-0.239
 0.540
-1.736
-0.710
 1.050
 0.026
-1.160
 0.687
-0.989
-1.013
-0.245
-0.260
-0.911
-1.170
 0.300
-0.357
-0.637
 0.411
-0.529
-0.734
-0.988
 0.570
 0.020
-1.951
-0.444
-0.234
-0.396
-1.495
-0.877
-1.032
 0.932
-0.071
-0.155
-0.143
-1.203
-1.393
-3.040
-0.955
-1.199
 0.123
-1.771
-1.207
 0.642
-1.266
 0.262
-0.856
 1.237
-0.723
-1.933
-1.459
-0.717
-0.233
-0.678
 0.915
 2.032
 0.898
 0.186
 1.904
 2.298
 0.113
-1.214
-2.112
-0.667
-0.655
-0.219
 0.433
-1.399
-0.267
-0.073
-1.796
-0.518
-0.616
-1.460
-1.426
-0.972
-0.120
-1.822
-2.213
 0.433
-0.507
-2.596
-2.135
-1.014
-0.282
-1.674
-0.230
-0.786
-1.272
-2.265
-0.490
-0.397
-1.047
-1.832
-0.644
 0.390
-0.079
-0.496
-0.219
 0.423
-0.164
 0.643
-2.512
-2.592
-0.147
-0.150
-1.042
-0.406
 0.816
-1.083
-1.260
 0.040
 1.533
 1.158
 0.870
 0.380
-0.067
-0.559
-0.088
-1.264
-0.673
-0.904
 0.953
 0.257
 1.197
 1.099
 0.306
 0.422
-0.737
-0.468
-0.401
 0.426
-1.687
-0.246
-0.367
 0.877
 0.953
-0.215
-0.738
 0.144
-1.310
 0.358
 0.173
-1.742
-1.057
 0.196
-0.504
-0.878
-0.811
 0.555
-0.168
 0.448
 1.221
 1.516
 1.310
-0.504
 0.836
-0.527
-0.015
 0.862
 0.651
-0.647
-0.212
-1.181
 0.150
 0.083
 0.939
 0.097
-0.675
-0.583
-0.307
-0.573
 0.300
 0.544
 0.940
 1.094
 0.023
 0.142
-0.447
 0.070
 0.928
-0.362
 0.958
 0.620
-0.162
-0.498
-0.026
-1.655
-0.167
-0.994
-0.669
-0.490
 0.316
-0.483
-0.581
 0.202
 1.493
-0.047
 1.017
 1.139
-1.321
-0.097
-2.005
-0.366
-1.005
-0.411
-0.050
 1.176
 0.881
 0.446
-0.438
 0.070
-0.477
 1.227
-0.108
-0.112
-0.449
-0.843
-0.405
 1.168
-0.324
-1.245
-0.949
 0.783
 0.148
-1.551
-1.757
-1.380
-0.773
 0.889
 0.131
 0.182
 0.582
 0.308
 0.272
-0.131
-0.356
 0.034
 0.830
-0.835
-0.750
-0.962
-0.112
-1.288
-1.022
-1.634
-0.061
-0.445
 0.347
 0.703
-0.343
-0.439
 0.347
-1.072
-0.546
-1.293
-1.178
-0.400
 0.430
 2.601
 1.551
 2.235
 0.289
 0.726
 0.275
 0.751
 0.975
 0.355
-0.437
-0.794
-0.250
-0.215
-0.563
 0.808
 1.209
 0.198
-0.188
 0.893
 0.163
 1.753
 0.089
 1.719
 1.129
 0.891
 0.119
 0.926
 1.078
 0.891
 1.315
 0.857
 0.342
 0.227
 0.205
 0.112
-0.233
 1.101
-0.847
-0.075
-0.357
 0.282
 0.209
-0.175
 0.765
 0.528
-0.824
-0.134
-1.189
-0.945
-0.013
 0.547
-1.474
-0.986
-0.584
-0.122
 1.268
-0.464
-1.501
-0.018
 0.272
-0.417
 0.496
 0.535
 1.126
-0.074
 0.926
-0.239
 1.630
 2.321
-0.123
 0.261
 2.051
 1.614
 1.728
-0.141
-0.348
-0.669
-0.238
 1.910
-0.298
-0.203
 1.055
 1.079
 0.572
-0.825
-0.066
 0.997
 0.242
 0.250
 0.983
 0.408
 0.952
 0.454
 1.193
 1.667
 0.966
 0.265
 0.575
 0.323
 0.774
 0.312
 1.133
-0.492
 0.688
 0.052
-0.912
-0.163
 0.380
 0.365
 0.146
 0.517
-2.145
-1.129
-1.548
-1.253
-0.645
-1.248
 0.364
 1.102
 0.002
-0.869
 1.061
 0.939
 0.852
 2.448
 1.231
 1.384
 1.264
 0.391
 0.832
 1.100
 0.271
-0.300
 1.200
 2.234
-0.462
-0.136
 0.346
-0.055
-0.504
 0.890
 0.387
 0.810
 0.904
-0.020
 0.512
-0.279
 0.070
 1.487
 0.726
 0.528
-0.954
 0.753
 1.741
 0.018
-0.262
 2.161
 0.704
-0.997
 1.278
 0.795
-0.076
-2.600
 1.016
 0.150
-0.827
-0.209
-1.108
-0.378
-0.009
-0.649
 0.043
 0.278
-0.643
-0.755
-0.426
-0.120
-1.118
-0.877
-0.906
 0.253
-0.796
-0.249
-0.128
 0.021
 1.173
-0.778
-0.636
 0.425
 0.295
 0.995
 0.995
-0.624
-1.992
-0.440
-0.890
-0.053
-0.628
-1.240
-0.288
-0.079
-0.264
 1.236
 1.373
 1.516
-0.679
-0.972
 0.935
-0.305
 1.159
 1.683
 1.762
 1.459
 0.911
 1.724
 0.310
 1.988
 0.859
 0.336
-0.361
 0.385
 0.234
 0.506
 0.179
 1.469
 0.448
 0.933
 0.595
 0.532
 1.103
 1.079
 1.574
 0.314
-0.202
 1.103
 0.450
 0.762
 0.791
-0.011
 2.624
 2.912
 1.759
 0.487
-0.783
 0.847
 0.805
 0.591
 2.292
 1.532
-0.264
-0.192
 0.488
-0.939
 1.208
 1.250
 2.072
 1.058
 1.519
 0.980
 0.079
 0.344
 0.672
 0.114
-0.121
 0.332
 0.338
-0.807
 0.312
 2.555
 0.419
 1.547
 0.846
 0.411
-0.869
 0.274
-0.158
-0.274
 1.728
 0.676
 0.840
 0.791
 0.447
 0.214
-0.457
 0.343
 0.307
 0.181
 0.134
 0.538
 0.153
 1.393
 0.430
-0.193
 1.713
 1.158
-0.309
 0.736
 0.174
-0.596
-0.236
-0.440
 0.349
 0.206
-0.099
-1.352
-0.480
-1.246
-1.430
-2.479
-0.524
-0.199
-0.791
-0.019
-0.277
-1.763
-1.153
-0.681
-0.347
-0.348
-1.579
-0.251
 1.284
 1.005
-1.472
 0.043
 0.946
 1.277
 0.301
 1.166
 0.644
-0.096
 1.683
 1.210
 0.253
-0.962
-0.362
-1.166
 0.374
 1.159
-0.810
 2.135
 0.329
 0.469
 0.042
 0.850
 0.185
-0.758
 0.900
 1.262
 1.235
-0.822
-0.908
-0.510
-0.725
-2.255
-0.696
-0.547
-1.001
-2.771
-0.995
-0.670
 0.566
-0.074
-1.560
-1.067
-0.788
-1.499
-0.896
-0.633
-0.391
-1.164
 0.049
-0.724
-0.111
 0.202
-1.139
-1.419
 0.862
-0.491
-0.246
-1.901
-0.689
 0.376
-0.490
-0.844
-1.526
-1.597
-1.022
-1.977
-0.029
-1.882
-1.027
 2.397
-0.727
-1.163
 0.037
-0.957
 0.364
-0.136
 1.550
-0.667
-0.728
-1.513
-0.062
-0.389
 0.791
-0.382
-1.104
-0.566
-0.970
-0.583
 1.638
 0.914
 0.357
 0.061
 0.509
 1.223
 0.190
-0.233
-1.778
-0.773
 0.702
 0.031
 0.759
 0.111
-0.146
 0.242
-0.942
 0.092
 0.184
 0.369
 0.410
-0.312
 0.179
-1.204
 0.274
 1.606
-1.582
-1.177
-0.529
-1.546
-1.447
-0.097
 0.798
-1.469
 0.341
 0.306
 0.527
 0.604
 0.723
-0.334
 1.636
 2.240
 0.631
 0.573
-0.263
-0.174
-1.355
 0.893
-1.943
 0.446
 0.198
-0.507
-1.668
-0.762
-0.464
-0.078
-0.233
-1.309
-0.013
-1.145
-1.334
-0.055
-1.096
-1.334
 0.367
-0.337
-0.203
-0.258
 0.493
-0.581
 0.030
-1.190
-0.242
-1.382
-1.704
-0.577
-0.361
 0.397
-0.150
-0.327
-0.336
 0.828
-1.416
-1.242
 0.953
 0.360
 0.096
-0.649
-2.812
-1.502
-0.106
-1.321
-1.914
-0.931
-1.419
-1.221
 0.729
-0.871
-1.559
-0.526
 0.899
-0.022
-1.488
-1.371
-0.979
-0.182
-0.408
 0.119
-0.007
 0.868
-0.037
 0.575
 0.693
-0.219
-0.938
 1.777
 0.621
 0.032
 1.801
 0.290
-0.208
 1.495
-0.434
-0.879
-1.107
 0.304
 0.411
-1.452
-0.187
 0.280
 0.517
-0.147
-1.588
-0.961
-1.623
-1.360
-0.853
-0.372
-0.562
 0.102
 0.528
-0.453
 0.411
 0.323
-1.088
-0.016
-0.598
-0.046
-0.107
 0.704
-0.110
-0.905
-0.139
 0.868
 0.698
 1.736
 1.246
 0.852
 1.075
 0.783
 0.160
-0.466
 0.101
-0.339
-0.490
-1.284
 0.624
 0.664
 1.423
 0.536
-0.152
 1.319
-0.611
-1.449
-0.165
 0.015
 0.139
-0.974
 0.085
-0.492
 0.197
-0.771
 0.038
-0.621
-0.168
-0.083
 0.197
-0.651
-0.566
-1.172
-0.318
-0.543
-0.630
-1.005
-1.278
-1.076
-0.025
-0.380
 0.046
-0.220
-1.237
-0.633
-0.764
-0.215
-0.388
 0.861
 1.825
-0.583
-0.704
 0.025
-1.039
 0.252
 1.242
 0.494
-0.996
 1.452
-0.746
-1.462
-0.697
-0.752
-0.730
-0.451
-0.297
 0.235
-0.293
-2.287
-0.976
-0.772
-1.358
-0.966
 1.268
 0.218
 0.165
-0.824
-0.672
-0.356
-1.592
-0.501
-1.917
-0.247
 0.178
 1.021
-0.104
-0.298
-0.257
 0.415
-0.050
-0.217
-0.923
-2.488
 0.429
-2.310
-0.300
 0.021
-0.473
-1.764
-1.418
-1.457
-0.813
-1.452
-0.442
-1.041
-0.919
-0.854
-1.639
-0.900
-1.746
-0.854
-0.831
-1.177
 0.637
-0.020
-0.640
 0.185
 0.151
 0.273
-0.488
 0.493
 0.170
-0.154
 0.017
 0.254
 1.289
-0.448
-0.884
-1.851
-1.381
-1.050
-0.887
-0.344
 0.477
-0.591
-0.162
 0.717
 1.422
 0.735
 0.904
 0.956
-1.057
-0.218
-1.051
-1.272
-0.985
-1.942
-0.526
-0.508
 0.712
-0.233
-0.640
 0.479
-0.320
 0.968
-0.037
 0.297
-1.089
-0.344
-0.552
-0.356
-0.252
-0.002
 1.445
 0.115
 0.580
-2.324
-0.054
 0.387
-1.017
 1.583
 0.645
-0.443
 0.290
 0.260
-0.197
 0.669
 1.282
 0.424
-0.523
-0.463
-0.471
 1.118
 0.954
 1.090
 1.469
 0.855
 0.609
-0.262
 0.805
 0.604
 1.025
 2.249
 0.953
 1.135
 0.100
-0.848
 1.427
 0.932
 0.864
 1.135
-0.425
-0.905
 0.584
 0.121
 0.835
-0.578
 0.169
-0.695
-1.303
-0.640
 1.489
 1.949
-1.514
-1.462
-0.162
 0.118
-0.018
-0.137
 0.759
 1.521
 2.130
 0.955
 1.147
 1.481
-0.325
 0.730
 1.311
 1.784
 0.651
 1.742
 1.337
 0.354
 1.560
 2.463
 1.272
-0.254
 2.347
 0.830
 2.004
-0.598
 1.088
 1.545
-0.129
 0.916
 0.895
 2.191
 0.868
 0.178
 1.561
 0.370
 0.123
 2.973
 1.727
 1.653
 2.963
 1.317
 1.259
 0.233
 1.505
 0.508
 0.289
 0.133
-0.406
-0.446
-0.203
-0.046
 0.158
 1.416
 1.477
 1.028
 1.325
 2.871
 1.892
 2.163
-0.021
 0.250
 0.258
 0.302
 0.400
 0.583
 0.375
 0.577
 0.354
 1.885
 0.950
 0.214
-0.251
 0.609
 1.489
-0.273
 1.464
 1.031
-0.214
 0.606
 0.765
 1.242
-0.979
-0.325
-0.131
-0.871
-0.613
 0.397
-0.728
 0.276
 0.062
-0.256
 0.360
 1.099
 0.867
-0.098
-0.356
 0.435
 0.661
-0.386
 1.194
 1.352
 0.145
 0.725
 0.191
 0.221
 1.140
-0.028
 0.836
 0.924
-0.103
-0.163
 1.692
 1.138
 1.724
 1.278
 1.380
 0.553
 1.623
 1.061
-0.268
-1.148
-0.794
 0.070
 0.758
 1.144
 1.113
 0.294
-0.574
 0.283
-0.366
 0.132
-0.767
-0.269
-1.274
 0.039
-0.793
-0.167
 0.022
 0.146
-1.663
-1.059
-0.937
-2.009
-0.968
-0.285
-2.444
-1.579
-0.711
-1.637
-1.000
-0.967
-0.526
-1.955
-1.063
 0.017
-1.840
-0.817
-0.707
 0.371
-0.117
-0.125
-0.200
-0.021
 0.291
 0.137
-0.485
-0.344
-0.622
-2.384
-0.580
 0.928
-0.506
-0.152
-1.633
-1.433
-1.817
 0.065
-1.201
-1.807
-0.687
-2.167
-3.034
-1.167
-0.990
 0.445
-1.454
-0.588
-0.220
-1.480
-0.564
-0.513
-1.115
-0.848
 0.543
 2.518
 0.204
 0.051
-0.169
 1.439
 1.329
 0.159
 0.119
-0.235
-0.320
 0.080
-0.080
 0.326
 0.586
 0.075
-0.049
 0.039
-0.299
 0.442
 1.079
 0.623
 0.137
 0.697
 0.681
 0.607
 0.166
-1.017
 0.037
 0.654
-0.119
-0.285
 0.311
-0.188
 0.670
 0.670
-0.208
-1.297
 0.100
-0.835
 0.592
 0.471
 1.625
 1.239
 0.381
 2.132
 0.308
 1.545
-1.518
-0.278
-0.078
-0.538
-0.570
 0.662
 0.373
-0.582
 0.055
 1.108
-0.762
-0.324
-0.823
-1.609
-1.179
-2.053
-0.717
 0.923
-1.518
-2.357
-0.738
 0.337
-2.162
-0.352
 0.459
 0.370
-0.411
-0.639
 0.905
-0.845
 0.426
-1.027
-0.649
 1.409
 0.599
-0.715
-0.784
-0.563
 0.130
-1.387
-1.286
-0.615
-0.507
 0.274
 0.728
 0.858
 0.366
-1.263
-1.698
-1.239
 1.007
 0.092
-0.184
-0.479
-0.470
-0.713
-0.778
-0.574
-0.292
 0.736
 0.026
 0.839
-0.558
-0.406
-1.062
-0.338
-2.090
-0.967
 0.626
 0.734
-0.414
-0.339
 0.657
 1.320
 1.095
 0.097
 0.332
-0.027
-0.137
 0.407
-0.147
-0.019
 0.979
 0.720
 0.635
 0.906
 0.554
 0.782
 0.522
 0.230
 1.463
 0.024
 0.341
 0.575
-1.271
-0.847
 0.091
 0.284
-0.717
 0.322
 0.849
 0.489
 0.012
 0.160
 0.476
 0.755
 1.738
 0.978
 0.604
 0.785
 0.932
 1.526
 1.139
 1.188
 0.012
-0.007
 1.580
-0.587
-0.290
 1.084
 0.274
 0.649
-0.937
 0.595
 0.012
-0.186
-0.141
 0.762
 0.175
 0.930
-0.707
 0.460
-0.947
-0.805
-0.291
 0.449
 2.040
 1.302
 0.042
 0.697
 1.860
 0.803
 0.444
-0.361
 0.272
 0.331
 0.040
-0.536
 0.410
 1.662
 0.104
-1.261
-1.973
-0.905
-1.406
-0.311
-1.514
-1.242
-0.552
 0.072
-1.656
-1.055
-0.144
-1.435
-1.346
-1.597
-1.250
-0.788
-0.882
-0.593
-0.597
 1.235
-0.450
-1.499
-0.118
-1.132
-0.242
-0.078
 1.364
 0.935
 1.008
 0.228
 0.687
 0.352
 0.741
-1.600
 0.363
 0.100
 0.414
-0.077
 0.297
 0.607
 0.416
 1.129
-0.145
 1.224
 0.603
-0.338
 0.344
-0.645
 0.375
 0.573
 1.101
 0.309
-0.237
 0.485
-1.182
-0.247
 0.422
-0.695
 1.107
 0.280
 0.577
 0.257
 0.898
 0.976
 0.573
 0.740
-0.607
-0.452
 1.406
 1.331
-0.522
 0.372
-0.415
 0.763
 0.810
 0.821
 0.098
-0.015
-1.537
-0.622
 0.741
 0.705
 0.168
-0.567
-1.171
 0.265
-0.592
 0.512
 0.001
-1.007
 0.900
 1.275
 0.807
 0.295
 0.651
 0.202
 0.328
 1.091
 1.275
 1.692
 1.208
 2.581
 0.663
 0.196
-0.194
 0.564
-0.632
 0.523
 0.035
 0.534
 0.949
 0.326
-0.195
-0.214
 0.131
-0.434
-1.478
-1.751
-1.453
-1.062
-1.467
-0.070
-0.061
 0.028
-1.363
-0.081
 0.253
-0.634
 0.248
 0.431
 0.477
 0.545
 0.131
 0.046
-0.087
-1.063
-0.431
 0.890
-0.548
-0.309
 0.076
-0.061
-0.805
-0.388
-0.629
-1.107
-1.551
-1.622
-0.847
-0.690
-0.417
-0.160
 1.231
-0.067
 0.973
 1.102
 0.481
-0.103
-1.149
 0.428
-0.570
 1.902
 1.104
 0.776
 0.146
 0.686
 0.690
 0.919
 2.215
-0.019
 1.643
 0.513
-0.975
-0.611
 0.557
 0.312
 0.127
-0.980
 0.434
-0.920
-1.029
 0.023
 0.378
 1.313
 0.572
 1.983
-0.684
-1.366
-0.611
 0.225
 0.238
-0.199
-1.649
-0.296
-0.578
-0.407
-0.563
 0.051
-1.636
-2.258
-0.630
-1.187
-1.330
-0.221
-1.038
-1.505
-0.480
 0.198
-0.338
-1.902
-1.380
-0.180
-1.702
-0.753
-0.181
 1.001
-1.460
-0.555
 1.280
 0.236
 1.701
 0.068
 0.009
-0.468
-0.736
 0.274
 0.367
-0.887
-0.518
-0.358
-0.110
 0.269
-1.175
-0.607
-1.484
-0.761
-0.730
 0.391
 0.721
-0.513
-1.153
 0.221
-0.658
-1.004
 0.992
 0.379
 1.055
 0.016
-1.534
 0.806
-0.789
-0.125
 0.967
-0.593
-0.575
 0.581
 1.520
-2.161
-1.228
 0.307
-0.928
-0.140
-0.261
-0.274
 0.557
 1.395
-0.576
 1.328
 0.406
-0.823
-0.972
-0.342
-0.416
 0.402
 1.062
-0.485
 0.111
 0.746
 1.740
 2.449
-0.049
 1.105
 1.314
 1.136
-0.157
 0.446
 1.282
 0.705
 1.277
-0.470
-1.893
-1.107
 0.826
 0.115
 0.011
-1.554
 0.150
 1.267
 0.663
 0.414
 0.370
 0.287
-0.375
-0.365
 1.563
 2.020
 1.693
 1.394
 0.253
 0.028
 0.057
 0.771
 0.727
 0.040
 0.189
-0.261
 0.778
-0.259
 0.185
 0.364
 0.433
 0.269
 0.304
-1.392
 0.242
 0.985
 0.284
 0.612
 0.406
 2.253
 0.989
 0.584
 0.529
-0.441
-0.317
 0.587
 0.383
 0.014
-0.331
-0.303
 0.440
 0.856
 1.639
 0.624
-0.387
-0.336
-1.258
 0.226
-1.712
 0.176
-1.016
-0.999
-1.072
-0.519
-1.024
-0.419
-0.911
-0.564
-0.443
 0.173
-0.402
-0.777
-1.673
-0.041
-0.054
-1.364
 0.041
-1.853
-1.323
-1.351
-0.308
 0.267
 0.616
-0.588
 0.539
-0.650
 0.764
-1.827
-0.193
 0.190
-0.550
-0.043
-0.081
 1.236
 0.752
-0.192
-0.348
-2.097
-1.593
-0.144
 0.462
 0.406
 0.564
 0.418
-0.124
 0.240
 1.334
-0.608
-0.195
 0.080
-0.261
 0.027
 0.243
 0.890
 0.149
 1.770
 0.505
-0.496
 0.089
 0.226
-0.222
 0.585
-1.409
 0.408
 0.063
 0.859
-1.135
 0.260
 0.177
-0.781
-0.373
-0.500
-0.947
-1.388
-0.466
 1.985
 2.198
 0.149
 1.195
-0.614
 0.988
 0.441
 1.553
 0.322
-0.021
 0.689
 1.050
 0.984
-0.237
 0.752
 0.822
 0.387
 0.960
 1.623
 0.166
-0.255
-1.082
 0.601
 1.060
-0.906
 0.140
-0.274
 1.732
 2.094
 1.171
 1.295
 2.157
 1.508
 1.655
 1.468
 2.308
 1.855
-0.266
 0.638
 0.587
 1.181
 0.192
 1.107
 0.097
-0.297
 0.200
 0.711
 0.195
 0.574
 0.208
-0.068
 0.208
-1.050
-0.306
-0.080
 0.763
 0.481
 0.301
-1.034
-0.677
-0.446
 1.476
 1.436
 0.273
 1.266
 1.550
 1.272
-0.645
-0.464
 0.502
-0.633
 0.405
-2.064
-1.809
-2.425
-0.568
 0.340
-0.381
-0.646
-2.708
-1.582
-0.484
-1.813
-0.779
-1.897
-0.234
 0.815
 0.836
 1.160
-0.103
-0.474
-0.090
 0.563
 0.073
-0.140
 1.723
-1.584
-1.031
 0.503
 0.737
-0.408
 0.300
 0.632
 1.704
 1.252
 0.937
-0.472
-0.590
-0.130
 0.390
 0.658
 0.274
 0.605
-1.059
 0.013
 1.114
 0.698
 1.099
 0.945
 0.013
-0.278
-1.532
 0.694
-0.314
-0.411
-1.099
 0.250
 0.818
 0.177
 0.996
 1.083
 0.398
-0.046
 1.284
 0.697
 0.164
 0.769
 0.688
-0.327
 0.497
 0.874
-0.711
-1.011
-0.110
 0.300
 0.100
-1.345
 0.658
 0.506
 0.083
-0.310
 0.977
 1.148
 0.853
 1.541
 1.217
-0.482
 0.253
-0.155
-1.615
 0.699
 0.754
 0.778
-0.526
-1.835
-0.119
-0.473
 1.268
-0.436
-1.886
 0.135
-0.540
 0.222
-1.665
-0.541
-0.039
-0.306
-0.006
-1.797
-0.288
 1.811
-1.256
-0.920
 1.783
 1.036
-0.135
 0.515
-0.028
 0.521
-1.605
-0.044
-0.222
-0.208
-1.807
-0.635
-1.149
 0.258
-0.284
-0.190
 0.319
-0.267
-1.500
 1.883
 0.114
-0.021
 0.420
 0.229
 0.235
-0.506
 0.001
-1.596
-0.146
 0.663
 0.474
-1.990
-2.441
-0.840
-0.197
 1.390
-0.208
-1.004
 1.035
-0.448
-0.103
-0.394
-0.889
-2.255
-2.660
-1.951
-0.214
-1.562
-0.721
-0.853
-1.920
-0.791
-0.697
 0.405
 0.217
-0.229
 0.224
-0.140
 1.164
 0.327
 1.268
 0.583
-0.823
-0.509
-0.840
 0.730
 0.501
 1.821
 0.243
-0.721
-0.558
-0.074
-0.916
-0.703
-1.275
-0.428
-0.271
-1.765
-0.472
 0.103
 0.286
-0.330
-0.128
 0.738
-0.134
-0.265
 0.950
-0.237
 0.927
 0.811
-0.384
 0.541
 0.643
-0.050
-0.112
 0.678
-0.080
 0.002
-0.589
 1.089
 0.399
 0.889
 0.173
 0.812
 1.022
 1.623
 1.543
 0.516
 0.420
 0.157
 0.893
-0.072
 0.162
 2.458
 0.890
-0.085
-0.737
 1.524
-0.380
 0.919
-0.673
-0.009
 0.649
 0.003
 1.362
 1.483
 1.585
-1.100
-0.410
-0.184
-0.314
-1.884
 0.465
 0.534
 0.930
 0.214
-0.528
 0.134
-0.816
-0.812
 0.095
 0.223
 1.538
 0.153
 1.190
 0.779
-0.604
 0.062
-0.350
-0.761
-0.070
-1.256
-0.057
 0.274
-0.849
-0.886
-1.822
-0.271
-1.624
-1.460
-0.555
 1.193
-0.660
 0.790
-0.422
-0.909
-0.697
 0.904
 1.148
 0.270
 1.268
 1.160
-0.180
 0.827
 1.099
 0.338
-0.499
 1.345
-0.211
 0.614
-1.617
-0.327
 0.726
-0.660
-2.891
-0.178
-0.793
-0.458
 1.090
 0.020
-1.754
-1.140
 0.368
-0.967
-1.673
-0.736
-0.453
 0.956
 0.382
 1.119
 1.419
 1.936
 1.411
 1.293
 0.825
 1.443
 0.332
 0.295
 0.085
-0.155
 0.210
 0.146
 0.368
-0.365
-0.855
-0.140
 0.107
 0.117
 0.203
-0.212
-1.292
-0.037
-1.500
-1.089
-2.840
 0.153
-0.524
 0.870
 0.673
-0.511
 2.307
 0.962
 0.026
 0.150
-0.452
 0.347
-1.406
-0.485
 0.530
-0.482
 0.101
 0.452
-2.064
 0.293
-0.256
-0.372
 0.149
 0.387
 0.488
 0.980
-1.103
-1.849
 1.017
 2.544
 0.596
-0.554
 0.457
 0.172
 1.508
 0.562
-0.969
-1.014
-1.001
-0.564
 0.724
-0.411
-0.934
-1.446
-0.629
-0.774
-1.726
-0.198
-0.195
-1.345
-0.318
-1.559
 0.058
-0.678
-0.487
 0.099
-0.021
-0.860
-0.012
-1.069
-0.327
-1.655
-0.807
-1.786
-2.287
-2.515
-2.655
-1.295
-1.376
-1.476
-1.284
 0.224
-0.132
-0.067
 0.458
 1.314
 0.309
-0.695
-0.637
 1.511
 1.245
-0.165
-0.866
 0.009
 0.060
 0.861
 2.318
 1.977
 1.993
 0.255
 0.710
 1.120
 0.175
-0.127
 0.704
-0.172
 0.938
 1.697
-0.202
-0.440
-0.698
-1.139
 0.352
 0.737
 3.209
 0.746
 1.250
 0.547
 0.853
 0.099
 0.327
 0.871
-0.322
 0.035
 0.401
-0.641
-0.073
 0.797
 0.335
-1.322
 0.207
 0.876
 1.011
 0.729
 0.944
 0.043
 0.370
-1.343
-0.428
-1.621
 0.579
-0.315
-0.863
-2.024
-0.431
 0.781
-1.021
-0.169
-0.017
-0.212
-0.157
 0.671
-0.065
 1.206
 0.371
-0.489
 0.425
-0.570
 0.016
-0.482
-0.239
-0.695
-2.060
 0.802
 0.936
 2.140
 1.682
 0.280
-1.137
-0.354
 0.516
-0.129
-0.364
-1.061
 0.355
 0.873
-1.480
 1.017
 1.127
 0.169
 0.236
 1.457
 0.893
-0.103
 0.617
-0.275
 0.048
 0.110
 0.324
-1.145
-0.603
-0.874
 0.030
 2.000
 0.389
-0.075
 0.728
-0.589
 0.020
-1.376
-1.386
-0.687
 0.065
-0.894
-0.114
-0.541
-0.225
 0.185
-0.305
-1.725
-0.294
-0.932
 0.925
 0.369
 0.090
-0.194
-0.060
-1.058
-1.078
 1.186
-0.691
-0.916
-1.002
-1.313
 0.069
-1.066
-1.529
-2.353
-0.158
 0.273
 0.912
 0.122
-0.223
 0.719
-0.408
-0.644
-0.346
 0.400
-0.674
-0.004
 0.956
-0.566
-0.350
-0.720
 0.676
-0.244
 1.683
 1.810
-0.623
-1.287
-0.471
-0.389
 0.521
 1.075
 1.497
 1.251
 0.756
 0.149
 0.992
 0.514
-0.518
 1.236
-0.145
 0.113
 0.127
 0.089
 0.996
 2.376
 0.868
-0.258
-0.184
 0.389
 0.109
-0.981
 0.343
 0.392
-0.499
-0.864
-0.791
 0.117
-0.124
-0.257
-0.453
-0.163
 0.345
 0.182
 0.972
 1.067
 0.318
 0.649
 0.175
 0.321
 0.387
-0.997
-0.785
-0.428
-1.857
-0.346
 0.128
-0.440
 0.835
 0.420
 2.139
 2.466
 2.121
 0.754
-0.730
 0.976
 0.423
-0.167
 0.416
-0.056
 0.367
 0.136
-0.402
-1.414
-0.074
-0.510
-0.408
 0.721
 0.157
 0.326
 0.898
 0.390
 1.568
 0.270
-0.351
-0.727
 0.412
 0.463
 0.821
-0.072
 0.185
-0.637
-0.082
-0.858
-0.262
-2.998
-1.307
-0.935
-0.566
-0.153
-0.339
-1.055
-1.364
-0.604
-0.578
 0.773
 1.277
 0.505
 0.159
 0.236
-0.340
 1.160
 2.726
 3.182
 3.371
 1.396
 2.720
 1.523
 3.649
 2.304
 3.155
 3.263
 3.193
 2.069
 0.398
 0.912
 1.353
 1.194
 0.478
 0.452
 1.887
 0.861
 0.893
 0.264
 0.275
 0.901
 2.183
-1.043
 2.237
 0.689
 1.454
 2.091
 2.340
 0.529
 1.502
 1.412
-0.237
 0.976
 1.650
 0.958
 0.462
-0.343
 1.210
 1.465
 0.757
 0.719
-0.276
 0.627
 1.377
 0.124
 0.731
 0.410
 0.619
-0.073
-0.104
 0.457
-0.299
-0.580
 0.485
 0.174
 0.927
 0.896
-2.349
-0.726
-0.044
-0.664
-1.261
-0.371
-1.041
-0.208
 0.060
 0.165
-0.025
 0.076
-1.235
-0.198
-2.643
-0.960
-0.620
-1.387
-1.013
-0.888
-1.280
 0.198
 0.326
 0.541
 0.234
-0.736
-0.487
-1.448
-0.079
-1.393
-1.682
-1.495
 0.221
 0.952
 0.244
 0.256
 0.434
-1.022
-0.699
-1.739
 0.198
 0.390
-0.727
-1.038
 1.421
 0.772
 0.291
-0.802
 0.205
 1.209
 0.575
 1.602
 0.338
 0.328
 0.743
 0.507
-0.082
-1.270
-0.510
-1.261
-0.306
-1.138
-0.557
-1.357
 0.304
 0.908
 1.474
 0.794
 2.363
 1.548
 0.848
 1.019
 1.261
 1.356
 0.730
 1.906
 0.175
-1.035
 0.157
 0.089
-0.650
-1.151
-1.911
-0.433
 2.048
 1.127
-0.002
-1.056
-1.959
-1.224
 0.144
-0.944
 0.575
-0.100
 0.649
-1.275
-1.569
-1.345
 0.264
 0.278
 0.709
-1.145
-0.406
 0.710
 0.675
-1.018
 0.913
-1.241
-1.724
-0.094
-0.994
-1.031
-1.027
-1.443
-0.442
-0.450
 0.522
-0.163
-0.093
-1.419
-0.562
-0.166
 0.745
 0.386
-0.261
-0.097
 1.829
-0.993
 0.479
-1.089
-0.834
 0.357
 0.308
-0.564
-0.770
-0.736
-1.470
-2.379
-2.405
-0.613
 0.203
-0.529
-1.387
 0.353
-0.267
-0.464
-0.235
-1.260
 0.538
-0.778
-1.334
-0.978
-1.023
-0.384
-0.508
-2.166
-1.457
-0.632
-0.088
-0.092
-0.659
 0.736
 0.490
-0.061
-0.204
 0.081
 0.222
 0.362
-1.129
-1.511
 1.767
-0.401
-0.221
 1.369
-0.234
-0.451
-1.013
-1.336
-0.098
-1.759
-2.580
-2.046
-2.017
 0.521
-1.576
 0.320
 1.189
-0.308
-1.516
 1.563
-0.265
 0.253
 0.917
 1.980
-0.119
-0.092
-0.095
 1.325
-0.006
 0.145
 0.716
 0.103
-1.335
-0.940
-0.204
-0.138
-0.727
 1.821
 0.027
 0.059
 0.846
-0.545
-1.662
 0.175
-1.331
-1.069
-0.481
-0.183
-1.250
 0.169
 0.716
 0.197
 0.728
 0.272
 0.057
 0.192
 0.158
-1.174
-0.419
 0.134
-1.020
-0.357
 0.499
 1.648
 1.567
 0.889
 0.861
 1.287
 0.686
-0.007
 0.604
 0.976
 0.310
 0.804
-0.154
 1.500
 1.448
 2.473
 1.227
 0.270
 0.992
 1.379
-0.639
-0.323
 0.883
 0.668
-0.044
-0.628
 0.996
 0.605
 0.879
-0.060
-0.583
-0.358
 0.909
-0.430
 1.764
 0.258
-0.609
-0.345
-0.154
 0.631
 1.004
 0.579
 1.244
-0.772
-0.347
 0.207
 1.104
 1.378
 1.043
 1.873
 1.869
-0.136
-0.473
-0.111
 0.268
 1.805
 2.095
 1.057
 1.073
 1.710
 1.011
 2.843
-0.106
 0.399
-0.240
-0.172
 0.823
 0.672
 0.831
 0.460
 1.967
 2.698
 3.009
 1.087
 1.994
 0.888
-1.299
 1.408
 1.975
 3.489
 2.369
 0.589
 1.642
 1.474
 1.095
 1.917
 1.808
 2.612
 1.378
 1.247
-0.107
 0.840
 0.490
 0.356
 1.355
 0.570
 1.075
-0.700
 0.500
 0.295
 0.722
 1.940
 0.335
 0.654
 0.487
 1.489
 1.710
 0.168
 0.153
-0.879
-0.986
 0.735
-1.074
 0.538
 0.381
-0.486
 0.518
 0.173
 1.119
 0.841
-1.522
-0.441
-0.272
-0.277
 0.561
 0.241
-0.543
 1.330
 0.188
 1.077
 1.076
 0.949
 0.650
-0.399
-0.202
 0.502
-0.747
-0.999
-0.831
 1.627
 0.756
 0.128
-0.354
 0.278
 0.212
 1.778
-0.865
-0.821
 0.116
-0.823
 1.169
 1.482
-0.089
 2.192
 1.080
 1.492
 2.154
-1.013
-0.230
 1.031
 1.391
 1.209
-0.197
-0.691
 0.863
-1.054
-0.236
-0.470
 0.521
 1.184
 0.852
 0.135
-0.937
-0.695
-1.258
-0.036
-0.123
 0.492
 0.350
 1.410
 0.598
 0.647
-0.485
-1.019
-0.417
 0.531
 0.244
 2.148
 1.718
 1.317
 1.061
 0.069
-0.554
 0.070
-0.995
-0.672
-1.075
-1.985
-0.457
-0.160
-0.417
-0.040
 1.011
 0.723
 0.926
-0.624
 0.724
 1.474
 1.141
 0.372
 1.141
 0.670
 0.702
 0.994
 1.952
 1.465
 0.125
-0.787
-1.012
-0.835
-0.948
-0.414
-0.156
-0.314
-0.393
 0.080
-0.876
-0.328
 1.294
 0.790
 0.567
 0.678
 0.825
 0.854
-0.716
-0.558
-0.134
 0.357
 0.704
 0.697
-0.320
-0.285
-0.394
 0.713
 0.664
 0.082
 0.052
 0.641
 0.560
-1.420
 1.418
-0.132
-0.787
-0.783
-0.379
-1.470
-1.177
-0.888
-0.617
-1.008
-2.123
-2.264
-0.241
-0.027
-0.214
-0.191
 0.409
-1.334
-1.215
 0.806
 0.069
-0.173
-0.790
 0.313
-0.651
-0.704
 0.047
 0.892
 0.424
 1.937
 1.675
 1.629
 0.932
-0.007
-0.063
-0.581
 1.805
-0.181
-0.498
 0.169
-0.406
 0.379
-0.707
-0.383
 0.856
 1.026
 1.879
 0.321
 0.121
 0.557
 0.214
 1.327
 0.926
-0.512
 0.961
 0.727
 0.555
-0.278
-1.012
 0.406
 0.364
 0.299
-2.044
 0.068
-1.245
 1.028
 0.251
-0.013
-0.136
-0.177
-0.935
-2.136
 0.853
 1.154
 0.345
 0.794
 1.160
 1.913
-0.083
 0.772
-0.073
 0.704
 0.506
 1.331
-0.907
-0.427
-1.827
-0.093
 1.109
 0.734
-0.143
 0.652
-0.312
 0.777
 0.241
 0.049
 0.793
-0.080
-0.669
-1.288
-0.650
 0.320
-0.046
 0.853
 0.122
-0.560
-0.709
-0.534
-1.543
-0.797
-1.061
-0.170
-0.433
 0.065
-1.179
 0.573
 0.351
-1.594
-2.372
 0.308
 0.026
 1.342
-1.034
-0.520
-0.157
-0.877
 0.227
 0.028
 0.450
-0.391
 0.581
 1.492
 1.562
 1.443
-0.542
 0.462
-0.872
 0.129
-0.387
-0.878
 1.520
 0.451
 1.828
 1.365
-0.843
-0.341
 0.805
 0.892
 0.175
-0.393
-0.679
-0.808
-0.188
 0.885
-1.232
-0.121
 0.056
-0.897
 0.053
 1.001
 0.591
 0.518
 1.042
 1.134
-0.354
-0.608
-0.242
 0.353
 1.142
 0.201
 0.534
 0.321
 0.132
-1.176
-0.801
-0.236
-0.486
 0.640
 1.740
-0.403
-1.759
-0.978
-0.204
 1.604
 1.415
 1.263
 0.471
-0.534
 0.556
 0.285
 1.363
-0.318
 0.771
 1.149
 1.255
 1.037
 1.198
 1.030
 1.130
 1.177
 0.950
 0.673
-0.047
 1.502
 2.188
 0.836
 0.295
 0.264
-1.454
-0.255
-0.628
-0.918
 0.775
 1.286
 1.075
-0.246
-0.909
-0.448
-1.690
-1.540
-0.165
 0.276
 1.354
-0.008
 1.068
 1.107
 0.625
 0.649
 0.955
 0.114
 1.365
-1.169
-1.644
-1.014
 0.203
 0.982
 0.387
 1.032
 1.110
-0.181
-0.159
 0.477
 0.476
 2.614
 1.669
 0.097
-0.457
 1.614
 1.732
 1.709
 0.592
 1.061
 1.148
 1.013
 0.889
 1.229
 1.212
 0.525
 0.140
-0.431
 0.899
 1.759
 0.335
-0.944
-0.986
-0.080
-0.252
-2.368
-0.627
-0.432
-0.277
-0.832
-0.395
-2.783
-1.225
-2.143
 0.203
-0.459
 0.060
 1.870
 0.947
 0.991
 0.176
 0.587
 1.865
 0.685
 2.332
 1.664
 0.401
 0.105
 1.205
-0.131
-0.702
-0.338
 0.451
-0.286
-0.522
-1.527
-0.047
 0.068
-0.540
-1.019
 0.519
-2.436
-2.042
-1.394
 1.090
 0.280
 0.149
-0.537
-0.654
 0.463
-0.471
-0.623
 0.001
 0.467
-0.506
-3.113
-1.265
 0.189
 0.563
 0.975
 0.677
-0.409
-0.804
-1.973
-1.240
 0.734
 1.447
 0.806
 0.558
 0.727
 0.160
 0.533
 1.362
 0.134
 1.162
 0.415
 0.718
-0.475
-1.262
-0.363
-0.090
-1.046
-0.653
-0.803
-1.546
 0.765
 0.279
-0.844
-0.509
-0.963
-0.148
-1.015
 1.156
 1.153
 1.948
-0.073
 1.099
 0.662
-0.405
-0.755
 0.265
-0.182
-0.507
-0.835
-1.529
-0.457
-0.323
 0.347
 0.633
 0.174
 0.830
 0.394
-0.223
-0.723
 0.195
 0.862
-1.197
-2.853
-1.510
 0.149
-0.794
-0.379
 0.929
 0.132
-1.418
-0.118
-0.322
-0.178
 0.434
-0.960
-1.343
-3.172
-1.115
-0.828
-0.523
-0.029
-0.295
-0.706
-1.027
-1.162
-1.083
 0.080
 0.623
 0.503
-0.609
-1.052
 0.515
-0.055
-1.771
-0.492
 0.560
-0.181
 0.879
 0.537
 0.893
 1.437
 1.297
-0.329
-2.064
-1.305
 0.312
 0.841
 1.544
 0.985
 1.057
 0.782
 0.441
 1.118
-1.195
-1.558
 0.358
-0.056
 1.327
-1.191
-1.995
-0.156
-1.443
-2.765
-1.205
-1.265
-0.605
-1.430
-0.002
-0.006
 0.365
-0.295
-1.022
-0.370
 0.479
-0.327
-0.156
 1.289
 1.111
 0.107
 0.245
 0.392
-0.554
 1.279
 0.740
-2.115
-0.713
-2.574
-0.580
-2.260
-1.782
-0.716
-0.666
 0.985
 0.328
-1.399
 0.481
-0.035
 0.150
 0.547
 0.272
 0.453
 0.612
 0.232
-0.283
-0.683
-2.301
-1.611
-0.121
 0.383
-0.571
 0.671
 0.819
 0.260
-0.641
-0.109
 0.530
-0.483
 0.236
-1.014
-0.128
 1.254
 0.698
 0.825
-0.275
-1.695
-1.677
 1.222
-0.306
 0.289
 0.057
 0.817
-0.138
-0.495
 0.760
-0.754
-0.216
-0.966
 0.556
-0.242
 0.412
 0.235
-0.287
-1.194
-0.673
 0.235
-1.214
-0.502
 0.035
-0.545
 1.707
-0.634
-1.533
 0.118
-1.180
 1.533
 0.158
 2.685
 0.388
 0.740
 2.519
 0.838
 0.731
 0.665
-0.065
 0.554
 0.106
 0.625
-0.304
 0.238
 0.861
 0.989
 0.335
 0.609
-0.011
 0.724
-1.534
 0.595
 1.289
 1.088
 2.074
-0.147
-0.105
-0.670
 0.616
-0.584
-0.373
-0.773
 0.250
 0.353
 0.510
-0.696
-0.918
-0.576
-2.018
-0.830
 0.022
-0.950
-1.125
-0.165
-0.121
 0.171
-1.199
-1.464
-0.039
 0.192
-0.202
-0.926
-1.677
-1.254
-0.849
-0.008
-0.169
 0.712
-0.710
 1.458
-1.287
 0.094
 0.221
-0.420
-1.580
 1.320
 0.954
 0.286
 0.667
-0.368
-0.394
 0.602
 0.506
 0.739
 0.079
 1.371
 1.694
 1.539
 0.121
 0.259
-0.070
 1.540
 0.150
 0.400
 1.218
 0.282
 0.177
 0.809
 0.167
 0.175
-0.259
-0.857
-1.377
-0.312
 0.048
 0.396
-1.675
 0.109
 1.288
 0.537
 0.038
-1.200
-0.008
 0.503
 0.136
-0.608
-0.102
-0.304
 0.288
 0.789
 0.335
 0.625
 1.176
 1.107
-0.295
 0.785
 0.902
-0.062
-0.204
-0.667
-1.021
-0.426
-0.216
 0.815
 0.686
 0.025
 0.368
 0.037
-0.108
 1.298
 1.112
 1.852
 0.716
-1.356
-1.127
-0.312
-0.565
-1.588
-0.774
-0.397
-0.628
-0.094
 0.975
 0.858
-0.134
-0.078
 0.481
 1.175
 0.370
 0.868
 0.261
-0.221
-0.296
 0.379
 0.943
 0.938
 0.411
-0.038
-1.714
 0.031
-0.157
-0.144
-0.718
 1.018
-0.124
 0.409
-0.106
-0.177
 0.938
-0.004
 0.335
 0.724
 0.430
-0.779
 0.849
-0.084
-0.347
 0.468
-1.912
-1.465
-0.755
-1.205
-0.889
-2.166
 0.008
-0.734
-1.269
-0.687
-1.407
-1.979
-1.069
-2.002
-1.155
-0.201
 0.281
 0.756
-1.042
-1.785
-0.958
-1.337
-2.085
-0.849
-0.186
-1.394
-1.819
-2.798
-2.143
-2.016
-1.047
-1.531
-0.811
-1.095
-0.205
-0.841
-1.247
-1.706
-1.165
-1.132
 0.306
-0.779
-1.151
-0.371
 0.009
-1.819
-0.482
-1.435
-0.657
-0.569
-1.543
-0.726
-0.632
-0.929
-0.279
-0.456
-0.679
-0.201
 0.970
-1.494
-1.992
-2.373
-0.964
-2.117
-1.101
-0.210
 0.389
-0.524
 0.057
-0.544
-0.845
-1.013
-2.976
-1.008
-1.770
-1.104
-0.963
-0.347
-0.007
-0.029
-1.286
-0.526
 0.288
 0.504
 1.344
 0.919
-0.441
-0.542
 1.802
 1.960
 0.241
-0.607
-0.271
 0.006
-1.181
-1.024
-0.892
-1.172
-2.205
-0.596
-1.231
-1.879
-0.912
-1.352
-3.026
-0.612
-0.852
-0.593
-0.148
-0.484
-0.149
 1.264
 0.817
 1.059
 0.681
 1.188
 0.655
-0.289
 0.385
-1.607
 0.852
 1.315
 2.475
 1.280
 0.711
 0.930
 1.655
-0.172
 1.089
-0.070
-1.110
-1.004
 0.178
-0.419
 1.192
-0.106
-0.526
 2.234
-0.280
 2.127
 1.546
 0.881
-0.651
 0.134
 1.773
 0.112
-0.263
-0.372
-0.874
 0.751
 0.970
 0.855
-0.773
-0.111
-0.227
-1.121
-0.841
-1.278
 0.418
 0.023
-1.548
 0.782
-0.875
-0.726
-0.040
-0.335
 0.449
 1.273
 0.359
-0.118
 0.075
 0.746
-0.082
 0.330
-0.400
-0.680
-0.667
 1.440
 0.928
 0.555
 0.308
-0.322
-0.066
-0.368
-0.548
-0.556
-0.693
-1.248
-1.795
-1.354
-0.579
-0.078
 1.123
 1.053
-0.576
 1.714
 1.328
 0.404
 1.521
 0.956
 0.407
-0.291
 0.995
 0.340
 0.587
 2.993
 1.644
 2.141
 1.406
 1.313
 2.141
 1.158
 0.450
-0.555
-0.868
 1.348
 0.203
 0.246
 1.781
 0.895
-0.703
 0.482
 1.109
 1.201
 1.639
-1.155
-1.230
-1.220
 0.183
 2.411
 0.871
 0.612
 1.656
 0.973
 1.221
-0.883
-0.284
-1.010
 0.443
 0.770
-0.776
-1.328
-0.155
-0.219
-0.582
 0.444
 1.730
 1.137
 2.716
 0.502
 0.099
 0.691
 1.073
 0.670
 2.063
 0.391
-0.279
 1.507
-0.261
 0.926
 1.320
 0.015
 0.078
 2.050
 0.820
-0.044
-0.271
 0.796
 1.176
 1.161
-0.607
 0.460
 1.157
-0.950
 0.096
-0.033
 0.876
 0.256
 0.202
-0.547
-0.536
-1.192
-0.154
 1.501
 2.574
 1.995
 1.285
 0.854
 0.920
-0.806
 0.758
-0.191
-0.588
-0.894
-0.312
-0.620
-0.444
-0.342
-0.315
-0.974
-0.410
 0.581
-0.305
 0.103
-0.166
 0.469
-0.840
 2.332
-0.016
-0.003
-0.187
-0.489
-1.304
 1.025
-0.292
 0.363
-2.101
-1.550
 0.581
 0.958
 0.211
 0.979
 1.279
 0.642
 0.145
-0.032
-0.932
-0.834
-0.326
 0.466
 1.085
-0.606
-1.009
-1.166
-1.181
-1.203
 0.992
 0.094
-0.225
-0.424
 0.664
 0.571
 0.700
 0.376
-0.377
-0.655
-1.131
 0.306
 0.364
-0.523
 0.188
 1.784
 0.990
 1.227
 1.404
-0.369
 0.450
-0.125
-0.318
 0.250
-0.199
 0.725
 0.360
-1.055
-1.734
-0.236
-0.988
-0.637
-0.649
-0.813
-1.637
 0.154
 0.405
-0.958
 0.119
-1.911
-0.733
-1.066
-0.892
-2.176
-1.317
 0.024
 1.917
 1.687
 0.240
 2.048
 1.915
 0.874
 0.005
-0.488
 0.494
 0.285
-0.323
 0.760
 2.229
-0.036
-1.293
 0.375
-0.366
-0.771
-0.676
-0.589
 0.107
-0.798
 0.159
 0.622
 0.845
-0.270
-0.540
-0.197
 0.462
-0.412
-0.049
-0.528
-1.107
 0.129
 0.828
 1.760
-0.788
 0.436
-1.012
-0.270
-0.966
-1.883
 1.179
-0.005
 0.205
-0.580
 0.030
 1.065
-0.543
 0.499
 0.523
 0.265
 1.353
-1.151
-0.385
 1.374
 0.924
 0.680
-0.552
 1.099
 0.199
 0.116
 0.018
 1.137
 0.460
-0.760
 1.272
-0.379
 1.001
 2.350
-1.212
-0.716
 1.287
-0.514
 0.204
-0.419
 0.480
 0.569
-1.364
 0.044
 0.233
-1.488
 1.091
 0.047
 0.396
 0.465
 0.987
 1.267
 1.793
 0.364
 0.388
-0.734
-0.245
-0.889
 1.300
 0.584
 0.054
 1.455
 1.045
 0.831
-0.102
-0.977
-0.997
-0.191
-0.662
-0.609
 0.048
-0.479
-1.157
 1.734
-0.391
 0.245
 0.431
-0.952
 0.383
-0.097
-0.174
-0.142
 0.699
 0.992
-0.136
-1.372
-1.289
-0.665
 0.777
 0.238
 0.944
 0.856
 1.413
 0.953
 0.797
 0.554
 0.090
 0.678
-0.496
 0.280
 1.054
 0.331
-1.001
 0.572
 0.341
 1.016
-0.297
-2.093
-0.376
-0.246
 0.469
 0.507
-1.341
-0.992
 0.399
-1.194
 0.074
 0.012
 0.308
-0.569
-0.236
 0.687
-0.788
-0.328
 0.722
 0.805
 0.502
 1.573
 1.053
 0.727
 1.437
 1.619
-0.104
 0.582
 1.648
-0.452
-0.156
 0.242
 0.165
-0.139
 0.875
-0.393
 0.038
-0.974
-1.419
-0.263
-0.017
 0.505
 1.335
 0.064
 1.082
 0.524
-0.048
-0.352
 0.857
-0.521
-0.537
 0.178
-0.675
 1.089
-1.026
 0.620
 1.012
 0.114
 0.286
 1.146
 0.200
 0.493
 0.320
 1.186
 1.725
 1.816
 0.774
 0.314
 2.692
 2.221
 1.056
 0.697
-1.056
 0.082
 1.773
 0.518
 1.127
 0.801
 0.469
 0.749
 0.700
 0.860
 0.328
 0.818
 0.517
-1.615
-0.811
-0.718
 0.302
 0.051
 0.180
 0.192
 2.679
 0.992
 0.737
 0.168
 0.586
 1.210
 0.506
 0.085
 0.019
 0.033
 1.052
 0.138
-0.517
-1.391
 0.780
 0.974
 1.633
 1.954
 1.048
-0.225
 0.613
 0.492
-0.656
-0.663
-0.069
-0.722
 1.021
-0.599
-0.726
 0.817
 1.018
 1.202
 0.810
-0.184
 0.613
 1.083
-0.807
-0.411
-0.032
-0.025
-0.215
 0.757
-0.799
 0.161
 0.894
 2.283
 1.016
 0.210
 2.619
 2.344
 1.598
 0.213
 1.175
 0.564
-1.019
-1.379
 0.048
-0.238
 0.242
-0.093
-1.049
-0.643
-1.143
-0.566
-0.520
 0.516
 1.660
 0.791
 0.191
-2.645
-1.348
-1.432
-2.020
-2.874
-1.873
 0.278
-0.676
 1.124
-0.140
-0.213
 0.998
-1.015
-0.808
-0.676
 0.360
-0.261
-1.039
 0.256
 0.078
 0.414
 1.162
 0.183
 1.809
 2.047
 1.179
 0.955
-0.219
 0.507
 1.532
-0.310
-1.147
-0.834
-0.998
-1.852
-0.856
-1.424
-0.213
-0.685
 0.060
-1.311
-0.270
 0.022
-0.809
-2.379
 0.057
 0.087
-0.239
-0.260
-0.360
-0.098
-0.866
-0.732
-2.045
-1.574
-0.518
 0.082
 0.831
-0.380
 0.412
 0.429
 0.151
 0.401
 0.007
-0.566
 0.099
-0.936
 0.617
 2.239
 1.786
 0.898
-0.833
-0.907
 0.447
-0.369
 0.082
 0.674
 0.315
 1.008
 1.089
 0.216
 2.069
-0.737
 0.699
 0.450
-1.896
-1.632
-1.992
-0.382
-0.846
-0.323
-1.145
-1.093
-2.400
-0.883
-1.542
-1.147
-1.835
-0.664
-0.689
-0.662
 0.225
 0.717
-0.405
-0.335
-0.135
 0.949
-0.305
-1.500
-1.921
 0.519
 0.435
 0.697
 0.371
 0.441
 0.643
-0.638
-1.487
 1.023
 0.660
 0.951
 0.636
 1.805
 1.689
 2.061
-0.026
 1.410
-0.750
-0.031
 0.743
-0.089
 0.270
-1.510
-1.153
-1.556
-0.595
-1.071
-1.258
-0.638
-1.598
-2.588
-2.367
-1.032
-1.812
-1.076
 0.568
-0.098
 0.346
-0.355
-0.191
-1.457
-1.084
-0.864
-0.099
-0.380
-1.212
 0.516
 0.333
-0.008
 0.544
 0.353
-0.107
-0.390
-0.130
-0.826
-1.025
-0.674
-0.853
-1.040
-0.180
 1.400
-0.063
 0.305
-0.126
-0.292
-0.920
-0.403
-0.019
 0.049
-0.063
-1.847
-1.181
-1.707
-1.902
-1.391
-1.675
 0.216
-0.213
 0.187
 0.394
-0.079
 1.256
-1.563
-2.009
-1.206
-0.150
 0.883
 0.405
 0.151
-0.345
 1.160
 1.498
 0.016
 0.691
 0.119
-0.299
 0.431
 0.628
 1.615
 0.991
-0.059
-1.034
-0.767
-0.293
 0.329
 0.763
-0.207
-0.564
-2.177
-0.860
-2.351
-1.936
-1.795
-1.433
-1.558
 0.280
 0.051
-0.735
 0.110
-0.522
 0.024
-0.573
-0.203
-1.167
-1.631
 0.043
-0.109
-0.037
-0.363
-0.313
-0.723
-1.021
-1.104
 0.069
-0.570
 0.795
 1.297
 0.098
 0.316
 0.696
-0.690
-0.840
 0.712
 0.394
 0.662
 0.266
-0.689
 0.501
 1.107
 0.966
-1.080
 0.500
 0.837
 0.512
 0.051
 0.290
-0.067
-0.067
-0.850
 0.159
-0.381
 0.965
 0.486
 1.026
-0.501
 1.474
 1.891
 1.781
 1.020
-0.261
-0.769
-0.787
-1.253
-2.831
-1.246
-1.085
-1.359
-0.247
-0.606
-0.194
-0.503
-0.579
-0.115
-0.858
-2.406
 0.125
-2.837
 1.428
 2.762
-0.073
 0.061
 0.137
-0.718
-0.868
 0.429
-1.055
-0.809
 0.255
 0.389
 0.257
-0.382
 1.372
-1.037
 0.471
 0.222
-1.603
 1.062
-0.414
-0.289
-0.573
-0.298
-0.358
 0.385
 0.817
-1.788
-3.017
-1.152
-2.218
-1.421
-0.788
-1.139
-0.168
-0.128
-1.136
-0.630
-0.759
 0.449
 0.083
 0.213
-0.236
-0.690
-1.104
-0.441
-3.191
-1.226
-0.836
-0.824
 0.346
-0.630
-0.450
-1.175
-0.156
-1.980
 0.442
-0.930
-0.027
-0.071
 0.915
-0.864
-1.165
-1.743
-0.299
-0.014
 0.472
-0.787
 0.554
-0.158
-0.975
 0.313
 0.268
 0.428
 0.162
-0.371
-1.887
-1.748
-1.313
-0.650
-0.477
-0.542
-0.586
 1.086
 0.201
 0.457
 0.313
-0.304
-0.686
-0.709
-0.337
-0.730
 0.499
-0.750
-0.592
-0.537
 1.205
-0.105
 0.046
-0.506
-0.854
-1.296
-1.512
-1.661
-0.091
-1.165
 0.214
 0.183
-1.300
-0.830
-0.754
-1.205
-1.781
 0.352
 0.956
-0.967
-2.910
-2.409
-1.395
-1.351
-1.530
-0.021
-0.237
-0.269
-0.984
-1.582
-1.153
-1.367
-0.657
-1.579
-1.267
 0.092
 0.789
-1.078
 0.398
-0.711
-0.221
-0.137
 0.246
 1.030
-0.588
-0.462
-2.674
-1.265
-2.317
-0.611
-0.885
-0.070
 0.064
 0.452
 0.904
 0.769
 0.587
 1.708
 0.794
 0.446
 0.359
 0.089
 0.620
 0.205
 0.975
 0.263
 0.695
 0.897
 0.760
 2.071
 2.652
 0.300
-0.519
-0.784
-0.098
-0.219
 1.393
 1.290
-0.425
 0.731
 0.479
 0.198
 0.415
-0.339
-1.610
 1.300
-0.335
-0.992
 0.863
 0.935
 0.571
 1.200
-0.294
 0.218
-0.161
 0.404
-0.519
-0.099
 0.475
 0.543
 1.431
 0.036
 0.460
 0.156
 1.007
 0.800
 1.370
 1.652
 0.806
-0.032
 1.427
-0.778
 0.527
 1.387
 0.215
-0.930
-0.577
-0.738
 0.985
 1.147
 0.639
 2.168
 1.559
 0.426
-0.192
 0.502
-0.973
-1.519
-0.080
-0.284
-0.995
 1.006
-0.886
 0.370
-0.012
 0.641
 0.532
-0.068
-0.512
-0.418
 1.156
 1.233
 0.513
-0.013
-0.145
 0.828
-0.615
 0.631
 1.846
 1.586
 1.157
 0.765
 0.162
-0.135
-0.101
 1.281
 0.719
-0.375
-0.866
-0.763
-0.167
 0.251
 0.713
 0.365
-0.547
 0.807
 0.817
-0.105
-0.526
-0.011
 1.077
 3.270
 1.663
 0.143
 1.219
 0.847
-0.608
 0.625
 1.055
 1.276
-0.981
-1.303
-1.289
-1.083
 0.383
-0.168
-0.554
-0.649
 1.189
 0.278
 0.191
-0.268
-0.452
 2.044
 1.040
 0.908
 0.894
 0.528
 1.396
 1.134
-0.219
 1.304
 0.019
-1.325
 0.158
-1.718
-0.979
 0.548
-0.271
-0.365
-0.080
 0.196
 1.872
 1.034
 1.889
 1.136
 0.916
 1.451
 1.838
 2.258
 1.830
 1.280
 1.081
 2.385
 1.998
 0.778
 0.326
 1.186
 1.820
 1.372
-0.407
 0.927
 0.153
 1.265
 1.453
-0.273
 1.342
 0.791
 0.615
 1.332
 0.798
 0.093
-0.477
-0.086
 0.455
 3.159
 1.527
 0.396
 0.675
 1.214
 1.239
 1.980
 1.204
 0.766
-0.480
 1.112
 0.615
 0.594
-1.366
-1.152
-0.525
-1.308
 0.229
-0.428
-0.553
 0.235
-0.757
 1.471
 2.085
 0.228
 0.216
 0.191
 0.362
 0.508
 1.383
-0.628
 0.759
 0.462
 0.566
-2.314
-0.497
 0.933
-0.920
-1.294
-0.613
-0.553
-0.237
-0.293
 2.073
 1.070
-0.435
 0.006
 0.796
-0.489
-0.531
-1.285
 0.833
-1.077
-1.358
-0.128
 0.323
-0.697
-1.453
-0.040
-0.260
-0.554
-0.860
-0.374
-0.677
-0.923
-2.632
-1.579
-1.533
-1.298
-0.935
-0.456
 0.120
-0.308
-1.298
-1.167
-0.704
-1.723
 0.322
 0.591
 0.671
 1.351
 2.129
 0.841
-0.332
 0.743
-0.151
-0.285
-0.056
-1.842
-0.514
 0.998
 2.059
-0.286
-1.200
 0.363
-1.450
 0.322
-0.762
-0.590
-0.512
-0.771
-2.200
-1.864
-0.854
-1.486
-1.422
-1.361
 0.170
-0.015
 0.312
 0.090
-1.411
-0.769
 0.287
-0.352
-1.054
 0.410
 0.207
 0.101
 0.801
 0.513
 1.142
-0.609
-0.073
 1.630
 0.430
 0.329
 0.559
 1.026
-1.149
 0.177
-0.420
 0.958
 1.373
-0.148
 1.525
-1.491
-0.026
 1.728
 0.119
 1.711
 2.145
 1.848
 0.963
 1.340
 1.797
 2.137
-0.980
-1.433
 0.634
 1.265
 0.809
-0.280
 0.854
 1.101
 0.253
-0.702
 1.715
 0.265
 0.584
 0.505
-0.344
-0.310
 0.841
-0.062
-0.975
-0.703
 0.540
-0.723
-1.007
-1.089
-1.237
 0.146
-0.789
-0.025
-0.504
 0.620
-0.152
-0.121
-0.870
-1.129
 0.411
 1.490
 0.271
 1.170
-1.116
-0.502
 0.916
-0.866
-0.601
-0.900
-0.300
 0.135
-0.599
 0.009
 0.216
 0.011
-2.171
-1.968
-0.438
-1.826
-0.503
-2.823
-0.800
-1.062
-0.818
-1.660
 0.327
-0.307
 0.239
-2.001
-1.163
 0.964
 0.580
-0.469
 0.311
 0.476
-1.237
-0.251
-0.316
 0.978
-1.039
 0.358
-0.765
-1.542
-0.528
 0.924
 0.614
 0.561
-0.267
 0.118
 0.717
-0.390
 1.109
 0.303
 0.143
-0.677
 0.560
-0.021
 1.186
 2.371
 0.852
 0.841
 1.374
 0.911
 0.474
-0.749
-0.004
-0.301
 0.629
-1.202
-1.579
-1.333
 0.036
-0.275
-0.038
 0.919
 0.366
 0.395
-0.336
-0.747
 0.577
-0.773
 0.478
-0.633
-0.973
-1.047
-1.264
 0.061
-0.223
-0.483
-1.979
-0.434
-0.309
-0.390
-1.761
-0.993
-1.316
-0.455
-2.388
-0.150
 0.972
-0.304
-0.046
-0.279
-1.943
 0.506
-1.510
-0.920
-1.410
-0.269
 0.391
 1.045
 0.661
-0.956
-0.285
 0.032
-0.700
 0.434
-1.920
-0.254
-1.484
 1.044
-0.403
-0.530
-0.328
 0.276
-0.592
-2.608
-1.201
-0.609
-0.436
-0.942
-1.320
-0.541
 0.507
-0.220
-1.249
-2.295
-1.489
 0.026
-1.139
-0.517
-0.218
-1.167
-1.954
-1.750
-1.026
-3.012
-2.177
-2.728
-2.494
-1.736
-1.221
-1.981
-2.031
 0.092
-1.222
 0.607
 0.855
 0.309
-0.057
-0.460
-0.029
-0.247
 0.060
 1.412
 1.545
-0.239
-1.146
-0.052
 0.594
 1.298
-0.085
 1.398
-0.732
-0.988
-0.180
-0.555
-0.343
 0.197
-0.038
-0.699
-1.507
-0.793
-1.052
 0.298
 0.046
-0.773
-0.449
 0.544
 0.920
 0.801
 0.757
 1.022
 0.295
 0.633
 1.429
 1.077
 0.974
-0.687
-0.702
 0.139
-0.775
-0.925
-0.653
-1.250
 1.832
-0.355
 1.198
 2.780
 1.156
 1.019
 3.290
 2.649
 2.551
 2.025
 1.053
 0.455
-0.202
 0.613
 0.857
 0.441
 1.783
 2.235
 1.443
 0.374
-0.331
 0.870
 0.709
 1.642
 0.706
 0.632
 1.558
-0.867
 0.663
 1.282
-1.512
 0.935
-0.735
 1.255
-0.195
 0.659
-0.630
-0.555
-0.006
-0.484
 2.367
 1.778
 0.774
 0.822
 0.014
 0.988
 1.026
 0.375
 0.211
 1.541
 0.636
 0.201
-1.258
-0.698
 1.641
-0.745
-0.974
-0.876
 1.216
-0.004
-0.028
-0.842
 0.456
 1.503
 0.029
 0.657
 1.506
-0.370
-1.579
-0.810
 0.373
 0.518
-0.369
 0.167
 0.083
 0.147
 0.854
 0.518
-0.367
 0.959
 2.299
 0.591
-0.407
 1.427
 0.100
-0.071
 0.752
-0.556
-0.265
 1.630
 0.942
 1.536
 1.074
 0.898
-0.426
-0.328
 0.889
-1.253
-0.824
 0.284
 0.378
 1.727
 0.790
 0.710
 1.078
-0.346
-0.301
-0.077
-0.626
-0.073
-1.570
-0.029
 0.647
 1.812
 0.918
 2.234
 0.007
-0.374
-0.878
-0.558
-1.274
 1.433
 0.556
-0.481
-1.188
-1.808
-2.188
-0.248
-0.968
 0.403
-0.687
-0.002
-0.296
 0.407
 0.270
 1.097
 0.455
-0.929
-0.212
 0.342
-1.170
-0.055
 0.011
 0.039
 0.799
 0.296
-0.345
-0.242
 0.615
-1.274
-0.702
 0.030
-2.446
-1.010
-2.952
-2.820
-0.903
-0.102
 0.134
-1.353
 0.776
 2.132
 1.937
 0.256
-0.498
 0.328
 1.305
 0.941
 1.139
 1.462
 1.630
 0.552
-0.313
 0.459
 0.092
 0.595
 0.937
 0.364
 0.290
 0.101
-1.213
 0.363
-0.071
-0.033
-0.365
-0.491
-0.186
 0.481
-1.166
 0.085
-0.856
-0.649
-1.018
-0.130
-0.413
-0.371
-0.715
-1.457
 1.613
 0.970
 0.141
 0.594
-1.340
 0.167
-0.196
-0.011
 0.007
-0.029
 0.119
-1.252
-1.227
-0.691
 0.541
 2.872
 2.315
 1.772
 2.152
 1.868
-0.484
 0.039
-0.859
 0.466
-0.204
 0.154
 1.601
-0.209
 1.394
 1.066
 0.259
 1.636
 1.577
 0.384
 1.263
 1.897
 1.125
 1.581
-0.179
 1.463
 1.708
 0.051
-0.021
 1.762
 1.152
 1.059
 2.394
 1.492
 1.511
 1.573
 1.169
 1.719
 1.036
 0.514
 1.826
 0.896
 0.545
-0.428
 1.152
 0.404
 0.781
-0.479
-0.577
 0.917
 0.808
 1.228
 1.148
 1.596
 1.689
 0.530
 1.678
 0.011
 0.492
 0.071
-0.592
 0.993
 0.546
 1.179
 1.299
 0.895
-0.536
 0.134
 0.666
 1.209
 2.076
 0.382
 0.857
 0.622
-0.166
 0.666
 1.069
 0.674
 0.646
-0.060
 1.644
 1.677
 0.775
 0.587
 1.482
 0.671
 0.070
 0.225
-0.108
-3.110
-1.007
-0.581
-0.483
 0.353
-0.061
-0.799
 0.942
 0.853
 0.164
-0.279
-0.556
 1.892
 2.320
 0.555
 0.005
 0.821
 1.337
 1.701
 1.033
 0.172
-0.374
-0.407
 0.331
 0.837
 0.453
 1.566
 0.281
-0.387
-0.736
-0.706
-1.653
-1.940
-0.079
 0.763
 0.051
 0.478
-0.618
-1.711
-0.605
 1.144
 1.635
 0.153
-1.291
 1.215
 0.136
-0.060
-0.453
 0.860
 0.552
 1.015
-0.754
 0.075
 0.329
 1.123
 0.938
 0.935
 2.164
 2.474
 1.727
 0.431
 0.866
-0.775
 0.756
 1.056
 1.735
 1.682
 1.981
 0.807
 0.789
 1.378
 0.548
 0.125
 2.211
 3.063
 1.489
 1.242
 0.524
 0.972
 1.074
 0.802
-0.207
 0.670
-0.638
-0.905
-0.691
-0.395
 0.520
-0.039
 0.588
 1.040
-0.095
 1.498
 0.491
 2.015
-0.676
-0.047
 1.291
-0.392
 0.011
-0.199
 0.460
 1.505
 0.598
-0.747
 1.471
 0.762
 1.281
 0.630
 0.477
-0.186
 0.717
 1.505
 1.314
 0.959
 2.059
-0.990
-0.242
-0.175
 0.188
 1.045
 0.355
 0.353
-0.597
 1.167
 0.795
-0.357
-0.966
-1.636
 0.290
-0.678
 0.634
-1.490
-0.519
-0.419
-0.468
-1.241
 0.120
-0.113
-0.899
-1.299
-0.492
-0.964
 0.690
 0.368
-0.489
-0.466
 0.709
 0.736
 0.961
-0.178
 0.598
 0.232
 0.840
 0.665
 0.456
 0.110
-1.107
-1.464
-0.823
 0.184
 1.120
-0.458
-0.256
-0.215
-0.252
 0.271
 0.869
-1.303
-0.010
-0.493
-1.762
 0.159
-0.078
-0.947
-0.740
 0.836
-0.008
 2.007
-0.139
-0.007
 0.066
 1.224
-0.261
-1.438
-0.132
 0.076
-0.612
-0.361
 0.928
 0.890
 0.672
-0.348
-0.411
-0.644
-1.667
-2.116
-1.490
-0.770
 1.186
-0.670
-0.143
-0.835
-0.713
 2.311
 0.337
 0.046
-0.544
-0.055
 0.211
 1.123
 0.579
-0.035
-0.813
-0.207
-0.269
-1.193
-0.603
-1.718
-0.556
-0.447
 1.223
-0.800
-0.866
-0.769
-0.511
 0.087
-1.466
-0.008
-0.276
-1.780
-0.967
 0.335
 0.030
-0.195
-2.509
 0.653
 0.448
-0.796
-0.347
 0.782
 1.566
 0.877
 0.951
 1.304
-0.325
 1.056
 1.030
 1.265
 0.891
-0.236
 2.046
 1.364
 2.469
 2.059
 1.197
 0.521
 0.109
 0.584
-0.183
 2.369
 0.133
 1.462
 1.000
 0.166
-0.197
 1.073
 1.046
-0.307
 0.774
 1.010
 2.019
 0.583
 2.086
 0.180
-0.138
 0.877
 0.899
 2.349
 1.306
 0.839
 0.286
-0.995
 0.974
 0.834
 0.158
 1.399
 0.149
-0.167
 0.304
-0.990
 0.187
 0.348
 0.864
 0.589
-0.555
-0.222
 0.178
 0.337
-1.209
 0.736
 0.060
 0.110
 0.358
 0.698
-0.327
-0.494
-1.391
 0.059
-0.663
 1.067
-0.030
 0.026
-0.200
 0.759
 1.454
-0.722
 1.317
 1.143
-1.251
 1.266
 2.004
 2.219
 1.227
 1.177
-0.224
 0.362
 0.729
 1.748
 2.116
 2.011
 0.516
 0.281
 0.385
 1.849
 1.879
-0.361
-0.365
 1.375
 1.239
-0.581
 2.570
 1.627
 0.687
 0.664
 2.005
 1.617
 0.627
 0.703
 0.822
 2.572
 1.860
 1.798
-0.104
-0.220
 0.595
 0.705
-1.177
-0.745
 0.945
 1.059
 0.738
 0.282
 0.848
 2.120
 2.259
 2.078
 3.091
 2.615
 1.819
 0.629
 0.829
 0.549
 2.158
 1.292
 1.218
 1.728
 1.155
 0.921
 1.237
 0.273
 1.247
 0.825
 1.462
 0.514
 0.434
 1.355
 2.123
 2.378
 2.354
 0.667
 0.653
 0.055
 0.151
 0.221
 0.863
 0.054
 2.012
 0.888
-0.182
-0.725
-0.217
 0.647
-0.218
 0.302
-1.195
-1.195
-1.567
-0.513
-1.806
 0.552
 0.911
 0.421
-0.152
 1.899
 1.240
-1.300
-0.641
-0.924
 0.379
-0.357
 1.890
 2.729
 0.223
 1.974
 0.621
 0.482
 0.694
-1.554
-0.747
 0.772
 0.369
-0.093
 0.406
-0.152
 0.007
-0.254
 1.981
 1.207
-1.088
 0.505
-0.049
 1.636
 2.129
 2.708
 1.110
 0.853
 1.336
 0.614
 1.880
 0.601
 1.103
 1.177
-0.170
 0.732
 1.071
 1.315
 2.686
 2.303
 1.831
 1.767
 1.468
 0.989
-0.417
-0.861
 0.696
 0.100
 0.816
 1.908
 0.671
-1.560
-0.090
 1.103
 0.374
 1.821
 0.938
 0.854
 0.547
 1.338
 2.013
-0.118
 0.102
 0.208
 1.037
 0.871
-0.017
-0.133
 0.651
 0.151
 0.973
-0.525
 0.958
 1.262
 0.566
 0.942
 0.289
 1.465
 1.674
 2.016
 3.010
 2.914
 0.333
 1.657
 0.418
 3.331
 2.531
 0.531
 0.224
 0.324
 1.484
 0.893
 2.215
 1.401
 0.904
 0.375
 0.127
 0.378
 0.192
 0.264
 0.935
 1.068
 1.839
 1.728
 0.995
 1.483
 2.286
 0.718
 0.093
 0.999
 0.707
 1.245
-1.046
-0.396
-0.640
-0.474
 0.238
-0.672
-0.628
 0.384
 0.694
 0.562
 1.443
 1.758
 1.357
 0.266
-0.336
 0.516
 0.917
 0.161
 0.976
 0.917
-0.388
 0.155
 0.073
 0.804
 0.026
 0.143
 2.011
 1.123
-0.339
 1.114
 0.348
 0.226
-0.650
-0.319
-0.258
-0.228
 0.869
-0.090
-0.434
 1.297
 2.999
 1.167
-0.304
 0.673
-0.076
 0.993
-0.190
-0.632
-0.252
 1.670
 1.165
 1.455
 0.304
 0.710
 0.622
 0.252
-0.739
-0.582
-0.368
-0.386
 0.759
-0.570
 0.697
 0.019
-0.351
-0.893
-1.816
-0.955
-1.176
-1.491
-0.407
-0.470
 0.657
-1.544
 0.894
 0.298
 1.243
 0.986
 1.024
 0.707
 1.024
 1.527
-0.679
 0.101
 0.826
 2.058
 0.628
 1.760
 1.316
 0.193
 0.740
 1.628
 2.476
 1.155
 1.086
 1.138
 2.089
 2.160
 1.414
 0.323
 1.044
 1.160
 2.138
 0.995
 0.329
 1.816
-0.046
 0.294
 1.252
 0.606
 0.419
 0.807
 0.888
 1.693
 0.659
-0.317
 1.534
 2.642
 1.425
 0.092
 1.930
 0.863
 0.875
 0.488
 0.830
 1.256
 0.251
 1.027
 0.758
 1.513
 0.648
 0.139
 0.191
 1.090
 0.926
 0.899
 0.801
 0.851
 1.385
 0.431
-0.158
 2.540
 1.339
 1.310
 1.302
-0.674
 1.340
 0.698
 0.420
-0.316
-0.250
 2.162
 2.300
 2.233
 0.226
-0.395
 0.157
-0.124
 0.159
 0.068
 0.478
 0.956
-0.827
-0.562
-0.254
 0.269
-0.338
 0.234
 0.002
 1.370
 1.193
 1.593
 0.657
 1.205
 0.954
 1.135
 1.327
 2.338
 1.957
 2.318
 1.393
 0.843
 1.179
 2.307
 1.162
 0.455
 1.375
 1.176
 3.329
 2.543
 2.564
 2.409
 1.185
 0.780
 2.299
 0.765
 0.897
 0.653
-0.913
-0.201
 2.130
 2.370
 1.034
-0.601
 0.577
 0.636
 0.366
 1.547
 1.479
 1.112
 0.504
 1.412
 1.894
 1.592
 1.382
 1.765
 0.131
 0.063
-0.193
 0.699
 0.291
 1.203
 1.643
 1.357
 0.565
 1.374
 0.953
 1.223
-0.910
 1.261
-0.109
-1.022
-0.917
 0.420
 0.510
 1.304
-0.737
-0.678
-1.120
 1.129
 0.739
 1.587
 1.795
 1.699
 0.445
-0.259
 0.507
 0.849
 0.709
 0.833
 1.724
 0.521
 2.028
 0.117
 0.607
 1.139
 0.089
 2.937
 0.954
 0.374
 1.484
 0.207
 1.197
 0.636
 0.516
 0.671
-0.155
-0.231
 1.136
 1.714
-0.169
 0.290
 0.859
-0.136
-0.517
 1.041
-0.103
 0.246
 1.508
 1.694
 0.218
 1.022
 0.251
 0.452
 0.288
 0.003
-0.557
-0.227
 0.307
-0.593
-0.315
-0.136
 0.984
 1.010
 0.862
-0.930
-1.226
-0.327
-0.062
-0.029
-0.427
 0.285
 1.658
 0.169
 0.491
 0.855
 0.888
 0.824
 1.231
 0.857
 1.499
 0.313
 0.972
 0.949
 1.524
 2.197
 0.918
 0.449
-0.094
-0.809
 1.047
 2.127
 1.368
 0.691
 0.677
 0.008
 0.119
 1.597
 0.546
 1.732
-0.404
-0.306
-0.504
 0.503
 0.250
 2.503
 2.593
 2.588
-0.009
 1.055
 0.640
 0.674
 1.011
 1.070
 1.588
 0.201
 0.369
 0.969
-0.092
 0.678
-0.256
 1.045
 0.999
 0.455
-1.304
 0.683
 1.068
 0.456
 2.060
 0.296
-0.383
-0.011
-1.005
 0.444
 1.321
 0.886
 1.059
-0.132
 0.503
 0.246
 0.921
 0.664
 0.952
 1.820
 2.504
 1.738
 1.922
 1.123
 0.751
 1.696
 1.363
 0.355
 2.057
 0.309
 1.222
 0.672
 1.091
 0.507
 1.136
 1.163
 1.822
 1.196
 0.971
-0.203
 0.638
 1.371
 1.533
 0.233
 1.633
 2.029
 2.541
 1.253
 0.768
 1.144
 0.117
 0.919
 0.132
 1.417
 0.274
 0.492
 1.188
 0.303
 0.610
 1.243
 1.180
 0.726
 0.781
 1.156
-0.263
 0.176
-0.223
 0.897
 2.146
 0.929
 0.573
 0.185
 1.476
 0.792
-0.297
 0.798
 0.673
 1.248
 2.575
 0.623
 1.097
 1.395
 1.486
 0.892
 0.374
 0.993
 2.259
 1.725
 1.128
 1.619
 1.375
 1.440
 0.202
 0.835
 0.813
 1.687
 0.340
-0.499
 0.877
 1.198
 0.687
-0.477
 0.335
 1.112
-0.554
-0.094
 1.201
 0.889
 0.854
-0.179
-0.586
-0.458
-0.233
 2.175
 2.337
 1.616
 1.119
 0.180
 1.067
 1.638
 1.589
 0.897
 0.409
 0.528
 1.057
-0.464
 0.392
 0.285
 1.057
 0.928
-0.174
 1.154
 0.281
-0.345
-0.430
 0.208
-1.248
 0.112
 1.028
-0.184
-0.893
 0.685
 0.174
-1.886
 1.832
 0.801
-0.130
-0.081
-0.239
-0.086
 1.374
-0.638
-0.148
 0.360
-0.752
-1.000
-0.025
-0.478
 1.053
 0.588
-0.988
-0.502
-1.398
-0.466
-0.865
 0.919
-0.592
-0.375
 1.035
 0.359
 0.572
 0.633
 0.939
 1.983
 0.627
 1.328
 2.161
 1.222
 0.408
 0.205
 1.189
-0.333
-0.160
 0.335
-1.011
-1.094
 1.407
 1.009
-0.929
 0.152
 0.105
-0.094
-0.251
 0.835
-0.859
-0.431
 0.111
-0.465
-1.092
 0.237
 0.432
 0.470
-0.838
-0.735
-0.888
-0.428
-0.838
-0.816
-0.072
-0.765
-1.763
-0.775
-0.142
-0.662
 0.162
-1.310
 0.503
-0.546
-0.586
-1.124
-1.764
-1.499
-1.545
-1.182
 1.551
 0.481
 0.029
-0.484
-0.172
 0.197
-0.433
 1.241
-0.305
-0.906
-1.305
-0.840
-1.161
-1.646
-0.685
 0.635
-0.570
 0.709
 1.090
 0.063
 1.181
 0.786
 0.296
 0.117
 1.028
 1.464
 1.114
-0.300
-1.029
-0.213
 0.315
 0.811
 1.142
-0.189
-0.604
 0.728
 1.375
 2.199
 0.339
 1.752
 1.922
 0.976
-0.823
 0.286
 0.396
-0.575
-0.818
-0.457
-0.426
-0.799
-1.332
-1.152
-0.970
 0.099
-0.431
 0.702
 0.393
-0.703
 1.917
-0.230
 0.136
 0.876
 0.960
-0.221
-0.462
-0.096
 1.140
 0.925
-0.374
 0.327
 1.307
 0.822
 0.338
 0.240
-0.915
 1.517
-0.353
-0.457
-0.075
 0.249
 0.864
 0.253
 1.039
 2.162
 1.498
 0.530
 0.597
 0.011
 0.792
 0.892
 1.488
 2.115
 1.066
 1.726
 1.645
-0.236
 1.844
 0.936
 1.820
 1.727
 0.655
 0.753
 0.810
 1.623
 1.282
 1.442
 0.595
 0.087
-0.007
 0.147
-0.091
-0.967
-2.102
 1.473
 2.037
 1.299
-0.622
 0.057
 0.417
 0.597
 0.322
-0.105
 1.910
 1.322
 0.260
-0.241
-0.294
 0.749
 0.003
 0.320
-0.334
 0.456
 0.135
 1.160
 0.997
 1.080
 0.278
-0.249
 0.301
 0.435
-0.058
 0.795
 1.204
 0.748
-0.159
 1.033
 0.701
 1.249
 1.241
 1.147
 1.246
 0.894
 0.979
 0.074
 1.095
 1.501
 1.645
 1.727
 0.868
 1.239
 1.125
 0.367
 1.244
-0.763
-0.168
 1.090
-1.220
 1.746
 0.148
-1.188
-0.229
 0.729
 0.704
 0.846
-1.683
-0.116
-0.320
 0.263
 0.843
 0.406
 1.052
 0.494
-0.460
-1.494
 1.174
 1.794
-0.164
 0.896
 0.262
 0.223
 0.029
-0.451
-0.862
-1.468
 1.961
-0.549
 0.974
-0.701
-0.330
-1.437
 0.124
 0.399
-0.114
-0.981
-1.340
 0.595
-0.564
 0.273
 0.298
 1.606
 2.418
 0.755
 0.779
 1.012
 1.819
 1.916
 0.457
 0.827
 0.140
 1.002
 0.436
 1.273
 2.114
 1.471
 0.061
 0.116
 0.928
 0.512
-0.817
 0.441
-0.063
 0.520
 0.371
 0.333
 1.393
 1.785
 2.282
 2.038
 0.765
 0.021
 2.295
 1.266
 1.344
 1.380
 1.234
 0.404
-0.460
 0.588
-0.694
-0.193
 0.447
-0.081
 1.923
 0.398
 0.079
 0.613
 1.624
 2.286
 0.581
-0.010
 0.134
 0.422
-0.634
 0.655
 1.069
 0.044
-0.654
-1.357
-2.807
-0.624
-1.846
-0.088
-1.461
 0.856
 0.867
 0.833
-0.064
-0.915
-0.640
-1.103
 0.024
 0.082
-1.850
-1.330
-0.602
-0.612
 0.352
-0.499
-0.827
-0.296
-0.284
-0.857
-0.046
 1.886
-0.815
-0.543
 1.574
-0.185
 0.110
-0.741
-0.822
-0.093
 0.395
 0.396
-0.096
-0.379
 0.255
-0.371
 1.592
-0.140
 1.087
-1.202
 0.423
-0.795
-0.097
-1.390
-1.916
 1.767
 1.131
 0.612
 1.417
 1.030
 0.508
-1.494
 0.584
 0.573
 0.506
 0.461
 0.234
-0.279
-0.130
 0.401
 0.002
-0.036
 0.721
 1.589
 0.392
-0.919
-0.383
-0.544
-1.591
-0.225
-1.287
-1.842
-1.178
 1.222
-0.492
-0.439
 0.868
 0.044
-0.177
 0.136
-0.505
 0.022
-1.938
 0.610
 0.497
-1.260
-0.186
 1.201
 0.134
-0.999
-1.171
 0.745
 1.421
 1.350
-0.675
-1.330
 0.198
 0.171
 0.645
 0.930
 1.429
 1.327
-0.791
-0.807
 0.011
 1.650
 2.058
 1.127
 1.060
 1.745
 0.526
 0.492
 1.219
 1.680
 1.365
 0.772
 1.073
-0.177
 0.127
 2.840
 1.555
 0.080
-2.390
-2.306
-1.613
-0.892
 1.077
 0.387
-0.801
 0.816
-0.307
 0.711
 0.931
 1.253
 0.250
 0.804
-0.054
-0.097
 0.854
 0.045
-0.094
 0.732
 0.501
-0.233
 0.746
 1.278
 3.078
 0.404
 1.710
 2.236
 1.693
 1.080
 1.339
 1.221
 1.282
 0.949
 0.705
 0.927
-0.282
 0.043
 0.198
-0.223
 0.071
 1.410
 0.591
 0.302
 1.243
-0.514
 0.291
 1.748
 1.339
 1.410
 1.562
 1.872
 1.928
 1.153
 0.125
 0.030
 1.219
 0.310
 0.681
 1.685
 1.923
 0.872
 1.210
 0.337
 1.908
 1.411
 0.916
 1.866
 1.153
 2.177
 1.234
 1.280
 0.848
 1.799
 0.364
 1.023
 1.247
 0.219
-1.129
-0.588
 0.670
 0.254
-0.692
-0.098
 0.964
-1.263
-1.643
 0.074
-1.096
 0.801
 0.639
 2.388
 1.325
 2.259
 1.069
 0.051
 0.587
 1.215
-0.710
-1.619
-0.322
 0.848
-0.375
-0.073
 0.376
 0.645
 0.252
-1.432
 0.164
-0.813
-0.352
-0.173
-0.811
 0.321
 0.329
-0.108
-1.184
-1.164
 0.971
-0.621
-0.897
-0.605
-1.893
-0.253
 0.512
-0.252
-0.913
 1.170
-0.969
-0.794
-0.114
-0.156
-2.405
 0.386
 0.490
 1.159
-0.222
 1.803
 0.581
 0.619
 0.395
-0.230
-0.647
-0.255
 0.073
-0.382
-0.636
-0.540
-2.346
-0.637
-0.374
-0.320
 0.225
-0.232
-0.457
 1.115
 1.720
 0.661
 0.141
 1.475
 0.857
 1.208
 1.696
 1.453
-1.190
 0.068
-1.092
-0.845
-0.314
-0.485
-0.733
-0.619
 0.633
 0.561
-0.133
-0.120
-0.873
 0.259
-0.949
-0.156
-1.235
-0.608
-1.108
-0.133
-0.240
 0.354
 0.628
 0.817
 1.554
-0.072
 0.823
-0.032
-0.494
-0.270
 0.189
-1.278
-0.365
-1.802
 0.107
-1.457
-0.426
-0.841
 0.546
 0.615
 0.303
 1.129
 2.414
-0.193
 0.396
 1.324
 0.176
 0.770
 0.497
 0.666
-0.464
-0.017
-0.608
 0.418
-0.040
 0.499
 0.547
 0.918
 0.069
-0.278
 0.303
-1.285
 0.256
-1.117
-0.017
-0.461
-1.463
-1.478
-0.655
-1.333
-0.186
 0.022
 0.005
-1.184
-1.380
-1.134
-0.034
-1.259
 0.684
 0.214
 0.327
-0.929
 0.234
-1.692
-1.485
-0.422
-0.596
-1.031
 0.242
-1.506
 0.530
 1.185
 0.745
-0.112
 0.504
-0.045
 0.675
-0.015
 0.565
-0.483
-0.914
-0.287
-1.341
-2.292
-1.660
-1.622
-0.801
-1.357
-1.854
-1.279
-1.011
-1.456
 0.284
-0.853
 0.853
-0.596
-2.081
-1.551
-0.884
-0.649
-0.205
-2.475
-0.317
 0.084
-0.898
-0.324
-1.640
-1.099
 0.286
-1.341
-0.378
 0.986
 1.425
 0.183
 2.039
-0.316
 0.508
-0.483
 0.006
 0.224
-1.093
-0.287
 0.060
-0.208
 2.025
 1.448
 0.903
 0.398
-0.067
-1.208
-0.267
 0.999
 0.039
-0.189
-1.485
-0.102
-0.214
-0.481
 0.338
 0.266
 0.137
-0.952
-1.786
-0.170
-0.316
-1.457
-1.881
-0.169
-1.418
 1.128
 1.811
 0.738
 0.298
 0.103
 0.723
-1.453
-0.099
-0.684
-0.556
 1.443
-0.695
 0.993
 2.051
 0.620
 0.984
 0.369
 1.364
 1.036
 0.045
 0.407
 1.344
-0.594
 1.136
-1.152
 0.902
 0.385
-1.492
-0.440
 1.020
 0.630
-0.139
-0.125
-0.405
-1.029
-0.684
 0.899
-0.690
-0.628
-0.090
 0.510
-0.115
-0.626
-0.726
-0.172
 0.181
-0.097
 0.026
 0.382
 0.086
-1.198
-1.283
-1.188
-1.352
-0.596
-1.617
-1.133
-2.096
-0.336
-0.627
-1.259
-0.493
-0.066
 0.411
 1.312
-0.155
-0.929
-0.245
 1.003
 0.535
-0.400
-0.717
 0.735
 1.494
 0.840
-0.418
-0.451
 0.441
-0.375
 0.054
 0.290
 0.360
 1.132
-0.073
-1.283
-1.527
-0.991
-1.320
 0.549
 0.764
 0.197
-0.529
-0.580
 0.161
-1.294
 0.166
-1.679
-1.122
-0.533
-0.780
-0.561
-0.388
 1.502
-0.843
-0.487
 0.204
 1.193
-0.107
 1.043
 0.310
 0.870
 0.658
-0.242
-0.178
 1.093
 1.492
-1.153
-1.849
-0.960
-2.366
-0.595
-0.008
-1.145
-1.152
-0.962
-1.474
-0.935
 1.245
 0.684
 0.607
-0.855
 0.890
-0.613
 0.802
 0.497
-1.200
-0.332
-1.398
-0.502
 0.885
 1.247
 1.256
 0.871
 0.288
-0.009
 0.408
-1.380
-0.178
 0.260
 0.684
 1.315
 1.708
-0.622
 0.357
-0.435
-0.107
 0.212
 0.284
-0.051
 0.511
 0.953
 0.921
 1.825
 1.387
 0.325
 0.774
 0.235
 0.361
 1.737
-0.143
-1.499
 0.553
 1.168
 1.064
 0.989
-0.171
-0.432
-0.577
 0.461
 0.537
 0.000
-0.007
 2.308
 1.025
 1.664
 1.415
-1.028
 1.289
 1.716
 1.307
 1.325
 2.757
 1.146
-1.342
 0.715
 0.055
 1.667
 1.565
-0.956
-0.116
 1.584
 1.144
 0.740
 0.789
 0.667
 1.396
 0.854
 0.615
-0.462
-0.608
 1.066
 0.722
 2.454
 1.215
 0.057
 0.763
 0.210
 1.595
 0.113
 2.024
 0.902
-1.362
-1.266
-0.539
 0.164
-0.737
 0.095
-0.454
 1.918
 0.047
 0.383
 0.504
 0.649
 0.548
 0.621
 1.073
-0.317
 0.650
 0.842
 1.044
 0.875
-0.148
-1.444
-1.207
-2.388
 0.199
-0.814
 0.789
 0.274
 0.442
-1.231
-1.103
-0.425
 1.850
 0.659
-0.710
 1.204
-2.221
-0.646
 0.637
-0.920
 0.168
 0.182
-0.326
-0.679
 0.869
 1.032
 0.626
 0.551
 0.009
 1.271
 0.406
 0.891
-0.352
 0.694
-0.017
 2.653
 1.427
 1.435
-0.222
 0.795
 0.177
-0.288
-1.199
 0.844
-0.744
-1.207
 0.499
 2.154
 1.163
 0.741
 0.069
 0.743
 1.261
 0.404
 0.249
 0.795
-0.393
-0.134
-0.912
 0.156
 0.969
 0.524
 1.161
 1.928
-0.869
 1.113
 1.937
 0.079
 1.203
 1.003
 1.685
 1.038
-0.823
 0.329
 0.361
 1.530
 0.570
 0.419
 0.809
-0.016
-0.070
 2.692
 1.198
 1.559
 1.103
 0.274
-0.120
 0.648
 0.781
-0.551
 0.409
 0.577
 1.460
 1.011
 0.839
 0.530
 0.729
-1.023
-0.474
 0.575
 0.798
 0.011
 0.499
 1.157
 0.412
-0.908
 0.628
 0.152
 0.750
 2.465
 0.183
 0.663
 0.244
-0.639
-1.630
-0.730
-1.281
-1.276
 0.470
-0.168
-0.204
-0.069
 0.874
 1.441
-0.057
 0.015
 0.085
-0.045
-0.931
-0.414
-1.983
-0.992
-0.663
-0.389
-1.554
-1.223
-2.098
 0.323
 1.160
-0.438
-0.525
-0.246
 0.913
 0.350
-0.371
 0.945
-0.398
 1.120
-0.811
-1.521
-0.872
-2.009
-0.298
-0.335
 0.175
-0.407
-0.279
 0.628
-0.644
 0.714
 0.834
 1.569
 0.661
 0.156
 1.147
-0.460
 1.150
 1.3