   16384.00       273.275986876926     
   10922.00       210.615452596965     
   8192.000       157.602335491705     
   6553.000       103.404993295164     
   5461.000       109.654755871657     
   4681.000       105.971450097266     
   4096.000       81.9252535032838     
   3640.000       88.2140640625032     
   3276.000       73.5192638076221     
   2978.000       69.9928503342248     
   2730.000       76.4862936314540     
   2520.000       60.9925745665843     
   2340.000       65.8186237203509     
   2184.000       64.2552701367538     
   2048.000       57.1238051462650     
   1927.000       54.9498923911547     
   1820.000       50.6865167882483     
   1724.000       52.7337025145496     
   1638.000       45.4130400855695     
   1560.000       44.0049416852396     
   1489.000       45.1943559910357     
   1424.000       41.7000190123295     
   1365.000       42.0689109207239     
   1310.000       36.3411464394189     
   1260.000       40.2251393724351     
   1213.000       33.8277246613506     
   1170.000       39.0608977016387     
   1129.000       32.7750410537827     
   1092.000       35.5411048310248     
   1057.000       31.8727458528624     
   1024.000       36.4342571509104     
   992.0000       33.8218906075469     
   963.0000       32.4124951783743     
   936.0000       31.3864758596535     
   910.0000       30.5224378605532     
   885.0000       31.7007053460522     
   862.0000       30.0321008902742     
   840.0000       30.0646238199572     
   819.0000       26.8657125800060     
   799.0000       26.9607376612989     
   780.0000       28.4065869431010     
   762.0000       25.0285600701720     
   744.0000       25.4236056983576     
   728.0000       23.9106833461769     
   712.0000       26.1893740953423     
   697.0000       23.1262787901084     
   682.0000       23.7303500676593     
   668.0000       23.8603645183299     
   655.0000       23.4191200026108     
   642.0000       22.2255768832095     
   630.0000       22.3342034638686     
   618.0000       22.6194010788270     
   606.0000       20.4556266243394     
   595.0000       23.5094583439925     
   585.0000       19.9901900601744     
   574.0000       21.9093779046836     
   564.0000       19.7431470203649     
   555.0000       21.3008008193829     
   546.0000       20.0173311088463     
   537.0000       18.8273074916168     
   528.0000       19.7779236957326     
   520.0000       18.9569182462329     
   512.0000       18.5686364633195     
   504.0000       18.0261571825839     
   496.0000       18.6062608545591     
   489.0000       17.1793882049059     
   481.0000       18.7763854242203     
   474.0000       17.3041382751969     
   468.0000       18.6876414201837     
   461.0000       16.2548492905375     
   455.0000       17.6134576013863     
   448.0000       16.7686869117424     
   442.0000       16.1300982329591     
   436.0000       16.9315224859453     
   431.0000       16.7761264193865     
   425.0000       17.3408012142216     
   420.0000       15.8562064930854     
   414.0000       16.0800099587419     
   409.0000       15.7974163401225     
   404.0000       14.9836980519658     
   399.0000       15.2543029038320     
   394.0000       14.4687298561067     
   390.0000       15.0423014693711     
   385.0000       14.9172050278353     
   381.0000       15.3528967674439     
   376.0000       14.6586644484868     
   372.0000       15.1090102350786     
   368.0000       14.5611263479612     
   364.0000       15.1149648432283     
   360.0000       14.1128578055566     
   356.0000       14.5213914116963     
   352.0000       14.3148439475824     
   348.0000       14.1196349694463     
   344.0000       13.7585664163824     
   341.0000       14.0728991734907     
   337.0000       13.5890072052700     
   334.0000       13.3176209346379     
   330.0000       13.8142677652330     
   327.0000       12.9777974017388     
   324.0000       12.8430424952207     
   321.0000       13.4655102376155     
   318.0000       13.2345773720603     
   315.0000       13.0929305164764     
   312.0000       12.2537529555130     
   309.0000       13.1200055941509     
   306.0000       12.7875357959342     
   303.0000       12.3080005208460     
   300.0000       12.3000423964801     
   297.0000       12.0302462015170     
   295.0000       12.3233054409847     
   292.0000       12.0639796956602     
   289.0000       11.9614800699435     
   287.0000       12.1921005515599     
   284.0000       12.0651210919303     
   282.0000       12.3134097735130     
   280.0000       11.5111898346200     
   277.0000       11.5810670376247     
   275.0000       11.8910934257876     
   273.0000       11.6992637516621     
   270.0000       11.5506925551873     
   268.0000       10.9542812673347     
   266.0000       11.3478299840911     
   264.0000       11.2030777253877     
   262.0000       11.1694715630252     
   260.0000       10.8316886842878     
   258.0000       10.7138197108783     
   256.0000       10.5606158643488     
   254.0000       10.5519588623450     
   252.0000       10.0640038400146     
   250.0000       11.1116808603383     
   248.0000       10.2551031710253     
   246.0000       10.3473084452788     
   244.0000       10.0118574968721     
   242.0000       10.3410784800645     
   240.0000       10.4574125043188     
   239.0000       10.3366351943597     
   237.0000       10.1652230327613     
   235.0000       10.3224222319916     
   234.0000       9.84197825980082     
   232.0000       10.0370863534328     
   230.0000       10.0056419008429     
   229.0000       10.2256316443865     
   227.0000       10.3086019406947     
   225.0000       9.44933310531240     
   224.0000       10.0194784408630     
   222.0000       9.48897826930249     
   221.0000       9.64819020023330     
   219.0000       9.52759107769535     
   218.0000       9.53828099067912     
   217.0000       9.26032993881810     
   215.0000       9.61884169954360     
   214.0000       9.17458720476436     
   212.0000       9.02066960605828     
   211.0000       9.30174659187252     
   210.0000       9.26258545143280     
   208.0000       8.88196690471405     
   207.0000       9.30118077100992     
   206.0000       9.18599618902654     
   204.0000       9.26278161543804     
   203.0000       9.14481573430826     
   202.0000       9.15009137381964     
   201.0000       8.88544820212696     
   199.0000       8.88519239376756     
   198.0000       9.40587072590791     
   197.0000       8.77475865303579     
   196.0000       8.85697377134669     
   195.0000       8.92362238898573     
   193.0000       9.05412271240773     
   192.0000       8.43088695737664     
   191.0000       8.79064997595821     
   190.0000       8.24013230640839     
   189.0000       8.51075287842444     
   188.0000       8.01372830164774     
   187.0000       8.52320028305277     
   186.0000       8.13720432300519     
   185.0000       8.21169050808406     
   184.0000       8.13298012206002     
   183.0000       8.49766505591017     
   182.0000       8.14130401703361     
   181.0000       8.22535355634937     
   180.0000       8.19886991461233     
   179.0000       8.41825966578011     
   178.0000       7.96473993725789     
   177.0000       8.26333333832742     
   176.0000       8.13343644759438     
   175.0000       8.10532667611290     
   174.0000       7.99856386272318     
   173.0000       7.69672806495678     
   172.0000       8.14589253280108     
   171.0000       7.97737820160446     
   170.0000       7.78965100401265     
   169.0000       7.81399493999572     
   168.0000       7.68474174605448     
   168.0000       7.69676986077966     
   167.0000       7.64641199988561     
   166.0000       7.38002850098025     
   165.0000       7.68651507555824     
   164.0000       7.60474075996486     
   163.0000       7.25625167912446     
   163.0000       7.27211782612997     
   162.0000       7.80726040699143     
   161.0000       7.23838305446068     
   160.0000       7.49748151934588     
   159.0000       7.44237090332231     
   159.0000       7.45055364112696     
   158.0000       7.48600885799695     
   157.0000       7.15993039664045     
   156.0000       7.42720860775480     
   156.0000       7.43865375756468     
   155.0000       7.20676004826507     
   154.0000       6.99053307983806     
   153.0000       6.99252849804914     
   153.0000       7.00318484211513     
   152.0000       6.99251955540710     
   151.0000       6.86849750279881     
   151.0000       6.89140720423821     
   150.0000       6.91895573879974     
   149.0000       7.06503113136782     
   148.0000       6.99903114591320     
   148.0000       7.01971711051478     
   147.0000       6.76678410074061     
   146.0000       6.76078408257832     
   146.0000       6.78076478099056     
   145.0000       6.80662101266642     
   144.0000       7.00073246167459     
   144.0000       7.00351607840153     
   143.0000       6.72516650618924     
   143.0000       6.73064006334636     
   142.0000       6.66106054236600     
   141.0000       6.64549658614250     
   141.0000       6.66836649333155     
   140.0000       6.53263776699467     
   140.0000       6.54918334474821     
   139.0000       6.43427689305855     
   138.0000       6.18851753131933     
   138.0000       6.21255163969001     
   137.0000       6.55360838382603     
   137.0000       6.55728688896823     
   136.0000       6.39056602852076     
   135.0000       6.46036169402636     
   135.0000       6.45248665320544     
   134.0000       6.63272793275007     
   134.0000       6.64642899448862     
   133.0000       6.40328443149952     
   133.0000       6.42149457402585     
   132.0000       6.31851637033608     
   132.0000       6.32379947269756     
   131.0000       6.35259660237258     
   131.0000       6.35916850435737     
   130.0000       6.15266965922621     
   130.0000       6.17195115451583     
   129.0000       6.05883678094096     
   129.0000       6.08811830533600     
   128.0000       6.07593184784930     
   128.0000       6.10781579162363     
   127.0000       6.17917262607600     
   127.0000       6.20732764621934     
   126.0000       5.91644726665784     
   126.0000       5.93774864334305     
   125.0000       6.05543436470098     
   125.0000       6.06248087060235     
   124.0000       5.84347530491838     
   124.0000       5.84741239258989     
   123.0000       5.94460900655047     
   123.0000       5.95628766215400     
   122.0000       5.93123378480656     
   122.0000       5.94800773090921     
   121.0000       5.81304720855688     
   121.0000       5.80719912793819     
   120.0000       5.79251297214659     
   120.0000       5.79038779783930     
   120.0000       5.81281624927366     
   119.0000       5.83368338418842     
   119.0000       5.84031083431387     
   118.0000       5.74431150433634     
   118.0000       5.75220711605165     
   117.0000       5.63148955892764     
   117.0000       5.62745288145877     
   117.0000       5.65058514740022     
   116.0000       5.65777762285680     
   116.0000       5.66920970672873     
   115.0000       5.58746589987267     
   115.0000       5.58060481807158     
   114.0000       5.41563946316209     
   114.0000       5.41583807026880     
   114.0000       5.42565506916957     
   113.0000       5.53260361528295     
   113.0000       5.52568074420084     
   112.0000       5.57280024754717     
   112.0000       5.57356843223318     
   112.0000       5.58667813840802     
   111.0000       5.47935793694363     
   111.0000       5.47763475067044     
   111.0000       5.48073704327566     
   110.0000       5.37190493082647     
   110.0000       5.36815069509623     
   109.0000       5.40535363589893     
   109.0000       5.40639211390588     
   109.0000       5.41968031450851     
   108.0000       5.18172311925981     
   108.0000       5.18366521328625     
   108.0000       5.18734152386009     
   107.0000       5.14072690718098     
   107.0000       5.13760417555944     
   107.0000       5.13968898994853     
   106.0000       5.22323902431143     
   106.0000       5.21661701409022     
   106.0000       5.23314290989832     
   105.0000       5.20806941438694     
   105.0000       5.20207262350007     
   105.0000       5.22535766221095     
   104.0000       5.20712798418804     
   104.0000       5.20140408723606     
   104.0000       5.22446563852910     
   103.0000       5.06763864636333     
   103.0000       5.06163929269653     
   103.0000       5.07877435943987     
   102.0000       5.02659799030197     
   102.0000       5.02063130616564     
   102.0000       5.02341690019760     
   101.0000       5.04931284514104     
   101.0000       5.04969914996870     
   101.0000       5.04994865954573     
   100.0000       4.91894122795388     
   100.0000       4.92153545127390     
   100.0000       4.93303625834184     
   99.00000       4.87066523049510     
   99.00000       4.87547761910771     
   99.00000       4.87389852193088     
   98.00000       4.86790478951030     
   98.00000       4.86328381759905     
   98.00000       4.85819689639624     
   98.00000       4.85591006945725     
   97.00000       4.79081834852357     
   97.00000       4.79365455212356     
   97.00000       4.80213726695474     
   96.00000       4.71369541635840     
   96.00000       4.71611020130708     
   96.00000       4.71107237482764     
   96.00000       4.71149912342571     
   95.00000       4.74040136750384     
   95.00000       4.74234406030978     
   95.00000       4.74769793845241     
   94.00000       4.68281972426442     
   94.00000       4.67679019827455     
   94.00000       4.67782448939314     
   94.00000       4.68269679293491     
   93.00000       4.72293096549052     
   93.00000       4.72962400154877     
   93.00000       4.72480061510448     
   93.00000       4.72538725257872     
   92.00000       4.46847188370846     
   92.00000       4.47372035380879     
   92.00000       4.47085599619915     
   92.00000       4.48788679934737     
   91.00000       4.43843424047902     
   91.00000       4.44039537818354     
   91.00000       4.43987574978342     
   91.00000       4.45763020741945     
   90.00000       4.49957803855115     
   90.00000       4.50117591824297     
   90.00000       4.50090168766772     
   90.00000       4.51734396318102     
   89.00000       4.53334561881038     
   89.00000       4.53518853568800     
   89.00000       4.53263043891894     
   89.00000       4.54698132879103     
   88.00000       4.42014810813448     
   88.00000       4.42742114595866     
   88.00000       4.42304247061424     
   88.00000       4.42480804391424     
   87.00000       4.40501498399015     
   87.00000       4.40335232662605     
   87.00000       4.39932142792710     
   87.00000       4.40046892585247     
   86.00000       4.36871348917752     
   86.00000       4.36472594115614     
   86.00000       4.36987357130577     
   86.00000       4.37385581273394     
   86.00000       4.38685639180322     
   85.00000       4.30794464997403     
   85.00000       4.31571076525789     
   85.00000       4.31196396273655     
   85.00000       4.30843654313826     
   84.00000       4.25012157243172     
   84.00000       4.24596846931855     
   84.00000       4.25138882801354     
   84.00000       4.25331078177872     
   84.00000       4.26640028588190     
   83.00000       4.29361810065590     
   83.00000       4.29109287649091     
   83.00000       4.28782705494967     
   83.00000       4.29401260310965     
   82.00000       4.22236123725041     
   82.00000       4.22033844958291     
   82.00000       4.22761789348718     
   82.00000       4.22422230674455     
   82.00000       4.22139002781613     
   81.00000       4.09461968043099     
   81.00000       4.09310366183941     
   81.00000       4.09824322019335     
   81.00000       4.09471978392453     
   81.00000       4.09163380408883     
   80.00000       4.09086685569998     
   80.00000       4.08929728229587     
   80.00000       4.09506712922882     
   80.00000       4.09165412277089     
   80.00000       4.08847275219701     
   79.00000       4.04977311113968     
   79.00000       4.04809021508352     
   79.00000       4.05464876125854     
   79.00000       4.05153881395508     
   79.00000       4.05231046243899     
   78.00000       3.90830395575474     
   78.00000       3.90690006743149     
   78.00000       3.90285560206142     
   78.00000       3.90601753640330     
   78.00000       3.91185157106216     
   78.00000       3.92294073001055     
   77.00000       3.98255347575876     
   77.00000       3.98107901839714     
   77.00000       3.98220881012130     
   77.00000       3.97880269546312     
   77.00000       3.97628958276180     
   76.00000       3.91652697107203     
   76.00000       3.91500930066535     
   76.00000       3.91115625851342     
   76.00000       3.91294052510790     
   76.00000       3.91759578626515     
   76.00000       3.92731477598450     
   75.00000       3.86772174546575     
   75.00000       3.86659050763845     
   75.00000       3.87333747489948     
   75.00000       3.87072644373503     
   75.00000       3.87401247515527     
   74.00000       3.85162042219160     
   74.00000       3.84840581087931     
   74.00000       3.84771973657582     
   74.00000       3.85202363425226     
   74.00000       3.84934653981380     
   74.00000       3.84822351761076     
   73.00000       3.86668988428421     
   73.00000       3.86344933956101     
   73.00000       3.86276331794599     
   73.00000       3.86739106763300     
   73.00000       3.86485317437240     
   73.00000       3.86462092225299     
   72.00000       3.74106855856008     
   72.00000       3.73781696886696     
   72.00000       3.73683437583269     
   72.00000       3.74128327314780     
   72.00000       3.73898705858280     
   72.00000       3.74489291407686     
   72.00000       3.75242250030243     
   71.00000       3.61499295388616     
   71.00000       3.61431097425376     
   71.00000       3.61080716503749     
   71.00000       3.61811494854894     
   71.00000       3.61719236446263     
   71.00000       3.61828340081733     
   70.00000       3.67941406172584     
   70.00000       3.67648939379946     
   70.00000       3.67619466580895     
   70.00000       3.68243521690499     
   70.00000       3.68036981530436     
   70.00000       3.68598652689275     
   70.00000       3.69263422826330     
   69.00000       3.71113102542787     
   69.00000       3.70818853495812     
   69.00000       3.70485877279287     
   69.00000       3.70551580614778     
   69.00000       3.70300656874571     
   69.00000       3.70144673315283     
   68.00000       3.61485805459087     
   68.00000       3.61255768880049     
   68.00000       3.61075351101154     
   68.00000       3.60742575996057     
   68.00000       3.60823670732265     
   68.00000       3.60574238554348     
   68.00000       3.60387759144057     
   67.00000       3.53507561767927     
   67.00000       3.53322723610106     
   67.00000       3.53046916186103     
   67.00000       3.52769447409045     
   67.00000       3.52963200100097     
   67.00000       3.52759923832730     
   67.00000       3.52886429202581     
   67.00000       3.53457169774501     
   66.00000       3.49953424980550     
   66.00000       3.49682521899227     
   66.00000       3.49662498500009     
   66.00000       3.49713918476489     
   66.00000       3.49559292429132     
   66.00000       3.49605183794979     
   66.00000       3.49844805238385     
   65.00000       3.46803371137871     
   65.00000       3.46612544455880     
   65.00000       3.46447407915565     
   65.00000       3.46143816423096     
