10
 2.428
 1.502
 1.281
 0.691
 0.574
 0.471
 0.286
-0.722
 0.154
-0.491
-0.131
 0.368
 0.724
-1.141
 1.206
 0.827
 0.224
-0.573
 0.750
-0.116
 0.020
 0.267
 1.041
 1.026
 0.497
 0.211
-0.044
 0.413
-0.493
 0.834
 0.689
 0.112
 0.928
 0.519
-0.426
 0.629
 0.746
 0.498
-0.155
 0.053
-0.978
 0.065
-0.148
-1.188
-0.081
-0.067
 0.221
-0.900
-1.066
 0.228
-0.473
-0.367
 0.499
 0.735
-1.157
-1.072
-1.468
-0.291
-0.508
-0.774
-1.728
-0.767
-2.687
-1.312
-1.984
-1.112
-1.372
-1.327
-1.456
-1.139
-1.189
-0.855
 0.787
 0.462
 0.549
-0.876
 0.367
 0.350
-0.281
 0.536
-0.122
 1.301
 0.733
 1.950
 0.208
-0.686
-0.375
 0.303
 1.005
-0.091
 0.643
 0.479
 0.167
 1.126
 0.850
-1.855
-0.684
-0.679
-0.400
-0.556
 0.205
-0.121
 0.018
 1.598
 1.971
 0.438
-0.928
 0.041
-0.892
-1.003
 0.018
-0.448
-0.651
-0.279
 0.938
-1.429
 0.212
-0.096
 0.982
-0.264
 0.553
 1.849
 1.086
 0.534
-0.868
-0.143
-0.375
 0.213
-0.054
-0.733
-1.248
-1.004
-0.602
-1.894
-1.868
-0.547
-0.611
 0.026
-0.279
-0.131
-1.465
 0.368
 0.182
-0.867
-1.009
-1.206
-0.376
 1.672
 0.122
 0.824
-0.217
 0.296
 0.417
-0.715
-0.138
-0.826
-0.107
-1.378
-1.682
-0.798
-1.528
-0.641
-0.860
-0.422
-1.277
-0.912
 0.420
 1.355
 0.113
-0.371
-0.301
-1.046
 1.100
 0.343
-0.289
 0.146
 1.044
 1.015
 1.096
 1.991
 0.539
 0.672
 0.995
 1.558
 1.402
 1.370
 0.709
 1.493
 1.408
 0.201
-0.747
-1.238
-0.994
 0.234
-0.911
-0.117
 0.058
-0.067
-0.202
-0.769
-1.091
-1.308
-0.603
 0.567
 1.127
 0.521
-0.135
-0.521
-1.705
 0.276
 1.081
 0.160
 0.257
-0.520
-1.227
-0.611
 0.636
-1.290
-1.458
-0.788
-0.107
-2.146
-2.201
-0.934
-0.985
-0.616
 0.184
-0.313
 0.010
-1.051
-0.088
 0.254
 0.652
 0.657
-0.321
-0.845
-0.082
-0.915
-0.972
-0.978
 0.068
-1.086
-1.977
-1.084
-0.285
-1.004
-1.149
-0.318
-0.178
-0.029
-0.355
-0.852
 0.430
-0.993
-0.370
 0.092
-0.761
-0.159
 0.126
 1.776
 0.852
-0.079
 0.070
-0.181
 0.345
 0.813
 0.553
-0.629
-0.303
-0.641
 1.670
-0.747
 1.388
 0.488
-0.182
-0.668
 0.530
-0.488
 0.200
 1.427
 0.270
 0.912
 0.796
-0.658
 0.698
 1.672
-0.433
-1.875
-0.068
-0.610
 0.687
 1.437
-0.314
 1.475
 0.475
 0.598
 1.785
-0.440
 1.677
 0.210
-1.245
-0.488
 0.721
-0.771
 0.277
-1.001
-1.247
 0.438
 0.266
 0.229
-0.587
-0.810
-1.023
-0.662
 0.176
 0.524
 0.454
 2.120
 0.635
 0.031
-0.060
-1.044
 0.252
-1.743
-0.249
-0.253
-1.278
 0.871
-1.650
-1.907
-0.120
-1.450
 0.730
 0.072
-0.510
 0.574
-0.165
 1.049
 0.806
 0.157
 0.831
-0.033
-0.643
 0.567
 0.881
-0.852
-1.019
-1.440
 0.488
 0.568
 0.720
-1.103
-0.750
 0.348
 0.891
-1.787
-0.115
 0.987
 0.579
-0.025
 0.039
 0.834
 1.210
 1.211
 0.860
 0.181
 1.517
 1.380
-0.667
-0.562
 0.316
 3.217
 0.952
-0.200
 0.759
 1.689
 1.671
 1.475
 2.409
 1.676
 1.534
 1.999
 1.566
 1.532
 0.142
 1.653
 0.342
 0.737
 0.220
 0.590
-1.055
 0.920
 1.464
 1.515
 0.985
 0.131
 0.713
-0.193
 0.518
 1.066
 0.736
 0.915
 0.555
 0.219
 0.385
 0.434
-0.689
 0.967
 0.258
 1.431
 0.368
 0.492
 3.109
 1.029
-0.152
 1.395
 0.771
 1.561
-0.518
 0.138
 0.562
 2.355
 2.148
 3.101
 2.229
 0.856
 1.639
 1.289
-0.760
 0.747
-0.531
 0.300
 1.334
-0.649
-0.290
 0.158
 0.170
-0.145
 0.335
-0.890
 0.749
 2.065
 1.657
 1.375
 0.689
 0.006
 0.626
 1.345
 0.929
 0.984
 1.774
 1.291
 0.880
-0.594
 0.111
-0.311
 1.875
 0.974
 0.278
 1.664
 0.871
-0.806
-1.324
-2.269
-1.943
-0.427
 0.269
 1.552
 0.278
-0.042
-0.905
 0.393
 1.994
 0.051
 0.924
-0.371
 0.163
-0.152
-0.159
-0.081
-0.541
-0.041
-0.554
-0.308
-1.014
 0.448
 0.315
-0.740
 0.050
-0.185
 1.861
-0.568
-0.431
 0.133
 1.832
 1.372
 0.714
 0.414
-0.998
-1.027
-1.873
 0.927
 0.759
 0.464
 0.439
 0.541
 0.187
 0.973
 0.400
-0.447
-0.940
 0.190
-0.039
-0.442
 0.320
 0.897
 0.439
-1.683
-0.717
-1.073
-0.490
-1.592
-1.332
-1.516
-0.187
-0.634
 0.668
 0.453
-1.420
-1.076
-1.563
-0.363
-1.753
-1.643
-1.502
-0.048
-0.344
-0.666
-0.672
-1.442
-0.141
-0.534
-0.827
 0.100
-0.689
 0.330
-0.527
 0.942
 0.638
-0.419
 0.883
 1.669
 1.641
 1.207
-0.097
-0.115
-1.268
-1.421
-2.381
-1.194
-0.150
-0.447
 0.332
-0.167
-0.850
 0.835
 0.566
 1.738
-0.719
-1.404
-0.539
-0.866
-0.639
-0.854
-1.398
 0.065
-1.168
-0.835
 0.445
 0.310
-0.560
-0.868
-1.413
-1.124
-1.133
-0.306
-0.915
-0.822
 0.847
 0.344
-1.112
 0.341
-0.067
 2.009
 1.001
-1.385
 0.451
 0.419
 0.301
-1.134
-1.680
-1.930
-0.631
-1.369
-2.014
-0.688
-0.164
-0.485
-0.170
 0.843
-0.549
-1.267
 0.398
-0.359
-0.098
 1.314
 1.956
 1.133
-1.292
 0.262
 0.199
-1.014
-1.151
 0.974
-0.174
-0.833
 0.454
-2.041
-0.004
 0.618
-0.041
 1.435
 1.331
 0.887
 0.429
 0.942
 1.047
-0.086
 0.045
-0.746
 1.742
 0.201
-1.430
-0.878
 0.698
 0.962
 0.670
 0.549
 1.227
 1.581
-0.242
 0.188
 1.709
-0.513
-0.906
 0.125
-1.175
 0.706
 1.579
-0.602
-0.720
 0.352
-0.841
-0.488
-0.852
 0.808
 1.660
 0.543
 0.407
-0.319
 1.055
 0.921
 0.564
 0.361
-0.130
 1.016
-1.636
-2.002
-1.220
 0.580
 1.835
 0.857
 2.326
 1.922
 0.719
 0.297
 1.061
 1.425
 1.531
 0.904
 2.580
 0.992
 0.382
-0.064
-0.551
 1.543
 0.312
-0.269
-0.157
-0.765
 0.712
 1.199
-0.057
 1.036
 1.020
 0.571
-0.553
 1.268
 1.086
-0.630
-0.563
-0.367
-0.497
 0.788
 0.158
-0.239
 0.947
 2.491
 1.052
 1.151
 0.280
 1.141
 0.310
 1.337
-0.186
 2.572
 1.288
 0.918
 0.653
-0.128
 0.297
 0.940
 1.226
 2.724
 0.234
 0.437
 0.331
 1.354
-0.254
 0.075
 0.968
 2.034
-0.494
 0.046
-0.225
 1.351
 1.777
 2.053
-0.200
-0.532
 1.903
 0.791
-0.303
 0.036
 0.546
-0.559
 0.056
 1.102
 1.260
 1.038
 1.687
 1.287
 1.035
 1.466
 1.684
-0.188
 1.039
 0.298
-0.910
 0.279
-0.764
-0.034
 0.644
-0.007
 1.301
-0.392
-0.749
 1.202
 0.515
 2.349
-0.080
-1.276
 0.357
-0.306
 0.038
-0.829
 0.779
-0.093
 0.297
 0.222
-1.377
-1.736
-0.538
-0.764
-0.683
-1.859
-1.141
 0.437
-0.289
-0.801
-0.489
-1.330
 0.013
-0.912
-0.820
-1.287
-1.659
-0.232
 0.034
-0.616
 0.039
 0.268
-0.373
 0.677
 1.195
 1.003
 0.037
 0.298
 1.222
-1.346
-1.298
-0.404
-0.613
-0.784
 0.036
 0.889
 0.580
 1.040
 1.262
-1.086
 0.260
-0.113
 0.232
 1.887
 0.524
-0.148
-0.567
-0.326
 1.793
 0.875
 0.264
 1.540
 2.321
-0.409
 0.373
 0.394
-0.823
-0.603
-0.992
 0.235
 0.684
 0.342
-1.787
-1.527
 1.438
-0.989
 1.399
 0.000
-0.341
-0.806
-1.197
-1.336
-1.022
-0.567
-0.268
-0.853
-1.596
-1.489
-0.471
-0.507
-1.115
-1.084
-0.533
 0.240
-0.709
-0.719
-0.986
-0.722
-0.025
-0.611
-0.997
-0.276
 0.536
-0.008
 0.575
 0.636
-1.063
-0.214
 0.156
 1.377
 0.604
 0.010
-2.167
-1.569
-0.656
-0.454
 1.449
 0.788
-0.847
 0.768
-0.227
-0.620
-0.532
 0.024
-0.055
 0.669
-0.151
-0.114
 0.251
-0.817
 0.323
 0.091
 1.107
 0.075
-0.818
-0.079
 0.194
 0.765
 0.644
 0.630
 0.941
-1.217
-0.575
 0.012
-0.639
-0.190
-0.402
 0.323
-0.443
 0.261
-0.056
 0.034
 2.390
 1.233
-0.040
 0.374
-0.027
 0.997
-0.279
 0.898
 0.103
-0.421
 0.727
 0.777
 1.854
 0.212
-0.369
-0.457
 0.414
-0.273
 0.639
 1.672
 0.953
 0.993
 1.528
 1.869
 1.978
 1.675
 1.260
 2.313
 2.865
 2.489
 0.688
 0.448
 0.377
-0.121
 0.470
 0.675
 1.545
 0.012
 0.085
 1.559
 1.722
 0.632
 0.872
 1.313
 1.524
 2.965
 2.360
 2.446
 2.272
 1.923
 2.862
 2.834
 1.591
 2.587
 1.089
 0.633
 0.925
-0.297
-0.228
 0.182
 0.122
 0.911
 2.071
-0.147
-0.988
 0.405
 0.051
-2.358
-0.505
-0.086
-1.183
-0.564
-0.540
-0.139
-0.767
 0.666
 1.510
 2.095
-0.057
 1.694
 0.881
 0.738
-0.634
 0.619
 0.386
 0.337
-0.899
-0.265
 1.223
 0.410
-0.581
-0.102
-0.177
-0.936
-0.264
-1.269
-0.409
 2.147
 0.982
 0.492
-0.073
-0.542
-0.781
 0.687
 1.088
-0.472
 0.371
 0.784
 1.361
 0.238
 0.543
-0.605
-0.112
 0.590
-0.175
-0.637
-0.781
 0.593
-0.395
-0.338
-0.118
-0.523
 0.402
 0.123
 0.285
 2.912
-0.593
 0.193
 0.387
-0.643
 0.625
 0.057
 0.641
 0.460
-0.563
 1.233
-0.535
-0.752
-0.470
 0.353
 1.122
 0.294
 0.895
-0.138
 0.751
-0.134
-0.228
-0.109
 0.156
 0.318
-0.748
-0.816
-0.886
-0.262
-0.358
-0.603
 0.092
-0.875
-1.634
 0.359
-0.365
-2.147
-1.391
-0.142
 0.695
 0.241
-0.851
-0.004
-0.586
 0.520
-0.035
-1.714
-1.938
 0.116
-0.235
-0.546
-1.098
-0.111
-0.254
-0.345
 1.342
 1.190
 0.320
-0.962
 0.729
-0.105
 0.076
-0.689
 0.951
 0.520
 1.516
 0.049
-0.112
-0.541
 0.526
 0.271
-0.312
 0.869
 0.171
 0.488
 0.675
 0.518
-0.886
-0.900
-0.921
 0.427
 0.128
 0.224
-1.867
 0.035
 0.587
-0.566
-0.117
 1.324
-0.164
-0.480
-0.670
-1.450
-1.976
 0.351
-2.584
-1.586
-3.099
-1.287
-1.668
-1.019
-1.649
-1.071
 1.268
 0.404
 0.426
-1.024
-0.701
-1.766
-0.554
 0.501
 0.457
-0.321
-1.494
-0.084
-0.559
 0.827
 0.329
-1.694
-0.521
-0.391
-1.025
-1.738
-0.610
-0.956
-0.756
-1.134
-0.823
 0.209
-0.399
-1.343
-1.861
-1.658
-1.386
 1.123
-0.681
 0.662
-0.520
-0.093
-0.632
-0.189
-1.126
-0.736
-0.179
-0.879
-1.399
-0.209
-1.410
-1.130
-0.665
-0.809
-0.042
 0.407
-0.747
-0.641
 0.513
-0.175
-2.204
-0.713
-0.056
-1.219
-0.477
-1.151
 1.789
-0.495
-0.780
-1.076
 0.028
-0.974
-0.724
-0.585
-1.480
-1.167
 1.637
 0.418
-0.286
-0.733
-1.378
-0.923
-1.996
-1.327
-1.228
-0.323
-0.813
-1.155
-0.530
-2.422
-0.579
-0.061
-0.396
 0.598
-0.219
-0.243
-0.650
-1.681
-1.115
 0.711
-0.190
-1.736
-1.111
-0.192
-2.230
-0.269
 0.405
 0.440
 0.953
 0.269
 0.171
 0.344
-0.447
 0.318
 0.425
 0.194
 1.401
-0.121
 0.235
-0.413
-0.516
 1.331
 0.019
-1.343
-0.436
-0.621
-0.441
-0.967
-1.510
-1.032
-2.415
-2.187
-0.097
-1.533
-2.360
-1.758
-3.137
-1.654
-1.461
-1.541
-1.498
-1.171
-1.029
-0.981
-2.588
-2.025
-1.612
-2.345
-1.818
-1.010
-0.473
-0.258
 0.846
-0.761
-0.946
 1.211
-0.820
 1.009
 0.011
-0.607
-1.182
-0.065
 0.701
-0.130
-0.923
 0.864
 1.161
-0.320
-0.169
 1.401
-0.881
-0.971
 0.748
 0.294
 0.501
-0.771
 0.207
-0.976
-1.425
-0.558
-1.220
 0.799
 0.329
 0.478
 0.683
 0.014
 0.142
-0.118
-0.629
 0.804
 1.641
-0.857
 0.359
 0.785
 0.169
-0.788
-0.048
-1.652
-0.212
-1.790
-1.568
-1.558
-0.084
 0.011
 0.348
-0.594
 0.485
 1.513
 1.409
 0.021
 1.241
 1.232
 0.181
 1.156
 0.149
 1.466
 1.000
 0.124
-0.374
 0.645
 1.322
 1.572
-0.715
-0.061
 0.991
-0.368
-0.464
 0.165
 0.572
 0.127
-0.297
-1.476
-0.063
-1.129
-0.145
 1.351
 1.110
 0.455
-0.168
-0.696
-1.253
-1.392
-1.426
 0.268
-1.164
-0.699
-0.951
 0.254
 0.379
-0.584
-0.848
-1.966
-1.277
 0.298
-0.299
-0.312
-0.274
-0.912
-0.508
 0.484
-0.538
-0.535
-0.391
 0.071
 0.902
-0.202
-1.015
-1.206
 0.022
-0.160
 0.263
 0.250
-0.955
 1.461
 0.588
 0.396
 0.446
-1.156
 0.634
-0.893
 0.905
-0.006
 0.013
 1.383
 0.315
 0.099
-1.283
 0.123
-1.111
-0.887
 0.862
 0.356
 0.169
 0.455
 1.422
 0.358
 0.340
 2.224
 1.546
 0.407
 0.429
 0.969
 2.065
 2.748
 1.851
 0.290
 0.362
 1.965
 1.178
 0.475
 0.588
 0.517
 1.315
 0.061
 1.166
 1.841
 0.432
 0.673
-1.354
 0.702
 1.209
 0.881
 1.149
-0.859
-1.680
-0.381
 0.313
-0.170
-0.927
-0.382
 0.936
-0.897
-1.101
-0.375
 0.415
-0.229
-0.778
-0.789
-0.806
-1.812
 1.474
-0.406
-1.058
-2.276
-0.575
 1.060
 0.446
-0.090
-0.841
 1.190
-0.209
-1.471
-1.436
-1.200
-0.892
 0.608
 0.422
 0.464
 1.082
-0.584
 1.247
-0.296
-0.584
-1.482
-0.273
-0.172
-1.046
-0.466
-1.183
-1.737
-1.381
-1.142
-0.035
-0.011
-0.189
-1.244
-1.112
-1.154
-0.756
-1.297
-1.307
-0.766
-1.567
-0.164
-0.918
-1.354
-0.073
-0.806
-1.030
-2.090
 0.619
-0.019
 0.607
 1.178
-0.514
 0.616
 0.697
 0.387
-0.724
-1.131
 1.979
-1.181
-0.915
-0.265
 0.455
 0.155
-0.180
-1.501
-1.042
 0.350
 0.202
 0.055
-0.402
-0.393
 0.036
 0.830
 1.713
 0.653
 0.365
 0.549
 1.636
-0.840
 0.313
 0.106
-0.722
-0.485
 0.554
-0.380
-1.145
-0.979
-0.965
 0.076
-0.089
 0.185
 1.330
-0.200
 1.167
 0.127
 1.108
-0.219
 0.923
-0.225
-0.465
 1.050
-0.062
 1.790
-0.575
-0.886
-0.806
-0.201
-0.148
 0.046
-0.041
 1.289
 0.547
 0.003
-0.964
-0.046
 0.424
-0.360
-1.070
-1.276
-1.718
-2.188
-1.358
 0.232
-0.245
-0.554
-0.978
-1.831
 0.290
 0.189
-1.087
-0.965
-0.364
-0.575
 0.856
-0.878
-1.556
-0.246
-0.828
 0.059
-0.500
-0.125
 0.186
-0.749
-1.421
-0.343
 0.280
-0.498
-1.067
 0.428
 0.493
 0.103
-0.617
-0.797
-1.344
-0.060
 0.123
 0.147
 0.387
-0.386
-1.096
 1.474
 0.737
 0.701
 1.597
 0.407
-0.942
 1.451
 2.008
 1.614
 1.170
 2.293
 1.804
 1.283
 0.587
 1.919
 1.868
 2.107
 0.884
 1.490
-0.941
-0.505
 0.039
 0.007
 0.372
 1.381
 1.027
 0.402
-0.471
-0.135
-0.113
-1.031
 1.275
 0.058
 1.319
 3.194
 0.588
-0.128
-2.027
-0.887
-0.573
-0.507
-0.271
 1.734
 0.651
 0.817
 0.424
 1.773
 0.184
-0.560
 1.268
 1.663
-0.879
-0.670
-1.829
-0.096
 0.480
 0.659
-0.449
-0.499
 1.919
 0.997
 1.053
-0.720
 0.207
 0.289
 0.093
 1.094
 1.869
 0.850
 0.191
-0.341
 0.439
 0.254
 0.464
 0.170
-1.090
-0.929
-0.280
-1.743
-1.014
-0.729
-1.151
-1.020
-0.755
-1.176
-0.203
-1.791
-0.776
-0.166
-2.829
-2.474
-0.748
-1.701
-1.591
-2.304
-1.267
 0.047
 0.157
 0.065
-0.268
-2.588
-1.273
-1.138
-1.238
 0.372
 0.388
-0.707
-0.470
-0.264
 0.324
-1.272
-0.939
 0.642
 0.808
 0.709
 0.873
 0.197
 1.330
-0.881
-0.728
-1.988
-1.267
 0.885
-0.837
-0.421
-0.521
-0.550
-0.654
-0.233
 0.511
 1.801
 0.531
 1.876
 1.136
 2.167
 0.685
-0.214
-1.549
-1.266
 0.545
 1.193
-0.840
 0.888
-1.266
 0.716
-0.457
-0.878
-0.863
-0.619
-1.186
 1.289
-0.058
-1.547
-0.336
-0.288
-0.257
-0.194
-1.019
-1.515
-0.798
-1.372
-1.683
 0.091
-0.426
-1.163
-0.991
-0.524
-1.584
-1.016
 0.143
-2.086
 0.138
-0.134
-0.285
-1.050
-0.750
-0.814
-0.778
 0.528
-0.062
-0.793
-1.236
 0.156
-0.397
-0.085
 0.120
 0.692
-0.317
-0.989
-2.027
 0.362
 1.294
-0.324
-0.662
-0.101
-0.580
-0.988
 0.481
-0.029
-0.749
-0.334
-0.765
-1.213
-0.723
-1.290
-1.710
-1.075
 0.380
-0.252
 1.446
 0.189
 1.028
 2.258
 0.533
 0.832
-0.074
-1.094
 0.344
-0.609
-0.326
 0.369
 0.579
 0.817
 0.507
 0.573
 1.111
 0.720
 0.274
-0.944
-2.402
-0.282
-0.404
-1.136
-1.961
-2.135
-1.123
-0.331
-0.514
 0.361
-0.410
-0.722
-0.167
-0.011
 0.574
-0.355
-1.366
-0.917
 0.071
 0.893
 0.154
 0.019
-0.185
 0.565
-0.023
-0.510
-1.538
 1.514
-1.525
-0.086
 1.014
 1.325
 0.772
 0.248
 0.489
 0.341
 1.349
 0.143
 0.607
 1.530
 0.411
 0.361
 1.397
 1.360
 0.660
 2.453
 1.131
 1.093
 0.680
 1.446
 0.661
 1.254
-0.675
 0.957
 0.132
-0.206
-1.333
-0.660
 0.338
 1.074
 0.764
 0.398
-0.049
 0.888
 0.304
-0.342
-0.287
-1.850
 0.037
 0.426
 2.416
 0.380
 0.213
 0.694
-0.301
-0.112
 0.283
 0.755
 0.429
 2.164
-0.470
 1.210
 0.093
-0.078
 0.338
 0.092
-1.272
-0.738
 0.667
 1.515
-0.234
 0.890
-0.353
-1.563
 0.099
 0.888
 0.609
 0.887
 0.693
-0.092
 0.745
-0.597
-1.146
-0.785
-0.461
-0.785
-0.448
-1.832
-1.339
-0.800
 0.763
 1.144
 0.099
-0.155
-0.160
 0.216
-0.597
-0.280
-0.457
 0.479
-0.608
-0.038
 0.680
 1.814
 2.492
 1.606
 1.093
 1.417
 1.920
 2.070
 1.015
-0.154
 0.646
-0.094
-0.472
 0.522
-1.350
-0.838
-0.962
 0.847
 0.221
 1.169
 0.359
-0.196
-0.342
 1.453
 0.967
 0.501
 0.893
 0.266
 0.285
-1.076
 0.739
 1.215
 0.999
 0.720
 1.524
 1.574
-0.067
 0.154
 0.799
 0.170
 0.694
 0.356
 0.331
 0.270
-0.100
 1.323
-0.267
-0.414
-0.508
-0.334
 0.025
 0.643
-0.412
-0.249
-0.969
 0.671
-1.691
-0.380
-0.259
 0.906
 1.526
 1.172
 1.141
 1.213
 1.744
-0.434
 1.438
 0.132
 0.813
-0.894
-1.336
-1.360
-1.288
 1.064
 0.749
-1.776
 0.295
 1.119
-0.027
-0.562
 0.983
 0.333
 0.530
 1.126
 0.933
 1.681
 0.549
 2.055
 0.467
 0.595
 0.854
 1.445
 0.941
 1.365
 0.396
 0.793
 0.081
-1.018
-0.052
 0.247
 2.714
 2.201
 1.524
 1.796
 0.844
 1.579
 0.408
 0.782
 1.870
 1.222
 0.022
-0.465
 0.446
-0.058
 0.375
-0.582
 1.351
 0.327
 0.584
 2.017
 0.234
 0.754
 1.507
 1.350
 1.470
 1.809
 1.269
 2.581
 1.014
 0.784
 1.450
 1.025
-0.212
 0.027
-0.347
-1.080
 0.147
 1.364
 0.033
-0.326
-0.062
-0.654
 0.936
 1.144
 1.706
 0.305
-0.260
-1.079
-0.945
-0.197
-0.658
-0.202
-1.607
-0.692
 0.459
-0.493
 1.605
 1.111
 0.444
-0.413
-0.033
 0.897
 0.054
 1.289
 0.229
-1.085
 0.149
 1.093
-0.146
-0.300
-1.154
-0.244
 0.548
 0.378
 0.891
 0.395
-1.303
-1.811
 1.249
 0.114
-0.083
-0.715
-0.078
-0.552
-0.520
-0.315
-0.137
-1.253
-0.608
-0.526
-1.876
-0.006
-0.213
 0.678
 0.483
-0.707
-0.909
-0.517
-0.290
-1.221
 0.819
 0.692
-0.096
-0.378
-1.727
-0.900
-1.724
-1.895
 0.537
-0.421
-0.204
 0.931
-0.310
-0.352
 1.464
 1.859
 0.797
-0.201
-0.084
 0.444
 0.248
-0.033
 1.337
-0.634
-0.100
-0.342
-0.667
 0.794
-0.272
 0.427
-0.453
 0.985
 0.146
 0.763
-0.494
-1.481
 0.077
-0.387
-0.796
-2.295
-0.613
-1.299
 1.066
-0.696
-0.942
-0.699
-0.487
-0.395
-0.307
 0.739
 0.300
-0.962
-1.235
 0.165
 1.467
 0.168
-0.278
-0.973
-1.197
-0.460
 0.144
-0.356
 0.088
 0.523
 1.334
 0.926
 1.103
 0.619
 0.224
 1.410
-0.882
 0.343
-0.044
-0.543
 0.759
-0.788
-0.516
-0.122
 1.596
-0.071
 0.195
 0.122
-0.154
 0.843
 0.417
 1.015
 0.432
-0.208
-0.423
 0.638
 1.975
 1.026
 1.111
 0.410
 0.004
 0.523
 1.209
-0.293
 1.160
-1.380
 0.399
 0.626
 0.546
 0.565
 0.743
 0.168
 0.885
 0.626
 1.269
 0.345
 0.569
 0.970
 0.880
 0.539
-0.058
 0.535
 0.338
 0.296
-0.206
-0.391
-0.006
 1.933
 0.324
 0.186
 0.125
 0.218
-0.048
 0.465
 0.025
-1.023
 1.004
-0.286
-0.111
-0.894
 0.047
 1.614
 1.281
 0.864
 1.686
 0.611
 1.183
 0.391
 0.271
-0.235
-1.516
-0.331
 0.708
 0.384
 0.207
-0.401
 0.462
 1.247
 0.441
 0.296
 1.044
 2.298
-0.256
-0.441
-1.119
-0.230
-0.924
-1.023
 0.462
 0.189
 0.100
-0.854
-0.787
-0.822
 0.084
-0.993
-0.873
-0.721
-0.131
-1.866
-1.435
-2.174
-0.236
 0.505
-0.784
 0.876
 0.079
-1.718
-0.148
 1.105
 1.555
 1.937
 1.477
 1.413
 1.532
 0.136
 1.134
 0.219
-0.147
 0.220
-0.446
 0.295
 0.209
-0.048
 1.278
 0.478
 1.485
 0.383
-0.561
-1.258
 0.476
 0.962
-1.623
-0.380
-0.759
 0.346
 0.645
-0.290
 2.102
 2.312
 2.075
 0.852
 0.817
-0.880
 0.870
 0.649
 0.879
-0.036
-0.236
 0.655
 0.041
-0.491
-0.486
 1.964
 0.136
 0.872
 0.603
-0.087
 0.340
 0.277
-0.502
 0.236
 1.127
-0.379
 1.333
-0.483
-0.609
 0.720
-0.489
 1.013
 0.129
 0.833
-0.179
 1.445
 1.803
-0.170
-0.376
-0.234
 0.560
-0.171
-0.540
-0.771
 0.575
-0.976
-2.016
-1.321
-0.934
 0.049
-1.044
-1.390
-0.275
 0.428
 0.111
-0.452
-0.572
-0.668
-0.936
-0.969
 0.551
-0.513
 0.529
-0.311
-0.905
 0.101
-1.218
-1.399
-1.921
-1.002
-1.957
-0.958
-1.785
-1.422
-0.447
-0.472
-0.924
-0.838
-0.151
 0.431
 0.039
-0.962
-1.093
-0.628
 0.875
-0.150
-0.963
-0.516
-1.622
-1.991
-0.518
-0.887
-1.176
-0.793
-0.110
-0.116
-0.949
 0.924
-0.753
-0.446
 0.133
-0.195
-1.008
-0.969
-1.554
 0.324
-1.853
-1.342
-1.112
-0.750
-1.710
-0.324
-0.481
-1.050
-0.558
-0.428
-2.363
-2.129
-1.001
 0.120
-0.248
-0.191
-1.294
-0.803
-0.422
-0.533
 0.281
 1.365
-0.870
-0.382
-0.391
-0.635
-1.628
-0.166
-0.253
-1.207
-0.358
-0.053
-0.031
-0.099
-0.197
-0.356
-0.660
-1.139
-1.290
 0.202
-2.044
 0.838
-0.418
-0.317
 1.319
 0.246
-0.722
-0.132
-1.529
-1.736
-2.066
-1.067
-1.454
 0.291
 0.016
-1.117
-0.086
 0.177
-0.003
 0.656
-0.091
-1.041
-0.204
 0.269
-0.506
 0.666
 0.728
 0.038
 0.546
-0.234
-0.772
-0.961
 1.096
-0.997
 0.622
-0.768
-0.809
-1.214
-0.842
 0.366
-0.286
-1.248
 0.406
 0.265
 1.169
 0.065
-0.091
 0.578
 0.089
-0.538
 1.017
 0.369
-0.861
 0.752
-0.511
 0.563
-0.370
-1.026
-0.189
-0.074
-0.042
-0.260
 0.997
 0.236
-0.219
-0.090
 0.626
 1.631
 1.251
-0.377
-0.371
 0.560
 0.283
-0.332
-0.549
 0.047
-0.185
-0.562
-0.094
-0.258
-0.309
-0.165
 0.348
-1.973
-0.747
 0.562
-0.054
-0.043
-0.967
-1.250
-0.849
-0.286
-0.540
-0.464
-0.012
-0.687
-0.706
 1.208
 0.092
-0.475
 0.421
 1.076
 0.188
 0.671
-0.714
-0.519
-1.753
 0.261
 0.374
 0.461
 0.456
-0.935
-1.745
 0.157
 0.470
-0.265
-0.482
-0.288
-0.902
 0.940
-1.884
-1.605
-0.938
 0.198
-1.169
 0.578
 0.604
 1.007
 1.446
-0.118
 0.354
 1.382
 1.421
 1.821
 0.291
 2.054
 0.825
 0.835
 1.368
 0.568
 1.127
-0.186
-0.458
 0.830
 0.066
 0.526
-0.035
 0.050
-0.872
 0.541
-1.238
 0.192
-0.025
-0.143
-1.648
-1.238
-0.663
 1.399
-1.143
-0.435
-1.132
-0.535
 0.194
-1.093
-0.548
-1.031
-0.317
-1.032
 0.871
-0.112
-0.647
-0.297
-0.869
 0.514
 0.697
-1.294
-0.574
 0.907
 1.125
 0.185
-0.607
-0.559
-0.695
 0.566
-0.121
-1.071
-0.906
 0.350
 0.894
 1.191
 0.260
 0.070
 1.075
 1.610
 1.529
 2.445
 1.323
-0.251
-0.400
 1.015
 1.456
 1.490
-0.566
 0.438
-0.306
 0.634
 1.753
 0.993
-0.028
 0.739
 0.180
 1.451
 0.279
 1.193
 1.140
-0.448
-1.223
-0.853
 0.859
 0.137
 0.527
-0.257
-1.300
-0.184
 0.333
-1.313
-1.367
 0.101
-0.934
 0.152
-1.049
 0.085
-1.603
-0.123
-0.094
-0.923
 1.145
 0.563
-0.075
 0.215
 1.055
-0.562
 0.344
-1.116
-0.738
-0.651
-0.175
 0.400
-1.393
-0.302
 1.335
 0.922
 0.034
-1.944
 0.319
 0.293
-0.209
 0.801
 0.227
 0.982
 0.237
 1.091
 0.619
 0.840
-0.060
 1.456
 1.742
-0.867
 0.797
 0.201
 1.886
-0.401
 0.621
 0.636
 1.467
 0.244
 0.007
 0.394
-0.572
 0.533
-0.952
 0.786
 0.233
 0.277
 1.962
 0.299
-0.131
-0.364
-0.205
-0.824
-0.192
 0.844
-0.129
 0.158
 0.584
 0.524
 0.524
-1.182
 0.813
-0.731
 1.624
 0.613
-1.139
 0.054
-0.273
 0.526
-1.506
 0.008
-0.354
-2.367
-0.901
-2.873
-2.519
-2.653
-1.029
-0.321
 0.347
 0.387
-0.300
-0.559
-0.029
-1.599
 0.194
-0.847
-1.570
 0.346
-1.085
-0.018
 0.575
 0.928
-0.635
-1.160
-0.655
-0.773
 0.852
-0.041
 1.718
 0.196
 0.195
-0.196
 1.234
-0.445
 1.319
 1.843
 0.558
-0.098
-1.614
-1.473
-0.396
-0.923
-0.356
-0.670
-0.673
-0.065
-1.533
-1.414
-0.805
-0.496
-1.159
-0.646
-1.693
-0.195
-1.140
 0.050
 0.649
-0.398
-1.543
-1.144
-0.328
-1.565
-0.504
 0.936
-0.094
-0.113
-1.612
-0.548
-1.931
-1.126
-2.127
-2.308
-0.856
-1.359
-0.508
-0.998
-0.799
 0.058
 0.067
 0.460
 0.777
 0.521
 1.178
 0.514
 1.141
 0.380
 0.379
-0.873
 0.443
 1.011
 0.422
-0.438
 0.262
-1.075
-0.409
 0.505
-0.234
-0.470
-1.930
-0.023
-0.895
-1.245
-1.431
-0.617
-0.230
-1.881
-0.492
-0.967
-0.236
-1.537
-0.275
-2.094
-2.712
-1.174
-0.210
 0.527
 0.172
-1.302
 0.430
-0.962
 0.451
-0.577
 0.302
 0.891
 0.945
-0.096
-1.947
-0.906
 1.457
-0.506
-0.979
 0.795
-1.829
-1.447
-1.729
-0.297
-2.017
-0.802
-0.408
 0.065
 1.544
-1.022
-0.817
-1.874
-1.304
-0.064
-1.155
-0.408
-1.083
 0.496
-0.249
 0.990
 0.968
 1.112
 1.272
 0.337
 0.155
 0.570
 1.171
 0.681
 0.286
 0.062
-0.670
-0.828
 0.955
 0.415
 0.094
-0.316
-0.299
 0.621
 0.049
 0.189
 0.333
-0.363
-0.180
-0.918
-0.566
-0.383
-0.595
 0.770
 0.971
-0.197
 1.307
 1.082
-2.150
 1.263
-0.663
-1.094
-0.652
-0.246
-1.051
-0.263
 0.630
 0.390
 1.980
 2.712
-0.800
-0.713
 1.293
 0.283
 0.719
 0.865
 1.135
 1.814
 0.566
 1.020
 0.295
-0.929
-0.705
-1.695
-0.594
 0.440
-0.882
 0.298
-0.644
 0.426
-0.030
 0.248
-1.348
-0.732
 0.442
 0.308
-0.921
-0.764
 1.360
 0.751
 0.359
 1.674
 0.751
 0.874
 1.442
 0.556
 0.078
-0.545
 0.454
 1.406
-0.488
 0.145
 0.122
 0.884
 0.794
 0.042
 0.714
 0.197
 0.132
-0.806
 0.409
 0.769
 0.374
 0.142
-0.719
-0.456
-0.073
 0.259
 1.103
 1.491
 2.485
 2.122
 0.802
-0.172
 0.374
 1.446
 1.180
 0.306
 0.692
 0.682
 1.868
-0.045
 0.987
 0.219
 0.459
 0.043
 1.070
 1.160
 1.648
 0.692
 1.407
 0.404
 0.284
 0.313
 0.105
-0.146
-0.092
 0.648
-0.149
-1.027
-1.071
-0.825
-1.210
-1.362
-0.548
-0.907
-1.267
-0.844
-0.819
-0.124
-0.692
-1.055
 0.865
 0.943
 0.352
 0.618
 0.424
 2.180
 0.850
-0.619
 0.053
 0.440
-0.642
-0.250
 2.408
 1.398
 2.212
 1.343
 0.061
 0.432
 1.926
 0.548
-1.866
 0.496
 0.480
-0.775
 0.400
 0.316
 0.049
-0.969
 0.403
 0.669
 1.286
 0.311
 0.359
 0.886
-0.287
 1.334
-0.497
-0.247
-0.533
 0.978
 1.064
-0.991
 1.063
 1.199
 0.912
 1.815
 0.303
 0.568
 1.537
 1.394
 0.041
 0.767
 0.921
 0.719
-1.665
 0.960
-0.490
 0.105
-0.161
-0.986
-0.861
 0.310
 0.959
-0.489
-0.867
-0.228
 0.924
 1.398
 1.125
-0.477
 0.931
 1.317
 0.124
-0.913
-1.332
 0.564
 0.348
 1.138
 0.795
 1.415
-0.666
 0.368
 0.339
 0.134
 0.905
 0.558
 0.500
 0.429
 0.378
-0.150
 0.239
 0.540
 0.115
 0.398
 1.247
 1.360
-0.030
 0.157
 1.259
 0.820
 0.715
 0.105
 0.035
 0.102
-0.280
 1.271
 0.779
 0.987
 0.425
-0.021
 0.273
 0.809
 1.400
 1.495
 0.178
 0.265
-0.038
-0.286
-0.569
-0.400
-0.554
-1.267
-0.041
-1.398
-0.179
-0.842
-0.409
 0.791
 0.059
-1.374
-0.103
-0.758
 0.240
-0.106
 0.134
 0.387
 0.636
-0.095
-3.405
-1.756
-0.822
-0.277
-1.581
-0.610
-0.900
-1.865
-0.331
-0.282
-2.548
-1.475
-1.553
-0.532
-0.045
-0.038
-1.545
-0.110
-0.040
 1.693
-0.691
-2.383
-3.533
-1.473
-1.508
-1.101
-1.947
-1.586
 0.302
 0.089
 0.093
-0.141
 0.608
-1.128
 1.908
 1.420
-1.154
-1.110
-1.211
-1.485
-0.898
-0.971
-0.748
-1.387
-0.296
 0.383
-0.187
-0.623
 0.428
 0.127
 0.889
 0.039
-0.998
 0.093
 0.045
-0.015
-0.785
-0.085
-0.559
-0.047
-1.477
-0.116
 0.149
-0.675
-0.920
 0.303
-0.201
 0.798
-1.520
 0.225
 0.382
 1.507
-0.061
-0.453
-0.168
 0.717
 0.175
-0.629
 0.505
-1.138
-0.717
 0.049
 1.216
 0.715
 0.233
 0.818
 2.053
 0.680
 1.490
 0.737
 2.480
 2.512
 2.289
 1.479
 2.153
 0.231
 1.934
 1.431
 0.603
 2.569
 0.741
-0.293
 0.954
-0.302
 0.853
 0.482
 0.824
-0.250
 0.428
 0.627
-0.157
 0.096
 0.982
 0.385
-0.488
 1.235
 0.780
 0.530
-0.231
 0.711
-0.355
-1.489
 1.070
-1.484
-1.138
-0.548
-1.349
 0.346
-0.572
 0.775
 0.252
-1.022
-1.722
-1.805
-2.582
-1.675
-0.760
-0.159
-1.328
 0.012
-1.122
-0.382
-0.921
-1.454
-1.675
-0.868
-0.924
-0.124
-1.522
-1.144
-1.182
-1.273
-0.521
-1.533
-0.269
-0.931
-1.364
 0.513
-0.734
-0.875
-1.496
-1.712
-0.296
-0.902
-1.552
-0.004
-0.709
 0.106
-1.294
-1.082
 1.159
 0.634
 0.351
-1.251
-0.894
-0.769
 0.162
 1.091
 0.583
 0.608
-0.524
-0.028
-0.205
 0.435
 0.490
 0.758
 1.350
 1.080
 0.641
-0.213
 1.795
-0.624
 0.121
-0.497
 0.919
-0.586
 0.057
 0.602
 0.943
 0.290
-0.141
-0.294
-0.005
-1.600
-1.245
-0.475
-0.737
-2.428
-0.301
-2.134
-0.425
-0.110
-1.175
-0.807
-1.322
-1.181
-1.246
-2.230
-2.270
-1.754
-2.097
-1.373
-1.822
-1.747
-1.461
-1.464
 0.156
-0.982
-1.167
-0.316
-1.674
-0.819
-1.167
-1.642
-0.269
 0.695
 0.009
-1.583
-0.304
-0.040
-1.594
-0.923
 0.221
-0.716
-1.221
-1.625
-2.480
-2.196
-0.676
-0.972
 0.628
 0.480
-0.148
 0.961
 0.902
-1.565
-1.081
 0.203
 0.102
-2.246
 0.143
-1.388
 0.846
 0.730
-0.133
 1.093
 0.607
 0.448
 0.332
 0.725
 0.754
 0.589
 1.815
 0.059
 0.888
 1.168
 1.225
-0.707
-0.232
-1.096
 0.385
 1.004
-2.064
-0.303
 0.500
-0.321
 0.515
 1.874
 1.802
 1.140
-0.156
-0.984
-0.276
-0.640
-0.822
 0.140
 0.983
-1.181
-1.191
-0.872
-2.911
-2.160
-1.596
-1.387
-0.737
 0.868
-0.025
 1.605
 0.043
 1.504
 0.804
 0.579
-1.636
-0.800
-0.866
-0.285
 0.179
-1.511
 0.520
-0.458
 0.244
 0.490
-0.475
 0.761
 0.310
 0.826
 0.531
 0.974
 0.446
-0.623
 0.690
 0.611
-0.150
 1.235
 0.214
 1.793
 1.182
-0.464
 0.447
-0.133
-0.418
-0.184
-0.191
-1.591
-0.589
-0.433
 0.627
-1.669
 0.557
 0.068
-1.345
-0.561
-0.441
 0.944
-0.106
 0.016
-1.397
-0.241
 0.107
 1.105
 0.131
-1.359
-0.916
-1.361
-0.729
 0.788
 1.573
 0.881
-0.523
 0.184
-0.806
-0.553
 0.618
-1.274
-0.766
-0.879
 0.919
-1.295
-1.059
-2.077
-1.263
-0.795
-0.083
-0.867
-1.194
-2.017
 0.687
 0.522
-0.594
-1.144
-0.136
-0.555
-0.616
-0.821
-0.363
-0.866
-0.479
-0.107
-1.049
-1.593
 1.011
-0.844
 0.285
-0.387
-1.246
 0.131
 0.437
 0.529
-0.425
-0.269
 0.922
 0.705
 0.572
-1.113
 0.018
-1.304
 0.174
-0.167
-0.317
 1.318
 1.021
 0.504
 1.268
 1.816
 3.882
 2.755
 1.528
 1.538
 0.847
 0.892
-1.201
-0.403
-0.829
-0.491
-1.697
-2.093
-1.525
-1.523
-0.843
-2.838
-0.405
-1.205
 0.116
 0.771
 1.466
-0.088
 0.762
-0.491
 0.359
 0.131
 0.489
 1.455
 0.407
-0.472
-2.034
 0.081
 0.599
-0.348
 0.313
 0.346
-0.632
-0.529
 0.023
-0.715
-0.565
-0.223
 1.227
-0.076
-0.385
 1.054
 0.211
-1.851
-0.814
-0.840
 0.008
 0.897
-0.105
-0.252
 1.287
-0.020
 0.272
 1.025
-0.857
-0.981
 1.316
 0.555
 0.513
 0.217
-0.344
-0.424
 0.434
-0.081
 0.418
-0.931
 0.138
 1.196
 1.947
 1.132
 0.623
 1.489
-0.946
 0.463
 1.598
 1.693
 0.047
 0.441
 1.312
 0.613
-0.304
 0.394
 0.425
 0.904
 2.140
 0.898
 1.945
 1.233
 1.565
 1.107
 1.491
 0.873
-0.544
 2.069
 0.822
 1.865
 1.806
 0.774
 0.665
 0.079
 0.396
 0.473
-0.081
 0.065
-0.641
-0.443
 0.539
-0.763
-0.443
 0.864
-0.040
 0.746
-0.555
 0.260
-0.068
-1.124
 0.004
 1.677
 1.381
 0.553
 0.379
 0.600
 1.091
 1.059
 1.116
 1.139
 0.711
 0.236
 0.199
 0.400
-0.764
 0.609
 0.542
-0.692
 0.303
 0.282
 0.419
-0.588
 0.843
-0.179
 0.164
-0.402
-0.491
 0.449
-0.777
-0.377
-0.809
-0.358
-0.845
-0.844
 0.641
 1.206
 0.725
-0.682
-1.117
-1.734
-0.523
-0.792
 0.349
 0.597
 0.878
-0.124
 0.112
 1.016
 0.803
 0.843
 0.808
 0.754
 0.164
 0.510
 1.177
 1.721
 1.075
 1.685
 0.926
-0.210
-1.116
-0.122
-0.915
-0.983
-1.321
-2.481
-2.488
-1.798
-1.226
-2.353
 0.428
-1.376
 0.192
-1.496
-0.883
-1.396
 1.192
-1.973
-2.085
 0.179
-0.900
-0.400
-0.732
-0.098
-0.315
 0.281
 1.545
 0.083
-1.598
-0.323
-0.589
-0.504
-0.008
-0.163
-1.716
-0.381
-0.987
-1.455
-0.730
-1.221
-1.163
-1.797
-1.998
-1.475
-0.640
-1.139
 0.433
 0.457
-0.887
 0.509
 1.230
 0.290
-0.821
-0.742
 0.001
 1.308
 0.171
 0.233
 1.358
-0.108
 1.370
-0.481
 0.036
-1.238
 0.029
-1.684
-0.537
-1.115
-1.944
 0.423
-1.876
 0.405
-1.897
-1.614
 0.188
-0.561
-0.579
-1.060
-0.778
 0.821
 0.173
-0.842
-0.354
-1.017
-0.734
-1.112
-0.460
-0.615
 0.137
-0.682
 0.404
-0.362
 0.371
 1.015
 0.802
-0.298
-0.860
-0.976
-0.869
-1.981
-1.477
-1.538
-0.838
-1.645
-0.990
-0.427
 0.401
 0.856
-1.279
-0.795
-1.455
-0.325
 1.292
-0.830
-1.527
 0.547
 0.110
-0.429
-0.756
-0.270
-0.910
 0.116
-0.224
 0.804
 1.042
 0.622
 0.942
 0.898
-0.121
-0.233
-0.039
-0.096
-1.033
-0.012
-0.416
 1.265
 2.106
-1.240
 0.220
 0.563
 1.357
 3.718
 1.717
 1.513
-0.628
-1.219
-0.788
-0.290
-0.937
-1.273
-0.479
 0.805
-0.279
 0.691
-0.442
-0.272
-0.016
 0.669
-0.718
 1.098
-0.086
 1.403
-1.056
 1.491
 1.364
-0.092
-0.250
 0.592
 0.211
-0.642
 0.748
 0.068
-0.071
 0.600
-1.094
 0.051
-1.531
-0.189
-0.231
-0.378
 0.932
-0.679
 0.528
-2.375
-1.391
-0.669
-1.314
-1.884
-1.194
-0.715
 0.003
 0.552
-1.650
 0.675
-0.809
-0.239
 0.272
 0.032
-0.105
 0.348
-0.288
 0.457
 0.253
-0.428
-0.757
-0.931
-0.784
-0.647
-1.108
-1.101
 0.663
-0.280
-1.784
-1.760
-1.466
-1.644
 0.352
-0.987
-1.254
-0.116
-1.489
-0.524
-0.795
-1.891
-2.037
-0.968
-1.028
 0.496
-1.172
 0.124
 0.980
 0.656
 0.561
 1.215
-0.232
 0.007
-0.433
 1.445
 0.117
-1.046
-1.414
-1.634
-0.193
-0.966
-0.445
-1.004
-0.370
-0.385
-0.611
-1.386
 1.032
-0.967
 0.494
-0.673
-0.563
-0.976
-0.261
 0.566
-0.031
-1.609
-1.070
-1.069
 0.890
-0.392
-0.278
-1.585
-0.780
 0.247
 0.692
 0.634
-0.762
-0.162
-0.645
-0.028
-1.116
 0.551
-0.506
 0.578
 0.364
 1.110
-2.192
-1.125
-1.705
-1.126
-1.593
 0.064
-1.634
-1.290
-1.057
-0.457
-1.984
-0.990
 0.368
 0.377
-0.195
-0.015
 0.397
 1.183
-0.694
-0.824
 0.001
-0.458
 0.500
-0.181
 0.405
 0.227
 0.673
 1.420
-0.424
 0.870
 0.384
 1.705
-0.813
-0.151
-0.317
-1.239
-1.405
 0.437
 0.791
-0.553
-0.248
-0.430
-0.120
-0.098
-0.213
-0.383
-0.682
 0.644
 0.743
-0.475
-0.073
 0.122
-0.490
 0.553
 0.736
-0.345
 1.514
 0.972
 1.674
-0.096
-0.168
-0.626
-1.563
-0.489
-0.977
-1.661
-0.588
-0.559
-0.815
-0.100
 0.876
-2.278
-0.164
 0.183
 0.663
 0.912
 1.069
-1.406
-1.597
 0.166
 0.584
 0.937
 0.855
 1.552
 0.785
 1.951
 0.949
 0.460
 0.697
-0.946
-1.854
-0.764
-0.922
-1.151
-0.777
 0.766
 1.147
-0.038
 0.363
 1.637
-0.460
-1.668
 0.750
-0.913
 0.008
 1.324
 1.477
-1.174
 1.459
-0.002
-1.015
 0.455
-0.381
 1.004
 0.615
 0.943
 0.785
 1.108
 0.530
 0.552
-0.343
 0.047
 0.816
 0.047
-1.489
-0.827
-0.997
 1.493
-1.130
-0.073
 0.671
 0.078
 0.985
-1.873
-1.234
 0.983
-1.045
-0.497
 0.552
-1.079
-1.024
-0.401
 1.326
-0.365
 0.636
 0.211
 1.115
-0.433
 0.177
 0.426
-0.070
-0.847
-0.329
-0.138
-0.492
 0.311
-0.805
 0.307
 0.388
 0.867
 1.016
 1.394
 1.234
 0.074
-0.681
-0.387
-0.203
 0.605
-0.029
-0.863
-1.396
-2.360
-0.086
-0.687
-0.349
 0.334
 1.513
 1.433
 1.362
 0.746
-0.239
 0.251
-1.211
 0.356
-0.488
-0.488
-1.793
-0.683
-2.432
-1.405
-0.669
-1.338
 0.396
 0.504
-1.816
-2.500
-0.930
-0.741
-0.185
 0.527
-0.318
-0.783
 0.502
 1.664
 0.726
-0.718
-0.572
 0.008
-0.974
 0.835
 0.994
 0.810
-0.366
 0.995
 0.356
 1.294
 0.941
 1.141
 1.587
 0.339
 0.857
 0.895
 0.697
 0.419
 1.167
 0.187
-0.034
 1.430
 1.135
 0.376
 1.195
 0.944
 0.977
-1.561
-0.786
 0.163
 0.833
-0.427
 0.580
-0.020
-0.244
-0.558
-1.209
-0.759
 1.943
-0.733
-0.744
-0.668
-0.950
-0.786
-0.415
 0.225
 0.704
 0.616
 0.374
-0.747
 0.219
-0.463
-0.052
-0.914
 0.350
-0.841
-0.811
 0.387
 0.695
-0.172
-0.802
 0.304
-0.005
-1.263
-0.403
 0.638
-0.348
 0.131
-0.033
 1.247
 0.131
 0.174
 0.353
 1.066
 1.391
 0.106
-1.458
-0.962
-0.350
 0.648
 2.842
 0.020
-0.017
 0.603
 0.623
-0.031
 0.969
 0.353
 0.268
 0.477
 0.851
-0.325
 0.241
-0.584
 1.349
 0.347
 0.956
 0.234
 1.815
-0.824
-0.064
-0.820
-0.382
-0.251
-0.511
-1.477
-0.680
-0.328
-0.885
-1.311
-1.251
 0.332
-0.021
-0.241
-1.107
-0.065
 0.883
-0.603
 0.179
-0.147
-0.283
-0.605
 0.209
 1.025
 1.403
-0.350
 0.794
 0.094
-0.273
-0.462
-0.066
 0.676
 0.665
 0.887
 1.381
 2.101
 1.260
 1.229
-0.507
-1.560
-1.443
-0.532
-1.639
 0.483
 0.302
 1.035
 0.024
 0.816
-0.856
-1.090
-2.873
-0.887
 0.259
-1.309
-0.365
 0.385
 0.648
-1.466
-1.886
-0.825
-0.459
-0.520
 0.012
 0.996
 0.270
-0.634
-1.044
-0.106
-0.052
-1.062
 0.445
-0.094
 0.569
-0.688
-0.185
-0.895
-1.231
-0.317
-1.250
-2.057
 0.083
 0.869
 1.123
 0.833
-0.206
 0.921
 1.662
 1.387
 0.398
 0.411
 0.961
-0.376
 0.585
 1.154
 0.890
 0.938
 0.281
 1.174
 0.456
-1.144
 0.037
-0.985
-0.377
-0.225
-0.227
-0.245
 0.171
-1.210
-1.697
-2.289
-1.419
-0.588
-1.334
-1.065
-0.248
-0.306
-1.563
-1.289
 0.625
-0.459
 1.269
 1.169
 2.425
 1.137
 1.107
 2.388
 0.052
-0.713
-0.185
 0.638
 1.261
 0.758
 1.090
 0.013
 1.371
 2.235
-0.393
-1.727
 0.486
-1.012
 1.016
-0.125
 0.361
-1.585
-0.841
 0.234
-0.784
 0.414
-1.090
-0.421
 0.079
 1.217
-0.084
 0.944
-0.183
 0.191
-0.151
-1.477
 0.506
 0.012
 0.344
 1.345
 0.240
 0.064
 0.012
 0.409
 1.107
 0.759
 1.048
 1.172
 0.206
 1.644
-0.340
-0.463
-1.070
-0.010
 1.950
 0.618
 0.630
 0.509
 0.553
-1.446
-0.228
-0.701
-0.049
 1.116
-0.454
-1.797
-1.365
-1.150
-1.782
-0.007
-0.750
-0.091
-0.863
-0.889
-1.340
 0.073
 0.656
 0.574
 1.118
 1.334
-0.683
 0.180
 0.564
-0.958
-0.998
 0.227
 1.175
 0.769
-0.194
 0.112
 0.397
 1.107
 1.189
 0.016
 0.420
 0.928
 1.551
 1.120
-0.395
-0.321
 0.055
-1.035
 0.360
-0.349
 0.637
-0.676
-0.303
 0.483
 0.121
-0.117
 0.910
 0.061
-0.316
 0.432
 1.556
 1.864
 1.779
 0.419
 0.627
-0.102
 1.557
 1.188
 1.473
 0.940
 0.978
 2.092
 0.786
-0.020
-0.712
 0.500
 1.205
 0.609
-0.041
-1.632
-0.087
 0.241
 0.629
 0.210
 0.313
 0.100
-0.353
-0.643
-1.204
-1.003
 0.958
-0.178
-0.198
-0.053
 1.125
-0.152
-0.066
-1.298
-0.656
-0.617
 0.606
-0.802
-0.216
-0.899
-2.323
-1.173
-0.898
-1.400
-1.194
-0.484
-0.012
-1.501
-0.805
 0.307
-1.499
 0.016
-1.189
 0.504
-1.500
-0.878
 1.132
 0.141
-0.164
 0.130
 1.673
-0.326
 0.324
 0.235
-0.066
 0.259
-1.180
-0.167
-0.421
-0.244
-0.091
-0.697
-0.193
 0.260
 0.211
-0.797
 0.590
-0.147
-0.452
 0.808
 0.148
-0.446
 0.222
-0.508
 0.624
-1.428
-0.705
-0.442
-0.523
-0.145
-0.838
-0.332
 1.044
-0.723
 0.800
 1.510
 0.054
-0.006
-0.205
 0.080
-1.023
 1.288
 0.935
-0.634
 0.998
 0.167
-0.290
-0.007
 0.371
 3.696
 1.240
 0.376
 1.039
-0.765
-0.027
-0.797
 0.577
 0.715
 0.701
 0.837
 1.229
-0.671
 0.139
-0.693
 1.207
-0.363
 0.822
 0.002
 1.159
 0.664
-0.147
 0.617
 0.201
 1.683
-0.110
 0.931
 1.627
 1.313
 0.388
 0.514
 0.373
-0.031
 0.250
-0.435
 1.005
 0.482
-0.247
 0.897
-0.078
 1.003
 0.565
 0.945
 0.321
 1.270
 0.312
-0.684
 0.027
 0.347
-1.160
 0.750
 1.396
 0.240
 1.124
-1.343
-0.316
 0.069
 0.140
 0.393
 0.299
 0.386
-0.012
 0.991
 1.245
 1.153
 1.488
 1.360
 0.010
 1.596
-0.552
-0.042
-0.069
-0.019
-0.798
-0.133
 0.902
 0.720
 1.648
 1.471
-0.886
-1.710
 0.125
 0.036
 1.605
 2.135
 1.565
 1.320
 0.387
-0.304
 0.823
 0.334
 0.497
 0.606
 0.289
 1.268
-1.049
-0.461
 0.153
-1.137
-0.356
-2.074
-0.808
 0.245
 0.337
-1.001
-0.487
-0.161
-0.927
 0.639
 0.390
-0.601
-1.579
-0.569
-1.406
 0.273
-0.177
 0.126
 0.358
 0.414
 0.460
-0.314
-0.363
 0.855
 0.525
-0.054
-0.255
 0.085
-0.394
-0.479
-1.526
 0.127
-0.665
-0.622
-0.344
-0.980
 0.701
 1.213
 0.596
 0.326
-0.501
 0.660
-0.237
-0.119
-0.114
 1.792
 0.266
-0.434
-1.376
 1.268
 1.738
 0.497
 1.087
-0.055
 0.659
 0.866
 0.074
 1.048
 1.444
 0.020
-0.997
 0.486
-1.310
-0.206
-1.066
 0.177
 0.766
-0.460
-0.431
 0.776
-0.122
 0.637
-1.776
-1.157
-0.560
 0.229
 0.419
 0.292
-0.222
-2.115
-0.320
 0.401
 1.202
 0.881
 0.251
-0.259
-0.512
 0.443
 0.012
-0.459
-1.352
-0.080
-2.526
-0.457
 0.051
 0.325
 1.082
 0.427
 0.665
-0.068
-0.834
-0.671
 1.054
 0.577
 0.036
-1.464
-0.699
-0.615
 0.652
-1.122
-0.589
-0.235
 0.777
 1.206
-0.533
-0.354
-0.516
 0.653
 0.396
 0.783
-0.245
 0.610
-0.429
-1.657
-2.591
-0.542
-1.126
-1.734
-0.483
-1.235
 0.982
-0.615
-1.376
-1.192
 0.920
 0.258
-0.271
 0.711
-0.947
-1.877
 0.293
 1.410
-0.040
-0.321
 0.267
-1.343
-0.430
-0.530
 0.247
-0.726
-1.052
-1.321
 0.960
-0.199
-1.182
-0.872
-1.307
-0.109
-1.413
 0.823
-0.293
 1.290
 1.668
 0.983
-0.213
-0.086
 1.174
-0.708
 0.582
 0.926
-0.503
 1.146
 0.618
 2.074
-0.072
 0.400
 0.207
 1.332
 0.705
 0.351
 1.441
 0.092
-0.539
 0.122
-0.296
 0.037
-0.172
 1.281
-0.387
 0.277
-1.190
-0.467
-0.753
-1.248
-1.493
-1.995
-1.701
-0.652
-0.823
 0.171
-0.811
-1.597
-0.660
-0.046
-0.592
-1.512
-1.420
-0.138
-0.447
-0.032
-0.110
 0.578
 1.184
 0.133
 1.322
-0.392
 0.238
 1.726
 1.093
 1.588
 0.454
 0.290
-1.834
-1.918
-0.436
-1.088
-0.377
 0.050
-0.350
-0.978
 0.743
 1.626
 1.115
 0.675
 0.924
-0.139
 1.376
 1.667
 2.505
 1.830
-1.027
-0.278
 0.765
 0.989
 0.870
 0.844
 1.073
 1.222
 1.421
 1.697
 0.926
 0.349
-0.523
-0.614
 0.124
-0.441
-0.623
-0.583
-1.122
 0.124
-1.110
 0.631
 1.317
 0.519
-0.384
-1.039
 1.043
 0.484
-0.540
-0.543
-0.956
-0.324
-0.792
 0.109
-0.247
 1.358
 0.368
-1.544
-0.740
-0.654
 0.030
 0.015
-0.157
 0.151
-1.711
-0.618
-0.056
-1.636
-0.592
-0.556
-0.830
-1.100
-0.458
-1.676
-0.387
-0.598
-0.841
-1.181
-1.637
-0.069
-0.498
-0.573
-0.474
 0.011
 0.544
 0.807
 0.016
 1.091
-1.287
-0.938
-0.215
-1.426
-1.734
 0.202
-1.557
 0.205
 0.325
-0.045
-0.720
-0.763
-0.920
-0.843
 1.130
 0.534
 0.238
-0.867
-0.788
-0.294
-1.439
-0.316
-0.536
-0.140
 0.533
-1.308
-0.347
 0.218
-0.090
 0.000
 0.530
 1.859
 0.873
-0.652
 1.702
-0.714
 1.590
-0.133
-0.225
 0.455
 0.707
 0.740
 0.208
 0.579
 0.763
 2.016
 0.623
 0.576
-0.257
-0.355
-0.320
-0.944
-0.304
 0.204
-1.038
-0.046
-0.530
-0.234
-0.736
-0.503
 0.059
 0.901
 0.208
 1.850
-0.220
-0.024
 0.424
 0.636
 0.143
-0.254
-0.582
-0.503
 0.147
-0.178
-1.256
-1.586
-1.182
-0.998
 0.567
 0.528
-0.131
-0.037
 2.832
-1.088
 0.104
 0.525
 1.152
 0.245
-0.530
 0.436
-0.828
-0.625
 0.923
-0.902
 1.167
 0.984
-0.581
-0.698
 0.247
-0.825
-1.660
-1.365
-0.303
 0.038
-0.232
 0.012
-0.670
 0.269
 0.581
-0.250
 0.948
 0.307
-1.196
-1.627
-1.636
-0.594
-0.817
-0.409
 0.707
 0.223
-0.432
 0.133
-1.625
-1.039
-0.968
-0.285
-0.268
-2.061
-1.018
-0.784
-0.053
 0.358
-0.744
 0.970
 0.242
-0.354
 0.353
-0.344
-0.299
-0.496
-0.468
-0.191
-0.817
-0.708
 1.704
-0.239
 0.176
 0.513
-0.169
-1.440
 0.089
 0.371
-1.177
-1.502
-0.153
-0.550
-0.185
-0.733
-1.203
-1.315
-0.375
 0.025
-0.055
 0.390
 0.170
 0.920
 0.826
-0.865
 0.036
 0.405
 0.081
 0.453
 1.251
-0.958
-0.133
 0.319
-0.014
-1.066
-1.088
-1.312
-0.726
-0.268
 0.065
 0.397
-0.045
 0.079
-0.213
-0.991
-0.197
-0.166
 0.223
-2.547
-1.527
 0.229
-2.256
-2.627
-0.753
-0.062
-1.239
-0.994
-0.155
-0.370
 0.035
 0.651
 0.488
 1.591
 0.063
-0.412
-0.111
 0.527
-0.147
-0.586
-0.125
-1.029
-0.185
-0.574
-0.495
-0.157
 0.712
 1.579
-0.447
-0.598
-1.144
 0.608
 0.892
 0.086
-0.352
 0.101
-1.247
 1.060
 0.164
-1.355
-1.227
-1.005
-0.243
-0.142
 0.935
-0.345
 0.230
 0.291
 0.937
 1.997
-0.463
 0.978
-0.282
 0.637
 0.396
 0.642
 1.392
 1.500
-0.136
-1.553
 0.478
 0.253
-0.242
-1.202
-0.600
-1.083
-1.782
-1.966
-1.924
-0.509
-0.960
-1.336
 0.034
 0.233
 0.056
-1.744
-0.576
-0.268
 0.542
-0.765
-0.775
-0.393
 1.518
 1.811
 0.586
-0.011
 0.133
-0.484
 0.482
 0.634
-0.893
-0.295
-0.402
-2.047
-0.632
-0.736
-1.805
-0.501
-1.518
 0.712
 0.062
-0.923
-0.066
 1.376
 0.919
 0.689
-0.139
-0.325
-0.431
-1.737
-2.050
 0.347
 0.768
 0.571
 2.058
-0.231
 1.357
 0.413
 1.144
 1.307
 1.916
 0.652
 0.413
-0.095
 0.337
 0.415
 0.114
 0.731
 0.498
-0.183
-0.841
-0.624
-1.010
-0.803
-0.543
 0.437
 0.911
 1.077
 0.887
-0.219
-1.060
-0.148
-1.193
-0.347
 0.024
 0.640
-1.104
-2.795
-0.787
-1.158
 0.068
-0.597
-0.275
 0.365
 0.043
 1.190
 0.264
-0.164
 0.160
-0.059
-0.581
-1.188
-0.230
 0.724
 1.016
-0.394
 0.250
 0.415
 0.031
-0.859
 0.187
 0.118
-1.310
 0.061
-1.156
-1.027
-1.339
-1.635
-0.864
-0.929
-1.293
-0.448
 0.029
-1.448
-1.476
 0.294
-0.074
-1.996
-2.208
-0.785
-0.767
-0.974
 0.291
-0.577
 0.078
-0.432
 0.523
-0.426
-0.612
-1.152
 0.904
-0.942
-0.980
-0.513
-0.772
 1.301
-0.332
 0.991
-0.499
 0.276
 0.707
-0.512
-0.328
 1.238
-0.075
-0.542
 0.889
 1.514
 0.449
 0.226
-0.471
-0.567
-0.189
 0.329
 0.315
 1.292
-0.561
-1.535
 0.997
 0.453
-0.630
-1.112
-0.003
-0.339
-1.790
-0.440
 0.100
 1.366
-0.270
-1.465
-0.114
 0.114
 1.241
 1.613
-0.090
-0.893
-1.240
 1.465
-1.022
 0.806
 0.719
 0.016
 0.988
 0.696
-0.053
-0.004
 0.908
 1.124
 1.446
 0.930
 0.830
 0.930
-0.061
 0.387
 2.523
 1.436
 0.512
 0.300
 0.104
 0.177
-0.271
-1.057
-0.044
-0.677
-0.828
 1.207
-0.647
 0.273
 0.058
-0.582
 0.289
-1.042
-1.010
-2.449
-2.185
 0.847
-0.497
-1.442
-1.552
-0.256
-1.424
-0.300
 0.179
 1.159
 0.475
-0.926
 0.114
-1.109
 0.644
-0.070
-0.526
-0.124
 0.062
-0.763
-1.189
-1.023
 0.376
 0.467
-0.382
-1.012
 0.331
-0.095
 0.711
 0.160
-1.046
-0.991
-0.984
-0.193
-1.012
 0.374
-0.887
-2.261
-1.061
-0.244
-1.323
-0.618
-1.287
 0.270
 1.342
 0.515
 0.513
 1.076
 1.218
 2.044
 0.967
 1.320
-0.259
 0.365
 0.136
 0.832
-0.302
-0.727
 0.561
-0.307
-1.060
-0.370
-1.905
 0.073
 0.803
 0.996
-0.071
-1.789
-0.434
-0.620
 0.712
-0.841
-0.040
-0.381
-1.654
-0.079
-0.567
 0.424
-0.364
-0.244
 0.826
-0.360
 1.442
 0.782
-0.099
 1.207
 1.084
 0.228
 0.663
 0.592
-1.362
 1.333
 1.208
 0.728
 1.966
 1.539
-0.025
-0.388
-1.626
-0.103
 1.271
 1.436
-0.064
 0.351
-0.298
 0.347
-0.395
-0.187
 0.084
 1.215
 0.794
-1.838
-0.128
 1.097
-0.209
-1.366
 0.407
-1.789
-0.142
 0.638
-0.597
-0.326
-0.736
-1.002
-0.557
-0.896
-1.051
 0.315
 0.418
 1.923
-0.751
 0.208
 0.807
 0.227
 0.362
-0.295
 0.238
 0.261
-0.788
-2.426
-1.056
-2.316
-0.829
-0.879
-0.534
-0.494
-0.639
-1.825
-0.798
-1.297
-0.278
 0.220
-0.752
-0.980
 0.402
-1.174
-1.112
-0.569
-1.003
-1.409
-1.285
-0.828
-0.338
-0.938
 0.238
-1.146
-0.675
-0.870
-2.111
-1.566
-0.705
-1.385
-1.850
-1.594
-0.102
-1.800
-0.293
 0.506
-1.064
 0.173
 0.388
-0.501
-0.314
-0.480
 0.323
-1.442
-1.366
-0.403
 0.588
-0.775
 0.285
-1.409
-1.622
-0.648
-1.391
 0.050
 0.418
-0.553
 0.081
 0.671
-0.118
-0.027
 0.568
 2.387
 1.729
 0.930
 0.618
 0.393
 0.965
-0.775
-0.634
 1.424
 0.766
 0.986
 1.319
 0.427
-0.955
 0.063
 0.640
-0.289
 0.276
-0.966
-0.265
 0.691
 2.199
-1.280
 1.057
-0.239
 0.611
-0.966
-0.528
-0.791
 0.013
 1.305
 1.035
 1.067
-0.241
-0.645
-0.468
 0.691
-0.276
-0.400
 0.062
 0.126
-0.280
-0.014
 0.971
 1.161
-0.031
-1.114
-1.054
-0.952
-0.817
-0.233
-0.862
 1.615
 1.069
-0.475
-0.436
-0.104
-0.933
-0.218
-0.297
 0.742
 0.083
 0.310
 0.709
 0.452
 1.920
 0.478
 0.444
 0.514
 0.858
 0.710
-0.301
 1.203
 1.220
 0.222
 2.107
 1.099
 1.216
 1.429
 0.547
 0.741
 1.047
-0.453
 0.597
-2.071
-0.402
-0.156
 0.785
 0.238
-0.718
-0.288
-0.419
-0.397
-1.695
 0.098
 1.105
 1.874
 0.415
-0.570
 1.219
 0.555
 1.194
 0.242
-0.272
 0.027
 1.220
 0.267
-0.191
 1.999
 0.624
 0.273
 1.716
 0.454
-0.118
-0.058
-0.756
 0.436
-0.410
-0.518
-0.474
-0.722
 0.758
 1.017
 0.855
 0.171
 0.971
 1.758
 0.704
 0.315
 1.014
 0.922
 0.728
-0.119
 1.481
-0.006
-1.343
 1.783
-0.178
 0.126
-0.384
 0.708
-0.607
-0.183
 0.876
 1.505
 0.157
 1.079
 0.672
-0.091
-0.898
-0.886
 0.276
 0.363
 0.592
-0.023
-0.937
-1.160
-0.076
-0.723
-1.057
 0.105
-0.061
-2.007
-0.441
-0.803
-1.795
 0.694
 0.287
 1.040
-0.258
 0.051
 2.018
 2.011
 0.429
 1.130
 0.046
-0.538
 1.507
 1.240
 0.378
 0.326
-0.935
 0.916
 1.575
 0.586
-0.251
 0.455
-0.307
-0.367
 0.063
 0.881
-0.487
-0.123
 0.485
-0.584
-0.063
-0.271
 0.708
 0.514
 0.398
 0.367
-0.271
-0.182
 0.318
-0.486
-1.092
-0.154
-1.296
-1.646
-0.468
 0.638
 0.273
 1.605
 0.470
 0.849
-1.478
-1.226
 0.208
-0.035
-0.204
 1.482
 0.867
 1.433
 1.338
 1.964
 1.121
 2.189
 2.238
 2.628
 1.297
 0.169
 1.445
 2.506
-0.408
 0.028
-0.372
 1.432
 1.327
 1.111
 0.011
 1.293
 2.339
 1.315
 1.490
 0.981
 0.426
-0.607
-0.176
 0.438
 1.392
-0.376
-0.434
 0.771
 0.445
 0.563
 0.896
 0.018
 0.384
 1.641
 1.321
 1.259
 1.025
 0.867
-0.415
 0.880
-1.142
-0.771
 0.244
-0.538
 1.573
 0.485
-1.160
-0.235
-1.058
 1.625
 0.663
 0.733
 0.273
 1.153
-1.189
-0.194
-0.746
-1.232
 1.769
 0.934
 0.367
-0.550
-0.284
 0.848
 0.725
 0.832
-0.387
 0.494
-0.734
-0.401
-1.742
-1.741
-0.954
-0.653
-1.193
-0.010
 0.391
-0.700
-0.388
 0.466
 1.396
 1.011
 0.561
-0.240
-0.883
-0.665
-2.201
-1.803
-0.768
-0.065
-0.967
-0.205
-1.189
-0.132
-0.126
-1.529
 0.452
-0.686
 0.741
-0.959
-1.748
-0.396
-1.900
-0.941
-1.190
-2.221
-2.108
-0.696
 0.816
 1.114
 0.683
-0.164
 0.064
-1.220
-1.155
-0.693
-1.516
-0.877
 0.618
-0.431
-0.408
-1.999
-0.301
 0.471
-1.341
 0.266
 0.032
-0.549
 2.082
-1.326
 0.405
 0.118
-1.587
-1.258
 0.472
 0.338
-1.726
-1.273
-0.350
-1.619
 0.454
 0.922
 0.102
 0.209
-0.476
-0.623
-0.840
-1.263
-1.788
-0.707
-1.020
-0.841
-0.487
-0.946
-0.931
 0.154
 0.511
-0.576
-0.987
-2.014
-2.113
-1.506
-2.443
-1.079
-3.310
-1.570
-0.649
-1.493
-3.104
-1.411
-2.032
-2.317
-0.957
-2.822
-2.609
-1.776
-0.703
 0.170
 0.616
-0.265
-0.603
 0.392
 0.246
-0.487
 0.879
-0.477
 0.041
-0.211
-0.223
-0.422
 1.488
 0.927
-0.316
 0.279
 0.224
-0.625
-0.593
-0.177
-0.844
-0.584
-0.708
-0.884
-0.224
 0.379
 1.935
 0.533
 1.322
-0.763
 1.330
-0.830
-0.844
-1.057
-1.396
-0.577
 0.610
 0.064
 0.434
-1.147
 0.376
-0.715
-1.008
-1.622
-2.644
-1.819
-1.600
-0.007
-0.886
-1.185
-1.742
-1.458
-0.329
 0.470
-0.211
 0.240
 0.417
-1.219
 1.322
 1.086
 1.296
-0.169
 0.276
 0.386
-1.011
 0.472
 0.346
-1.047
-1.566
-1.737
-0.345
-0.880
 0.596
-1.037
-0.357
-0.253
 0.763
-0.695
-0.194
 0.026
-0.404
 0.013
 1.421
 0.431
-0.504
-0.388
-2.051
-0.772
-0.443
-1.398
-0.835
-1.009
-0.401
-0.825
-1.270
 0.735
-0.315
 0.865
 0.294
-0.603
 0.410
 0.385
-0.087
-0.278
 0.757
-0.882
-0.230
 0.573
 0.523
 0.695
 1.551
-0.471
 1.589
 1.899
 0.111
 0.939
 0.723
 0.213
 0.706
 0.470
 0.404
 1.103
 1.188
 0.960
 1.906
 0.921
-0.555
 0.011
-1.750
-0.683
 0.852
 0.174
-0.416
-0.424
 0.315
-1.178
 0.141
 0.176
-1.769
 0.086
-0.827
-0.290
-1.955
-0.654
-1.922
 0.203
 0.275
 0.665
-0.167
-1.341
-0.426
-0.410
-0.370
-0.950
-0.244
 0.229
 1.961
-0.991
-0.129
 0.320
-0.820
-1.745
-0.950
-1.498
-1.204
-2.581
-0.106
-1.018
-0.061
 0.154
-0.591
 2.266
 0.448
 0.730
-1.138
-1.016
 0.112
-0.947
-1.017
-0.697
-0.328
-0.414
 0.526
-0.217
-0.024
 0.127
-0.578
-0.226
-0.628
-0.726
-1.129
-1.429
 0.060
-0.734
-0.725
-1.097
 1.614
-0.582
-0.777
-1.090
 0.956
-0.075
-0.860
 0.920
 1.207
 0.525
-0.670
 0.183
-0.569
 0.017
-1.386
-0.984
-0.418
 1.061
 0.214
 1.157
 0.703
-0.424
 1.628
-0.708
-0.499
-0.230
 0.012
 1.801
 1.526
 0.027
 0.862
 1.359
 0.764
-0.034
-0.056
-1.246
 0.590
 0.831
 0.483
-0.082
-1.087
 1.253
 0.314
 0.077
-0.751
-0.159
-0.313
 0.604
-0.332
-0.355
-0.747
-1.046
-0.843
-0.392
-0.201
 1.099
 0.744
-0.266
 0.082
-0.527
 0.178
-0.308
-0.576
-1.202
-0.656
-0.030
-0.745
-0.828
 0.156
-0.010
-0.384
 0.838
 1.540
 1.308
 0.358
 1.780
 1.714
-0.058
-0.307
-0.097
 1.373
-0.255
 0.900
 1.465
 0.675
 1.520
 1.184
 1.736
 0.132
 0.785
 1.628
 2.102
 0.589
 0.871
 1.413
 1.924
 1.508
 0.506
-0.314
 0.054
 0.006
 0.207
-0.224
 1.276
 0.759
 0.783
 0.048
-0.300
 1.107
 0.189
-0.445
 0.490
 0.795
-0.437
-2.121
-3.024
-1.525
-0.405
-0.667
 0.090
-0.171
-0.864
-0.085
-0.962
 0.891
 1.064
 0.397
 0.696
 1.784
-0.254
 1.442
 0.700
-0.282
 0.637
 0.274
 2.499
 1.800
 0.534
 1.070
 1.766
 1.282
 1.877
-0.240
-0.059
 1.612
 1.445
 0.449
 0.998
 2.238
 1.600
 0.102
-0.935
-1.229
 0.356
-0.641
-0.330
-0.481
-0.376
-0.061
-0.708
 1.183
 0.595
 2.056
 1.538
 0.093
 1.110
 1.448
-1.220
-0.280
-0.197
-0.477
-1.777
-0.110
-1.278
-1.332
-0.127
 0.265
-1.260
-0.787
 0.653
-0.166
-1.022
-1.460
-1.358
-0.905
-0.490
 0.387
 0.034
-0.035
-0.427
-1.253
 0.222
-0.648
-1.359
-1.490
-0.872
-0.679
-0.478
 0.225
-0.864
-0.015
-0.236
 0.987
 1.383
 0.332
 0.866
 0.725
 1.497
-0.528
-0.736
-0.818
-0.538
-1.564
-2.280
-1.070
-1.822
-1.542
 0.431
-1.261
-0.415
 0.276
 0.429
-0.173
-0.311
-0.109
-0.080
 0.412
 0.168
-0.564
 0.305
-2.044
-1.427
-2.847
-1.533
-1.378
 0.398
-0.602
 0.714
-0.316
-0.053
-0.793
-0.654
 0.386
 0.534
-0.812
-0.846
-0.654
-1.478
-1.123
-0.945
 0.154
-1.269
-0.742
-1.133
-1.007
-1.956
-1.649
-0.616
-0.728
 1.211
 1.129
-0.618
-0.162
-0.060
-0.395
 0.197
-0.086
-0.096
 2.743
 1.120
 1.018
 0.416
 0.022
-1.327
-0.900
-1.084
-1.116
-0.114
-0.554
 0.825
 0.501
 0.836
 0.612
-0.890
-1.297
 0.130
 1.027
-0.354
-0.335
-1.312
-1.468
-1.100
-1.757
 0.964
 0.564
-0.129
 0.203
 0.007
 0.136
 1.250
 1.717
 1.284
-1.171
 0.828
 2.526
 0.823
 0.963
 0.076
 0.323
 1.327
 2.337
 2.874
 2.834
 1.879
 2.703
 1.415
 0.230
 2.169
 2.176
 1.181
-0.088
 0.666
 0.759
-0.413
-0.158
-1.126
-0.331
-0.927
 0.350
 0.904
-0.552
-1.334
-0.591
-1.051
-1.179
-0.073
-0.717
 0.269
 0.153
-0.847
-0.245
-0.235
-1.261
-1.036
 0.269
-0.246
-1.010
-1.657
-1.923
-0.921
-0.465
-0.500
-1.305
 0.090
 1.302
-1.021
-0.785
 0.359
-0.420
-1.074
-0.952
-0.378
-0.996
 1.222
-0.501
 0.014
-0.074
 0.909
 0.695
 1.231
 1.576
 1.203
 0.492
-0.635
 0.122
 0.477
 0.549
 0.155
 2.840
 0.634
-0.677
-0.478
-0.316
-0.455
 0.729
 0.748
-0.936
-0.322
-2.220
-0.757
-0.405
-0.445
-0.316
 1.481
 0.596
 1.638
-0.070
-1.494
-0.454
-1.194
 0.749
 0.216
-0.005
 1.370
 0.885
 0.147
 0.553
-0.455
 0.229
 0.304
-1.464
-0.477
 0.977
-1.250
-1.089
-1.414
 0.169
 2.669
 0.189
 0.911
 0.684
-0.181
 0.441
 0.005
-0.697
-1.871
 0.353
 0.858
-1.007
-0.689
-0.383
-0.405
-0.185
 0.510
-0.134
-0.686
 0.012
-0.183
-1.082
-1.232
-1.926
-1.324
-1.225
-0.278
-2.139
-1.611
-0.408
 1.118
-0.310
-1.584
 0.038
-0.766
-0.210
-0.165
-0.032
-2.086
-0.709
-0.356
-0.671
-1.174
-1.086
 1.242
 0.581
-0.093
 0.012
-0.670
-1.262
-0.068
 0.323
-0.187
-0.787
-1.008
-0.371
-1.253
-1.613
-1.789
-0.464
 0.342
 0.493
-0.470
-0.577
-0.501
-1.651
-0.992
 0.879
 0.217
-0.738
 0.543
-1.517
-1.949
-1.048
-2.566
-0.533
 0.916
 0.170
 0.122
-0.137
-1.581
-1.444
-2.505
-1.052
-0.654
-1.581
-1.607
-1.587
-0.466
-0.788
 0.409
-0.684
 1.123
-0.427
-0.795
-1.248
-0.762
-1.233
-1.663
-1.074
-1.481
 0.744
 0.083
-0.564
-0.631
-1.013
 0.185
-1.456
-1.472
-0.619
-0.288
-1.984
-1.762
-2.282
-0.461
-1.505
-0.176
-1.786
-0.250
-0.278
-0.517
 0.018
-1.157
-0.636
-1.824
-0.883
-0.951
-0.774
 0.052
 0.820
 1.189
-1.385
 0.757
-0.552
-1.221
-1.028
-2.661
-2.271
-1.072
-1.148
-0.908
-0.754
-0.085
 1.769
-1.286
-1.430
-0.039
-0.280
-1.016
-1.727
-2.389
-1.306
-1.204
-1.112
-1.780
-0.916
-0.202
 0.077
-0.476
-0.257
 0.193
-1.991
-0.539
 0.957
-1.251
-0.171
 0.362
-1.541
-0.599
-0.362
-1.522
-1.314
-0.347
-1.477
-2.354
-1.369
-1.430
-1.543
-0.475
-0.973
-0.556
-1.591
-0.929
-0.072
-0.181
 0.147
 0.946
-0.340
-0.125
 0.329
 0.510
-0.292
-0.289
-0.863
-1.093
-0.268
-0.002
 0.476
 1.524
 1.565
-0.134
 0.870
 0.075
-0.085
 0.476
-0.755
-0.672
-0.983
-0.182
-1.189
 0.723
-0.277
 0.882
-0.104
-0.216
-0.277
 0.143
-1.420
-0.621
-1.501
-0.972
-0.799
-0.916
-1.756
-0.718
-0.668
 0.390
-0.134
-1.349
-1.071
-1.088
-0.050
-0.263
-1.117
-1.131
-0.160
-0.423
 0.411
 0.095
-0.152
-2.381
-0.146
-0.595
-2.212
-1.006
 0.807
-0.034
 0.448
-1.359
-0.184
 0.134
 1.461
-0.284
 0.024
 0.512
-1.082
-1.201
-0.361
 0.344
-1.092
 0.360
-1.111
-1.745
-0.090
-0.541
-0.799
 0.104
-0.387
-0.834
-0.058
-0.593
-0.634
 1.229
 0.062
-0.609
-1.215
 0.097
-0.054
 0.992
 0.761
 1.195
-0.079
-0.797
-1.632
-0.407
 0.346
-0.040
-1.688
-0.282
-0.877
 0.763
 0.175
 0.372
 0.370
-1.337
-1.222
-0.535
 0.348
 0.322
-0.580
 0.438
-0.158
-0.033
-0.025
-0.249
-1.359
-0.736
-0.204
 0.272
-0.139
 1.071
-0.147
 1.029
 2.042
 1.273
-0.658
-1.790
-0.687
-0.319
-0.628
-0.083
 0.650
 0.515
 1.044
 0.163
 1.241
 0.754
 0.154
 2.154
 0.988
-0.990
 0.579
 0.833
 0.923
 0.488
-0.561
-0.590
-0.213
-1.089
-0.246
-0.198
 0.549
 0.170
-0.073
-2.821
-0.607
-0.517
-0.716
 0.171
-0.494
 0.551
-1.394
-0.331
-0.453
 0.712
-1.026
-0.311
 0.733
 0.144
-1.302
-1.376
-0.094
 1.623
 1.328
 0.673
-1.363
-0.783
-0.473
 1.161
-0.299
 1.022
 0.447
 1.499
 1.685
-1.146
-0.539
 2.225
 0.564
 0.971
 0.696
 0.622
-0.140
-1.561
-0.088
 0.827
 0.044
-0.259
 0.823
 0.537
-0.527
-1.499
-0.132
-0.292
-0.620
-0.283
 0.741
 0.589
-0.391
 0.373
-0.647
 0.551
 0.270
-0.041
-1.771
 0.468
 1.068
-0.348
 1.184
 0.942
 0.569
 1.088
 0.907
 0.627
 1.610
 1.488
 1.342
 0.668
 1.275
 0.710
 1.228
 2.315
 0.160
 2.929
 0.105
 1.194
 0.248
-0.589
 0.498
 0.888
-0.183
-1.078
 0.944
-0.489
-1.079
-0.660
 0.386
 1.345
-0.103
 0.657
 0.890
-0.389
-1.058
-0.536
-1.124
 0.947
 0.916
 0.482
 0.194
 0.448
 1.410
 0.384
 1.167
 1.426
 1.276
 0.769
-1.330
-0.994
-0.470
-1.063
 0.519
-1.987
-0.788
-3.413
-0.632
-0.763
 0.208
-0.647
 1.065
 0.324
-1.500
-0.043
 0.043
-0.149
 0.149
 0.788
-0.069
-0.112
 0.848
 0.850
 0.475
 0.416
 0.706
 0.453
 0.119
 1.191
 1.074
 0.166
 0.459
 0.168
 1.011
 0.792
 1.376
 1.587
 0.376
-0.593
-0.337
 0.181
 0.571
 1.350
-0.435
 0.787
-0.097
 1.675
-0.619
 0.411
 0.043
-0.500
 0.213
-0.380
-0.905
 0.583
 0.289
 0.190
 0.762
-0.030
-0.401
-0.797
 0.435
-1.175
-0.324
-0.568
-1.087
-0.763
-0.287
 0.633
 0.987
 0.205
 0.712
 0.155
 0.008
-0.312
 1.221
-0.528
-0.056
-1.297
-0.949
-1.219
-0.817
-0.672
 0.291
 0.535
-0.639
 0.326
-0.709
 0.311
-2.077
-0.469
-0.212
 0.317
-1.517
 0.137
-0.555
 0.740
 0.021
-0.222
-0.654
-0.440
-1.953
-0.158
-0.044
-1.000
 0.959
-0.707
 0.813
-0.264
 0.300
-0.459
-0.517
 0.760
-0.192
-0.258
-0.234
 0.092
 0.002
-0.134
-0.849
-0.967
 0.139
-0.807
-0.657
-0.434
-0.932
 1.086
 1.961
 0.676
-1.333
 0.535
-0.460
-0.250
-0.650
-1.235
 0.028
-1.928
-0.122
 0.801
 1.361
 0.412
-0.595
-2.369
-0.145
 0.231
 0.846
 1.391
 0.139
 0.422
-0.936
-1.134
 0.152
-0.236
 0.820
 0.666
-0.718
 0.457
-2.069
-0.802
-1.751
 0.380
 0.234
 0.060
 0.358
 1.169
 0.898
 0.447
-0.133
-2.225
-0.104
 2.167
 0.679
-1.191
-1.381
-1.107
-0.320
-0.029
 0.316
-0.220
 0.831
 0.377
 0.964
 0.502
 0.398
 0.958
-0.318
 0.423
 0.010
 0.105
-0.477
 0.277
 1.937
-0.668
-1.062
-0.763
-0.855
-0.708
 1.110
 0.100
 1.242
 1.616
-0.369
-0.835
 0.569
 0.596
 0.003
 0.840
 1.649
 1.257
 3.112
 0.498
 2.349
 1.170
 1.331
 0.661
-0.734
 1.471
 0.984
 0.257
-1.222
-0.192
-0.664
 0.944
-0.196
-0.225
-0.042
 0.334
-0.392
 0.486
-0.273
 0.625
-1.136
-0.524
 0.576
-0.161
 1.266
 0.742
 0.044
 0.682
-0.356
 0.504
-0.353
 0.829
-0.142
-0.260
-0.481
 0.754
 0.111
-0.501
-0.228
-0.005
-1.435
-1.892
-0.279
-0.806
 0.444
 0.068
-0.291
-0.521
-0.137
-1.167
-2.461
 0.701
 0.677
-0.726
-1.284
 1.047
-0.044
 0.278
 0.994
 0.841
 1.071
-0.813
 0.509
 0.587
 1.327
 1.046
 0.395
 0.556
 0.343
-0.123
 1.160
 1.106
 1.866
 1.512
 0.563
-0.620
-1.353
-0.193
 0.965
 0.396
 0.026
 0.735
-0.119
 0.208
 0.071
-0.363
 0.132
-0.581
-1.114
-1.281
 0.424
 0.159
-0.419
-1.185
 2.107
 2.830
 1.307
 1.076
 0.192
-0.514
 1.267
 1.642
 2.176
 0.813
-0.176
 0.865
 0.411
 0.991
 1.106
-0.467
 0.386
 1.601
 2.464
 2.609
 1.085
 1.763
-0.269
 1.437
 1.008
 1.825
 1.906
 1.406
-0.056
 0.012
 2.130
 1.524
 1.000
-1.124
 0.662
-0.036
 0.124
 0.192
 0.508
 1.247
 1.868
 1.217
 1.204
-0.465
 1.667
 1.084
-0.206
-0.776
 0.808
 0.520
 0.569
-0.394
 0.741
-0.954
-1.205
 0.959
 0.030
 0.570
 0.203
 1.050
-1.379
-0.083
 1.077
-0.472
-1.254
-1.523
-0.041
 1.240
 1.576
 1.358
 1.660
 1.762
 0.134
 1.714
 0.440
-0.195
-1.723
-0.964
 0.565
 0.031
 0.502
-0.696
 0.206
-0.295
 0.792
-1.023
-0.160
 0.437
 0.281
 1.237
 2.592
-0.624
 0.191
-0.601
-0.279
-0.275
 0.082
 0.474
 0.038
 1.469
 0.241
-0.174
-0.886
 0.516
 0.228
 0.008
-0.010
 0.839
 1.434
 0.968
 1.140
 0.222
-0.112
-1.127
-1.191
-0.638
-2.015
-3.216
 0.088
 1.450
-0.774
-0.806
 0.174
-0.624
-0.517
 0.657
-0.006
-0.876
-0.727
-0.001
-0.436
-0.925
-1.381
-0.285
-0.728
-0.108
-1.627
-1.148
-1.166
-0.332
-0.255
-2.299
 0.822
 0.626
-1.048
-1.653
-1.251
-1.197
-0.939
-0.841
 0.348
-1.278
-0.906
-0.849
-0.771
-0.438
 0.695
 0.104
 1.337
-0.159
 0.245
-0.170
-0.217
 1.180
 2.015
 0.266
 1.712
-0.150
-0.523
 0.018
 1.174
 0.259
 0.641
 0.723
-0.307
 0.463
 0.251
 1.239
 0.135
 0.216
-0.028
-0.390
-0.498
-0.013
-0.086
 1.173
 0.259
-0.307
-0.141
 0.271
-0.320
 0.129
 0.386
 0.506
 0.343
 0.943
 0.081
-1.112
-0.747
 0.145
-1.259
-0.101
 0.341
-0.209
 0.407
-0.181
-0.130
 0.345
 0.256
 0.268
 0.707
 0.187
 0.021
 0.063
-0.173
-0.654
 0.072
 0.869
 0.714
 0.785
 1.314
 0.390
 0.512
 1.054
 0.366
 0.694
 1.448
 0.282
 0.729
 0.551
 0.035
 0.413
 0.496
 1.498
 1.407
 0.942
-0.789
-0.362
-0.407
-0.854
-0.638
-0.780
 0.879
-0.142
 1.348
 0.823
 0.272
 1.086
 1.302
 0.468
 2.534
 1.831
 1.664
 2.291
 1.753
 0.833
 1.473
 1.046
 0.210
 0.493
 2.910
 0.778
 1.429
 0.624
 0.790
 0.417
 1.710
 2.244
 1.576
 1.435
-0.253
 0.483
-0.451
-1.068
-2.146
-0.663
 0.417
-1.023
-0.486
 0.137
-0.363
 0.126
 0.105
-0.911
-1.092
 0.070
 0.169
-0.289
-1.010
-0.943
 0.108
-0.639
-0.019
 1.144
 1.343
 1.897
 2.203
 2.274
 0.467
-0.222
 0.939
-0.062
-0.568
-1.187
-0.303
-0.328
 0.306
 0.855
-0.363
 0.572
 0.596
 1.401
 1.460
 0.406
 0.089
 0.478
 0.948
 0.465
-0.380
 0.981
-0.239
 1.063
 1.366
 0.273
-0.371
-0.112
 0.199
-0.470
-0.008
-0.854
 0.028
 0.593
 0.319
-0.008
-0.691
 1.233
-0.367
 0.039
-0.495
 0.390
 0.853
-0.491
-0.159
-0.445
 0.187
-0.471
 0.973
 0.349
-0.499
-0.799
-0.396
 1.449
 0.669
-0.279
-0.095
 0.220
-0.310
-0.142
 1.101
 0.584
-0.663
 0.932
 0.442
 0.413
-0.476
-0.051
-1.284
-0.107
 0.962
-0.536
 0.769
 1.023
 0.564
 0.157
 0.256
 0.319
-1.100
-0.750
 0.485
-0.584
-0.068
-0.413
-0.816
-0.096
 0.837
-0.204
-0.435
 1.010
-0.516
-1.257
-0.069
 0.642
 0.308
 1.269
-1.147
-1.129
 0.684
 0.399
-0.317
-0.362
-0.740
 1.385
 0.458
 1.034
 2.297
 1.216
 2.735
 1.089
 2.954
 0.865
 0.243
 0.593
 0.593
-0.280
 0.300
-0.835
 1.180
 0.135
 1.745
 1.580
 1.884
 0.512
 0.773
-0.032
 0.153
-0.985
-0.141
 0.613
 0.060
 1.848
-0.156
 0.035
 1.004
-1.635
 0.330
-0.790
 0.559
-0.852
-0.100
 0.540
-0.627
-1.020
 0.165
-0.596
-0.040
-0.045
-1.063
-1.298
-1.013
 1.163
 0.060
-0.433
-0.537
-0.505
 0.642
 0.615
-0.149
 0.105
-0.165
 0.916
-0.417
-1.981
-1.307
 0.544
 0.941
 0.088
-0.992
-2.006
-0.779
-0.489
-0.651
 0.276
 1.492
-0.465
 0.730
 0.355
 1.227
 0.541
-0.290
 0.516
 0.765
 0.912
-0.307
-1.246
-1.113
-0.547
-0.579
 0.455
-1.052
 2.217
-0.456
-0.409
-0.927
-1.431
 1.039
 0.338
-0.049
 1.407
-0.893
-1.618
-0.332
 0.325
 0.187
-1.153
-0.562
-1.083
-1.817
-0.900
-0.169
 0.431
-0.442
-0.426
-0.167
-0.136
 0.802
-0.380
-0.722
-0.237
 0.248
-0.078
-0.540
 0.741
 0.528
 1.458
-0.271
 0.122
-0.002
-0.322
-1.344
 1.591
-0.289
 0.923
 1.771
 0.464
-0.324
 1.829
-0.168
 0.756
 0.845
-0.751
-0.108
 1.274
-0.024
-0.267
-1.381
-0.188
-0.412
-1.235
-1.086
-0.821
-1.029
-0.290
-0.514
-0.549
-0.079
-0.382
-0.439
-1.729
-0.659
-2.050
-1.561
-1.171
-0.961
-1.081
 0.905
-1.376
-0.980
-0.982
-1.072
-1.429
 0.568
-2.496
-1.739
-1.393
 0.231
-0.413
-0.329
 0.676
-1.265
-0.701
 0.330
-0.591
 0.038
 1.566
-0.038
 0.032
 0.401
-0.597
 1.045
 0.961
-0.681
 0.253
 0.413
 0.219
-0.995
 0.911
-1.341
-1.592
-1.718
-1.471
-0.088
-0.742
-0.724
-0.798
-0.874
-0.415
-1.128
 0.093
 1.127
 0.137
-0.507
-0.064
-1.555
-0.612
-0.816
-1.411
-1.179
-0.540
 0.304
 0.736
 0.345
-0.953
-0.512
 0.035
 2.214
 1.095
 1.511
-1.241
-0.513
-0.567
 0.110
-0.846
 0.521
 0.191
-0.225
-1.427
-1.868
-2.059
 0.306
 0.358
 1.588
 1.978
-0.046
-0.872
 1.709
 1.240
 0.890
 1.047
 1.474
-0.317
 0.906
 0.941
 0.451
 0.334
 1.602
 1.239
 1.854
 0.739
 0.080
 1.372
 0.639
-0.025
 0.522
-0.708
 0.719
 0.154
-0.711
 0.411
 0.284
 1.181
 0.580
-0.958
 0.451
 0.846
 2.284
 1.496
 0.778
-1.423
-0.644
-1.249
-1.125
 0.097
-0.048
-1.195
-0.597
-0.273
 0.012
-0.625
 0.531
-0.705
-0.839
-0.178
-0.632
-0.066
 0.869
-0.406
-0.318
 1.431
-0.085
 0.244
 1.505
 3.002
 1.016
 2.614
 2.197
 2.275
 2.787
 1.164
 0.744
-1.049
-0.495
-0.360
 1.282
 1.422
-0.424
-0.641
-0.492
-0.016
-0.183
 0.914
-0.238
-1.224
-0.652
 0.164
 0.069
 0.824
 0.827
 0.906
 0.185
-0.543
 0.221
 1.567
-1.670
 0.112
 1.088
 1.593
-1.523
-0.374
-0.002
 0.402
-0.055
 0.241
 0.724
 0.542
 1.129
 0.186
-0.370
 0.639
 0.292
 0.740
-0.132
 0.335
 0.551
-1.604
-0.001
-0.841
 0.885
 0.971
 0.208
-0.214
 0.462
-1.299
-1.825
 0.542
 0.850
 0.266
-1.240
 0.437
 1.060
-0.769
 1.203
 0.491
-1.504
 0.359
 0.745
 0.036
 0.704
 0.273
 0.440
 0.628
-0.231
 1.446
 0.482
-0.041
 0.586
-0.265
 0.733
-0.179
 0.915
-0.376
 2.086
 0.659
 1.759
-0.579
-0.358
-1.224
 1.008
 0.170
-0.221
 0.089
 0.314
-0.325
-0.071
-0.641
 0.234
-1.040
-1.131
-0.177
-0.956
-1.054
-0.139
 0.084
 0.690
-0.626
-0.433
 0.013
 0.226
-1.038
 0.055
-0.419
-0.021
-0.625
 0.887
 0.637
-0.074
 0.188
 0.400
 0.424
-1.790
-0.694
-1.225
-0.453
 0.378
-0.010
-1.147
 0.086
 0.469
 0.318
 0.072
 0.175
 0.939
-0.049
 0.652
-1.196
-0.586
-0.794
 0.943
 0.902
 0.594
 1.426
 1.673
 0.123
 1.403
 0.604
-0.147
 1.038
 0.864
 0.846
 0.823
 1.206
 2.224
 1.113
 0.673
 1.518
 1.586
 0.316
 2.367
-1.004
 0.724
 1.736
 0.706
 1.629
 1.209
 0.591
-0.537
 0.063
 0.369
 1.425
 0.830
 0.207
 1.122
 1.729
 1.404
 0.449
 0.261
-1.176
-1.341
-0.019
 0.531
 0.525
 0.836
-0.808
 0.791
 0.324
 0.811
 0.837
-0.122
-0.054
 1.172
-0.642
 0.738
-0.953
-1.703
 0.910
-0.729
-1.699
-0.215
 0.523
-0.192
-2.183
 0.412
 0.260
-0.108
 0.961
-0.505
-1.085
-0.138
-1.237
-0.792
 0.214
-2.212
-2.446
-1.052
-0.737
-0.789
-1.014
-0.211
-0.165
 0.549
-0.050
-0.644
-1.384
-1.149
-0.587
 0.008
 1.625
-0.178
-1.362
-1.194
-2.402
-2.149
-1.290
-0.836
-1.047
-0.131
-0.591
-1.806
-0.968
-1.031
-1.246
-1.486
 0.591
 0.311
-0.052
-1.192
-0.897
-0.083
-1.274
-1.342
 1.184
-0.603
-0.410
-0.594
-0.278
-1.116
-0.105
-1.738
-0.066
-0.200
-0.606
 1.447
-0.696
 0.078
-1.489
-1.152
 0.325
-1.092
-0.671
-0.920
-1.064
 0.241
 0.476
-0.642
-0.818
 0.490
 0.498
-0.123
-0.289
 0.092
 1.053
 0.753
 0.435
 0.204
-0.481
 0.859
-0.684
 1.756
-0.714
-0.341
-1.096
-0.859
-0.694
-0.163
-1.056
-0.891
-0.130
 0.401
 0.002
-0.288
 0.237
 0.453
-0.441
 1.207
 0.738
 0.240
-0.436
 0.449
 0.877
-0.391
-0.313
-0.779
-0.427
-0.156
 0.295
-2.453
-0.715
-0.704
-0.297
-0.348
 0.250
-0.195
 0.236
-1.670
-0.982
-0.618
-0.798
-1.198
-0.389
-1.474
-0.903
-0.630
 0.197
 0.272
-2.263
-0.001
-0.533
-0.283
-0.592
-0.236
 0.199
-0.497
 1.110
-0.157
-0.582
 1.509
 0.163
-0.162
-1.004
 0.463
-0.123
-0.391
-0.474
-0.456
-1.142
-0.797
-1.057
-0.002
-1.293
-1.280
-2.528
-0.175
-0.197
 0.959
 0.442
-0.501
-0.257
 0.559
 0.505
-0.806
-1.560
-0.287
-1.854
-1.449
 0.674
-0.590
-0.738
 0.327
 0.247
-0.222
-1.180
-1.411
-0.928
-1.617
-1.529
-0.797
-0.334
-1.821
-2.190
-1.350
-2.315
-1.785
-2.583
-2.355
-1.288
-1.363
-0.435
-1.106
-2.756
-2.676
-1.918
-1.958
-1.565
 0.423
-0.660
-0.170
-1.632
-1.553
-0.870
-0.416
-0.507
-0.879
-0.441
-0.517
-0.130
 0.805
-0.207
-0.174
-1.210
-0.756
-0.695
-0.124
-0.207
 0.801
-0.182
-0.133
-0.245
-0.068
 0.156
-0.128
 1.315
 2.012
 1.468
-0.847
-0.295
 0.377
 0.222
-0.056
-0.443
 1.400
 0.843
-0.081
 0.081
-1.701
-0.491
-0.073
-0.773
-0.832
-1.547
-0.443
-0.639
 1.078
-0.161
 0.057
 0.816
 0.543
 1.136
 0.124
 0.237
 0.806
-0.901
-1.509
-0.593
-0.066
-0.453
 0.357
 1.655
 0.192
 0.064
-0.370
-1.186
 0.266
-0.726
-0.212
-0.128
-0.715
-0.191
 1.015
 0.024
 1.274
-1.707
-0.147
-0.094
-1.468
-0.924
-0.554
 1.048
 0.000
-0.026
 1.369
 0.418
 0.681
 0.634
 0.119
-0.437
 0.121
-0.026
-0.613
-0.490
-0.538
-0.694
-0.551
-1.351
-1.150
-1.426
-1.172
-1.887
-0.312
-1.282
-1.150
-1.765
-1.527
-0.705
-1.746
-0.193
-1.746
-0.186
-0.197
-0.701
-2.535
-0.123
 0.051
 0.360
-0.246
-0.113
 0.269
 0.023
-0.803
 1.395
 1.612
 1.059
-0.690
-0.048
-0.123
-1.771
 1.138
-1.752
-0.711
-1.581
-0.933
-1.414
-0.880
 0.087
 0.415
 1.220
 0.519
 0.245
-0.678
 0.033
 0.445
-0.022
-0.487
-1.173
 0.060
 0.091
-0.516
 0.934
 2.505
 1.353
 0.456
 0.522
 0.330
 0.806
-0.925
-0.381
 1.059
 1.674
 1.833
 0.544
-1.488
-1.740
 0.941
-0.866
-0.512
-0.525
 0.721
-0.429
-0.395
 1.552
-0.094
-1.070
-0.234
-0.307
 1.500
 0.350
 0.416
 0.813
-0.391
-1.768
-0.309
-0.530
-0.270
 0.153
-0.955
 0.252
-0.805
-0.633
 0.001
 0.028
-1.423
-2.000
-1.558
-1.238
 0.566
 0.196
-0.304
 0.660
-0.049
-1.198
-0.719
-0.883
 0.084
-1.933
-0.876
-1.297
-0.736
-0.814
-0.338
 0.141
-0.885
-2.256
-1.525
 0.090
-0.112
-0.938
-0.356
 0.925
 0.437
-1.079
-1.740
-1.873
-1.819
-0.667
-0.463
-1.296
-1.544
-0.050
 0.108
-1.301
 0.816
-1.277
 0.235
-1.321
-0.139
-0.996
-2.608
-2.438
-0.342
-1.050
-1.269
 0.463
 1.627
-0.762
-0.324
-0.778
-0.614
-0.638
-0.316
-0.990
-0.038
 0.735
-0.552
-1.483
-0.755
-0.461
-0.173
 0.792
 0.600
-0.954
-1.579
 0.276
-1.106
-0.156
-0.305
 0.010
 0.387
 0.411
-0.072
-1.109
-1.622
-0.123
 0.388
 0.086
-0.105
 0.003
-0.560
-0.581
-0.781
-1.070
-0.579
-0.416
-0.283
-0.538
-0.039
-0.383
-0.099
-0.936
-1.380
-1.193
 0.010
-2.391
-2.706
-0.746
 0.300
-0.478
 0.022
-1.228
-1.302
-2.266
-0.818
-0.314
-0.442
 0.717
 0.544
-1.763
-0.272
-0.672
 1.117
-1.081
-0.744
-0.749
 0.743
 1.183
 1.104
 1.191
 0.183
 0.570
-0.737
-1.210
-0.449
 0.344
 1.308
 0.809
 0.296
 0.872
 0.757
-0.577
-0.601
-0.351
 0.455
 1.210
 0.304
 0.051
-1.061
-0.610
 0.386
-0.507
-1.993
-0.403
-1.002
 0.374
-0.191
 2.152
 1.037
 1.374
 0.084
 0.219
 1.603
 0.715
 0.429
 0.160
 0.609
 0.769
 0.575
 0.316
 0.785
 2.180
 0.435
 1.995
 1.125
 1.040
-0.425
-0.550
 0.511
 0.382
-0.716
-0.699
-0.922
-0.499
-0.566
-0.927
-1.096
 0.046
-0.602
 0.570
-0.435
 0.528
 0.422
 0.102
 1.108
 0.343
 0.379
-0.182
-1.273
 1.724
 0.889
 0.063
-0.065
 1.828
 1.019
-1.350
 1.222
 0.415
 0.198
-0.147
 0.580
 1.464
 0.314
 0.378
-0.234
 0.426
-0.232
 0.552
-0.239
-0.538
-0.043
 0.313
-0.528
-0.427
 1.785
 1.122
 2.399
 0.955
-0.030
 0.832
 0.270
-0.140
-1.252
-0.242
-1.038
 0.364
 3.367
 1.667
 0.630
 0.409
 0.291
 0.369
 0.593
 1.297
 0.151
 1.117
-0.033
 0.576
 0.546
 0.910
 1.317
-0.113
 0.116
 0.462
-0.026
-0.870
 0.165
 1.903
 1.483
-0.014
 0.800
-0.488
 0.930
 0.942
 0.795
 0.753
 1.556
 1.977
 1.899
 0.188
 1.319
 0.630
 0.550
-0.405
 0.256
-0.484
 1.088
 1.282
-0.743
-0.232
 0.885
 0.862
 1.309
 0.263
 0.288
-0.552
-1.347
-0.040
-0.910
-1.583
-0.908
-0.759
 0.850
-0.915
 0.345
 0.097
-1.270
-0.436
-1.456
 0.361
-0.931
-1.027
-0.418
 0.332
-0.073
-0.907
 0.891
 2.243
 0.171
-0.221
 0.685
 0.286
 0.577
-0.170
-0.705
-0.859
-0.162
-0.227
 1.460
 0.027
 1.540
 0.352
-0.386
-0.025
 1.005
 0.219
-0.001
 0.214
-0.403
 0.437
-0.419
-0.179
-0.413
 1.932
-0.421
-0.191
 0.403
 0.718
 1.301
-0.274
 1.119
 1.788
 0.907
 2.079
 0.865
 1.245
 0.835
 0.683
 0.502
 0.229
-0.297
-0.069
 0.896
 0.971
 0.537
 0.540
 1.378
-1.235
-1.511
-0.364
 0.988
 1.908
 1.117
 1.072
 1.314
 1.717
 0.750
 1.413
 1.298
 1.433
-0.741
-0.581
 0.546
 1.699
 0.868
 0.444
 0.659
 0.994
 1.463
 1.336
-0.336
 0.215
 2.422
 1.956
 0.235
-0.889
 0.743
 1.752
 0.637
 1.053
 0.162
 0.044
-0.963
 0.184
-0.199
-1.143
 0.741
-0.872
-0.431
-0.742
 0.072
-0.408
-0.024
 0.525
-0.881
 0.072
-0.488
-0.644
-0.700
 0.339
 0.351
 1.513
 0.351
-0.106
 1.690
 0.100
 1.544
 0.712
-0.092
 1.119
 0.749
-0.323
 0.484
 0.644
 0.168
 1.058
-0.654
-1.548
-0.233
-1.313
-0.791
-1.000
 0.053
 0.918
-0.461
 0.144
 0.149
-0.175
 1.031
 0.750
-0.285
-0.740
 0.963
 1.216
 1.425
 1.220
 1.240
 1.842
 0.194
-0.789
-1.843
-0.060
-0.397
-0.227
-0.798
-0.107
-1.353
-0.491
-0.097
-0.686
-0.914
-2.548
 0.288
-0.423
 1.099
-1.100
-1.793
-0.584
 0.587
-0.667
-0.410
-0.238
-0.682
-0.060
 0.112
 0.488
 0.604
 0.435
 0.351
-1.788
-0.682
-1.002
-1.520
-1.632
-1.055
 1.375
 0.352
-0.210
 0.196
-0.432
 0.389
-1.171
-1.968
-1.421
 0.310
-0.011
-0.494
-0.226
 1.700
 0.046
-0.262
 0.737
-1.237
 0.723
 0.281
-1.620
 0.653
 1.673
 1.424
 1.297
 0.537
-0.229
 0.242
 1.749
 0.987
 1.332
-0.018
 1.584
-0.828
 1.039
-0.074
-1.089
-0.406
 0.166
-0.377
 0.605
 0.726
 1.096
 1.273
 1.141
 1.343
 0.945
-0.224
-0.399
 0.291
 0.034
 0.038
-0.536
-1.353
-0.849
-0.126
-0.692
-1.551
-0.364
-0.961
-0.450
 0.653
 1.670
 0.705
 0.116
 1.887
 0.432
 0.108
-0.266
 0.481
-0.113
-1.771
-1.977
-0.238
-0.367
-0.149
-0.198
 0.509
 0.033
 2.359
 0.911
-1.709
-0.924
-1.062
-1.378
 0.133
 1.251
 0.930
-0.173
-0.867
 1.229
-0.303
-0.655
-1.018
-0.949
-0.776
-0.175
-2.021
-1.295
-1.458
-0.573
-1.499
-0.877
-1.326
-0.277
-0.862
-1.069
-1.058
-0.676
-1.026
 0.624
 0.017
-0.094
-1.961
-0.377
 0.184
-0.309
-0.106
 0.448
 0.615
 0.346
-0.362
 0.868
-0.237
-0.567
-0.483
-1.382
-0.081
-0.666
 0.434
 0.725
 0.791
 0.168
-0.328
-0.227
-0.832
-0.700
-0.826
-1.624
-0.732
-0.707
 0.762
-0.316
-0.384
-0.838
-0.110
 0.040
 0.003
 1.095
-0.168
-0.377
-0.836
-1.104
-1.192
-1.058
 0.103
 0.012
-0.370
 0.378
 0.983
-1.616
-0.005
 0.986
-0.308
-0.860
-0.828
-1.711
 1.489
-0.947
-0.701
 0.035
-0.026
-0.285
 1.007
 1.495
 0.159
 2.363
 1.317
-0.097
 1.903
 0.376
-0.352
 0.993
 1.413
 0.768
-0.169
-0.416
 0.423
 1.135
 1.724
 1.646
 2.716
 1.905
 0.886
-0.008
-1.167
 0.385
 0.289
-0.671
-1.387
-1.991
-2.021
-0.154
-0.585
-2.627
-1.227
-0.742
 0.666
-0.180
-0.485
 1.002
-0.397
 0.044
 0.360
 0.400
 0.906
 0.846
 0.975
-0.244
-0.412
-0.151
-0.217
 1.049
 0.247
-1.567
-1.258
-0.565
-0.304
 0.894
 0.359
-1.036
-0.635
 0.078
 0.792
 0.062
 0.287
 0.194
-1.787
-1.688
-1.519
 0.039
 0.211
-0.878
 0.084
 0.840
-0.256
 0.597
 1.283
 1.276
-0.242
-0.654
 0.986
-0.140
 1.947
 2.264
-0.053
-0.719
 1.165
-0.552
-0.237
 0.731
 0.101
-0.882
-0.810
 0.178
-1.114
-0.363
-0.047
 0.250
-0.594
-1.377
-0.384
 0.454
-0.825
-0.040
-0.611
-0.113
 0.350
-0.902
 0.188
 0.104
-0.742
-0.347
-2.608
-0.584
-1.202
-0.818
-0.008
 0.175
 0.125
-1.635
-0.214
 1.412
-0.793
 0.409
-1.321
 0.043
-0.291
-1.063
-0.772
-1.226
-0.040
-1.817
-1.328
-1.452
-0.584
-1.563
-1.593
-1.613
-1.230
-0.129
-1.156
-1.531
-0.222
-1.274
-1.972
-2.494
-1.391
-1.500
 0.160
-2.583
-1.460
-0.847
-0.526
 0.112
-0.611
-0.261
-0.737
-0.891
-1.574
 1.609
 0.361
 0.149
 0.082
-0.193
 0.213
 0.380
-0.703
-1.087
-0.821
-0.912
-1.084
 0.313
-0.927
 0.088
 0.524
-0.849
 0.120
-1.809
-1.965
-0.839
-0.720
-1.465
-2.242
-1.574
-2.351
-0.259
-0.615
 0.606
-0.085
-0.029
 0.358
-0.370
-0.432
-0.536
-0.354
 0.849
 0.154
-0.795
 0.232
 0.446
 0.250
 0.867
-0.025
-0.111
-0.488
 0.620
 0.998
 0.085
 0.492
 0.933
 0.551
-0.469
-0.441
-0.251
 0.928
 0.512
 0.108
-0.170
-0.071
-0.619
 1.196
 1.449
 0.594
-0.361
 0.086
-0.045
 0.029
-0.740
-0.170
-0.316
 0.945
-1.156
 0.764
 0.079
-0.361
-0.553
 0.651
 1.675
-0.082
 0.962
-0.012
 1.283
 0.917
 0.376
 0.468
-0.554
-0.343
-0.025
-0.236
-0.933
 0.933
 0.040
-0.416
-0.349
 0.157
-0.437
-1.747
-1.068
 0.031
 0.556
-1.130
-0.541
-0.765
-1.147
-0.490
-1.864
-0.693
-1.483
-1.429
-1.498
-0.845
-0.916
 0.070
-0.184
-1.984
 0.095
-0.328
-1.957
-0.384
-0.672
-1.073
 0.197
-0.097
-0.491
-1.445
-0.271
-1.436
-1.349
-0.970
-1.585
-0.108
-0.858
-1.436
-0.661
-1.023
-0.938
-0.535
-1.428
-0.477
 0.562
-0.321
-2.533
-0.417
 0.160
-0.059
 0.460
-0.809
-1.954
-0.918
-0.875
-1.763
-1.047
-1.319
-0.125
-0.828
-1.549
 0.002
-1.749
 0.022
-1.458
-1.395
 1.375
 0.347
 0.673
 0.494
-1.584
-0.422
-0.336
 2.153
 0.642
 0.750
-0.549
 0.965
 0.980
 0.916
 0.074
 1.624
 0.515
-1.121
-1.492
 0.210
 1.440
 0.452
-0.627
 0.798
 0.740
 1.362
 0.033
 0.375
-0.155
-0.192
 0.627
-0.402
-0.319
-1.151
-2.041
-0.010
 0.861
 0.555
 0.039
 0.207
-0.268
 1.073
 1.027
 1.481
 0.546
 1.964
 0.802
 0.449
 0.802
 1.556
 1.338
 1.277
 0.626
 0.368
 1.452
 0.780
-0.587
-1.619
-0.533
-0.674
-0.691
 0.508
 1.571
 1.061
 1.145
 1.121
 0.852
-1.029
 0.437
 0.277
 0.559
 1.334
 1.203
 0.456
-0.816
 0.121
-0.464
-1.016
 0.941
 0.176
 1.169
-1.143
-0.670
 0.509
 0.587
 0.667
 1.191
 0.497
-1.416
-1.477
-0.854
 0.150
-0.489
-0.860
-0.769
-1.585
 0.310
 0.028
 0.104
-0.180
-0.113
 0.430
 0.406
 0.326
 0.782
 0.401
 1.617
 1.159
 1.036
 0.181
 0.969
 1.220
 1.391
 2.725
 1.482
 0.640
-0.792
 0.943
 0.540
 0.950
 0.462
-0.304
 1.494
-0.258
 1.456
 0.696
-0.168
 0.554
 1.508
 0.781
 0.696
 0.973
 0.439
 1.675
 1.641
 0.906
 1.449
-0.055
 0.412
-0.087
-1.354
 0.437
 0.911
-0.749
-0.290
-0.233
 0.624
-0.245
 1.395
 1.374
 0.313
-0.240
-0.168
-0.281
-1.119
 1.098
 0.821
-0.423
 0.054
-1.299
-1.547
-1.367
-1.202
-0.230
-1.382
-0.790
-1.444
-0.584
 0.703
 1.652
-0.757
 0.944
-1.167
-0.477
 0.350
-0.294
-0.776
-2.062
-2.233
-0.691
-0.907
-0.597
-2.487
-0.498
-0.833
-1.065
-0.629
-0.195
 0.468
-0.302
-1.222
-2.292
-1.785
-1.018
-1.220
-1.088
 0.117
-0.711
-0.897
-1.376
-1.060
-0.697
 1.061
 1.307
 0.661
-0.483
-1.116
-3.082
-2.523
-0.955
-0.119
-1.851
-1.098
-0.593
-1.221
-1.164
-0.102
-2.000
-0.821
-0.158
-0.908
 0.166
-0.731
-1.654
-2.493
-0.981
-0.402
-0.205
-0.819
 0.270
-0.255
-0.679
-1.365
-0.231
-1.447
-0.463
-0.609
-2.124
-0.245
-0.692
-0.859
-0.346
 0.894
 0.062
-0.471
-0.357
-1.562
 0.858
-0.208
 0.095
-0.006
-0.762
 0.877
-0.036
 0.685
-0.402
 0.260
-0.430
-0.204
-0.363
 1.101
 1.175
 2.429
 1.492
-0.436
 0.259
 1.342
 0.179
-1.118
 0.237
-0.194
 0.417
 0.110
 0.312
 0.007
 0.711
 0.708
 0.678
 0.925
-0.256
 2.161
-0.077
 0.093
 0.195
 0.534
-0.291
-0.607
-0.779
 0.906
-0.038
-1.021
-1.238
-1.058
-1.599
-2.209
-2.058
-0.127
-0.978
-0.064
 0.426
-2.404
-0.294
-1.141
-2.087
-1.581
-2.213
-1.541
 0.680
 0.141
-1.042
-1.442
-1.074
-0.335
 0.154
-0.702
 0.106
 1.039
-0.036
-1.475
-0.403
 0.225
-0.151
 0.004
 0.713
-0.104
-0.228
 2.165
 0.260
-0.849
-1.031
-1.333
-0.862
-0.904
-0.495
 0.020
 0.300
-0.370
 1.521
-0.247
-1.252
-0.052
 0.079
 0.120
 0.602
 1.532
 0.386
-0.134
 1.391
-0.009
-0.335
-0.500
 0.609
-0.679
-0.319
 0.840
 0.886
 0.960
 0.148
-0.485
-0.207
-1.077
 0.121
 1.135
 0.385
 0.181
-1.119
-1.128
-1.694
-2.125
-0.565
 0.737
-1.277
-0.405
 1.610
 0.928
 0.498
 0.088
-0.548
 0.173
 1.232
 1.479
-0.002
 0.876
 0.832
 0.891
 0.316
 1.394
 0.749
 0.684
-0.200
 0.121
 1.417
 0.217
 0.041
 0.354
 1.663
 2.026
-0.096
-0.298
-0.189
 0.132
 0.960
 1.971
 0.760
 1.216
-0.428
 0.562
 0.840
-0.202
-0.292
 0.298
 1.196
 1.396
-0.020
 1.058
 0.626
 1.208
 1.623
-0.513
 1.712
-0.528
 0.451
-0.075
 0.041
 0.168
 1.405
 2.920
 2.087
 1.803
-0.430
-0.319
 1.107
-0.244
-0.026
 0.394
 0.220
 0.971
 0.803
-0.177
 1.177
 0.149
 2.435
 1.642
 1.476
 0.314
 1.218
 0.002
-0.491
 0.485
-0.944
 2.184
 0.616
-0.539
 1.054
-1.449
-1.013
-0.122
 0.982
 1.317
-0.360
-0.123
 0.123
 0.488
 1.349
 0.281
-0.611
-0.772
-0.583
 0.264
 0.475
-0.946
 0.399
-0.703
 0.259
-0.289
 1.066
 0.735
-0.662
 0.183
 1.019
-0.224
 1.151
 1.082
-0.562
-0.104
-1.047
-0.298
 0.423
 0.793
 1.243
-0.430
-0.778
-0