.262
-0.286
 0.661
-0.634
 0.835
-0.162
 0.283
-0.022
 0.608
 1.435
 1.545
 0.371
-0.415
 0.239
 0.032
 1.215
 0.150
 1.695
 1.039
 0.474
 1.492
 0.396
 1.647
 0.222
 0.365
 0.284
-0.890
-0.507
-0.791
 0.291
 0.296
 0.374
 0.776
-1.587
-1.336
-0.472
 0.460
 0.301
 0.217
-0.103
 0.145
 0.835
 0.228
-1.314
-0.892
-0.111
-1.282
 0.250
-1.163
-0.897
-0.772
-0.821
 0.659
 0.615
 0.474
-0.374
 0.424
 0.043
 0.540
-0.186
-0.232
 0.821
 1.006
 0.955
 1.081
 0.364
-0.455
-0.152
 0.528
 0.172
 0.261
 0.413
 1.213
 0.754
 0.355
 0.656
 2.219
 0.341
 0.142
 0.953
-0.688
-0.421
 0.344
 0.531
-0.914
-0.378
 0.176
 0.909
 0.246
 0.513
 0.064
 0.197
 0.407
 0.464
 0.891
 0.171
 0.465
 0.884
-1.004
 2.057
 1.224
 1.457
-0.452
-0.398
 0.080
 0.691
-0.055
-0.880
 0.318
 1.352
 2.271
 1.188
 0.089
 1.076
 0.053
 0.537
 0.025
 0.252
 0.389
 0.853
 0.492
 0.823
 1.465
 1.778
 1.240
-0.229
 0.531
 0.166
-2.029
-0.724
 0.600
 1.375
-0.280
-1.712
-1.809
 1.422
 0.886
-1.121
 1.056
-0.173
 0.563
 0.452
 0.041
 0.766
-0.122
 0.933
 1.058
 2.267
 1.192
 1.726
 1.200
 1.513
-0.662
-0.602
-0.525
-1.912
-2.160
-0.862
 1.065
 0.988
 1.574
-0.499
 1.539
 0.780
 1.356
 0.685
 0.008
 1.481
 1.343
 2.191
 0.928
 0.224
 0.893
-0.230
 0.763
-0.220
 0.979
-0.687
-0.824
-0.062
 0.907
-1.024
 0.096
 0.662
 0.386
-0.345
-0.106
 0.541
 0.463
 1.148
-1.095
-0.877
 0.609
-0.794
-0.622
-0.733
-1.537
-1.805
-0.521
-0.493
-0.761
 0.399
-1.104
-0.577
 0.100
-0.780
-0.468
 0.472
-0.533
 0.440
 0.244
 0.405
-1.610
-0.522
 0.915
 0.864
 1.034
 0.051
 0.555
 0.149
-0.390
 1.326
-0.989
-0.630
-1.069
-0.316
 0.155
 0.997
-0.537
-0.664
-1.282
 0.664
-0.970
-2.350
 0.263
-0.746
-0.782
 0.191
 0.682
-0.444
-0.287
-0.097
-0.215
-0.181
-0.623
-0.104
-0.663
 0.054
-0.297
-0.700
-0.515
-0.018
 0.975
-0.879
-1.330
-0.621
 0.717
-1.376
 0.264
-0.519
-0.638
 0.218
-0.818
-1.691
-0.410
-1.673
-1.784
-1.914
-0.269
-1.261
 0.744
-1.543
-1.727
-1.026
-1.080
-1.395
-1.187
-0.606
-1.413
-0.854
-2.220
-1.758
-0.806
-0.049
-1.358
 0.024
-0.987
-0.896
-1.097
-2.221
 0.364
-0.744
-0.547
-0.416
-1.002
-0.806
-2.018
-0.737
-0.021
 0.935
 0.270
-0.001
-0.367
-0.525
-0.558
-0.827
-1.319
-0.974
 0.266
-0.148
-0.210
 0.819
-0.110
-0.362
-0.159
-1.117
-0.607
 1.151
 1.627
 0.552
 0.650
-0.072
 0.466
 0.872
 0.251
 0.582
-0.362
 0.818
 1.071
 0.125
 1.061
 1.076
 0.566
-0.921
-1.289
-0.414
 0.114
-0.444
-0.383
 0.774
-0.143
 0.376
-0.924
-0.792
 0.935
-0.116
 0.577
 0.116
 0.461
-0.294
 0.088
 0.829
-1.226
-1.258
-0.815
-0.430
 0.045
-0.083
-1.203
 0.937
 0.065
-1.306
-0.788
-0.124
 0.092
-0.619
-1.821
-0.573
-0.415
-1.838
-0.140
 0.682
 0.550
 1.734
 1.572
 0.703
 2.390
 2.287
 3.102
 2.015
 0.910
 0.045
-0.769
 0.712
 0.159
-0.445
 0.896
 1.301
-0.545
 0.417
 1.350
 1.057
 0.045
-0.660
 1.011
 0.592
 0.330
 0.939
 0.535
 0.492
-0.456
 0.086
 0.781
 0.953
 0.800
-0.250
 0.605
 0.036
-0.430
 1.087
 1.703
 1.083
-0.479
-0.703
-0.686
 1.307
 0.032
 0.750
 1.385
 1.767
 0.982
-0.240
 0.933
 0.687
 0.908
 1.607
 2.091
 0.813
-0.548
 0.800
 2.387
 2.747
 1.604
 0.631
 0.353
 0.633
 0.088
-0.307
 0.355
 0.208
-0.704
 0.639
-1.452
 0.184
-1.272
 1.811
 1.210
 2.128
 0.079
 1.311
 0.503
-1.915
-0.378
-0.605
 1.013
 0.568
 0.536
 1.050
 1.608
-0.276
 0.416
 0.116
 1.152
-0.144
 0.058
-0.678
 0.164
 0.126
-0.360
-0.088
-0.579
-0.181
 1.737
-1.004
 0.398
-0.168
 0.808
 0.906
 1.286
 0.215
-1.242
 0.114
-1.128
 0.820
 0.146
-0.063
 0.389
 1.518
 0.712
 2.181
 0.323
 0.520
 1.308
 0.884
 1.274
 0.221
-1.298
-0.207
-0.007
 1.208
 0.233
 0.392
-0.542
 0.915
 0.310
 0.066
 2.033
-0.301
 0.547
 1.747
 0.120
 0.427
-0.532
 0.304
-0.763
 0.621
 0.684
 1.961
 0.427
 0.273
 1.005
 1.659
 2.324
 0.166
 1.567
 0.776
 1.539
 0.812
-1.224
-0.066
-0.188
-0.839
 1.396
 1.386
-0.386
-0.894
-1.723
 0.555
-0.482
 0.524
 0.271
 0.119
-0.197
-0.668
 1.169
 0.419
 0.394
-0.229
-1.032
-0.809
-0.500
-0.377
 0.442
-0.944
-1.413
 0.432
-1.174
-1.056
-1.773
-0.263
 0.054
 0.249
 0.494
-0.156
-0.356
-1.428
-0.277
-1.122
-1.479
-1.025
-0.895
 0.438
 0.976
-0.927
-0.813
-1.736
-0.571
-0.526
-0.689
-0.363
-0.083
 0.367
-0.835
 0.726
 2.247
-0.266
-1.357
-0.778
-0.783
-2.083
 0.884
-0.138
 0.496
-0.920
 0.465
-0.060
-0.270
-0.294
-0.733
-1.008
-0.388
-0.131
-1.073
-0.201
-0.779
-0.646
-1.552
 0.846
-0.352
-0.784
-1.769
-2.646
-0.527
-1.813
-0.346
-1.284
-0.943
-0.988
-0.917
-0.822
-0.978
-0.895
-1.160
-0.764
-1.191
-0.571
-0.481
-0.790
 0.705
 0.217
 1.774
-0.695
-0.293
-0.798
-0.346
-1.629
-0.211
-0.140
-0.445
-0.156
-1.392
 0.061
 0.583
-0.006
 0.026
-1.261
-1.397
 0.659
-0.672
 1.632
 0.866
-0.153
-0.046
 1.609
 0.852
 0.164
-0.123
-0.886
-0.489
-0.348
-1.158
 1.015
-0.473
 0.125
-0.746
 0.631
 0.943
 0.215
 0.607
 0.169
 1.328
-0.287
-0.192
 0.284
 0.762
 0.884
-0.948
-0.059
 1.444
-0.112
 0.316
 0.130
 1.182
 1.801
 1.457
 0.422
 1.482
 0.015
-0.822
 0.046
 0.758
-0.873
-0.513
 1.255
-0.119
 0.140
 0.456
-0.220
-1.758
 0.427
-1.030
-1.600
-0.111
 0.300
-0.759
 0.185
 0.637
-0.035
-1.667
-1.185
-1.107
-1.350
-0.353
-0.026
-0.615
-0.605
 0.205
-0.746
 0.240
 1.255
 0.707
 0.668
 0.432
 0.443
 0.267
 0.369
-0.173
-1.234
-0.729
-0.131
 0.046
 0.214
-2.080
-1.833
-0.929
-0.276
-0.628
-0.846
 0.052
-0.049
 0.402
-0.970
-0.425
 1.196
-1.544
-2.404
-0.340
 0.318
-1.079
-0.219
-0.703
-0.146
-0.316
-0.514
 0.165
 0.447
-1.890
-0.071
-1.008
-0.412
 0.726
-1.208
-1.499
-0.473
-0.823
-1.706
-1.481
-0.463
 0.775
 0.930
 0.838
-0.435
 0.022
-1.200
-1.742
-1.188
 0.039
 0.011
 0.589
-0.418
-0.458
-1.476
-2.080
-0.920
-1.806
-0.534
 0.023
 0.817
 0.121
 0.098
 0.009
-0.217
-1.140
-0.508
-0.864
-0.678
 1.671
 0.524
 0.114
 0.182
 0.215
-0.592
-0.752
 0.739
-0.105
-0.215
 0.239
 1.000
 0.520
-0.602
 0.107
-0.330
-0.645
-0.669
 0.448
 0.144
-0.534
 1.270
-0.338
-0.920
-1.023
-0.918
-0.345
 0.904
 0.103
-0.570
-0.594
 0.459
 0.314
 0.113
-0.439
-0.767
 0.035
-2.557
-0.250
-0.207
 0.510
-1.122
-0.001
 0.664
 0.127
 0.038
 0.574
 0.556
 0.176
 0.470
 1.109
 1.113
-0.027
 1.088
 0.851
 1.116
 0.272
 0.920
 1.372
 1.497
 0.901
 0.374
-0.149
-0.234
-0.406
 0.375
 1.432
 0.974
 1.178
 0.450
 0.662
 1.609
-0.345
-1.652
-0.609
-0.660
-0.346
-0.795
-1.051
 0.162
 0.947
-0.786
-1.296
 0.859
-0.188
 0.002
 0.530
 0.547
 1.132
 2.194
-0.308
-0.455
-0.723
-1.608
 0.290
 0.449
 0.091
-1.096
-0.736
 0.166
-0.631
-1.865
-0.295
 0.857
-0.816
-0.234
 0.683
 1.731
 0.796
 1.669
 1.466
 0.923
 2.332
 1.454
-0.421
-1.181
-1.163
-0.192
 0.402
-1.343
 0.193
-1.164
-1.961
-1.159
-0.736
 0.772
-0.513
 0.151
 0.622
 2.106
 1.630
 0.078
-0.018
-1.816
-1.101
-0.767
-1.752
 0.301
 0.016
 1.828
-1.266
-0.915
-1.134
-0.870
-0.593
-0.860
-0.862
 0.031
-0.519
-0.568
-1.460
-0.894
-1.136
-0.914
-0.695
 1.211
 2.198
 0.785
 0.283
-0.579
-1.457
-0.342
 0.680
-0.700
-2.092
 0.392
-0.590
 0.122
 1.120
 2.136
 1.592
 2.238
 1.544
 3.116
 0.562
 0.784
-0.314
-0.075
-1.158
 1.234
-0.402
 0.137
-0.021
 3.073
 1.436
 1.310
 1.969
 0.180
 0.599
-0.558
 0.216
-0.762
-0.508
 0.175
 0.159
 0.003
 1.052
 1.951
 0.231
 0.141
-0.556
 0.567
-0.472
 0.390
-1.589
 0.573
 0.939
 0.128
 0.015
 1.047
 0.278
-0.602
-1.595
-1.333
-1.074
 0.566
 0.424
 0.525
-0.377
 1.187
 0.532
 1.615
-0.453
-1.493
-0.343
-1.088
 1.464
 1.505
-0.997
-0.310
 0.037
-0.154
-0.294
-0.301
-0.434
 1.398
 1.315
 2.127
 1.090
 0.770
 0.963
 0.953
 0.994
 2.194
 1.721
 3.032
 0.868
 0.366
 0.572
 0.342
-1.005
-0.368
 0.732
 1.686
 0.180
 2.088
 0.984
 1.377
 1.176
 0.993
-0.591
 1.759
 0.385
 0.596
 0.562
 0.897
 0.527
 1.444
-0.789
 0.236
 0.814
 0.968
 0.359
-0.812
 0.753
 0.299
 1.955
 0.486
 0.010
-0.828
-0.757
 0.178
 0.501
 0.086
 2.296
 1.470
 1.363
 0.693
-1.302
-1.099
-1.364
-1.028
 0.571
 1.159
-0.785
-0.110
-0.080
-0.181
 0.230
-0.057
-0.721
-1.620
-0.690
-0.275
 0.647
 0.276
 0.191
 1.665
 0.333
-0.291
-0.169
-0.043
-0.219
 1.159
 0.663
 1.107
 0.922
-0.234
-0.376
-1.818
-0.730
-1.730
-1.401
-1.363
-0.887
-0.604
-0.254
-0.753
 0.506
-0.559
 0.478
-0.250
-1.837
-1.782
-0.856
-0.317
-0.816
-0.653
 0.391
 0.426
 0.304
 0.000
 1.197
 0.851
 0.057
 0.802
 1.536
 0.728
 1.461
 2.717
 1.973
 1.933
 1.297
 2.782
 2.013
 2.053
 1.317
-0.144
 0.093
-0.850
 0.484
-0.306
 0.353
-0.272
 0.062
 0.701
 1.610
 1.258
 1.105
 0.635
 1.654
 0.422
 0.309
-0.142
 0.190
 1.031
-0.389
-0.603
-0.353
-0.099
-0.198
 0.920
 0.785
 0.690
 1.157
 0.624
 1.211
-0.157
-0.504
-0.373
-0.211
-0.142
 1.055
 0.184
 0.198
 0.609
-0.763
-1.777
 0.322
-1.587
-0.279
-0.569
-0.990
 0.299
-0.372
-0.221
 0.245
-0.005
 0.234
-0.319
-0.592
-1.100
-1.727
-1.293
-0.747
-0.409
-0.381
 0.049
-0.067
-0.114
-0.021
-0.855
 0.000
 0.625
 0.221
-0.162
 0.134
-1.330
-1.162
-0.143
 1.154
 2.458
 1.998
 1.234
-0.005
 1.436
 0.662
 0.921
 0.410
 1.023
 0.028
-0.417
 0.028
 0.310
-0.926
-1.604
 0.098
 0.436
 0.940
 0.832
-0.088
 0.646
 0.731
-0.613
 0.534
 0.963
-0.122
-1.379
 0.148
 0.269
 1.606
 0.352
 0.797
-0.168
 0.733
 0.281
 1.374
-0.020
 0.799
-0.338
 0.447
-0.438
-1.280
-1.173
 0.181
-0.238
 0.731
 0.797
 0.866
 0.499
 1.404
 1.135
-0.225
-0.415
-0.502
-0.427
 0.101
-0.208
-0.778
-1.499
 0.959
 1.048
 1.172
-0.526
 0.916
 0.438
 0.316
 1.010
 0.457
 1.952
 0.991
 1.337
-0.335
 1.605
 0.450
 0.438
-0.682
 1.495
 0.689
-0.642
-1.450
-0.446
 1.392
 1.793
-0.912
 0.978
 1.310
 0.484
 1.651
 0.868
-0.505
-0.669
-0.053
-0.182
 0.032
 0.839
-0.404
-0.564
-0.486
 0.709
 1.761
 1.333
 0.062
-0.588
-1.327
-0.507
 0.364
 0.669
 1.445
 1.347
 0.953
-0.846
 0.767
 1.513
 0.787
-0.309
-0.003
-0.760
-1.082
 0.214
 1.537
 0.949
 0.360
 0.851
 1.168
-0.014
-0.800
-0.390
 0.626
 0.243
 1.519
 0.602
-0.305
 1.809
 0.363
 1.183
 0.689
-0.230
-0.669
 0.414
 0.502
 0.779
 0.927
 1.109
 0.923
-0.458
 1.302
-0.279
 0.105
 1.588
 0.730
 1.133
-0.337
 0.016
 0.647
 0.769
-0.166
-0.913
 0.528
 1.902
 0.741
 1.048
 0.993
-0.253
-0.332
 0.023
-1.031
-0.459
 1.174
-0.364
-0.728
-0.573
-0.347
-0.939
-1.823
-0.980
 2.531
 0.917
 0.264
-0.244
 0.055
-0.449
-0.476
 0.211
-0.775
 1.426
 1.844
 1.292
-0.658
-1.274
-0.534
-0.034
-0.082
-0.713
-1.314
-1.027
-1.360
-0.990
-1.339
-0.613
-1.741
-1.511
-0.417
-0.029
-0.898
-0.255
 0.972
-0.072
-1.016
-1.453
 0.433
 0.390
-0.663
 1.217
 2.017
 1.107
-0.624
-1.067
 0.326
-0.347
 1.428
 0.662
 0.755
 0.993
-0.259
 0.696
-0.495
 0.282
-0.251
 1.140
-0.304
-0.012
 0.858
-1.003
 0.371
-1.460
 0.536
-0.175
 1.559
 0.087
-0.616
-0.211
-0.621
-1.273
 0.147
-0.777
-0.870
 0.423
-0.229
 0.375
 0.320
 1.728
 1.316
 0.342
 0.999
 1.105
 0.972
 1.022
 0.245
-0.375
-0.022
 1.258
 0.314
-0.356
 0.684
 0.115
 2.008
 0.711
-0.343
-0.051
 2.852
 1.381
 0.687
-0.127
 0.877
 0.314
-0.202
 1.134
 1.648
 2.837
 2.045
 1.134
 0.353
 0.207
-0.465
 0.788
 0.937
-0.537
-0.499
-0.094
-1.447
 0.222
 0.991
 0.884
 1.132
-0.248
 0.295
 0.655
-0.242
 0.172
 0.188
 1.118
-0.379
 1.021
 1.041
-1.308
 1.303
-0.221
-0.007
-0.302
-0.860
-0.616
 0.215
 0.998
-0.521
-1.115
-0.533
-2.393
-1.115
-0.367
 0.609
-0.010
-0.974
 0.542
 0.293
 1.288
 0.828
 0.815
 1.394
-0.530
 0.856
-0.644
-0.603
 0.260
-0.245
 0.221
-0.178
 1.540
 1.017
 0.813
 1.171
 1.035
 0.123
 1.031
-0.231
 0.182
-1.643
 0.615
 1.106
 0.606
-0.915
-0.275
 1.529
 1.083
 1.853
 1.062
 1.029
 0.719
 1.562
 2.542
 0.469
 1.075
 1.301
 1.740
 1.725
 0.850
 0.655
 1.730
 3.563
 1.530
 0.647
 1.213
 0.877
 1.318
 0.533
 0.642
 1.584
-0.107
-0.249
-0.013
 1.366
 0.878
 0.813
 0.927
 2.087
 0.958
 0.078
-0.526
 1.724
-1.022
 1.950
 1.314
-0.009
-0.015
 1.298
 0.405
 1.923
 2.088
 1.106
 1.022
 1.484
 2.218
 2.295
 0.677
 1.066
-0.005
 0.630
-0.103
-0.389
 0.343
-0.709
 0.380
-0.063
 0.291
 1.216
 0.360
 0.522
 0.487
-1.044
 1.229
-0.046
-0.705
-0.339
 0.979
 0.697
 2.097
 0.922
 0.203
-0.898
-0.644
 0.112
-1.457
-1.147
-0.609
 0.132
 0.863
 0.035
-1.046
-0.086
-0.125
 0.615
-0.185
 0.896
 1.435
 2.696
 1.146
 1.241
-0.312
-0.671
-0.489
 0.081
 0.498
 0.596
 0.195
 0.495
 0.158
-0.766
-0.387
 0.387
 0.054
 0.011
 0.298
-1.147
 0.275
-0.217
 1.042
 1.143
 1.179
 1.298
 1.449
 1.378
 2.025
 0.782
-0.464
-0.048
 1.376
 0.390
 2.370
 0.876
 1.009
 1.683
 0.488
-0.108
 0.942
 0.586
 1.178
-0.453
 0.361
-0.225
-0.376
 0.134
-0.059
 0.992
 0.175
 0.446
 0.834
 0.718
-0.547
-0.538
 0.981
 1.008
 1.028
-0.554
 0.004
 1.279
 0.494
-0.479
 0.375
 0.546
 0.450
 1.025
 1.812
 1.216
 0.375
-0.303
 0.410
 0.956
 1.026
 1.340
 0.301
-0.287
-0.034
-1.920
-0.072
 0.016
 0.892
 1.399
 0.437
-0.014
 0.024
-0.124
-0.624
-0.196
 0.115
 0.464
-0.301
-0.630
-0.646
 0.115
 0.809
 0.708
-0.211
-1.390
-0.545
 0.693
 0.424
 1.718
-1.062
-0.095
 0.330
 0.003
 1.179
 1.355
 0.358
-0.309
 0.647
 1.779
 1.717
-0.429
 0.296
 0.007
-0.877
-0.427
-1.184
 0.015
-0.062
-1.231
-0.115
 0.143
-1.388
-0.347
 1.996
 1.177
 0.227
-0.145
 0.528
 0.777
 0.662
 0.378
 0.753
 0.108
 0.072
-0.005
-0.395
 0.406
 0.062
-0.215
 1.016
-1.077
 0.409
-0.789
 0.517
 1.049
-0.188
 0.866
-1.273
-0.699
-0.284
 2.352
 1.575
 2.256
 0.215
 0.100
-1.410
-1.576
 0.007
-0.802
-0.672
-1.201
-1.253
-0.131
-0.068
-0.151
-1.486
-0.412
-0.982
-0.879
-1.173
 0.393
-0.129
-0.429
-2.198
-0.539
-0.513
 1.005
 0.745
 1.011
 1.392
 1.801
-0.299
-0.415
 0.930
-0.412
-0.823
 0.577
-0.069
-0.517
 0.453
 2.027
 1.209
 1.789
-0.107
 0.992
-0.172
 0.915
 1.540
 0.780
 0.148
-0.016
 0.907
 2.839
 1.364
 0.980
 1.175
 0.479
 1.367
 0.116
 0.663
 0.789
 1.455
 0.717
 1.250
 0.728
-0.718
 1.002
 0.514
-0.333
 0.012
-0.348
 0.030
 1.155
-0.591
-0.330
-1.016
-0.490
-0.626
 1.213
 1.642
 0.858
 1.069
 0.952
 1.254
 1.151
 1.914
 0.699
 0.736
 0.060
 0.140
 0.412
 0.430
 0.661
 0.254
 0.123
 0.059
 0.203
 0.564
-0.647
 0.449
-0.297
 0.524
-0.022
 0.360
-0.302
-0.086
-0.982
 0.911
-1.233
-0.290
-0.431
-0.376
 0.076
-0.478
 0.358
-0.295
-0.227
 0.309
-1.110
-0.100
 1.297
 0.931
-1.423
 0.848
-0.567
-0.269
 0.800
 0.265
 0.842
 0.400
-0.045
 1.047
-0.264
 0.842
-0.050
-0.330
-1.163
-0.379
 0.777
-0.734
 0.318
 1.219
-0.059
-0.376
 2.255
 1.282
 0.702
 0.812
 1.956
 0.437
 0.820
 0.775
 0.461
 0.520
 0.506
 0.072
 0.886
 0.943
-0.132
-0.567
 0.157
 0.294
 0.798
-0.181
 0.209
-0.852
-2.529
-0.123
 0.175
 0.150
 1.128
 0.541
-0.703
-0.840
-0.965
 0.270
-2.089
-1.264
-0.934
-1.006
 0.017
-1.543
-0.306
-1.727
-0.589
 0.292
 0.195
-0.204
 1.743
 1.231
 0.663
 0.910
-1.047
-0.734
-0.022
 1.012
 0.780
 0.028
-0.474
-0.561
-0.306
-1.722
-1.247
-1.737
-1.205
-0.399
 0.529
 1.152
 0.851
-0.945
-0.612
-1.406
-0.659
-0.839
-2.076
-1.259
-1.081
-1.189
-1.251
-0.556
 0.747
-0.537
-1.388
-0.534
-0.429
-0.732
-0.106
 0.636
-0.447
-0.545
-2.072
-1.840
-2.550
-1.173
 0.175
 0.604
-0.450
-1.715
-1.051
-0.250
 0.812
 0.277
 0.512
 0.125
 0.276
-1.765
-0.469
-0.455
 0.800
-1.025
 0.664
-0.109
 0.534
 0.092
 1.158
 0.213
 0.887
 1.694
 1.806
 1.389
 1.361
 0.887
-0.974
 0.544
 1.230
 2.204
 1.144
 1.127
 0.852
 1.529
 0.223
-0.589
-1.828
 0.259
 0.215
 0.583
 0.214
-0.026
-0.399
-0.640
-0.607
 0.249
-0.798
 0.582
 0.831
-0.202
-0.258
 0.681
-0.240
 0.739
-0.578
-0.032
-0.105
-0.467
-1.495
-0.187
 0.334
 0.515
 0.250
-0.754
-0.447
-0.080
-0.949
-1.327
 0.468
-0.269
-0.466
 1.053
 0.360
-0.610
-0.409
-0.830
 0.127
 0.042
-1.068
-1.614
-0.778
-0.197
 0.649
 0.889
-0.412
 2.208
-0.628
-0.951
-1.240
 0.731
-0.207
 1.149
 0.823
 1.242
 1.816
-0.950
-0.175
-0.036
-0.614
-0.280
 0.755
-0.870
 1.055
 2.154
 1.282
 1.463
 2.121
 1.112
-0.825
 0.180
 0.138
-0.801
 0.430
-0.137
-0.429
-0.637
-0.338
 0.075
 0.430
-1.410
-0.205
-0.206
-0.347
 0.948
 0.237
 0.140
-0.026
 0.920
 0.447
-0.787
 0.605
-0.758
 1.790
 0.386
-0.298
-1.211
-1.668
-1.296
-0.701
-1.322
-1.897
-1.812
-1.680
-1.592
-1.590
-0.862
-0.387
-1.539
 0.621
-0.184
-0.243
 1.586
 1.285
 0.381
 0.514
 0.315
 0.408
-0.234
 0.622
 0.369
 1.159
 0.443
 1.774
 0.186
-0.648
-1.491
-0.897
-0.968
-1.229
-1.030
 0.375
-2.271
-0.176
 0.401
-0.760
-0.258
-0.920
-2.041
-1.367
 0.380
-0.912
-1.406
-1.941
-0.578
-0.635
-0.494
 0.059
 0.427
 0.067
 0.903
 0.185
-1.253
-0.120
 0.056
-0.818
-0.276
-1.555
-1.205
-1.096
-1.610
-2.217
-1.364
-1.081
 0.159
-0.020
 0.845
 0.259
-0.282
-0.331
-0.450
-1.253
-1.560
 0.356
-0.020
-0.342
-0.526
-1.666
-0.258
-0.191
-0.527
-0.413
 1.107
-0.494
-1.260
-0.175
-0.336
 0.884
-0.237
-1.642
-2.721
-2.247
-0.460
-0.892
 0.356
 0.609
 0.809
 1.026
 0.213
 0.009
 0.107
 1.263
 0.604
 0.403
-1.013
-0.746
-0.375
 0.195
 0.113
 0.274
 0.349
 0.345
 0.896
-0.268
 0.155
 0.873
 1.346
 1.360
 1.311
 1.028
-0.012
-0.472
 0.315
-1.044
-1.323
-0.781
 1.291
-0.552
-0.639
 0.560
 1.304
 2.719
 0.446
 1.622
-0.041
 0.628
 0.071
 1.026
-0.104
 0.240
 1.748
 0.719
-0.561
 0.285
-0.743
 0.283
 0.369
-0.194
 0.525
-0.498
-1.600
 0.099
 1.130
-0.605
 0.632
 0.652
 1.400
 1.197
-0.353
-0.482
 0.434
 1.571
 1.416
 0.572
-0.362
-0.992
 0.112
-1.842
-0.145
-0.053
 0.938
-1.455
 0.143
 0.181
-0.656
-0.779
 0.358
 1.240
 0.988
 0.198
-1.216
-0.401
-0.018
-1.167
-1.612
-0.281
 0.262
 1.066
-0.041
-0.935
-0.427
 0.371
 1.199
-0.624
-0.237
-0.673
-1.872
-0.553
-2.281
-2.051
-0.795
-0.457
 0.490
-0.440
 0.465
-0.458
 0.474
 1.157
 0.591
 1.737
 1.514
 1.516
-0.510
 0.125
 0.047
 0.257
 0.671
 0.359
 1.281
-0.637
 0.259
 0.204
 0.171
 0.967
-0.759
-0.064
 0.101
-0.179
 1.983
 2.709
 2.196
 2.661
 0.170
 0.011
-0.020
 1.342
-0.813
-1.352
-0.235
-0.813
-0.028
-0.232
-0.963
-0.575
 0.651
 0.479
-0.645
-0.945
 0.193
-1.079
-0.154
 0.006
-0.968
 0.303
-0.197
-1.596
-0.994
-0.420
 0.356
 2.086
 0.034
 0.036
-1.216
-1.642
-0.810
-0.585
-0.837
-0.602
-0.146
-0.868
-0.212
 0.897
 0.939
 0.031
-0.307
 0.661
 0.639
-0.752
-0.946
-0.768
 0.075
-0.250
-0.925
-1.193
 0.291
 0.214
 0.054
 0.024
-1.219
-1.115
-1.153
-1.074
 1.078
-0.069
 0.056
 0.584
 0.844
 0.713
 0.043
-0.212
-0.226
-0.511
-0.511
 0.713
 1.580
-0.942
-0.860
 0.936
-0.796
 1.240
-0.275
 2.617
-0.628
-0.604
-0.499
 1.040
 0.341
 0.558
-1.551
-1.697
-1.852
 1.059
-0.743
 0.763
 1.446
 0.558
 0.375
-0.801
 0.759
 0.749
-0.139
-0.647
 1.442
 0.079
 0.871
 1.943
 1.205
 0.949
 1.899
 1.975
 1.134
 1.463
 0.919
 1.863
-0.374
 0.058
-0.458
 0.802
 0.281
 0.097
 0.185
-0.335
-1.712
-1.831
-1.154
-0.254
-1.510
-0.131
 0.126
 0.518
-1.014
-1.292
 1.526
 0.463
 0.187
 0.506
 0.116
 0.116
-0.983
 0.385
 0.592
-0.738
-1.364
-0.659
-0.105
-1.031
-1.360
-0.055
-0.823
 0.135
-0.834
-0.066
-0.637
-0.575
 0.247
 1.350
 1.032
 2.646
 0.914
 0.470
 0.610
 1.005
 0.023
 1.596
 0.481
 1.415
 0.608
 0.516
 1.923
 1.410
 2.039
-0.418
 1.855
 0.365
 0.911
 2.347
 0.967
 1.259
 1.923
 1.572
-0.409
 0.586
 2.599
 1.077
 0.997
 0.252
 2.023
 1.298
 0.519
-0.895
 0.391
 1.461
 0.045
 0.225
 0.019
-0.683
 0.516
-1.042
 0.725
 1.456
 1.586
 1.000
-1.091
-0.132
-0.595
-0.381
 0.213
-1.557
 0.955
 2.676
 2.092
 1.855
 1.201
 0.224
 0.213
 0.942
 0.936
 0.523
 0.398
 1.257
 0.993
 1.602
-0.775
 0.899
 0.694
-0.677
 0.188
-0.165
 0.307
 0.196
 0.741
-0.164
 0.491
-0.072
 0.030
-0.270
-0.022
 0.548
-0.471
 1.277
 0.477
-0.523
-0.908
-0.068
 0.086
 0.921
 0.727
-0.633
 0.163
 0.915
 0.930
-0.156
 0.946
-0.243
 1.176
 0.642
 0.186
 0.302
 0.215
-0.817
 0.322
-0.181
 0.182
 0.279
 1.572
 0.135
-1.399
 0.174
 0.545
 0.089
 1.110
-0.499
-1.361
-1.201
-0.613
 0.806
 0.136
-0.145
-0.325
 1.029
 0.399
 1.667
-0.377
-0.892
 0.021
 0.410
 0.660
 1.256
-0.055
 0.978
 1.335
-0.133
 0.837
 1.882
 1.273
 0.915
 0.738
 2.359
-0.096
 0.539
 2.135
 3.087
 1.448
 0.946
 1.553
 2.395
 2.126
 0.990
 0.096
 2.044
 1.112
 0.223
-0.469
-0.018
 1.234
 0.085
 0.759
 0.304
 0.601
 1.371
 1.528
 1.002
 0.359
-0.762
 0.871
 1.246
 1.086
-0.114
-0.274
 0.279
 0.179
 0.662
 0.276
 1.080
 1.176
-1.003
 0.464
 0.262
 1.428
 1.208
 1.207
 0.502
-0.790
 0.423
 0.670
 1.728
 1.096
-0.006
 0.509
-0.945
-0.339
 0.057
 0.490
-0.142
 1.103
 0.571
-1.424
-0.945
 0.540
 0.661
 0.440
 1.234
-0.379
-1.689
-0.978
-0.001
-0.601
-0.211
-1.110
-0.635
-0.135
-0.593
-0.285
 1.301
 1.434
 1.150
-1.351
 0.504
 0.214
-0.746
 0.575
 2.304
 0.640
 1.097
-0.404
-0.810
 0.628
 0.948
 0.720
-1.563
 0.031
 1.526
 0.618
-0.729
-0.120
-0.369
 1.205
-0.252
 0.860
-0.622
-0.519
-1.984
-1.890
-0.598
-0.183
-1.696
-1.066
-1.219
 0.044
 0.256
-0.159
-1.725
-1.026
-0.780
-1.276
-0.879
-1.020
-1.435
-0.117
-0.986
-0.387
-0.174
-0.668
 0.698
 0.558
-0.189
-0.162
-1.765
-0.266
 1.243
-0.025
-0.084
 0.895
-0.594
-1.114
 0.197
-1.303
-1.391
-0.460
-1.698
 0.635
 1.068
 1.778
-0.221
 0.096
 0.234
-0.866
-1.966
 0.664
 0.046
 0.514
 0.593
-0.254
-0.865
 0.823
 1.844
 0.972
 0.193
 0.645
-0.179
 1.050
-0.741
 0.702
 1.538
 0.440
-2.252
-0.606
-1.887
-0.661
-0.217
-1.888
 0.671
-0.604
 0.505
-0.130
 0.114
-0.230
 0.064
 1.234
 0.428
-0.480
-0.595
-0.392
 0.594
 0.466
 0.139
-0.646
 0.571
 0.317
 0.705
 0.125
-0.410
-0.825
 0.127
-0.205
 0.943
 0.134
 0.551
-1.385
-0.780
 0.500
 1.148
 1.368
-0.035
-0.607
-0.646
-0.329
-0.067
-0.602
-1.267
-0.283
-1.260
-0.812
-0.651
-0.283
 0.839
 0.733
-0.345
-1.240
-0.486
-0.047
-0.883
-0.308
 0.274
 0.621
 0.203
 0.691
-1.656
 0.063
 1.407
 1.532
 1.313
 1.547
 0.315
 0.790
 1.528
 1.188
 1.463
-0.492
-0.963
-0.928
 0.617
 0.443
 0.280
-0.949
 0.744
 0.010
-0.469
 0.624
 0.142
-0.826
 0.238
 0.062
 1.456
 1.803
 1.925
-0.504
 0.680
 2.258
 1.707
 0.707
 1.094
 0.058
 0.613
 0.382
-0.101
 1.205
 0.345
-1.831
 0.240
 1.309
 2.121
 1.220
-0.041
 0.243
 0.765
 0.523
-0.103
-0.087
 0.492
-0.418
 0.341
 0.028
-0.391
-0.333
 0.479
-0.824
 0.659
 0.076
 1.164
 1.290
 2.574
-1.098
 0.090
 0.793
 1.059
-1.690
 0.650
-0.604
 2.190
 0.969
 2.004
 1.685
 0.370
-0.378
 0.560
-0.288
 0.341
-1.450
 0.106
-1.150
-0.050
 1.901
 0.600
-1.577
-0.421
 0.009
 0.055
-0.709
-1.627
-1.542
 0.298
 0.691
 0.077
 1.063
 0.091
 1.294
 1.759
 0.496
-1.523
 0.325
 1.684
 0.552
 0.618
 1.817
-0.263
-0.055
 0.144
-0.348
-1.431
-0.840
-0.917
-0.555
-0.011
-0.021
 1.240
 0.415
-1.191
-0.758
 0.336
-0.161
-0.649
-0.520
-1.408
-0.502
-0.487
 0.318
 1.427
-0.629
 1.686
-0.073
-0.756
-0.320
 0.537
 2.101
 0.151
-0.213
 0.256
 0.817
-1.512
 0.435
-0.250
-0.061
-0.138
-0.109
-2.628
-1.753
-0.194
 0.361
-0.589
-1.320
-0.403
-1.858
-0.502
 0.580
-0.400
 0.147
 0.088
-0.717
-0.644
 0.485
 2.213
 0.250
 1.335
 0.792
-0.088
 0.582
 1.193
 0.956
 0.171
-0.879
 0.070
-0.080
 0.008
-1.184
 0.304
 0.816
-0.263
-1.185
-1.501
-0.822
 0.329
-0.695
-0.400
 0.028
-0.258
 0.569
-0.690
-0.279
-0.022
 0.147
-1.556
-0.565
-0.032
-0.684
-0.484
-1.220
-0.128
 0.668
-0.960
-1.009
-1.229
-0.650
-0.924
-1.615
-0.655
-0.566
 0.217
 0.445
 0.042
-1.659
-0.425
-0.187
-1.170
-0.627
 0.133
-0.463
-1.267
-1.111
-2.084
-1.281
-0.079
-0.340
-0.964
-1.934
-1.654
-1.333
-0.719
 0.677
-0.581
-0.463
-0.395
-0.624
-0.001
 0.070
 0.371
-0.454
 1.253
 0.580
-0.429
 0.314
 0.528
 0.236
-1.147
-1.358
 0.297
-0.311
 0.384
 0.857
-0.744
-0.886
 0.790
-0.947
 0.493
-1.153
-1.176
 0.244
-1.000
-0.870
-0.388
-1.118
-1.975
-2.619
-0.216
-0.670
 0.191
-1.648
-1.021
-0.757
-0.056
 1.140
-1.307
-0.272
 0.034
-0.263
-1.347
-0.223
-0.281
-1.302
 0.041
-1.973
-0.742
-1.257
-1.911
-0.249
 0.190
 1.401
 0.167
 0.119
 0.312
-0.492
-0.883
-0.374
 0.232
-0.496
-0.303
-0.254
-1.512
-1.907
-3.013
 0.432
 0.025
-0.723
-1.030
-1.482
-2.385
-1.215
-0.462
-1.167
-2.234
 0.965
-0.324
-1.122
-1.432
-1.112
-0.684
-1.624
-0.962
-1.035
-1.809
-2.445
-0.322
-2.219
-1.062
-2.204
-1.454
-1.114
-1.778
-1.009
-1.197
-0.233
-0.498
 0.692
 0.488
 1.106
 0.244
 1.095
 0.165
-0.062
-0.076
-1.611
-1.097
 1.633
 1.018
 0.189
-0.659
-1.732
 0.260
-0.166
-2.004
-0.714
-0.634
-1.422
-1.335
-1.522
-1.031
-0.668
-0.924
 0.085
 0.025
-0.593
-1.042
-0.933
-1.326
 0.003
-0.392
-1.041
-2.156
-2.341
-4.061
-1.516
-2.079
-3.207
-1.563
-2.425
-3.037
-1.954
-0.746
-1.476
-1.332
-1.083
-0.654
-0.820
-0.903
 0.451
 0.426
 0.541
-0.468
 0.915
-0.811
-0.803
-1.642
-0.666
-0.900
-0.237
-0.461
 1.050
 0.504
-0.579
-0.845
-1.721
-0.563
-1.120
-1.535
 0.631
-0.686
-2.778
-2.848
-2.471
-0.271
-2.002
-1.359
-0.947
-1.383
-2.245
-0.097
-1.244
-2.255
-1.143
-1.503
-0.212
-1.114
-1.738
-2.334
-1.929
-1.131
-3.734
-2.054
-1.804
-2.753
-2.104
-3.217
-1.315
-1.355
-2.393
-1.834
-1.078
-1.186
-0.902
-0.093
-0.403
-1.056
 0.503
-0.926
-0.131
-2.673
-1.875
-1.520
-2.848
-2.070
-0.188
-0.049
-1.091
-2.492
-1.800
-0.001
-1.609
-0.488
-0.366
-0.724
-0.272
-0.686
-0.234
-1.072
-0.967
-1.959
-1.729
-2.053
-1.835
-0.361
-1.784
-0.977
-1.023
-1.336
-0.932
-1.069
-1.765
-0.481
-1.839
-1.378
-1.633
 0.391
 0.208
-0.470
-0.852
-0.899
-1.650
-1.113
-0.589
-0.048
-1.578
-0.865
-0.266
-2.468
-1.687
-1.695
-1.732
-1.305
 0.333
-0.244
-0.242
-0.493
-1.044
-0.874
-0.949
-0.679
-0.152
-0.428
-0.348
-1.657
-1.347
-0.188
 0.237
-0.786
-0.691
 0.560
-0.713
 0.429
 0.245
 0.286
 0.046
-0.434
 0.114
 0.774
-0.194
 0.552
 1.154
 0.636
-0.667
-0.657
 0.148
 1.042
-0.317
-2.081
-0.077
 0.599
-0.970
-1.038
 0.230
 0.405
-0.686
-0.853
-0.886
-0.830
 0.704
-0.974
-1.557
-1.266
-1.008
 0.286
-0.472
-0.087
 0.960
 0.365
-0.205
-1.673
-0.613
-1.441
-1.809
-1.957
 0.488
-0.755
-0.599
-0.316
-0.539
-1.611
 0.143
 0.220
-0.495
-0.775
-0.850
-1.498
-1.280
-1.169
-0.213
-1.761
-2.271
-1.016
-1.471
-1.089
 1.260
-0.466
-0.739
-0.064
-1.190
-1.870
-0.340
-1.404
-0.711
-0.518
-0.462
-1.779
-1.002
 0.090
-0.329
-1.188
-0.408
-0.114
-2.200
-0.434
 0.661
-2.026
-2.229
-0.482
-0.358
-1.241
-0.421
-0.466
-1.697
-2.161
-1.192
 1.259
 0.469
-0.825
-2.459
-0.078
 0.369
-0.239
-0.984
-0.642
-0.655
 0.391
-0.252
-0.584
-0.412
-0.640
-0.276
-0.273
 0.666
-0.426
-1.986
-2.409
-0.791
-0.660
-0.537
 0.013
-0.140
-0.046
 0.348
-0.240
 0.223
-0.017
-1.131
-0.593
-0.677
-2.094
-0.476
-0.812
-0.545
 1.090
 0.538
-1.058
-0.618
 0.886
-0.140
 0.083
-0.818
-1.997
-0.606
-0.106
-0.207
-0.946
-0.393
 0.290
 0.314
-0.402
-1.348
-1.614
 0.090
-0.258
-2.062
-0.728
-0.393
 0.315
-2.405
-2.729
-1.614
-1.127
-0.223
 0.562
 1.166
 1.293
-0.006
-0.270
-1.319
-0.547
-1.213
-1.237
 0.301
-0.264
-1.226
-1.342
-0.244
-0.602
-2.750
-1.248
 0.341
 0.117
-1.178
-1.275
-0.236
-0.765
 0.589
 0.518
-0.439
 0.252
-1.501
 0.117
-0.207
-0.981
-1.448
-1.539
-1.495
-1.122
-0.150
-0.283
-0.995
 1.796
 0.626
 0.045
 1.055
 0.260
 0.155
 0.124
-0.926
-0.432
-0.955
-0.607
-1.701
-1.626
-0.209
-1.705
-0.918
-1.803
-2.404
-1.190
-1.348
-0.567
-1.678
-1.504
-0.229
-0.237
-0.012
 0.559
-1.172
-0.538
 0.346
 1.099
 0.394
-1.960
-0.421
-1.504
-1.527
-0.331
-0.484
 0.470
 0.625
-0.796
 0.202
-0.016
-0.367
 0.664
 0.760
-1.000
-0.835
-0.087
-0.337
 0.720
-0.553
 0.606
-0.514
 0.011
 0.401
 0.492
 0.197
-1.020
 0.093
-1.006
-2.791
-1.809
-2.423
-1.502
-2.134
 0.072
 0.359
 0.040
-0.588
-1.995
-1.841
-1.477
-0.990
-1.516
 0.335
-1.678
 0.960
 0.376
-0.232
 1.232
-0.143
-1.240
-0.155
-0.568
 0.556
-0.657
 0.036
-1.247
-0.308
-0.606
-1.014
 0.438
-1.741
-1.216
-0.939
 0.171
 0.624
 0.065
 0.353
 1.075
 0.385
-1.991
-0.385
-1.068
-1.770
-0.532
-1.396
 0.220
-0.161
-1.426
 0.068
-0.928
 0.282
-0.243
-1.229
-0.134
-0.686
-1.177
-0.706
 0.175
-1.583
-0.107
 0.433
-0.728
-0.116
-0.563
-0.402
-0.378
 1.240
 0.758
 0.182
-2.247
 0.043
-0.711
 0.062
-0.199
-0.886
-1.217
-1.335
-1.979
-1.871
-1.459
-1.289
-2.429
-0.828
-2.197
-2.013
-1.517
-0.363
 0.694
-0.081
-0.805
-0.978
-0.587
-1.485
-2.001
-1.943
-1.350
-1.683
-0.013
-1.441
 0.057
-0.307
-0.425
-1.294
-2.691
-0.682
 0.300
-0.398
-0.981
-0.620
-0.065
-0.927
-1.114
-1.269
-1.172
-0.819
-1.272
 0.697
 1.270
 1.321
-0.543
 0.581
-1.023
-1.765
-0.088
 0.710
-0.176
-1.453
 0.156
 0.711
-1.115
-0.903
-0.302
 0.687
 1.414
 0.413
-0.143
 0.434
 0.268
-0.677
-0.255
-0.738
-0.468
 0.636
 0.142
-0.502
 0.868
-1.068
-1.333
-0.517
 0.252
 0.753
 0.447
-0.299
-0.311
 0.667
-0.092
-0.141
-0.915
-0.767
 1.262
 0.573
 1.650
 2.249
-0.325
 0.955
 0.634
-1.887
-0.696
-0.847
-0.622
-0.785
-1.554
-0.445
 0.398
 0.100
 0.670
-0.968
-2.325
-1.177
-2.658
-1.385
-1.694
 0.497
 0.256
-1.645
-0.664
 0.061
-0.318
 0.940
 1.337
-1.149
 0.223
-1.779
-0.408
 0.127
-0.933
 0.463
-1.101
 0.830
-1.180
-1.181
-1.751
-0.859
-1.145
-0.340
-0.544
-0.414
-1.849
-1.490
-0.189
-0.340
-1.234
-0.813
-0.906
-1.563
 0.002
-0.540
-1.746
-1.097
 0.542
-0.620
-0.542
 0.601
-0.274
-0.897
-1.095
-0.564
-0.394
-0.079
-0.471
 0.192
-0.367
-0.050
 1.543
 1.583
 1.193
 1.243
 0.760
-0.695
-1.205
-1.350
-0.223
-1.545
 0.500
-1.680
 0.011
-1.234
 0.552
 1.971
-0.055
 0.408
-0.022
-0.502
-0.253
-0.307
 0.501
 0.912
 0.895
-0.139
 0.072
 0.927
-0.440
 1.416
 0.510
 0.282
-0.555
-1.128
-0.457
 0.019
-0.120
 0.402
 0.863
-0.773
-0.087
-0.864
-0.429
-0.070
 0.277
 0.413
 0.276
 0.467
-0.368
-0.591
 0.135
-1.037
 1.282
 0.150
 0.013
-1.577
 0.205
-1.941
-1.694
-0.286
 0.368
 0.338
 0.816
 0.029
 1.652
 0.339
-0.130
-0.145
-1.515
-0.414
-0.442
-0.504
-0.737
 0.119
-0.260
 0.506
-0.314
 0.982
 0.654
 0.911
 0.091
-0.524
-0.392
 0.377
 1.404
 0.991
 1.532
 1.538
 1.724
 0.070
-0.076
-0.006
 2.145
-0.430
 0.831
 1.479
 1.816
 1.626
 2.138
 1.899
 1.336
 0.627
-0.302
-0.357
 0.018
 0.508
 0.032
 0.504
 2.006
 0.254
 1.098
 0.488
-0.161
-0.378
-1.015
 0.414
-0.470
-0.800
-0.609
-0.061
 0.105
-0.327
 0.377
-1.411
-0.199
 0.007
-0.290
-0.375
 0.218
 0.508
 2.114
 0.256
 0.069
-0.044
 1.236
 0.095
 0.149
 0.765
 0.839
 1.243
 1.523
 0.810
 0.733
 0.314
-0.239
 0.401
 0.435
 0.117
 0.519
 0.937
 1.246
 0.960
 0.621
 1.053
-0.387
-0.560
-1.679
-0.217
-1.076
-1.163
-0.600
 1.016
-0.212
-0.595
 0.460
-1.506
-1.746
 0.532
-0.475
-0.397
 0.581
 0.249
-0.583
-0.830
 0.572
 1.776
-0.732
 0.361
-0.739
-0.382
 0.024
-0.061
-0.098
 1.121
 0.328
 1.196
-0.521
-0.642
 0.689
 0.430
 1.668
-0.300
 0.597
 1.310
-0.546
-0.520
 0.463
 0.446
-0.031
-0.228
 0.089
-0.563
-0.042
-1.423
-0.588
 1.061
-0.314
-0.161
-0.824
 0.379
 0.571
 0.074
-0.349
 1.112
 1.065
-0.937
-0.858
-0.209
-0.324
-0.131
-0.502
-0.384
-0.076
-0.240
 0.462
-1.957
-0.856
-1.223
-1.097
-0.361
-0.729
 0.152
-0.447
-0.146
 0.211
 0.399
 0.174
-0.905
-0.137
-0.196
 0.154
 0.679
 1.826
 0.628
-0.150
-0.465
-1.202
-0.133
-0.250
 0.943
 1.306
-0.010
-0.090
 0.316
 1.072
 1.248
-0.819
 1.560
-0.575
-1.136
 0.548
-1.309
-0.453
-1.135
-0.891
 1.659
-0.477
-0.935
 0.906
 0.842
 0.029
 2.012
 1.999
 0.753
 0.747
 0.384
-0.751
 1.259
 1.741
-1.028
-0.906
 0.528
 0.162
-0.067
 0.331
-0.253
 0.383
-1.478
-1.451
-1.529
 0.364
-0.628
 0.523
-1.109
-0.588
 2.379
-0.878
 0.891
-0.066
 0.533
-0.780
 0.690
 0.818
 2.603
 0.942
-0.747
 0.325
-0.843
-0.467
-0.909
-0.075
-0.660
 0.171
-1.975
-1.910
-2.087
-0.962
-0.623
-0.711
-1.668
-0.141
-0.469
 0.162
 0.310
-1.103
 0.278
-0.363
 0.886
 2.018
 0.020
 0.597
-0.037
-1.355
 0.422
 0.926
-0.657
-0.778
-2.064
-0.724
 0.514
 0.744
 0.862
 0.357
 0.667
-0.190
 0.512
 0.149
-0.322
-0.696
-0.360
 0.489
 0.964
 0.143
-1.636
-1.290
-0.778
 0.186
 0.572
-0.889
-1.688
-0.609
-0.727
 0.231
 0.326
-0.016
-0.151
 0.979
 1.059
 0.267
-0.031
 0.494
 1.119
 1.858
-0.874
-1.104
 0.205
 1.110
-0.970
-1.029
-1.664
-1.085
 0.136
 0.058
 0.817
 0.136
-0.781
-2.039
-0.629
-0.066
-0.252
-1.734
-0.548
-0.858
-0.915
-0.454
-1.450
-0.482
-0.412
 2.113
-1.699
 0.351
 0.166
-0.919
 0.170
-1.813
-0.720
 0.319
-0.329
 0.818
 0.733
 0.307
-0.505
 1.177
-0.179
 0.668
-0.354
 0.549
 0.844
 0.169
-2.032
-0.890
-0.140
 0.787
-0.073
-0.245
 1.170
 1.467
-0.223
 0.379
 0.554
-0.050
 0.985
 0.957
-0.223
 1.068
 0.154
-0.376
 0.253
-0.462
 0.904
-0.572
 1.367
 0.117
-0.506
 0.028
-3.147
-2.537
-1.162
 1.349
 0.615
-0.469
-1.295
 0.089
-0.917
-0.908
-1.764
-0.049
-0.723
-0.660
-0.260
-0.812
-1.857
-1.584
-0.838
-0.910
-0.543
 0.915
 0.742
-0.541
-0.264
-0.737
-0.320
-0.419
-0.659
-0.284
 1.200
 1.528
 0.973
 1.014
-0.231
-0.344
 0.240
-0.590
-0.623
-0.166
-0.608
-0.418
-0.847
-0.435
 0.223
-0.030
-0.786
-0.267
-0.415
 0.059
 0.789
 2.337
 1.732
 1.307
 0.900
 0.045
 0.298
-0.594
-0.075
 0.663
 0.700
-0.127
-0.729
-0.009
-1.595
-0.270
-0.816
 0.266
 0.621
-0.916
 1.380
 0.431
 0.623
-0.544
-0.705
-1.153
 0.011
-1.505
-0.934
-0.747
-0.139
-0.264
 0.398
 0.137
-0.176
-0.732
 0.676
 0.997
 1.838
 0.308
 0.157
-0.846
-1.111
-0.004
-0.777
-0.222
-0.268
 0.120
-0.651
-1.350
 1.718
 1.944
 1.002
 0.328
-0.824
-0.088
-0.249
-0.896
 0.521
 0.858
-0.641
-0.828
 1.256
 0.188
 0.343
 0.820
-0.350
-0.547
-1.224
 0.103
 0.795
-0.508
-0.045
 0.223
-0.587
-0.251
-0.352
 0.197
-1.746
-1.044
 0.431
 0.059
-1.137
-1.537
-0.531
-1.561
-1.517
-1.044
-2.030
 0.317
-1.158
-0.136
-1.304
-1.394
-0.725
-1.167
 0.206
-1.999
-1.832
-0.498
-2.349
-1.287
-1.078
-1.508
 1.356
-0.022
-0.448
 0.239
-0.652
-1.467
-1.186
-0.137
-1.990
-1.261
-0.209
 0.382
 1.040
 0.594
 1.330
-0.463
-0.692
-0.823
-0.217
 0.778
-1.318
-0.618
 0.837
 0.467
 0.571
 0.213
 0.825
-0.784
 0.023
-0.392
-1.289
-0.685
-0.510
 0.624
-0.681
-0.366
-0.015
 1.242
 0.766
 0.534
-0.176
 0.443
-0.143
 1.470
 0.666
 1.271
 1.160
-0.026
-0.506
-0.441
 0.047
 0.958
 0.834
 0.946
 0.246
 1.141
 0.527
-1.518
-2.106
 0.094
-1.061
 0.840
 0.399
-1.751
-0.454
-0.567
 0.317
 1.253
-0.014
-0.413
-0.530
-1.048
-0.175
-1.393
-0.637
-0.652
-2.351
-0.953
-1.853
 0.559
-0.513
 0.447
-1.621
-0.686
-0.801
-0.975
-0.939
 0.694
 1.461
 0.430
 0.750
 0.619
 0.153
 0.447
 0.787
 0.158
 0.311
 0.929
-0.275
-1.182
 0.030
 0.646
 0.778
 0.130
 0.121
-0.912
-0.564
 0.403
-0.641
 1.214
 0.498
 0.801
-0.423
 0.156
-1.431
-0.562
-0.456
-0.326
-0.660
-0.483
 1.313
 0.712
-1.150
-2.260
-0.591
 0.238
-0.423
-0.400
-1.677
 0.034
-0.343
 1.360
 1.165
 0.441
 0.716
 0.143
 0.210
 1.301
 0.522
 1.475
 2.360
 1.194
-0.520
-1.091
-0.154
-0.529
 0.594
-0.646
-2.087
-0.609
-0.223
 0.090
-1.524
-1.546
-1.776
-0.999
-1.941
-0.124
-0.551
-0.601
 0.041
-0.669
 0.375
 0.308
-1.596
-0.073
-1.855
 0.262
 0.967
 0.771
 1.085
 1.233
 0.380
 0.943
-0.173
 0.407
-0.507
 0.404
 0.080
 0.068
-0.310
-0.250
-0.531
 1.567
 0.192
 1.038
-0.406
-0.059
 0.159
-0.908
-1.260
 0.151
-0.737
 0.631
-0.439
-0.341
 0.216
-0.073
-0.051
 0.004
 0.041
 0.816
 0.956
 1.024
-0.155
-2.626
-0.927
-0.087
 1.138
-0.316
-1.513
 0.705
-1.907
-1.307
-1.688
-0.393
-0.404
-1.100
 0.043
-1.185
-0.963
-0.337
-1.424
 0.402
-1.023
-0.271
-0.412
 0.939
-0.348
-0.020
 0.435
-1.798
-0.262
 0.040
 0.941
 0.014
-0.902
-1.401
-0.241
 0.327
 0.613
 0.066
 1.703
 0.181
 0.105
-0.387
-2.501
-0.278
-0.699
-1.807
-1.339
 0.415
-1.033
-0.230
 0.274
-0.165
-0.549
-0.367
-0.441
-0.189
-1.593
-0.843
-2.004
-0.779
-0.742
-0.871
-1.187
-2.232
-2.541
-2.275
-0.600
-0.397
-3.363
-2.672
-0.215
-0.011
 0.189
-0.552
 0.005
 0.271
 1.486
-0.203
-1.556
-0.960
 0.583
-0.446
-0.664
-0.396
-1.362
 0.199
 0.237
-1.325
 0.215
-0.539
 0.001
-1.567
-0.504
 0.062
-1.910
-0.447
-0.318
-1.023
 1.166
-0.177
 0.429
 0.760
 0.751
 0.357
 1.336
 1.496
-0.034
-0.945
-1.091
-0.602
 0.261
-0.705
-1.739
-0.519
-2.139
-0.132
-0.272
-2.281
-0.737
 0.277
-0.477
-0.353
-0.533
-2.026
-0.005
 0.577
 0.521
 1.275
-0.539
-0.622
-0.362
-0.096
 0.425
-2.159
-0.762
 0.517
 0.525
-1.204
 0.483
-0.965
-0.491
 0.770
-1.192
-0.782
-3.178
-2.482
-2.565
-1.128
-0.898
-0.652
 0.027
-0.377
 0.059
-1.010
 0.278
 0.475
-1.377
 0.924
-0.832
 0.580
-0.505
-0.976
-0.179
-0.832
-3.383
-1.582
 0.273
-1.791
-1.122
-0.700
-0.963
-0.430
 0.048
-1.316
-0.918
-0.066
 0.345
-0.317
-1.154
 0.466
-0.049
 0.191
 1.362
-1.013
-0.775
-0.613
-0.813
-1.012
-1.718
-2.631
-0.763
-0.649
-0.602
-1.327
-0.379
-0.891
-0.689
-0.443
-2.039
-1.534
-0.226
-0.196
-1.822
-1.893
-2.026
-0.690
-0.529
-2.262
 0.115
-0.865
 0.280
-1.664
-0.259
-0.420
-0.986
-1.449
-0.161
 0.326
-0.163
-1.188
-0.496
-0.302
-0.962
-1.190
-1.593
 0.135
-0.188
-0.120
 0.212
-2.266
-1.411
-1.013
-1.179
 0.253
 0.621
 1.420
 1.147
 0.803
 0.352
-0.269
-1.338
 0.593
 0.205
 0.883
 0.901
 0.766
-0.419
-0.099
 1.062
-0.293
 0.273
 0.207
-0.765
-0.772
-0.268
 0.528
 0.480
-0.173
 0.231
-0.130
 0.510
-0.638
-2.001
-0.684
-0.461
-0.805
-1.138
-1.903
-2.463
-2.504
-1.016
 0.631
-0.060
-1.059
-0.730
-0.926
 0.769
 0.410
 0.186
-0.053
-0.695
-1.213
-1.120
-0.430
-1.939
-1.737
-1.412
-1.979
-0.364
 0.100
 0.216
-0.148
-1.780
 0.428
-0.911
-0.720
-1.084
-0.730
-0.799
-1.126
-0.062
 0.984
 0.131
 0.412
-0.022
 0.392
-0.641
-0.896
-0.301
-0.386
 2.104
 0.583
 0.318
 0.152
 0.235
 0.334
 0.590
-0.664
-0.578
-0.472
-1.146
-1.118
 0.100
 0.574
-0.412
-1.265
-1.682
-0.888
-1.012
-1.947
-0.391
-0.861
 0.004
 0.180
-1.147
-0.112
-0.959
-0.624
 0.321
-1.321
-1.786
 0.277
 0.801
 0.280
-0.049
-0.359
-0.595
-1.337
-0.836
-0.628
-1.023
-0.263
-0.855
-1.499
-0.701
-2.312
-0.800
-1.603
-0.361
-0.184
-1.971
-1.537
-1.293
-1.444
-1.245
-0.500
-0.651
 0.015
-0.962
-0.850
-1.535
-0.263
-0.294
-0.407
-0.720
 0.768
 1.336
-0.474
-0.180
 0.373
-0.152
-1.856
-1.868
-1.829
-1.349
-1.644
-1.169
-0.572
-0.324
-0.108
 0.418
-1.609
-1.212
-2.036
-1.400
-0.269
-0.504
-1.186
-0.310
-1.322
 0.262
-0.785
 0.036
-0.490
-0.993
-0.130
-1.053
-0.289
-0.003
-0.736
-1.296
-0.105
-1.367
-2.188
-0.573
-1.119
-1.202
-1.181
-1.596
-1.709
-1.142
-0.493
-0.237
-1.199
-0.623
 0.911
-1.079
 0.792
 0.816
 0.321
 0.023
-0.516
-0.935
-0.878
 0.465
-0.548
-0.054
 0.460
-1.536
-1.375
-0.751
 0.287
-0.604
-0.193
 0.053
-0.640
-1.237
-1.846
-1.644
 0.665
-0.923
 0.965
 0.036
-0.646
-1.291
-0.311
-1.654
-1.087
 0.383
-0.079
 0.317
-0.106
 1.443
 0.398
 0.343
 0.639
 0.335
 0.354
 0.015
-0.527
 0.416
-0.619
-0.104
 1.359
 0.504
-0.079
-0.012
 1.238
-0.959
-0.199
-0.802
-0.353
 0.838
 0.971
 0.879
 0.303
-0.267
-0.208
-0.144
-0.675
-0.163
 1.123
-0.942
-0.422
-2.424
-0.885
-0.624
-0.668
-1.441
 0.009
 0.392
 0.001
-0.888
-1.935
-0.410
-2.626
-1.730
 0.043
 0.199
 0.725
-1.332
-1.840
-1.835
 0.239
 0.018
 0.122
 1.164
 1.146
-0.343
-0.003
 0.196
-0.222
-2.637
-1.931
-1.620
-0.640
-0.495
-0.732
 0.010
-0.714
 0.197
-0.846
-0.630
 0.931
-1.005
-1.206
-0.418
 0.079
-1.390
-0.843
-1.806
-1.104
-0.869
-0.050
-0.417
-0.110
 0.064
 1.421
-0.463
-0.653
-0.901
-2.284
-1.270
-0.471
 0.609
 0.084
-1.336
 0.532
-1.363
 0.448
-0.935
 0.600
 0.523
 0.275
 0.496
 0.008
-0.384
-1.221
-0.128
-0.523
-0.332
-0.196
 0.579
 0.081
-1.606
-0.488
-0.269
-1.541
-0.704
 0.481
-0.097
 0.386
 0.744
 0.124
 0.824
 0.237
-0.278
-0.923
 0.010
-0.171
 0.703
 1.130
 0.859
 0.289
-1.585
-0.218
-0.031
-0.667
-0.112
-0.047
-1.718
-0.680
-0.639
 0.206
-0.820
 0.307
 0.331
 0.248
-1.352
-0.205
-0.004
-0.449
 0.436
-2.038
-0.963
-1.268
-0.492
-0.301
-1.335
-0.847
-1.535
-0.861
-0.444
-1.153
 0.473
-0.449
-1.182
-1.403
-1.178
-0.208
 0.065
-0.732
-0.967
-1.330
-1.751
-0.932
-2.095
-0.500
-0.541
-0.451
 0.396
-1.170
-1.826
-0.211
-0.950
-0.414
-0.526
-0.205
 0.746
 0.066
-0.138
-0.295
-0.793
-1.761
-1.880
-1.726
-1.032
-2.613
-1.386
-1.621
-1.398
-1.587
-0.173
 0.337
-0.600
-1.001
-1.113
-1.054
-0.290
-0.990
 0.641
 0.436
 1.528
 1.099
-0.463
-0.720
-1.516
-0.518
-0.505
 0.756
-0.068
 1.062
 0.209
-0.494
-0.363
-0.979
-0.457
-0.888
 0.535
-0.718
-0.232
 0.013
-0.235
-1.895
-1.032
-0.754
-0.796
-0.120
 0.483
 0.344
-1.054
-0.735
-1.948
-0.266
-1.507
-0.855
 0.202
-1.585
-0.971
-1.689
-1.371
 0.008
-0.835
 0.193
-0.400
-1.048
-0.269
-1.994
-0.216
-0.004
-1.311
-2.070
-0.622
 0.418
 0.366
-0.134
-1.228
-0.116
 0.112
 0.350
-1.914
-2.996
-0.371
-0.768
 0.256
-0.522
 0.453
 0.111
-0.994
-0.298
 1.589
-0.311
-0.791
-0.671
-1.479
 0.286
-0.598
-0.922
-1.871
 0.815
-0.177
-0.992
-0.029
-1.056
-0.120
-0.361
 0.381
-1.270
-0.252
 0.546
 0.157
-0.614
 0.383
-0.856
-0.487
 0.615
-0.345
 0.861
-0.913
 1.137
 1.072
 2.708
 0.102
 1.611
-0.060
 0.987
 1.664
 0.718
-0.569
 0.682
 0.293
 0.539
 0.463
 0.213
-0.803
-0.613
-1.057
-0.139
 0.607
-0.524
 0.250
-0.705
 0.550
 0.829
-0.092
-0.986
-1.001
 0.706
-0.698
-0.449
-0.725
-0.426
-1.020
-0.598
-0.582
 0.027
 0.629
-0.793
 0.613
 0.180
-0.356
 0.056
-0.005
-1.028
 1.119
 1.281
-0.063
 1.391
 0.385
 1.141
 0.532
-0.873
-0.064
 0.001
 0.135
 0.206
-1.565
-0.029
-0.457
-0.695
 0.793
-1.227
-1.509
-0.607
 1.241
 0.804
-0.143
 0.232
-0.127
-0.923
-0.119
-1.773
-0.227
-0.302
 1.038
-0.413
-1.406
-0.312
-0.003
-0.878
 0.681
 1.105
 0.719
-0.656
-0.179
-2.124
-0.311
 0.854
-0.151
 0.411
 0.006
 0.058
-0.083
-0.002
 0.804
-0.048
 0.549
 0.243
-0.938
 0.515
-0.065
 0.317
 0.324
-0.389
-0.049
-0.310
-0.735
-0.186
-0.418
-0.526
-1.783
-0.091
-0.607
 0.391
-0.637
-0.633
 0.320
 1.047
 0.269
-1.128
-0.285
-0.433
 0.454
-0.721
-0.579
-0.407
-2.566
-0.243
-0.076
-0.121
-0.751
-0.557
 0.561
 0.198
-1.177
-1.925
-0.359
 0.598
-1.238
-2.140
-0.773
-0.712
-0.112
 0.717
 0.459
 1.448
 1.368
-0.971
-0.820
 0.211
 1.120
-0.133
-1.396
-0.170
 0.046
-1.458
-0.449
 1.811
 0.304
 0.993
 0.569
-0.283
-0.547
-0.438
 1.588
 1.656
-0.347
-0.890
-1.989
-1.187
-0.339
-0.616
-0.797
-2.528
-1.512
 1.385
 1.156
-0.120
-0.595
 0.417
-0.857
-1.048
-0.478
-0.110
 0.348
 0.115
 1.808
 1.411
 0.933
-0.359
 1.031
-0.443
-0.778
-1.036
-1.436
-1.262
-1.970
-0.592
-1.627
-0.140
-0.147
-1.088
-0.456
 0.119
 0.843
 2.502
 0.537
-0.212
-1.473
 1.011
-0.012
-1.435
 0.117
-0.836
-1.129
-2.347
-1.460
-1.988
-1.862
-0.469
-0.778
-0.523
-1.004
-0.299
-1.497
-0.471
-0.341
-0.938
-1.343
-0.935
-2.643
-3.309
-2.146
-1.615
-2.346
-2.588
-2.188
-3.003
-0.719
-0.450
 1.295
 0.502
 0.008
-0.509
 0.114
-1.545
-1.231
-0.891
-0.060
 0.544
-2.081
 1.345
 0.555
 0.801
 0.545
-0.475
 1.460
-0.941
-0.148
 0.335
-0.686
-1.754
 0.857
 0.267
-1.729
-1.763
-1.028
-1.762
-2.416
-1.793
-1.062
 0.379
 0.099
-0.408
-0.196
 0.285
-0.354
-0.907
-0.669
-0.785
-0.017
-1.193
-1.498
-0.024
 0.545
-0.279
 0.229
-0.373
-0.157
-0.220
-2.050
-1.739
-1.545
-1.292
-0.198
-0.851
-2.504
-2.206
-0.885
 0.863
-1.390
-0.535
-0.365
-1.634
-0.626
-0.407
-0.792
-1.334
-0.517
-0.236
-0.044
 0.438
-1.080
-1.296
-1.397
-1.930
-0.106
-0.460
-0.855
-1.365
-0.200
 0.724
 0.899
 0.722
 0.377
-1.283
-1.636
-0.004
-0.876
 0.220
-0.354
-1.520
-0.836
-2.692
-1.956
-1.924
-2.787
-1.058
-0.290
-0.814
-2.040
-1.943
-0.136
 0.474
 0.645
-0.095
-0.004
 0.536
-0.979
 0.182
-2.365
-0.245
-1.804
-1.303
-1.210
-0.507
-1.266
-1.467
-1.043
-0.258
-1.579
-0.271
-0.289
-1.783
-2.580
-2.237
-1.167
-0.865
-1.212
-1.057
-1.010
-0.301
 0.557
-0.912
-0.943
 0.134
 0.700
-0.594
-1.544
-1.414
 0.272
 0.446
-0.391
-2.429
 0.766
-1.158
-2.102
-1.901
-0.702
 0.184
 0.691
 0.590
-0.823
-0.794
-0.201
 0.539
-0.430
-1.506
-0.692
 0.411
 0.042
-0.096
-1.144
 0.262
 0.182
-0.097
-0.963
-0.525
 0.691
-0.864
-0.042
-0.964
-1.952
-0.248
-1.137
-0.752
-0.619
 0.104
 0.469
-0.488
-1.555
-0.704
-1.222
 0.686
-0.933
-0.206
-1.135
-0.608
 0.782
-0.307
 0.366
-0.143
 0.375
 0.801
-0.126
-0.940
-0.459
-0.417
 1.248
-0.219
 0.021
 0.170
-1.138
-2.050
-0.561
-1.397
-0.526
-0.198
 1.415
-1.069
 0.199
 0.160
 0.662
-0.559
 1.081
 0.723
-0.455
 0.588
 0.459
 0.634
-0.611
-0.718
-0.253
 1.349
 0.408
-1.285
-0.312
-0.508
 0.512
-0.221
 0.684
 0.303
-1.202
-0.512
-1.601
 0.116
 0.634
-0.807
 0.524
-0.330
-0.479
-0.360
-1.585
-0.607
 0.753
 0.639
 1.584
 0.820
 1.511
-0.055
-0.614
 1.998
-0.070
 0.344
 0.745
-0.630
 0.069
-0.474
 0.647
 0.216
-0.192
-0.484
-1.271
-0.476
-1.307
-0.283
-0.087
-0.717
-1.545
-2.020
-0.743
-0.493
-1.803
-0.519
-1.981
-0.494
-0.527
 0.182
-1.194
-2.335
-2.139
-1.375
-0.616
-0.954
-0.743
 0.238
-0.492
 0.188
-0.972
 0.067
 0.118
-0.086
-0.648
-0.920
-0.126
 0.531
 0.705
-0.321
 1.349
-0.267
-0.161
 1.259
 0.429
 0.025
 0.553
-0.842
 1.362
 0.464
 0.395
-0.260
 0.679
-0.582
-0.222
 0.162
-0.186
-0.586
-1.129
-0.607
-1.470
 0.606
-0.714
-1.136
 0.695
 0.436
-0.726
-0.826
-1.907
-1.706
-0.336
-0.719
-0.499
-1.199
-0.938
 0.173
-0.020
-0.123
-0.759
 0.738
-2.126
-0.052
 0.215
 0.237
-1.206
-0.174
-1.085
-1.090
-1.626
-0.047
-0.929
 1.311
-0.427
 1.218
 0.570
 1.345
-0.119
-0.382
-0.188
-0.871
-1.050
-0.727
-1.012
-0.782
-0.535
-1.014
-0.144
-0.447
 0.759
 0.179
 0.186
 0.052
 0.691
 1.746
 0.200
 1.245
 1.448
 0.571
 0.452
 0.661
 1.763
 1.190
-1.511
-0.572
-0.225
-2.208
-1.742
-1.869
-1.691
-0.250
-0.245
-0.892
-0.901
 0.115
-0.914
-0.429
 0.285
-1.844
-1.712
-0.068
-1.181
 0.643
 0.076
 1.421
 0.399
-0.653
 0.592
 0.529
 1.311
 0.020
 0.036
-0.597
-0.030
-0.499
-0.780
-0.686
-0.263
-1.012
-0.391
 0.086
-1.560
-1.656
-0.326
-1.045
-0.677
-0.577
-2.701
-1.026
-0.893
-2.751
-0.142
-2.288
-1.218
-0.168
 0.822
-0.116
-0.304
-1.015
-0.459
-1.363
-1.790
-1.752
-0.707
-0.173
-1.533
-1.458
-2.907
-2.602
-1.947
-2.198
-2.493
-1.544
-0.413
-0.760
-0.676
-0.327
-2.049
-2.609
-1.729
-0.476
-0.320
 0.179
-0.143
-0.391
-0.767
-0.007
-0.932
-0.885
 0.736
 0.473
 0.921
 0.672
-0.494
-0.013
-1.040
 0.194
 1.602
 0.024
-1.034
-0.741
-1.773
-1.272
-1.570
-1.176
-0.798
-0.807
-2.252
-0.697
-1.653
-2.848
-2.547
-1.680
-0.371
-1.458
-0.317
 0.304
-0.512
-1.024
 0.019
-0.493
-0.121
-0.137
-1.031
-2.674
-1.081
-2.330
-2.029
-2.281
-2.278
-1.444
-0.411
-1.557
-1.216
-0.831
-1.417
-1.533
-0.989
-1.185
-1.562
-1.516
-1.607
-0.897
-0.612
-0.541
-0.041
-0.354
-2.275
-1.799
-2.785
-3.268
-2.452
-1.616
-1.911
-1.605
-0.919
-2.494
-2.032
-0.865
-1.070
-0.814
-1.213
-0.849
-0.412
-0.573
 0.047
 0.250
-0.483
-0.980
-0.510
-0.947
-0.897
-0.605
-2.246
-0.793
 0.781
-0.368
-1.382
-0.930
-1.247
-1.173
-1.093
-1.438
-0.741
 0.602
-0.989
-0.383
-0.743
-1.503
-1.027
 0.030
-0.887
-0.318
-0.357
-0.336
-1.248
-0.369
-1.700
-1.785
-1.535
-2.248
-0.826
-0.687
-0.039
-0.421
-0.104
 0.725
 0.999
 1.754
 0.928
 0.898
 1.522
 0.189
-0.484
 0.153
-0.518
-0.118
-0.180
-0.503
-0.715
-0.678
 0.326
-0.333
 0.097
 0.787
-0.519
-0.535
 1.121
 1.084
 2.213
 0.666
 0.059
-0.471
-0.395
-0.868
-2.042
-1.920
-0.389
-1.640
-0.099
-0.971
-0.640
-0.729
-0.790
-0.957
 0.301
-1.129
-1.331
-1.146
 0.890
 0.745
 1.169
 0.881
 0.191
-1.478
-1.476
-1.939
-0.798
-0.076
-0.642
-0.897
-0.127
-0.063
-1.817
-2.332
-1.357
-0.967
-0.446
 0.045
-0.586
-0.053
-0.438
 0.067
 0.916
 0.511
-0.379
 0.062
 0.783
 2.181
 0.492
-0.358
 0.697
-0.725
-1.114
-0.003
-2.538
-2.032
-0.560
 0.142
-1.212
-1.278
-0.627
 0.618
 0.113
-0.385
 0.514
-1.302
 0.655
 1.076
 0.873
 0.114
-0.746
-1.477
 0.156
 0.006
-0.150
 0.629
-1.159
-1.115
-0.408
-0.473
-0.604
-1.455
-0.057
 0.308
-0.301
-1.575
-1.152
-1.291
-1.873
-1.580
-0.032
-1.269
-1.178
-0.830
-1.150
 0.493
 0.162
 0.125
-0.985
-0.330
 0.105
 0.069
-1.272
-0.564
-0.175
-1.488
-0.088
 0.158
-0.111
-0.244
-0.761
-1.152
 0.613
-0.149
 0.405
-0.718
-1.431
-0.651
-1.097
 0.637
-0.515
-1.095
 0.115
 0.174
 0.962
-0.029
-0.410
-0.650
-0.114
 0.746
 0.193
 0.917
 0.607
-0.931
-1.657
 0.422
-0.011
-0.511
 0.440
-0.985
 0.176
 1.175
 0.014
 0.447
 0.033
-0.474
-0.695
 1.812
 2.960
 0.258
-0.188
 0.355
 0.010
-0.655
-0.129
-0.568
-0.795
-0.602
-0.473
-0.629
 1.525
-0.442
-0.112
-0.609
-0.116
 0.090
 2.144
 1.251
 1.970
-0.236
-2.076
 1.075
-0.836
 0.623
 0.099
-1.672
-0.083
-1.345
-1.943
-0.968
-1.108
 0.939
 0.134
-0.311
-0.717
-1.815
 0.313
 0.121
-0.657
-0.755
-0.624
-0.749
-0.181
 0.511
 0.468
 0.335
-0.959
-0.189
-1.196
-1.486
-0.749
-0.759
-0.327
-0.830
-0.494
-1.271
-1.328
 0.289
-0.086
 0.237
-1.608
-1.559
-1.401
-1.247
 0.759
-0.020
-0.633
 1.000
 0.423
 0.097
-0.807
-0.106
-1.761
-1.443
-1.989
-3.005
-0.452
-0.398
-0.257
-1.601
-0.991
-0.310
-1.247
-1.535
-0.275
-2.592
-1.581
-0.282
-0.903
-1.064
 0.142
-1.281
-0.672
-0.493
-1.139
-1.361
-0.814
-0.465
-1.712
-1.358
-2.740
-1.634
-0.940
-0.926
-2.823
-2.088
-1.250
-0.561
-0.613
-1.110
-1.349
-2.349
-0.155
-1.134
-1.307
 0.106
-0.618
-0.254
-1.018
-2.055
-0.950
-0.882
-1.182
-1.242
 0.091
-2.008
-0.093
 0.142
-0.446
-0.269
-2.010
-0.114
-1.413
-1.040
-0.261
-1.708
-0.952
-0.236
-1.451
-1.234
-1.858
-0.800
-1.722
-0.822
-0.546
-1.550
-0.431
-1.935
 0.617
-1.001
-0.779
-1.428
 0.426
-0.593
-1.134
-0.899
 0.820
-0.875
-0.568
 0.948
-1.694
 0.446
-1.098
-3.026
-1.826
-2.546
-1.981
-1.021
-1.761
-1.062
-1.419
-1.113
-2.469
-1.288
-2.917
-0.449
-0.635
 0.244
-1.476
-1.095
-1.467
-1.469
-1.198
-1.828
 0.408
-0.386
-0.212
-1.263
-1.211
-1.089
-2.112
-1.294
-0.429
-1.387
-1.552
-2.638
-0.121
-1.018
-1.033
 0.012
 1.272
-0.655
-0.259
-0.993
-1.361
-1.344
-1.708
-0.986
-0.912
-1.294
-2.360
-1.210
-0.917
-0.850
-0.410
-0.297
-1.259
-0.120
 0.406
 0.094
-2.071
-1.392
-0.828
-2.094
-1.364
-0.634
-0.366
-0.838
-0.873
-0.864
-1.157
-1.315
-2.022
-1.347
 0.027
-1.457
-1.110
-0.632
-0.474
-1.489
-2.827
-0.646
-1.572
-2.126
-2.304
-0.837
-2.438
-2.894
-1.540
-1.773
-2.437
-1.327
-1.006
-0.212
 0.197
-0.219
-0.235
 0.634
 0.604
 0.923
 0.194
 1.057
-0.049
 0.075
-1.411
 0.013
-0.681
-0.578
-0.274
-1.103
-0.170
-1.039
-0.889
-2.365
-1.787
-2.098
-1.756
-2.088
-1.194
-0.442
-1.289
-1.553
-1.649
-1.107
-0.505
 0.013
-0.865
-2.092
-1.929
-2.148
-1.947
-1.805
-2.388
-0.201
-1.217
-2.043
-0.464
 0.958
-0.148
-1.962
-1.103
-0.604
-3.562
-1.633
-0.934
-0.950
-1.427
-0.815
-0.873
 0.442
 0.607
-0.311
 1.787
 0.424
 1.230
 0.630
 1.637
 1.207
 1.548
 1.207
 1.124
 0.598
-0.613
-1.163
 0.175
-1.558
 0.039
-1.262
-0.387
-2.085
-1.526
-0.572
-0.798
-1.631
-0.070
 0.455
-0.910
 0.011
 0.404
-0.236
 0.304
 1.048
 0.269
-0.639
-1.365
-1.558
-1.323
-2.514
-1.042
-1.660
-0.632
 1.904
-0.506
 0.670
 0.152
 0.713
 0.516
 0.055
-0.912
 1.177
 0.491
 0.901
 1.531
-0.373
-1.611
-1.216
-1.081
-0.610
 1.189
 0.348
 0.444
 0.442
 0.449
 0.760
 0.272
-0.523
-0.295
 0.158
 0.211
 0.666
 1.081
 0.103
 0.658
-0.085
 0.863
 0.344
-2.222
 0.055
 0.083
-1.552
 0.380
-1.699
-0.732
-1.071
 0.855
-0.714
-0.875
-2.326
-1.617
 0.759
-1.088
-0.143
 0.682
-1.330
 0.032
-0.415
 0.097
 0.455
-1.147
 0.436
 0.361
-0.316
 0.348
 0.039
 0.147
 0.666
-0.354
-0.867
 0.410
-0.795
 0.614
 0.099
-0.588
 0.656
 0.546
-1.560
-0.423
-1.514
 0.393
 0.512
 0.101
-0.840
 1.363
 0.423
-0.485
 1.049
 1.554
 0.014
 0.379
-0.651
-0.404
 0.526
 0.220
 0.176
-1.141
 0.299
-0.561
 0.381
-0.325
-0.725
 0.537
 0.385
 0.096
 0.811
-0.539
 0.891
 0.669
 0.229
 0.881
-0.148
-0.374
 0.333
 0.422
 1.376
-0.269
-0.892
 0.092
 0.585
 0.870
-0.082
 0.308
 0.541
-0.963
 0.596
-1.399
-1.152
-0.523
 0.785
-0.448
 0.550
 1.051
-0.693
 1.183
 0.430
-0.985
-2.122
-1.101
 0.727
-0.361
-0.781
 1.304
-0.028
-0.273
 0.096
-0.609
 0.547
-0.010
 0.291
-0.671
-2.181
-0.838
-1.588
-0.821
-1.646
 0.609
-0.244
-0.457
-0.626
-0.406
 1.103
 1.072
-1.192
-1.521
-0.847
-0.482
-0.921
-0.338
-0.242
 0.332
-0.400
 0.193
-0.504
-0.036
 1.791
 0.909
-0.700
-0.623
 1.491
-0.448
-0.230
 1.236
 1.758
-1.286
-0.098
 1.321
-0.552
-0.428
 0.619
 0.350
-0.541
 0.181
 0.295
 0.534
-0.801
 0.609
-0.213
 0.091
-0.239
 0.385
-0.523
-0.467
-0.644
-0.015
 1.246
-1.527
-1.589
-2.320
-1.405
-0.565
-0.369
-1.050
 0.550
-0.909
-2.192
-3.099
-1.575
-0.932
-0.441
-1.089
-0.148
 0.915
-1.744
 0.154
 0.315
-1.304
 0.142
 0.770
 0.188
 0.440
-0.142
-0.356
-1.110
-2.314
-1.386
-0.060
 0.299
 0.646
-0.432
 0.515
 0.274
-0.808
-0.815
 0.770
-0.234
-0.664
-0.971
-0.796
 0.680
-0.531
-1.351
-0.042
-0.711
-0.189
 0.488
 0.446
 0.477
-0.858
-0.984
-1.329
-0.652
-0.412
-1.164
-0.896
-0.409
-1.232
-1.504
-2.117
-1.448
 0.500
-0.574
-0.804
-0.789
-1.400
-0.068
-1.364
-0.535
-1.795
-0.549
 0.127
-0.784
 0.403
-0.895
-0.675
-1.915
-2.128
-0.254
-0.415
-1.261
-0.380
 0.019
 0.591
-0.577
 0.000
-1.221
-1.096
-0.010
-0.845
-1.090
-1.446
 0.134
-1.132
-1.476
-1.248
-0.055
 0.620
 0.211
-0.845
-1.199
-0.605
-1.549
-1.936
-1.492
-0.670
-1.461
-0.125
-0.019
-0.670
-1.932
-0.943
-1.405
-2.098
-2.056
-0.807
-0.766
-1.064
-2.675
-1.326
-2.056
-1.383
-0.900
-1.606
-1.096
 0.270
 0.318
-0.211
 0.172
 0.468
-0.431
-2.464
-0.757
-1.542
-1.385
 0.103
-0.629
-1.803
-1.033
-2.157
-1.064
-2.022
-2.298
-1.152
 0.568
-0.411
-1.928
 0.164
 0.360
 0.169
-0.525
 0.144
-0.628
-1.366
-0.198
 0.009
-1.174
-0.677
 0.022
-0.153
-0.797
-0.909
 0.036
 0.410
 0.315
 0.192
-0.255
 0.077
-0.088
 0.259
-1.123
 0.646
-1.627
-0.848
-1.519
-1.623
 0.740
 0.590
-0.057
-1.126
-1.132
-0.877
-0.921
-0.458
-0.773
-1.521
-1.283
-2.148
 0.458
 0.267
 0.050
-0.313
-1.515
-1.174
-0.683
-1.237
-1.975
-0.298
-0.239
-1.022
 0.607
-0.910
 0.224
 0.697
-0.803
 0.219
 0.255
-1.249
 0.391
 0.377
-1.821
-1.151
-1.607
-2.416
-2.166
-0.247
-1.747
-1.656
-1.823
-1.625
-0.471
-1.657
 0.288
-1.018
-3.473
-3.004
-2.265
-1.393
-2.283
-2.351
-0.966
-0.015
-0.007
-0.109
-1.222
-0.520
-0.452
-0.300
 0.399
 0.102
-1.065
-2.311
-1.817
-1.569
-1.654
-1.495
-1.324
-0.917
-2.135
-0.611
-0.718
-1.344
-1.494
-2.694
 0.689
-0.322
 0.570
-1.157
-1.623
-0.692
-0.724
-0.160
-0.267
-0.511
 0.323
-0.514
-0.893
-1.012
-1.112
-0.261
-0.661
-1.155
 0.271
 0.355
-0.789
-0.175
-1.675
 0.171
 1.029
-0.969
-0.689
 0.714
 0.025
-0.552
 1.160
 1.180
 1.131
 1.122
 0.910
 0.093
-0.376
 0.348
 0.110
-0.029
 0.245
 0.350
 0.503
-0.298
-0.103
-0.626
-0.513
 0.392
-0.365
 0.141
 0.997
-0.115
 0.705
 1.098
-0.547
 0.235
-2.134
-0.512
-1.250
-1.637
 0.041
-0.686
-0.818
-0.214
-2.012
-1.043
-1.857
-0.301
-0.192
 1.244
 0.037
-1.143
 0.046
 0.057
-0.230
-0.526
-1.984
-0.679
-0.260
 0.616
-0.884
 0.425
-1.514
-1.478
-0.750
-0.330
 0.567
 1.726
 1.330
 2.654
 2.375
-0.132
 0.425
 0.450
 1.311
-0.283
 1.862
 1.701
 0.190
-0.365
 1.685
 1.251
 1.405
 1.493
 0.094
 0.399
 0.230
 0.279
 1.435
-0.017
 1.731
 1.235
 0.996
 0.976
 0.452
-0.406
-0.034
 0.724
 0.079
 1.959
 0.781
-0.442
-0.019
 1.272
 2.192
 0.627
-1.418
 0.262
-0.209
 0.234
 0.852
 0.547
-0.828
 1.389
 0.180
-1.201
-1.710
 0.113
-1.242
-1.506
-0.290
-0.514
-1.334
-0.315
-1.681
-0.642
-0.459
-0.391
-0.621
 0.550
 0.046
-0.184
 1.479
 0.287
 0.557
-0.843
 0.005
-0.341
-0.696
-1.659
-0.103
-0.820
 1.605
 0.719
 0.519
 0.577
 0.719
-0.432
 1.539
 0.833
 0.124
-1.118
 0.307
-0.131
-0.008
 1.158
 0.742
 0.427
 1.014
 0.322
 0.984
 1.912
 1.415
-1.036
 0.004
-0.856
-0.851
-2.060
-1.153
-3.298
-0.974
-0.576
-0.586
-1.686
 0.497
 1.421
 0.079
-0.289
-1.132
-0.853
-1.713
-0.397
 0.565
 0.181
-1.880
-0.796
-0.377
-1.408
-0.918
-0.821
-2.341
-2.304
-0.722
-1.347
-1.326
-0.695
 0.131
 0.366
 1.027
-0.764
-1.308
 1.037
 0.072
-0.558
-1.684
-1.123
-1.107
 0.127
 0.342
 0.446
 0.117
-1.217
-0.042
 0.752
-0.134
-0.640
 0.415
-1.381
 1.422
 0.250
 0.663
 1.499
 0.760
 0.779
 0.614
 0.006
-1.562
-1.059
-0.064
-0.526
-1.391
-1.237
-1.046
-1.166
 1.052
-0.829
 0.358
 0.431
 0.139
-0.964
-2.083
-1.755
-0.447
 0.290
-1.030
-0.170
-0.380
 0.526
-1.179
-1.232
 0.826
 0.914
-0.116
-1.881
-2.836
-1.421
-1.492
-1.206
-1.454
-2.033
-0.927
-0.075
-1.917
-0.556
-0.596
-0.413
-0.745
-0.515
-0.311
 0.416
-0.896
-1.093
-0.234
 0.649
-0.833
-0.173
-1.540
-0.223
-0.549
-1.185
 0.504
 0.287
-1.226
-0.125
-1.075
-1.021
-1.039
 0.733
 1.678
 0.303
-0.728
 0.994
-0.309
 1.170
-0.377
 0.889
-1.201
 0.017
-0.084
 1.882
 1.219
 0.922
 0.940
-1.227
-0.409
 1.357
 0.801
 1.453
-0.594
 0.345
 1.982
 1.430
 0.175
 1.972
 2.217
 2.183
 2.455
 0.567
 1.924
-0.021
 1.907
 1.769
 1.673
 2.592
 0.429
 0.250
 1.637
 0.990
 0.757
 1.072
 0.210
 0.544
 0.888
 0.559
 0.704
 0.198
-1.686
 0.023
 0.441
 0.161
 0.157
 1.476
 0.355
 0.617
 0.562
-0.377
-0.251
 0.385
-0.815
-0.659
 0.466
 0.709
 0.715
-0.132
-0.588
-0.702
 0.156
-0.993
 1.028
 1.327
 1.570
-0.418
 0.519
 1.135
 0.576
 0.347
-0.366
 1.315
 0.546
 0.520
 0.984
 0.674
 0.365
 0.194
 0.470
 0.646
 1.464
 1.318
 0.120
 0.859
 0.077
-0.990
-0.681
-0.120
 0.701
 0.344
 0.459
-0.271
 0.257
-0.571
-0.831
 0.216
 0.239
 1.225
 0.544
-0.729
 0.083
-0.879
-1.406
-0.629
-0.818
 0.636
 0.510
 1.060
-1.067
-0.235
-0.050
 0.821
-1.533
-1.294
-0.345
-1.013
-1.439
-0.799
-1.220
-1.922
-1.285
-1.556
-0.504
-1.193
-0.383
-0.484
-0.170
 0.089
 0.736
-0.665
-0.242
-0.433
 0.725
 0.301
 0.493
 1.472
 0.555
-0.508
-1.499
-0.047
 0.611
-0.250
-0.356
-1.027
-0.365
-0.873
 0.175
-0.143
-0.302
-1.155
-1.501
-0.847
-1.047
-0.077
 0.198
-0.320
-0.133
 0.826
 0.217
-0.036
-0.898
 0.785
-0.024
-1.165
-2.241
 0.254
-0.577
 0.376
-0.243
-0.147
 0.794
-0.309
-0.037
-0.262
-0.653
 0.089
 1.027
 0.342
-0.401
 1.449
 0.358
-1.159
 0.803
-0.911
-1.023
 1.193
 0.208
 0.334
-1.499
-1.098
-1.501
-0.631
-0.881
-0.416
-1.402
-0.981
-2.038
-2.055
-1.303
-1.140
-0.318
-1.687
-1.064
 0.305
-0.486
-1.778
 0.137
-0.266
-1.395
-1.245
-0.677
-1.327
-1.036
-0.625
-1.076
-1.612
-1.665
-0.339
-1.574
-0.300
-0.662
-0.336
-1.574
-2.303
-0.753
-0.627
-1.921
-1.044
 0.829
-1.182
-0.481
-2.497
-0.782
-0.667
-1.240
-1.925
-0.899
-2.360
-1.459
-1.410
-0.035
 0.186
-1.315
 0.182
-0.286
-0.884
-0.415
-0.452
-1.590
-0.733
-1.141
-0.380
-0.635
-1.203
-1.487
-1.605
-0.510
 0.235
-0.142
-0.658
-0.996
-1.866
-2.084
-0.932
-0.171
-0.892
-0.719
-1.452
-0.139
-1.854
-1.511
 0.854
-0.037
 1.731
-0.172
 1.224
 0.037
-0.769
-0.762
-1.028
-0.583
-2.063
-1.812
-1.223
-0.913
-0.516
-1.309
 0.563
-0.822
 0.400
-0.214
-0.963
-1.371
-1.716
-3.155
-1.855
-2.418
-0.371
-1.752
 0.581
-0.769
-0.242
-0.197
 0.329
-1.025
-1.342
-0.396
 0.934
 0.402
 0.049
 0.374
 0.138
 0.392
 0.564
-1.720
-1.009
-0.598
-0.250
-0.604
-0.304
-1.743
 0.001
-1.076
-1.830
-0.397
-1.035
-1.063
-2.827
-1.184
-1.528
 0.188
-0.112
 0.050
-0.074
 0.084
-0.511
-2.696
-0.523
 1.054
-0.579
-1.355
 0.325
 1.955
-0.948
 0.347
 0.857
-0.847
 0.360
-0.474
-1.080
-1.104
 0.015
-0.658
-1.106
-1.721
 0.150
 0.135
 0.012
-0.183
-0.771
-0.374
 0.084
-1.112
 0.284
-0.253
-0.147
 0.293
 0.642
 1.284
-0.238
-0.550
-0.622
-0.005
 0.422
 1.264
 0.062
-0.251
-0.416
 0.019
 1.257
 0.921
-0.849
-0.019
 0.034
-0.670
 0.032
-1.514
-0.876
-0.842
 0.171
 0.126
-1.015
 0.255
 1.215
 0.188
 0.104
 0.149
-0.686
-0.958
 0.258
 1.274
-0.113
 0.385
 0.855
 0.995
-0.072
 1.183
 1.251
 2.002
 0.822
 0.651
 0.769
 0.197
-0.705
 0.897
 0.659
-0.199
-0.137
 0.953
 0.072
 1.049
-0.313
 0.981
 0.235
-0.364
-0.565
 0.006
-1.045
-1.187
-0.383
-2.030
-1.504
-0.489
-0.915
 0.412
-0.652
-0.318
-0.557
-1.239
 0.929
-0.129
-1.080
-0.777
-0.568
-0.180
-0.577
-1.275
-2.288
-1.296
 0.146
-2.969
-1.377
-2.374
-1.263
-0.062
-0.171
-0.899
 1.299
 1.198
 0.086
-1.564
 0.597
-1.334
-1.500
-0.901
-2.888
-2.683
-0.414
-1.463
-0.753
-3.073
-1.029
-0.590
-1.025
-1.196
-0.860
-0.427
-0.789
 0.362
 0.950
 1.207
 1.702
 0.474
-0.252
 0.214
 0.305
-0.590
 0.242
-0.564
-0.027
-0.949
 0.318
-0.936
-0.486
-0.462
-1.716
-0.217
 0.052
 0.370
-1.036
-0.556
-0.650
-0.784
-0.931
-0.646
-1.963
-3.496
 0.241
-0.553
-0.070
 0.375
-1.320
-1.309
-0.454
 0.129
-0.278
-0.290
-1.026
-2.856
-0.499
 0.882
 0.001
 0.467
 0.381
-0.888
 1.068
-0.322
-0.421
 0.415
 0.076
 0.083
 0.067
 0.867
 0.588
-0.371
 0.042
 0.429
-0.223
 0.143
 0.879
 1.662
 0.281
 1.051
-0.018
 1.070
 0.146
-0.301
 0.451
-0.390
 1.491
 0.584
 0.807
 1.500
 0.900
 0.462
-1.196
 0.056
 0.517
-0.166
-2.230
-0.319
-0.386
 0.622
 0.632
 2.235
 1.419
 1.300
 0.623
 1.680
 0.759
 1.580
 0.501
-0.487
-0.622
-0.001
 0.635
 0.495
 0.338
-0.528
-0.050
-0.232
-0.716
-2.038
-1.277
-0.966
-0.768
 0.336
-0.779
-0.449
 0.735
-0.451
 0.246
-0.094
-0.145
-0.158
-0.531
 0.315
 0.073
-0.531
 0.661
-1.543
-0.726
-0.401
-0.300
-1.394
-1.951
-1.338
-0.308
-1.342
-0.282
-0.144
 1.451
 0.407
-1.416
 0.955
 0.768
-0.953
-0.675
-1.645
-1.085
 0.843
-0.802
-0.473
-0.091
-0.470
-1.150
 0.798
 0.224
-1.786
 0.226
 0.473
-0.714
-1.168
-1.287
-0.036
 0.038
-0.101
-0.332
-0.183
-1.485
-0.554
-0.124
 0.814
 1.029
 0.289
 0.776
 0.084
 1.101
 0.564
 0.896
-0.274
-0.140
-0.301
-1.645
-0.110
-0.270
-0.634
-2.193
-0.739
-0.944
-0.634
-0.765
-4.164
-2.033
-1.880
-0.835
-0.505
-1.184
-1.946
-1.548
-0.937
-0.507
-0.084
-0.689
 0.591
 1.216
-0.864
 0.086
-0.179
-0.162
 0.122
-0.966
-0.125
-0.563
-0.201
 0.222
 0.133
-1.594
-1.008
-0.539
 0.564
 0.344
 0.656
 0.740
 0.838
-0.112
-1.177
-1.453
-1.065
-1.702
-0.634
-0.095
 0.803
-0.265
 0.112
-0.761
 0.021
 1.523
 0.070
 0.427
 0.071
-1.698
 0.700
 0.491
 0.688
-0.321
-0.306
-0.581
 0.843
-0.240
-0.485
-0.867
-1.188
-0.843
-1.072
-0.304
-0.482
-0.239
-0.637
-0.132
 1.701
 0.576
-1.000
-2.230
-0.757
-0.292
 2.122
 1.547
 0.875
 0.863
 1.582
 0.223
 1.644
 1.635
 0.653
 1.900
 0.143
-1.274
 0.485
-0.808
-0.688
-0.532
-0.006
 0.061
-0.565
 0.054
-0.102
-0.618
-0.630
-1.281
-1.439
-0.740
 0.194
-0.811
 0.509
-0.182
-0.221
 0.611
 0.464
 0.644
-0.398
-0.873
 0.305
-2.150
-1.381
 0.124
-0.240
-0.768
-0.225
-1.795
-0.520
-1.519
 0.269
-0.355
-0.899
-2.531
 1.257
 0.972
 0.943
 0.751
 1.174
-0.488
 0.701
 1.520
 0.168
 0.267
-0.118
-0.798
 0.660
-1.409
-0.474
-0.355
-0.226
-1.796
-2.825
-0.783
-0.724
 0.096
-0.938
-1.233
-0.293
-1.166
-0.186
 0.697
 0.040
-0.114
-1.361
-1.458
-0.576
-0.200
 0.443
-0.139
 0.578
 0.398
 0.551
 0.242
 1.898
 0.682
 0.513
 0.654
 1.027
 1.231
 1.262
 1.834
 0.152
-0.798
-0.262
-0.472
 0.713
-0.191
 0.756
-1.506
-0.971
 0.695
-0.825
 1.186
 1.214
-0.124
 0.707
 1.851
 1.844
 1.316
 0.701
-0.061
 1.524
 0.157
-0.429
 0.249
-0.320
-0.321
 0.245
-1.344
 0.173
 1.125
-0.196
-0.579
 0.996
 1.152
 0.561
-0.229
-1.231
-1.182
 0.672
 1.828
 0.907
 0.568
 1.907
 1.300
-1.530
 0.163
 0.341
-0.306
-1.045
-0.156
 0.388
-0.287
 0.277
-0.201
-0.654
-0.118
-0.846
-0.866
-1.019
-2.137
-1.154
-0.453
-0.538
 0.273
 0.447
-0.669
-1.199
-1.420
-0.911
-0.158
-1.392
 0.162
 0.715
 0.317
 0.905
 0.839
-0.280
 0.846
-0.117
-0.059
-0.214
-0.667
 1.105
-0.652
 0.512
-0.701
-0.026
 0.285
-0.742
 1.990
 0.687
-1.188
 0.153
-1.104
 0.470
-0.513
-0.802
-0.224
-1.106
-1.850
 0.638
 0.408
-1.180
-1.617
-1.010
-2.120
-1.362
-1.178
 0.073
-0.350
 0.014
 2.095
-0.772
 0.015
 0.095
 1.536
-0.477
-0.576
-0.263
 0.509
-0.358
-2.004
-0.674
-2.340
-0.666
-0.133
 1.170
 0.067
-1.312
-1.705
-1.083
-1.231
-3.078
 0.403
-0.028
-0.824
 0.018
-1.716
-1.625
-1.385
-1.616
-2.160
-0.767
-0.919
-0.158
-0.200
-0.849
-0.647
-0.972
 0.104
 0.302
-1.310
-0.131
-0.038
-0.469
-0.364
-1.353
-0.406
-0.077
-0.417
 0.172
-1.086
-0.394
-3.019
-1.304
-1.950
-1.492
-2.253
-2.897
-0.874
-0.409
 1.056
-0.970
 0.004
-0.548
-0.213
-0.873
-0.295
-0.127
 1.050
-0.556
 1.609
 0.259
 1.620
-0.244
 1.143
 0.127
-0.618
-0.244
-1.004
-0.885
-0.083
 0.965
-0.535
 1.154
 0.399
 1.237
 1.930
 1.243
 0.617
 0.172
 0.272
 0.066
-1.617
-3.207
-1.196
-1.135
-0.336
-0.045
 0.358
-0.146
-0.997
-0.528
-0.970
 1.172
-0.705
 0.762
-0.229
-0.882
-1.203
-1.163
-0.824
-0.813
-2.526
-0.403
-1.801
-0.196
 0.138
 0.032
-1.253
-0.222
-0.678
-2.002
 0.095
-1.057
-2.730
-0.450
-0.412
-1.206
 0.164
-0.075
-1.574
-0.630
 0.004
-0.555
-0.590
-2.484
-1.521
-2.366
-1.219
-0.121
-1.490
-1.370
-1.586
-0.513
-1.437
-3.324
-1.599
-1.729
-1.277
-0.227
-0.679
-0.983
-1.538
-0.821
-1.748
-1.132
-2.348
-1.482
 0.810
-1.858
 0.475
-0.492
 0.079
-0.889
-0.884
 1.783
 0.112
-0.493
 1.799
 1.699
 0.376
 0.224
-0.314
 0.837
 0.988
 0.510
-1.359
 1.028
-1.507
-0.971
-0.601
-1.547
-1.789
-1.996
-3.262
-3.289
-0.869
-0.537
-0.230
-0.558
-1.545
-0.639
-1.176
-1.656
-1.614
-1.227
 0.077
-1.516
-0.545
-0.183
-0.987
-2.015
-2.336
-0.264
-0.529
-0.595
-0.694
 0.148
 1.301
-0.370
-2.146
-1.083
-1.176
-1.493
-1.215
-1.725
-0.074
-1.645
-1.852
-2.184
-1.575
-1.446
-1.456
-1.374
-1.156
-1.136
-0.735
 0.450
 0.200
-1.152
-0.473
-1.452
-1.165
-0.105
 0.100
-0.733
-0.698
-0.171
-2.293
-0.949
-0.827
 0.009
-0.707
 0.965
-0.423
 0.233
-1.476
-2.265
-0.541
-0.907
-2.039
 0.554
-0.582
-0.572
-1.226
-0.536
 0.609
-0.550
 0.694
 0.343
-0.890
-1.610
-1.764
-0.599
-1.225
-1.018
-1.216
-2.121
-0.144
 0.075
-0.489
-0.301
-0.988
 0.930
-0.462
 0.263
-0.330
-0.113
 1.570
-0.196
 0.201
 0.762
-0.894
-0.973
-0.802
-0.582
 0.276
 0.538
-0.289
-0.461
-0.314
-0.825
-1.037
-1.539
-0.475
-1.187
-2.329
-2.730
-1.623
-0.645
-0.927
-0.967
 0.098
-0.483
-0.927
 0.286
 0.708
-1.070
-1.798
 0.394
-0.714
-0.705
-0.180
 0.324
 0.751
 0.490
 0.587
 0.953
 1.364
 1.658
 1.152
 1.000
 0.671
 0.379
-0.663
-0.217
-0.450
-1.309
-0.585
-0.359
-0.450
 0.411
 0.852
 0.448
 0.386
 0.906
 0.718
 1.644
 0.212
 0.467
 0.253
 0.836
 0.924
 1.505
 0.552
-0.284
 1.008
 0.762
-0.271
 0.199
 0.842
 1.663
 0.268
-1.168
-0.274
-0.241
-0.113
-0.669
-0.817
-1.015
 0.727
-0.904
-2.384
-1.117
-0.358
-0.477
-0.282
-0.875
 0.983
-0.022
-0.448
-0.501
 0.017
-0.444
-1.727
-0.929
-0.915
-2.415
-0.900
-1.428
-1.846
-1.080
-1.087
-1.405
-1.456
-0.944
-0.750
-1.031
-0.829
 1.509
 0.122
-0.762
 0.477
-0.058
-0.843
 0.244
 1.662
-0.268
-1.674
-0.010
 0.319
 0.012
 0.869
 0.807
 0.096
-1.615
-1.777
-1.586
-0.278
-0.430
 0.601
-1.000
-0.490
-0.313
-1.301
-0.857
-1.227
 0.837
-0.300
 0.806
 0.926
 0.125
 0.317
 0.201
-1.562
 0.394
-0.532
-1.040
 0.362
-1.482
-1.013
-0.456
-1.238
-2.102
-1.481
-1.515
-1.194
-0.767
-0.306
-0.561
 0.303
-0.751
 0.875
 0.718
 0.805
 0.287
-0.198
 1.253
 0.509
 0.097
 1.424
 0.876
 0.316
-0.587
 1.168
-0.015
 1.261
 1.473
 0.382
 0.421
 0.158
-0.052
 0.587
 0.359
-0.731
-0.779
-0.581
-1.017
-1.197
-0.303
 0.357
 0.098
 0.078
-0.254
-0.127
 0.846
-0.167
-0.214
-0.245
-1.576
-2.207
-0.766
-0.776
-1.118
-1.817
-1.354
-1.131
-0.386
 0.769
 0.492
 0.299
-1.978
-0.235
-0.445
 1.036
 0.175
 1.200
 0.694
 0.836
 0.512
 0.373
 1.379
-0.663
 0.467
 0.319
-1.172
-0.167
-0.721
-0.604
-2.096
-1.732
-0.443
-0.171
 1.078
-1.015
 0.465
 0.329
 0.310
-0.014
-1.358
-0.551
-1.754
-1.502
-1.320
 0.186
-0.534
-0.047
 0.110
-0.214
 0.558
 0.935
-1.227
-0.598
-0.840
-0.814
-0.367
-0.247
-0.755
-2.107
-1.892
-0.787
-0.487
-1.460
-2.474
-0.513
-1.004
-2.513
-0.910
-1.144
-1.005
-1.071
-1.755
-1.442
-0.991
-0.964
-0.936
-0.077
-0.515
 0.140
-0.421
-0.867
-0.144
-0.629
 0.431
-1.575
-1.230
-2.297
-1.200
-1.306
-0.544
 0.015
 0.419
 0.277
-1.085
-1.776
-1.304
-1.963
-1.887
-0.856
-0.635
-1.146
 1.127
-1.174
-1.449
-1.731
-2.702
-1.692
-2.087
-1.290
-2.558
-2.002
-1.026
-1.298
-1.990
-0.164
-0.025
-0.021
-1.072
-1.240
-0.759
 0.367
 0.528
 0.133
-1.339
-2.168
-1.549
-0.659
 0.648
-1.150
-0.926
 0.430
 0.320
 0.141
-0.515
-0.412
-1.099
-0.801
 0.150
 0.056
-0.166
-0.072
-1.722
-1.548
-1.529
-1.207
-0.990
 0.296
-0.551
-0.318
 0.867
-0.512
-1.470
-1.822
-2.161
-1.326
-0.916
-1.622
-0.848
-0.846
-0.352
-2.111
-1.668
-0.903
-2.531
-1.864
-2.085
-2.382
-2.558
-2.182
-1.301
-0.936
-1.267
-1.530
-0.971
-0.705
-0.553
-0.056
 0.525
 0.059
-1.128
-0.577
-0.382
-1.220
-1.676
-1.131
-1.118
-1.822
-1.931
-0.884
-1.969
-2.336
-2.839
-1.400
 0.399
-1.267
-1.493
-2.355
-2.360
-0.620
-1.347
-1.686
-2.229
-0.710
-0.354
 0.535
-0.236
-1.394
 0.350
 0.348
-0.128
-0.182
-0.503
-0.065
-1.017
-3.085
-0.716
-2.046
-0.614
-2.178
-1.901
-1.017
-2.700
-1.403
-0.505
-1.818
-0.082
-0.949
-1.522
-0.963
-0.962
-1.491
-1.465
-1.734
-1.205
-2.130
-0.877
-0.356
-0.251
-0.516
-0.079
 0.976
 0.166
 1.702
 0.737
-0.671
-1.045
-1.327
 0.040
-0.545
 0.828
-1.131
-2.535
 0.318
-0.593
-0.763
-0.873
-0.746
 0.009
 0.901
-1.342
-1.160
 0.271
 0.684
-2.107
-1.272
-0.252
 0.886
 0.108
-1.369
-0.272
-0.229
 0.173
-0.333
-0.126
-0.717
-1.140
-1.400
-1.429
-1.112
-0.302
-0.534
-1.198
-0.712
 0.523
-0.294
-1.081
-2.011
-2.581
-0.845
-1.395
-1.621
-1.391
-1.949
-2.333
-1.583
-1.890
-2.353
-1.864
-1.824
-1.711
-1.118
 0.002
-2.869
-1.181
-0.825
-0.420
-1.443
-1.702
-0.718
-1.300
-0.905
-0.508
-0.187
 0.825
-0.676
-0.004
-1.407
 0.110
 0.301
 0.776
 0.868
-0.908
-1.432
 0.465
 1.357
 1.052
 0.777
 0.155
-1.144
-1.540
-1.525
-0.389
-0.478
-0.010
-0.101
-0.323
 0.126
-0.017
 0.370
-0.725
 0.120
-0.628
 0.446
 1.465
 0.801
 0.658
 0.910
 0.730
-0.910
 1.400
 0.267
 0.323
-0.147
 0.516
 1.471
-0.266
-1.298
-1.729
-0.973
 0.031
 0.672
-0.537
-0.625
 0.485
 1.071
-0.220
-0.737
 0.070
 2.086
 0.234
-0.755
 0.771
 0.448
-1.611
-0.507
-0.343
-0.641
-1.070
-0.815
-0.555
-1.331
-0.926
-0.892
-1.340
-3.142
-0.948
 0.365
 0.060
 0.031
-0.123
-1.296
-1.138
-0.998
-1.390
-1.624
-0.343
-0.665
-0.533
-2.530
-0.729
-1.601
-1.622
-1.932
-1.657
-0.130
-0.194
 0.675
-0.018
-0.603
-0.358
 1.009
-1.038
-2.393
-1.193
-0.803
 0.193
-1.456
-1.574
-1.635
-0.064
 0.505
-0.829
 0.226
-0.834
 0.122
 0.359
 1.878
 0.631
-0.059
 0.349
-0.272
-0.002
 1.052
 0.144
-0.913
-0.228
 0.786
 1.095
 0.443
 0.542
-1.505
 0.259
 0.859
-0.432
-0.165
-0.089
 0.126
 0.848
-0.488
-1.478
-0.979
 0.182
 0.490
-1.394
-2.076
-2.358
-2.019
-2.151
-1.908
-0.738
-0.422
-1.138
-0.158
 1.056
-1.625
-0.799
-1.325
-0.247
-1.307
-1.339
-0.709
-0.349
-0.147
 0.041
-0.381
 0.680
 0.154
-2.043
-0.837
-1.278
-0.553
-0.166
 0.356
 0.904
-0.821
 0.661
 1.034
-0.214
-0.696
-0.113
 0.488
 0.766
 1.372
 0.452
 0.262
 1.049
 0.403
-0.158
 0.449
 1.174
 0.004
 1.223
-0.287
 1.056
 0.172
-0.337
-1.720
-1.810
-0.517
 1.007
 0.263
-0.288
-1.199
-0.427
-0.625
-0.130
-1.491
-0.871
 0.104
 0.937
-0.936
 0.336
 0.556
-1.105
-0.745
-0.539
-1.019
 0.897
 0.230
 0.941
 0.732
-0.456
 1.290
-0.232
-0.724
 0.576
 0.115
-0.843
-1.620
-1.467
-2.228
-0.427
 0.300
 0.549
-0.184
 0.415
-1.048
 0.149
 0.238
-0.130
 1.611
 0.417
-0.086
 2.008
 2.525
 0.522
 0.862
 0.705
-0.985
 0.188
-0.110
-1.079
-0.818
-0.366
-0.770
-0.460
-1.167
 0.357
-0.593
 0.255
 1.324
 2.019
 0.581
 0.029
-0.536
 1.117
-0.024
-0.424
-0.361
-1.204
-0.945
-1.498
-0.743
-0.394
-1.253
-1.291
 0.499
 1.121
-0.864
-1.738
-1.089
 0.070
-1.069
-0.107
-0.661
-1.299
 0.153
 0.113
-1.092
-0.346
-0.825
-0.648
 0.139
 0.760
-1.854
-1.014
-1.406
-0.952
-0.981
-0.311
-1.071
-0.896
-0.084
 0.133
-0.749
 1.853
 0.652
 0.536
 0.684
-1.618
-0.450
 0.046
 0.257
-0.906
-1.152
-0.693
-1.453
-0.703
-0.382
-0.637
 1.115
-1.033
-2.461
-1.169
-1.414
-0.649
-2.037
-0.759
 0.895
 0.104
 1.087
 1.063
-0.352
-0.663
 0.451
-0.639
 0.959
 1.356
 0.445
 1.489
-0.095
-0.941
 1.085
-0.382
-0.357
 1.373
 0.272
-1.413
 0.121
-0.289
-1.368
-1.674
-1.861
 0.949
-0.352
-0.179
-0.696
-2.308
-2.992
-1.086
-0.398
 0.186
 0.128
 1.157
 0.800
-0.991
-1.306
-0.572
-0.497
-0.838
-0.648
-1.813
-1.288
-0.929
 0.458
-1.360
 0.009
 0.167
-0.040
 0.948
-0.888
-0.843
 0.347
 0.137
 0.988
 0.732
-1.086
-0.465
 0.162
 1.102
 1.299
-0.489
-0.964
-0.630
-0.853
-0.046
 0.106
-0.658
-0.372
 1.457
 0.198
 0.514
-0.641
 0.372
-0.179
-1.243
-0.816
-0.337
-0.411
 0.133
-1.614
 0.511
-1.344
 0.711
 0.865
-0.359
-0.791
-1.304
-1.154
-2.447
-0.225
 0.008
-0.929
 0.444
-0.095
-0.473
 0.957
-0.424
 0.666
 1.867
 1.828
 1.276
-0.443
-0.138
 0.481
-0.273
 0.377
-0.462
-0.132
-0.771
-0.928
-0.051
-0.502
-1.168
-1.545
-1.307
 0.696
 2.371
 0.175
-0.178
 0.017
-0.351
-0.039
-0.628
-0.043
 1.322
 0.353
-1.862
 0.482
 0.971
 0.919
 1.491
 0.167
 0.445
 0.404
 1.286
-1.086
-0.656
 0.459
 0.534
-0.744
-0.486
 0.058
-1.529
-1.656
-0.211
 0.046
-0.261
 0.686
 0.432
-0.054
-0.899
-0.408
-1.121
 0.440
 1.215
-0.222
-0.272
 0.446
 0.457
 1.038
 1.133
-0.010
-1.496
 0.013
-0.383
-0.808
-0.152
-0.637
 0.383
-0.176
 1.454
-1.406
-0.635
 0.175
 0.210
 0.552
-1.607
-0.774
-0.310
-1.708
-1.336
-0.209
-0.954
-0.606
-1.287
-1.664
-2.254
-1.860
-0.999
-0.211
 0.091
-1.293
-3.093
-1.971
-0.114
-2.133
 0.200
-0.146
-0.591
 0.206
-1.629
-0.359
 1.049
-0.368
 0.416
 0.065
-1.145
-0.958
 0.818
-0.639
 1.571
-0.752
-0.829
-0.356
-1.207
-0.012
-0.970
-0.252
-0.618
-0.055
-1.202
 0.285
-1.002
 0.074
 0.739
 0.026
-1.637
-1.468
-2.503
 0.353
 0.110
-1.040
-0.261
-1.138
-1.832
-1.950
-1.262
 0.174
-0.022
-0.660
-1.715
-1.829
-1.260
-0.105
-0.425
-1.632
-1.069
-0.090
-0.618
 0.229
 0.787
-0.986
-1.063
 0.161
 0.444
 0.158
-0.500
-0.946
 0.031
-0.974
-0.124
-0.332
-1.044
-1.727
-1.891
-0.717
-0.555
-0.509
-1.180
-0.391
-3.327
-1.602
-0.915
 1.024
 0.636
 0.710
 0.284
-0.805
-0.514
-3.405
-1.098
 0.110
 0.826
 0.012
 0.595
-0.409
-0.357
 1.188
 0.316
 1.061
 1.825
-0.345
-0.828
-1.056
-0.088
-0.006
 0.389
 1.228
-0.447
-0.503
-0.642
-0.378
-0.950
-0.249
-1.603
-0.870
 0.555
-0.559
 0.616
-1.237
-0.244
 0.539
 1.422
 0.462
-0.024
 0.155
-0.116
-0.363
-0.919
 0.222
-0.741
-1.640
-1.239
 0.298
 0.404
 1.141
-0.987
-0.972
 0.655
-0.223
 0.691
-0.369
-0.323
-0.152
-0.446
 0.479
 1.092
 0.321
 0.012
 0.478
 2.288
-0.158
-1.726
-1.765
-1.165
 0.181
 0.042
-1.785
-0.552
-0.650
-1.550
-1.227
 0.432
-0.397
-0.613
-0.130
-0.979
-2.249
-1.383
-1.725
-0.327
-1.699
-1.201
-2.049
-0.016
-1.161
-1.404
-0.100
-0.024
-0.536
 1.214
-1.216
 0.935
 0.705
 0.881
 0.718
-0.534
-0.008
 0.759
 0.711
 0.216
 0.320
-1.077
-1.022
-0.039
-1.734
 0.917
 0.253
 0.953
-1.446
-0.121
-0.804
-1.165
-3.295
-1.298
-1.308
-1.891
-0.924
-0.757
-0.777
-1.235
 0.291
 0.131
-0.738
-2.285
-2.016
-0.822
-0.097
-0.486
-0.843
-0.800
-0.550
-1.294
-1.860
-2.215
-2.118
-0.655
-2.427
-2.210
-0.320
 0.026
 0.346
-0.362
-1.461
-1.658
-2.326
 0.537
-1.230
-1.561
 0.252
-0.889
-1.016
-1.341
-0.743
 0.055
 0.012
 0.213
 0.561
-0.967
-0.708
 0.404
 0.079
-0.708
-0.626
 0.037
 1.109
-1.101
-1.558
-1.973
-2.017
-1.778
-0.832
-1.388
-1.253
-1.630
-1.173
-1.448
 0.645
-2.268
-2.386
-1.028
-0.918
-0.824
-3.315
-2.039
 0.193
-0.430
-0.598
-1.026
-1.764
-2.144
-2.169
 0.653
 0.498
 0.684
 0.045
-1.756
-0.236
 0.097
-1.803
-1.347
-0.180
-0.643
 0.393
-0.424
-0.335
 0.710
-0.112
-1.268
-0.013
-0.702
-0.267
-0.386
-1.048
-0.740
-0.637
-0.586
-1.679
-0.589
-0.901
-1.602
-0.694
-1.572
-0.664
-1.337
-1.553
-2.602
 1.938
-0.409
 0.356
-1.069
 0.638
 0.566
-1.006
-0.320
-0.348
-0.384
-0.687
 0.451
-0.894
-1.640
 0.874
-0.367
-1.520
-0.535
-0.203
-0.355
 0.279
 0.552
 0.987
 0.143
-0.606
-0.733
-1.280
-0.671
-0.995
-0.621
-0.487
 0.870
-0.463
-0.942
-0.365
-0.376
-0.217
-0.343
-0.569
-0.580
-0.562
-0.488
-2.067
-1.186
-0.624
-0.613
-0.742
-0.648
 1.008
 0.885
 0.240
-1.696
-0.401
-0.748
-1.262
 0.458
-0.810
 0.041
 0.039
-0.104
-0.346
 0.336
-1.418
 0.628
 0.856
-0.063
 0.206
 0.035
-1.075
-0.431
-1.208
 0.190
-0.479
-1.448
-1.251
-1.520
-0.642
-1.685
-0.291
 0.016
-2.886
-1.323
-1.069
-0.345
-1.709
 0.156
-0.050
 1.591
-0.467
 0.633
-0.586
-0.655
-1.269
 0.434
-0.090
-0.856
-0.758
 0.218
-0.411
-0.366
-0.195
-0.064
 0.363
-1.806
-0.333
-1.648
-0.020
-0.962
-0.848
-0.398
-0.550
-1.486
-0.016
 1.439
 1.737
 0.963
 0.423
-0.795
-1.317
-1.767
-1.060
-0.591
-1.200
-1.481
-0.082
 0.113
 0.571
-0.715
-1.268
-1.364
-1.512
 0.312
 0.736
 0.228
-0.935
-0.588
-1.307
-1.557
-0.774
-0.666
-1.378
-1.542
-0.156
 0.819
-0.222
-1.058
-0.680
-1.284
 0.194
-0.445
-0.036
-0.146
 1.003
 0.197
 0.689
 0.286
 0.092
 0.054
 1.004
 0.335
 0.930
-0.604
 0.283
 0.517
 1.122
 0.583
 0.925
 1.628
-0.367
-1.328
 0.921
 0.732
 0.511
-0.775
 0.304
 1.352
 0.819
-0.960
-1.619
-0.686
 0.064
-0.128
 0.671
-0.191
-1.493
-0.017
 0.001
 0.409
-0.230
-1.559
-1.014
 0.322
 0.685
 0.055
-1.485
 0.460
 0.939
 0.749
-0.680
-0.493
-0.600
-0.464
-0.821
-1.067
-1.274
-0.284
-0.669
-1.207
-0.556
 0.119
 0.249
-1.897
-0.650
-1.943
-0.246
-1.667
-1.817
-1.532
-0.361
-0.694
-1.334
-2.140
-1.202
-1.210
-1.671
-1.980
-0.803
-1.161
-0.646
-1.161
 0.858
 1.161
 1.928
 0.558
 0.845
-0.451
-1.492
 0.861
-0.490
 0.899
 0.805
 0.952
 0.270
