.306
 1.153
 0.426
 1.063
 2.342
 1.370
 3.928
 2.388
 0.901
-0.143
 1.191
 0.156
 0.880
 0.359
 0.369
 1.600
-0.539
 0.528
-1.588
-1.073
 0.393
 0.004
 0.914
 1.136
 1.629
 0.710
 1.656
-1.313
-0.467
 0.128
-0.440
-2.190
-0.140
 0.697
 1.298
-1.268
-0.912
 0.219
 1.445
 0.620
 0.438
 0.213
 0.226
 0.472
 1.021
 1.056
-0.361
-1.595
 1.598
 0.812
 1.679
 0.416
 0.737
 0.105
 1.485
 1.736
-1.125
 0.169
 1.852
 0.249
 0.112
 1.070
 1.317
-0.168
-0.726
 0.096
 0.753
 1.167
 1.934
 2.560
 2.014
 1.523
 2.440
 1.470
 0.775
 2.863
 1.527
 1.636
 0.401
 1.579
 2.616
 3.377
 2.640
 0.718
-0.064
 1.392
 0.891
 2.240
 1.238
 0.480
 0.431
 1.195
 1.023
 0.040
 0.637
-0.765
-0.364
 0.124
 0.184
 0.253
 0.721
-0.848
-1.404
-1.132
 0.127
 0.739
-0.473
 0.376
 0.321
 0.076
-0.916
-1.125
 0.543
-0.199
-0.661
 0.288
-0.544
-0.644
-0.945
 0.477
 1.290
 1.430
 1.463
-0.598
-0.308
-1.186
-0.303
 0.335
-0.023
-0.236
 0.045
-0.434
 0.284
-0.343
 0.032
-1.925
 0.052
-0.127
 0.368
-1.178
 0.172
-0.762
 0.655
 0.563
-0.057
 1.288
 1.311
 0.324
 2.400
 0.630
 0.685
-0.998
-0.099
 0.093
 0.212
-0.098
-0.518
-0.693
-0.747
 0.263
-0.379
-0.327
-1.478
-1.462
-0.043
-0.814
-1.116
-0.053
 1.292
 0.329
 1.068
 0.837
-1.177
 0.162
-0.161
 0.358
-1.212
 0.248
-0.851
-0.256
-0.556
-0.611
-1.525
-1.699
-0.715
-0.535
 0.991
-1.092
 0.114
-0.854
-2.073
-0.945
 0.067
-0.832
 1.288
-0.401
-0.745
-0.401
-0.841
-1.089
 0.257
-0.592
 1.231
 0.442
 0.699
 0.413
 1.365
 1.660
 0.571
 0.849
-0.231
 0.071
 1.044
 0.763
 0.927
 1.832
 1.816
 0.576
 1.136
 0.236
-0.792
-1.299
-2.353
-0.954
-0.531
-0.068
 0.240
-0.265
-0.978
-1.533
 0.012
 0.606
 0.711
 1.702
 0.903
-0.481
 0.186
-0.712
 0.128
 0.311
-0.417
 0.013
 0.632
-1.249
-0.203
-0.345
-1.611
 0.511
-0.469
-0.345
-0.335
 0.414
 0.779
 0.499
-0.506
-0.161
-0.153
-0.545
 0.839
-0.489
 1.066
 0.301
-0.115
-0.241
-1.030
-0.390
-0.452
-0.319
 0.056
-0.759
-1.544
-0.387
 1.623
-0.060
 0.197
-1.241
-0.683
-0.564
-0.784
-0.926
-0.250
-0.350
-0.791
 0.945
 0.063
-0.671
 0.919
 0.230
 0.789
 1.328
 0.481
-1.087
-1.443
 0.155
 0.310
 0.838
 0.650
 1.617
 1.259
-0.239
-0.611
-0.079
 0.246
-0.531
 0.803
 0.727
-0.230
-0.710
 0.438
 1.102
 1.463
 0.582
 2.045
-0.180
-1.505
-0.444
 0.555
 1.337
-0.309
-0.134
 0.721
 0.610
-0.028
-1.012
 0.353
-0.090
 0.805
 0.033
 0.947
 0.266
-0.418
 1.175
-0.608
-0.498
 1.307
-1.895
 1.807
 0.467
 2.179
 2.039
 0.159
 2.217
 1.507
 1.318
 2.133
 2.055
 1.128
-0.666
-1.031
 0.708
-1.948
 0.087
 0.836
-0.129
-0.259
-0.816
 0.663
 0.513
 0.311
 0.401
 0.537
-0.277
 0.700
 1.693
 0.517
-0.538
-2.045
-1.449
-0.302
 0.754
 0.448
-0.116
 0.601
-1.051
-0.802
 0.202
-0.488
 0.700
 0.413
-0.700
 0.191
 0.301
 0.004
 1.257
 0.310
 0.562
 1.631
 0.636
 0.635
-0.223
-0.152
-0.064
-1.082
 0.160
 0.384
 0.129
-0.180
 0.783
 0.794
-0.093
 0.581
 1.078
 0.397
-2.730
-0.845
 0.513
 0.110
-2.309
-0.577
 0.326
-0.113
 0.729
 0.344
-1.190
-0.117
 0.647
-0.354
 0.015
 0.991
 0.921
 0.341
 1.025
 0.388
 1.049
 1.704
 0.958
 1.074
-0.522
-0.303
-0.330
 0.102
-0.136
-1.952
-0.869
-0.562
-0.185
-0.249
-1.196
 0.328
-0.626
 0.022
-0.714
-1.624
-0.708
 0.048
 0.117
 0.874
-0.095
 0.250
-0.667
-0.219
 0.188
-0.213
-0.590
-0.660
-0.280
-0.455
-0.867
-0.946
-1.019
-1.149
-1.005
-1.376
-0.728
-0.083
-0.636
 1.139
-1.307
-1.648
-0.263
 0.043
-1.030
-0.317
 0.558
 1.061
 0.222
-0.411
 0.255
 0.367
-0.664
-0.513
-0.699
 0.446
-0.721
 1.310
-1.391
 0.117
-1.142
-1.194
-1.457
 0.405
-0.988
-0.094
-0.326
-0.868
-0.585
-1.487
-1.948
-1.451
-0.896
-0.572
-0.334
-0.751
-1.990
-1.198
-2.059
-1.720
-1.802
 0.428
 0.595
 0.470
-0.297
 0.043
 0.284
 0.157
 1.377
 0.989
 1.340
 0.914
-0.717
-0.240
 0.270
-1.106
 0.147
-0.166
-1.850
 0.950
 2.216
 1.875
 1.418
 1.046
 0.060
 0.924
 0.944
-0.360
-1.743
 0.213
-1.090
-0.775
 0.668
-0.165
 0.301
 0.568
 1.613
 0.679
 0.681
 1.907
 1.439
 1.279
 1.644
 1.311
 1.538
 0.777
 0.753
 1.464
 1.040
 0.731
 0.058
 0.258
 1.176
 0.844
 0.239
 0.711
 1.579
 0.698
-0.091
 0.919
 0.734
-0.552
 1.356
 0.027
 0.462
 1.487
 1.249
-0.291
 0.237
 0.644
 0.755
 0.922
 1.888
 0.422
-0.669
 0.571
 0.229
 0.205
 0.942
-0.532
-0.623
 0.489
 0.385
-0.243
 0.882
 2.673
 0.728
 0.888
 0.801
 0.029
 0.513
 1.312
 1.693
-0.098
 0.904
-0.228
 0.637
-1.054
-1.525
-2.021
 0.673
 1.822
 1.228
-2.382
-0.664
 0.083
-0.538
-0.151
-0.409
 0.426
-0.084
-0.400
 0.528
 0.213
-0.930
-0.831
-2.301
 0.010
-0.951
-0.442
-0.191
 0.147
-1.239
 1.010
-0.114
-0.081
 0.569
-0.020
-0.497
 0.653
 0.029
 0.833
 0.405
-0.451
 0.473
 0.739
 0.452
-0.066
 1.051
-0.359
-0.007
-0.844
-0.839
 0.817
-1.073
-0.048
-0.247
-1.453
-0.813
 0.921
-0.535
-0.020
-0.851
-0.359
 0.458
-0.802
-1.035
-1.118
-1.017
-1.023
 1.141
 0.537
 1.030
 0.681
-0.421
-0.344
-0.625
 1.133
 1.006
 0.150
 0.898
 0.581
 1.279
 0.220
 0.607
-0.274
-0.096
-0.451
 0.835
 0.251
 0.622
 0.774
 0.195
 0.219
-1.751
-0.071
-0.352
-0.277
-0.703
-0.605
 0.537
-0.700
-0.074
 1.328
-0.254
-0.088
-0.837
-0.850
 0.011
 1.273
 0.003
-0.118
-0.264
 0.807
-0.592
 1.133
 0.974
 0.665
 1.177
 0.624
 1.067
-0.356
-0.268
 0.313
 2.467
 1.874
 0.462
-0.779
-0.792
-1.158
-0.267
-0.825
-0.129
-0.403
-0.617
-0.921
-0.081
 1.396
 1.084
-0.917
-0.667
-0.510
-0.922
 0.961
 0.439
-0.774
-0.829
-0.502
-0.465
-0.469
-0.518
-0.848
-0.972
 0.291
 0.785
 2.117
 1.846
 3.204
 1.522
 0.297
-0.101
 0.057
 0.134
-1.024
-0.299
-0.281
-0.772
-0.542
 0.718
-0.995
-1.534
-2.323
-0.608
-1.354
-1.440
-2.408
-2.606
-1.148
-2.464
-0.883
-1.478
 0.035
-0.233
-0.970
-0.281
-0.552
-0.947
 0.359
-1.011
-0.658
-0.231
 0.373
 0.831
 0.824
-0.076
-0.666
-0.648
-0.948
-1.029
 0.426
-0.002
 0.689
 0.836
 0.434
-0.543
-1.872
 0.499
 0.254
 1.379
 1.731
 1.235
 1.232
 1.660
 2.108
-0.155
 0.267
 2.198
-0.086
-1.242
-0.048
-1.249
-0.493
-1.442
-1.149
-1.797
-1.652
 0.230
 0.147
 1.752
 0.597
-0.512
-0.351
-0.309
 0.835
-1.063
-1.314
 0.011
 1.649
 0.526
 0.453
 0.774
 2.106
 1.719
 0.084
 0.189
-0.351
-0.979
 0.499
-0.787
-0.250
 1.018
-0.358
 0.332
-0.556
-0.411
-0.677
-0.743
 1.617
 0.834
 0.118
 0.501
-0.159
 1.511
-0.151
 0.279
-0.514
-0.052
 0.259
-0.101
 0.814
 0.623
 1.115
 0.269
-0.612
-0.865
-0.718
-0.916
-0.642
-0.978
-1.464
-0.189
 0.152
 0.457
-1.283
-0.979
-0.498
-0.471
 0.471
-0.356
-0.901
-0.679
 0.199
 0.071
 0.695
 0.585
 0.232
-0.111
 0.952
 1.566
 0.388
 0.673
 0.219
 0.515
-0.246
-0.170
 0.466
 1.745
 0.902
 0.394
 0.492
 1.197
 1.643
 0.793
 0.469
 1.171
-0.350
 2.695
 0.983
-0.054
-0.451
-0.049
 0.262
-0.171
 1.072
 0.223
 0.392
 0.223
-0.398
-0.193
-1.126
-1.063
-1.583
-1.663
-1.098
-1.677
 0.571
-1.110
-0.975
-0.436
-0.667
-1.863
-2.101
-0.336
-0.325
-0.039
 0.545
 0.249
 0.800
-1.069
-0.016
 1.068
 0.791
-0.531
-1.375
-1.119
 0.777
-1.702
-1.325
-1.267
-0.842
-0.220
 0.370
-0.922
-0.925
-0.889
-0.676
-1.299
-1.285
-2.083
 0.483
-0.144
-0.363
-0.488
-1.435
 1.082
 0.779
 0.341
 0.366
 0.005
-1.378
 0.085
 1.081
-0.932
-0.169
-0.098
 0.364
-1.017
 1.910
 1.581
 1.235
 0.641
-0.928
-0.016
 1.362
 1.031
 0.431
-0.342
-0.366
 0.647
-0.257
-0.459
-1.000
-0.345
-0.054
 0.981
 0.044
-0.673
-1.461
-0.584
 1.073
 1.420
-0.401
-0.545
 0.716
 1.476
 0.762
 0.670
 0.764
-1.287
-0.959
 1.396
 0.188
 1.278
-0.072
 0.785
 1.170
 2.372
 0.967
 0.509
 1.278
 0.568
-0.306
 0.906
 1.046
 1.170
 0.286
-0.905
-0.039
-0.355
 0.329
 0.629
 0.183
-1.793
 1.134
 0.712
-1.511
-1.051
-1.822
-0.005
-0.733
 0.409
-0.978
 0.067
-0.927
-0.186
-0.677
-0.445
 0.407
 0.132
 0.350
 0.212
-0.163
-0.265
-0.619
-1.827
 0.740
 0.995
 0.068
 1.839
 1.076
-0.743
 0.097
 0.976
 0.265
-1.223
 0.514
-0.817
 0.596
 1.076
 1.288
 0.353
 0.847
 1.845
 1.173
 0.051
 0.660
-0.608
 1.049
 0.029
 0.934
 1.537
 1.416
 1.019
 0.186
 0.291
 0.072
 0.350
 1.073
 0.871
 0.724
 0.504
-0.148
 1.707
 0.862
-0.285
-1.014
-1.093
-0.295
 0.311
 0.999
 0.223
-0.818
-2.407
-0.154
-0.628
-0.489
-0.101
-0.861
-1.565
-1.737
-0.626
-0.399
 1.153
-1.166
-2.263
 0.017
 0.254
 0.741
-0.428
 0.067
 1.672
 1.646
 0.817
-1.628
-0.977
-0.261
 1.343
-0.003
 0.482
-1.720
-1.697
-0.597
 1.072
 1.302
 1.830
-1.023
-0.387
 0.415
-0.435
 0.250
 0.013
 1.298
 0.760
 0.063
 0.621
 0.052
 0.756
-0.517
-1.922
 1.652
 0.882
 1.738
 0.471
 0.349
 0.226
 1.798
 1.168
 1.802
-0.801
-0.260
 0.096
-0.020
 1.233
 0.648
-0.200
-1.542
 0.241
 0.906
 0.783
-1.187
-0.186
-0.324
 0.357
-0.290
-0.054
 0.865
 0.125
-0.083
 0.154
-0.226
-0.314
-0.425
-1.002
-0.796
 0.024
-0.355
 0.449
 0.495
-0.391
-0.367
 0.173
-0.381
 0.174
 0.210
-0.242
 1.498
 0.838
 0.074
-0.448
 0.065
 0.316
 1.764
 1.252
 1.636
 1.124
 0.169
-0.152
-1.030
-0.376
 0.302
 0.067
-0.713
 0.231
 1.581
 0.091
 3.045
 1.907
 0.362
 1.005
 2.116
 0.561
-0.214
 0.011
 1.366
 0.472
-0.066
-0.685
 1.413
 1.433
-0.020
 1.399
 1.860
 0.676
 0.466
 0.134
 1.139
-0.345
-0.705
-1.139
-1.164
 1.015
-0.423
-1.042
 1.742
-0.110
-0.200
-1.037
-1.351
-1.350
 0.289
-1.586
-0.667
-0.083
-1.940
-0.813
-2.808
-2.409
-1.203
-0.844
-0.905
 0.984
-0.068
-0.071
 0.387
-2.071
-0.996
-1.214
-2.012
-1.545
-1.341
-0.658
-0.961
-0.303
-1.134
-0.187
-0.422
 0.671
-1.338
 0.643
 0.170
 1.559
 0.401
-0.007
-2.046
-1.015
-1.248
 0.990
-0.519
-1.151
-2.471
-2.380
-1.926
 0.252
 1.063
-0.530
 0.362
 0.361
-0.190
 0.559
-0.405
-1.742
-1.546
-1.421
-2.456
-0.853
-1.103
-1.146
 0.224
-0.630
 0.386
-0.878
-2.103
-1.128
-1.064
-0.752
-2.225
-1.450
-1.482
-3.049
-1.200
-0.824
 0.555
-0.007
-0.007
 0.738
-0.538
-1.321
 0.701
 0.345
-2.169
-0.659
-1.562
 0.300
-1.094
 1.073
 1.484
 0.227
 1.000
-1.404
 1.705
 1.092
-0.319
 0.633
 0.391
 1.163
 0.781
-1.246
-0.807
-0.066
-0.311
 0.100
-0.854
-1.257
-2.048
-0.697
-0.433
 0.583
-0.566
-1.401
-0.479
-0.573
-0.239
 0.512
 0.518
 0.491
-0.900
 0.741
 0.447
 0.292
 0.606
 0.845
 0.372
-0.567
-0.256
-0.185
-0.873
-0.405
-0.884
 0.156
 0.494
 1.108
 1.027
 0.748
-0.706
-0.050
-1.353
-1.465
-1.531
 0.592
-0.375
-0.068
 1.670
 1.480
 1.425
 0.851
 0.256
-1.849
 0.747
 2.081
 0.013
 0.167
-0.360
 0.877
 0.988
-0.231
 1.437
 1.196
-0.189
-0.546
 2.360
 0.628
 0.998
 1.345
 0.744
 0.803
 2.638
 1.923
 0.167
 1.091
 0.608
 0.491
 0.240
 0.724
 1.949
 1.042
 0.168
-0.179
 1.134
 1.626
 0.629
 0.317
 0.151
 2.039
 0.666
-0.244
 0.446
 1.594
 1.085
 3.377
 2.674
 3.347
 3.772
 2.854
 1.829
 1.192
 2.629
 1.043
 0.180
 0.647
 1.491
-0.114
 1.335
 2.442
 1.465
 0.226
 2.373
 1.663
 0.693
-0.097
 0.392
 0.852
 1.257
 0.875
 1.310
-1.144
 0.529
 0.761
 1.759
 0.641
 0.862
 0.007
-1.151
-0.029
 0.249
-0.835
 0.786
 1.237
-0.183
 0.756
 1.645
 2.113
 0.036
-0.298
-0.521
 0.734
 0.426
 0.478
-1.275
-1.726
 0.600
 0.842
 0.235
-0.993
-0.424
 0.906
 0.390
 1.161
 0.908
 1.867
 0.541
 1.355
 0.623
 1.617
-0.140
-0.612
-0.233
-0.938
 0.840
 1.048
-0.085
 1.244
 0.340
 1.484
 0.823
-1.131
-0.097
 1.284
 0.792
 0.295
 1.365
-0.129
-0.040
-0.328
-0.498
 0.032
-0.327
-1.000
 1.738
 0.079
 0.269
 0.759
 0.852
 2.979
 0.755
 2.405
 2.886
 1.623
 1.002
 0.831
 2.870
 0.396
 1.132
 0.428
 0.854
 0.552
 1.311
 1.183
 2.397
 0.034
 0.741
-0.398
-0.083
 1.550
 1.808
 0.352
 0.435
 0.596
-0.717
-0.415
 0.408
 0.034
 2.268
 1.228
 0.244
 0.478
 1.018
 2.425
 0.889
 1.541
 1.467
 2.491
 1.542
 1.643
 1.563
 2.816
 3.725
 2.515
 0.946
 2.194
-0.284
 2.079
 1.142
 1.803
 0.025
 0.544
 0.132
 0.405
 1.116
 2.254
 0.925
 1.211
 0.435
 1.744
 2.066
 1.161
 1.338
 0.778
 1.219
 0.241
 1.871
 1.070
 1.260
-1.504
-0.911
 0.002
 1.044
 0.597
 1.884
 1.486
 0.896
 0.994
 0.215
-0.825
 0.930
-0.564
 0.984
 1.120
 2.404
 0.899
 1.419
 1.053
 0.573
 0.871
 0.821
-0.167
 1.604
 2.981
 0.996
-0.487
 0.471
 1.210
 0.253
 1.630
 1.734
 0.785
 0.145
 0.340
 0.681
-1.044
-0.053
-0.115
-0.167
-1.535
 1.404
 0.701
 0.814
 1.150
 0.796
 0.584
 0.585
-1.031
 1.611
 0.901
-0.487
 1.399
 0.284
 1.691
 0.744
 0.509
 1.502
-0.086
 0.943
 0.990
-0.137
-2.279
-0.427
-0.492
-0.772
 0.050
 0.521
 0.806
 1.138
 0.188
 0.525
 0.921
-0.111
-1.195
-0.903
-0.603
 0.145
 1.101
 0.818
 0.898
 1.463
 0.733
 0.712
 0.611
 0.468
 1.199
 1.281
 1.516
 0.636
-0.015
-0.219
 0.444
 0.642
-0.238
 0.508
 0.841
-0.527
-0.547
 2.074
 0.430
 1.522
 0.261
 1.346
 1.050
 1.321
 2.529
 3.102
 1.654
 2.515
 0.471
 1.648
 2.753
 0.641
 1.265
 1.151
 0.475
 0.240
 0.513
 0.634
 1.596
 0.276
 1.439
-0.274
 0.494
 0.548
 0.255
-0.077
 0.249
-0.043
 0.496
 1.138
-0.556
-0.447
 1.490
-0.117
 0.601
-0.435
 0.473
-1.095
 0.643
-0.116
 0.806
 0.236
 0.255
-0.960
-1.093
 0.653
 0.070
-0.565
-0.529
 0.974
 1.223
 1.007
-0.559
-0.409
 0.077
 0.239
-0.242
-0.346
-1.003
 0.045
-0.803
 1.636
 0.688
 0.288
 0.238
 1.116
 3.151
 2.224
 1.022
 0.735
-0.400
 0.278
 0.213
-0.250
 0.065
 0.306
-0.241
 0.298
 0.151
 1.340
 0.836
-0.806
 0.737
 0.459
 0.671
 0.180
-0.224
 0.492
-0.357
-0.155
 0.414
 0.962
-0.276
 0.723
 0.326
 2.382
 1.946
-0.173
 2.778
 2.326
 2.739
 1.503
 1.359
 0.344
-1.434
-0.058
-1.557
-0.734
 0.754
-0.111
 0.510
 1.097
-0.471
-0.440
 2.247
 0.154
-0.212
-1.175
 1.330
 0.915
 1.588
 1.322
 2.007
 2.661
 3.764
 2.016
 1.294
 1.649
 1.074
 1.877
 1.769
 2.598
 1.287
 2.679
 1.481
 3.347
 2.345
 1.707
 1.121
 1.898
 1.687
 1.815
-0.534
-2.058
-0.033
 0.687
-0.765
 0.902
 0.362
-0.221
 0.301
 0.136
 1.490
 1.546
 1.004
 0.733
-0.017
 1.212
 0.785
-0.621
 0.991
 1.228
-0.766
-0.068
-0.412
 0.673
 0.407
 0.423
-1.324
-1.336
 0.450
-1.323
 0.508
 0.650
-0.359
 1.165
 0.313
 0.437
 1.519
 0.695
 0.705
-0.420
-0.181
 0.326
-0.034
-0.380
 0.524
-0.392
-0.430
 1.233
 1.677
 2.161
 2.757
 2.045
 1.686
 2.547
 1.346
 0.698
 0.765
-0.051
 1.463
 0.446
 1.462
 1.662
-0.221
-1.040
-0.043
-0.275
 0.117
-0.023
-0.789
 1.263
 0.240
 0.703
 0.708
 1.633
 1.862
-0.436
-0.710
-0.195
 1.583
 0.345
 0.831
-0.278
-0.322
 1.101
 1.417
 0.942
 2.080
 1.038
 1.767
 1.126
 1.090
 1.277
 0.008
 1.377
 2.580
 0.867
 0.059
-0.672
-0.085
 1.759
 1.487
 0.526
 0.464
 0.927
 0.272
-0.350
-1.496
-0.638
 0.244
 0.505
 0.313
 1.203
-0.360
 1.591
 1.135
 0.283
 0.470
 0.043
 1.000
 0.884
 1.253
 0.068
-0.089
 0.679
 0.392
-0.904
 0.434
 1.062
 1.451
 2.611
 1.042
 1.241
 0.623
 2.888
 1.839
 1.302
 1.843
 2.399
 2.592
 1.739
 1.760
 1.440
 1.207
 0.568
 1.900
 1.811
 0.979
 0.211
 0.391
-0.729
-0.035
 0.254
 0.184
 1.589
 0.141
 2.101
-0.547
-2.085
-1.434
-0.331
-1.036
-0.697
-0.201
 0.988
 1.238
 0.243
-0.059
-1.178
-0.697
-1.129
 0.606
-0.042
 0.946
 0.916
-1.367
-0.011
-0.046
 0.007
 1.241
 0.314
 0.017
-0.717
-0.101
 0.586
 0.477
-0.783
-1.207
 0.091
-0.799
 0.257
-1.031
-0.503
 0.546
-0.532
-0.380
-1.141
-1.258
-1.276
 0.268
-0.137
-0.961
-1.433
-0.018
-0.169
-0.322
-0.449
 0.391
-0.277
-0.053
 0.392
 1.511
 0.281
-0.623
 0.106
 0.575
 0.927
 0.348
 0.168
 1.092
 1.063
 0.150
 0.986
-1.167
 0.536
 0.034
-1.350
 0.255
-0.741
-0.713
-0.789
-0.219
-0.299
 0.518
-0.146
 0.492
-0.455
 0.422
-0.575
-0.054
-0.132
 0.118
 0.571
 0.713
-2.596
-1.313
-0.602
-0.226
 1.310
-0.304
-0.941
-1.045
-0.666
 0.250
-0.567
-2.537
-0.996
 0.025
-0.144
 0.215
 0.230
-1.674
 0.132
 0.642
-0.352
-0.052
-0.185
-2.635
-0.556
-0.252
-0.314
-0.388
-0.014
-0.097
 0.397
 2.187
 0.720
-0.734
 0.812
-1.102
-0.765
-0.072
 0.565
 0.533
-0.609
-0.629
-0.202
-0.012
 0.599
-1.084
 0.366
 0.497
-0.135
-0.218
-0.857
 1.193
-1.322
-0.139
 0.340
-0.438
 0.328
-0.483
 1.864
-0.075
-0.621
-0.556
-0.758
-0.192
 0.351
-0.734
 0.536
 0.423
 0.077
 0.135
-0.556
-1.910
-3.074
-0.023
 0.828
 0.333
-1.166
-0.286
-0.936
 0.945
-0.873
 0.144
 0.169
 0.123
-0.988
 0.222
-0.021
 0.894
-0.840
 0.345
 0.836
 0.226
 0.863
 1.774
-0.158
 1.061
 0.994
 0.719
 0.251
-1.778
-1.985
-0.313
-0.760
-1.449
 0.024
-0.309
-1.612
-1.122
-1.904
-3.293
-2.992
-1.429
-2.444
-0.232
-0.512
-0.705
-1.781
-1.166
-0.467
 0.539
-1.143
-1.963
-1.435
 0.611
 0.224
-1.229
-0.446
 0.281
 0.153
-1.611
 0.159
-2.175
-2.131
-0.708
-0.251
-1.319
-1.561
-0.129
-0.986
-0.125
-0.222
-0.719
-0.077
-0.315
-0.276
 0.736
-0.256
 0.985
 0.762
 1.094
 0.646
 0.512
-1.036
 2.136
 0.841
 0.854
 1.532
 1.262
 0.641
 0.886
-0.575
-2.088
-0.555
-0.631
-0.989
-0.854
-1.423
-0.851
 0.046
 1.842
 0.188
 0.896
 0.468
 1.606
-1.086
 0.505
 0.842
-0.105
 0.875
 0.309
-2.899
 0.224
-1.399
-0.101
-0.423
-0.375
-1.302
 0.352
-0.034
-1.017
 0.261
 0.828
 1.053
 1.183
-0.062
-0.150
-0.923
-0.170
 1.328
 1.072
 0.894
 1.216
 1.683
 1.170
 1.908
 0.469
 0.559
 0.430
 0.823
 1.811
 1.261
 0.515
-0.457
-0.573
 1.219
 2.323
 1.122
-0.541
-0.892
 0.416
 1.348
 1.604
 2.228
 1.675
 1.672
 0.954
 1.556
 1.331
 0.630
 0.279
-0.866
-0.898
-0.798
-0.728
 0.492
 1.004
-1.249
 0.015
-0.158
 1.318
 0.682
 0.214
-0.589
-0.989
 0.568
 0.939
 1.034
 1.953
 0.155
-0.055
 0.271
 0.890
 0.584
 0.376
 0.884
-0.798
-1.704
 0.123
-1.528
-0.893
 0.243
 1.317
 1.297
 1.653
 0.874
 1.182
 1.568
 1.381
 1.128
 1.308
 1.845
 0.063
-0.035
 0.387
-0.538
 0.001
 0.295
 1.271
 1.774
 1.812
 1.558
 1.064
 0.062
-0.484
 0.490
 1.306
 0.924
 1.512
 2.369
 0.426
 1.698
 1.252
 1.208
 0.417
-0.331
-0.510
-1.014
 0.075
 0.323
 1.649
 1.095
 1.514
 0.291
 0.687
 0.802
 1.664
 0.097
 0.469
 1.049
 0.945
 0.907
 0.158
 0.494
 0.564
-0.026
-1.474
 1.073
 0.182
 2.282
 0.019
-0.990
-0.286
-1.025
-0.590
 1.116
-0.353
 0.531
 0.167
 0.940
 0.215
 0.036
 0.650
 1.130
 0.453
-0.952
-0.489
 0.698
-0.697
-0.069
 0.581
-0.265
 0.325
-1.122
-1.370
-0.198
-0.208
-0.438
-0.212
 1.013
 0.023
 0.403
-0.676
-0.493
 0.056
 1.675
 2.537
 0.349
 1.074
 1.062
-0.877
-1.006
-1.008
 0.981
 1.795
 0.707
 0.039
-0.442
 0.487
 0.957
 1.125
 1.683
 0.408
-0.808
-0.443
 0.320
-1.107
-1.738
-0.602
-1.406
 0.334
-0.232
-1.073
 0.831
 0.519
-1.216
-1.050
 0.195
-0.127
-1.335
-1.468
-2.429
-1.367
-2.298
-1.283
-0.668
-1.801
-1.282
-1.135
-1.200
 0.044
-1.992
 1.038
-0.126
-0.801
-2.506
-2.196
-0.416
-1.227
-1.205
-1.461
-1.066
-0.065
-1.539
-0.042
-1.256
-0.128
-0.259
 0.110
 0.717
 1.232
 2.431
-0.554
 1.096
-0.735
 1.113
 1.406
 0.004
 0.316
 1.119
 0.128
 0.419
 1.271
-0.438
-0.751
-1.848
-1.426
-0.434
-0.288
-0.705
-1.231
-1.292
-0.771
 0.824
 0.003
-1.505
-1.466
-1.374
 0.203
 1.069
 0.066
 0.272
 0.639
-0.307
-0.133
-0.841
 0.043
-0.030
 0.646
 0.611
 0.259
 0.022
 0.161
 0.443
-1.709
-1.034
-1.258
-0.356
-0.973
-0.901
-1.541
-1.994
-0.470
-0.385
-0.571
 0.011
-0.009
 0.437
 1.127
 0.841
 1.415
 2.385
 0.446
-0.061
-1.504
 0.798
-1.317
-0.798
-0.578
-1.794
-1.409
-0.579
-0.291
-0.478
 0.416
-0.426
-1.235
-1.683
-1.927
-2.383
-0.543
-0.964
-0.285
-1.653
-1.503
-1.286
-1.508
-0.347
-0.721
-0.420
-0.651
-2.550
-0.222
-0.731
-1.417
-1.021
-1.496
-1.196
-1.357
-0.953
-1.496
 0.498
-1.774
-1.241
 0.300
-0.164
-0.090
 0.073
 1.006
-0.697
-0.943
-2.038
-0.926
-1.187
 0.071
 0.354
-1.542
-0.993
 0.643
 0.017
-0.103
-0.288
-1.169
-1.375
-0.325
 0.917
-0.701
 0.533
-0.577
 0.182
-0.216
-0.619
 0.937
-0.765
-1.207
-1.245
-0.504
-1.210
-0.676
 0.429
-0.467
-1.177
-1.269
-0.963
-1.084
-0.445
-2.007
-0.039
-0.437
 0.670
 0.944
-0.836
-1.402
 0.951
-0.183
-0.191
-0.172
-0.869
 0.744
 0.290
 1.123
-1.855
-0.454
-0.034
 0.032
 0.249
 0.479
 0.132
 0.333
-0.239
 0.138
-0.608
-2.340
-0.789
-0.847
 0.965
 0.535
-0.335
-0.611
-0.668
 1.258
-1.538
-1.239
-0.947
-1.268
-1.834
 0.104
-0.171
-0.238
-0.624
-1.144
-0.456
 0.849
 0.039
-0.118
 0.031
-1.439
 0.370
-0.358
-0.304
 0.178
 0.958
 1.916
 0.253
 0.275
-0.561
 0.134
 0.233
-1.041
 0.074
 1.157
-0.711
 1.035
-1.150
-2.201
-1.492
-0.944
-0.605
-1.129
-1.770
 0.068
-0.480
-0.245
-0.772
-0.906
-1.278
-1.288
-0.980
 0.140
 0.089
 0.687
-0.017
-1.792
 0.179
 0.438
 2.076
 2.926
 1.458
 1.178
 1.751
 0.975
 0.750
 0.715
 0.898
-0.869
 0.008
-1.137
-0.267
 0.035
-0.704
 1.704
 2.151
 0.974
-0.142
-1.724
-1.411
-1.137
-0.792
 0.670
 0.399
 0.350
-0.430
 0.643
-0.267
-0.900
 0.281
 0.015
-0.442
 1.887
 0.541
 0.780
 0.885
-1.655
-0.567
-1.562
 0.260
-0.696
-0.959
-1.437
-0.305
 0.709
 0.630
 1.661
-0.776
-0.517
 0.158
 0.408
 0.262
 1.230
 0.258
 0.544
-2.181
 0.346
 0.266
-0.889
-0.326
-0.141
 1.541
 0.232
 0.947
-0.087
-0.251
 1.808
-0.208
 0.031
 0.697
 1.584
 2.196
 2.013
-1.073
 0.017
-0.279
 0.393
 1.946
 0.650
 1.174
 1.803
 1.272
 1.419
 0.494
 0.307
 0.055
 1.482
 0.410
 1.245
 0.831
 0.797
 1.352
 0.889
 1.634
 0.796
-0.841
 0.695
 0.245
-0.316
 0.039
-0.154
-0.494
-0.459
-0.202
 0.883
 2.006
 1.154
 1.756
 0.761
 0.580
 0.447
-0.877
 1.714
 0.077
 2.055
 0.197
-0.613
-0.638
-0.084
 1.530
 1.042
 0.616
 0.108
-0.147
-0.188
 0.230
 0.431
-0.748
-1.237
 0.825
 0.214
-0.120
 0.008
-0.668
-1.034
-0.848
-0.199
-0.362
-1.474
-0.491
-0.929
 0.042
-0.665
-0.563
-0.175
 0.318
-1.124
-0.685
 0.311
 0.797
 0.755
 1.196
 0.854
-0.604
 0.036
 1.454
 0.687
-1.186
 1.412
 1.978
 1.073
 0.610
 1.125
 1.496
 1.008
 1.167
 0.732
 0.928
 0.386
 0.712
 0.262
-0.806
 0.091
-0.627
 0.318
-0.320
 0.397
 1.298
-0.954
 0.137
 1.647
 1.393
-1.162
 0.561
 0.478
-0.143
 0.437
-0.064
-0.598
-0.853
 0.368
 0.506
 0.120
 0.037
 0.703
-0.416
-0.385
-0.436
-0.327
 0.386
-1.171
-0.948
 0.996
 1.002
-0.576
-0.300
-0.701
 1.291
 0.770
 0.258
-0.569
-0.087
 1.093
 1.778
 0.201
 0.535
 0.798
 0.328
 0.668
 0.743
 0.020
-0.015
 0.627
 0.057
-0.606
-1.491
-0.849
-0.845
-1.524
-1.126
-0.760
-0.224
 0.033
 0.846
-0.423
-0.623
-1.140
-0.945
-1.085
-0.683
-1.122
-0.461
-0.141
 0.492
-0.281
 0.368
 0.381
-0.829
-0.567
-0.263
-0.184
-0.685
 1.882
 0.068
-0.340
 0.203
-0.190
 0.874
 1.285
 2.546
 1.871
 0.278
-0.264
 1.295
 0.305
 0.002
-0.621
 0.455
 0.907
-0.348
 0.551
 1.627
-1.151
-0.209
 1.337
 0.324
 0.008
 0.846
-1.310
-0.550
-0.208
-0.551
 0.424
 0.016
-0.323
-0.232
 0.073
-0.362
 1.406
 0.701
 1.982
 0.294
-1.287
 0.761
-0.341
 0.117
-0.422
-0.508
 0.512
 0.439
 0.361
 0.606
-0.944
-1.022
-0.855
 0.399
-0.278
 0.627
 0.484
-0.335
-1.360
-0.059
 1.085
 1.734
 1.154
 0.494
 0.374
-0.727
-0.930
-0.551
-0.750
-0.232
 1.217
 0.326
-0.336
 0.884
 0.085
 1.430
 1.371
 0.890
-0.176
-0.510
-0.377
 1.598
 1.216
-0.859
-1.434
 0.668
-0.377
-0.162
 0.574
 2.621
 1.588
 1.091
 1.450
 0.588
 0.997
 1.536
 0.682
 3.181
 2.661
 2.662
 1.029
-0.557
 0.174
 0.826
-0.188
 0.330
 0.146
 0.798
 0.459
 1.889
 0.322
 1.306
 0.608
-0.283
 0.738
 0.747
-0.723
-0.233
 0.249
 2.503
 2.416
-0.778
-0.002
-0.574
 0.932
 1.340
-1.040
 1.042
 1.548
 0.431
 2.132
 1.746
 0.918
 0.859
 0.439
 0.950
 2.633
 2.063
 1.607
 1.809
 1.619
 0.498
 0.301
 0.606
-0.162
 0.238
 1.817
 1.869
 1.228
 0.975
 1.785
 0.201
 0.393
 1.747
 0.094
 0.375
 0.733
 0.814
-1.464
 0.053
 0.052
 1.513
-0.384
-1.219
 0.136
-0.330
-1.234
-0.052
-1.181
-0.763
-0.313
 0.564
 0.033
 0.419
-1.040
 0.313
 0.276
 0.499
-0.733
 0.788
-0.251
 0.466
 0.736
-0.375
-2.236
-0.378
 0.155
-1.285
-0.406
 1.112
 0.211
-0.666
 0.980
 0.538
 0.874
 0.405
 1.678
 2.495
 1.504
 1.109
 0.951
 0.469
 0.378
 1.321
 0.887
 0.340
-0.896
-0.921
-0.580
 1.773
 2.044
 0.657
 0.934
 0.089
 1.165
 0.716
 0.279
 1.556
 0.225
 0.290
 0.687
 2.139
 1.622
 0.546
 0.969
 0.472
 1.368
 0.931
 0.183
-1.810
-0.587
 1.222
 1.936
 1.562
 1.428
 1.579
 1.163
 1.237
 0.116
-0.066
-0.285
 1.543
 1.867
 0.811
-0.036
 1.507
 0.320
 0.291
-0.720
 2.261
 2.693
 1.806
 0.044
 0.443
 1.584
 0.994
 0.526
 1.076
-1.112
 0.963
 0.053
-0.861
 0.266
 1.310
 1.035
 0.880
-0.179
 1.481
 0.635
-0.978
 0.933
-0.049
 2.822
 1.450
 2.371
 0.517
-0.702
 0.366
-0.683
 0.367
-1.633
-0.401
-0.323
 0.686
-0.666
 0.107
 0.650
-0.338
-1.121
-0.272
-2.522
-2.134
-0.117
 0.138
-0.162
-0.125
-0.382
-2.522
-1.952
-0.682
-0.132
 0.443
 0.054
 0.882
 0.156
 0.482
 0.768
 1.114
 1.138
 0.939
 1.387
-0.830
-1.368
 0.580
-0.607
 0.693
-0.054
-1.256
-1.605
-0.712
-0.946
-0.284
-1.343
-1.175
-1.084
-0.870
-1.263
-0.235
 0.174
-0.007
 1.227
-0.771
 0.084
 0.333
 0.535
 0.436
-0.017
-1.455
-0.933
 1.276
 0.474
-0.615
 0.290
-0.468
-0.793
-0.909
 0.409
 0.446
-0.120
-0.325
-0.759
-0.223
 0.644
 0.754
-1.860
 0.730
 0.941
 0.077
 0.274
-0.084
-0.806
-0.362
 0.774
-0.047
-0.023
 0.272
-0.275
 1.066
-0.559
-0.569
 0.329
-0.738
-0.228
-0.794
 0.975
-0.145
-0.185
 0.395
 0.026
-0.659
-0.999
-1.399
-0.323
 0.477
-1.642
 0.401
 0.583
 0.040
-0.686
 0.802
-0.505
 0.300
 0.577
 0.628
-0.347
 0.530
 0.980
-1.120
-0.007
 0.880
 1.462
 0.705
-0.421
 0.152
-0.074
 0.025
 0.602
 0.372
 0.418
 0.214
-0.525
-0.140
-1.174
-2.309
-1.684
-0.929
-0.943
-0.564
-0.201
-0.330
-1.293
-0.448
 1.276
-0.341
-1.080
 1.173
-1.332
-0.118
-1.182
-0.806
 0.394
 0.428
 0.034
-0.167
 0.198
-1.802
-0.745
 0.445
-0.189
-0.486
-0.824
 0.327
 0.628
 0.281
 0.788
-0.226
-2.245
-0.691
 1.747
 1.896
 0.225
 0.833
-0.168
-0.939
-1.261
-0.146
 0.269
 0.538
-0.238
-2.095
-1.089
-0.029
-1.396
-1.108
 0.455
 0.218
 1.413
 1.142
-0.614
 0.041
-0.167
 0.381
-0.175
-0.461
-0.096
-0.436
-1.458
-0.414
 0.804
 2.329
 0.648
 1.979
 1.693
-0.275
 0.535
-0.530
-1.231
-1.489
 0.079
-1.512
-1.478
-0.614
-0.337
-0.682
 0.710
-0.699
-0.456
-2.295
 0.546
-1.708
-1.682
-1.531
-0.095
-0.366
 0.244
-1.174
-0.167
-0.815
-2.675
-0.952
-0.633
 1.311
 2.149
 0.196
-1.621
-0.167
-0.252
-1.314
 0.607
-0.182
 1.013
 0.703
 0.419
 1.195
 0.545
-0.115
-0.641
-0.718
 0.887
 0.787
 1.530
 1.389
 1.977
 1.133
 0.004
 1.508
 0.602
-0.015
-1.117
 1.452
 0.199
-0.273
 0.596
-1.540
-0.026
-0.557
-1.716
-0.296
 0.885
 2.113
-0.388
-0.115
 0.876
 1.384
 0.838
 0.614
-0.072
 0.094
-0.311
 0.529
 0.974
-0.933
 0.634
 1.816
 1.209
 2.251
 1.814
 1.184
-0.891
-0.454
 0.472
 0.182
-0.105
 0.159
 1.861
 0.280
 0.715
 1.550
 0.193
-0.385
 0.358
 0.728
-0.409
 0.093
 0.462
 1.158
-1.307
-0.141
-0.866
-0.892
-0.398
-0.835
-0.753
-0.383
 1.214
 0.872
 0.453
-0.414
-0.106
 0.845
 0.173
-0.064
 1.001
-0.270
 0.007
-0.305
 1.832
 0.954
-0.615
-1.219
 0.104
 0.037
 0.000
-1.562
-0.255
 0.213
 1.384
 0.073
-1.400
-0.602
 1.587
 2.839
 2.070
 1.407
 1.571
 1.092
 0.237
-0.058
-2.036
-0.548
-0.234
 0.628
 0.176
 0.502
 0.029
 0.258
-0.993
-0.716
-0.656
 0.869
 0.771
-0.110
-0.750
-0.071
-0.549
-0.817
-0.526
-1.010
-0.821
 0.934
 0.269
 0.614
 0.117
 0.778
-0.794
-0.383
-0.690
-0.733
-1.528
-0.085
-1.286
-1.772
-2.273
-1.946
-1.479
 0.776
-1.043
-0.007
-0.124
-0.694
-0.233
 0.606
 0.101
-0.296
 0.617
 0.861
 0.473
-1.298
 0.075
-2.521
-1.053
 0.351
-1.135
 0.294
-0.602
-1.379
-1.081
-2.115
-1.780
-0.966
-1.160
-2.059
-2.151
-0.801
-1.003
-2.403
 0.323
-0.560
-1.064
-0.829
-0.094
-0.493
 0.698
 0.266
-1.203
-1.153
 0.037
-0.271
-0.240
-1.540
-0.095
-0.320
-0.393
 0.143
-0.821
-1.966
-2.887
-0.978
-0.934
-0.508
-1.882
-0.477
 0.700
-0.873
-0.921
-0.823
-0.884
 0.354
-2.660
 0.063
-0.665
-0.995
 0.317
-0.616
-1.532
-0.657
-0.180
-0.968
-1.153
 0.812
 0.445
 0.105
-0.314
 0.283
 0.799
-0.210
 1.311
 0.124
 0.157
 1.303
 0.059
 1.116
 0.708
 1.365
 1.592
 0.772
 0.525
-1.273
-0.361
 0.552
 1.262
-0.386
 0.698
-2.055
-1.853
-1.790
-0.323
 0.016
-0.749
 0.996
-0.309
 0.234
 1.209
 0.842
 1.205
 0.127
-0.742
-0.505
 0.769
 0.168
 0.610
-0.473
-0.904
-1.049
-1.063
-0.470
-0.222
 0.208
 0.053
-0.561
 1.061
 0.336
-1.410
-0.297
-0.641
-0.694
 0.876
-0.831
 1.731
-0.414
-1.404
-1.250
-1.105
-0.431
 1.229
 1.299
 1.237
 0.630
 0.275
 0.369
 0.202
 0.099
-1.898
-1.440
-0.058
-0.083
 0.170
-0.550
 0.258
 1.432
 0.619
 0.065
-0.185
 0.781
 0.574
-0.947
-1.271
 0.279
 1.101
 1.376
-0.374
-0.801
-1.049
-0.685
 1.052
 1.458
 0.015
-1.363
-0.364
-0.904
 0.768
 0.062
-0.125
-1.112
 0.327
 1.128
-0.634
 0.735
-0.784
-0.245
 0.831
 0.617
-0.115
-0.283
-0.607
-0.578
-0.996
-1.633
-2.260
-1.713
-0.233
-0.359
-0.366
-1.707
-0.598
-0.097
-0.711
-1.090
-0.955
-0.632
 0.188
-0.554
-0.250
-1.915
 0.031
-0.981
 0.677
-0.445
-0.376
-0.165
-0.233
 0.916
-0.626
 0.423
 0.139
-1.558
-1.178
-0.251
 0.353
 0.231
 0.186
-1.260
 0.003
-0.906
-1.493
-1.363
-2.774
-0.509
-0.202
-0.332
 0.036
-0.896
-1.170
 0.144
 1.048
-0.215
 0.188
-0.018
 0.533
 0.979
-0.685
-0.739
-1.537
-0.870
-1.792
-0.737
-0.452
 0.096
 0.550
-0.142
-0.288
-0.207
 1.683
 0.640
 0.663
-0.476
 0.687
 1.280
 0.229
 0.497
 2.005
 0.352
-0.498
-1.008
 0.376
 1.956
 0.897
 0.237
-0.285
 0.348
 1.121
 1.758
 2.304
 0.348
 1.500
 0.968
-0.374
 0.156
 1.163
 0.962
 0.431
 2.166
 1.694
 0.800
-0.028
 0.575
-0.454
 1.384
 1.426
 0.201
-0.021
 0.260
 0.055
-0.760
-0.859
-1.196
-0.274
 0.851
 0.335
 0.911
 0.587
-0.659
-0.653
 0.953
 0.211
-0.278
 0.337
-0.378
-0.071
 1.312
 1.502
 1.458
 0.036
 0.981
 0.543
-0.865
 0.324
 0.442
 1.779
 1.649
 1.114
-0.430
-0.383
-0.029
-0.044
-0.643
-1.050
-0.694
-2.840
-1.320
-0.827
-0.580
-0.841
-1.444
-1.152
 0.285
-0.771
-0.843
-1.041
-1.101
-2.159
 0.064
 0.008
-1.310
-0.112
-0.422
-0.011
 0.115
-0.179
 0.215
 0.210
 0.386
 1.563
 1.528
-0.491
-0.170
-1.118
-2.261
-2.052
 0.207
-1.721
-0.547
-0.015
 1.128
 1.519
 0.706
-0.421
-0.696
-0.439
 0.488
 0.632
 0.189
 0.545
-0.174
-0.591
-0.184
 0.568
 0.400
-0.396
-0.633
 0.807
 0.799
 0.036
-0.211
-0.667
-0.366
-0.538
 0.617
 0.204
 0.076
 0.337
 0.120
 0.868
-0.153
 0.243
-1.019
 0.561
 1.437
 0.536
 0.366
-0.620
 0.400
-0.217
-0.295
 0.304
-0.011
-1.936
-1.126
-1.011
-0.832
 0.090
-0.727
-0.260
-0.811
 0.581
 0.055
 0.334
-1.078
-0.771
 0.201
-0.310
-1.376
-0.087
 0.590
 0.554
-2.031
-1.363
 0.067
-1.109
-0.830
-0.721
-0.032
-0.133
-1.591
-0.587
-0.977
-0.879
 0.032
-0.534
 0.481
 0.105
-1.777
-0.690
-0.365
 0.448
-0.833
-0.340
 0.292
 0.393
-0.172
-0.786
 1.627
-0.189
-0.533
 1.251
 1.046
 0.718
 0.502
 0.354
-0.804
 0.487
 0.445
 0.555
-1.147
-1.365
 0.046
-1.580
-1.964
-1.678
-1.523
-0.688
-1.638
-1.573
-1.510
-0.678
-1.479
-0.535
-1.941
-2.052
-1.557
-2.215
-1.524
-3.718
-1.734
-1.853
-1.617
-0.288
-1.558
-1.289
-1.979
-0.789
-0.279
-0.405
-1.854
-2.269
-2.239
-2.154
-0.479
-0.595
-1.289
-2.412
 0.249
-0.876
-0.680
-0.865
-3.152
-3.090
-0.233
-2.214
-0.932
-0.284
-0.068
-0.941
-0.770
-1.780
-0.586
 0.105
-0.480
-2.507
-0.660
 0.412
-0.870
-1.248
-1.009
-0.123
-0.675
-0.763
-0.320
-0.994
 0.349
 0.888
 1.666
-0.583
 0.557
-0.406
 0.449
 0.178
 0.241
-0.278
 0.973
-0.536
-0.044
 1.580
 0.554
 0.460
-1.078
 0.592
-0.123
-0.790
 0.119
-1.381
-0.120
-1.245
-0.947
-1.142
-0.208
-0.568
-0.575
-1.889
-1.341
-2.788
-1.992
-0.487
-0.362
-2.603
-0.499
-0.988
-1.533
-2.156
-2.354
-0.687
 0.541
 0.006
 0.871
 0.650
-0.494
-0.845
-1.641
 0.141
-0.942
-0.134
 0.019
-0.686
-0.870
-0.640
-1.000
-1.786
-0.803
-1.375
-0.506
-1.719
 0.983
 0.994
-0.015
 0.285
 0.289
-0.611
-0.405
 0.243
 0.341
-0.486
-0.308
-0.825
 0.421
 0.239
 0.392
-0.071
-1.296
-1.516
-1.977
 0.407
-0.153
 1.720
 0.698
 0.779
 0.098
 0.855
 0.221
-0.817
-1.123
-0.325
-0.467
-0.175
-0.422
-0.306
 0.574
-0.265
-0.992
-1.914
 0.301
 0.596
 0.804
 0.690
-0.354
-1.273
-0.367
-0.111
-0.208
 0.072
 1.313
 0.323
 0.504
 0.191
 0.242
-0.551
-1.538
-2.064
-0.357
 1.051
-0.196
 0.094
 0.825
 0.565
 1.689
 0.628
 1.026
 0.423
-0.316
 0.875
 1.208
 0.155
 0.299
 2.114
 0.296
 0.448
 1.384
-0.765
 0.764
 0.294
-0.683
-0.108
 0.279
-0.070
 0.432
-0.797
-1.811
-1.420
-0.554
-0.058
-0.130
-0.467
 0.321
-0.897
-0.349
-0.557
 0.126
-0.899
 0.882
 1.263
 0.560
 0.188
 0.112
 0.992
 2.381
 0.522
 1.483
 1.911
 1.086
 0.651
-0.422
 1.192
 0.876
 0.867
 0.522
-1.100
-0.513
-1.735
-0.474
 0.697
 1.311
 0.008
 0.991
-0.908
-0.938
 0.366
-1.231
-0.855
-1.819
 0.214
-0.362
-1.348
-1.418
 0.496
 0.138
-2.333
-0.629
-0.900
-0.574
-1.177
-0.215
 0.941
 0.034
 0.119
-1.083
-0.944
-0.846
-0.805
-1.309
-0.647
 0.024
 0.597
-0.573
 0.256
-0.312
-0.289
 1.101
 0.246
-1.533
-0.815
 1.275
 0.568
 0.363
 1.256
-0.568
 0.722
-1.439
-1.256
-0.788
-0.239
-0.674
-0.634
-0.623
-0.367
-2.142
-0.303
-1.134
-0.116
-0.471
 0.485
 0.435
-0.971
 0.371
-0.646
-1.352
 0.346
 0.184
-0.354
 0.905
-0.114
 1.457
-0.240
 0.147
 0.550
 1.165
 0.288
 0.569
 0.497
-1.601
 0.234
 0.581
-1.013
 1.813
-0.790
-0.818
 0.502
 0.252
-1.755
-0.567
 0.262
 0.405
-0.152
-1.547
-1.364
-0.441
 0.081
 0.023
-1.050
-0.587
-0.427
 0.704
-1.041
-1.483
-2.572
-1.683
-1.880
-0.243
 0.084
 0.864
-0.042
 0.377
 0.023
-0.001
 0.016
 0.418
 0.483
-0.104
 0.730
 0.704
 0.038
 0.407
 0.493
 0.161
 2.606
 0.991
 1.345
 1.445
 1.501
 0.854
-0.734
-1.245
-0.462
 0.087
-0.283
 0.008
-1.537
 0.798
 0.944
 1.334
 1.559
-0.035
 1.063
 1.051
-0.598
 0.671
 0.774
 1.836
 1.669
 1.190
 1.158
 0.402
 0.231
 0.054
-0.826
-0.747
 1.005
-0.282
-1.570
-1.203
-0.516
-0.399
-0.776
-1.916
-0.676
-1.995
-2.521
-1.520
-1.928
 0.307
 0.366
 0.740
-0.255
 0.292
-0.568
-1.459
-1.622
-0.793
-2.665
-2.070
-0.787
-1.382
-1.310
-0.656
-1.081
-1.225
-1.614
-0.458
-1.342
-1.769
-0.954
-0.933
-0.306
-0.286
 0.274
 0.770
 0.620
-0.799
-1.921
 0.550
 0.614
 0.847
-0.434
 1.308
-0.751
 0.214
 0.824
 0.524
 0.260
-0.288
 0.109
-0.439
-1.209
-0.934
-1.572
-2.233
 0.062
-0.117
 0.246
-0.291
 0.243
-0.085
-0.212
-0.919
-0.555
 1.306
-0.303
 0.038
-1.435
 0.170
-0.621
 0.747
 1.141
-0.700
-0.705
 0.537
 0.093
 1.011
 0.764
 0.581
-0.132
 0.503
 0.934
-0.253
-0.186
 0.511
 0.084
 0.104
-0.742
-0.605
-0.786
-0.760
 0.123
 1.612
-0.481
 0.927
-0.827
-0.842
-0.283
-0.464
 0.284
 0.849
-1.117
-0.023
-1.081
 1.194
 0.679
 0.396
-0.166
 0.178
 0.081
-0.391
-1.259
-0.416
-0.108
-0.158
 0.764
 1.750
 0.613
-0.542
-1.017
 0.115
 0.160
-1.494
-1.084
-1.055
-0.332
-0.213
 0.674
-0.599
-2.261
-2.617
-1.310
-1.088
-1.415
-1.595
-1.298
-0.812
-0.456
-1.004
 0.641
 0.277
-0.115
-0.658
 0.962
 0.336
 2.939
 2.135
 0.074
 0.647
-0.098
 0.077
 1.275
 1.361
 1.723
 1.063
-1.136
 0.128
 0.186
-0.365
 0.055
 0.891
 0.135
 0.763
 0.635
 2.603
 1.848
 0.541
 1.469
 1.131
 0.380
-0.076
-0.518
-0.815
 1.185
 0.068
 0.464
 0.796
 0.270
 0.660
 0.586
-0.027
-0.668
 0.316
 1.946
 0.926
-0.137
-0.706
 0.921
 0.536
 0.909
 0.584
-0.720
 0.190
 0.271
-1.192
-0.694
-0.811
 0.100
 0.121
 0.112
-0.161
-1.019
-1.325
-0.435
 1.132
-0.504
 0.031
-0.111
-0.696
 1.464
 1.000
 0.987
 1.443
 0.448
-0.728
 0.874
 0.672
 0.359
 1.432
 0.918
 0.551
 0.975
 2.636
 1.249
 0.525
 1.120
-0.719
 0.998
 2.148
 0.262
 0.266
 1.627
 0.861
 0.564
 1.654
 2.222
 1.762
 1.672
 1.855
 2.479
 0.353
 2.435
 1.447
-0.782
 0.776
 0.501
-1.263
-1.076
 0.194
-0.833
 0.358
-0.940
-1.092
-1.040
-0.190
 0.240
-2.911
 0.015
 0.116
-0.055
 1.412
 0.152
-1.114
-0.228
-1.753
-0.206
-0.888
-1.317
-1.729
-0.583
-0.227
-0.546
 0.020
 0.581
 0.624
-0.767
 0.469
 0.794
-1.154
-0.552
-0.808
 0.663
 0.841
-0.466
-2.287
-0.305
-1.059
-1.071
-0.718
-0.221
 0.874
-1.012
 0.153
 0.084
-1.357
-0.839
-0.298
-0.575
 0.087
-0.193
 0.506
-1.352
-0.421
-0.538
-2.001
 0.184
-0.527
 0.444
-0.581
-0.234
 0.297
-0.404
-0.272
 1.713
 0.769
 0.040
-1.080
-1.037
-1.085
-1.734
-0.929
 0.277
 0.259
 0.675
-1.571
-1.246
 0.086
 0.359
 0.222
 0.048
 0.203
-0.071
-0.211
-1.296
-0.934
 1.157
 1.368
 0.750
 0.304
-0.739
 0.315
-0.142
 1.280
 0.752
 0.936
 0.650
 0.856
 1.310
-0.274
-0.353
 0.365
-0.026
 0.082
-0.801
-0.378
-2.547
-1.982
-1.499
 0.162
 0.462
-0.415
-0.113
 0.196
 0.803
 0.751
-1.123
-0.068
 0.683
 0.740
 0.088
-0.478
-0.645
 0.565
-0.174
-0.011
-1.228
 0.483
-0.339
-0.993
 0.251
 0.507
 0.373
 0.700
-0.172
 0.697
 0.035
-0.223
 0.066
 0.267
 0.927
-0.172
 1.258
-0.081
-1.357
-0.880
 1.821
 0.445
-0.269
-0.856
-1.908
-1.195
 0.391
 0.950
-0.696
-0.904
-1.416
-0.814
-1.053
 1.356
 0.944
-0.395
-0.637
 1.310
-0.427
 0.606
 0.313
 0.045
 0.130
 0.330
 0.354
-1.146
 0.619
 0.832
 1.461
-0.099
 0.899
 1.445
 0.119
 0.067
 0.515
 1.205
 0.117
-1.260
-0.422
-1.882
-1.019
-0.292
 1.421
-0.679
-0.290
 0.367
 0.302
 0.275
 0.719
-1.070
-0.257
 0.430
-1.483
-1.219
 0.572
 0.792
-0.116
-0.298
-0.436
-0.003
-1.882
-0.159
-1.264
 0.467
 1.106
 0.908
 1.534
 0.275
 0.643
 0.286
-1.135
-0.153
-0.653
-0.965
 0.136
-0.260
-0.051
 1.257
 0.981
-0.125
 1.441
-0.178
-0.374
-0.079
 0.341
 0.957
 0.081
-0.433
-0.409
-0.426
 0.437
 1.083
-1.000
-0.361
-0.174
-0.677
-0.257
-1.200
-0.696
-0.676
-1.751
-1.235
-1.185
-1.567
-0.645
-0.946
-0.550
-1.505
-0.202
-1.649
-0.276
-0.109
 0.006
-1.229
-0.665
-0.178
-0.008
 1.972
 0.244
 0.452
 1.867
 2.501
 1.404
-0.832
 0.213
 0.425
 0.510
-0.093
 1.239
-1.145
 0.174
 0.091
-0.839
-1.056
-0.933
-0.250
-0.523
 0.032
-0.092
 0.195
-1.459
 0.349
 0.974
 1.381
 1.585
 1.286
-1.267
-0.755
-1.281
-0.572
-0.115
-0.777
-0.535
 1.036
 0.063
-1.829
-0.927
-0.490
-0.886
-0.284
-0.006
 2.035
 0.928
-0.052
 1.382
 0.663
-0.058
 1.321
 1.626
 0.151
 0.362
 1.113
 1.306
-0.744
-1.741
-0.336
 0.241
-0.834
 0.449
-0.635
-0.172
-0.640
 1.521
 0.663
-0.549
 0.243
-1.529
-1.140
 0.170
-0.198
 0.465
 0.421
 0.505
 0.753
 1.097
 0.860
-0.416
-0.002
 0.281
-0.554
 1.847
 0.244
 1.217
-0.744
 0.256
 0.870
 0.577
-0.309
 1.366
 1.261
 1.128
-0.121
 0.950
-0.247
 0.289
-0.504
-1.291
-0.920
 0.268
-1.285
-0.188
 0.850
-0.824
 0.983
 0.949
 0.534
-0.043
-1.438
-0.996
-0.435
-1.195
-1.355
-0.064
 1.339
 0.639
-0.083
-0.804
-0.093
 0.661
-0.215
-1.117
-0.584
-0.095
 0.706
-0.212
-1.945
-2.476
-2.254
-3.107
-2.480
-1.682
-1.628
-1.952
-0.644
-0.250
-0.474
 0.891
-0.038
-0.974
-0.754
 0.127
 0.411
-0.122
-0.265
-0.481
-1.153
 1.067
-0.719
-0.433
 0.255
 0.355
-0.032
-0.102
 0.315
-0.834
-1.218
-0.301
-0.280
-1.526
-1.371
-1.735
 0.167
-0.233
-0.451
 0.697
-0.689
-1.188
 0.419
-0.774
-1.398
-0.572
 0.771
 0.878
 1.704
 1.839
 0.523
 1.362
 2.424
 1.698
 1.329
 0.681
-0.152
 0.903
 0.394
-0.942
 0.573
 0.353
 0.542
 0.871
 1.681
 0.674
-0.719
-0.715
-0.607
 0.018
 2.002
 1.859
-0.374
 0.985
 0.892
 1.601
 0.081
-0.645
 2.515
 0.775
 1.558
 0.280
 0.107
-0.106
-0.633
-0.092
-0.912
-1.346
 0.610
 1.339
 0.564
 1.878
 1.042
 0.987
 0.547
 0.578
-0.682
 0.309
 1.864
 0.284
-0.872
 0.114
 0.161
-1.173
-0.553
-0.529
 0.180
-1.596
 1.387
 1.566
 0.979
-0.499
-2.232
 0.992
-1.297
-0.101
-0.596
-0.463
 0.298
 1.377
 0.960
 1.240
 1.401
 0.802
 1.312
-0.348
 0.568
 0.333
-0.054
-1.023
 0.511
 0.401
 0.520
-0.851
-0.596
 0.310
-0.376
-1.711
-1.761
-0.085
-0.920
 1.040
 1.856
-1.028
-1.017
 0.478
 0.589
-0.386
-0.622
-1.308
 0.282
 1.614
 2.165
 2.170
 0.333
-0.021
-0.554
-0.076
-0.095
 1.505
 1.088
-0.328
-0.512
-0.639
-0.080
-0.705
-1.067
 0.559
-0.403
-0.498
-0.151
-1.968
-0.904
-1.103
 0.673
 0.366
-0.827
 0.070
-0.491
 0.629
 1.079
-0.116
-0.495
 0.452
-0.186
 0.597
-0.393
 0.803
 0.682
 0.402
 2.085
 0.744
 2.864
 1.284
 0.619
 1.841
 0.473
-0.396
 0.313
-1.263
-0.559
-0.964
-1.052
-1.394
-0.507
-0.051
 1.249
 1.429
 0.075
-0.321
 0.456
 0.478
 0.092
-0.965
-1.214
-0.189
-0.440
 0.309
 0.547
 0.130
 1.186
 0.124
-1.052
 0.789
-0.330
 0.777
-1.058
-0.560
-1.279
-1.673
-1.651
-0.854
-0.571
-0.934
-1.306
-2.159
-1.293
 0.031
 0.479
-0.486
-0.199
-1.267
 0.168
 0.200
 0.203
 1.372
 0.300
-0.525
-0.330
-0.467
 1.172
-0.022
-0.786
-0.740
-0.625
 0.548
 0.547
 0.273
-0.249
-0.408
 0.614
 0.270
 1.963
 1.583
 1.444
-1.137
-0.650
-1.763
-1.554
-0.424
 0.076
-0.389
-0.159
-0.684
 0.617
 0.746
 1.054
 0.078
-0.194
-1.864
-1.991
-0.654
-0.414
-0.904
 1.294
 1.501
-1.860
 1.441
 0.092
-1.651
-0.045
 1.467
-0.084
 0.982
-0.002
 0.730
 0.172
 0.931
-0.380
-0.237
-0.569
-0.837
-2.286
-1.353
-0.097
 0.777
-0.759
-1.442
-1.046
 0.315
-0.181
 0.008
-1.005
-0.122
 1.240
-0.177
-2.015
-0.125
 0.360
-0.992
 0.583
 0.955
 1.281
-0.571
-0.750
-1.246
-0.662
-0.972
 0.538
 0.044
 0.540
 0.412
-0.582
-1.435
-1.245
-0.127
-0.659
-0.973
-0.886
-0.857
-1.537
-1.416
-1.077
-1.654
-0.377
-0.938
 0.404
-0.326
-0.969
-0.031
-0.029
-1.407
-0.818
-1.400
 0.161
 0.571
 0.349
 0.347
-0.402
 0.130
-0.743
-0.448
-0.987
-1.965
-0.103
 1.264
 0.236
 0.718
-1.036
 0.194
 0.013
 1.512
 0.082
 0.015
 1.286
-0.582
-1.181
-0.579
 0.490
 0.651
 0.781
 1.303
 0.780
 0.527
 0.964
 0.702
 0.697
 0.577
 0.492
 2.207
-1.283
-0.273
-0.555
-0.855
-0.756
-0.145
-0.327
 1.545
-0.353
-0.342
-1.626
-0.915
 0.231
-0.222
 0.900
-0.722
-0.771
 0.211
 1.285
 0.971
 1.102
 1.469
 1.060
-0.083
-0.473
-1.032
-0.680
 0.231
-1.276
-2.193
 0.348
 0.218
 0.588
-0.015
-0.879
 0.792
 0.206
-0.369
-1.494
-1.052
-0.520
 0.162
 0.010
-0.425
 0.106
-1.056
-1.410
-0.669
-0.602
 0.659
 1.031
-0.796
 0.510
-0.230
-0.781
-1.122
-0.886
 0.230
 0.492
-0.864
-1.029
 0.568
-0.308
 0.135
 0.137
-0.321
 0.883
 1.278
-0.307
 0.925
-0.668
 0.262
-0.107
-0.572
 1.216
 0.177
-0.865
-0.409
 0.554
-1.185
-1.418
-2.052
-1.274
-0.262
 1.425
 0.530
-0.595
-1.185
-0.076
 0.428
 0.402
-1.152
-0.087
-0.427
 0.735
 1.138
 0.922
 0.679
-1.316
-0.882
-0.135
 1.261
-1.371
 0.680
 0.083
-1.894
-0.356
-2.078
-2.062
-1.224
-0.017
 0.263
-1.654
-1.338
-0.567
-0.552
-0.916
 0.617
 0.295
-0.835
-1.712
-1.508
-0.643
-0.967
-0.194
-0.593
-1.363
-1.838
-0.546
 0.017
-1.669
-0.437
-1.473
-1.310
-2.300
-1.025
-1.052
-0.461
-0.133
 0.024
 0.901
-1.256
 0.567
 1.349
 0.416
 0.487
-0.399
 0.367
 0.104
 0.172
-0.611
-0.443
-0.573
-0.062
-0.539
-0.185
 0.242
-0.695
-0.004
-0.017
-1.540
 0.422
 2.358
 1.613
-1.201
-0.797
-0.349
-1.241
-0.384
-1.403
-1.035
-0.747
 0.216
-0.079
-0.790
 0.920
 1.006
 0.151
-0.872
 0.383
 1.087
-0.437
-0.032
-0.627
-1.134
 0.280
 0.112
-1.479
 0.198
-0.534
-0.105
-0.409
-1.530
 0.258
 0.332
-0.046
-0.952
 0.244
 1.284
 1.616
 0.780
 0.921
-0.570
-0.015
-1.214
-2.294
 1.433
 0.287
-0.136
-0.133
-0.837
-1.610
 0.120
-0.129
 0.827
 0.228
-0.160
-0.172
 0.414
 0.368
-0.912
-0.828
 0.490
-0.290
 0.416
 0.089
 0.130
 0.355
-0.136
-1.151
 0.583
-0.493
 0.265
 0.545
 0.192
 1.122
 0.491
-0.959
 0.413
-1.127
-0.469
-0.261
 0.019
-0.703
-0.612
-0.024
-0.260
-0.101
-0.617
-0.429
 0.793
 0.391
 0.138
 0.046
-1.421
-0.641
-1.442
 1.422
-0.044
 0.588
 0.787
-1.623
-0.272
-0.031
 0.141
 0.410
 0.978
-0.503
 1.569
 0.270
 1.609
 1.924
 1.531
 0.943
 0.841
 0.706
 0.088
-0.414
-0.242
-0.018
-0.980
 0.066
-0.008
 0.008
 0.147
-0.820
 0.554
-0.477
-0.717
-0.952
-0.454
 1.447
-0.078
 1.120
-1.293
-1.127
-0.654
-0.722
-1.414
-0.858
-1.020
-1.029
-1.132
-0.969
-1.412
-1.140
-2.079
-2.325
-0.995
-2.206
-1.275
-1.753
-2.652
-1.838
-1.925
-0.395
-0.234
 0.136
 0.198
 0.047
 0.255
-0.401
-0.769
-0.306
 0.973
-0.606
-1.145
-1.432
-1.662
-1.146
-0.958
-1.553
-1.337
-1.514
-0.097
-1.588
-0.803
-1.291
-0.738
 0.110
 0.981
 1.209
 1.332
 1.620
 1.406
 0.684
-0.287
 1.672
 1.508
 0.365
 0.862
 1.186
 1.036
-0.751
-0.276
-0.288
-0.700
-1.063
-1.040
-0.749
-1.149
-1.372
-1.404
-1.475
-0.724
-1.915
 0.225
 0.715
 1.056
-0.500
-0.022
-0.636
-1.527
-0.506
-1.782
-0.841
-1.393
-0.494
-1.842
 1.221
-1.289
-0.821
-0.916
-0.949
 0.145
 0.565
 0.814
 1.488
 0.012
-0.496
-0.146
-0.158
 0.895
 1.274
-1.395
-0.167
 0.779
 1.376
-0.600
-0.751
-0.039
-0.258
-1.451
 0.322
-0.679
-0.672
 0.150
-0.108
-0.599
-0.052
-1.815
 0.122
-1.461
 0.743
-0.043
-0.762
-1.057
-0.827
-1.111
-1.142
-0.084
-0.259
-0.828
-1.395
-1.742
-2.311
-2.478
-1.246
-1.127
-0.025
-0.365
 0.572
 0.210
 0.595
-0.076
-1.083
-0.372
 0.366
-0.566
 0.206
 0.476
-0.366
-1.386
 0.571
-0.739
-1.708
-1.370
-1.341
 0.566
 0.195
-0.674
-1.430
-0.432
-1.103
-1.413
-1.702
-1.457
-1.495
-1.522
-1.866
-1.052
-0.192
 0.068
 1.492
 0.833
-0.446
 0.349
-0.248
-0.110
-1.015
-1.399
-0.094
-0.700
-0.351
 0.424
-0.284
-1.302
-1.360
-0.226
-1.099
 0.450
-2.009
-1.338
-0.450
-0.714
 1.043
 0.144
-0.282
-0.180
-0.656
-0.856
 0.493
-0.417
-0.154
-1.682
-0.762
-0.619
-1.278
-0.025
-1.017
-1.007
 0.252
 0.257
 0.214
-0.944
 0.032
 1.370
 0.063
-0.534
-0.581
-1.296
 0.502
-1.206
-1.881
-1.614
-1.684
-1.207
-1.796
-0.853
-0.542
-1.582
-0.639
-2.245
-1.680
-1.738
-0.584
-0.991
-1.844
-0.818
-0.820
-1.598
-0.674
-1.829
-0.450
-0.895
 0.293
-1.301
-1.605
-1.476
-1.410
-1.107
-1.898
-0.972
 0.303
-0.070
 0.052
 1.168
 0.795
 0.652
-0.238
-0.228
 1.417
 0.895
 0.911
-0.122
-0.391
-1.452
-0.845
-0.441
-1.079
-1.199
-1.871
-1.305
-0.836
-0.683
-1.521
-0.608
-0.408
-0.830
-2.162
-2.234
-0.995
-0.474
 0.409
 0.633
 1.163
-0.685
-0.432
-0.573
-0.875
-0.384
-0.674
-0.718
-1.450
-0.915
-1.570
-0.895
-1.024
 0.249
-1.418
-1.450
 0.644
-0.628
-0.444
-0.809
-0.773
 2.482
-0.285
-1.857
-0.864
-0.431
 0.414
-0.016
-0.508
-0.279
-0.644
-0.325
 0.638
-0.095
-0.616
 0.201
 0.631
 0.500
-0.788
-1.707
-1.966
-0.722
-0.198
-0.828
-1.958
-1.609
-1.557
 0.654
-0.910
-0.615
-0.945
-1.131
-1.360
-0.850
-1.113
-1.283
-0.779
 0.178
-0.597
-1.428
-0.499
-1.965
-2.041
 0.191
-0.371
 0.017
 1.500
 0.519
 1.835
-0.615
-0.242
 1.045
-1.281
 0.369
-0.404
 0.279
-0.146
 0.270
 1.389
-0.753
 0.106
 0.174
-0.651
-0.621
 0.443
-0.733
-0.833
-1.561
-1.126
-1.535
-2.833
-1.013
-1.575
-0.100
-2.090
-0.557
-0.576
-1.000
-1.067
-1.102
-0.119
 1.050
-1.264
-0.923
-0.991
-1.604
-1.851
-1.277
-1.673
-2.367
-2.037
-1.088
-2.043
-0.800
-0.817
-2.476
-2.139
-1.340
-1.350
-1.074
-1.910
-2.170
-1.756
 0.187
-0.437
-0.501
-0.739
-0.660
-0.151
-1.131
 0.525
-0.560
-1.747
-0.164
-0.376
-0.722
-0.621
-1.667
-0.968
-0.274
-1.958
-0.157
-1.520
-0.463
-1.785
-0.946
-1.153
-0.645
-0.414
-1.129
 0.303
-1.177
-1.568
 0.925
 0.569
-0.803
-0.657
-1.844
-1.983
-0.785
-0.780
-1.963
-0.240
-0.392
-0.600
-0.353
-1.188
 0.269
-1.740
-0.355
 0.274
-0.853
-0.948
 0.720
 0.448
 0.773
 0.637
 0.349
-0.997
-1.591
-1.212
-0.726
 1.068
 1.069
 0.867
 1.556
-1.338
 0.185
-0.086
-0.899
-0.774
-1.224
-0.096
 0.254
 0.783
-0.391
 0.507
 0.918
 0.081
 1.235
 0.723
-0.365
 1.347
 0.668
-0.014
 0.252
-0.270
 0.655
 0.938
-0.388
-0.211
 0.177
-0.907
-1.309
-0.568
-0.926
 0.663
 0.336
-2.044
-0.181
-0.227
-0.369
-0.577
 1.029
-0.727
 0.108
-1.645
-1.631
-1.681
 0.227
-0.070
-0.837
 0.399
-1.515
 0.050
-0.833
-0.973
-2.203
-0.826
-1.236
-1.268
-2.069
-0.653
-1.350
-0.840
-1.973
-1.698
-0.125
 0.457
-1.048
-1.273
-1.477
-1.698
-0.522
-1.020
 0.490
 0.078
-0.876
-0.615
-0.498
-1.050
 0.201
 0.203
-0.199
-0.424
-1.625
 0.140
 0.639
-1.154
-2.549
-1.653
-1.231
 0.664
-1.793
-1.225
-0.035
-0.746
-0.978
-1.466
-0.681
 1.007
-0.616
-0.763
-0.724
 0.805
-0.619
-0.430
 0.966
 1.144
-0.037
 0.783
 0.996
-0.397
 0.431
 1.210
 0.319
 0.448
-0.795
-0.315
-0.500
 0.041
 2.016
-1.776
 0.310
-0.991
-0.485
-0.381
-0.979
-1.963
-0.326
-0.026
 1.310
 2.042
 0.133
-0.487
-0.317
-1.709
-0.036
 0.261
-0.061
-0.572
-1.151
-0.746
-0.097
-0.159
 0.478
 0.220
 1.698
 0.633
 0.406
-0.295
-0.605
 0.262
 0.445
 0.783
-0.570
 0.425
-0.497
 2.066
 0.248
 1.042
 0.469
-0.979
-0.121
 1.413
 1.406
-0.258
-0.484
 0.404
-0.499
 0.056
-0.223
-0.915
 1.558
 0.982
-0.033
 0.563
-0.055
-0.920
 0.234
-1.118
 1.143
-0.408
-1.445
-1.372
 0.125
-0.637
 0.770
-1.587
-1.980
-1.073
-0.952
-0.091
-1.405
-1.095
-1.086
-0.049
-2.833
-0.491
 0.383
-0.189
-0.252
 0.452
 1.298
 0.883
-0.554
 0.257
 0.368
 0.274
 0.110
 0.371
 0.069
-0.575
-0.486
-0.096
 0.910
-1.001
-0.229
 0.326
-0.546
 0.939
-0.478
-1.030
-0.560
-0.551
 1.672
 0.066
 2.378
 1.838
-0.146
 1.303
 0.625
-0.322
-0.379
 1.284
 0.512
-2.235
-1.272
 0.900
 0.904
 0.187
-0.790
 0.174
 0.724
-0.457
 0.640
-0.447
-0.697
-0.090
-0.630
 1.752
 1.083
 0.520
-0.823
 1.149
 0.095
 0.574
 0.566
-0.782
 1.589
 0.516
-0.532
-0.547
-0.524
-0.471
-1.838
-1.322
-1.610
 0.436
-0.705
 0.049
 0.222
 0.375
 0.241
-0.350
 0.041
-0.221
 0.944
 0.977
-0.451
 0.597
 0.305
-0.677
-0.819
-1.042
-2.110
-2.049
-0.234
-1.592
-0.628
-0.620
-1.108
-0.615
-0.758
-0.086
 0.189
 0.582
 0.122
-1.372
-0.587
-1.530
-0.443
 0.184
 0.197
 1.103
 0.994
-0.534
 0.893
 0.246
 1.209
-0.062
-0.549
-1.667
-0.448
-0.516
-0.530
-0.084
-1.282
-1.160
 0.049
-0.614
-0.282
-0.622
-0.270
-0.499
-2.123
-1.476
 0.285
 0.784
-0.737
-0.265
-1.296
 0.364
 0.117
-1.048
-0.243
-0.803
-0.826
 0.775
-0.873
-0.350
-0.734
-0.648
-1.097
-1.414
-0.995
-0.840
 0.800
 0.087
-0.768
 0.465
 0.861
-0.989
-0.526
-1.122
-0.959
-0.173
 0.484
 0.153
-0.157
 0.618
 0.623
 0.134
 0.973
 0.543
-0.412
 0.213
-0.189
-0.315
-0.239
-0.445
-1.620
-0.484
 1.203
 0.068
 0.481
 0.152
-1.049
-0.395
 1.307
 2.151
-0.029
 0.234
 0.715
-1.457
-1.043
-1.910
-0.209
-0.341
 0.175
-0.947
-1.078
-0.066
 0.635
-0.017
 0.273
 0.839
 0.015
 0.576
-0.248
-0.663
 0.465
-0.956
-1.298
 0.325
 0.332
 0.086
-1.250
 0.852
 0.195
-0.185
 0.231
-0.349
 0.270
 0.364
-0.078
 1.637
 0.544
-0.027
-0.028
 1.194
 0.292
 1.320
 1.328
 0.506
 0.123
 0.786
 0.313
 1.259
 1.186
-0.972
-0.968
-0.181
-0.350
 0.601
-0.329
-0.677
-1.611
-0.996
-0.881
-0.708
 0.139
-0.525
 0.174
-0.112
-1.401
-1.760
-2.290
-1.176
-0.830
-0.507
-1.982
 0.321
-0.269
 0.755
 0.181
-1.141
-1.266
-0.014
-0.681
-0.215
 0.651
 0.303
 3.082
 1.954
 2.467
 0.262
 0.740
 0.840
 0.522
 1.598
 0.664
 0.348
 0.121
 1.238
 0.671
 0.803
 1.396
-0.240
-0.292
 0.549
-1.227
 0.461
 1.458
 0.411
-0.512
-1.843
-0.381
-0.723
-0.266
-0.492
-1.148
-0.236
 0.574
-0.309
-0.923
-0.167
-0.279
 0.007
 0.445
-0.888
 0.050
-0.171
-0.415
 0.047
 0.539
-1.564
-0.681
 2.062
 1.706
 0.270
 1.295
-0.985
-1.788
-1.894
-1.086
-1.127
 0.136
 0.017
 0.049
 1.040
 0.634
-0.108
 0.464
 0.570
-0.353
-0.267
 1.228
 0.090
 0.267
 0.052
 0.403
 0.683
-0.124
-0.163
-0.052
-1.229
-0.045
 0.612
 0.268
 0.368
 0.385
-1.205
 0.127
 1.669
 0.710
 0.827
-1.190
-0.808
 0.164
 0.185
 1.896
 0.588
-0.041
-0.883
-1.005
 0.078
 0.068
-0.678
 0.725
 0.912
-0.816
-1.237
-1.803
-1.521
 0.191
-0.086
 0.570
-0.214
-1.661
-0.879
-1.273
-1.198
 0.338
 0.087
 0.918
 0.020
-1.179
-1.149
-0.639
-0.929
-0.310
-0.972
-0.283
-0.014
 0.292
-0.536
-0.953
-0.472
-0.543
 0.049
-0.264
-0.446
-0.867
 0.037
-0.491
-1.083
 0.009
-0.590
-1.636
 0.455
 0.331
-1.028
 0.597
-0.704
-1.724
 0.164
-0.883
-1.031
-0.089
-1.140
-0.406
-1.226
-1.116
-0.095
-0.368
-0.301
-1.131
-0.194
 0.540
-1.179
-0.565
 0.797
 1.762
 1.236
-0.852
-1.079
 0.856
 0.417
 0.145
 0.450
 0.600
-0.326
 0.485
 0.809
-0.140
 0.005
 1.245
 0.685
 1.677
 0.461
 0.680
-0.022
-0.438
 0.181
 0.984
 2.289
 2.116
 1.763
 1.116
 0.506
 0.616
-0.701
-0.059
 0.668
 0.877
-0.285
-0.647
 0.263
-0.383
-0.361
 1.135
 0.807
 0.169
-0.286
-0.593
-0.372
 0.099
-0.018
-0.593
 0.857
 0.559
 0.970
 0.174
 1.585
 0.619
-0.187
 0.297
 0.034
-0.881
-0.227
 0.922
 0.234
 0.383
 0.310
-0.132
 0.912
 0.541
 0.327
 1.011
 0.939
 0.874
-0.716
-2.151
-0.557
 0.543
 0.677
 0.568
 0.338
 1.013
-0.408
 1.726
 0.068
-0.046
-0.345
-1.240
-0.459
-0.390
 1.058
-1.106
 0.027
-1.822
-1.496
-1.353
-1.018
-0.267
-0.082
-0.572
-0.530
-1.525
-1.794
-0.131
 0.906
-1.979
-0.530
-0.021
-0.421
-0.161
 0.326
 1.068
-0.507
-0.693
-1.168
-0.521
 0.173
 0.287
-0.362
 0.102
 0.128
-1.437
 0.880
-1.567
-1.087
-2.678
-2.534
-0.200
 0.579
-0.287
 0.669
 0.228
-0.871
-1.186
-0.567
 0.174
-0.239
 0.122
 1.168
 1.103
 1.248
-0.429
-0.772
-0.502
 0.032
-0.139
-0.239
-0.505
-0.176
 0.023
 0.025
-0.677
-1.196
-2.539
-2.679
-1.177
-0.404
-1.050
-0.950
-1.144
-0.368
 0.422
-1.268
-1.535
-0.734
-1.532
-0.873
-0.023
-0.834
 1.151
-0.614
-1.833
-1.859
-1.384
-0.866
 1.128
-0.238
-1.583
-0.928
-1.743
-1.020
 0.426
 0.205
-0.172
-1.505
-0.723
-1.006
-2.412
-1.046
-0.620
 0.022
-0.556
 0.077
-1.405
-0.134
 0.221
 0.021
-1.043
-1.612
 0.114
-1.083
 0.310
 0.264
 0.224
-0.704
-0.757
-0.602
-1.021
-0.174
 0.182
-0.508
-0.569
 0.484
 1.311
 1.731
 0.572
-1.886
-0.787
-0.697
 0.995
 0.653
 1.578
 1.115
 0.592
 1.575
 1.595
 0.618
 1.598
 0.467
 0.249
 0.611
-0.205
 0.415
 0.788
 0.170
 0.696
 1.049
-0.013
-0.527
 0.376
 0.144
 0.861
 0.892
-0.872
-0.623
 1.487
 0.179
 0.094
 0.726
 1.058
 0.048
-0.348
-1.739
-0.480
 0.779
 0.361
-0.021
 0.379
-0.843
 0.620
-0.369
-0.708
-0.564
-0.718
-0.015
-1.053
 0.502
-1.667
-1.200
 1.039
-0.726
-0.659
-0.807
 0.519
 0.135
 1.097
 0.282
 0.340
-0.785
-1.356
-0.607
 0.897
-0.765
 0.881
 0.411
 0.187
 2.065
 0.586
 0.941
 1.065
 0.160
-0.496
 1.457
 1.664
 0.713
 0.202
-1.021
 1.873
 0.487
-0.766
 0.186
 0.256
 1.285
 0.875
 0.159
 0.406
 0.010
 0.823
-2.592
-0.568
 0.437
-0.141
-0.076
 0.138
-1.247
-1.231
-1.398
 0.193
-0.134
-0.136
-1.633
-0.934
 1.232
 1.813
-0.278
-0.456
-0.170
 0.171
 0.498
 0.083
-0.323
-0.713
-0.706
 0.883
 0.184
 0.900
 0.226
 1.455
 1.224
 0.670
 0.399
 0.797
-0.976
 1.036
 0.604
 0.828
-1.537
 0.647
-0.027
-0.947
 0.214
-1.420
-1.013
-1.029
-0.950
-0.799
-0.133
-0.891
 1.021
 1.720
 1.250
 1.172
 1.441
 1.251
-0.350
 1.788
-0.603
-0.665
-1.311
-0.792
-0.788
 0.217
-0.642
-1.204
-2.342
-2.778
-0.782
-1.197
-1.106
-2.194
-1.532
-2.340
-1.010
-0.941
-0.761
-0.515
-0.163
 1.170
 3.113
 0.244
 1.370
-0.323
-0.774
 0.750
 1.102
-1.495
-1.405
-0.208
-0.190
-0.127
-2.168
-2.221
 0.460
 0.186
 0.414
-0.901
-1.119
 0.167
 0.023
-0.410
-0.444
-0.167
-1.454
-0.284
-0.913
-0.815
-0.315
 0.527
-1.296
 0.080
-0.109
-0.870
-1.057
-0.803
-1.225
 0.217
-0.501
 0.107
 0.424
-0.313
-0.026
-1.109
 0.812
-0.303
 1.748
-1.055
 0.287
-0.307
-0.504
-0.713
-1.523
-1.576
-0.894
 0.342
-1.574
-0.984
-0.777
 0.331
-0.520
-0.717
-2.278
-1.148
-0.961
 0.332
 0.017
 0.797
-0.775
 0.452
-0.248
-0.027
 1.378
-0.371
 0.619
 0.361
 0.478
 0.356
-0.665
 0.590
-0.109
-0.724
 0.162
 0.150
 0.512
-0.647
 0.081
-0.275
-0.188
 0.234
-0.283
 0.784
-0.582
 0.032
 0.560
-1.723
-0.196
-1.713
 0.156
 0.085
-0.089
-0.494
 0.566
-0.420
 0.295
-0.426
-0.794
-0.196
 0.550
-0.795
-0.734
 0.049
 0.071
-0.573
-0.909
-0.313
-1.100
-0.593
-1.193
 1.023
-1.125
-0.354
-0.224
 0.224
 0.310
 1.090
 0.422
 1.864
 0.734
 1.169
-0.168
-0.480
 1.200
 2.201
 0.051
-1.310
 0.503
 0.185
-0.296
 0.762
 1.569
 0.632
-1.309
 0.862
 0.549
-0.803
 0.800
 0.363
 1.765
-0.535
-0.247
-0.726
-1.207
-1.390
 1.275
-0.159
 0.564
-0.126
 0.183
 0.181
-0.195
 0.019
-1.750
-0.456
-1.055
-0.618
-0.320
 0.095
-0.208
-0.355
-0.217
 0.748
 0.064
 0.068
-0.642
 0.270
 0.370
 1.423
 1.227
 0.707
 1.528
 0.975
 0.301
 0.345
-0.692
 0.971
 1.612
 0.597
 1.792
-0.571
 0.206
 0.623
-0.969
-1.593
-0.574
-2.441
-0.773
-1.427
-0.341
-0.577
-0.922
 0.511
 0.524
 1.149
 0.137
 1.132
-1.095
-0.455
 0.567
 0.042
 0.633
 0.927
 2.565
-1.245
-0.285
 0.416
 0.416
 1.359
-0.060
 0.852
-0.393
 0.222
-1.042
 0.010
-0.398
 0.149
-1.389
-0.624
 0.307
-1.179
-0.602
-1.011
-1.408
 0.536
-0.057
 0.038
 0.956
 0.729
 1.916
 1.400
 0.940
 0.605
 0.143
-0.163
 0.502
-1.578
 0.117
-0.696
-0.968
-0.044
-0.282
-0.008
 0.718
 1.112
 0.409
-0.763
-0.079
 0.625
 0.954
 0.599
 0.471
-1.186
-0.788
-0.997
-0.082
 0.214
-0.544
 1.743
 0.574
 0.350
-1.128
 1.390
 2.158
-0.013
 1.104
-2.819
-1.738
-0.764
-1.230
 0.628
 0.011
-0.478
 1.238
-0.250
 0.795
-0.591
 0.263
-1.018
 0.786
 1.956
 1.208
 0.490
-0.822
 1.270
-0.702
-2.010
-0.834
-0.034
-1.896
 0.521
-0.385
-0.135
 0.636
 1.071
-0.063
 1.570
-0.310
 0.351
 1.030
 1.218
-0.110
-0.195
-0.110
 0.942
 1.013
-0.648
-0.086
 0.243
 1.026
 0.898
 0.275
-0.207
-0.239
 0.637
 0.342
 0.510
 0.934
 1.453
 1.163
-0.164
-0.483
 0.701
-0.085
-0.332
 0.373
 1.006
 0.452
-0.270
 1.585
-1.340
-0.805
 0.327
-0.118
 0.285
-0.142
-0.219
 0.064
-0.440
-0.429
-1.816
 0.030
 2.263
 0.427
-0.779
-0.198
-0.300
-0.167
 0.670
-0.622
-0.437
-0.527
 0.402
 0.305
 0.729
 0.229
 0.831
-0.434
-0.013
 0.197
 1.185
 1.576
 0.038
-0.337
 0.774
-1.557
-2.084
-0.291
-0.220
-1.078
 0.121
-0.173
-0.279
 0.043
-1.481
-0.268
-1.525
-2.001
 0.247
-0.044
-1.645
-0.440
-0.814
-0.862
-0.717
-1.553
-0.918
-0.803
-0.067
 0.073
 0.125
 0.270
-0.717
-1.578
-1.473
-1.572
-1.432
-1.258
-0.719
-0.811
-1.519
 0.020
-0.575
 0.855
-0.677
-0.533
 1.181
-0.492
 0.325
 0.555
-0.144
-1.754
 0.401
 1.470
 0.534
 0.128
 0.837
 1.312
-0.081
 1.266
 0.023
 0.493
 0.837
-0.012
 0.413
-0.552
 0.741
-1.810
-0.355
 0.433
-0.325
 0.370
-1.059
 0.211
 0.972
 0.776
 1.376
 1.959
 2.200
 0.129
 0.656
 0.698
 0.672
-0.704
-1.214
-0.290
 0.244
-0.206
 0.371
-0.064
-0.063
-1.938
-0.873
-0.731
-0.441
-1.702
-1.824
-0.278
-0.584
-1.356
-0.607
-0.060
 0.417
 0.984
 1.143
 0.561
-1.130
 0.900
-0.013
 0.502
-0.035
-0.722
 1.140
 0.595
 2.319
-0.558
 0.925
 1.604
 0.112
-0.157
 0.444
-0.515
-1.569
-0.401
-0.009
 0.455
 1.698
-0.535
-0.920
 1.563
 0.914
-0.641
-0.071
 0.298
 1.057
 1.654
 0.237
-0.741
-0.816
-0.271
 0.558
 0.146
 0.800
 0.149
-0.345
 0.389
-0.173
-0.086
-0.183
-1.141
-1.184
-0.278
 0.757
-0.740
-0.001
 0.302
 0.829
-0.912
-1.469
 1.250
 0.509
-0.063
-0.324
-0.358
-0.568
-2.127
-0.619
 0.039
 0.229
 0.141
-1.183
 0.393
 0.104
-0.208
-0.482
 0.040
 1.324
 0.933
 0.646
 0.361
-0.673
-0.264
-2.205
 0.032
-0.142
-0.521
-1.592
-1.042
-0.224
-0.197
-0.037
 0.271
-0.029
-1.624
 0.505
 1.527
 0.193
 0.073
 0.330
 1.712
-0.277
 0.431
 0.262
 0.596
 1.036
 0.020
-0.123
 0.103
 1.780
 1.376
 0.370
-0.189
 0.373
 1.018
 0.421
 1.225
 1.288
-0.618
-0.171
-0.122
 1.303
 0.605
 0.209
-1.306
 1.310
 1.515
-0.310
 1.479
 1.113
 2.332
 0.168
 0.154
-0.026
 0.275
 0.695
-0.983
 0.428
 0.251
 0.487
-1.114
-0.873
-2.422
-2.096
-1.376
-1.255
-0.929
-1.346
-0.957
 0.628
-0.233
-0.407
 0.649
 0.317
 0.631
 0.833
 1.751
-0.032
 0.776
 0.192
 2.631
 0.437
-0.802
 0.672
 0.476
-0.088
 0.841
 0.645
 0.082
-0.763
-1.126
-1.013
-0.659
-0.401
-0.080
-0.801
-0.184
-0.026
-0.769
-1.226
-0.593
-1.102
-0.818
-1.202
-1.347
-0.195
-1.727
-0.933
-0.726
-1.029
-1.442
-0.091
-0.554
-0.629
-0.503
-1.374
-0.988
-0.476
-0.076
-0.868
-0.495
-1.474
-0.679
 0.334
-0.605
-0.222
-1.300
 0.039
-0.706
-0.971
-0.560
-0.894
 0.080
-0.333
 0.386
-0.716
-0.104
-0.540
 0.968
 1.682
-0.229
-0.428
 0.197
-0.427
 0.517
 1.193
 0.837
 1.431
 0.919
 0.693
 0.634
 0.751
 1.407
-0.376
-0.246
-0.257
 0.219
 2.130
-0.018
-0.780
-0.046
-0.760
 0.202
-1.462
 0.689
 0.536
-0.354
 0.288
 0.111
 0.692
-0.801
-0.131
-0.031
 0.131
 1.118
 1.535
 1.604
 1.398
 2.090
 2.527
 0.842
 1.613
 2.176
 2.431
 0.429
 0.001
 2.014
 0.349
-0.458
 0.766
 0.542
 1.200
 0.840
 0.606
 1.073
-1.020
 0.531
 1.926
 1.717
 1.031
 0.438
 0.482
 1.047
 0.703
 0.879
 1.249
 1.843
 0.515
 0.358
-0.164
 0.351
 1.337
 0.923
 1.265
-0.797
-0.171
 0.687
 2.434
-0.186
 1.773
 1.268
 0.705
 0.980
 0.218
 0.640
 0.779
 0.074
 0.453
 1.035
 1.617
 1.675
-0.297
 1.058
 0.150
 0.188
 0.791
 0.415
 0.421
-0.475
 0.344
 0.056
-0.468
-0.758
 0.930
-0.211
-0.290
 0.424
-0.469
-0.170
-0.654
-0.117
 0.176
-0.162
-0.164
-1.017
-1.608
-0.459
-1.034
 1.817
 0.792
-0.249
-0.011
 0.605
-0.277
 0.274
 0.223
 0.152
 0.851
-0.778
 0.736
 1.022
-0.399
 0.640
-0.101
-1.060
-0.907
 0.824
-0.105
-0.447
-0.071
 0.892
 0.403
 1.669
-0.008
 0.613
 0.156
-0.298
 0.266
-0.414
-0.616
-0.550
 0.067
-1.073
 0.884
-0.008
-0.196
-0.186
-0.095
-0.414
-1.802
-1.392
-1.293
-1.922
 0.070
-1.236
-0.675
 0.940
-0.352
 0.243
 0.066
 1.360
 1.385
 0.469
-1.263
 1.059
 0.405
 0.857
 0.811
 1.179
 0.703
-0.183
 0.078
 0.731
 0.430
 1.141
 1.979
 0.559
 0.504
 0.799
-0.259
 0.385
-0.137
-1.519
-0.206
 0.209
-0.469
 1.044
-0.079
-1.006
-0.683
-0.270
 0.562
 0.548
 0.730
 0.638
-0.223
-0.022
-0.738
-0.308
 0.477
-0.757
-0.528
-0.099
 0.761
 0.966
-0.356
-0.785
-1.848
 0.128
 1.681
-0.349
-0.105
-0.807
-1.519
-2.826
-1.473
-0.596
-0.500
 0.412
-0.495
 0.478
 0.460
-0.792
 1.058
 1.639
 1.353
-0.224
 1.915
 0.657
 0.141
-0.318
-0.088
-0.900
-0.039
 0.681
 0.924
 0.084
-1.382
-0.276
-3.089
-0.828
-0.663
-0.017
 0.646
 0.687
 0.737
-1.379
 1.095
-1.979
-0.910
-1.160
-0.792
 0.745
 1.339
-0.533
-0.717
-0.450
-0.879
 0.785
-0.703
-0.161
-0.215
 1.888
 0.903
-0.699
-1.145
-0.301
 0.356
-0.581
 0.020
-1.332
-1.751
-0.657
-1.619
-0.881
 0.300
 0.201
-0.971
-1.196
-0.859
-0.379
-0.250
 0.262
-1.062
-1.375
-2.009
-0.330
 0.950
-1.011
-0.675
 0.296
-0.043
-0.517
-0.381
-0.991
-1.118
-1.114
-1.466
 0.255
-0.141
 0.653
 1.352
 0.857
-1.270
 0.626
-0.147
-0.947
 0.669
-0.039
-1.211
-1.165
 0.209
 0.536
 0.473
-0.045
-0.128
-0.077
-0.392
-0.543
 0.536
-0.980
 0.149
-0.396
-0.644
 0.318
-0.804
-0.033
-1.153
-2.031
-1.922
-0.770
-1.880
-0.769
-0.299
 0.335
-0.009
-0.732
-0.739
-0.172
-0.473
 0.647
 0.847
 0.407
 0.123
 0.190
-1.610
-0.033
-1.574
 0.117
-1.054
-1.038
-0.228
-0.056
-1.330
-0.368
-0.681
 0.047
-0.603
-0.612
 0.015
-0.190
 0.943
-0.224
-1.175
-1.214
 0.292
-0.092
 1.566
 0.932
 0.916
-0.992
 2.111
 1.485
-0.638
-0.118
 0.765
-0.596
-0.867
 0.835
 0.220
-0.664
-0.570
-1.603
-1.792
-1.015
 0.919
 2.118
 0.235
-0.357
-0.453
-0.376
 1.173
 0.401
-0.786
 0.764
 0.020
-1.450
-0.910
-0.485
-2.097
-0.146
 0.597
 1.049
 1.640
-0.252
-0.745
-0.715
-0.475
 0.141
-0.636
-0.337
 0.060
 0.017
-0.308
 1.052
 0.881
 0.724
-0.203
 0.479
 0.699
 1.284
 0.316
 1.214
-0.454
-0.214
-0.103
 1.032
-0.601
 0.244
 1.156
 1.724
 1.093
 1.324
-0.543
-0.486
 0.160
-0.862
-1.237
 0.951
 1.915
 0.692
 0.860
 1.294
-0.158
 1.046
 1.538
-0.982
-1.572
-0.035
 0.410
-0.475
-0.837
-0.035
-0.232
 1.339
 0.508
 1.277
-0.032
-0.089
-0.774
-0.323
 0.412
 0.087
 2.552
 0.876
-0.083
 1.022
-0.372
 0.732
-0.191
 2.161
-0.230
-0.615
-0.162
-0.362
 0.340
-0.342
-0.313
 0.689
-0.217
 0.229
 0.388
-0.424
-0.621
-0.417
-0.233
-1.208
-0.653
 0.443
-1.874
-3.340
-0.761
-1.168
-0.545
-0.734
-0.869
 0.917
 0.264
-1.247
-0.080
 0.323
-0.755
-1.174
 0.011
-0.821
-0.182
-0.394
-1.259
-0.935
-2.183
-1.493
 0.413
 1.836
 0.571
-0.019
 0.237
-0.990
-0.029
-0.232
 0.176
 1.191
 0.504
-0.406
-0.894
-1.844
 0.274
 0.105
 0.160
 0.905
 0.280
 1.225
 0.100
 0.208
-1.415
-1.291
 0.083
-0.879
 0.333
 0.632
 0.782
 0.340
-1.172
 1.323
 1.791
 1.774
 1.045
 0.025
-0.068
-0.376
 1.297
 1.160
 0.409
 1.706
 0.849
-0.291
 1.141
 0.183
 0.679
 1.193
 0.874
-0.069
-0.405
 0.942
-0.006
 1.181
 1.877
 0.495
-0.723
 1.450
-0.006
 1.833
 0.642
 0.835
-0.849
 1.114
-0.567
-0.171
-0.800
-1.415
-1.245
-1.103
-0.626
-0.335
 0.892
 0.565
-0.935
-0.640
 1.367
-0.452
 1.872
-1.142
 0.688
 0.599
-0.686
 0.359
 0.041
-0.680
-1.757
-0.456
 0.570
 1.349
 1.553
 0.533
-0.173
 0.192
-0.550
 0.041
-0.894
-0.340
-0.804
 0.124
-1.261
-0.312
 0.560
-0.460
 0.722
-0.947
 0.885
 2.346
 1.723
 0.960
-0.434
 0.092
-0.150
-0.018
 1.181
 0.571
-0.335
 0.702
 0.929
-1.168
-0.415
 0.748
-0.825
 0.934
 0.263
 0.208
 0.694
 0.479
 0.638
 0.604
 1.238
-0.270
 1.795
 2.093
 1.296
 0.792
 1.006
 0.133
 2.010
 0.655
 1.479
 0.793
 0.024
 0.430
-0.509
 0.158
-0.085
 0.410
-1.240
-0.258
-0.470
-0.653
 1.174
-0.113
 0.149
 0.370
 0.133
 0.499
 0.233
 0.509
 1.159
 0.218
-0.954
 1.169
 0.651
 1.436
 0.867
-0.411
 0.259
 0.305
-0.892
 0.369
-0.657
-0.354
 0.117
 0.724
 0.069
-0.593
-0.257
 0.056
 1.171
 0.231
 1.449
 0.536
 1.646
 0.162
 1.194
 0.347
 0.814
-1.253
-0.960
 1.333
 1.100
 1.094
 0.907
 0.861
 0.164
 1.043
-1.451
 0.335
 0.690
 0.800
 2.948
 0.545
 2.304
 1.972
 1.008
 0.571
 0.204
-0.024
-0.088
 0.689
-0.973
 0.144
 1.730
-0.056
 1.324
 0.623
 0.640
-0.485
 0.071
 0.462
 1.090
 0.283
-0.580
-0.300
 0.917
 0.480
-0.381
-2.176
-0.650
 0.529
-0.771
-0.092
-0.077
-0.692
 0.206
-0.125
-0.485
-1.000
-0.451
 0.042
-2.397
 0.286
-1.392
 0.502
-1.283
-0.361
-0.542
-0.566
-1.545
-0.724
-0.599
 1.010
-0.295
 0.865
 1.403
-0.562
-0.578
 0.247
-0.759
 0.897
 0.288
 0.230
 1.060
 1.136
 0.085
-0.108
 1.164
 2.321
 1.722
-0.331
-0.510
 1.684
 0.850
 0.195
 0.563
 2.171
 0.909
 2.194
-0.093
-0.286
 0.585
-0.097
 0.823
 1.244
 2.494
 1.343
 2.145
 1.590
 0.057
 0.798
-0.218
-1.266
-0.587
-0.201
-0.293
-0.307
-0.278
 0.171
 0.717
 0.785
 0.887
 0.506
-0.679
 1.894
 0.925
 0.696
-0.716
-0.545
-0.149
-0.802
-1.276
-1.301
-2.543
-0.929
-0.910
-0.936
-0.141
 1.158
-0.421
 0.646
-0.292
-0.406
 1.874
 1.527
 1.598
 2.573
 1.166
-0.604
-1.079
-0.588
 0.231
 1.583
 1.261
 1.590
 1.032
 0.121
 0.115
-0.090
 0.218
-0.371
 0.164
-0.139
-0.542
-1.122
-0.631
-1.875
-0.161
 0.028
-0.597
-0.582
 0.442
 1.221
 1.362
 1.412
 0.531
 1.641
 1.385
-0.020
 1.406
 0.499
-0.363
 1.115
-1.087
 0.000
 0.948
 0.904
 0.588
 2.950
 0.893
-0.077
 1.944
 1.773
 0.366
 1.285
-0.299
-1.004
-0.499
 0.914
-0.285
-0.094
-0.705
 0.570
 0.726
 0.062
 2.148
-0.285
-0.310
-1.082
-0.540
-0.806
-0.081
-0.123
 0.563
 0.540
-0.140
 0.057
 1.521
 0.493
 0.983
 0.944
 1.676
 0.569
-0.154
-0.470
-1.565
-1.409
-1.470
-0.013
-0.928
-1.778
-1.609
 0.644
 1.239
-0.529
-0.035
-1.370
-0.421
 0.321
-0.470
-1.976
-1.875
-0.565
-0.415
 0.747
 0.132
-0.381
-1.131
-1.710
 0.365
 1.287
 0.169
-1.057
-0.659
 0.078
 0.073
-1.391
-1.193
-1.169
 0.312
-0.865
-1.721
-1.936
-1.017
 0.884
-1.306
 0.571
-0.032
 0.562
-0.160
 0.160
 0.611
-0.061
-0.425
 1.462
-0.505
-0.833
-0.348
 0.346
 0.637
-1.314
-1.344
-0.909
 0.105
-0.033
-0.064
 0.134
-1.755
-0.285
-0.326
-0.640
 0.326
-0.971
-0.686
-1.389
-1.178
-1.351
-0.681
-0.326
 0.169
 2.080
 1.758
 1.736
 0.198
-0.862
-1.090
-1.636
-0.348
 0.505
-0.688
 0.641
-0.249
-0.265
-0.683
-0.814
-0.153
-1.085
 0.736
 0.520
-0.264
 0.085
 0.751
-0.183
-0.324
-0.360
-0.903
-0.471
 0.159
 0.180
 0.820
 0.025
-0.463
 0.183
 1.189
-0.688
 0.778
-0.474
 0.271
 0.942
 1.208
 0.375
 1.424
 0.596
-0.312
 0.212
-0.964
 0.425
-0.539
 0.181
-0.119
-0.410
 1.403
 0.242
-0.966
-0.082
-0.947
-1.885
-1.345
-0.518
-0.790
-0.154
-0.060
-0.241
 0.549
 1.267
 2.117
 0.098
-0.104
-0.380
 0.970
-0.305
-0.144
 0.213
-0.228
-0.668
 1.072
-0.986
 0.421
 0.376
-0.499
 0.225
 0.588
-1.137
 0.311
 0.110
 0.554
-0.194
 0.213
 0.189
 0.139
-0.002
 0.505
-0.766
-0.774
 1.358
 0.200
-1.301
-1.461
 1.040
 0.139
 0.651
-1.877
-0.946
-1.588
-0.739
-2.325
-1.141
 0.599
-0.259
 0.051
 0.478
 0.588
 0.153
 0.897
-1.808
 0.894
 0.888
 0.892
 1.996
 2.117
 2.730
-0.008
-0.523
-1.177
-0.226
 0.493
 0.419
 0.279
 0.278
 0.039
-0.681
-1.106
 0.006
-0.112
-0.348
-0.459
 0.606
-0.920
 0.501
 0.201
 0.499
-0.279
-0.256
 0.747
-0.047
 1.165
-0.455
-0.926
 0.197
 0.730
 1.005
 1.854
 0.341
-0.062
-1.681
 0.433
-0.373
 0.419
 0.169
-0.442
-0.076
-0.328
-0.491
 0.509
 0.493
 0.386
 0.101
-0.930
-0.734
-0.272
 0.629
 1.136
 1.070
-0.638
-0.113
-0.870
 0.676
 0.637
 1.122
-0.452
-0.565
 0.434
 1.641
 2.356
 1.102
 1.092
-0.430
 0.140
 0.193
-0.617
-0.124
-0.912
-0.154
 0.616
 0.759
 0.582
 1.087
-0.337
 0.253
 0.849
 0.821
-0.191
 0.555
 0.250
 1.554
 1.301
 0.124
 0.728
 1.541
 1.647
 1.164
 1.810
 1.374
 0.151
 0.510
-1.120
-0.608
 0.502
 1.402
 0.359
-0.058
 0.505
-0.887
-0.462
-1.342
-1.664
-2.267
-0.279
 0.461
-0.097
 0.185
-0.382
 0.368
-0.090
 0.704
-0.602
-1.339
-0.646
-0.094
-0.534
 0.435
 1.233
 1.320
-0.197
-0.748
-0.536
 0.810
 1.406
 1.403
 0.846
-0.178
 0.064
-0.745
 0.777
-1.553
 0.225
-0.674
-0.601
-0.034
 0.224
 0.189
-0.302
-0.301
-0.574
 0.087
 1.010
-0.613
 0.077
 2.212
 0.624
 1.654
 1.250
 2.685
 0.203
 0.570
 1.843
 1.496
 1.875
 0.161
 0.494
 1.134
 0.838
 0.756
 1.894
 0.662
 0.645
 1.343
 0.569
-0.682
 0.244
 0.302
-0.964
 0.073
-0.638
-0.839
-0.484
 0.466
-0.347
-1.347
 0.190
-1.083
 0.013
 0.510
 0.349
 1.023
-0.696
 0.242
 1.031
 0.571
-0.887
-0.238
-0.593
 0.618
 0.126
-0.903
-0.262
-0.179
-1.154
-0.261
-1.684
-2.218
-0.520
 1.189
 0.697
-0.855
 0.514
-0.155
-0.520
-0.840
 1.303
 0.392
-0.348
 1.619
 1.047
 1.098
 0.123
 0.512
 0.817
 0.477
-0.236
 0.174
-0.374
 0.175
-0.819
 0.285
 0.474
-0.127
 0.059
-1.079
 0.340
 0.640
 0.683
-0.225
-0.669
 0.714
 0.474
 1.018
 1.110
 0.509
 0.055
 1.501
-0.157
 1.566
 1.397
 1.170
 1.947
 1.321
 1.079
 0.994
-0.244
-0.166
-0.383
-0.384
 0.053
 0.262
-0.041
 0.407
 0.787
 0.084
 0.362
-0.614
 0.774
 0.392
 0.675
 0.144
 0.991
-0.248
 0.112
 1.114
 1.111
 0.457
 0.393
 0.926
 1.010
 0.440
 1.833
 0.860
-0.542
 1.234
 0.452
-0.965
-0.374
 0.241
 0.914
 0.875
 1.686
 0.720
-0.983
 1.307
 1.400
 0.973
 0.130
 1.037
 2.305
 1.622
 2.335
 2.024
 1.576
 1.251
 2.290
 0.485
 1.317
 2.181
 0.026
 0.434
 1.070
 0.404
 0.207
-0.105
 0.203
-1.143
 1.032
 0.005
-1.219
-1.079
 0.101
-0.122
-1.770
-1.436
 0.203
 0.687
 0.896
-0.313
 0.957
 1.153
-0.464
-0.804
-1.896
 0.079
 1.137
 0.462
-0.286
-0.711
-2.090
-0.525
-2.344
-1.829
-0.744
 0.758
-0.924
-0.677
 0.725
-1.245
-0.829
-0.658
-0.177
 0.598
-0.281
-1.276
 0.234
-0.810
 0.776
-0.188
-0.585
-1.180
-2.349
-1.296
-1.195
-0.721
 0.382
 1.084
 1.938
 0.629
-0.507
 0.011
 0.699
-1.857
 0.263
-0.766
-0.576
-0.413
-1.384
-0.965
-0.784
-1.425
-0.321
 0.470
 0.089
-1.437
 0.942
 1.813
 0.893
 0.418
 0.258
 0.202
 1.040
 0.926
 1.073
 0.641
 0.626
 0.427
 1.408
 1.609
 0.008
-0.894
 1.247
 0.698
 1.141
 1.182
 0.434
-1.934
-0.749
-0.671
-0.508
-0.841
-1.958
-1.973
-0.530
-0.522
-0.400
-0.093
-0.030
 0.911
 0.759
-1.053
 0.413
-0.124
 0.151
 0.306
-0.361
 0.872
 0.410
-0.134
-0.558
 1.324
 0.034
-0.657
-0.461
 0.715
 1.370
 0.157
 0.151
 0.190
-1.000
 0.239
-0.113
-0.396
-0.783
 0.508
 0.283
 0.236
-0.068
 0.041
 1.827
 1.197
-0.643
-1.221
-2.096
 0.054
 0.054
-0.477
-0.248
-0.221
 0.268
-0.910
-1.165
-0.152
-0.483
 1.019
-1.099
-0.837
-1.974
-1.275
 0.043
 0.777
 1.431
 0.415
-0.108
 0.171
-1.764
-0.406
-0.944
-1.344
-0.068
 1.433
 0.864
 0.839
-0.039
 0.893
 1.427
 0.751
 0.541
-0.882
-2.038
 0.286
 0.094
 0.827
 0.188
-0.018
 0.425
-0.543
-0.330
-0.377
-0.760
 0.291
-0.502
 0.142
 0.896
-0.570
 0.178
-0.004
 0.003
-0.211
-0.622
-0.175
-0.127
-1.011
 0.548
-0.733
-0.349
 0.120
-0.367
-0.985
 0.188
 0.062
-1.212
-1.051
 0.121
 0.246
-0.237
-1.211
-0.711
 0.147
 0.085
-0.345
 0.337
 1.007
 1.074
 0.535
 0.944
 0.571
-0.294
 1.401
 1.150
 0.836
-0.316
-0.217
 0.046
 0.761
-1.377
-0.527
-0.622
 0.486
-1.567
-0.409
-0.487
-0.220
-0.522
 0.201
-0.980
 0.153
 2.598
 1.914
 0.683
-0.390
-1.293
-0.733
-0.009
 1.019
 0.694
 0.184
 0.229
 0.403
 0.509
-0.797
-0.243
-0.185
-0.717
-0.642
-1.247
-0.814
-1.335
-0.559
-0.817
-0.187
-0.201
-0.677
 0.082
-0.411
-1.843
-0.091
-0.918
-1.699
-0.130
 1.491
 0.554
 0.244
 0.362
-1.396
-0.299
 1.127
-1.035
 0.358
-1.789
-1.222
 0.429
-0.700
 0.517
-0.096
-1.972
-2.028
-1.945
-0.340
-1.599
-2.299
-0.012
-1.163
-1.448
-1.019
-0.199
-1.076
-1.187
-0.871
 1.106
 0.015
-1.420
 0.080
 1.384
 0.796
-0.561
-0.430
-1.147
-0.554
-0.809
 0.137
 0.673
-0.080
 0.081
 0.370
-0.386
-0.263
-1.993
-1.896
-0.482
-1.314
-0.590
-1.968
-1.397
-0.263
 0.338
 0.409
-0.525
-2.034
-0.671
-1.433
-0.509
 0.507
-0.934
-0.731
-1.468
-0.680
-1.327
-0.968
-1.157
-0.662
-0.367
-0.446
 0.243
-1.040
-1.304
-0.995
-0.654
-0.586
-0.039
-0.591
-1.076
-2.258
-1.388
 0.028
-1.794
-1.511
-1.346
 0.289
 0.241
-0.934
-0.469
-0.351
-0.228
 0.813
 0.434
-0.389
 0.720
 0.283
 0.935
 0.383
-1.334
 0.166
 0.517
-0.082
-0.001
 0.815
 0.401
 1.308
-1.238
-0.398
-0.063
 0.475
-0.067
 0.800
-0.320
-1.388
-0.457
 0.200
-0.608
 1.094
-0.649
 0.164
 0.272
-0.233
 0.452
 0.872
 0.019
 0.498
 0.361
-0.612
-1.001
 1.540
-0.338
 0.575
-1.492
 0.570
 0.478
 0.714
-0.412
-0.617
 0.271
 0.022
 0.082
-0.683
 1.204
-0.365
-0.316
-0.034
 0.544
-0.058
-0.120
 1.590
 1.686
 1.252
 0.970
 0.653
-0.341
-0.682
-1.847
-0.624
-0.066
-1.288
-0.360
 0.878
 2.101
-1.266
 0.266
 0.899
 1.830
 0.931
 2.356
 2.026
 0.711
-0.283
 0.814
 0.104
 1.526
 0.411
 0.248
-0.515
 1.944
 1.326
-0.068
 0.896
-0.315
 1.040
 2.286
 0.019
 0.484
 1.401
 1.184
-0.218
 1.891
 1.225
 0.883
 1.439
 0.150
 0.218
 0.971
-0.151
 0.579
 0.946
 0.985
-0.008
 1.970
 0.829
 1.755
 1.042
 0.836
-0.116
 0.294
 1.486
 0.545
 0.593
 0.677
 0.657
-0.132
 1.202
-1.141
 0.884
 0.438
-1.137
 1.461
-0.679
 0.083
 1.263
 0.776
 0.194
 0.725
 0.246
-1.355
-0.027
-0.138
 0.637
 0.233
-0.360
-0.086
-0.694
-0.046
-0.108
 0.438
-0.367
 0.193
-0.289
-0.173
-0.981
-1.539
-0.348
 0.111
-0.980
-0.385
-1.082
-0.443
 0.462
-0.341
-0.315
-1.153
-0.559
 2.134
 1.060
-0.047
 0.729
 0.923
 1.233
 0.430
 0.118
-0.072
-0.717
 0.643
 0.177
 0.250
 0.119
 1.250
-0.313
 0.067
 0.439
-0.238
 0.097
 0.384
-1.045
-1.160
 0.896
-0.838
 0.214
 0.172
 0.181
-0.813
-0.618
-0.784
 0.349
-0.282
 0.376
-0.908
 0.204
-0.250
-0.447
 1.053
-0.081
 0.272
 1.011
 0.652
 0.378
-0.218
-0.081
 1.596
 0.574
-0.198
 1.035
 0.881
 0.316
 1.046
 1.108
 2.349
 1.231
 0.070
 0.107
-0.142
-0.505
 0.964
 0.919
 0.940
 0.411
 0.752
 0.271
-0.838
 0.349
-0.316
-0.837
 0.243
 0.583
 0.325
-0.539
-0.923
-0.817
-1.490
-1.633
 0.669
 0.099
 1.034
-0.342
-1.712
-1.985
-0.125
-1.264
-0.240
-1.152
 0.049
-2.130
-1.499
 0.186
-0.042
 0.108
-2.104
-0.713
-0.258
-0.236
-0.102
 0.556
-0.432
-0.748
-1.150
 1.683
-0.245
 1.150
 1.576
 0.005
 1.365
 0.975
-0.672
-0.506
 0.474
-0.691
-0.192
 0.225
-0.183
 0.006
-0.457
 0.267
-0.214
 0.356
 0.075
 1.950
 1.763
 0.446
 0.933
 0.562
 1.531
 0.264
 1.032
 0.327
-1.136
 0.706
 1.343
 0.948
 0.467
 0.519
 1.004
 0.567
 0.092
 0.312
 0.226
 0.393
 1.469
 0.602
 0.539
 1.113
 0.731
 0.385
 1.815
-0.753
 1.412
 1.924
 0.846
 0.422
 1.814
 0.869
-0.452
 0.341
 0.208
 1.438
 1.714
 1.958
 2.095
 1.494
 2.220
 0.342
 0.199
 0.339
 0.412
-0.037
 0.142
 1.650
-0.121
-0.070
 1.459
 0.488
-0.610
-1.935
-0.964
 0.051
 0.145
-0.942
-0.937
 0.081
 1.000
-0.369
 0.424
 0.420
-0.566
-1.232
-0.421
-0.524
 1.988
 1.399
 2.242
 2.016
 1.993
 1.592
 1.018
 0.137
-1.093
 0.652
 1.841
 1.208
 1.762
 1.008
 0.391
-0.223
-0.886
 0.141
 0.643
 0.470
-0.861
-0.358
-0.591
-1.983
 0.531
 1.338
-0.132
-1.016
-0.992
-1.187
 0.527
-0.603
-1.175
-0.504
-1.107
-1.084
-0.140
-0.127
 0.348
-1.205
 0.268
-0.562
-1.017
-0.343
 0.333
-0.094
 0.132
 0.620
-0.216
-0.868
-1.529
-0.298
 0.946
 0.348
 0.340
 0.748
 0.791
-0.218
 0.972
 0.346
 0.319
-0.288
 0.416
 0.633
 0.109
 0.431
-0.807
 0.585
 0.363
-0.279
 0.501
-0.995
 1.588
 0.608
-0.449
 0.476
 1.239
 2.092
 0.357
-0.058
 0.601
 0.302
 0.687
 2.286
 2.013
 0.671
 0.691
 1.603
 0.274
-0.195
 1.493
 1.844
 0.514
 1.049
-0.118
 1.011
 1.746
 0.795
-0.248
 1.491
 0.385
-0.946
-0.268
 0.157
-0.044
 0.239
-1.086
-0.487
-0.392
-0.454
-1.025
-0.198
 0.163
-0.917
-0.442
 0.187
 0.293
 0.733
 0.278
-1.047
 0.512
 0.798
 1.634
 2.450
-0.675
-0.260
 0.783
-0.808
 0.907
 0.562
-1.217
 1.310
 0.444
 2.242
 2.217
 0.303
 0.678
 0.051
-0.841
 0.186
-0.960
 0.327
 1.192
 0.800
 0.055
 0.871
 0.070
 0.325
-0.093
 0.153
-1.455
-2.064
 0.341
-0.073
 0.757
-0.733
 0.012
 0.107
-0.376
-0.614
 1.163
 0.979
 0.572
 0.881
 0.113
 0.617
 0.453
 0.163
 0.033
 0.122
-0.577
 0.751
 0.264
 0.855
 1.389
 0.582
 1.257
 0.684
-0.023
-1.372
-0.820
-0.274
 0.894
 0.752
 0.607
-1.601
-0.602
-1.234
 0.157
 0.712
 1.855
 0.405
-0.016
-0.555
-1.175
-0.534
-0.500
-0.130
-1.130
-0.262
-1.241
-2.007
-1.505
 0.505
-0.516
 0.289
 1.113
 0.373
-2.280
-0.544
-0.236
-0.014
-0.138
-0.111
 1.278
 0.833
-0.202
-0.035
-1.414
-2.246
 0.544
-0.802
-0.771
-0.224
-0.223
-0.152
 0.049
-0.546
-0.029
-1.166
-0.133
-0.520
-0.987
-0.202
-1.108
 0.888
 0.898
 0.596
 0.163
 0.348
-0.273
-0.659
-1.804
 0.525
-0.447
-0.709
 0.314
-1.235
-0.911
-1.000
-0.374
-0.025
-0.555
-0.485
 0.763
 0.326
-0.542
-0.919
-1.316
-1.681
-0.797
-0.840
-0.519
 1.060
 0.469
-0.106
 0.161
 0.919
-0.314
 0.446
 0.734
 0.171
 0.430
-0.455
 0.278
 0.498
-1.282
-0.802
 1.033
-0.613
 0.243
-1.466
 0.443
 0.514
 1.004
 1.461
 0.281
 0.327
 0.706
 1.101
-0.366
 0.119
-0.719
-0.039
-0.569
-1.523
-0.590
 1.503
 1.415
 0.754
 0.154
-0.968
-0.804
 0.224
-0.006
-0.685
