.644
-1.151
 0.904
 0.679
-0.452
-0.303
-0.678
 0.617
 0.563
 1.002
-1.558
 0.326
 1.079
 2.692
 0.767
 2.157
 0.744
 0.971
 0.023
-0.502
 1.024
 1.146
-0.066
 0.043
 0.425
 0.238
-0.473
 0.638
-0.093
 1.255
 1.359
 0.810
 0.778
-0.269
-1.666
-0.853
-0.272
 0.396
-1.079
-1.781
-0.100
 0.097
 0.090
-0.189
 0.165
 0.481
-0.560
 1.011
 0.135
 1.908
 1.195
 0.399
 1.004
 0.116
 0.790
 0.082
-0.185
-0.341
-1.106
-0.315
-0.112
-1.203
-2.031
-1.019
-1.314
-1.532
-0.945
 0.681
-0.264
 1.366
 1.618
 1.108
 1.528
 0.850
 1.005
 0.795
 0.239
-0.652
 1.127
-0.342
 0.869
 1.555
 0.877
 1.407
 0.976
 0.236
 0.890
 1.419
 1.350
 1.111
 0.373
 1.040
 2.136
 1.490
 0.904
 0.941
 0.688
-0.054
 0.978
 0.720
 1.846
 1.988
 2.417
 0.866
 1.437
 1.136
 2.651
 1.999
 2.737
 1.980
 1.166
 0.796
 1.469
 1.696
 0.364
-0.294
 1.636
 1.144
 1.408
 1.423
 0.424
 0.114
 2.170
 1.508
 0.328
 0.849
-0.162
-0.335
 0.077
 0.028
 0.849
 0.686
 0.408
 0.444
-0.425
-0.205
-0.333
 0.494
 0.081
 0.557
-0.374
 0.215
 0.630
 0.564
-1.545
 0.573
-0.559
-1.392
-1.533
-0.441
-0.896
-0.061
-0.844
-0.979
-0.681
-1.572
 0.472
 0.731
-0.140
-0.486
 0.935
 0.479
-0.311
-0.505
 2.619
 1.855
 1.137
 0.763
 0.175
 1.845
 1.585
-0.920
-1.166
-0.618
 0.324
 0.949
 1.752
 0.269
 0.641
 0.301
 0.240
-0.219
-1.033
 0.447
 0.425
 0.990
 0.872
 0.095
 0.047
 0.146
 0.445
 1.901
 0.629
-0.808
-1.340
-1.291
-1.291
-0.414
 0.526
-1.881
 0.165
 1.172
 0.174
 0.429
 1.148
 1.443
 1.145
 0.538
 0.851
 3.631
 2.386
 1.782
 1.011
 0.878
 1.810
-0.038
 0.356
 0.624
-0.398
-0.651
 0.098
-1.494
-0.604
-0.030
 1.004
-0.220
 0.700
-0.106
-1.134
-1.635
-1.097
-0.706
-0.843
-1.061
 0.210
-1.124
-0.524
 0.456
 0.082
-1.391
-1.395
-1.607
-0.657
 0.395
-0.113
-1.737
 0.075
-1.743
 0.265
-0.457
-1.236
-2.254
-1.017
 0.298
-0.654
 0.320
 0.131
-0.151
-0.302
 1.189
 1.070
 0.733
 0.943
-1.346
 0.525
 0.324
-1.643
-0.800
 0.439
 0.143
-0.210
-0.082
 0.331
-0.203
-0.707
-1.181
-1.226
 0.948
 0.271
-0.329
-1.970
-1.363
-0.382
-0.244
-1.404
-2.491
-0.969
 0.228
-0.418
-0.875
-1.139
-0.523
-0.010
 0.053
-0.268
 0.791
 0.167
-1.329
-0.074
 0.088
-1.044
 1.310
 0.579
 0.603
 0.177
 0.105
-0.776
 0.469
-0.876
-1.015
-2.376
-0.393
 0.172
 1.421
 0.400
 0.203
 0.919
 0.296
 0.600
 1.563
 0.102
 0.809
 0.616
-0.084
 0.414
 0.419
 0.497
 1.725
-1.456
 0.125
 2.218
 2.615
 1.549
-0.488
 1.029
 0.712
 0.946
 1.561
 1.902
 1.463
 1.439
 1.234
-0.617
 0.714
 1.855
-0.030
-0.381
 1.223
 0.397
-1.203
-0.282
-0.257
-0.550
-1.047
 0.658
-1.469
-0.632
-1.671
-0.585
-0.701
 0.994
-0.347
 1.129
-0.244
 0.145
 0.485
 0.479
 1.616
 0.845
 1.212
 1.997
 2.277
 0.297
 1.771
 2.232
 2.317
 1.735
 1.152
 1.703
 1.204
 2.304
 0.628
 0.957
 0.836
-0.190
 0.625
 0.737
 1.473
 0.460
 0.948
 1.349
 0.818
 0.488
 0.918
 1.178
 1.326
-0.655
 0.135
-0.981
 0.878
 1.513
-0.355
-0.207
 0.307
-0.750
 0.504
 1.437
 1.539
-0.369
 0.009
 0.009
 0.289
-0.251
-0.890
-0.740
 0.807
-0.022
-0.393
-0.004
 0.416
 2.010
-0.077
-0.738
-1.187
-0.696
-1.515
-1.329
-1.696
-0.093
-0.523
 0.181
-0.948
-0.609
-0.059
-0.623
-2.656
-2.340
 0.700
 0.064
 0.563
-1.110
-0.348
 0.192
 1.116
-0.361
-0.155
-0.716
-1.059
 0.394
-0.467
 1.204
 2.673
 1.062
 0.311
 0.357
 0.246
 2.300
 0.167
 1.127
 0.011
-0.516
-0.030
 0.562
 0.883
 0.123
-1.251
-1.089
 0.362
-0.587
-1.105
-0.945
 0.042
 0.772
-0.460
 0.562
-0.399
-0.701
-0.753
-0.410
 0.190
-0.878
 0.016
-0.320
 1.098
 0.430
 0.684
 0.267
 0.599
 1.885
-0.137
-0.069
 0.318
 2.539
 0.914
 0.266
 1.046
 0.634
 1.144
 0.775
 0.979
-0.754
-1.001
-0.699
-0.320
-0.615
 0.694
 0.301
-1.531
-0.164
-2.403
-1.837
-1.503
-0.392
 1.334
-0.804
 0.321
 0.494
-0.161
 1.714
 0.985
-0.459
 0.586
 1.760
-1.225
-0.148
 0.437
-0.145
 0.211
 0.777
-0.119
 0.320
 0.618
 0.432
 1.153
 1.062
 1.303
 0.873
 2.143
 0.802
 0.341
 1.148
 1.137
 0.075
-0.192
-0.023
 1.339
 1.317
-0.288
 0.658
 0.449
 0.305
 0.278
 0.395
-0.484
-0.571
 0.628
 1.124
-0.065
 1.451
 1.076
 0.363
 0.504
-0.178
 0.470
-0.019
-1.865
-0.721
-0.421
 1.035
 1.617
-0.279
-1.095
-0.860
 0.744
 0.401
 0.489
 0.123
 0.038
-0.291
 1.453
 0.132
 0.767
-0.042
 0.776
-0.335
-2.051
 0.418
-1.555
-0.551
-1.078
-1.613
-1.011
-0.860
-1.309
 0.026
-0.346
-0.006
 0.209
 0.919
 2.398
-0.234
 1.538
 0.325
-1.086
-0.917
-0.634
 0.644
-1.105
-0.965
 0.201
-0.912
-2.122
-0.173
-1.804
-1.957
-0.974
-1.377
-0.839
 0.409
-0.138
-0.512
 0.800
 0.333
-1.165
-2.234
-1.627
 0.011
-0.504
 0.032
-0.885
 0.383
-0.277
-0.691
 0.503
 1.783
-1.085
-0.727
 1.101
-0.087
-0.888
 0.861
-0.150
-0.328
-0.781
 0.637
 0.401
-0.521
-1.820
-0.896
-0.772
-0.470
 0.163
-1.348
-0.992
-1.291
-1.403
-1.920
-1.759
-1.577
 1.279
-0.283
-0.925
 0.849
 1.745
 0.226
-0.825
-1.666
 0.038
 0.594
-0.340
-0.831
-0.647
-1.730
-0.664
 0.804
-0.312
-1.302
-1.723
-1.595
-2.512
-2.848
-2.956
-2.613
-1.760
-0.125
 0.790
 0.644
-1.022
-0.120
-1.141
-1.358
-1.398
-1.581
-0.419
-0.911
-0.722
-0.282
-0.200
-0.314
-0.440
-1.095
 0.302
-1.425
-1.516
-0.925
-1.215
 0.146
 0.722
-1.050
 0.495
-1.549
 0.955
 0.175
-0.759
 1.280
-0.768
 0.196
-0.258
-1.431
 1.018
 0.186
-1.923
-0.680
-0.797
 0.462
-0.537
-0.950
-1.897
-0.549
-0.191
-0.307
-1.108
-0.006
-0.940
-0.803
-1.058
-0.334
-0.652
-1.768
-1.277
-0.071
-0.594
-1.180
-1.743
-2.198
 0.030
-0.853
-1.032
 0.353
 0.818
 0.180
 0.294
-0.245
-1.412
-0.605
 0.576
-0.062
-0.875
-1.091
-0.525
-0.505
-0.919
-0.664
 0.335
-0.045
-0.546
 0.885
 0.785
-0.816
 0.819
-0.597
 0.827
 1.144
 1.371
-2.038
 0.059
 0.096
-0.081
-0.211
 0.416
-1.316
-0.493
 0.203
 0.780
 0.725
 0.420
 0.715
 0.349
-0.546
-1.617
-0.411
-0.269
 0.257
-0.441
 1.507
 0.112
 0.325
 0.642
 0.590
-0.722
-1.496
-0.907
-0.793
-0.832
-1.480
-1.292
-1.511
 0.423
-0.616
-1.437
-0.545
-0.963
-0.113
-1.160
 0.619
 0.804
-0.580
-0.869
-1.226
-0.712
-1.122
-1.928
-1.361
-2.342
-1.420
-1.494
 0.319
 0.855
-0.050
-0.042
-1.213
-1.949
-1.555
-1.882
-1.212
-1.369
-2.538
-2.226
-1.087
-0.409
-0.452
 0.928
 1.026
 1.424
 0.529
-0.073
-0.227
-0.077
 0.294
-1.697
-0.182
-1.457
-0.403
-0.500
 0.344
-0.898
-2.035
-0.145
-0.018
-1.253
-0.213
-1.213
 0.142
 0.615
 0.448
-0.068
-0.744
-0.104
 0.452
 0.315
-0.221
-0.632
 1.334
 0.154
 0.372
-0.155
 0.053
-0.611
-0.629
-0.573
-0.379
-1.565
-0.872
-1.905
-2.407
-1.757
-0.939
-2.177
-0.610
 0.004
-1.502
-1.188
-1.161
-0.780
-0.868
-1.723
-1.545
-1.191
-1.165
-0.655
-0.538
-1.068
 0.394
-0.047
-1.356
-0.722
-0.245
-0.362
 0.357
 1.068
 0.494
-0.573
-1.151
-1.528
 0.194
 0.707
 1.439
 0.946
 1.016
 1.320
-0.370
-0.966
-0.738
-1.498
 0.020
 0.307
-0.583
-1.440
-0.184
-0.115
-0.079
 0.820
 0.264
 0.884
 0.095
-1.425
-1.054
 0.057
-0.132
 0.009
 0.557
-0.870
-0.657
-0.316
-0.637
-1.357
-0.081
-0.781
-2.432
 1.148
 0.165
-1.128
-0.642
 0.129
 0.867
 0.287
-0.318
-0.299
 0.096
-0.090
 1.487
 1.377
 2.113
 1.292
-0.525
-0.346
-0.095
-1.239
-1.662
-0.455
-1.419
-0.938
 0.204
 0.333
-0.756
-0.713
 0.260
 0.425
 0.690
 0.785
-1.058
-0.253
 0.252
 0.769
 0.349
 0.463
 2.686
 1.754
 1.517
-0.098
-0.387
 0.026
 0.271
 1.774
 0.138
-0.703
 0.651
 0.866
 0.440
 1.982
-0.517
 0.611
 0.509
 2.525
 0.704
-0.869
-0.507
-0.761
 0.427
 1.229
-0.016
 0.665
-0.220
-0.163
 0.182
 0.134
 0.320
-0.121
 1.422
 1.115
 0.488
 0.728
 1.378
-0.340
 0.998
 2.397
 0.544
 0.501
 1.656
 0.685
 0.709
 0.798
 1.198
 1.286
-0.855
-0.221
-0.069
 1.157
 0.172
 0.062
 1.570
 0.411
-0.312
 0.023
-0.527
-0.349
-0.226
-0.530
 0.985
 0.356
-0.442
-0.179
-1.654
-1.710
 0.406
-0.342
 0.414
 1.121
 0.813
 0.843
-1.593
-0.073
 0.497
 0.639
-0.335
-0.387
-0.277
-0.132
-0.132
 0.328
-1.429
-1.272
-0.454
-0.153
-0.871
-0.553
-1.130
-0.686
-0.948
-0.766
-0.694
-1.179
-0.707
 0.040
 0.041
 0.029
-0.849
-0.852
-0.430
-1.557
-0.732
-0.744
-0.310
-0.984
-0.385
-1.005
-2.325
-0.370
-1.216
-0.904
 0.925
-0.573
 0.486
-1.272
-0.975
 0.074
 1.827
-0.730
-0.375
 0.607
-0.123
 0.373
 0.341
 0.309
-0.613
 0.202
-0.179
-0.567
-1.305
 0.330
 0.091
-0.319
-0.547
-0.013
 0.812
 0.347
-0.417
 0.101
 2.299
-0.248
-0.570
-0.284
-0.701
 0.068
 0.628
-0.758
 1.444
 0.839
 0.015
 0.600
 1.251
 1.539
-1.758
-0.634
-0.370
-1.452
 0.380
 0.178
 0.378
-0.404
 0.566
-0.899
 0.526
 0.533
-0.636
-0.137
-0.236
-0.382
-1.330
 0.524
 0.247
-0.020
 0.735
 0.951
 1.649
-0.045
-0.124
 1.917
 1.515
 1.128
 0.476
-0.688
 0.526
 1.174
 0.358
-0.064
-1.265
-0.489
-0.049
 0.308
 0.441
 1.417
 0.152
-0.962
-0.929
-0.953
 1.071
-2.121
-0.844
-0.499
 0.064
-0.796
-0.830
-0.782
-0.044
-0.690
-0.768
 1.070
-0.634
-0.197
-0.778
-1.270
-0.568
-0.539
 0.260
 1.201
 0.840
 0.658
 1.029
 1.408
 1.237
 0.316
-0.143
 0.439
-0.227
 0.031
-0.544
-1.108
 0.463
-0.463
-0.438
 0.702
-0.752
 0.081
 0.738
 1.165
 1.182
 0.428
 0.480
-0.536
-0.549
-0.521
-2.366
-1.188
-0.352
-0.361
-1.153
 0.674
 0.262
 0.583
 2.610
 0.728
 1.634
 0.390
 0.309
-1.447
-0.609
 0.426
 0.556
 0.502
-0.174
-0.320
 0.878
 0.578
 0.465
 0.125
 0.079
-1.244
-0.466
-0.090
 1.392
 0.881
 0.179
 0.438
-1.577
-0.477
-1.889
-0.069
-0.323
-1.558
-1.950
-0.309
-0.911
-1.634
-0.752
-1.785
-0.887
-1.952
-0.417
-1.481
-0.451
-0.662
-2.280
-0.538
-0.650
-0.200
 0.399
 0.623
-0.344
-0.398
 0.314
-0.454
-1.192
 0.618
-0.121
 0.120
-0.220
-0.606
-0.490
-0.398
 1.576
 1.054
 0.098
-1.403
-2.287
-1.931
-1.283
-0.875
 0.059
 0.681
-0.257
 0.352
-0.441
-0.353
 0.317
-1.336
 0.601
-0.317
-0.754
-0.746
-0.441
-1.743
-0.466
-0.913
-0.515
-1.385
-1.175
-0.595
-0.078
 0.159
 0.598
-0.415
 0.189
-0.641
-0.252
-1.855
-0.389
-1.215
-1.075
-0.827
-1.032
-1.127
-1.926
 0.105
-0.248
-1.941
-0.231
-0.861
-1.076
 1.673
-0.839
-0.450
-1.244
-1.336
-0.609
 1.024
 0.309
-0.119
 0.962
 0.745
-0.672
 0.271
 1.500
 0.235
-0.562
 0.501
 1.597
 0.413
-0.874
-0.984
-1.595
-2.571
-2.263
-3.222
-1.679
-1.572
-1.812
-1.383
-0.997
-0.576
-1.744
 0.499
-0.183
-1.437
-0.758
-1.356
-2.175
-1.779
-0.177
 0.144
-1.320
-0.635
-0.495
-0.300
-1.282
-0.667
-1.575
-1.278
-0.195
-0.375
-0.488
-0.737
 0.688
 1.503
 1.252
 0.927
-0.318
 1.002
-0.820
-0.266
-0.672
-0.781
-0.225
-0.754
-0.639
 0.067
-1.053
 0.518
-0.508
-1.396
-1.011
-0.813
-2.238
-1.545
-0.979
-0.691
-0.376
-0.302
-1.413
 0.559
-0.614
-0.813
-0.010
 0.236
 0.157
-1.087
 0.348
-1.707
-1.185
-0.855
-2.094
-0.454
-0.714
-0.259
-0.716
-0.258
 0.235
-0.274
-0.154
 0.189
-0.041
-0.494
-0.519
-0.472
-0.182
 0.729
 0.534
-0.510
 0.069
 0.013
-0.392
-1.081
-0.767
-0.554
-1.674
 0.107
-0.449
-0.931
-1.085
-1.150
-0.472
-1.109
-0.672
 0.016
-1.947
-2.010
-1.025
-0.222
-2.089
-0.483
-0.883
-1.733
-0.967
-0.222
-0.973
-2.798
-0.744
 0.177
 0.587
 0.116
 0.038
-0.289
-0.845
-0.317
-0.365
-0.085
-0.129
 0.486
 0.512
 0.240
-1.229
-0.931
-1.785
-1.986
 0.263
-0.483
-0.553
 0.459
 0.485
-0.438
-0.655
 0.046
-2.420
-3.257
-1.319
-2.083
-1.882
 0.551
-1.257
-0.885
-1.213
-0.994
-0.541
-1.152
-1.842
-1.632
-2.523
-0.527
-1.238
-1.401
-2.582
-1.181
-1.260
-0.361
 0.875
-2.066
-1.773
-0.838
-0.670
-1.263
-2.265
-1.373
-0.546
 0.466
 0.792
-0.409
 0.744
-0.345
-0.696
-0.956
-1.392
-0.492
 0.579
 0.275
-1.251
-2.020
-2.146
-1.343
-0.747
-0.351
-0.178
-2.669
-2.270
 0.857
 0.803
-0.727
 0.792
 2.278
 1.146
 0.109
 1.812
 0.487
-0.701
 0.157
-0.547
-0.582
-0.562
 0.691
 0.316
-0.366
-0.236
-0.935
 0.027
-0.741
-1.009
-0.551
-1.729
 0.192
 0.137
-0.714
 0.813
-0.273
-0.869
-0.766
-1.402
-1.082
-0.121
-0.697
-1.013
-0.515
-1.268
-0.519
-0.044
 0.487
 0.869
-0.474
 1.175
-0.415
-0.705
-0.231
 0.846
 0.534
-0.152
-0.863
 0.609
 1.242
 0.490
 0.469
-1.164
 0.543
 0.731
 0.183
-0.109
-0.311
-1.030
-1.653
-0.716
-0.359
-0.487
 0.174
-0.351
 0.229
-0.541
-0.397
-0.388
 0.187
-0.529
-0.573
-0.595
-1.065
-2.966
-2.982
-1.514
-1.415
-1.259
-2.075
-2.033
-2.424
-1.368
-2.103
-1.192
-2.171
-1.209
-1.411
-2.139
 0.286
-1.456
-0.295
 0.016
-0.429
-1.499
-1.307
-0.998
-1.769
 0.317
 0.690
 0.854
 0.973
 0.846
 0.460
-1.074
-1.467
-0.385
 0.007
 1.081
-0.430
 0.152
 0.200
-0.357
 0.106
-0.311
 1.344
 0.856
 1.110
-0.544
 0.549
 1.066
 0.193
-0.704
-0.735
-1.016
 0.394
 0.388
 0.060
-0.267
-1.193
 0.343
 1.110
-1.137
-0.337
-0.346
 0.920
 1.888
 0.291
 0.431
 1.220
-0.391
-0.780
-0.107
 0.484
-0.214
-0.537
-0.638
-1.190
-1.251
-0.579
-0.592
 0.019
-0.538
 0.780
 0.803
-0.317
 0.252
-1.318
-0.513
-0.202
-0.785
-0.509
-1.149
-0.978
-0.041
-1.167
-1.682
-0.396
-1.472
-1.158
-1.298
-2.587
-2.401
-1.417
-1.459
-0.668
-0.567
 0.530
 0.081
-0.865
-0.218
-0.058
-1.496
-1.564
-1.421
-1.416
-0.640
-0.834
-0.180
-0.444
-0.397
-1.578
-0.734
 0.175
-0.939
-1.489
 0.941
-0.269
 0.114
-0.163
-0.023
-0.211
-0.772
-1.149
-1.146
 0.367
-0.480
 0.190
-0.842
-1.205
-2.266
-1.455
 0.238
 0.596
 1.013
 0.372
-0.284
 1.070
 1.610
 2.170
 1.458
 2.161
 2.073
 1.190
-0.520
-0.262
 0.646
 0.421
 0.066
 0.521
 0.308
-0.432
-0.053
 1.397
 1.394
 0.988
 0.929
-0.023
-0.261
-0.136
-0.524
 0.410
-0.244
-2.032
 0.125
 0.165
 1.071
-0.541
-0.122
-0.129
-0.788
-0.683
-0.511
-1.204
 0.511
-0.624
 0.849
 1.569
 1.737
 0.060
-1.670
-0.304
 2.213
 1.276
 2.087
 2.407
 0.702
 0.962
 0.368
 1.785
 0.219
-0.300
-0.650
-0.144
-1.077
-0.674
-1.105
-1.890
-0.797
 0.705
 0.229
 0.483
 0.394
 1.854
 0.475
-0.593
-0.731
 0.152
 0.486
 0.024
 0.902
 1.307
-1.426
-0.080
-0.398
-0.226
-1.247
 0.392
 0.063
 0.609
 0.912
 1.065
 3.100
 0.958
 1.092
 0.633
 0.717
 0.960
 0.326
 1.332
 1.347
 1.327
 1.513
 1.725
 0.556
 0.446
-0.459
 0.255
 0.966
-0.458
-0.336
-1.006
-0.731
-0.751
 1.193
 1.011
 0.659
 0.829
 1.914
-0.161
 0.228
 2.576
 1.877
 1.635
 1.414
 1.229
 0.083
 1.056
 1.330
-0.560
 1.456
 0.036
 0.755
-0.272
 1.269
-0.104
 1.219
 0.765
-1.200
 0.225
 0.690
 0.421
-0.458
 0.753
-0.038
 0.302
-0.072
-0.032
-0.573
 0.788
 0.754
 0.808
-0.700
-1.855
-0.428
-1.456
-0.673
-0.477
-2.135
-0.381
 0.563
-0.571
-0.338
 1.576
 1.032
 1.158
 1.647
-0.885
-0.451
 1.305
 1.440
-0.484
-0.568
 0.421
-0.691
-0.581
-0.349
-0.594
 0.271
-0.306
 1.275
-1.092
-0.372
-0.269
-1.091
-0.223
 1.322
 0.383
 0.224
 0.096
-0.335
-1.418
 0.053
-0.222
-0.942
-1.387
-0.751
-0.846
 1.211
-1.817
-0.508
 0.040
-0.551
 0.401
 0.471
-0.473
 0.131
-0.437
-0.297
 0.028
-1.691
-1.435
-2.168
-2.027
-2.029
-3.347
-3.222
-1.528
-0.222
 1.340
 0.889
-0.209
 0.301
-0.347
 0.534
 1.192
-0.515
 0.687
 0.715
-1.143
-1.753
-1.316
 0.416
-0.894
-1.142
-0.982
-2.489
-0.720
-0.198
-0.439
-0.246
-0.878
 0.416
-0.153
-1.021
 0.339
-0.443
-1.318
-0.109
-0.189
 1.199
 1.235
 1.899
 1.327
 0.254
-1.123
-0.602
-0.025
-1.813
-1.251
-0.355
 0.116
-0.053
-0.863
-0.912
 0.055
-0.680
-0.495
-0.478
-0.895
-1.174
-0.187
-0.984
-0.756
-1.633
-1.425
-1.154
-0.007
 0.215
-0.611
 0.133
-1.320
-0.618
 0.772
 1.431
-0.334
 0.309
-0.953
-0.181
-0.125
 0.231
-1.651
-0.362
-2.199
-0.221
-0.498
-0.006
 0.241
-0.178
-0.487
-0.327
 0.707
-0.190
-1.235
-0.056
-1.524
-0.666
-1.220
-1.660
-0.326
 0.090
 1.777
 0.713
-0.376
 0.615
-0.845
-0.471
 0.450
-1.268
-0.187
 1.238
 2.227
 0.784
 0.689
 0.548
 0.155
 2.015
-0.057
 0.739
 0.465
 1.566
 1.878
 2.102
 1.057
 0.650
 0.452
 1.552
-0.788
-1.010
 0.304
-1.291
-1.837
-1.509
-1.458
-0.738
-1.312
 0.539
-0.776
-1.167
-1.260
-0.874
 0.345
 0.668
-1.390
-1.211
-0.157
-0.768
-1.380
-0.578
-0.430
-2.195
-1.417
-2.344
-2.159
-2.286
-1.982
-1.374
-0.196
-0.735
-0.504
-0.067
-0.089
 0.789
 0.292
-0.077
 0.384
-0.519
 0.069
 0.368
 0.621
 0.463
-0.544
 0.018
-0.216
-0.972
-0.518
 0.162
-0.268
-0.721
-1.184
-0.093
 0.212
-1.587
-0.509
-0.438
 1.325
-0.342
-0.867
-2.236
-0.824
-0.617
-0.251
-1.076
-1.475
-0.640
 0.796
-1.803
-0.427
-0.001
 1.638
 1.093
 0.199
-0.006
-0.234
-0.915
 0.641
 1.457
 2.286
 0.887
-0.668
 0.039
 1.102
 1.405
 0.978
-0.650
-0.500
-1.030
-0.877
-2.077
-1.652
-2.052
-1.751
-1.616
-0.673
-0.972
-1.145
-0.872
-1.326
-1.331
-0.495
-1.673
-0.611
-0.339
-0.179
-1.351
-0.311
-1.316
-2.002
-0.272
-1.570
-0.090
-0.509
 0.331
 0.653
 0.134
-0.661
-0.423
 1.512
-0.078
 0.618
 0.132
-1.243
-1.734
 0.069
 0.476
 0.642
 0.318
 0.160
-0.456
-1.109
-2.184
-0.602
-0.740
-1.584
-1.304
-1.077
-1.399
-1.735
-0.908
-1.200
-0.202
 0.055
-0.227
-0.487
-0.802
-0.834
 0.225
-0.407
-0.604
-0.006
-0.454
-0.184
 0.322
-1.077
-1.261
-1.015
-1.161
 0.889
-1.156
-0.454
-1.382
-0.150
-1.204
-0.303
-0.146
-1.315
-0.434
-2.486
-0.284
 0.112
 0.987
 0.539
 0.597
-0.375
-1.253
-0.646
-1.378
-1.303
-1.222
-1.041
 0.141
-0.755
-0.792
-0.938
 0.768
 0.384
 0.041
-0.618
-0.019
-1.980
-1.485
-1.452
-0.630
-0.198
 0.084
 1.352
-0.578
-1.153
-0.551
-1.232
-0.886
 0.173
 0.384
 0.742
-0.841
-1.829
 0.948
-1.553
-0.120
-0.223
-1.063
-0.906
-2.601
-1.848
-1.150
-1.222
-1.345
-1.527
-0.704
-0.101
-0.618
 0.115
-0.787
-0.835
-2.449
-0.649
 0.185
 0.397
 0.579
 0.553
-0.251
-0.410
 0.247
 1.003
 0.793
-0.378
 0.192
 1.560
 0.923
 0.447
 1.141
-1.451
-0.279
-1.102
 0.103
 0.358
-0.917
 0.215
-0.500
-0.192
-0.374
-1.011
 0.304
 0.490
 0.113
-1.049
-0.696
 0.187
-0.371
-0.939
 0.678
-1.746
-0.472
-0.172
-0.206
-1.008
-1.493
-0.354
 0.287
-0.227
-1.867
-0.736
-1.037
-0.471
-1.167
-0.378
-0.901
-1.349
-0.189
-1.079
-0.844
-0.097
-0.933
-0.520
-0.141
-0.120
-1.329
-0.963
-0.461
 0.122
-0.027
-0.240
 0.022
-0.637
 0.274
 1.966
-0.171
-0.627
-0.757
-1.517
-0.962
 1.855
 0.852
 1.282
 1.989
 1.266
 0.922
-0.192
 1.126
 0.587
-0.605
 0.569
 1.015
 1.092
 0.492
-0.735
-0.673
 0.273
-1.012
-0.245
-0.814
-0.736
 0.176
 1.307
-0.126
 0.494
 2.234
 1.824
 1.904
 0.203
 0.275
 1.468
 0.101
-0.643
 0.434
-0.312
-0.575
-0.380
-0.483
 0.170
-0.106
-0.109
 1.172
 0.718
 1.392
 2.222
 1.836
 0.994
 0.667
 1.163
-1.099
-0.635
-0.991
 0.135
-0.579
 0.883
 1.024
-1.355
-1.666
 0.968
-0.174
-1.137
 0.227
-0.452
 0.589
 0.414
 1.251
 0.160
 0.426
 0.410
 0.825
-0.608
-0.656
-1.680
-0.285
-0.620
 0.951
-0.491
 0.691
-0.174
 0.893
 2.040
 2.081
 0.717
-0.628
-0.342
 1.944
 0.596
 1.370
 0.961
 2.496
 1.093
 1.107
 1.546
 0.244
 0.847
 0.760
 0.544
 1.290
 0.633
-0.267
-0.262
 0.278
 0.119
 0.998
-0.133
-0.832
 1.056
 0.703
 0.202
 0.247
-0.643
-1.476
 0.572
-0.452
 0.239
-0.941
-2.434
-1.032
-0.237
 0.667
 0.297
 0.487
-1.468
-1.214
-0.809
-0.131
 1.654
-0.837
-1.166
 0.084
-1.578
-0.731
-0.281
-0.764
 1.047
 0.489
 1.514
 0.971
-0.778
-2.711
-0.391
-0.223
 0.253
 1.841
 1.141
 0.969
 0.501
 0.973
 0.685
 0.406
-0.196
 0.507
-0.756
 0.434
-0.556
-0.094
 0.536
 0.124
-0.193
-0.815
-1.489
-0.862
 0.255
 1.062
-0.017
-0.587
-0.883
-0.813
-0.813
-0.184
 0.122
 0.784
-0.865
-0.091
-0.815
-1.629
-0.804
-0.419
-0.537
-0.935
-0.179
-0.381
 1.277
 1.414
 0.078
-1.328
 0.124
 1.056
 1.589
 2.245
 0.475
 0.535
 2.801
 1.563
 0.092
 1.772
 0.892
 0.200
-1.062
 0.247
-0.106
-0.497
-0.068
-0.238
 0.121
-0.488
-1.852
 0.119
-1.146
-1.722
-1.484
-2.799
-1.851
 0.104
-0.431
-1.262
-1.308
-0.180
 0.817
 1.235
-0.686
-0.892
-0.496
-0.551
-0.530
-1.420
-1.890
-0.482
-0.483
 0.427
-0.798
 0.186
-0.799
-0.683
 0.095
-0.063
 0.531
 1.452
-0.027
-0.163
-1.468
-0.487
-1.419
 0.271
 1.525
 1.372
-0.716
-0.082
-1.189
 0.017
 0.918
-0.656
 0.332
-0.832
-1.876
-0.700
 0.740
-0.180
-0.520
-0.435
 2.221
 1.226
 0.627
 0.048
 1.030
-0.540
-0.374
-0.479
 0.823
-1.409
-0.816
-0.775
 0.131
-0.167
 1.830
 1.377
-0.245
-1.269
-0.112
-0.621
-1.407
 0.166
 1.445
-0.428
-0.706
 0.930
 0.243
 0.208
-0.319
 0.282
-0.930
 0.683
 0.297
 0.047
 0.304
 1.859
-0.792
-0.040
-0.800
-0.456
-0.220
-0.833
-0.410
-0.872
 0.947
 0.765
 1.211
-0.505
-1.179
 0.028
-2.106
-0.962
-2.045
-1.368
-0.534
-0.564
 0.700
-0.594
-1.761
 0.430
 0.188
 1.568
 0.370
 0.265
 0.052
 0.111
-1.200
-0.475
-0.374
-0.986
 0.332
 1.644
-0.837
 1.880
-1.102
-0.983
-0.091
 1.257
 1.365
 0.022
-0.877
-1.250
-2.282
-0.369
-0.370
 0.803
-0.793
-0.995
-0.079
-0.229
-1.054
-0.689
-0.248
 0.528
 0.709
 1.467
-0.138
-0.560
-2.065
-1.193
 1.467
 0.816
 0.945
 0.579
-0.157
-0.467
-0.010
 1.660
 0.159
 0.587
 1.563
 1.391
-0.654
-0.048
-0.418
-1.020
 0.282
-1.342
 0.055
 0.843
-1.562
-1.973
-1.705
-0.266
 1.320
 0.154
-0.550
-0.828
 1.408
 0.177
-0.392
-0.481
-0.764
-1.819
-1.869
-0.915
-1.367
-1.031
-2.724
-0.827
-1.266
 0.169
 0.147
-0.573
 0.525
-0.323
 1.345
-1.606
 0.337
-1.216
-1.784
-2.081
 0.425
 0.632
 0.057
-0.385
-0.047
 0.142
 0.527
-0.957
-0.347
 2.084
 0.086
-0.523
 0.459
 0.080
 0.072
 0.010
 1.348
 0.279
-0.829
-1.123
-0.761
-1.051
 0.416
-2.148
-0.721
 0.538
 0.256
 0.299
 1.753
-0.759
 0.910
 0.465
 0.171
-0.326
-0.621
 0.130
-1.033
 0.121
-0.015
 0.689
 0.850
 0.358
 0.785
-1.546
-1.576
-1.532
-0.060
 3.151
 2.027
-2.384
-1.461
 0.365
 0.286
-0.285
-0.087
 0.090
-1.149
-1.044
-0.457
 1.276
-0.937
 0.561
-0.534
-1.161
-0.192
 0.428
-0.416
-0.640
-0.235
-1.392
-1.635
-2.412
-1.750
-2.074
-0.277
-0.950
 0.079
 0.737
-0.434
 1.316
 1.087
-1.194
-1.073
-1.055
-0.943
-0.080
-0.605
-0.047
-0.144
-0.474
 0.407
 0.326
-1.013
-0.913
-0.734
-1.682
-1.725
-0.405
-0.953
 0.310
 0.517
-1.878
-0.617
-0.301
-0.073
 0.248
-0.440
-0.378
-0.707
-1.028
 0.779
-0.745
-1.415
-0.629
-1.101
 1.005
-0.326
 0.020
-2.255
-2.276
-1.731
-0.897
 0.189
 0.078
-1.072
-0.196
 0.236
-0.502
-1.654
-0.790
-0.276
 1.172
 0.352
-0.163
 0.196
-0.254
 0.497
-0.861
-0.768
-0.974
-0.257
 1.548
-0.867
-1.289
 0.553
 0.600
 1.594
 0.649
 0.346
 0.422
-0.038
-0.597
-1.062
-1.190
-0.284
 0.569
-0.634
-0.398
-0.614
 0.399
-0.625
-0.049
 0.545
 0.512
-0.251
 0.230
 0.073
-0.573
 0.761
 1.018
 1.088
 0.945
 0.238
 0.849
 0.695
-0.282
 0.098
 0.065
 1.003
-0.088
-1.241
-0.981
-1.262
-0.140
 0.741
-0.735
-2.807
-0.740
 0.460
 0.145
-0.142
-0.346
 0.369
-0.682
-0.753
-0.980
-0.132
 0.106
-0.938
 0.626
-0.229
 1.009
 1.803
 0.960
 0.446
 0.002
-1.371
-0.119
 0.075
 0.130
 0.631
-0.049
 0.038
 0.330
 0.178
-0.396
-0.766
-0.387
-0.754
-0.853
-1.338
-0.995
 0.528
-1.616
-1.358
-1.654
-0.017
-1.617
 0.927
 1.225
 0.951
 0.037
-2.102
 0.063
 0.808
-0.208
-2.474
-0.085
 0.254
-0.450
-1.264
-2.062
-0.671
-0.488
-0.779
 0.067
-0.107
-0.967
-0.811
 0.984
-0.432
-0.863
 0.424
-1.148
-1.713
-0.898
-0.227
 0.330
 1.302
 0.620
 0.896
 1.924
 0.600
 1.018
 0.601
 0.899
-0.233
 0.310
-0.053
-0.663
-1.261
-1.866
-0.500
-0.591
-0.732
-1.773
-2.464
-0.705
-0.559
-0.328
-0.175
 0.801
 0.847
-1.252
-0.570
-0.620
-0.707
-0.407
-1.319
-1.433
-0.669
-2.002
-1.849
-0.634
-0.654
-0.390
-1.271
-0.922
-0.998
-3.103
-2.039
-0.293
 0.279
-2.110
-1.200
-0.703
-0.465
-1.822
-1.055
-0.977
-1.463
-1.610
-1.557
-1.174
 0.224
 0.498
-1.227
-0.689
 0.847
 0.462
 0.261
-0.314
-1.292
 0.241
 0.954
 0.960
-0.327
-0.970
 0.241
-1.861
-2.244
-1.374
-0.472
-0.132
 0.062
 0.628
-0.280
-0.129
-0.597
-1.560
-0.124
-0.494
-1.668
-0.134
-1.091
-1.327
-1.061
-0.720
-0.793
-0.864
-1.268
-1.705
-0.891
-0.530
-0.904
-0.580
-0.585
-0.116
 1.047
-1.403
-1.587
-1.923
-0.905
-0.916
 0.148
-0.069
-1.399
-1.284
-0.072
 0.568
 0.975
 0.196
-1.605
 0.156
-0.839
-1.933
 0.385
-0.158
-0.694
-0.588
-0.238
-0.837
-0.024
 0.563
 1.151
 1.725
-0.119
 0.595
 1.195
 0.117
-0.192
 1.351
 0.965
 0.194
 0.614
 1.018
 1.238
 0.962
 0.019
 0.569
 0.282
-0.223
 0.076
 0.249
-0.298
 0.989
 0.125
-0.199
-0.060
 0.058
 0.930
-0.112
 1.836
-0.204
 1.116
-0.145
-0.207
-0.755
-1.801
-1.371
-0.157
 0.745
 0.979
-0.016
 0.617
 2.048
 0.941
 0.879
 0.820
 0.074
-0.228
 0.288
 0.878
-0.070
 0.117
 0.513
-1.003
-0.832
-0.381
-0.760
-0.721
 0.017
-0.837
-0.525
-0.456
-0.996
 0.025
 0.625
-0.642
-1.381
-1.917
-0.447
 0.383
 0.137
 1.754
 0.346
 0.423
 1.242
-0.293
-0.001
 0.500
 0.455
 0.398
-0.576
-1.294
-0.454
 0.186
 0.492
 0.304
 1.628
 1.521
 0.519
-0.047
-0.670
 1.415
 1.569
 0.414
 0.637
 0.227
-0.857
 0.191
-0.850
-1.540
-0.748
-1.317
-0.971
-0.674
-1.222
-1.022
 0.028
-0.068
-0.036
 1.016
 0.187
 0.855
 0.927
 0.464
-0.173
 0.707
 0.673
-1.341
-0.245
 1.995
 1.055
-0.086
-0.044
-0.851
-1.198
-1.020
 0.014
-2.159
-0.291
 0.441
 1.069
 1.237
 2.022
-0.031
-0.422
 0.129
-0.310
-0.531
-1.050
-0.539
-0.996
-0.795
-0.480
 0.907
 0.392
-1.433
-0.052
-0.608
 0.894
-0.100
-0.583
-1.009
-1.133
-1.019
-0.375
 1.634
 0.833
-0.486
 1.002
-0.729
-0.132
 1.340
 0.039
-0.528
 0.504
 0.040
 0.089
 0.172
-0.527
 0.543
 0.417
 0.035
 0.137
 0.872
-0.340
-1.094
-0.980
 0.469
-0.218
 0.376
 0.043
-0.170
 0.487
-1.119
-1.142
 0.679
-0.561
-0.648
-0.685
 0.051
-0.705
 1.116
 0.371
 0.625
 1.039
 0.697
-1.219
 0.001
-1.053
 1.316
 0.318
 0.207
 0.992
 0.774
-1.444
-1.171
-1.512
 1.046
 0.468
-0.093
 0.408
 0.248
-1.060
 0.804
 0.629
-1.016
-0.608
 0.590
 1.913
 0.587
 1.594
-0.190
-1.542
 1.231
-0.150
 0.269
-0.916
 1.009
 0.409
 1.969
 0.451
 1.218
 0.376
 0.133
 0.554
 0.148
 2.026
 2.886
 0.564
 2.590
 1.008
 1.729
 1.103
 2.085
 0.416
-0.328
-0.753
 0.667
-0.156
 0.270
 0.148
 0.290
-0.889
-0.731
 0.632
-1.302
-1.434
-1.073
-0.887
-0.714
-1.291
 0.508
-0.249
 0.284
 0.430
 0.070
 0.001
-0.003
 0.765
 0.527
-0.202
-0.176
 0.344
-1.132
-0.188
-0.391
-0.283
-0.596
 0.653
 1.500
 1.331
 1.088
 0.235
 1.412
 0.587
-0.013
 0.797
 1.101
 0.633
 1.188
 0.885
 0.780
 0.743
 0.055
-0.452
-0.626
 0.265
 0.630
-0.166
 0.924
 0.368
 1.406
 2.632
 1.523
 0.840
-0.542
 0.441
-0.094
-1.097
-0.368
 0.930
-0.769
 1.281
 1.167
 0.244
-0.133
 0.594
 1.195
 1.288
 1.573
 0.671
 1.124
 1.293
 0.292
-0.342
-1.900
 0.789
 0.413
 0.205
-1.946
-0.668
-1.161
-2.419
-0.805
-0.367
-0.337
-1.299
-0.178
 0.266
-1.887
-1.838
-1.697
-0.573
 0.706
 0.600
 0.556
-0.634
-0.939
 0.041
 0.150
-0.739
 0.174
-0.097
-0.458
 0.257
 0.131
 0.183
-0.749
-0.248
 1.633
 0.046
-0.619
-1.787
 0.695
-0.581
-1.084
-1.263
-0.711
 0.040
 0.413
 0.119
 1.172
 0.620
 0.333
-0.272
 0.034
-0.799
-1.919
-0.483
-0.369
-0.797
 0.385
-1.195
 0.633
 1.463
 0.535
 0.498
 0.011
 0.734
-0.388
-0.762
 0.780
 1.756
 1.956
 1.402
 1.359
 2.119
 0.556
 1.032
 0.567
 0.987
 1.703
-0.097
 0.733
-0.363
 0.814
 0.838
 0.820
 2.937
 2.150
 2.103
 1.735
 0.769
-0.869
 0.152
 0.350
 0.095
 0.117
-0.468
-0.301
 0.270
-0.330
-1.204
 1.128
 0.521
 1.686
-0.171
-1.414
-0.868
-0.360
-0.041
-1.114
-0.625
-0.259
-0.785
-1.073
 0.088
-1.197
 0.711
-1.066
 0.000
 1.685
 2.116
 1.050
-1.018
-1.227
-0.884
 0.092
-0.786
-0.360
-0.276
 0.914
 0.545
 3.380
 1.277
 0.392
 1.080
-0.595
 0.532
 1.568
 1.058
 0.817
 1.178
 0.585
 0.431
 1.289
 1.855
 1.183
 0.667
-0.867
-0.112
-0.879
-0.651
-0.223
 0.583
-0.134
 0.506
-0.708
-0.871
-0.071
 0.157
 1.083
 0.713
 1.425
 0.710
 0.511
 0.512
 0.453
 0.517
 0.563
 0.041
 0.054
 0.510
 0.813
 1.020
 1.443
 1.093
-0.542
 1.916
-0.068
 0.295
 0.219
 0.290
 0.195
-0.460
 1.286
 1.495
-0.069
 0.337
-0.631
 0.527
 0.605
-1.123
-0.661
 0.394
 1.331
-0.136
 0.916
 0.563
-2.420
-0.389
 0.086
-1.030
-0.800
-0.701
 0.093
-0.335
-1.668
-1.041
 1.831
-0.216
-0.763
 0.281
 1.453
-0.645
-0.783
-0.659
 1.005
-0.387
-0.320
-1.070
 0.862
-0.280
 0.210
 0.576
-0.384
-0.666
 1.906
 0.874
-0.238
 1.810
-0.070
 0.285
 0.085
 0.297
 1.356
 0.833
 0.976
 0.136
 0.775
-1.003
 0.465
 0.655
 1.035
 0.916
 1.258
 2.465
 0.676
 2.008
 4.000
 0.919
 1.837
 2.111
 2.422
 2.151
 0.527
-0.016
 0.445
 0.288
-0.013
 0.810
 1.476
 1.059
 0.747
-0.761
 2.835
 1.034
-0.222
-0.130
-0.816
 0.266
-0.742
-0.630
-1.316
-0.375
-1.680
-0.385
 0.454
 1.674
 0.006
 0.010
 1.111
-1.045
-0.646
-0.111
-0.404
-1.173
 0.115
-0.411
-0.097
-0.842
 1.633
 1.227
 0.485
-0.293
 1.005
 0.770
 1.182
 0.883
 1.463
 1.626
 0.654
-0.601
-0.761
 0.379
-0.641
-0.320
 0.581
-0.341
 0.312
 0.923
 0.518
-0.673
-0.961
-0.613
-0.565
 1.075
 0.283
-1.474
-1.200
-0.728
-2.166
-1.328
-2.828
-1.911
-0.905
-0.628
-0.714
-1.179
 0.158
-1.970
 0.043
 0.695
-0.499
-0.696
-0.771
 0.700
 0.658
-0.225
 0.075
 0.266
 0.662
-0.983
-0.884
 0.087
-0.511
-0.520
 1.053
-0.060
-0.497
 1.231
 1.312
 0.704
 0.684
 1.302
 1.737
 0.683
 1.972
 3.202
 1.902
 1.637
 1.262
 2.558
 1.579
 1.159
 1.401
 0.364
 1.294
 0.511
 2.004
 1.679
 1.486
 1.888
-0.054
 0.253
 0.999
 1.554
 2.159
 1.381
 1.479
 0.916
 1.342
 1.312
 0.449
 1.753
 1.545
-1.591
-0.341
 1.211
 0.293
 0.046
 0.584
-0.793
 1.250
 0.176
 0.415
-0.652
-0.387
 0.476
 0.068
 0.509
-0.718
 0.128
-0.236
-0.500
-0.149
-0.247
-1.348
-1.559
-1.328
-0.329
-0.267
 0.954
-0.688
-1.191
-1.474
-0.369
-0.903
 0.208
-0.459
 0.363
-0.228
 0.892
-0.431
-1.543
-0.160
-1.364
 1.101
 1.557
 0.300
 1.810
 0.713
 2.574
 2.067
 1.624
-0.135
-0.336
-0.098
-1.904
-0.713
-0.391
-0.892
-2.222
 0.246
-1.407
-1.113
-1.612
 0.798
-0.125
-0.666
-0.292
 0.587
-1.883
-1.213
-1.235
-0.901
-0.172
 0.021
 0.089
-1.356
-0.767
-1.884
-0.969
 0.335
 0.668
-0.118
 0.076
-0.160
-1.062
-0.691
-2.021
-1.037
-0.954
 0.571
-0.580
 1.073
-1.790
-2.087
-1.495
-0.277
 1.387
 0.301
-1.236
-0.627
-0.389
-1.970
-1.513
 0.097
-1.719
-0.217
-0.579
-1.729
-0.373
 0.708
 0.856
 0.506
 0.499
-0.298
-0.669
 0.085
 0.988
-0.480
 0.073
 1.051
-0.577
 0.680
 1.146
 0.439
 0.229
-1.029
 0.318
 0.046
-0.639
-1.358
-0.303
 0.690
-0.194
 0.126
-0.507
 2.213
 1.945
-0.157
-0.229
-1.710
-0.564
-0.640
-1.201
-1.626
-1.085
-0.535
-0.163
 1.089
-0.687
 0.151
-0.375
-0.606
 0.504
-0.254
-0.959
-0.880
-0.931
-0.874
-0.856
-0.800
 1.269
 0.123
-0.887
 0.105
 0.299
-1.072
-1.405
 1.123
 0.115
-1.779
 0.070
 0.259
-0.963
 0.375
-0.079
-0.773
 0.348
 0.775
-0.198
-0.952
-0.364
-0.652
-0.691
-1.505
-1.189
-0.788
 0.338
-1.383
-1.758
-1.681
-1.495
-1.144
-0.488
 0.156
 0.055
-0.487
-1.482
-1.335
-0.671
-0.004
-0.319
-1.231
-1.296
-0.335
-0.136
-0.849
-1.953
 0.005
 0.391
-0.832
-0.169
 0.428
 0.999
 0.381
 1.331
-0.160
-0.047
 0.924
 0.936
-0.567
 0.256
 1.269
 0.143
-0.328
-1.656
 0.000
 0.138
-1.186
-0.359
-1.056
 0.108
 0.803
-0.330
 0.526
 1.383
 1.951
 2.314
 0.805
 0.380
 0.657
 0.963
 1.342
 0.080
-0.733
-0.647
 1.633
 0.663
 1.264
 1.797
 1.991
 0.007
-0.341
 0.374
-0.393
-0.060
 1.351
 0.630
-0.307
-0.314
-1.153
 0.058
-0.226
 1.441
 1.046
-1.208
 0.800
 0.574
 0.941
 0.063
 1.724
 2.105
 0.707
 0.252
-0.124
 0.465
-0.586
-0.475
-0.211
 0.740
-1.021
-0.401
-0.142
-0.562
 0.895
 1.266
 0.195
 0.101
-0.031
-1.651
-1.789
-2.108
 0.557
-1.326
-1.916
-0.072
-0.334
-0.053
-0.382
-0.212
 0.108
 0.945
 0.812
 0.679
 0.520
 0.474
-0.273
-0.961
-1.597
-2.015
-1.051
-0.639
-0.930
-0.471
-0.473
-1.394
-1.018
-0.100
 0.270
-0.872
-0.765
 0.592
 0.467
 0.700
-1.251
 0.520
 0.348
-0.872
-1.492
-0.417
-1.336
 0.043
-0.113
 0.587
 0.195
-0.524
 0.184
-0.192
 0.623
 0.244
 0.821
 0.943
-0.021
 0.527
 0.186
-0.913
-0.079
 0.245
-0.378
 0.879
 0.690
 1.320
 0.066
-0.243
-0.098
-0.271
 2.521
 0.604
-0.153
 0.231
-0.088
-0.518
-0.646
-0.208
-0.223
 0.788
 1.004
-0.472
-2.138
-2.011
-0.945
-1.313
-0.543
 0.313
 0.237
 0.241
-0.372
 0.544
-0.212
-0.210
-0.746
-1.863
-1.811
-1.011
 0.564
-2.234
-2.904
-1.628
-0.807
 1.214
-0.654
-1.281
 0.494
-0.307
-0.850
-0.584
 0.290
 1.238
 0.645
-1.389
-1.519
-1.080
-2.747
-0.897
-0.210
 1.125
 1.209
 1.422
-1.030
-1.163
-0.808
 0.759
 0.588
-0.263
 1.012
 1.094
-0.708
-2.389
-1.823
 0.006
-0.745
 0.584
 0.598
-0.365
-1.200
-2.064
-0.419
-0.652
 0.110
-0.714
 0.629
 1.738
 0.423
-0.395
 0.358
-0.183
 0.760
 0.459
-0.437
 0.674
 0.952
-0.304
-0.736
-0.718
-0.865
 0.758
-0.349
 1.411
 0.121
-0.908
 0.717
 2.219
 2.289
 0.627
 1.100
 0.935
-0.370
 1.154
-0.977
-1.046
 1.524
 2.095
 0.111
-1.239
 0.629
-1.112
-1.814
-1.203
 1.462
-0.459
 1.129
-1.560
-0.945
-0.789
 0.248
-0.676
-0.587
-0.458
-0.774
-0.352
-0.878
 1.556
 1.200
 0.706
 0.670
-1.059
-0.240
 0.501
 0.397
 0.126
-0.616
-0.383
-1.032
-1.130
-0.791
 0.073
-0.710
 0.692
 1.022
 0.115
 0.267
 1.595
 1.709
 0.991
 0.470
 0.103
-0.290
 0.214
 0.073
 0.453
 0.630
 0.766
-0.760
-0.816
-1.599
-0.933
 0.843
-0.183
-0.191
-0.878
 0.681
-0.084
 1.034
 0.413
 1.843
 1.108
 0.012
 0.499
 0.071
 0.905
 0.202
 1.140
 0.392
-0.506
-0.301
-0.395
-0.360
-2.105
 0.133
-0.322
 0.105
 0.411
 0.434
 1.890
 0.636
 0.456
-0.260
-1.865
 0.137
-0.337
-0.832
 0.335
-0.785
-1.037
-0.512
 0.617
 0.145
 0.128
 1.414
-0.160
-0.322
 0.264
 1.820
 1.232
 1.344
 1.168
 1.582
 1.391
 1.314
 0.331
 1.574
-0.127
-0.531
 0.520
-0.937
 0.644
 0.370
 0.689
 0.613
 0.352
 1.533
-0.149
 0.523
 0.646
 0.293
 0.788
-0.123
 0.873
 0.370
-0.616
-0.628
-0.365
 0.846
 1.476
-0.062
 1.535
-1.114
-0.906
 0.808
 1.500
 0.946
-0.613
 0.681
 0.787
 0.537
 0.600
 1.850
 0.308
 1.069
 0.523
 0.866
 1.356
-0.780
 0.308
 0.607
-0.392
-0.133
 0.738
 2.029
 1.397
-0.056
-0.232
-0.455
-0.350
 0.435
-0.527
-0.599
 1.711
 1.543
-0.430
 0.975
 1.324
 0.179
 1.250
 0.438
-0.208
 0.634
 0.668
-0.185
-0.097
-0.421
 0.132
 0.464
 0.463
 0.456
 0.352
 0.241
 1.243
 0.683
-2.171
 0.245
-0.457
-0.384
-0.181
-0.569
-0.582
-0.238
 0.005
 1.166
 2.260
 2.095
-0.013
 0.164
 1.249
-0.671
 0.095
-0.018
-0.430
 1.398
-0.422
-0.004
 1.240
-0.521
 0.048
 0.546
-0.535
-0.242
 0.561
 0.733
 0.841
-1.753
-0.805
 2.056
 1.902
 0.628
 0.548
 1.948
 0.732
 1.389
 1.404
 1.689
 1.600
 0.779
 0.857
 0.417
 1.061
 0.170
-0.406
-0.060
 0.731
 0.720
 2.946
 2.799
 1.357
 1.791
 0.951
 1.221
-0.682
 0.664
 1.924
 1.483
 0.583
 2.303
 0.079
 0.392
 0.603
 0.008
-0.333
 0.231
 0.511
-0.123
-1.149
 0.770
 0.323
 0.829
 1.166
 0.273
 0.706
 0.661
-0.184
-0.460
-0.235
-1.008
-0.878
 0.954
 0.155
 0.066
 0.870
-0.179
-0.242
 0.821
-0.035
 0.991
 1.999
 0.084
 1.847
 1.095
-0.691
 0.194
-0.095
 0.464
-0.241
 0.690
-0.034
 1.341
 0.982
-0.296
-0.538
-0.996
 0.439
 0.100
-0.898
-1.237
-0.792
-0.332
 1.115
 0.030
 0.028
 0.116
-0.697
 0.862
 0.583
 0.214
-0.576
 0.709
-0.169
-0.192
 0.288
 0.894
 0.660
 1.234
 0.701
 1.981
 1.253
 0.488
 2.840
 0.688
 3.239
 1.709
 0.046
 0.956
 2.778
-0.255
 0.429
 0.158
 0.270
-0.923
-0.216
-0.280
 0.374
 0.417
-0.511
 0.022
 0.096
-0.725
 0.789
 2.253
-1.085
-0.217
 1.323
 1.347
 1.131
 0.420
 0.752
-0.375
 1.787
 1.410
 0.843
 0.639
 0.046
 0.665
-1.149
-0.907
-1.002
-0.366
-0.378
-0.792
-1.933
-1.854
-0.348
-0.141
-1.299
 0.376
 0.931
 0.010
 0.893
 1.337
 1.994
-0.759
-0.168
-0.077
-0.490
 0.088
 1.742
 0.487
 0.157
 1.089
 0.443
 0.245
-0.284
-0.389
-1.567
-0.242
 1.605
-0.371
-0.293
-2.037
 0.396
-0.006
 0.187
-0.095
-1.061
 0.060
 0.686
 0.465
 2.021
-0.296
 1.171
 0.148
-0.188
 0.026
-0.333
-0.447
 0.624
-0.385
-0.470
-1.531
-1.450
 0.058
 0.976
-0.242
 0.165
-1.046
 0.527
 0.644
-0.772
-0.746
-0.463
-0.269
-0.747
-0.544
-0.864
-0.222
 0.026
-0.146
-1.409
 0.836
 1.895
 0.373
 0.327
 0.365
 1.162
 0.041
 0.128
 0.293
 0.901
-0.808
 0.066
 0.161
-0.184
 1.239
-3.585
 0.218
-0.413
 0.008
 0.631
 0.468
-0.053
-1.846
 0.249
-1.592
-0.751
 0.528
 1.432
 1.139
 2.114
-0.996
-0.032
-0.315
 1.368
 0.357
 0.505
 0.526
 1.852
 0.155
 1.064
 0.524
-0.529
-1.182
-1.004
-1.706
-0.995
 0.312
-0.142
-0.586
-0.750
-0.822
-0.779
-1.294
 0.156
 1.400
 0.327
 0.553
 0.662
 0.800
-0.574
-0.333
 0.802
-0.355
 0.622
 0.293
 0.788
 0.954
-0.531
-1.742
-0.196
 0.484
 1.762
 0.511
 0.030
 0.404
 1.108
 0.424
-1.914
-1.674
 0.967
 1.064
 0.548
-0.408
 0.122
-0.109
 0.472
 0.382
 1.393
 1.022
 2.480
 2.492
-0.148
-0.769
-1.002
 0.686
 0.997
 1.974
 1.766
 1.508
 0.440
-0.331
 0.391
-1.252
-0.119
 0.340
 1.083
 0.752
 0.038
 0.702
 0.411
-0.852
-1.389
-0.452
 1.093
-0.316
-0.387
-0.377
-0.692
 0.601
-1.415
 0.350
 0.386
 0.231
-1.216
-0.732
-0.479
-1.667
-0.242
-1.057
-1.759
-0.023
-1.841
 1.369
 0.717
-0.555
-0.065
-0.614
 0.052
 1.664
 1.468
 0.437
 1.205
-0.433
-0.519
-1.437
-1.866
-1.691
-0.619
-0.777
-0.353
-0.453
-0.676
 1.155
 1.319
 0.818
-1.038
 0.176
-0.247
-1.754
-0.736
-1.375
-0.260
 0.589
 0.060
 1.455
 0.239
 0.253
-0.780
 0.652
 1.027
 0.869
 2.195
-0.479
-0.903
-0.734
 0.658
 0.757
 0.086
-1.263
 0.498
 0.629
 1.178
-0.242
-0.779
-0.453
 0.940
-0.028
-0.922
-0.348
-0.278
-0.479
-0.005
 0.637
-0.211
-1.277
-1.026
-0.072
 0.971
-0.508
-0.627
-1.209
-0.191
 1.029
 0.892
 0.626
 1.237
 0.008
 0.591
 0.525
-0.187
-0.558
 0.026
 0.690
 0.728
 1.159
 0.423
 0.438
-0.721
-0.026
 0.339
 0.843
-0.742
 0.866
 0.309
-0.098
 0.422
 0.253
-0.301
-0.129
 0.281
 0.688
 1.302
 0.524
 1.165
 2.142
 1.488
 0.548
-0.326
 1.010
 0.981
 1.250
 1.001
 1.824
 1.264
-0.384
 0.294
 1.063
-0.524
 0.269
-0.415
 0.792
 0.064
 1.101
-0.152
 0.800
-0.595
 0.818
-0.740
 0.307
 1.936
 0.614
 0.139
 0.113
 0.179
 1.163
 1.190
-0.337
-0.444
-1.169
 0.111
 0.543
 1.107
 0.599
 0.633
-0.323
 0.076
 1.554
 2.127
 0.643
 1.498
 0.150
 0.969
 1.958
 0.164
 0.724
 1.150
 0.545
 0.339
 0.733
-0.439
 0.885
 0.244
 0.212
-0.987
 0.132
-0.643
 0.498
 0.161
-0.453
-0.200
 0.483
 0.911
 0.121
-0.466
-0.130
-0.857
 1.607
 1.859
 2.118
 1.622
 1.592
 2.230
-0.205
 0.966
 0.504
 1.075
 0.931
-0.061
 0.268
 0.577
 0.223
 0.757
 0.322
 0.066
 1.147
 0.443
-0.322
 0.855
-0.102
 1.348
 1.816
 1.150
 0.814
 0.921
 0.550
 0.216
-1.259
-0.423
 0.227
-0.426
 1.279
-0.455
 0.393
-0.076
-0.561
 0.006
-0.124
 0.115
-0.369
 0.325
 1.674
 1.463
 1.282
 0.146
-0.137
 1.094
-0.542
-0.640
-0.826
-0.114
 0.913
 0.881
-1.239
-0.384
 0.462
-0.106
 0.456
 0.400
 0.868
-0.515
-0.176
 0.813
 1.155
 0.679
 1.664
 1.849
 2.674
 2.336
 0.495
-1.289
 1.044
-0.610
-0.885
-0.375
-0.710
-0.384
-0.721
 0.103
-0.755
-2.544
-0.003
-0.314
-1.435
-0.618
-0.783
-1.107
 0.239
-0.547
-1.086
 1.059
-0.742
 0.593
 1.316
 0.610
-0.998
-1.842
-1.133
-0.579
-1.362
-0.067
-0.984
-0.785
 0.201
-1.268
-1.253
-1.588
-2.758
-0.134
-1.309
-2.153
-1.374
-1.667
-1.299
-1.756
-2.156
-1.617
-0.788
-1.639
-1.470
-0.589
-0.923
-0.532
-1.076
-0.510
 0.535
-1.067
-1.006
-0.235
-0.626
 0.245
-0.269
 0.443
 1.662
 1.493
 2.315
 2.015
-0.583
-1.186
-1.126
-0.225
 0.483
-1.630
-0.558
 0.505
-0.258
 2.058
 0.762
 0.983
-0.814
 0.037
 0.427
-0.546
 0.938
 0.903
-0.272
 0.709
-0.416
-0.223
-0.482
 0.403
 0.658
-0.289
 0.771
-1.606
-0.670
-1.688
-0.290
-0.160
 0.616
-0.332
 0.775
-1.203
-2.061
-1.884
-0.275
-0.717
-0.356
-1.222
-1.915
-1.106
 0.131
-0.111
-0.409
-1.245
-1.158
-2.757
-2.733
-1.241
-1.608
-0.792
-1.282
-1.045
-0.376
 0.129
-2.181
-0.797
 0.672
-1.225
 1.238
-0.306
-0.627
-0.904
-0.390
-1.160
-1.440
-0.962
-0.708
-0.608
-1.171
 0.337
-0.438
-1.592
-0.835
-1.089
-0.062
-1.857
-0.643
-1.273
-2.038
 0.546
 0.742
-0.066
 1.657
 0.130
 0.478
 2.128
 1.229
 0.812
 0.531
 1.290
 0.047
-0.461
-0.598
-0.150
 0.809
 0.206
-0.980
 0.360
 1.345
 1.502
 1.043
-0.564
-0.593
-0.096
-1.381
-1.329
-1.854
-1.574
-0.703
 0.584
-0.234
 0.858
-1.058
-0.424
-0.647
 0.304
-1.861
-0.743
-1.344
 0.565
 0.886
-0.587
-0.542
-1.078
-0.509
-0.774
-0.910
 0.870
 1.124
 1.360
-0.444
-0.892
-1.440
-1.637
 1.394
-0.444
-0.407
-0.971
 0.537
-1.414
-0.175
-0.296
-0.513
-1.029
-0.215
 0.383
 0.285
-1.625
-1.119
-0.405
-0.220
-0.301
 1.220
 0.236
-0.644
-1.884
-0.765
-0.615
-0.792
-1.783
-2.034
-0.846
-0.810
-2.878
-1.726
-2.401
-1.901
-1.806
-0.286
-0.753
 0.367
-0.454
-0.682
 0.196
-0.923
-1.778
-1.175
-1.085
-1.591
-0.368
-0.954
 0.077
-1.416
 0.410
 0.485
-0.640
 1.197
 1.634
-1.117
-1.567
-0.294
-0.558
-1.567
-2.127
-0.706
-1.408
-1.544
-2.147
-1.794
-1.076
-1.642
-1.318
-0.162
 0.246
-1.331
-0.395
 1.682
-0.736
-0.776
-0.339
-0.195
 0.418
 1.424
 0.803
-0.792
-1.264
-0.549
-1.232
-0.095
-0.217
-0.220
-0.160
-1.578
-0.275
-0.206
 1.140
-1.054
-1.690
-0.738
-0.089
-2.843
 0.070
-0.299
 0.188
-0.705
-0.452
 0.029
-1.380
-0.665
-0.282
 0.037
-0.508
 0.481
 0.580
 0.538
-1.081
 0.157
 0.049
 0.393
 1.035
 0.852
 1.105
 0.233
 1.401
 0.685
-0.552
-1.702
-1.835
-0.818
-0.926
-1.293
-1.499
-1.776
-1.160
-0.484
 0.237
 0.086
 0.699
-0.862
 0.791
-0.442
-0.018
 0.222
-0.040
 0.667
 1.278
 2.337
 2.291
 1.400
 0.509
 1.039
 2.309
 0.603
 0.908
 2.105
 1.783
 0.532
 1.898
 2.059
 1.341
 0.002
 0.469
-0.191
-0.242
-1.275
-1.420
-0.243
 1.828
 0.669
-0.276
-0.572
 1.639
-0.090
 0.137
 0.288
-1.232
 0.042
-1.341
-1.221
-1.459
-0.507
-0.074
-0.717
-0.709
 0.547
 0.061
 0.892
-1.307
-0.919
 0.639
-1.352
-0.447
-0.696
 0.096
-0.816
 0.075
-0.191
-0.871
-1.007
-1.132
-1.582
 1.455
-0.569
-0.124
-0.535
-0.179
-0.639
-0.905
 1.339
-0.995
-0.312
 0.204
-0.319
-0.862
 1.059
-0.285
 0.535
 0.276
-0.134
-0.525
 0.783
 1.853
-0.122
 1.909
 2.908
 1.720
 1.388
 2.446
-0.121
 0.101
 1.474
 0.247
 0.029
-1.413
-0.023
-0.292
 0.199
-0.373
-1.392
-0.835
-2.659
-3.132
-1.824
-0.805
-1.769
-2.257
-1.004
-1.051
-1.167
-0.353
-2.564
-0.257
-0.778
-0.428
 0.298
-0.922
-1.681
-1.752
 0.025
-0.605
-0.188
 1.607
 0.604
 0.312
 1.651
-1.824
-0.347
 1.246
 0.873
 0.040
 0.791
 0.892
 0.034
 0.003
 2.357
-0.417
 0.103
 1.236
 1.457
 0.098
 1.954
 0.424
-0.119
-0.219
 1.031
-0.061
 0.048
 1.125
 0.135
 0.402
 0.896
 0.423
 1.035
 1.962
 1.038
 2.580
 0.548
 0.844
 0.987
 1.762
 0.480
 0.761
-0.444
-0.919
-0.589
 0.405
-2.042
 1.075
 0.421
 0.342
-0.877
-0.516
-0.323
 0.490
 0.650
 0.180
-0.788
 1.000
 1.230
 0.246
-0.209
-1.554
-1.293
-1.317
 1.085
-0.985
-0.920
 1.815
-0.420
-0.325
-1.312
-0.544
-0.903
-1.957
-0.667
-1.958
-1.874
-0.464
-0.451
-0.674
-1.363
-1.239
-2.023
-2.124
-2.211
-1.125
-0.289
-0.137
-0.320
 0.443
-0.841
 0.545
-0.337
 0.019
-0.906
 0.157
-1.478
-2.154
-0.882
-0.660
-0.557
 0.907
-0.145
-0.976
-1.120
-0.453
 0.187
-2.504
-0.658
-1.360
-0.924
-0.611
 0.132
-0.336
-1.024
-1.562
-1.100
-1.499
-1.925
-1.469
-1.274
-0.188
-0.807
 0.626
 0.786
-0.386
-1.476
-0.593
-0.998
-0.125
-2.443
-0.625
-0.660
-0.183
 0.507
 0.225
-0.530
-0.984
-0.213
 0.118
-0.361
-1.852
 0.569
 0.561
-1.322
-0.101
-0.403
-0.502
-1.734
-0.087
-1.159
 0.132
-1.585
-1.334
-1.303
-1.000
-2.555
-3.005
-0.523
-2.951
-0.275
 0.643
-0.219
-0.467
-0.058
 0.233
 0.714
-0.447
 0.364
 0.375
-0.245
-0.500
-2.005
-0.068
-0.835
-0.624
-1.870
-0.707
-0.863
-0.900
-1.386
-0.393
-1.392
-2.167
-1.768
-1.443
-1.551
-0.691
 0.343
-0.931
 1.000
 0.529
-1.066
-1.860
-0.711
 0.949
 1.322
 0.931
-0.366
 0.179
-1.560
 0.562
 2.129
-0.435
-0.771
-0.372
-0.748
 0.651
-0.045
 1.541
 1.664
 1.326
-0.005
 0.381
 0.212
 0.543
 0.806
-0.264
 0.959
-0.067
-1.082
 0.104
-1.185
 0.239
 0.686
-0.830
-0.068
 0.424
-0.819
-0.614
 1.205
-0.529
 0.863
-0.449
 0.006
-0.053
 0.598
 0.759
 0.391
 0.591
 0.264
 0.965
-0.389
-0.442
-2.044
-0.221
-0.312
 0.342
-0.161
 0.180
 0.466
-0.028
 0.278
 0.312
 0.327
 0.608
 0.298
 1.101
 1.467
 0.219
 0.142
-0.060
-1.522
-0.816
-0.248
-1.126
-1.114
-0.494
-1.652
 0.020
 0.734
 0.969
 1.180
 0.598
 0.902
-0.667
-0.293
 0.469
-0.737
-0.452
 0.146
-0.213
-0.103
-0.187
 0.991
-0.201
 0.209
-0.572
 0.979
-0.195
 0.195
-0.285
 1.089
 0.624
 0.605
-0.010
 1.452
 0.964
 1.297
 1.607
 0.535
-0.474
 0.198
 1.651
 0.105
 1.679
 0.746
-0.048
 0.005
 0.380
-1.042
 0.234
 0.598
-0.111
 0.353
-0.437
 0.803
 0.064
-0.934
 0.648
 0.239
 0.542
 1.763
-0.602
-0.022
 0.132
-1.120
-0.778
-0.582
-0.143
-0.674
-1.165
-0.302
 0.199
-0.904
 0.040
-1.087
-0.782
 1.503
 0.731
 0.761
-1.048
-0.432
 0.539
 0.598
-0.710
 0.308
 0.403
-0.342
 0.866
 0.449
 0.068
 0.494
-0.613
 1.054
 1.268
 0.716
 2.193
 1.043
 1.532
 0.479
 1.417
 1.207
 0.217
 0.380
 0.313
 0.983
-2.087
-0.654
-0.208
 0.603
 0.327
 0.605
 0.083
-0.181
-0.919
 0.119
-0.385
-0.443
 0.692
 0.704
-1.989
-2.657
-0.722
-0.248
-0.273
 0.223
-0.770
-1.748
-0.433
 0.418
-0.917
-0.467
 1.318
 0.348
-0.553
-0.555
-0.308
-0.613
 0.527
 0.776
-0.183
-0.190
-0.303
-0.956
-0.655
 0.304
-0.486
-0.482
-2.016
-2.130
-1.544
-1.763
-1.219
-1.357
-0.705
-0.116
-0.068
-1.029
-0.276
 0.578
 0.052
 0.744
 0.269
-0.312
-0.083
-1.185
-0.369
-1.182
-1.803
-1.643
-1.052
 0.320
-0.392
-0.805
-0.300
 1.085
 0.155
 0.288
-0.812
-0.261
-1.176
-1.047
 0.440
-0.319
-1.671
-1.298
-1.303
-0.947
-1.410
-1.127
-0.474
-1.632
-0.308
-0.061
-0.612
 0.770
-1.324
-0.869
-1.462
 0.431
-0.296
 0.958
 0.537
 0.452
-0.051
 2.035
 0.863
 0.176
 1.433
 1.681
 0.131
 2.039
 0.843
 1.257
 1.616
 1.462
 1.455
 0.174
 1.512
 2.107
 1.839
 0.972
-0.108
-1.101
-0.456
 0.458
 0.739
 1.623
 0.077
 0.839
-0.943
 0.953
-0.466
-0.730
 0.813
-0.470
-0.148
 0.694
 0.421
 0.490
 1.206
 1.140
 1.414
 0.977
 0.584
 0.346
 1.498
-0.300
-0.174
 2.248
 0.470
-0.113
-0.598
-0.699
-0.657
 0.745
 1.207
 0.435
 0.346
 1.409
-0.013
 0.151
 1.228
 1.857
 0.884
 0.577
 1.230
 1.132
 0.047
-0.335
 1.375
-1.187
 1.944
 0.466
-1.178
 0.716
 0.322
 1.338
 1.892
 0.849
 1.838
 1.211
 0.797
 1.638
 0.290
-0.092
-0.138
 0.124
-0.417
-0.072
-0.463
 0.950
-0.374
-0.098
 0.654
 1.014
 0.209
-1.479
-1.256
-0.956
-0.126
 1.292
 0.233
-0.030
 1.284
 1.646
 1.088
 1.884
 0.059
 0.974
 2.156
 1.467
 1.773
-0.572
 0.382
-0.105
 0.739
 1.626
-0.159
 1.083
 0.406
 1.595
 0.999
 0.482
-0.319
 0.205
 0.496
 1.541
 0.842
 0.882
 0.481
 0.378
 0.705
 1.476
 1.318
 0.987
 0.280
 0.904
 3.091
 0.728
-1.155
 0.851
 0.681
 0.958
 0.236
 0.172
 1.305
 2.280
 3.069
 1.135
 0.426
-0.719
 0.287
 0.635
 0.457
-0.897
-0.530
-1.078
 0.774
 2.071
 1.526
 0.393
 0.223
 0.720
-0.432
 0.389
 0.086
-0.242
 0.734
-0.584
 0.901
 0.394
 0.133
 0.548
 0.917
 0.611
-0.093
 0.751
 1.407
 1.202
 1.480
 2.060
 0.726
-1.340
 1.259
 0.417
 0.655
 0.460
-1.073
 0.589
-0.349
 0.158
 0.022
 0.098
-0.143
-0.289
 0.713
 0.692
 0.876
 0.423
-0.252
 0.228
 1.710
 0.819
 1.234
 0.584
 0.268
 0.531
 2.036
 0.611
-0.299
 0.947
 0.004
-1.378
-0.400
 0.999
 0.195
-0.536
 0.036
-0.517
 1.021
-0.434
 0.599
 1.460
 0.599
-0.064
-0.034
-0.459
-0.216
-0.792
-0.850
-0.600
-0.517
-0.684
-0.308
-1.700
-1.387
 0.879
 0.220
 0.471
-0.931
-0.251
 0.125
 0.051
-0.149
 0.965
-0.741
 0.663
 0.094
 0.981
 0.701
 0.270
-0.919
 0.264
 0.816
-0.172
-0.758
-0.429
-1.350
-0.420
 0.479
 0.542
 0.865
-0.159
 1.490
 1.195
-0.293
 0.832
-0.515
-0.215
-0.648
 0.090
-0.571
-0.041
-0.417
 1.726
 0.632
-0.458
 0.553
-1.401
 1.046
-0.392
-0.608
 0.831
-1.020
-0.182
 0.056
-0.623
 0.228
 0.628
 1.430
 1.111
 0.753
 0.992
 0.743
 0.891
-0.648
-0.189
 0.473
 0.826
 3.014
 1.394
 1.286
 1.525
-0.047
 0.303
 0.965
 1.438
 0.081
 1.128
 0.885
 1.010
 0.233
 0.678
 1.503
-0.052
-0.237
 1.372
 0.731
-0.340
-0.016
-0.327
-0.587
 0.033
-0.776
 0.962
-0.264
 0.082
 0.475
 0.581
-0.135
 0.462
 0.420
-0.916
-0.318
 0.025
-0.148
-0.252
-0.193
 0.790
-0.528
 0.628
 0.872
 2.446
 0.524
 0.338
 2.248
 2.007
 1.288
 1.290
 1.300
 1.629
 0.301
 1.436
 0.508
 0.537
 0.705
-0.134
 0.447
-0.425
 0.452
-0.925
 0.968
 0.300
-0.114
 1.960
 0.945
 1.504
-0.030
 0.327
 1.462
 0.544
-0.349
 0.205
 0.422
-0.617
-0.320
 0.003
-0.353
-0.787
 0.427
-0.349
-1.259
-0.034
-1.228
 1.026
-0.053
 0.214
 0.657
 1.552
 0.348
 0.501
 0.353
 0.566
 0.060
 0.489
 0.684
-0.177
 1.178
 1.864
 0.324
-1.070
-0.304
 0.451
 0.079
-0.097
-0.182
-0.787
-1.265
-0.952
-0.424
 0.027
-1.484
-0.618
-1.268
-0.236
-0.558
-1.059
 1.130
 1.920
 0.627
 0.262
 0.590
 0.988
-0.105
 0.946
 0.471
-0.711
 0.028
-0.653
-1.006
-0.779
-0.078
 0.529
 2.389
 0.451
 0.348
-1.452
-0.513
 1.185
-0.831
-0.290
 0.737
-0.125
 0.217
 0.880
 1.056
-1.255
 1.147
 0.210
 0.259
-0.769
 1.075
 0.454
-0.566
 0.000
-0.606
 0.456
-1.109
 0.996
-0.313
 0.032
-0.188
-0.743
-0.007
-0.133
 0.666
 0.135
-1.343
 0.229
-0.509
-0.842
-2.041
-0.071
 0.737
-0.181
 0.795
 0.425
-0.308
 0.838
 0.646
 0.114
-0.372
 0.712
-0.527
 0.078
 0.065
 0.062
 1.173
 1.508
 2.371
-0.872
-1.562
-0.282
 1.700
 0.810
 0.543
-0.393
 0.266
 0.347
-1.493
-0.351
 0.377
 0.819
 0.922
-0.050
 0.445
 0.660
 0.699
 1.414
 0.999
 1.650
 1.724
 0.891
 1.171
 0.765
-0.282
-0.871
 1.089
-0.690
-1.209
 0.851
 0.855
-0.593
 0.528
-0.050
-0.368
-1.357
 0.205
 0.271
 0.097
 0.291
 1.257
 0.261
-0.504
 0.360
 0.156
-0.745
-1.449
 0.813
 0.058
 1.502
 0.171
 0.193
 0.716
-1.674
 0.601
 0.909
 0.299
 0.144
 0.469
 0.406
-0.435
-1.156
 1.061
 0.714
-0.263
 0.011
 1.341
 1.230
 1.349
 1.061
 0.863
 0.918
 0.363
-0.680
 0.173
-0.018
 0.120
 0.283
 0.483
 0.107
 0.144
 1.835
-0.216
 1.253
 1.081
 0.584
 1.703
 1.101
-0.357
 0.138
-1.028
 0.316
-0.592
-1.011
 0.404
 0.957
-0.937
-1.301
-1.109
-1.403
-1.538
 0.053
 0.554
-0.247
 1.476
 0.976
-0.815
 1.448
 1.305
 0.021
-2.037
-1.534
-0.909
-0.357
 0.536
 0.430
 0.761
 1.764
-1.043
-1.480
 0.099
 0.053
 0.762
 0.618
 0.439
-0.605
 1.245
 0.654
 0.976
-0.250
 0.914
 0.034
 0.618
 2.283
 1.220
 0.733
 0.756
-0.126
 1.549
 1.108
 0.172
 0.246
-1.228
-1.387
-1.069
 1.290
-0.066
 1.700
 1.300
 0.441
 0.680
 0.199
-0.629
 0.653
-0.649
-0.235
 0.288
-0.588
-0.244
-0.235
-0.803
 0.473
-1.022
-1.058
-1.310
-1.931
 0.341
 0.475
 0.674
-0.448
-0.944
-0.929
-0.537
 0.229
-1.020
-0.429
-0.034
 1.462
 0.912
 0.387
 0.034
-0.201
-0.083
-0.490
-1.902
-1.396
-0.383
-1.573
 1.057
 1.453
-0.084
-0.674
-0.166
-0.221
 0.253
 0.725
-0.449
-0.482
 0.758
 1.900
 0.239
 0.375
 1.075
-0.222
 0.275
-0.211
-1.120
-0.612
-0.342
-1.840
-0.653
-1.168
-1.593
-1.285
-0.250
 0.053
-0.035
-0.225
 0.714
 0.341
-0.044
-0.770
-0.537
-0.047
 0.769
 0.333
 0.753
-0.263
-0.365
-0.497
 0.245
 1.392
 0.410
 1.114
 0.020
 0.919
 2.010
 0.733
 0.776
 0.087
 0.500
 2.374
 2.494
 0.495
 0.277
 0.261
-0.795
-0.504
 0.878
 1.832
 1.379
 0.920
 2.309
 1.529
 0.559
 0.318
-0.152
-0.455
 0.954
 0.109
-0.118
 0.250
 0.427
 1.027
 1.036
-0.490
-0.604
-0.600
-1.176
 0.382
 0.152
-1.008
-1.192
-1.234
-1.095
 0.178
 0.186
-0.661
-0.050
-2.230
-1.843
-0.862
-0.643
-0.703
-0.238
 0.363
-1.928
-1.398
 0.043
 0.162
-1.013
-1.552
 0.152
-1.015
-0.167
-2.271
-1.489
-0.822
-0.274
 0.124
-0.467
-1.401
 0.018
-0.728
-2.317
-1.559
-1.544
-1.292
-0.582
 0.115
 0.056
-1.518
 0.734
-0.916
-0.163
 0.774
-1.175
-1.645
-1.951
-0.799
-1.205
-0.841
-0.537
-0.266
-1.325
-0.935
-2.049
-1.817
-0.236
-1.106
-1.251
-1.092
-1.172
-1.331
-0.362
-0.023
-1.066
-0.475
-1.272
-0.600
 0.643
 0.781
-1.410
-1.066
-1.387
-1.520
-1.939
-1.789
-1.910
-1.747
-3.033
-0.451
-0.150
-0.243
 0.570
-0.360
-0.082
-1.299
 0.685
-0.018
 0.947
 0.773
-0.694
 0.410
 1.758
 0.460
 1.446
 1.912
-0.158
-0.407
-1.185
 1.198
 0.362
 0.544
-0.500
-0.374
-0.790
-0.443
-1.596
-1.200
 0.355
-0.608
-1.639
-0.230
 0.028
-0.619
 0.161
-0.314
 1.431
 1.014
 0.603
 0.402
 0.774
-0.179
-0.151
-0.533
-0.333
 0.521
-0.954
-0.670
-0.101
-1.182
-1.234
 0.631
 0.770
-0.071
 0.558
 0.670
 0.267
-0.018
 0.359
-1.096
 0.852
-0.472
 1.202
 0.183
-0.689
-0.519
 0.201
-0.035
 1.216
 0.381
 1.270
 0.291
 1.320
 1.521
 0.701
-0.934
-1.141
 1.287
 1.062
 1.408
-0.067
-0.360
 0.536
-1.617
 0.555
-0.149
-0.376
-0.394
 0.162
 0.923
 0.711
 0.940
-0.738
-0.041
 1.267
 1.370
 0.651
 1.041
 1.836
 0.958
 0.795
 1.558
-0.640
-0.392
-0.963
 0.603
 0.668
 0.542
 1.030
 1.068
-0.780
-0.956
-0.652
 0.342
-1.749
 0.247
 0.411
 0.292
-0.040
 0.399
 0.265
 0.185
 0.460
 0.642
-0.307
-0.934
 0.111
 1.438
 0.296
 0.683
 1.246
-0.776
 0.869
 1.339
 1.457
 0.964
 2.103
 0.373
 0.504
 0.965
 0.601
 1.261
 1.334
 0.279
 1.010
 1.002
-0.055
 0.989
 0.855
-1.172
-0.665
 0.075
 0.370
 1.315
 0.782
-0.074
 0.879
 0.213
 0.939
 0.502
-1.003
-0.216
-0.149
 0.862
 1.007
 0.988
 1.621
 0.181
-0.124
 2.037
-0.826
 0.394
-0.480
 0.304
-0.265
-0.985
-2.493
 0.081
-0.216
 0.372
 0.608
 1.482
 0.480
 0.764
-0.290
-0.319
 0.125
 1.020
 0.499
-0.506
-0.411
 1.687
 1.010
 0.970
 2.073
 2.021
 1.255
-0.244
-1.064
-0.664
 0.609
 0.749
 1.212
 1.105
-0.254
 0.467
-0.039
 0.770
-0.049
 1.609
-0.759
-0.174
 0.319
-0.854
-0.399
 1.164
 0.343
-0.446
-0.614
 0.423
-0.341
 0.908
-0.518
 0.610
-1.628
-1.241
-0.576
 1.594
 1.093
 0.570
-0.707
 1.082
 0.565
-0.335
 1.863
 1.037
 1.794
 1.131
 1.307
-0.089
-0.021
-0.394
-2.039
-1.516
-1.299
-1.371
-2.393
-0.819
 0.994
 0.973
 2.785
 1.701
 2.589
 1.309
 0.201
 1.111
 0.614
 1.766
 0.684
 2.392
 0.549
-0.014
-1.212
-1.566
-1.263
-1.597
-2.180
-0.333
 0.006
-0.082
 0.011
-0.204
-1.589
 0.409
-0.523
-1.233
-1.184
-0.841
-0.032
-0.739
-0.751
-0.889
-1.376
-1.296
-1.964
-1.134
-1.057
 0.244
 0.313
-1.166
-0.576
-0.880
-1.625
 0.448
-2.030
-2.052
-1.080
-0.044
-0.835
-0.440
-1.155
-1.695
-0.440
-0.639
-0.575
-1.708
-1.211
-1.764
-1.758
-1.851
 0.536
 1.272
 0.959
-0.655
 0.135
 1.308
-0.449
-0.173
-2.472
 0.315
 0.390
-0.716
-0.094
 1.984
 0.997
 1.216
 0.317
-0.881
-0.016
-0.001
 0.023
-0.369
 1.617
 0.499
 1.782
 0.664
 0.527
 0.527
-1.339
-0.104
-1.169
-0.106
-0.114
-1.315
 0.132
-0.494
-1.050
 0.093
-0.404
 0.501
 0.522
-0.826
-1.170
-2.798
-0.662
-0.435
-2.048
 0.024
-0.548
-0.407
-0.022
 1.034
 1.144
-0.131
 0.974
-0.187
 0.623
 0.401
-1.677
-0.819
-0.586
-0.310
-0.437
 0.628
 0.512
-0.550
 1.471
 0.901
 1.153
-0.722
-0.916
-1.391
-0.506
-0.154
 0.752
-0.469
 1.130
 0.250
 0.493
 0.237
-0.621
-0.846
-0.243
-0.657
 0.561
 0.811
 0.011
 0.095
-1.063
 0.040
 0.012
 0.163
-0.643
-0.101
 0.288
-0.021
-0.444
-1.548
-0.431
-0.841
-0.678
-0.026
 0.139
 1.194
-0.603
 0.052
-0.623
 0.732
 0.577
 0.169
 1.773
-0.015
 0.313
-1.584
-1.137
-0.321
 0.009
-0.235
 0.769
 0.182
 1.144
 0.774
 0.779
 0.726
 0.788
-0.682
-1.306
-0.488
-1.490
-0.074
-0.221
 0.953
-0.320
-0.400
 0.498
-0.283
 0.458
-0.067
-0.014
 0.108
 0.610
-0.318
-0.123
 1.499
-1.583
-0.484
 0.475
-0.715
-1.109
-0.928
 0.729
-2.326
 1.391
 2.133
 0.335
 0.831
 1.722
 1.031
 0.152
 0.605
 0.445
 0.406
-0.393
-1.125
 1.521
 2.790
 0.287
 0.667
 0.653
 0.737
-0.076
 0.133
-0.503
 0.967
 1.072
 0.557
 1.349
 2.042
 0.074
-0.096
 0.955
-0.155
-0.641
-0.322
 0.634
 0.298
-0.570
-0.829
-0.608
-0.204
-0.690
-0.074
-2.051
-0.091
-0.889
-0.135
-0.346
-0.732
 0.173
 0.931
-0.742
-0.809
 0.347
-0.269
 0.951
 0.178
 0.317
 0.813
-1.559
-0.270
-0.568
 1.283
-0.258
 0.236
-0.579
-0.531
-0.993
-0.105
 0.712
-0.409
-0.619
-0.231
-0.896
-0.589
-0.536
 0.293
 1.200
-0.683
-1.863
-0.975
-1.648
-1.318
-0.149
-0.037
 0.642
 1.604
 0.130
-0.620
 0.407
 0.194
 0.099
-0.008
 1.047
 0.105
 0.202
 0.845
 1.186
 1.317
 0.230
 0.346
 0.425
 1.119
-0.760
-0.122
 1.978
-0.242
 0.850
 0.426
-0.461
-0.467
 0.294
-0.727
-1.860
 1.030
 1.213
-0.512
-0.239
-0.942
-0.869
-1.343
-1.160
-0.406
-0.905
 0.668
 2.154
 0.975
 0.239
 0.829
-2.656
-0.600
 0.017
-0.061
-0.520
-1.909
-1.616
 0.275
 0.682
 0.175
 1.278
 1.817
 0.514
 0.592
 0.194
-0.139
-1.123
 0.272
 0.653
 0.473
-0.075
-0.251
 0.349
 0.907
 0.215
 1.167
 0.943
 0.358
 1.545
-0.527
 0.751
 1.591
 0.833
 0.424
 1.111
 2.179
 1.855
 2.207
 0.443
 0.009
 1.627
 0.803
 1.694
 2.303
-0.119
-0.230
-1.713
 0.355
 0.712
 0.983
 1.378
-0.016
 1.339
 0.715
 0.557
 0.711
 0.379
 0.935
 1.946
 1.368
-0.684
-0.175
 0.381
 0.335
 0.482
-1.045
 2.038
-1.125
-0.704
 0.190
-0.057
-0.393
 0.201
-1.674
-0.904
 0.286
 1.102
 0.596
-0.256
-0.251
 0.116
-0.583
 0.202
-1.163
-1.031
-1.987
-1.614
-0.893
-1.541
-1.423
-0.790
-0.504
-0.533
 0.105
-0.032
-0.746
 0.339
 0.104
 0.790
 0.777
 0.063
-1.074
-2.203
 1.121
-0.805
 0.027
-1.433
-0.753
-0.728
-0.772
-0.196
 0.690
-0.924
 0.594
 1.128
 1.038
 0.368
 1.262
 0.926
 2.062
 0.534
 0.224
 0.417
 1.149
-0.089
 1.429
-0.013
 0.648
 1.301
 1.483
 1.015
 0.350
 1.403
 0.967
 0.794
 0.189
 0.703
-0.286
 1.794
 0.890
 0.244
 0.146
 0.223
 0.818
 1.432
 0.583
 0.620
-1.156
-0.402
-2.202
 0.185
 0.332
-1.033
 0.298
 1.599
-0.915
 1.762
-0.268
-0.541
-0.346
-0.229
-0.177
 0.055
-1.335
-0.787
 1.321
 1.013
-0.889
-0.198
-0.435
-2.168
-0.448
-0.618
 0.160
-0.225
 0.897
 1.015
 0.354
-0.011
-0.445
 0.528
-0.504
-1.747
-0.714
 0.045
 0.391
-0.513
 1.649
-0.475
-0.118
-0.277
-0.057
-0.235
-0.075
 0.270
-0.880
-2.359
-0.581
-1.187
-0.182
 0.272
 0.502
-0.001
 0.270
 0.029
-0.224
-0.322
-0.465
-0.781
 0.296
-0.732
-0.229
 0.367
 0.940
 0.366
 0.012
 1.392
-0.007
 0.860
 0.308
 0.370
 0.287
 0.118
-0.632
 0.717
 0.087
-0.195
 0.793
-0.469
 1.042
 1.229
 1.005
-0.622
-0.753
-0.274
-0.532
 0.750
-0.747
-1.486
-0.858
-1.176
-0.169
-0.309
-0.305
-0.734
 0.657
 0.622
 0.070
 0.362
-1.026
-0.114
-0.564
-0.567
-1.476
-0.983
-0.905
 0.216
 0.862
 0.874
 0.936
-1.915
-0.259
 0.525
 0.991
 0.196
 0.405
-0.701
 1.050
-1.599
-1.330
-0.696
-1.456
-0.865
-0.374
-0.205
 0.046
 0.440
 0.618
 0.297
-0.243
 0.074
-1.360
-1.978
-1.403
-0.741
-0.265
-0.800
-0.818
 1.092
-0.237
-1.237
-1.057
-1.872
-0.716
-1.106
-0.058
 0.356
-0.571
 0.361
 0.333
 0.096
 0.894
-0.033
-0.489
-2.164
-1.407
-0.266
 0.129
 0.830
-0.098
-0.124
-1.406
-1.601
-1.027
-1.526
-1.365
-1.929
-1.558
-1.921
-1.278
-1.487
-1.829
-2.195
-1.687
-0.502
 0.357
 1.498
 0.170
-0.068
 0.272
 0.138
 1.007
-0.001
 0.046
 0.521
 0.748
 0.327
 1.441
 0.355
-0.146
-0.024
-1.673
-1.712
-1.579
-1.444
-0.873
-2.492
-2.216
-1.352
-1.483
-0.553
 0.557
 0.790
-0.585
-0.851
-0.378
-0.608
-0.010
-1.002
-0.415
-1.177
-0.151
-0.210
-0.525
-1.790
 0.074
-1.262
-0.817
-0.787
-1.760
-0.159
 1.277
 1.998
 0.889
 1.537
 0.524
 0.727
 0.866
 1.175
 1.343
-0.048
 0.489
-1.360
-1.010
-1.165
 1.013
-1.011
 0.108
-1.115
 0.257
-0.194
-1.172
-1.948
-0.833
-2.323
-0.653
-1.247
-0.407
-1.319
-0.661
-1.288
 0.064
 0.758
-0.113
 0.689
 0.645
-1.166
-0.504
-2.185
-2.434
-2.540
-1.388
-1.243
-0.544
-2.073
-2.073
-1.924
-1.016
-0.667
-0.535
-1.006
-0.023
-1.011
-1.336
-1.224
-1.597
-1.011
-1.509
-1.208
-2.257
-2.407
-1.908
-1.072
-1.018
 0.760
-1.093
-0.157
-0.277
-1.661
-1.103
-1.171
-1.804
-0.755
-0.880
-1.447
 1.021
-0.145
-1.662
-1.215
-1.276
 0.455
 0.132
 2.449
-0.253
 0.106
 0.462
 0.204
-0.514
-0.866
 0.962
 1.043
 0.876
-0.005
-0.915
-0.068
 0.014
-1.108
-0.667
-1.093
-0.151
 0.164
 1.998
 0.522
 1.206
 1.249
-0.037
 0.500
 0.500
-0.610
 0.757
-0.075
-0.735
-1.429
 1.071
-0.408
 1.821
 2.415
-0.195
-0.818
 0.213
-0.098
-0.562
 0.715
-0.057
 1.238
 0.885
 0.724
-0.519
-0.856
 0.287
 0.387
 0.121
-1.700
-0.920
-1.498
-0.407
-0.159
-1.240
-2.450
-0.882
-2.420
-1.663
-0.801
-1.648
-1.022
-0.867
-0.439
-0.809
-1.477
-1.202
-0.603
 1.146
-0.640
-0.404
-0.493
 0.336
-0.006
-0.782
-0.326
 0.038
-1.191
-1.069
-1.356
-0.907
-0.955
-0.919
-1.093
-2.196
-2.588
-0.084
 0.009
-1.623
-1.793
-1.757
 0.606
 0.192
-1.501
-1.291
-0.909
-1.725
-2.213
-2.871
-2.349
-2.005
-1.904
 0.331
-0.282
-1.161
-0.473
-1.083
 0.137
 1.058
 0.158
-0.301
-0.820
-1.289
-0.691
-0.258
-1.143
-0.613
-1.328
-2.547
-0.372
-1.436
 0.022
-0.208
 0.620
 0.946
 0.977
-0.943
 0.161
 0.855
 0.379
 0.197
 0.216
 1.174
 0.505
-0.339
-0.111
 0.351
 0.014
-0.890
-1.178
-0.622
 0.248
-0.064
-0.199
-0.461
-0.307
 0.902
 0.278
 0.299
 0.369
 0.772
-0.654
 0.367
-1.115
-2.278
-0.237
-1.192
-0.455
-0.607
-0.141
 0.500
 0.161
 0.410
 0.290
-0.791
 0.232
 0.997
-0.284
 0.579
 1.375
-0.704
-0.848
-1.703
-1.833
-0.195
-0.414
 0.197
-0.132
 2.495
 0.840
 0.654
 1.695
-0.032
 0.246
 0.549
 1.014
 1.009
-0.011
-0.690
 0.910
 1.649
 0.214
 1.054
 0.067
-1.509
-1.543
 0.209
 1.074
 2.449
 0.156
-0.434
-0.890
 0.883
-0.314
-0.745
-0.738
-2.113
-0.829
 0.288
 0.432
-0.024
-0.843
-0.093
-1.839
-2.032
-2.753
-2.679
-2.108
-2.205
-2.228
-1.449
-2.747
-1.638
-1.316
-0.156
-1.167
-2.754
-1.569
 0.221
-0.963
-1.380
-0.724
-1.576
-0.347
-1.179
-1.863
-0.503
-0.836
-2.227
-2.496
-0.121
-0.737
 0.092
 0.725
 0.831
-0.250
-0.262
 0.887
 0.974
 0.530
-0.427
-0.401
-0.787
-0.454
-2.381
-0.964
-0.738
-0.795
-0.182
-0.023
 0.197
 0.007
-0.984
 0.156
-1.710
-1.098
-1.016
 0.703
-0.186
 0.297
-0.673
-0.579
-0.657
-1.036
-0.435
-1.267
-0.953
 0.013
 1.389
 0.487
 0.058
-0.043
 0.093
-1.405
-1.320
-0.263
-1.369
-1.909
-1.609
-1.053
-1.765
-3.292
-0.822
-0.709
-0.983
-2.541
-1.342
-1.121
-0.588
 0.171
-0.716
-0.824
-1.174
 1.043
 1.167
-0.070
 0.317
 2.064
-0.386
 0.067
-0.319
-0.214
-1.754
-1.205
 1.041
 1.117
-0.279
 2.043
-0.440
-0.739
 0.178
-0.687
-0.147
 0.132
 1.034
-1.755
-1.482
-1.939
-1.845
 0.191
 0.478
-0.582
-0.069
-2.200
-1.091
-1.231
-1.483
-2.027
-0.435
-1.860
-1.554
 0.404
-0.615
 0.548
-0.197
 0.165
 0.005
 0.821
-0.538
-1.644
-0.505
 0.332
 0.076
 0.525
 0.123
 0.315
-0.719
-0.401
 0.179
 0.109
 0.108
 0.027
 0.817
 1.646
 0.363
 0.214
-0.828
-1.105
-0.460
 0.742
-0.310
 0.676
 0.837
 0.643
-0.117
 1.127
 0.413
-0.879
 0.449
 2.218
 0.920
 0.927
 1.395
 1.406
 0.932
 0.267
 1.288
 1.492
 1.611
-0.354
 0.923
-0.942
 0.238
 1.259
 1.133
 1.620
-0.034
 0.830
 0.523
 1.346
 2.495
 1.458
-0.073
 0.437
-1.073
 0.344
-0.201
-0.993
 0.105
 0.041
-0.333
 0.254
 0.688
-0.356
 0.557
 1.626
 2.631
-0.865
-1.159
 0.635
 0.653
 0.527
-0.516
 1.226
 0.096
 0.764
 0.413
 0.449
 0.803
-0.391
 1.230
 1.777
-0.206
-0.747
 0.286
 0.057
 0.837
 0.752
-0.639
-0.384
 0.233
-0.612
-0.560
 1.672
 0.771
 0.879
-1.301
-0.348
-0.975
 0.328
-1.457
-0.286
-0.332
 0.422
 0.519
 0.712
-0.158
 0.483
-1.083
-0.325
-0.584
-0.006
-0.642
-1.084
-1.014
-0.656
 0.206
-0.262
 0.933
 0.225
-0.092
-0.995
 0.430
 1.905
 0.725
 0.853
-0.738
-0.424
 0.046
-1.429
-1.031
-1.026
 0.655
-0.151
-0.453
-1.540
 0.043
 1.257
-0.787
 1.381
-0.052
-0.937
-0.762
 0.451
-0.645
-0.188
-0.791
 0.926
 0.630
-0.576
-0.602
-0.698
 0.314
 0.402
 1.538
-0.132
 0.672
 0.501
 0.646
 1.251
 1.241
 1.425
 0.211
-1.093
 0.311
 1.674
 1.228
 0.332
-0.792
 0.340
 0.163
-1.449
 0.412
-0.110
-0.329
 1.067
-0.049
 0.513
 1.010
-1.191
 1.634
-1.078
-0.763
-0.453
-1.302
-0.004
-1.829
-0.058
-0.704
-0.625
-0.689
 0.197
 0.081
-0.519
 0.391
-0.322
 1.808
 1.828
 0.920
-0.777
-0.486
 1.229
 1.595
 0.378
 0.204
 0.670
-0.609
-1.874
-0.680
 0.705
 0.263
 0.253
 1.749
 0.542
-0.632
 0.446
 0.320
 1.277
-0.871
 0.454
 0.616
 0.468
-2.473
-0.752
 0.389
 0.461
 1.195
-0.635
-1.165
 0.543
-1.343
 0.698
 1.922
 0.482
 1.337
 0.726
-0.130
-1.342
-0.390
 0.249
-0.947
-1.192
 1.012
 1.366
 0.336
-2.006
-1.250
-0.525
-1.453
-0.842
-1.072
 0.480
 0.834
 0.035
 0.259
 0.506
 0.881
 1.522
 0.091
-0.840
-0.554
-0.357
-1.574
-0.544
-0.410
-0.294
 0.667
-1.755
 0.505
 0.615
-0.632
-0.900
-0.727
-0.882
-0.380
-0.229
-0.535
-0.245
 1.075
-0.247
-2.253
-1.032
-1.517
-1.288
-0.380
-0.595
-1.061
-0.469
 0.247
-1.151
-1.218
-0.188
-0.232
-2.078
-0.195
-0.403
-0.576
-0.922
-1.571
-1.715
-0.252
-1.164
-2.427
-1.464
-2.102
-0.855
-0.851
 0.214
 0.016
 0.255
-0.901
 0.138
-0.560
-0.403
-0.745
-1.233
 1.841
 2.033
 1.620
 0.987
 1.031
-0.508
 0.792
-0.027
 0.691
-0.814
-1.627
-0.222
-0.686
-0.281
-0.765
-0.452
 0.209
-1.005
-1.186
-1.113
 0.555
 1.926
 0.777
-0.483
-0.629
-0.296
-1.641
-0.920
-1.853
-1.496
 0.487
 0.436
-0.575
-0.405
-0.686
-1.441
-1.318
-0.489
-0.501
-0.217
-0.925
-1.013
-0.703
 0.346
-0.833
 0.053
-0.852
-0.143
-0.594
-1.492
-3.094
-4.122
-1.941
-2.009
-0.151
 0.899
-0.334
-0.349
-0.374
-1.514
-1.942
-2.408
-0.839
-1.467
 0.340
-0.116
-2.120
 0.233
-1.433
-1.256
-0.717
-1.643
-0.070
-3.042
-2.087
-1.666
 0.970
-0.903
-0.428
-1.247
-0.740
-1.552
-0.425
-0.814
 1.400
 0.256
 0.725
-0.862
 0.083
 0.667
-1.449
-1.004
-0.922
-0.952
-0.242
 0.428
-0.343
-0.313
 0.761
 0.036
 1.176
 0.652
-0.506
-1.263
-2.308
-0.940
-0.169
-3.405
-1.985
 0.207
 1.059
 0.016
 0.906
-0.166
 0.999
 0.070
-0.678
 0.700
 0.595
 0.989
 0.255
 0.086
-1.049
-0.160
-1.915
-1.149
 0.440
-1.339
 0.491
-0.666
 0.283
-0.428
-0.671
 1.411
 0.288
-0.370
-0.743
 0.455
-1.715
-1.441
-0.987
 0.539
-0.620
-0.951
-0.769
-0.385
-0.514
-0.199
-0.701
-0.554
-2.213
-2.032
-0.561
-2.095
-2.004
-2.368
-1.879
-0.756
-0.887
 0.240
 0.097
-0.458
-0.657
 0.195
 1.024
 1.531
 1.227
 1.444
 1.205
-0.131
 0.951
 1.161
-0.184
 0.189
 0.674
 0.270
 0.664
 0.225
 0.883
 0.726
-0.324
 1.445
 1.683
 1.933
 0.941
 1.618
 0.592
 0.505
 0.774
 1.711
 0.714
 0.011
 1.255
 0.488
 0.519
-0.140
-0.806
-1.081
 0.178
 0.071
-0.278
-0.517
 1.390
 1.419
 0.996
-0.195
 0.180
-0.907
-0.516
-1.280
-1.672
-0.047
-0.705
-0.934
 0.005
-1.600
 0.394
-0.477
-2.042
-0.312
-1.156
-1.702
-1.025
-0.487
-1.383
-0.882
 0.218
 0.293
-0.240
-0.223
-1.409
-1.223
-0.574
 1.310
-0.714
 0.041
 0.793
 0.037
-1.054
-1.240
 0.224
-0.777
-0.754
 0.001
-0.847
-1.308
-1.849
-1.337
-0.406
-1.326
-0.508
-0.610
-1.122
-1.188
-1.115
 0.035
-0.968
 0.188
-0.955
-0.004
-1.405
-0.565
-1.446
-0.351
-0.310
 0.788
 0.808
 0.996
-0.107
-0.449
-0.774
-2.041
-0.407
-0.548
 1.183
 0.412
-1.516
-0.386
-2.603
-1.160
 0.195
-0.159
 0.852
 1.355
 0.490
-0.241
 0.945
-0.517
-0.685
 0.196
 0.454
-0.930
-1.651
-1.036
-0.303
-0.054
 1.022
-1.073
 1.341
 0.938
 1.051
 0.376
 0.031
 1.293
 1.934
 2.385
 1.586
 1.794
 1.030
 2.303
 0.843
 0.908
 1.670
 1.239
 1.603
 0.800
 0.183
-0.954
-0.414
-0.817
 0.600
 0.623
 0.777
 0.420
 0.348
 0.213
 1.075
 0.810
-0.427
 0.617
 0.947
 0.576
 1.094
 1.338
 2.124
 1.130
 2.255
 1.760
 1.312
 2.253
 0.169
 0.448
 0.663
 1.177
 1.054
-0.051
 0.841
 1.230
 0.252
-0.138
 0.711
-0.232
 1.334
 0.677
 0.864
-0.803
-0.696
-0.032
 0.088
-0.145
-0.530
-0.356
-0.903
-0.798
-1.647
-0.168
 0.763
 1.039
 0.672
 0.056
 1.384
 2.061
 0.338
-0.502
 0.862
-1.137
-0.459
 0.495
 0.873
-1.029
-0.324
 0.557
 0.030
-1.264
-0.545
 0.926
 1.429
 2.147
 0.548
 0.010
-0.531
-0.654
 0.664
-0.100
-0.512
 0.189
 0.622
 0.685
 1.016
 0.792
 0.833
 0.755
 0.677
-0.178
-0.158
 0.681
-0.927
 0.010
 0.649
 0.902
 0.695
-0.117
 0.377
 0.976
 0.000
-1.099
-1.319
-0.766
-0.622
-1.859
-0.925
-0.204
-1.226
 0.063
-0.283
-1.155
 0.256
 0.241
 0.007
-1.134
-0.553
-0.196
-0.929
-0.262
-0.539
-0.347
-1.688
-1.384
 1.332
 0.998
-0.198
-0.542
 0.913
-1.550
-1.455
-1.037
-0.479
 0.694
 0.333
 0.467
-0.539
-0.784
-0.852
-0.305
-0.747
-1.654
 0.196
 0.565
-0.419
 0.189
 0.599
-0.823
-0.980
 0.336
-0.251
 0.412
-0.635
 0.785
 0.196
-0.257
-0.946
-0.817
-0.201
-1.089
-0.828
-0.955
 0.231
-0.212
 0.564
-1.572
-0.434
 0.025
-2.242
-1.183
-1.015
-0.812
 0.428
 0.053
 0.425
-0.765
 0.219
 0.636
 0.031
-0.713
-2.239
-1.912
-0.726
 0.406
-1.982
-1.140
-1.201
 0.772
 0.970
 0.126
-0.920
 0.862
 0.159
 0.458
 1.206
 1.040
 0.084
-1.205
-1.853
-1.291
-0.323
-0.863
-1.022
-1.467
-0.236
 0.019
 0.983
-0.746
-1.918
 0.083
-2.145
-1.874
 0.609
-1.339
-0.899
-2.011
-2.602
-3.958
-2.672
-1.742
-0.912
-1.968
 1.025
-1.425
-1.380
-0.488
-0.123
-0.854
-1.495
-1.369
-0.939
-0.490
-2.668
-1.306
-1.138
-1.717
-1.521
-1.886
-1.597
-0.786
 0.045
-0.139
-0.968
-0.062
-2.355
-1.888
-1.516
-0.470
-0.025
 1.780
 0.517
-0.161
-0.576
-0.249
-1.262
-1.315
-1.625
-1.211
-2.325
-1.619
 0.114
-1.458
-0.506
-0.358
 0.593
 0.826
 0.179
-0.837
 0.046
-1.565
-0.158
 0.767
 0.036
-2.247
-0.842
-1.022
-0.823
-0.308
 0.846
-0.016
-0.975
-1.146
-1.789
-1.520
-0.513
-1.160
-1.007
-0.806
 0.063
-0.153
 0.412
-2.445
-0.651
 0.010
 0.305
-0.654
-0.387
-0.835
-0.476
-0.747
-1.571
-1.528
-1.625
-1.259
 0.742
 0.476
-0.371
 0.004
-0.737
-0.423
-0.132
-0.400
 0.322
-0.503
-0.570
-1.108
-0.085
-0.678
-0.129
-1.158
-1.891
-1.624
-0.309
-0.057
-1.017
 0.254
-1.877
-1.801
-0.157
-2.008
-0.061
-1.612
-1.237
-1.638
-1.701
-2.224
-0.650
 0.368
-1.171
-0.823
-1.996
-1.107
-1.420
-0.948
-0.196
-0.047
-2.419
-0.494
-0.669
-0.870
-0.285
 0.491
-0.669
-0.390
 0.143
-0.802
-0.958
-0.451
-0.946
-2.104
-1.320
-1.650
-2.032
-1.305
-0.936
-0.906
-1.369
-0.958
 0.367
-0.457
-0.167
 0.319
 1.118
-0.854
-0.360
-2.075
-2.056
-3.228
-1.151
-0.482
-0.121
-0.285
 0.631
 0.758
 0.023
-0.772
 0.512
-1.425
-0.245
-0.001
-0.292
-0.630
 0.031
-1.100
 0.284
 0.415
-0.509
-0.316
 0.764
-0.936
-1.740
-0.103
 1.046
 0.636
-0.851
-0.085
 0.537
 0.144
-0.628
-0.082
-1.143
-1.356
-1.081
-1.469
-0.986
-0.974
-1.044
-0.552
 0.502
-0.371
 0.514
-0.697
-1.146
-0.862
-1.551
-0.760
-0.798
 0.824
 0.535
 0.963
-0.566
 0.039
-0.127
-0.706
 0.645
 0.116
 0.117
 0.021
-2.331
-0.746
-0.355
-1.140
 0.632
 0.033
-0.471
-0.635
-0.123
-1.191
-0.973
-1.347
-0.061
-0.845
-0.984
-0.378
-0.123
-0.192
 0.298
 0.289
 0.070
-0.218
-0.642
-0.924
-2.640
-1.356
-0.322
 0.239
-0.586
-1.120
 0.702
-1.454
 0.711
-0.561
 0.554
 0.282
-0.544
 0.294
 0.093
 0.098
-0.842
 0.049
-0.679
-1.000
-0.660
-0.753
-0.504
 0.413
-0.371
-1.293
-2.352
-1.952
-2.513
-1.468
-3.387
-1.250
-2.577
-2.399
-2.420
-2.051
-1.178
-1.978
-1.268
-0.701
-1.321
-1.940
-1.380
-1.453
-0.862
 1.299
-0.472
-0.269
-1.791
-1.922
-0.358
-0.122
-0.286
-0.003
 1.083
-1.586
-0.111
-2.077
-1.302
 0.058
-1.827
-1.297
-1.917
-0.991
-3.664
-1.841
-0.825
-0.125
-1.205
-0.075
-0.484
-2.410
-1.283
 0.055
-1.619
-0.530
-1.351
-1.721
 0.166
-0.176
-1.521
-0.813
-1.952
-2.236
-0.150
-0.699
 0.181
-0.481
-1.435
-0.200
-0.149
-0.347
-2.916
-0.392
 0.460
-0.346
-1.948
-1.515
-1.479
-0.277
-0.354
 0.789
-0.185
 0.421
 0.499
 0.080
-0.254
 0.140
 0.905
-0.700
-1.871
-1.279
-0.726
 0.568
-0.332
 0.608
-0.155
 0.648
 0.317
-0.121
 0.628
 0.283
-0.348
-0.301
-0.561
 0.645
 0.076
 1.378
-0.879
-0.793
 0.151
-0.289
 0.434
-0.803
-0.554
-0.251
-0.181
 0.713
 1.166
-1.767
-0.215
-0.410
-0.176
-1.205
 0.410
 0.435
-0.605
-1.437
-0.085
-2.112
-0.882
-0.844
-0.565
-1.333
-0.764
 0.009
-1.822
-0.840
-2.323
-2.861
-1.795
-0.102
-1.467
-2.403
-2.032
-0.973
-0.081
-0.704
-1.343
-0.388
-0.811
-0.361
-0.991
 0.274
 0.260
-0.064
-0.735
-0.258
 0.643
-0.069
-0.035
-0.408
-0.200
-0.845
-0.579
-0.305
-1.062
-0.584
-1.698
-2.009
-0.268
-0.490
-0.616
-0.210
-0.281
-2.065
-1.045
-0.086
-0.959
-0.818
-0.251
-0.581
 1.453
-1.461
 0.833
 0.676
-0.917
 0.629
 0.204
 0.289
 0.640
-1.375
-1.102
-1.516
 0.662
 0.822
-0.520
 0.267
-0.058
 0.022
 0.834
 0.302
-0.462
-0.338
 0.669
-0.387
 0.298
 1.361
 0.212
 1.037
 0.707
 0.125
 0.491
 1.097
 1.455
 1.676
-0.133
-0.896
 0.409
-1.079
-0.778
 1.973
-0.839
-0.017
 1.497
 0.222
 1.178
 0.425
 0.604
-0.562
 0.362
 0.460
-0.774
 0.767
 1.374
 1.536
 1.192
 0.970
-0.705
 0.273
-1.417
 0.846
-0.061
-1.491
-1.850
-2.396
-1.208
-1.640
-0.797
-0.723
-1.622
-1.810
-0.561
-2.035
-1.485
-1.887
-0.138
-0.506
 0.164
 0.043
 0.268
-0.100
-0.501
-1.114
-0.893
-1.235
-1.535
-0.918
 0.191
-1.300
-0.817
-1.182
 0.130
 0.098
 0.591
-0.092
-0.515
-0.334
-0.395
 0.100
-0.524
 0.161
-1.374
-1.338
-0.835
-0.034
-0.176
 0.359
-1.489
-0.362
 0.374
 0.998
 0.689
 0.873
 0.088
-0.078
-0.763
 0.348
 0.581
 0.670
-0.914
-2.005
-0.633
-0.174
 0.008
 0.784
-0.421
-0.247
-0.442
-0.136
 1.673
 0.819
 0.146
 0.327
-0.093
 0.419
-0.162
 0.140
-0.779
-0.839
-0.129
-0.330
-2.333
-0.490
 1.401
 0.412
 0.160
 0.106
-0.097
 0.688
-0.130
 0.038
 0.923
 0.099
 1.510
 0.631
 0.701
 1.218
 0.076
 0.974
 1.561
 1.598
 1.983
 0.790
 0.293
-0.260
 1.374
 0.523
 2.239
 0.062
 0.237
-0.693
 0.176
-0.548
 0.122
 0.368
-0.328
 0.046
 0.204
-0.706
 0.015
-0.283
-1.657
-0.249
 1.416
 0.667
 1.136
-0.399
-0.455
 0.242
 1.418
 0.902
-0.307
-1.439
 0.558
-0.200
-0.565
 0.078
-0.472
-0.298
-0.323
 0.303
-0.419
-1.485
-1.866
 0.020
 0.313
 0.932
 0.313
-0.451
 0.649
 0.475
-0.807
 0.508
-0.917
-0.064
-0.613
 0.381
 0.462
-0.323
 0.146
 1.424
 0.736
 0.257
-0.457
 0.533
-0.847
-1.272
 1.911
 0.001
 0.095
-0.090
 1.186
 0.508
 0.288
 0.480
-0.434
-0.370
 0.078
-1.068
-1.465
 1.266
 0.015
 0.941
 0.598
 1.168
 1.003
-0.488
 1.476
 0.254
 1.510
 1.207
 1.348
 0.052
-1.196
 0.760
 1.151
-0.078
-0.971
-0.816
-0.578
 0.984
 0.313
 1.670
 0.499
-0.145
-0.095
 0.347
 0.051
 0.229
-0.080
-0.499
 1.087
 1.196
 1.371
 0.161
-1.307
-1.333
 0.487
-0.513
-0.979
-0.574
-0.468
 0.445
-0.846
-1.339
-0.962
 1.728
 1.389
 1.387
-0.654
-0.788
-1.078
-0.680
-1.692
 0.030
 1.498
 0.115
 0.798
 1.487
 1.363
 0.395
 1.140
 0.883
 0.450
 0.526
-0.471
 1.296
 2.597
 2.352
 0.547
 0.776
 0.717
-0.534
 0.771
 1.392
-0.003
 1.124
 0.206
 0.841
 1.010
 1.022
 0.788
 0.318
-0.095
-0.223
-0.214
 1.529
-0.675
 0.002
 0.824
-0.419
-1.788
-0.276
-1.412
-1.500
 0.485
 2.243
 0.589
 0.644
 0.633
-0.352
-0.957
-0.308
 0.711
-0.790
-0.900
-0.050
 0.040
 1.076
 0.560
-1.634
-1.710
 1.180
 0.216
-1.737
-0.756
-0.858
-1.018
 0.687
 0.616
 0.271
 0.514
-0.023
 1.177
 0.093
 0.174
-0.072
 1.332
 0.027
-0.304
 0.380
-0.832
-1.462
-0.541
-0.133
 0.275
-2.111
-2.471
-1.192
-0.334
 0.561
 1.167
-0.604
-0.182
-1.333
-2.104
-1.716
-0.046
-0.861
-1.184
-0.129
 0.390
 1.591
-0.349
-0.055
 0.133
 0.218
 0.250
 0.499
 0.659
 0.553
 0.964
-0.150
-0.500
 1.098
 0.640
 1.082
-0.917
-0.300
-0.883
-0.604
 1.464
-0.311
-1.006
-1.306
-0.846
-0.614
-1.517
-0.655
-1.216
-0.545
-0.330
-2.497
-2.059
-0.876
-1.848
-0.175
-0.532
-1.027
-0.207
-1.138
-1.194
 0.080
-0.095
-0.572
-0.187
 0.572
 1.214
-0.633
 0.187
 0.468
-0.557
 0.678
-0.137
-0.733
-0.300
-0.511
-0.427
-0.073
 0.349
 0.330
-0.319
 0.120
-0.624
-1.283
-1.004
 0.381
 0.541
 0.021
 0.231
-1.131
 1.621
 0.494
-0.301
-0.194
-0.036
 0.890
 0.982
 0.912
 1.343
 0.022
 1.665
 0.925
 0.724
 0.438
-0.492
 0.552
-0.113
-0.100
 0.433
 0.532
 1.864
 0.747
 0.693
 0.279
 0.549
 0.106
 0.733
 0.828
 0.956
-0.166
-1.045
-0.319
-1.708
 0.044
-1.052
-0.359
 1.515
 1.045
 1.986
 0.933
 3.268
 2.138
 1.278
 0.517
-0.245
-0.743
 0.626
 1.716
 0.112
-0.149
 2.101
 1.680
 3.573
 1.693
 1.646
 1.281
 1.413
-1.127
-0.734
 0.777
 1.357
 0.698
 0.204
 0.041
-0.375
 0.084
 0.873
-0.297
-1.382
-1.304
-0.133
-1.113
-0.056
 0.583
-0.452
-0.647
-0.167
-0.047
 0.246
 0.954
 1.290
-0.095
 0.882
 3.078
 1.756
 0.767
 0.155
 1.419
 1.541
 0.043
 0.485
 0.643
-0.025
 0.209
 1.459
 0.663
-0.300
 0.371
-0.336
 0.798
-0.391
 0.517
 0.732
 0.651
 1.541
 0.178
-0.085
-0.787
-0.385
-0.173
-0.504
-0.566
 0.379
-0.858
 1.214
 0.010
-1.711
 0.309
-0.386
-0.179
-0.160
-0.271
-1.789
-0.402
-0.451
 0.575
-0.219
 0.225
 0.697
-0.320
-1.510
-0.144
-0.520
 1.980
 0.381
 0.102
 1.097
 0.208
 1.432
-0.737
 0.806
 0.353
-0.603
 0.908
 0.873
-0.853
-1.612
-0.659
-0.042
-1.796
-0.670
-0.557
 0.144
-0.138
-0.566
 0.137
-0.188
 0.066
-0.346
 0.044
-1.279
-0.043
 1.193
 0.950
-1.060
 0.603
-0.633
 0.535
 1.131
 1.257
 2.310
-0.530
 0.229
-0.332
 0.557
-1.025
-1.509
-1.581
-1.267
-0.191
-0.269
-0.488
 0.734
-0.155
-0.675
-0.473
 1.185
 0.707
 0.462
 1.086
 2.460
 0.590
 0.819
 0.671
 0.721
-0.248
 0.309
-1.175
-0.396
-1.283
 1.142
 0.014
 0.376
-0.173
 0.129
 0.563
-0.834
-1.224
 0.815
 1.749
-0.057
-0.717
-0.304
-0.912
-0.142
-0.156
-0.246
-1.673
-0.959
 0.880
-0.414
-0.002
 0.222
 0.143
 0.392
-1.190
 0.463
-0.108
-0.198
 0.773
-0.814
-1.135
-0.999
-1.752
-2.018
 0.753
-0.024
-0.936
-1.638
 0.337
 0.753
-1.177
-0.715
-1.546
-3.533
-1.399
-2.212
-0.959
-1.093
 0.096
-0.065
-0.230
-0.180
-0.378
 0.542
 0.072
-0.215
-1.277
-0.426
-1.604
-0.453
-0.313
-3.429
-1.229
 0.217
-0.845
-1.649
 0.713
-0.683
-0.191
 0.710
 0.543
 0.390
 1.400
-1.103
-0.668
-0.668
-0.076
-1.133
 0.801
 0.261
-0.079
-0.668
-1.169
 0.380
 0.941
-0.166
-0.074
 0.504
-0.292
 0.862
-0.132
-0.623
-0.402
-1.885
 0.309
 0.446
-1.652
-0.335
-1.788
-0.141
 0.470
 0.731
-0.966
-0.277
-0.076
-0.168
 0.799
-0.382
-0.602
 1.174
 0.205
-0.943
-1.095
-0.691
-0.600
-0.125
-0.943
-0.548
 0.358
 0.286
 0.471
-0.076
 0.838
 0.187
 0.367
 0.735
-0.805
-1.071
-0.388
 0.197
 0.289
-0.594
-0.855
 0.421
 0.117
-0.953
 0.607
 0.049
 0.468
 0.340
 1.545
-0.582
-1.179
-0.659
-2.656
-1.163
 0.085
 0.446
 0.974
 0.560
 0.647
 0.582
 1.767
 0.263
 0.746
 0.199
-1.895
-0.919
-0.357
 0.258
 1.456
-0.286
 0.909
 0.045
-0.033
-0.489
 0.243
 1.387
-0.071
 1.113
 0.678
 0.038
 0.856
 0.890
 0.780
-0.086
 1.322
 0.164
 0.478
 0.797
 1.263
 0.498
-1.097
-1.726
