 0.227
 0.256
-0.139
-2.673
-1.523
-0.183
 0.763
-0.139
-1.418
-1.629
-1.310
-1.424
-1.615
-0.379
 0.213
-0.773
-0.085
-0.377
-0.600
-1.392
-0.302
-0.405
-1.784
-1.115
-0.768
-1.414
-1.823
-1.646
-1.196
-0.178
-1.459
-2.078
-0.954
-1.854
-1.376
 1.203
-0.063
-0.176
 0.060
-0.434
-0.152
-2.013
-0.709
-0.636
-0.401
-1.272
-1.020
-0.376
 0.784
 0.154
 0.184
 0.547
 0.281
-0.021
-0.310
 0.158
-0.891
-0.714
-0.947
-0.713
-0.205
-0.526
 0.027
-1.162
-0.740
-0.813
-0.389
-2.049
-1.172
-1.222
-2.776
-0.789
-1.221
-0.956
-0.139
 0.333
 1.237
 0.781
 1.661
 0.447
 0.716
 0.502
 0.338
-0.066
-0.552
 0.317
-0.178
 0.861
-0.199
-1.984
-1.952
-0.456
-1.235
-1.818
-1.281
-1.893
-0.874
-0.827
 0.437
-0.019
 0.256
 0.221
 0.596
 1.330
 1.148
 0.750
 0.783
-0.730
 0.068
-0.378
 0.174
-0.365
 0.201
 0.751
 0.410
-0.551
-0.235
 0.232
-2.432
-1.600
-1.040
 0.048
-0.045
-0.328
-0.428
-0.209
-0.565
-1.890
-1.068
-0.827
-1.076
-1.116
 0.463
-0.788
-1.318
-0.824
-1.085
-0.844
 0.323
 0.691
-0.537
 0.247
-1.071
-0.512
-0.119
-0.212
-0.113
 0.076
-1.454
-0.835
 0.232
 0.044
-1.034
-0.080
-1.730
-0.699
-0.786
-0.774
-1.539
-1.610
-1.975
 0.351
-0.761
-0.609
 0.728
-0.417
-0.589
-1.324
-0.133
-0.318
-0.933
 0.280
 0.233
 0.575
 0.270
 0.053
-1.544
-0.677
-1.523
-0.563
 0.278
-0.100
 0.341
 1.517
 0.854
 0.417
-0.880
-0.930
 0.426
 0.919
 0.856
 0.598
 0.310
-0.416
-1.148
-1.476
-0.966
-0.109
-0.299
 1.168
 1.126
 0.102
 0.679
 0.641
-1.083
-0.806
 0.191
-0.908
 0.793
 0.249
 0.788
 0.747
-1.667
 0.464
 0.551
-0.027
-0.324
 0.094
-1.075
 0.702
 0.403
-0.701
-0.743
 0.803
 0.007
-0.406
-2.013
-1.610
-1.195
-0.784
-1.412
-0.994
-1.465
-0.200
-1.193
-1.665
 0.495
 1.793
 0.679
 0.477
-0.804
-1.906
-2.369
-3.031
-1.590
-0.471
-0.045
-1.047
-1.262
-0.686
 0.642
-1.157
-1.991
-1.838
-1.273
-1.108
-2.168
-2.791
-3.402
-2.171
-2.207
-1.718
-1.469
-0.037
-1.030
 0.057
-0.512
-0.230
 0.798
-0.858
 1.182
 0.508
 0.111
-0.410
-0.638
 0.658
-0.956
 1.160
 0.158
-2.055
-0.623
-0.613
-1.756
-1.260
-1.497
-0.211
-0.259
-0.319
 0.885
-0.569
-1.290
-0.980
-0.086
-0.610
 0.009
 0.124
 1.094
 1.368
 0.423
 1.658
 0.131
 0.694
-0.473
-0.847
 0.815
 0.077
 0.495
 0.046
 1.115
 0.431
 1.077
 0.474
-0.161
-1.673
-0.433
 0.759
 2.024
 0.608
-0.242
-1.348
-0.601
 0.770
 1.561
 1.452
 1.062
-0.091
 1.170
 1.058
 0.308
-0.824
 0.143
-0.091
-0.153
 0.183
 0.959
 3.178
-0.140
 1.872
 0.910
 1.227
 2.242
 1.004
 0.669
 0.519
-0.425
-0.622
-0.584
-0.288
-1.764
 0.275
-0.333
 1.289
-0.237
 2.298
 0.351
 1.671
-0.729
 0.669
 0.208
 1.331
 0.678
-0.627
-1.941
-0.210
 0.591
 0.031
-0.771
-0.652
-0.443
-0.228
 0.412
 2.147
 0.868
 1.345
 0.532
 0.746
 1.766
-0.259
-0.648
-1.287
 1.020
 1.267
 0.886
-0.096
 0.415
-0.914
-0.052
 0.514
 0.549
 1.797
-0.521
 0.618
 2.184
 1.309
 1.774
 2.799
 2.276
 0.742
 1.166
 0.251
 0.547
-0.302
 1.103
-0.358
 0.194
-2.075
-0.995
-0.456
-0.903
-0.228
-0.501
 0.346
 0.633
 0.690
-0.094
 0.313
-0.018
-0.181
-1.455
 0.269
 0.024
-1.078
 0.207
 1.453
 1.774
-0.983
 0.386
 1.327
 1.198
 0.897
 0.754
 0.638
-0.388
-1.395
 0.058
-1.506
-2.267
-1.298
-0.612
 1.532
 0.865
-0.078
-0.708
-1.887
-1.064
-0.175
 0.141
-0.445
-0.069
-0.099
-0.571
 1.288
 1.486
 0.449
-0.765
 0.200
-0.687
-0.183
-0.749
-0.460
-1.645
 1.027
 1.430
-0.286
-0.219
-0.512
-1.355
 0.009
 0.259
-0.122
-1.143
 0.395
 0.810
 0.532
 0.187
-0.159
-2.580
-1.800
-0.697
-0.839
-0.572
-0.432
-1.691
 0.412
-0.204
-1.265
-0.548
-0.073
-0.324
 0.102
 0.902
-0.440
 0.990
 0.386
-0.171
-0.792
-0.240
-1.387
 0.025
 0.805
-0.410
-0.680
 1.364
-1.084
-0.047
-0.728
 0.614
-0.955
 0.019
 0.760
-0.680
-0.087
 0.022
 0.505
-0.267
 0.973
-0.227
-0.223
-0.771
 1.504
-0.711
 0.478
 0.086
-0.924
-0.129
 0.310
-0.285
 0.867
 1.433
-0.469
-0.648
 0.831
 0.810
 0.161
 0.014
 0.786
-1.185
-0.502
-0.633
-0.577
-1.948
 0.055
-0.978
-0.335
-0.476
-0.234
-0.304
-0.682
 0.489
 0.247
-0.309
-1.327
-0.924
-0.777
-0.151
-1.446
-3.032
-1.583
-0.936
-1.381
-1.814
-0.280
-0.209
-0.642
 0.621
-0.159
-2.175
-0.873
-0.698
-0.746
-0.950
-0.123
 0.698
 0.512
 0.669
 1.352
 0.087
-0.971
 1.624
 0.849
 0.452
-0.372
-1.694
-0.023
 0.500
-0.801
-0.681
-1.137
 0.636
-0.227
-1.176
 0.027
 0.137
 0.274
-0.358
-0.903
-0.227
 0.785
 0.322
-0.160
-0.690
-0.040
-0.506
 0.193
 0.500
 1.416
 2.247
-0.646
-0.034
 0.115
-0.365
 0.358
 1.309
 0.203
-0.683
-1.387
-0.769
 0.432
 0.780
-0.841
-0.165
 0.224
-0.833
-0.202
-1.031
-0.419
-1.470
-0.394
-0.413
-1.256
-0.362
-1.394
-3.083
-2.040
-1.570
-0.232
 0.401
-1.856
-0.888
-2.044
-2.431
-0.895
-2.843
-1.893
-1.919
-2.101
-1.000
-1.631
-0.550
-0.188
-1.253
-0.023
 0.044
-0.665
 0.217
-1.049
-0.141
-2.047
-1.385
 0.037
-0.899
-1.855
-1.596
-0.531
-1.576
-0.943
 0.181
-0.366
-0.290
-0.600
-0.962
 1.015
 0.038
 0.194
 1.054
 0.265
 0.202
 0.088
 0.553
-1.865
-1.685
-0.198
 0.762
-0.801
 0.289
 0.355
-1.316
-1.131
-0.816
 0.280
-0.856
 0.139
-1.715
-1.437
-1.749
-0.150
-1.245
-1.161
-1.393
-1.536
-0.327
-0.785
 1.395
 1.459
 0.605
-0.087
-0.691
-1.377
-0.666
 0.082
-1.493
-0.078
-2.166
-1.286
-0.607
-1.271
-0.653
 0.036
 0.672
 0.125
 0.214
-0.891
-0.280
-0.212
-0.420
-0.891
 0.480
-0.382
 0.171
-0.619
 0.141
 0.997
-1.095
 0.189
 0.179
-1.105
-1.273
-1.061
-1.050
-2.231
 0.089
 0.511
-1.982
-0.947
 0.453
-0.063
 1.209
 0.839
 0.432
-1.239
-1.249
-0.417
 0.086
-1.058
-1.525
-1.779
-0.921
-1.127
-1.102
-2.068
-1.839
-1.542
-0.554
-1.895
-0.448
-0.952
-1.218
-0.378
-1.043
-0.053
 0.741
-0.670
-0.716
 0.933
 0.038
-1.152
 0.358
-0.483
 0.480
-0.397
 1.054
 1.998
 2.182
 0.652
 1.789
 1.314
-0.666
 0.317
 1.699
 1.567
 0.800
-1.480
-0.379
 1.077
 1.166
-0.457
 0.678
 0.642
-0.238
 0.796
 0.065
 0.489
 0.100
 1.376
-0.141
 0.599
-0.129
-0.035
-1.846
 0.799
 0.498
 0.595
 0.492
-0.925
 0.885
 0.600
-0.566
 0.225
 0.620
-0.869
-1.523
 0.353
 1.062
 1.724
 0.686
-0.001
 0.799
 0.619
 0.576
 0.739
-0.300
 0.664
 1.884
 0.416
 0.202
 0.635
 0.076
 0.464
 0.436
-0.095
 1.120
 0.740
 0.169
 0.315
 0.679
 0.647
 1.776
 0.261
-0.112
-0.153
 1.105
-0.086
-1.153
 0.343
-0.791
-0.360
 0.981
 0.971
-0.002
-0.646
-1.658
-2.015
-0.778
-0.264
 1.234
-1.817
-0.540
 1.185
 1.011
 0.747
 0.502
-0.039
 0.799
 0.574
 0.749
 1.246
 1.682
 0.631
 1.353
 1.826
 2.312
 0.729
 1.770
 1.489
 0.250
 0.819
 0.290
 2.175
-0.380
-0.097
 0.554
 2.059
 1.478
-1.587
-2.911
-0.990
 0.621
-0.755
-0.273
-1.417
-1.116
-0.920
-0.391
-0.864
-0.495
-1.216
 0.781
 0.114
-0.216
-0.127
-1.403
-0.398
 0.047
 0.744
-0.029
-0.817
-2.255
-1.238
-0.894
 0.437
 0.280
 1.287
 0.719
 0.222
 0.696
 1.124
 0.770
-0.079
-0.349
-0.539
-1.821
-0.466
-0.294
-0.719
-0.967
-1.267
-0.789
 0.246
 0.744
 1.123
 0.856
 0.436
-0.528
-1.998
-1.946
-0.209
-1.283
-1.052
-1.941
-0.417
-0.793
-0.833
 0.109
-2.043
-0.380
-0.827
-0.205
-1.261
 0.273
 0.499
-0.782
-1.572
-3.208
-2.114
 0.440
-1.103
 0.637
 1.245
-0.909
-0.609
-0.361
 0.496
 0.222
 0.236
-0.161
 0.299
-0.395
-0.427
-1.341
-0.911
-1.649
 0.771
 1.212
 0.594
-0.067
 0.179
 0.164
-0.106
-0.444
 0.499
-1.417
-0.251
-0.703
-1.365
-0.307
-1.196
-1.313
-0.354
 1.092
-0.166
 0.117
-0.540
-0.329
 0.037
-0.257
 0.554
-0.359
 0.327
-0.641
 0.775
-0.050
 0.538
-0.902
-0.154
 0.866
-0.374
-0.780
-0.074
-0.646
-1.409
-1.124
-1.820
 0.077
-1.283
-0.007
-1.112
 1.053
 0.575
-0.200
-0.233
-1.272
-1.228
-0.394
-0.567
-0.990
-0.387
-0.686
-1.492
-1.725
-3.005
-0.651
-1.379
-1.150
-0.012
-0.492
-0.324
 1.339
-0.082
 0.326
-1.357
-1.497
-2.619
-0.966
-1.235
-0.214
-1.305
-1.306
-0.163
 0.153
-0.611
-1.635
-1.199
-0.730
-1.222
-1.631
-0.323
-0.906
-0.652
 0.107
 0.018
-1.027
-1.689
-1.944
-1.175
 0.342
-0.917
-0.204
-2.426
-1.505
-0.436
-0.706
 0.207
-0.624
 0.231
 0.829
-0.206
-0.774
-0.175
 0.178
 0.314
-1.099
-0.467
-0.301
-1.223
-0.871
-1.052
-1.421
-1.000
-1.416
-1.716
-2.672
-0.734
-0.257
-1.627
-0.566
-0.535
-1.867
-1.837
-1.523
-2.415
-2.233
 0.179
-0.937
-0.866
-1.627
-1.658
-1.787
-0.017
-0.855
-0.457
-0.808
-0.534
-0.683
-1.907
-1.037
-1.795
-0.278
-0.932
-2.237
-2.286
-1.401
-2.749
-1.819
-1.590
-1.861
-2.805
-0.993
-0.422
-0.956
-1.655
-1.296
-0.573
-0.624
-0.867
 0.134
 0.351
-0.089
 0.642
 0.417
 0.203
-0.739
-0.504
-0.551
-1.153
-1.370
-0.785
 0.698
-0.673
-0.985
-1.266
-1.232
-2.244
-1.548
-1.541
-2.292
-1.160
-0.971
-1.522
-0.468
 0.161
-0.957
-0.693
-0.600
-1.463
-1.543
-0.849
-2.576
-0.608
-0.510
-0.121
-0.616
-0.409
-0.302
-1.088
 1.029
-0.495
-0.043
 0.747
 0.745
 1.000
 0.632
 0.565
 0.565
-0.234
 0.045
-0.118
-0.654
-2.501
-2.357
-1.405
-1.178
-0.459
-0.378
-1.688
-1.597
-1.569
-1.036
 0.055
-0.131
 0.786
-0.820
 2.051
-0.522
 0.494
 0.487
 1.993
 1.692
 1.150
 0.830
 1.517
 0.681
-0.463
-0.036
 1.184
-0.539
 1.440
 0.481
-1.242
 0.961
 1.624
 0.601
 0.062
 0.013
 0.126
 0.730
 1.254
 0.665
-0.277
-0.101
 0.349
-0.184
-0.790
 0.512
 1.294
 1.488
 0.922
 0.583
 1.347
 1.661
 0.084
 1.426
 2.825
 1.153
-0.919
-0.615
 0.041
 2.526
 1.369
 2.168
-0.397
 0.456
 0.383
 0.820
 0.879
 1.534
 0.220
-0.223
-0.136
-0.187
 0.872
-1.062
-1.933
 0.469
 0.024
 1.184
 0.463
 0.313
-0.315
-0.332
-0.460
-0.688
-0.079
 1.369
 0.091
 1.751
 0.206
-0.215
-0.562
-0.686
 0.375
-0.661
 0.365
 0.911
 0.143
-2.151
-0.464
-1.328
 1.568
-0.954
-0.164
-0.169
-0.424
 1.042
-1.044
-0.579
 1.238
 1.880
-0.772
-0.222
-0.702
 0.057
-0.460
 0.537
-0.429
 0.109
 1.687
 1.711
 0.507
-1.039
-0.443
-0.196
-1.026
-0.173
 0.791
 0.906
 1.692
-0.619
 0.545
 1.326
 0.661
 1.381
 1.345
 0.994
 0.522
-0.770
 0.101
-0.202
 0.805
-0.487
-0.635
 0.457
-0.199
 1.758
 1.072
 1.202
-0.003
-0.745
-0.150
 0.483
 1.273
 0.628
 1.320
 0.754
 1.795
-0.423
 0.019
 0.117
-1.601
-2.051
-2.569
-0.961
-1.302
-1.162
 0.040
-0.327
-0.035
-0.234
 0.137
-1.138
-0.524
-0.312
 0.900
 0.705
 2.524
-0.700
 0.039
 1.233
 1.317
 0.031
 0.173
-0.767
-0.921
 0.514
-2.194
-0.207
 1.281
-0.036
 0.222
-0.298
 0.684
-2.078
 0.161
-1.044
 1.259
 0.287
-0.466
-0.310
-0.465
-0.434
-0.199
 0.833
 1.631
-0.819
-0.963
-1.509
-0.277
 1.117
 0.486
 1.212
 0.963
 0.894
 0.725
-1.852
-1.209
-0.150
-0.975
 0.060
-0.257
-0.578
-0.371
-1.592
 1.260
 0.014
 0.257
 1.368
-0.243
 0.238
 0.831
 2.346
 1.269
-0.381
 0.673
-1.277
-0.984
-1.137
-0.962
-0.087
-0.638
 0.707
 1.201
 1.093
-0.436
 0.532
 0.617
 0.368
 1.011
-0.304
-0.162
 0.087
-0.037
-1.121
 0.767
 1.089
-0.412
-0.826
-0.609
 0.433
-1.944
-0.425
 0.510
 0.321
-1.050
-0.436
-0.571
-0.630
 0.102
-0.508
 1.019
 1.405
-0.745
 1.068
 0.613
 0.678
-0.294
-0.114
-1.068
 0.304
 0.355
-0.093
 0.367
 0.218
-0.966
 1.231
-0.287
-0.182
-0.636
-0.152
 0.484
-1.008
-1.049
-1.207
-0.412
 0.161
 0.764
-0.084
-1.412
-1.197
 0.781
-1.060
-1.843
 0.042
-0.495
-0.327
 0.333
 0.500
-0.682
-1.427
-0.400
 0.648
-0.667
 0.624
-0.549
 0.496
 1.192
 1.314
 1.137
-0.077
 0.669
 1.813
 1.685
-0.453
-0.483
 1.367
 1.316
-0.408
-0.961
-0.830
-0.134
-0.145
 0.878
 1.057
 1.146
 0.677
 0.741
 0.297
-0.496
 1.032
-0.065
-0.020
-1.631
-0.532
-0.745
-0.846
-1.070
-0.848
-1.038
-0.663
-2.042
-1.966
-1.591
 0.030
-1.321
-0.363
-0.406
-1.208
-1.204
-0.585
-0.936
-0.938
-0.280
-0.526
-0.611
 0.185
 1.464
-0.598
-0.471
 0.406
 0.322
-1.195
-1.263
-0.570
-1.722
 0.601
 0.536
 0.027
-0.997
-0.572
-0.161
-1.324
-0.688
 1.578
 0.717
 0.433
 0.856
 0.100
-0.597
-1.102
-1.280
-0.158
-0.279
-0.303
 0.206
-0.594
 1.213
 1.609
-0.474
-0.317
-0.203
-2.062
-0.610
-0.358
-0.464
-1.326
-1.333
-1.198
-1.935
-1.046
-0.869
 0.109
-0.666
-0.970
-0.879
-0.298
-1.223
-2.272
-0.310
-0.430
-0.602
-1.349
-1.495
-0.756
-0.462
-0.954
 0.684
 0.386
 0.390
 0.593
-0.222
 0.541
-0.951
-0.921
 0.445
-0.657
-0.045
-0.533
 0.018
-0.692
 0.200
 2.866
 2.263
-0.403
 0.042
 0.562
 0.829
-0.629
 0.350
-0.682
-0.103
 0.664
-1.714
 0.254
-0.610
-0.354
-1.105
-1.218
-1.207
 1.171
-0.578
 0.507
-0.316
-1.830
 0.151
-1.295
-2.892
-1.519
-0.670
-0.890
-0.202
-1.289
-0.743
-0.067
-0.910
-0.250
-0.712
-1.586
-0.055
 0.142
 0.325
 0.007
 1.925
 0.015
-1.683
-1.687
-2.235
-1.010
-0.979
 1.219
 0.377
-0.523
-0.747
 0.637
-0.447
 0.487
 0.926
 0.884
 0.375
 0.530
 1.654
 0.703
-0.209
 0.422
 0.640
-1.075
-0.680
 0.216
-1.401
-0.467
-1.542
-1.414
-0.247
 0.324
 0.209
 2.325
-0.340
-2.552
-1.916
-0.551
-1.693
-1.387
-0.017
 1.205
 1.160
 0.063
-0.159
-0.758
-0.396
 1.330
 0.914
-0.394
-1.761
-0.489
-2.213
-0.722
-1.511
 0.730
 0.880
-0.588
-0.525
-2.102
-0.747
-0.220
-1.563
-0.836
-0.875
-0.786
-0.536
-0.179
-0.358
 0.842
-0.159
-1.228
-0.523
-0.199
-0.737
-2.770
-1.482
-0.229
-0.003
 0.684
-0.543
-0.919
-1.281
-0.791
-1.549
-2.552
-2.828
-0.837
-2.104
-2.023
-1.472
 0.617
-1.391
-0.686
-1.086
-1.754
-2.733
-0.430
-1.135
-0.868
-0.146
 0.859
-1.332
-1.069
 0.202
-0.550
-0.512
-0.454
-1.508
-1.133
-2.002
-0.693
 0.313
-0.541
 0.459
-0.790
 0.493
-0.976
-0.586
-1.339
-1.475
-1.562
-0.949
-0.191
-0.239
 0.567
-0.796
-0.508
-0.451
-0.285
-0.385
-0.117
-0.197
 0.218
 0.366
 0.020
-0.530
-0.358
 0.085
 0.192
-0.414
-0.383
-0.990
-0.713
 0.662
 0.705
-1.758
 0.466
-1.563
-1.284
-0.242
 0.095
 1.060
 1.338
-0.304
-0.726
 1.736
-0.461
-0.404
 0.264
-0.250
-0.394
-1.677
 0.664
-0.750
-0.805
-1.290
-0.324
-1.432
 0.930
-0.072
-0.790
-0.212
-1.418
-2.416
-1.759
-0.731
 0.494
-1.310
 0.490
 0.441
-1.977
-2.689
-0.745
-2.009
-1.187
-1.333
 0.241
 0.319
 0.224
-1.016
-0.666
-0.270
 0.569
-0.587
-0.529
 0.450
 0.229
 0.870
 1.365
 0.153
-0.194
 0.162
 0.455
-1.127
 0.353
 2.124
-0.526
 0.208
-0.732
-0.173
-0.888
-0.481
-0.029
-0.860
 0.006
-0.439
-1.516
-1.893
-2.391
-1.009
-0.898
-2.434
 0.541
 1.001
-0.470
-0.053
-1.376
-1.111
 1.031
 0.469
-1.619
-1.719
-1.792
 0.639
 0.003
-0.036
 0.449
-1.370
-0.895
-0.209
-0.934
 1.201
 0.952
-0.690
-0.300
-1.113
-0.309
 0.367
 1.245
 1.179
-0.671
-0.562
-0.682
-1.489
-0.080
 0.753
-0.430
 0.611
-2.330
-1.036
-1.933
-1.995
-1.078
-0.963
-1.414
 0.032
-0.087
-1.033
-0.599
-0.363
 0.410
 0.275
-0.156
 0.099
-0.659
-1.099
-0.730
-0.435
 0.682
-1.321
-1.263
 0.232
-0.254
 1.417
-1.215
 0.107
-0.162
-0.948
-0.623
-0.252
-0.540
 0.245
 1.048
 0.508
 0.906
-0.536
 0.715
-0.487
 0.186
-0.345
-1.128
 0.028
-0.844
-1.610
-0.695
-0.412
 0.405
-1.125
-0.944
-1.581
-1.431
 0.289
 0.711
 0.066
-1.225
-1.961
-2.812
-2.926
-2.768
-1.457
-0.520
-0.953
-1.071
-0.931
-1.278
-1.189
-0.871
-2.403
-1.926
 0.242
-0.401
 1.115
 0.106
-0.339
-0.525
-1.795
 0.081
-0.321
 0.546
 1.338
-0.961
 0.488
-0.095
 0.166
 1.473
 0.392
-0.149
-1.099
 0.171
 0.210
-1.413
-0.360
-0.231
 0.900
 0.750
-0.031
 0.246
-0.158
 0.076
-0.898
 0.251
-1.447
-1.076
-0.943
 0.026
 0.300
-1.165
-0.594
-0.732
-0.053
-2.169
-0.914
-1.312
-2.173
-2.118
-1.578
-0.526
 0.233
-0.427
-2.115
-1.207
-1.001
-1.485
-1.011
-1.887
-0.138
-0.728
-0.352
-0.504
-1.352
-0.881
-2.210
-2.151
-2.283
 0.067
 1.135
-0.502
-0.581
-0.595
-0.529
-1.320
-2.332
-1.157
-0.802
-1.409
-0.804
 1.289
 0.154
-0.593
-1.447
-0.187
-1.338
-0.827
 0.856
-0.699
-0.281
 0.509
 0.656
-0.057
-0.111
 0.010
-0.535
 0.114
-0.463
-0.517
-0.946
-1.183
-1.245
-0.725
-0.905
-0.059
-1.063
-0.524
 0.029
 0.080
 0.358
 0.659
 0.217
-0.424
-0.820
-0.048
-1.510
-1.012
-2.013
-2.235
-1.340
-1.661
-1.353
-1.234
-1.478
 0.079
-1.408
-1.729
-2.074
-1.309
-0.652
-0.332
-0.231
 0.575
 0.211
 0.052
-0.471
-0.285
-0.678
-1.052
-1.540
-0.719
-0.490
-1.512
-1.173
-0.271
-0.712
-0.493
-0.262
 0.106
-1.071
-1.250
-1.302
-1.860
-1.512
-1.429
-2.433
-2.286
-1.640
-2.461
-1.456
-2.881
-1.581
-2.700
-0.736
-1.901
-2.026
-1.827
-2.563
-1.759
 0.343
-1.082
-1.079
 0.707
-0.077
-1.458
-2.769
-0.038
-0.534
-2.018
-1.144
-1.127
-0.809
 0.184
-1.144
-0.577
 0.974
-1.135
 0.073
 0.223
-0.800
 0.419
 0.946
 1.816
 0.216
-0.532
 0.016
-0.585
 0.703
 0.215
-0.085
-0.709
-0.213
 1.369
 0.732
-0.945
-1.180
-1.525
-0.108
-1.119
 1.057
-0.347
-0.892
-2.201
-1.002
 0.171
-0.902
-0.466
-0.856
-1.334
-0.190
-0.994
-2.198
-2.414
-2.728
-1.991
-0.389
-0.080
-1.722
-2.866
-1.580
-0.934
-0.568
-0.697
-1.074
-2.103
-0.497
-1.545
-0.716
-0.157
 0.807
-1.054
 0.208
-1.745
-3.147
-2.092
-2.035
-1.783
-1.746
-2.320
 0.306
-0.600
-0.713
-1.557
-0.749
 0.658
 0.374
 0.834
 0.008
-1.231
-2.014
-1.110
-1.150
 0.631
 0.633
-1.033
-1.336
-0.738
-1.840
-2.920
-1.321
-1.218
-0.866
-1.924
-1.897
-1.790
-0.790
-2.103
-1.708
-2.313
-0.655
-1.826
-0.707
-2.485
-1.416
 0.709
-1.669
-0.509
-1.051
-0.105
-0.459
-0.961
-1.517
-0.473
-0.218
-1.751
-1.187
-0.655
-0.517
-0.816
 0.627
-0.800
-1.456
-1.382
-1.679
-1.913
-2.601
-2.799
-1.812
-1.907
-1.949
-1.344
-1.685
-2.377
-1.536
-1.550
-0.940
-1.841
-1.620
-0.582
-0.697
 0.897
-0.380
-1.085
-1.465
-3.302
-2.277
-2.026
-0.307
-0.212
-0.528
-1.769
-2.496
-0.936
-0.714
-2.445
-2.543
-1.213
-1.143
-0.240
-0.455
 1.062
 0.642
-0.275
 1.385
-0.401
-1.636
-1.466
-0.747
-0.291
-0.769
-1.859
-0.250
-0.575
-0.850
-0.907
-0.998
-1.470
-0.358
-0.913
-1.604
-1.096
-0.758
-0.797
 1.175
-0.341
-1.229
-0.234
 0.442
-0.335
-0.684
-0.836
-0.860
-0.800
-0.855
-0.337
-0.459
 0.183
-0.572
 0.200
 1.045
 1.325
 0.028
 0.089
-0.917
 0.109
-1.510
-0.864
-0.245
-0.506
-0.912
-0.308
-1.457
-0.498
-1.049
-0.079
-1.341
-0.246
 0.224
-1.110
-0.894
-1.968
-1.752
-0.246
-1.087
-1.464
 0.660
 1.498
-0.463
-0.399
-0.818
-2.289
-0.663
-0.803
-0.808
-0.701
-0.651
-0.460
-0.262
 1.001
 1.509
-1.481
-0.434
-0.136
-0.240
-0.192
 0.829
-0.234
-1.426
 0.832
 0.799
-1.046
-0.238
-0.106
-1.127
-0.984
 0.138
-0.964
-0.737
 0.042
 0.633
 0.741
 1.083
 0.834
 2.007
 2.958
 1.019
 0.371
 0.135
 0.019
 0.072
-0.607
-1.154
-0.126
 0.599
-1.502
-0.115
 1.429
-0.963
 0.195
 0.627
 1.229
 2.043
 0.290
 0.335
 1.641
 0.555
 1.177
 0.405
-1.180
-0.906
-0.469
 1.057
 0.311
 0.611
 0.574
-0.082
 0.002
-0.054
-0.655
-0.344
-0.893
-0.864
-0.988
-1.701
-1.369
-0.651
-0.542
-0.904
-0.632
-1.979
 0.112
-0.037
-0.492
 0.884
 0.176
-0.108
-0.847
-1.519
 1.584
 0.230
-1.569
-0.525
-0.956
-0.413
-0.909
-2.479
-0.801
-0.526
-0.716
-1.803
-1.790
 0.783
 0.599
 0.830
 0.021
-0.586
-0.457
-0.621
-1.845
-0.869
-1.803
-1.150
 0.619
-1.059
-0.891
-0.977
-0.924
-0.800
 0.071
 0.348
-0.572
-0.895
-0.111
-0.548
 1.373
-0.949
-0.719
-0.570
-1.108
-1.783
-2.538
-1.393
-0.926
 0.108
 0.116
-0.469
-0.138
 1.124
-1.245
-1.916
 0.206
-0.807
-0.171
-0.838
-0.452
-0.736
-1.901
 0.171
-0.085
-0.578
-0.752
-1.214
-1.133
-2.366
-2.206
-0.959
-1.559
-2.472
-2.006
-2.206
-0.619
-1.820
-1.106
 0.024
-1.049
-1.708
-2.192
-1.877
-1.560
-1.725
-2.173
-1.844
-1.016
-1.193
-0.674
-1.778
-0.969
-0.669
-0.510
-0.562
-1.801
-1.380
-0.099
-1.139
-1.068
-0.641
-0.281
-0.173
-0.673
 0.842
-0.698
-2.545
-2.306
-1.090
-1.040
 0.302
-1.319
-1.889
-1.515
-1.744
-1.014
-1.815
-1.926
-0.885
-1.871
-1.341
-2.555
-1.914
-1.818
-0.889
-0.921
-2.081
-2.859
-1.802
-0.275
-0.986
-0.804
 0.155
-1.769
 0.228
-0.890
 0.063
-0.336
-1.376
-0.762
-0.672
-0.451
 0.229
 0.410
-0.813
 0.312
 0.506
 0.064
-0.387
 1.086
-0.522
 0.379
-0.543
-1.079
-0.573
-1.234
-1.899
-1.311
-1.409
-0.364
-2.804
 0.124
 0.478
-0.828
 0.409
-0.901
-1.202
-0.353
-0.553
-3.114
-0.995
-0.998
-0.429
-0.438
-0.382
 0.572
 0.895
-0.569
-0.059
-1.137
 0.382
-0.046
 0.730
 0.051
 0.946
 0.613
 0.466
 0.176
 0.090
 0.547
 1.384
 0.753
-0.152
 0.865
 0.270
 1.882
-0.604
-0.312
-2.302
-2.824
-1.875
-2.724
-2.429
-2.078
-2.240
-3.089
-1.533
-0.517
-3.408
-3.399
-2.014
-1.863
-1.387
-1.368
 0.530
-0.353
-0.543
-0.533
-0.363
-1.373
-0.216
-0.866
-1.654
-1.242
-2.337
 0.050
 0.089
 0.560
 0.326
-0.551
-1.421
-1.737
-0.405
-0.470
-0.801
-1.233
-1.901
-1.474
-1.554
-0.191
 0.642
-1.583
-1.749
-0.181
-1.183
-0.274
-1.652
-1.522
-2.090
-3.296
-2.012
-1.139
 0.830
 1.123
-0.119
 0.684
-0.646
-0.628
 0.451
-0.203
 0.934
 0.450
-1.387
 0.087
 0.972
 1.778
 0.821
-0.600
-1.529
-1.226
 0.168
 0.758
 1.498
 0.505
 0.894
 0.748
-1.685
-0.264
-0.263
-1.140
 0.451
 0.256
-0.213
-0.795
-1.386
 0.308
-0.516
 1.339
-0.589
-0.272
 0.178
 0.641
-0.710
-0.904
-0.707
-0.047
 1.008
 1.766
 1.739
 0.560
 1.155
 0.853
 1.570
 0.507
-1.316
 0.770
 0.710
 1.222
 1.545
 0.607
-0.200
 0.603
-1.116
 0.058
 0.290
 1.049
 0.673
 0.874
 0.889
-1.064
-0.793
 0.033
 2.247
-0.520
 2.125
-0.624
-0.116
 1.337
 1.126
 0.303
-0.472
-0.388
 0.458
-1.067
-0.283
 0.459
 1.032
-1.563
 0.755
 0.419
-0.332
-0.152
 0.366
 0.806
 1.048
 0.908
 0.083
 0.683
 0.079
 0.411
 0.523
 0.528
 1.115
-0.785
 0.925
 0.130
 0.761
-0.407
 0.075
 0.290
 0.325
 1.248
-0.447
-1.153
-0.730
-0.443
 0.835
 0.647
-0.313
 0.312
 0.735
 1.087
 0.305
-0.087
-1.765
-1.317
-0.269
 0.411
-1.167
 0.598
-1.075
-0.671
-0.042
-0.542
-1.283
-1.098
-0.951
-0.246
-1.067
-0.364
 0.092
 0.452
 0.656
 0.192
-0.119
-0.155
 1.939
 0.560
 0.091
 0.413
-0.577
-0.665
-0.920
 1.469
 1.889
 0.632
 2.444
 0.591
 2.247
 2.252
 1.891
 1.235
-0.074
 1.614
-0.191
 0.517
 0.404
 1.782
 0.212
 0.427
-0.310
 0.774
 0.772
 1.857
 1.662
-0.732
 1.211
 1.833
 1.520
 0.001
 0.760
 1.465
 2.071
 0.354
 2.393
-0.389
-0.391
 0.101
-0.818
 1.102
 0.169
 0.926
-0.378
-0.652
 1.571
 1.196
 0.650
 0.374
 0.119
 1.126
 1.288
-0.047
-0.400
 3.082
 2.599
-0.016
 1.966
-0.219
-0.566
 0.405
-0.816
-1.216
-0.944
-1.079
-0.015
-0.093
 0.858
 0.144
-1.852
-0.605
-0.287
-0.631
-1.998
-0.753
-0.930
-1.402
-0.058
-0.477
 0.191
 0.161
-0.937
 0.439
 1.440
 0.953
-0.291
 0.118
 0.153
-1.441
 1.311
-0.524
 1.013
-0.498
-3.178
-0.940
-0.789
-1.882
-1.858
-0.008
 0.098
-1.142
-0.682
 0.224
-0.113
 1.025
-1.143
-0.557
-1.690
-0.954
-0.040
-0.119
 0.519
-0.699
 0.131
 0.959
 0.446
 0.390
-0.994
-0.752
-0.286
-0.846
 0.654
 0.032
 0.135
-0.649
 0.241
 0.500
-0.475
-1.858
-0.041
 0.950
 0.136
-0.612
-0.547
 0.062
 0.004
-0.485
 0.557
 0.499
-1.218
-1.303
-0.274
-0.325
-0.480
 0.085
 0.222
-0.708
-0.076
-3.145
-2.246
-2.279
-2.084
-1.233
-2.477
-0.848
-1.811
-1.511
-1.248
-1.216
-0.283
-0.814
-0.434
-0.403
-0.619
 1.313
-1.137
-2.085
 0.096
 0.989
-0.414
-0.481
 0.042
-0.276
-0.299
-1.206
 0.373
 1.207
-0.003
-0.964
 0.777
-0.942
-1.832
-0.309
-0.537
-0.563
 0.436
-0.424
-0.558
 0.089
 0.593
 0.681
 0.168
 0.387
 0.423
 0.393
 0.845
 0.966
 0.936
 0.930
 1.003
 1.270
 0.631
 2.143
 1.603
 0.386
-0.265
-0.013
-0.139
 0.192
 0.820
 0.771
-0.036
 1.197
 0.208
 0.589
-0.324
-0.900
 0.147
 0.491
-0.520
-1.430
 1.372
 1.473
-0.257
 0.665
 0.313
-0.147
-0.729
-0.954
-0.838
 0.467
-0.767
-1.449
-0.109
 0.782
-0.630
-0.896
 0.439
-0.625
 0.115
 0.670
-1.183
 0.625
-0.592
-0.651
-0.121
 0.825
 0.727
 0.453
-0.248
-0.245
 0.837
 1.559
 0.942
 1.214
 0.255
 1.152
-0.091
-0.193
-1.736
 0.237
 0.226
 0.163
-0.284
-1.134
-0.370
-1.124
-0.825
 0.184
 0.886
 1.069
 1.374
-1.027
 0.895
 0.244
 0.136
-0.950
 0.494
-0.249
 1.765
-0.126
-0.854
-0.804
-0.076
 0.818
-0.505
 1.161
 0.441
-0.375
-0.969
 1.099
 0.298
 0.597
 0.504
 2.105
-0.034
 0.802
-0.014
 0.075
-1.095
 0.921
-0.343
 0.055
-0.032
-1.715
-0.035
 0.921
-0.576
-1.545
 0.323
-1.161
-1.414
-0.959
-1.810
-1.222
 0.059
-1.050
 0.580
 0.256
-0.957
 1.298
 0.199
-0.454
 0.056
 1.231
 2.000
 0.739
 0.882
 0.963
-0.293
 0.043
 0.293
-1.504
 0.098
 0.436
-0.292
-0.687
-0.295
-1.054
 0.029
-0.348
 0.321
 1.195
-0.384
-0.070
 0.895
-0.651
-2.017
-1.832
-1.063
 1.087
 0.712
 0.075
 0.621
 0.999
 0.935
 0.846
-0.187
 0.461
 1.060
 0.382
 1.018
 0.079
 1.805
 1.872
 1.338
 0.092
 0.086
 0.200
 0.409
-0.327
-0.998
-0.364
 0.692
 0.858
-0.353
-0.484
-0.507
-0.351
 0.891
 0.688
 0.428
-0.965
 0.012
 1.130
-0.882
-0.867
 0.103
-0.307
-1.010
-0.930
 0.709
-1.550
 0.120
 0.319
-0.460
-0.055
-1.470
 0.111
 0.027
 0.000
 0.751
-1.118
-1.135
-0.001
-0.720
 0.407
-0.860
-0.159
-1.945
-1.708
-2.186
-0.251
-0.249
-0.898
-1.112
-0.786
 0.295
-0.772
-0.899
-2.300
-0.690
-0.729
-1.144
-1.850
-0.732
-0.560
-1.206
-1.878
-0.675
-0.403
-0.833
-1.545
-1.381
-1.862
-1.719
-0.414
-2.146
-1.554
 0.044
 0.885
-0.321
-0.576
-0.103
 0.133
 0.486
 0.637
-0.049
 0.183
-0.933
-0.860
-1.130
-1.463
-1.218
 0.698
 0.509
-0.336
-0.382
-0.014
 0.219
 0.177
 0.729
-0.721
 0.224
 0.782
 0.945
 0.724
 0.138
-0.124
 0.084
-0.086
 0.955
-1.438
 0.500
 1.010
-0.772
-0.750
-0.530
 0.410
 1.089
 0.808
-0.051
 0.041
-0.400
-0.380
-0.040
-0.321
-1.876
 0.057
-0.582
-0.587
-1.012
-0.680
 0.687
 0.860
 0.703
 1.081
 1.167
 0.315
 0.309
-0.180
-0.819
-0.276
 0.524
 1.371
-0.801
-1.195
-0.001
-0.836
 0.066
 0.164
-0.524
-2.025
-0.503
-0.344
-0.261
 0.588
-0.172
 0.265
 0.242
 0.207
-0.764
-0.889
-1.600
-0.191
 0.197
-0.739
 1.252
-1.148
-0.576
-1.305
-1.419
-1.569
-1.635
-0.689
-0.434
-0.040
 1.017
-0.174
 0.033
-1.056
 1.081
-0.607
-1.792
-0.289
 1.204
 1.317
 1.174
 0.137
 0.504
-1.263
-1.081
-0.399
 0.243
-0.482
-1.277
 1.029
-0.776
-1.742
 0.351
-0.555
-0.180
-0.102
-1.691
-0.680
-1.208
-1.930
-1.132
-1.556
-0.606
-0.182
-1.412
-1.821
-1.113
-1.034
-1.293
-0.992
-0.371
 0.568
 0.286
 0.710
 0.003
-0.157
-0.312
-0.596
-0.251
-0.879
-1.127
-0.448
-0.823
-0.598
-1.109
-0.615
 0.599
 0.213
-0.143
 0.361
 0.004
-0.692
 0.629
-0.850
 0.828
-0.178
 0.896
-0.544
 0.558
 0.342
-0.645
-1.889
-0.806
 0.757
 0.993
 0.213
 0.794
 0.206
-0.538
-0.721
-0.143
-0.668
-0.789
 0.013
 0.928
 0.164
-0.713
-0.739
-0.076
-1.003
 0.287
 0.579
-0.818
-0.675
 1.004
 1.790
-0.804
-2.627
-1.062
 0.014
-0.418
-0.199
-0.316
-0.713
-1.429
-0.333
 0.907
 0.583
-0.090
 0.396
 0.074
 1.498
 0.579
-0.622
-0.387
-0.650
-0.636
-1.208
-1.946
 0.166
 1.055
 0.461
-0.861
-0.624
-1.321
 0.312
-2.036
 0.086
-2.130
-1.599
-1.009
-0.951
-0.320
-0.821
-0.481
-0.188
-1.521
 0.918
 0.741
 0.025
-0.966
 0.280
 0.020
 0.084
 0.151
-0.126
 0.014
 0.212
 0.644
-0.231
-1.303
-1.901
-0.698
 1.199
 0.293
 0.326
 1.028
-0.556
-1.056
-1.187
-0.410
-1.244
 0.146
 0.186
-0.384
 0.414
 0.795
-0.109
 0.320
 0.503
 0.384
-1.549
-0.200
-0.752
-0.681
-0.683
-0.397
-1.858
-2.287
-1.480
-2.520
-1.415
-2.554
-3.028
-0.043
-1.008
-1.641
-0.866
 0.363
-0.407
 0.101
 0.091
 1.414
-0.338
-0.207
 0.127
-0.201
-1.836
-1.329
-1.305
-1.458
-0.940
-0.750
 0.296
 0.003
-0.071
-0.430
-0.572
-0.379
-0.124
 0.985
 0.771
 0.469
-2.519
-1.468
-0.673
 0.307
 0.520
 0.718
-0.626
 0.893
-0.371
-1.503
-1.754
-1.597
-0.481
 0.076
-1.272
-2.487
-1.834
-1.894
-0.809
 0.870
-0.877
 0.315
-0.264
-0.513
-1.457
-0.830
-0.812
-1.228
 1.148
 0.232
-0.453
-0.955
 0.298
 0.107
-0.028
 1.215
-0.697
-0.148
-1.644
-1.631
 0.918
-0.588
-0.286
 1.849
 2.020
 0.970
 0.077
 0.884
 0.067
-0.953
-0.949
 0.019
-0.066
-0.349
 0.711
-0.052
 0.624
 0.688
-0.236
-1.182
 0.213
 0.386
 1.552
 2.468
 2.415
 1.122
 0.309
 2.269
 0.745
-0.960
-0.589
 0.320
 0.033
 0.796
 1.370
 0.816
 0.224
-0.636
 0.148
-0.978
-0.052
 0.447
 0.475
-0.280
-1.051
 0.246
 0.100
-0.538
 0.367
 0.275
 1.173
 0.725
-1.203
-0.017
 0.666
 0.093
 0.346
 1.001
-0.724
 0.434
 0.447
-0.936
-0.983
-0.616
 0.097
 0.556
 0.044
-0.490
-1.646
 0.405
-0.526
 0.859
-0.850
-0.355
 0.597
 0.284
-0.290
-0.402
-0.501
-0.794
 0.227
-0.606
 0.671
-1.873
-1.396
 0.399
 0.208
 1.445
-1.713
-0.474
-0.141
 1.289
-0.641
-0.988
 1.013
-0.369
-1.568
-0.806
-1.157
 1.182
 0.002
 0.725
 0.743
 0.341
 0.084
-0.577
-1.134
-0.351
-0.065
 1.212
 0.894
 0.367
-0.176
 0.764
 0.574
 0.574
 0.339
 0.976
 0.987
 0.762
 1.612
 0.961
 0.795
 1.160
-0.773
-0.396
 1.384
 1.565
 1.298
 0.799
 0.677
 1.234
 0.403
 1.322
 1.740
 1.421
 2.373
 0.537
 1.811
 1.202
 0.378
 0.699
 0.830
 1.356
 1.319
-0.023
 0.805
 0.829
-0.578
-0.533
 1.588
 1.038
 2.250
-0.143
 0.386
 1.072
-0.202
 0.276
 0.236
 0.780
 1.165
 1.367
 1.614
 1.007
 0.797
 0.509
-0.637
 0.294
 0.351
-0.842
 0.690
-0.084
-0.942
-0.305
-0.822
-0.004
-0.111
-0.760
 0.227
-0.271
 0.269
 1.034
 1.187
-0.552
 1.621
-0.361
-0.901
 0.452
-0.984
-0.810
-1.687
-1.492
 0.163
 0.433
 0.923
-0.081
 0.812
 0.696
 0.030
 0.156
 0.330
 0.541
 0.187
-0.148
 0.386
-1.899
-0.285
-0.603
-0.148
 1.279
 0.426
 0.005
-0.433
-0.765
 0.175
 0.908
-1.048
-0.989
-2.905
 0.599
 0.436
 0.299
 0.133
 0.663
-0.956
-1.185
-1.305
-1.908
 0.117
 0.596
-0.099
 0.356
-2.148
-1.232
-0.050
 0.299
-1.708
-1.484
 0.557
 0.641
 1.224
 0.437
-0.380
-0.792
-0.464
 0.784
-1.127
 0.553
-1.515
-0.753
-0.487
-1.045
 0.241
-0.230
-0.220
 0.851
-0.424
 0.399
-1.795
-0.615
-1.416
 0.202
 0.019
-0.484
-0.010
 1.125
 0.016
-1.306
-1.019
-0.188
-1.693
-1.024
-0.440
-0.273
-2.065
-0.900
-1.476
-2.036
-0.380
 0.092
 0.978
-0.654
-1.256
 0.489
 0.192
-0.295
 0.007
 0.370
-1.658
-0.022
 0.075
-0.025
 0.064
 0.330
-0.611
-0.279
 0.026
-2.196
-1.894
-1.617
-0.594
-0.734
 0.859
 0.542
 1.236
 0.303
-1.102
 0.364
 0.136
-1.024
-2.685
 0.055
-1.301
-0.938
-0.958
-1.371
-0.224
 0.298
 0.543
 0.841
-1.416
-1.376
-0.338
-0.771
-0.284
-0.846
-0.906
 0.447
-0.531
-0.701
-0.688
-0.814
-1.098
-1.425
-0.092
 0.765
 0.265
-0.485
 0.148
 0.203
-0.452
-0.382
 0.827
 1.586
-0.174
 0.310
-0.397
 0.674
-0.129
 0.270
-0.145
-2.492
-0.808
-0.030
-1.125
-1.497
-1.516
-2.290
-1.233
-1.504
-1.010
-2.226
-0.454
-1.477
-0.972
-0.794
 0.347
 2.163
 1.122
 0.480
-0.450
 0.830
-0.135
-0.366
 0.193
 0.900
 0.569
 0.091
 0.870
-0.767
 0.850
 1.219
-1.568
 0.523
 0.187
 1.092
 1.471
-0.386
 0.396
 0.318
 0.577
-0.692
 0.003
-0.048
-0.397
 0.669
-0.560
 1.388
-0.327
 1.251
 0.499
 0.322
 1.144
 0.837
 0.029
-0.737
 0.503
-0.303
-0.223
-0.927
 1.652
 2.020
 0.699
 1.545
-0.151
-0.521
 0.433
-0.383
 0.369
 1.186
 0.030
 0.279
 0.422
 0.347
-0.647
-0.298
-0.069
-1.275
-0.118
-0.999
-1.591
-1.537
-1.188
-1.087
 0.144
-0.327
 0.525
 0.445
-0.107
-0.112
-0.373
-0.295
 1.085
 0.727
 0.930
-0.526
 0.424
-0.108
 1.123
 1.018
-1.357
 0.014
 1.495
-0.284
-0.448
 0.288
 0.474
-0.922
-0.329
-0.829
-0.947
-0.284
-0.015
-0.086
-0.222
-0.409
 0.022
-0.521
-0.594
-1.713
-1.110
-0.507
-0.301
 0.237
-1.748
-0.711
-1.043
-0.143
-0.933
-1.097
-0.212
-0.442
-1.729
 0.288
-1.046
-0.335
-1.701
-0.544
 0.202
 0.972
-0.148
-1.919
-0.975
-1.634
-0.330
-2.214
 1.054
 0.056
 0.491
-0.642
-0.450
-0.310
 0.300
 0.825
-0.414
 0.261
 0.761
 0.322
-1.325
 1.493
-0.119
-0.997
-0.949
-1.282
-0.524
 0.021
 1.407
 0.295
 0.813
 0.674
-0.053
-0.239
-1.750
 0.032
 0.119
-2.609
-0.558
-0.260
-1.640
-0.210
-1.614
-2.673
-3.141
-2.012
-1.485
-1.558
-0.797
-0.142
-1.260
-1.679
-1.496
-1.869
-0.432
-0.088
-1.912
 1.018
 0.663
-0.681
-0.544
-0.939
-0.795
-1.182
 0.474
-0.480
-0.933
-1.144
-1.298
 0.092
 0.718
 0.391
 0.805
-0.647
-0.642
-0.947
-1.130
-1.432
-1.070
-0.508
-0.934
-0.931
-0.768
-1.665
 0.235
 0.167
-0.810
-0.057
 0.010
-0.474
-1.145
-1.105
-1.381
-1.408
-0.114
-0.912
-0.259
-0.375
-0.061
 0.306
-0.387
-1.055
-1.671
-0.422
-0.620
-1.811
-0.681
-1.439
-1.462
 0.208
 0.905
 1.128
 1.082
 1.200
 0.325
 0.245
 0.105
-0.449
 0.717
 1.340
 1.739
-0.106
 0.930
-0.504
-0.361
-0.622
 0.916
 2.351
-0.058
 0.764
 0.619
-0.140
-0.519
-0.004
 0.390
 1.254
 1.087
 0.239
-0.190
 0.469
-0.274
-0.845
-1.206
 1.233
 1.707
-0.091
 0.599
-0.544
 0.049
-0.991
-0.142
-1.887
-0.534
-0.188
-1.265
-0.997
-2.551
 0.141
-1.842
-1.961
-0.312
 0.625
-1.641
-1.059
-1.557
-2.049
-2.424
-0.414
 0.322
-0.233
 0.088
-0.121
-0.188
-1.666
 0.627
-0.380
 0.762
-0.686
-1.530
 0.087
 0.014
 0.900
 0.032
 0.298
 0.028
 0.517
 0.187
-1.393
-0.985
-0.278
-1.774
 0.540
 0.718
 0.837
 1.366
 0.120
-0.781
-1.855
 0.489
 0.253
-0.621
-0.318
 1.134
-0.098
 0.485
 0.044
-0.173
-0.861
-1.140
-0.929
-0.501
 0.935
 0.634
 1.070
 0.765
-0.685
-0.270
 2.382
 0.740
 1.100
 0.573
-0.769
 0.506
 1.530
 1.886
 0.108
 1.421
-0.615
 0.258
-0.441
 1.474
 0.606
-1.003
 0.653
-0.163
 1.797
-0.625
-0.604
 1.942
 1.020
 1.540
 1.682
 0.356
 0.547
 2.147
 1.376
 1.193
 1.602
 0.623
 1.604
 1.244
 0.291
-0.647
-0.704
-0.748
 0.041
 0.211
-0.616
-0.598
-0.477
-1.100
-0.200
-0.079
-1.006
-0.105
 0.385
 0.647
 1.628
-0.417
 1.028
 1.897
-0.348
 0.767
-0.881
-1.743
-0.823
-1.385
-0.214
 1.893
 0.024
 0.616
 0.081
 0.554
 0.666
-0.672
 0.450
-0.304
 1.062
 0.188
 1.264
 1.569
 0.413
-0.333
 0.139
 1.440
 1.219
 0.773
 0.205
-0.441
-0.263
-0.337
 0.478
 0.082
 1.581
 0.152
-0.097
-1.309
 0.030
 0.212
-0.464
-0.799
-0.351
-0.105
-1.382
-0.448
-0.621
-0.964
-0.375
-1.486
 0.408
-0.232
-0.715
 0.778
-2.302
-0.338
-0.407
 0.448
 0.012
-0.061
-0.024
-0.498
 0.209
-1.097
 0.768
 1.030
-0.712
 0.134
 0.326
-1.437
-0.781
-0.560
 1.134
-1.301
-1.848
-0.172
-0.035
 1.003
-0.606
-0.953
 0.260
-0.163
 0.904
 1.373
-0.215
 1.156
-0.578
 1.018
-1.512
-0.239
 0.442
 0.927
 0.303
 0.849
 1.088
 0.490
 1.175
 1.866
 0.271
 1.724
 1.177
 0.012
 1.123
 0.941
 0.846
 2.083
-0.066
 1.390
 2.366
 1.074
 1.693
 2.037
 1.628
 1.226
-0.018
 1.255
 0.084
 1.582
 0.876
 1.096
-0.571
-0.420
 0.018
 1.453
 1.801
 1.553
 0.321
-0.568
-0.028
 0.355
 1.047
 0.648
-0.361
 0.844
 1.183
 2.266
 0.112
 1.353
 2.115
 1.137
-0.916
 0.002
 0.842
 1.307
 0.604
 1.491
-0.235
 0.335
 0.836
-0.282
 0.777
-0.672
 0.244
 0.593
 0.605
 0.536
-0.959
 0.849
 0.270
 0.956
 0.234
 1.042
-0.868
 0.379
 0.582
 0.626
 1.011
 0.870
 0.102
 0.786
-0.023
 0.279
-0.102
-0.021
-0.260
 0.921
-0.319
-0.353
 0.846
 1.470
-0.699
-0.452
 0.034
 0.458
 1.317
-0.199
 0.137
 0.269
-0.971
-2.072
 0.011
 0.549
-0.203
-0.919
 0.193
-0.548
-0.915
 0.324
 1.121
-1.067
-0.848
-1.378
-0.565
-0.682
-0.685
-0.764
-1.415
-0.913
-1.114
 0.155
-0.521
-0.221
 1.129
-0.843
-1.559
-0.936
-1.329
-0.165
 0.200
-0.626
 0.651
-0.071
-0.934
-1.107
-1.653
-0.934
-0.957
-1.127
-1.053
-1.493
-0.294
-0.678
-0.953
-0.199
-0.123
 0.223
 1.243
 1.304
 0.685
-0.086
 0.822
 0.033
-1.041
 0.251
 0.032
-1.646
-2.876
-3.170
-2.392
-2.466
-2.559
-2.068
-0.192
-0.325
-1.427
 0.010
-1.475
-2.175
-2.307
-2.084
-2.672
 0.447
-1.045
-2.213
-1.957
-1.413
-0.336
-1.600
-3.377
-2.394
-0.757
-1.329
-2.278
-1.513
-0.614
-0.090
-1.613
-1.854
-0.770
-1.980
-2.237
-0.862
-2.751
-1.630
-2.245
-1.698
-1.303
 0.659
-0.595
 0.540
-2.432
-0.095
-1.283
-0.816
-2.021
-0.577
-0.352
-0.217
-0.265
-1.373
-0.808
-0.311
-0.691
-0.102
-0.480
-0.969
-0.597
 0.754
 0.427
-0.028
-0.568
-1.124
-0.633
-0.655
-0.461
 0.110
 0.654
-0.034
 0.147
 0.273
 0.194
 0.956
-0.710
-0.368
-0.394
-1.427
-1.266
 0.203
 0.402
-0.743
-1.104
-1.209
 0.409
 2.575
-1.240
-0.678
-0.866
-1.217
-0.297
 0.896
-0.195
 0.781
 1.356
 1.041
 0.855
 1.285
-0.421
 0.086
 2.044
-0.183
 0.305
-0.529
 0.666
 1.195
 1.905
-0.290
 1.609
 0.456
 0.092
 0.780
 0.179
 1.445
 0.254
-0.622
 0.774
 1.063
 0.111
 0.413
-0.383
-1.748
-1.879
-0.775
 0.201
 0.758
-0.022
-0.738
 1.500
-0.664
-1.267
-0.264
 0.518
 0.746
-1.406
-0.548
-0.081
-0.429
-0.712
 1.421
 0.096
-1.007
-0.179
-0.341
-0.612
 0.331
-0.243
 0.793
 0.612
-0.424
-0.429
-0.621
 0.334
 0.743
 0.890
-1.061
-1.451
-0.616
 1.026
 1.273
 1.405
 0.740
-1.674
 0.680
 1.685
-0.057
-0.262
 0.861
 2.871
 0.088
 1.561
 1.191
 1.232
 0.099
 0.344
 1.542
 0.017
 0.830
 2.053
 1.683
 1.112
-0.145
 0.006
 0.246
 0.680
 0.333
 0.271
 1.706
-1.053
 0.585
 2.560
 2.526
 0.081
 0.022
 0.357
 0.097
 0.959
 0.026
-0.610
-1.973
-0.157
 0.572
 1.419
-0.967
-1.009
 0.044
 0.122
-0.062
 0.460
 2.099
 0.054
 0.214
-0.808
-0.327
 0.790
-0.472
-0.371
 0.513
 1.216
 0.819
-0.414
-0.326
 0.991
 1.443
 1.356
 0.846
 1.222
 0.184
 0.091
-1.047
-0.863
-0.409
-0.015
 1.548
 1.012
 2.577
 0.256
 1.011
 0.832
 0.205
-0.251
-0.703
-1.269
-0.083
 0.275
-0.373
 0.156
 1.101
-0.779
-0.393
 0.518
 2.360
 0.957
-1.696
-0.484
 1.646
 1.423
 0.455
-0.153
 0.243
 0.319
 0.097
 0.036
-1.436
-0.450
 0.867
-1.390
-0.792
-1.139
-1.583
 0.240
-1.111
-0.277
-0.419
-1.792
-0.045
 0.259
 0.360
-0.511
 0.423
 1.311
 0.020
 1.061
 2.057
 1.224
 1.705
-0.173
 0.198
 0.339
 0.087
-1.299
-2.023
-0.116
-0.907
-1.001
 0.078
 0.864
-1.440
 0.289
 1.718
 0.789
-0.147
-0.026
 0.731
 0.013
-0.073
 2.129
 0.500
 1.055
-0.085
 1.379
 0.511
-0.395
 0.049
 0.101
 0.885
 0.878
 0.972
 0.382
 1.943
 0.425
-0.334
 0.979
 1.175
 1.688
 2.042
 1.502
 0.680
-0.423
 1.360
 1.690
 1.130
 1.214
 0.338
-0.053
-0.907
-0.111
-0.929
 0.047
 0.192
 0.863
 1.102
-0.439
 0.222
 0.866
-1.093
-0.064
 0.414
 0.297
-0.797
-0.496
 1.542
 1.281
 0.449
 1.608
 0.447
 0.966
 0.926
 1.613
 0.923
 0.821
 1.419
 1.546
 0.338
-0.623
-0.561
-0.318
-0.399
 0.403
-0.658
-0.073
 0.787
 0.290
-0.814
 0.761
-0.651
-0.043
 0.064
 0.131
 1.162
 0.195
 1.165
 1.544
 0.518
-0.026
 0.537
 0.556
-0.388
-0.002
 0.531
 2.046
 0.255
 0.054
 0.621
 1.382
-0.186
-0.689
-0.208
 0.150
-0.238
 0.684
 0.623
 1.268
-0.548
 0.768
 0.090
-0.712
 0.213
-1.021
 0.292
-0.011
-2.163
-0.861
-1.707
-0.783
-1.177
-1.822
-1.246
-1.832
-0.686
 0.636
-1.036
-0.512
-0.807
 0.083
-0.717
-1.830
-1.588
-1.241
-2.596
-2.834
-2.252
-1.641
-1.849
-0.178
-0.104
 0.262
 0.043
-0.427
-1.603
-0.621
 0.875
-0.387
 0.342
 0.519
 1.590
 0.196
 0.858
 1.313
-0.633
 1.255
-0.154
-1.641
-0.324
-0.949
 0.103
-1.367
-1.619
-0.882
-1.848
-0.172
-1.715
-1.309
 0.140
 0.296
-0.184
 0.260
-1.593
-1.579
-0.002
 1.298
-0.182
 0.014
-0.853
-0.783
-0.099
-0.586
-0.242
-2.257
-1.457
-0.405
-1.082
-0.899
-1.933
-1.856
-1.707
-1.064
-0.865
-0.284
 0.321
-1.251
-0.948
-1.446
-0.251
-0.941
-0.206
-1.013
-0.836
-0.220
-0.764
 0.028
 0.327
 0.546
 0.314
-0.726
-0.568
-0.467
 0.308
 1.686
 1.827
-0.931
-0.348
-2.042
-0.645
-1.024
 0.096
 0.026
-0.346
 1.249
-0.268
-1.165
 0.819
-0.309
-0.463
 0.181
-0.280
-0.736
-0.577
-0.587
-1.406
-0.785
-1.092
-1.782
 0.330
-2.278
-1.679
 0.465
 1.783
 1.742
 0.637
 1.080
 0.435
 0.585
 0.444
 1.346
-0.645
-0.339
 0.252
-0.506
-0.620
 0.394
 1.503
 0.082
-1.384
 0.511
 0.389
 0.436
-0.152
-1.117
 0.274
-0.007
-0.538
 0.764
 0.153
 0.356
 0.993
 0.778
-1.214
-0.021
-0.942
 0.992
 0.768
 0.157
 0.680
 0.079
-0.004
 0.058
-1.338
 0.112
-1.019
-0.368
 0.845
-0.150
 0.119
-0.821
 0.020
 0.528
-1.662
-0.546
 0.138
-0.468
-1.275
-1.558
-0.305
-0.909
-0.762
-0.536
 1.421
 1.443
 1.791
 0.933
 0.424
 1.337
-0.896
 0.138
-0.352
-1.444
-2.118
-2.865
 0.610
 0.114
-1.738
-0.460
 0.150
-0.174
-1.480
-1.450
-1.001
-0.466
-0.353
-0.389
-0.668
-2.149
-1.426
-2.360
-0.769
-0.295
-1.223
-1.284
-1.664
-1.259
-1.642
-1.523
-0.911
-0.637
-0.501
-0.270
-1.592
-2.772
-1.780
-4.144
-1.306
-0.997
-0.847
 0.361
-0.844
-0.785
-0.882
-0.205
-0.570
-1.929
-0.909
-1.981
-0.698
 0.533
-0.623
-0.564
-1.820
-0.658
-1.382
-0.578
-0.919
-1.340
-0.495
-0.826
-0.083
 0.289
 0.772
 0.562
-0.660
-0.805
-1.290
-1.119
 0.017
-1.663
-1.778
-0.540
-1.151
-0.154
-0.654
-0.540
-0.475
-0.455
-0.556
 0.612
-0.130
-1.624
-0.390
 0.219
 1.013
 1.249
 1.633
 1.547
 0.623
 1.715
-0.073
-1.579
 0.704
-0.810
-0.959
-0.984
-0.040
 0.981
-0.354
-1.036
-1.239
-1.098
-1.008
-1.537
-0.725
-0.644
-0.587
 0.424
-1.073
 0.255
-0.961
 0.298
-0.620
-1.207
-1.039
-0.875
-0.109
-0.420
-1.076
-0.105
 0.015
-0.290
 0.360
-0.690
 0.419
 0.164
-0.274
 0.221
-1.264
-1.835
-0.492
-0.257
 0.480
 0.042
 0.007
 0.174
 1.169
-0.092
 1.297
 0.593
-0.703
 0.133
-1.119
 0.216
 0.847
 0.337
-0.059
-0.347
-0.198
 0.094
 0.982
 0.061
 0.583
 0.506
 0.274
-0.345
-1.002
-1.943
-0.775
-0.068
 0.918
-1.055
 0.257
-0.368
-0.173
 0.793
 0.210
-0.412
-0.997
-2.054
-0.878
 0.079
-0.408
-1.149
-2.272
-0.212
 0.208
 1.331
 0.834
 0.570
 1.299
 2.191
 0.258
-0.645
-0.892
-0.233
 0.490
-0.505
-1.293
-2.525
 0.137
-2.168
-0.885
-1.344
 0.515
-0.977
-0.334
-0.915
-0.965
-0.964
-2.136
-0.217
-0.807
 0.176
-1.013
-0.512
-0.208
-0.573
-0.801
-1.813
-0.267
-0.104
-1.096
-0.961
 0.284
-2.638
-0.178
-0.855
 0.290
-0.406
-0.810
 0.938
 0.547
 0.383
 0.426
 1.013
-0.291
 0.952
 0.618
 0.854
-0.547
 1.060
 0.100
 1.124
 0.718
 0.740
-0.145
 0.852
 0.524
-0.323
-0.128
-1.160
 1.154
-0.726
-0.978
-0.725
-0.389
-0.895
-1.172
 0.005
 0.709
-0.335
 0.461
-1.301
-0.402
-1.833
 0.893
-1.437
-0.194
 0.257
 1.916
 1.164
 0.818
 0.045
-2.654
-0.476
 0.564
-0.692
-1.445
 0.214
-2.090
-1.810
-0.197
 0.110
-1.335
 0.257
-0.406
-0.362
 1.567
-0.306
 0.082
-0.424
-0.462
-0.373
-0.364
-0.260
-1.174
-1.300
-0.721
-0.571
 0.177
-0.015
-0.269
-0.724
 0.681
 0.773
 1.231
 0.176
 0.509
-0.761
 1.424
 0.183
-0.124
 0.073
-0.416
-0.419
 0.893
 0.169
-1.357
 0.372
 1.961
 1.444
 1.117
 0.992
 1.510
 1.161
 1.442
-1.012
-1.563
-0.859
 0.504
 1.112
 0.788
 1.054
 0.702
 1.726
 1.336
-0.687
-0.010
 0.886
 0.116
 0.786
 1.275
 1.786
-0.630
 0.320
 0.762
-1.283
-1.198
-1.260
-0.390
 0.544
 1.203
 0.195
-0.370
 0.618
 0.119
-1.074
-0.821
-0.011
 0.746
 1.789
 1.346
-1.065
 1.341
-0.517
 0.405
-0.060
-0.807
-0.345
-0.083
-0.762
 0.381
-1.494
 0.185
-0.340
-0.686
-0.780
-0.750
-0.278
 1.040
-0.777
 0.093
 0.663
 0.325
 0.505
 0.634
 0.957
-0.963
-0.280
 1.923
 1.767
 0.394
-0.781
-1.188
 0.050
-0.823
-0.548
 1.042
 0.703
-0.428
 0.179
 0.067
 0.942
 0.540
 1.085
-0.043
 0.149
 1.984
 0.174
 0.936
 0.183
 0.332
 0.459
 0.704
 0.709
 0.613
 1.625
 0.747
-0.022
-0.196
 0.817
-0.105
 0.387
-0.919
 0.019
 0.499
 1.530
-0.810
-0.132
 0.127
 0.081
-0.633
 0.366
-0.282
 0.282
-0.652
 0.159
 0.247
-0.399
-0.085
-0.897
-0.332
 0.818
-0.715
-1.522
 0.106
 0.669
 0.198
 0.225
 0.151
 0.176
 1.798
 0.541
 0.138
-0.831
 0.092
 1.156
-0.201
 0.548
-0.294
-1.360
 0.557
-1.469
 0.831
-1.549
-1.463
-0.802
 0.021
-0.199
 0.351
-0.256
 0.033
-1.453
-0.513
 0.138
-0.210
-0.545
-1.504
-1.805
-0.856
-0.398
-1.070
-0.706
-1.435
-1.693
-1.154
-1.704
-0.202
-0.451
-0.496
 0.705
-0.659
-1.228
 0.619
 0.476
-1.473
-0.459
 0.331
-0.059
-0.417
-0.775
-0.026
 1.607
 1.706
 0.198
 1.189
-0.005
 0.462
 2.341
 1.597
 2.084
 0.813
 0.193
 1.851
 2.085
 1.268
 0.566
 0.631
 1.573
-0.205
 0.261
 0.202
 0.411
 2.453
 1.360
 1.157
 0.417
 0.278
 1.604
 1.779
 1.200
-0.683
-0.041
 1.439
-0.304
 2.676
 3.037
 1.609
 3.103
 0.784
 1.038
 1.356
 2.034
 1.998
 1.047
 0.336
 0.299
 1.586
 0.394
 0.231
 0.899
 0.311
-0.544
-0.351
 0.034
 0.280
-0.319
 0.522
 1.129
 0.585
 0.722
 0.786
 1.255
 2.848
 2.366
 1.360
 0.822
 0.695
 1.186
 1.411
 0.648
-0.550
 0.009
 0.199
 0.937
 1.511
-0.773
 0.162
-1.589
 1.711
 0.955
 1.587
-0.197
-0.161
 0.250
-1.025
 0.640
-0.098
-0.559
-0.087
 0.257
-0.336
-0.616
 0.058
 0.581
-1.446
-0.036
-0.319
 1.190
 0.771
 0.290
 1.914
-0.458
 0.516
 1.119
 1.707
 1.230
 0.548
-0.056
-0.085
-0.695
-2.187
 1.323
 1.293
 0.503
-0.565
 0.576
-0.417
 0.659
 0.228
 0.329
 0.854
-0.589
-0.041
 0.490
-0.743
-0.634
 0.112
-0.104
 0.425
 0.154
-0.445
 0.487
-0.195
-0.133
 1.862
 0.760
 1.332
 1.863
 0.844
-0.169
 2.046
 1.351
 2.337
 0.694
-0.063
 0.844
 0.545
 0.457
 1.104
 0.972
-1.009
 1.165
 0.475
 0.800
 0.208
 1.141
-0.570
 1.777
 0.689
 0.243
-0.643
 0.776
 0.236
 0.575
 0.529
 1.067
 1.202
 0.789
-0.596
-1.275
 0.532
 0.887
 0.642
 0.049
-0.278
-0.516
 0.565
 1.132
 1.000
 0.875
 1.194
 0.037
 0.826
-0.849
 1.405
 1.655
 0.651
-0.229
 0.660
 0.021
-0.371
 0.865
 0.870
 0.779
 0.357
 1.042
 1.713
 0.247
 2.006
 1.780
 1.125
 0.015
-0.680
-1.372
-1.356
-0.520
-0.600
 0.658
 2.687
-0.004
-0.214
-0.127
-0.849
 0.046
-0.462
 1.154
 2.015
 0.208
 0.606
-1.272
 0.356
 1.463
 2.010
-0.035
 1.490
 1.216
 2.322
 1.602
-0.100
-0.209
 0.192
-0.364
-1.050
-1.224
 0.293
-0.327
-0.661
-1.005
-1.066
-0.839
-1.552
-1.528
-1.660
 0.525
 0.961
-0.345
 0.021
-1.141
-1.281
-1.009
 0.916
 0.770
-0.244
 0.175
 0.430
 1.891
 0.393
 1.588
 2.997
 0.390
 0.595
-1.558
 0.565
 0.309
 0.989
 0.320
 1.318
 0.603
 1.613
 0.352
 1.014
 1.466
 0.546
 0.823
 1.585
 1.526
 1.425
 0.169
 0.564
 0.833
 0.548
 1.663
-0.191
-0.327
-0.586
 1.001
 0.309
-0.877
 0.209
-0.245
 0.251
 1.024
 0.040
 1.253
-0.504
-0.623
-0.579
-0.185
-0.042
 0.206
 2.115
 1.083
 0.022
 0.172
-1.086
 1.441
 1.617
 1.391
 1.316
 0.270
 0.495
 1.396
 0.250
 0.698
 0.340
-0.774
-1.153
 0.388
-0.232
-0.508
 0.017
 1.091
-0.108
-0.133
 1.027
 0.185
 0.439
-0.225
-2.486
-1.356
-0.615
 1.279
 0.233
-0.279
-0.829
-1.702
-0.851
 0.621
 0.716
 0.941
 0.685
 0.827
 0.265
 0.620
 0.564
 1.134
 2.441
 0.693
 0.786
 0.472
 1.420
 1.331
 1.977
 1.136
-1.090
-0.050
-0.841
-0.380
 1.441
 1.158
 0.409
 0.446
 0.241
-0.397
 0.054
 0.582
 2.014
 0.885
 1.414
 0.157
 0.494
 0.011
-0.144
-1.197
-0.815
-0.192
-0.674
 0.802
-0.661
-1.283
 0.415
-1.687
 0.689
 1.277
-0.941
-0.009
 0.939
-1.136
 0.498
 0.894
 0.509
 0.842
 1.451
 2.032
 0.300
-0.295
 0.029
 0.940
 0.323
-0.770
 0.237
-0.591
-2.043
-1.465
 0.152
-0.553
 0.150
 1.774
 0.922
 1.012
-0.491
-0.163
-0.395
-0.724
 0.689
-0.665
 0.579
-0.017
 0.391
 0.781
-1.434
 0.839
-0.585
 0.054
-0.478
 0.174
 1.218
 0.878
 1.113
 1.500
 0.222
 0.497
-0.158
-0.394
-0.898
 0.149
 0.954
-0.902
-0.253
 1.360
 0.728
 0.734
 0.598
 0.153
 0.635
 0.930
 0.337
 1.244
 0.771
 0.079
 1.089
 0.744
 0.997
 0.377
 0.689
 1.008
 1.289
 0.170
-0.291
 1.070
-0.024
-0.242
 0.163
 0.742
 0.838
 1.805
 0.926
 1.917
 0.373
 0.585
 1.507
 0.619
 1.051
-0.455
 0.978
 1.940
 1.394
 0.574
 0.515
 1.233
 0.666
-1.630
-0.533
 1.300
-0.902
-0.253
 0.506
-0.578
 0.035
 0.177
-0.046
-0.717
 0.197
-0.095
-0.925
 0.139
 0.395
 0.294
 1.550
 0.950
-0.160
 1.150
 0.446
 0.086
-0.805
 1.006
 0.514
 0.607
 1.333
 1.007
 1.159
 1.352
 0.045
-0.035
 0.982
 0.139
 0.786
-0.277
 0.288
-0.481
-0.255
-0.691
-1.646
-0.498
-0.521
 0.419
-0.394
 0.224
-0.179
 0.359
 0.756
 0.742
-1.252
-0.337
 0.562
 1.979
 0.233
-0.440
 0.566
-0.257
 2.365
-0.261
 0.477
 0.323
-0.888
-0.487
 0.058
-0.340
-0.033
 0.486
 0.574
-1.117
-0.125
 0.697
-0.278
-0.680
 0.635
 1.434
 1.073
 0.795
 0.280
-1.050
-0.560
 1.549
-0.763
-0.245
 0.683
-0.370
-0.620
-1.049
-0.688
-1.427
 0.059
-1.460
 0.422
-1.686
-0.673
-0.133
-0.838
-0.321
-0.655
-0.895
 0.201
-0.427
-0.563
-1.409
-1.227
-0.605
 0.386
-0.100
-0.727
 0.540
 0.034
 0.832
-1.282
-1.187
-0.087
 0.422
 0.054
-0.767
-2.028
-0.841
-1.263
-0.646
-0.628
-1.814
-1.928
-0.625
-0.915
-1.930
-2.473
-0.286
-0.151
-2.361
 1.324
-0.551
-2.108
-0.097
-0.989
 0.013
 1.340
 0.071
-1.415
 0.170
 0.411
-0.211
-0.435
-0.234
-0.402
-0.187
 0.702
-1.375
 0.302
 1.469
 2.829
 0.700
 0.729
-0.684
-0.037
 1.318
 0.482
-0.888
 1.118
 1.405
-0.534
-0.061
 0.367
 2.183
 0.937
 1.099
 0.172
 0.519
-0.451
-2.194
-2.275
-1.441
-0.423
-0.391
-0.868
 0.208
-0.253
 0.478
-0.648
-1.093
-1.047
-0.821
-0.685
-1.607
-1.002
-2.724
-0.784
-1.647
-2.958
-1.122
-0.786
-0.556
 0.008
-0.648
-0.958
-0.719
 0.739
-0.315
-1.136
-0.203
-0.816
-0.683
 1.565
 1.247
-0.914
-0.481
 0.044
 0.403
 0.217
 1.124
 0.252
-0.285
 1.490
 0.579
-0.723
-0.790
-0.280
-0.288
 0.293
 0.371
 0.899
-0.064
-0.693
 1.126
 0.670
 0.445
 0.500
 1.142
 0.459
 0.695
 0.556
 2.076
 0.941
-0.343
 0.192
 0.721
-0.376
-0.174
 0.800
 1.136
 0.293
 2.714
 0.124
-0.288
-0.761
-0.624
 0.490
-1.174
-0.748
 0.087
-0.610
 0.211
 0.408
-0.239
-0.898
 0.531
 0.853
 0.488
 0.652
 0.085
-0.196
-0.186
-0.382
 0.212
-0.265
-0.239
-1.119
 0.651
 1.302
 0.457
 0.196
 0.333
-0.135
-0.317
 0.017
-0.042
-0.486
-1.414
-0.198
-1.344
-1.031
 0.423
-0.070
-0.497
-0.959
-0.669
-0.091
 0.380
-0.223
 0.062
-1.068
-1.400
-0.602
-0.965
-1.185
-0.587
 0.793
-0.238
-0.904
-0.025
-0.214
 0.635
-0.145
 0.085
 0.328
-0.600
 0.249
-0.946
 1.567
 1.244
 0.313
-0.746
 0.613
 0.009
 0.073
 0.464
-0.750
 0.754
 1.049
-0.215
 0.440
-0.539
-0.597
-2.363
-1.683
-0.538
 0.381
 0.214
 0.023
 1.321
 2.322
 1.063
 0.523
 1.464
 0.276
 0.983
 1.113
 1.702
-0.715
 2.035
 1.043
 2.283
 0.847
 0.997
 1.342
 1.531
 0.626
 0.268
 0.227
 0.694
 1.679
 1.209
 1.490
 1.344
 1.401
 0.155
 0.684
 1.458
 2.257
 1.989
 3.211
 0.811
 1.212
 2.138
 1.200
 0.663
 2.101
 1.822
 1.174
 1.274
 0.843
 0.368
 0.273
 0.665
-0.277
-0.536
-0.659
-0.192
-0.331
 0.889
 1.371
 0.307
 0.101
 0.106
 0.301
-1.295
 0.028
 0.231
 0.462
-0.338
 0.441
 0.546
 2.175
 0.529
 0.412
 0.209
 1.402
 1.043
 0.590
 0.363
-0.736
-0.211
-0.630
 1.094
 0.610
 0.416
-0.389
-0.390
 0.092
 0.769
-0.613
 0.057
 0.629
 0.726
-0.615
-2.748
-1.847
-0.095
-0.687
-0.973
-1.532
-2.017
-0.955
 0.000
-1.140
-1.598
 0.344
-0.536
-0.649
-0.070
-0.313
-0.214
 1.173
 1.562
 1.852
-0.251
-0.580
 0.935
-0.160
-1.325
-0.957
-0.892
-0.444
-0.232
 0.997
 1.490
 1.907
 0.767
 0.083
 0.894
-0.071
 1.497
 2.079
 1.895
 0.126
-0.269
 0.108
 1.450
-0.626
-0.248
 0.110
-0.737
 0.367
 1.205
 1.701
 0.273
 0.386
 0.758
 0.543
-0.133
-0.198
-0.723
 1.588
-0.152
 0.305
 0.665
 0.146
-0.156
-0.104
-0.932
-0.531
-0.586
 0.782
 0.448
-0.414
-0.684
 0.909
 0.545
-0.010
-0.061
-0.685
-0.910
 0.078
 0.477
-1.072
-0.285
-0.717
 0.370
-0.862
-0.969
-0.004
-0.808
-0.624
-1.726
-0.497
-0.794
-0.507
 1.365
 1.947
 1.084
 0.722
 1.850
-0.423
-0.321
 0.742
 1.256
-0.581
 1.473
-0.775
-0.703
 1.327
-0.836
-0.139
-0.327
 0.191
-0.863
 0.284
 0.513
-0.217
 0.392
 0.511
 0.470
 0.025
 0.002
 0.281
 0.525
 0.024
-0.592
-0.306
 1.550
 1.418
 0.454
 0.416
-0.631
 0.408
 0.317
 0.945
 0.232
-0.500
 1.072
-0.077
-0.715
 0.052
 2.567
 1.013
 0.708
 2.382
 0.494
-1.447
-0.975
 0.434
 0.492
 0.734
 1.521
 1.055
 0.442
-0.012
 0.345
 0.588
 1.321
 1.494
 2.660
 0.552
 0.036
-0.391
 1.653
 0.015
-0.475
-1.348
 0.105
-0.380
 0.110
-1.119
 1.208
-0.039
 1.214
 2.588
 1.314
 1.139
 0.993
 0.494
 0.590
 0.939
 1.536
-0.300
 0.548
 0.483
 0.789
 0.105
 0.600
 0.126
-0.486
 2.056
 2.514
 1.040
 0.025
 0.700
 0.148
-0.005
 0.204
-0.627
 0.030
-0.301
-0.741
-0.174
-0.015
-0.351
 0.490
-0.533
 0.159
 2.948
 1.199
 1.340
 0.696
-0.143
-0.208
 0.687
-0.590
 1.580
 1.808
-0.530
 0.233
 0.380
-0.899
-0.189
 0.402
 1.001
-0.479
 0.146
 0.803
 0.955
 0.079
-0.496
 0.658
-0.063
 0.352
 0.940
-0.245
-0.446
-0.777
 0.632
-0.131
 0.190
 0.261
 2.080
 0.860
 0.903
 0.006
-0.097
 1.075
-0.240
 2.173
 2.045
 1.201
-0.690
-0.421
 0.840
 0.575
 0.229
 1.001
 1.923
 1.721
 3.003
 1.073
 1.279
 1.242
 0.572
 0.685
-0.066
-0.323
-0.406
-0.753
-0.219
 0.069
 0.508
 0.412
-0.562
 0.470
-0.178
 0.856
 0.181
 2.917
 0.230
 0.855
-0.090
 0.649
 2.442
 0.860
 1.929
 0.610
 2.068
-1.352
 1.243
 2.751
 2.418
 1.083
 0.400
 2.186
 0.209
 0.856
 0.681
 0.345
 1.902
 1.370
 2.885
 1.275
 2.042
 2.235
-0.422
 0.605
 1.065
 1.324
 0.301
 1.542
 1.211
 0.423
 0.172
 0.500
 0.068
 2.731
 0.418
 1.290
 1.297
 0.405
 2.362
 0.317
 1.528
 2.979
 0.646
 0.354
 1.584
 1.550
 1.663
 0.406
 1.681
 0.284
 0.401
 0.643
 0.022
 0.935
-0.279
 1.496
 1.256
 1.866
 0.873
 0.672
-0.607
 0.725
 0.620
 0.020
 0.800
 0.200
 1.346
 1.539
 1.100
 2.177
-0.423
-0.037
-0.627
 0.450
 1.294
 0.857
 0.937
 2.115
 0.454
-0.524
-0.059
 1.880
 0.378
 0.917
 1.696
-0.584
-0.254
-0.875
 0.107
 1.259
-0.456
-1.473
-0.033
 1.316
 0.281
-0.856
 1.595
 1.594
 1.793
 1.505
 0.301
 0.601
 0.134
 0.685
-0.214
 0.483
 0.448
 2.188
-1.137
 0.168
 0.520
 0.091
 1.282
 1.811
-0.327
 1.138
 0.557
 1.695
 0.669
 0.378
 1.304
 2.596
 1.172
 2.104
 1.702
 0.552
 0.308
 0.776
 0.849
 0.011
-0.006
 0.105
 1.514
 1.957
 0.347
 1.601
 0.968
 0.744
 1.625
 1.248
-0.332
 0.529
-0.391
 1.122
 0.777
 1.109
 1.929
 0.824
 1.594
 1.438
 1.925
 1.535
 0.757
-0.312
-0.743
 0.389
-0.654
-0.750
 0.876
 0.080
 0.323
-0.935
 0.572
 0.508
-1.418
 0.139
-0.158
 0.214
 0.249
 1.177
 0.389
 0.116
 1.240
 0.813
 1.023
 2.444
 2.362
 1.519
 3.406
-0.206
 0.776
 1.994
 1.576
 1.204
-0.354
 0.938
 0.469
 2.080
 2.688
 2.754
 1.405
 2.058
 2.080
 1.431
 1.621
-0.478
 0.035
-0.653
-0.970
-0.010
 1.666
 0.124
 0.452
 1.322
 3.278
 1.415
 0.586
 1.837
 1.165
 0.205
 0.351
 0.059
 1.042
-0.028
-0.014
-1.769
-1.739
-0.585
-0.241
-0.638
-1.716
-1.610
-1.865
-1.067
-0.336
-1.776
-1.404
-0.395
-0.237
-0.153
-0.745
-0.470
 0.127
-0.146
 1.197
 0.558
 0.273
-1.278
 0.683
 0.073
 1.606
 0.893
-0.015
 0.376
 0.327
 0.448
-1.275
-0.160
-0.465
-0.807
 0.237
-0.396
-0.633
-1.817
-2.709
-0.843
 1.122
 0.075
-1.309
 0.139
-0.348
-0.942
 0.381
-0.194
-0.159
 0.890
-1.243
 0.601
-0.838
-1.274
-0.738
 0.051
-0.899
-1.804
-0.546
-0.710
-0.973
-1.834
-1.067
 0.694
 0.044
-0.400
 0.177
 0.429
 0.830
-2.060
-0.757
 0.694
 2.031
 0.705
-0.178
-0.372
 0.747
 0.713
-0.422
 0.106
 1.059
 0.676
 0.540
-0.453
 0.079
-0.282
-1.038
 0.525
 0.165
 0.895
 0.635
 0.160
-1.161
-1.219
-0.909
-1.240
-0.610
 0.324
-1.895
-1.609
-2.198
-0.980
-1.440
-0.261
-0.658
-0.048
 1.429
 1.172
 0.801
 1.574
-1.048
-0.300
-1.107
-0.950
-1.411
-1.502
 0.322
-2.036
-0.699
-1.009
 0.202
-0.672
 0.808
 0.154
-0.087
-0.881
 0.035
 2.267
 2.051
-0.174
 0.428
 1.512
 1.745
 1.752
 0.117
 0.168
 0.933
 1.993
 0.744
 0.223
-0.418
 0.207
 0.336
-0.995
-1.338
-0.615
-0.608
-0.318
-0.526
-1.314
-0.194
-0.412
-0.870
-0.788
-0.059
-0.481
-1.903
-0.851
-1.398
-0.329
-0.399
 0.252
 0.301
-0.218
-0.870
 0.137
-1.651
-0.915
 0.702
-1.368
 0.307
-1.976
-1.111
-0.766
-0.117
-2.163
-1.541
-0.322
-1.484
-1.999
-0.516
-0.320
 0.514
 1.742
 1.617
 1.420
 1.604
 1.950
 1.991
 1.367
 0.114
 1.136
 1.553
 1.214
 0.440
-0.082
-0.276
 1.041
 1.312
 0.420
 0.815
 0.273
 0.572
 0.347
-1.611
-0.875
 0.894
-1.336
 0.181
 0.824
 1.130
-0.406
-0.663
 1.182
 0.752
 1.176
-1.340
-0.654
-1.321
-0.292
-0.837
-0.765
 0.570
 1.358
 1.540
 0.507
-1.047
-1.155
 0.822
 1.297
 0.849
 0.819
 0.329
 0.511
 0.428
 1.395
 1.103
-0.101
-0.267
 0.598
 1.445
-0.075
 0.772
 0.118
 0.456
 1.496
 1.908
-0.014
 1.245
 0.877
 1.511
 0.694
-0.191
-0.711
-0.185
 0.012
-0.789
-0.252
-0.462
 0.830
 1.317
-0.547
-0.058
 1.283
 2.262
 0.714
 1.801
 0.056
 0.960
 0.272
 0.309
 0.355
 0.401
 0.553
 2.163
 1.365
 0.979
 1.000
 0.954
 0.894
-0.638
-0.780
 2.100
 0.955
 0.312
 3.125
 1.498
 1.599
 1.516
 1.554
 0.877
-1.121
-0.988
 0.348
 1.263
 0.332
 0.809
 1.071
 0.612
-0.048
 1.457
 1.831
 0.916
 1.890
 1.060
-0.106
-1.808
-0.358
 0.377
-0.970
 1.236
 1.137
 0.308
 0.084
-0.056
 1.077
-0.169
 0.400
-0.517
 0.825
-0.075
 0.643
-0.090
 0.711
 0.155
-1.518
-0.002
 0.640
 1.752
 2.026
 0.429
 0.696
 0.371
 0.070
 0.268
 1.693
-0.849
 0.472
-1.685
-2.157
-1.846
-0.587
-2.127
-0.850
 0.741
-0.647
 0.147
-0.700
 0.681
 0.361
 0.196
 0.407
 1.261
 0.406
-0.787
-3.108
-0.720
-1.016
-1.410
-0.636
-0.046
 0.495
-0.842
 0.459
-0.542
-1.050
-0.467
-0.545
-1.511
-1.308
-1.317
 0.861
 0.312
-0.920
-1.012
-2.506
-1.735
-2.141
-0.865
-0.675
-0.914
 0.515
 0.553
-0.634
-0.787
 0.711
-0.077
 0.137
 0.067
-0.749
-0.396
 0.307
 0.740
 0.322
-1.042
-0.419
 0.153
 0.116
-0.521
 0.072
-1.376
-2.120
-2.374
 0.064
-0.408
-0.075
-0.825
-0.196
-0.715
-1.271
-2.411
-2.026
-1.298
-0.370
 0.685
 0.521
 0.041
 0.051
-0.301
 1.474
-0.914
-1.022
 0.564
 0.382
 1.237
-0.588
-0.286
 0.365
-0.519
 0.038
-1.495
-1.217
-1.911
-0.482
-1.757
-1.907
-1.121
-0.858
-1.276
-2.576
-2.012
-1.422
 0.097
 0.023
-0.372
-1.051
 0.685
 1.970
 0.120
 1.072
 0.259
-0.478
 2.756
 1.684
 0.955
 0.395
 0.738
 0.549
-0.429
-0.387
 0.641
-0.121
 0.159
-0.263
-0.719
-1.425
 0.489
 0.545
 1.058
 1.574
 0.657
-0.004
-0.403
 0.209
-0.605
 0.672
-0.406
-0.395
 0.523
-0.796
-1.085
-0.344
-1.247
 0.174
-0.406
-0.908
-0.634
 1.041
 1.371
 0.462
-0.240
-0.551
-0.082
-0.667
-1.073
-0.213
-0.042
-0.473
-2.619
-0.380
 0.541
-0.860
-1.635
 1.205
-0.758
-0.907
-2.044
-0.934
-0.381
 0.522
 0.002
 0.555
 0.467
-2.323
-0.421
-0.280
-1.517
-0.011
 0.554
-0.238
 0.925
-0.803
-0.253
 0.267
 1.168
 1.517
 0.123
-1.076
 0.184
 1.009
 0.882
 0.660
 0.087
-0.839
 0.288
-0.124
-1.291
 0.565
-1.373
-0.591
 0.114
-0.271
-0.828
-0.841
-0.458
-1.671
-0.338
-0.495
-0.337
-1.533
-0.740
-0.481
 0.316
-1.578
-1.495
-1.263
 0.105
 0.306
-0.682
-1.610
-0.564
-0.800
-0.249
 0.680
 0.749
-0.702
-0.719
-0.408
 1.067
 1.507
 1.449
-0.833
 0.356
 0.480
-1.303
-0.458
 0.656
 0.058
-0.402
 0.414
 0.386
-1.722
-2.139
-0.820
 0.214
 0.494
 0.969
 1.140
-0.537
 0.367
-0.860
-0.864
-0.934
 0.619
 0.440
-0.053
-0.227
 0.945
-1.350
 0.312
-0.580
-0.866
-0.023
 1.306
 2.544
 1.742
-0.234
 1.419
 0.280
-0.052
 0.964
 0.014
-0.352
-0.881
-0.510
-0.125
 0.155
 0.121
 0.979
-0.468
-0.451
 0.161
-1.200
-0.974
-0.607
-1.309
-1.746
-0.082
-0.165
-0.355
 0.867
-0.771
-0.504
-0.138
-0.961
-0.010
 0.044
-1.079
-2.264
-0.013
 0.202
-1.871
-0.303
-0.589
 0.074
 0.091
-2.862
-0.747
-0.811
-0.494
-0.258
 0.403
-1.171
-1.464
-1.870
-1.618
-0.298
 0.193
 0.186
-1.281
-1.618
-2.239
-1.119
-1.657
-1.326
-0.423
-0.899
 0.133
 0.037
 0.372
 1.054
-0.521
-0.843
 0.135
-1.942
-1.693
-0.743
-1.537
-1.972
-0.050
-2.212
-0.520
-1.238
-0.591
-0.464
-1.692
-1.199
-1.014
-0.841
 0.638
 1.660
 0.709
 1.129
 0.446
 0.433
-0.453
-1.064
 0.626
-0.047
 0.354
 0.138
 0.938
 0.919
 0.568
 0.864
 1.327
 1.034
 1.581
-0.175
-1.489
-1.619
-1.884
-0.888
-0.272
 0.442
-0.720
-0.982
-1.454
-1.296
-0.286
-1.348
 0.602
 0.892
-0.776
-0.175
-1.151
-1.778
-1.107
-0.280
-0.490
 0.669
-0.799
 0.795
 1.631
-0.244
 0.493
-0.206
-0.425
-1.305
-0.586
-0.593
-0.877
-1.235
-1.411
-0.551
 1.193
 1.284
 2.044
 0.996
-0.222
 0.795
 0.864
 0.785
 0.408
 0.408
-0.503
-0.489
 0.532
-0.723
 0.005
 0.545
-0.153
-0.676
 0.263
-0.030
-0.094
 0.593
-0.088
 0.130
 0.027
 0.855
 0.233
-1.507
 0.848
 0.081
 0.307
 0.248
-1.104
-0.384
-0.204
 0.257
-0.739
-0.726
 0.105
 0.971
-0.286
 1.871
 1.736
 0.590
-0.649
 0.343
 0.803
 0.349
 0.818
-0.289
 0.750
 1.642
 0.905
 1.322
 0.973
 0.516
 1.269
-0.139
 0.270
-0.163
 1.148
 0.542
 0.804
 1.313
 1.430
 0.447
 0.887
 0.558
 0.701
 0.449
 1.453
 1.215
 1.283
 0.915
 1.105
 0.406
 1.792
-0.028
-0.171
-0.781
-0.341
 0.869
-1.041
-0.469
 0.393
-0.265
 1.287
 1.742
 0.330
 0.642
-0.716
-0.827
-2.079
-0.855
 0.142
-0.731
-1.242
-0.708
-1.926
-2.566
-1.373
-0.457
-1.047
 0.434
-0.543
 1.483
-0.329
 0.239
 0.557
 0.302
 0.710
-0.602
-1.058
 1.055
 0.883
-1.888
-1.406
-1.001
-0.590
-0.736
-1.545
-1.696
-0.972
 0.410
-1.143
 0.305
-0.767
-0.916
-1.537
-0.893
 0.772
-0.263
-0.059
 0.499
 0.136
-0.602
-0.604
 0.326
-1.015
-0.140
-0.024
-0.930
-0.228
 1.329
-1.162
-0.708
 0.062
 0.912
 1.322
-0.117
-0.154
-0.700
-0.904
 0.525
 0.151
 0.918
 1.950
 0.169
-0.092
 0.882
 1.507
 0.154
 2.346
 0.504
-2.077
-1.817
-0.605
-0.455
-1.115
-0.987
-0.206
-0.324
-0.904
-1.581
-0.485
 0.012
-0.731
-1.402
-1.380
-0.984
 0.556
 0.336
-0.330
-0.095
 0.743
 0.783
 0.125
-0.251
 1.114
 1.195
 0.562
-0.685
-0.405
-0.234
 0.602
 0.413
 0.679
 1.007
-0.548
-0.660
 0.314
 0.777
 0.929
-0.643
-1.062
 1.279
 1.575
 0.933
 1.286
 0.578
 1.061
-0.280
 0.613
-1.891
-0.849
-1.149
 0.017
-1.137
-0.184
-0.631
 0.465
 0.143
-0.557
 0.272
-0.012
-0.882
-1.115
 0.566
-0.002
-1.338
 0.390
-0.191
-1.392
-0.583
 0.990
 0.219
 1.739
-0.883
-0.669
-0.799
 0.261
 0.759
 0.565
-0.316
-0.745
-1.049
-0.438
-0.311
-2.338
-0.856
-1.504
-1.609
-1.004
-1.814
 0.221
-0.713
 0.792
-0.488
-0.738
 0.209
 0.497
 1.705
 0.631
 0.406
 0.499
-0.449
-0.857
 0.365
 0.264
-0.172
 1.089
 0.948
-0.607
-0.781
 0.820
-0.103
 2.068
 0.999
 0.647
 0.459
 0.684
 0.176
-0.034
 0.326
-0.217
 0.656
-0.193
 0.367
-0.775
-1.884
-0.565
 0.079
 0.669
 0.952
 0.815
 0.989
-0.377
 1.340
 0.445
 0.475
 0.376
 0.890
 1.761
 0.719
 1.766
-1.211
 1.782
 0.819
 0.875
 1.496
 1.737
 1.683
 0.284
 0.960
-0.413
 1.118
-0.222
 0.056
-0.571
 0.954
 0.000
 1.341
-0.014
 0.105
 1.186
 0.009
-1.292
-1.759
-1.294
 1.356
 0.756
-0.105
 0.302
 0.905
-0.780
-0.278
 0.434
 0.691
 2.157
 1.105
 1.895
 1.761
-0.398
-1.341
 0.417
-1.111
-0.594
-0.902
-0.499
-0.797
-1.496
 0.377
 0.090
-1.432
-0.571
 0.998
-0.385
-0.030
 0.304
-0.803
-0.015
-0.661
-0.232
-0.646
-1.081
-0.546
 0.655
 1.249
 1.867
 1.017
 0.987
 0.764
 0.632
 0.515
 1.092
 0.920
 0.279
-0.302
 0.789
 0.111
-0.721
-0.847
 1.009
-0.502
 1.616
 1.217
 0.831
 0.440
-1.271
 0.118
-0.014
 0.052
-0.362
-0.090
 1.920
 1.435
-0.210
 1.064
 0.134
 1.151
 0.327
 0.762
 1.359
 0.513
-0.268
 0.412
 0.132
-2.200
-0.153
 0.853
 1.369
 0.100
-0.232
-0.251
-0.620
 0.672
 0.182
 0.984
 0.474
 0.955
 1.598
 0.193
 0.634
 1.195
 0.631
 1.236
 1.187
-0.891
 1.930
-0.444
-0.556
-0.802
-0.319
-0.179
-0.343
-0.384
-1.299
-0.653
 0.119
-1.229
-0.517
 0.269
-0.526
-0.360
 0.494
 0.408
-0.007
-0.207
-0.472
-0.519
-1.363
-0.328
-0.119
 0.907
 0.566
 1.012
 0.783
 1.123
 0.993
 0.048
 0.563
 0.820
 0.821
 0.218
-0.091
-0.034
 0.618
 1.019
 1.551
 1.257
 0.117
 0.881
 1.453
 1.751
-0.328
-0.719
 0.076
-0.730
-0.344
 0.931
 0.298
 1.279
 0.448
 1.063
 0.028
 1.157
 1.870
 3.466
 1.257
 0.550
 1.780
 2.134
 0.684
 0.293
 2.224
 1.695
 1.650
 1.967
 1.480
 1.201
 0.115
 0.045
 0.753
 0.068
 0.628
 0.301
 0.673
 1.416
 0.857
 0.576
 0.809
 1.179
 0.441
-0.012
-0.477
-0.649
-0.551
-0.029
-1.185
-0.254
-0.102
-0.886
-0.432
 0.586
 1.392
 1.121
 1.533
-0.332
-0.190
 1.035
 0.292
 0.970
 1.856
 1.903
 0.292
 1.007
 2.012
 0.555
 1.998
 1.502
 0.665
-0.387
 1.861
 1.498
 1.041
 0.006
 0.221
 0.748
-0.414
 1.320
 1.180
-0.638
 0.541
 0.300
 0.813
 0.765
 1.327
-0.016
 0.653
-0.614
-0.065
 0.240
 0.011
 0.730
 1.914
 0.401
 1.284
 1.017
 1.042
 1.352
 1.634
 0.032
 0.430
 0.082
 1.210
 2.054
 2.006
 1.672
 0.996
 0.566
 1.242
 1.704
 0.835
 2.685
 2.169
 0.807
-0.445
 0.366
-0.092
-0.177
 0.314
 0.399
 0.094
 0.498
 0.663
 0.799
 0.488
-0.054
 2.218
 1.384
 1.160
 0.714
 1.637
-0.008
 0.270
 1.204
 2.025
 1.142
 1.520
 0.833
 2.632
 1.326
 0.787
 1.286
-0.229
 0.422
 0.018
 0.126
 0.463
-0.664
-1.064
-0.035
-0.583
-0.232
-0.175
 1.147
 0.547
 0.573
-1.033
-0.430
-0.652
 1.029
-0.383
-0.029
 0.151
 0.092
 0.515
 0.225
-1.261
 1.107
 0.060
 0.236
-0.573
-0.434
-0.164
-0.306
-0.489
 0.654
-0.122
-0.808
-1.472
-1.253
 1.214
-0.298
 0.252
-1.118
-0.370
-0.693
-1.385
 0.027
-0.475
 0.415
-0.101
 0.004
-0.570
 0.304
 0.442
-0.452
 1.537
 1.314
-0.354
 0.996
-0.849
-1.182
 1.124
-0.126
-1.267
-0.383
-0.372
-1.253
-0.402
-0.558
 0.449
 0.314
 0.052
-1.378
-2.043
-1.350
 0.712
 1.156
 0.831
-1.375
-0.799
-0.369
-0.563
-0.971
-0.248
 0.702
 1.669
 0.698
 1.716
 1.901
 1.210
 1.014
 0.347
-1.230
-0.876
 0.755
 0.922
-1.961
-0.155
-1.354
 2.465
 1.563
 0.748
-0.873
-1.516
-0.481
-0.879
-0.768
 1.004
-0.269
 0.373
-0.928
-0.588
-1.645
-0.653
 1.089
 0.938
-1.131
-0.818
-1.984
-0.694
-0.815
-2.539
-2.128
-2.546
 0.221
-0.482
-1.476
-1.499
-0.721
-0.873
-0.103
-1.645
-1.725
-0.073
 0.003
-0.608
-1.641
-2.128
-1.656
-1.321
-0.082
 0.065
-0.821
-0.617
 0.524
 0.051
-0.803
-0.697
 0.884
 1.017
-0.353
 0.179
 0.101
 0.390
-0.469
-1.480
 0.617
-0.159
-0.571
 0.651
 1.071
 1.228
 0.286
-1.028
-0.827
-1.157
-0.192
-0.586
 0.789
-0.140
 0.047
 0.592
-0.077
-0.015
-0.071
 0.450
 1.060
-0.624
 0.887
-0.948
-0.040
-0.431
 1.147
 0.739
-1.330
-0.632
-1.713
 0.128
-0.869
 0.985
 0.296
 0.008
-0.431
-0.622
 0.561
-0.942
-0.580
-0.593
-0.598
-0.372
-0.587
-0.062
-0.589
-0.018
-0.526
 0.406
-0.378
-0.971
-1.125
-0.337
-1.069
-0.095
-1.659
-0.247
-0.676
-1.168
-0.643
 0.515
-0.068
 0.315
-1.635
-1.582
-0.053
 0.300
-0.663
-0.238
 0.277
-0.303
-0.267
-1.105
-0.485
 1.004
 1.441
 1.749
 0.315
 0.771
 0.147
 1.004
 0.070
-0.689
-0.361
-1.321
 1.027
 0.285
 0.887
 0.094
-0.837
-0.018
-1.285
 0.181
-0.384
-0.326
-0.440
-0.635
-2.557
-0.888
-0.184
-0.535
-0.982
 0.316
-1.317
-0.720
-0.181
-0.161
-0.434
-0.591
-0.653
-1.177
-0.733
-0.642
-0.379
-0.771
-0.873
-1.005
-1.299
-2.592
-0.893
-1.810
-2.790
 0.129
-0.112
-0.282
 0.406
-0.635
-1.956
-1.073
-0.686
-1.210
-0.132
 0.199
 0.145
-0.229
-0.571
-1.113
 0.517
 1.871
 1.156
 0.822
 0.792
 0.311
 0.970
 1.065
 0.783
-0.291
 0.895
-0.149
 0.009
-0.177
-0.103
 0.558
 0.773
 1.052
 0.631
 1.099
 0.911
 1.997
 0.886
-0.619
 0.411
 0.945
 0.424
 0.393
 1.503
 1.102
 0.727
-1.606
-0.669
-0.925
 0.987
 0.144
-1.356
-1.030
-0.674
 0.411
 0.013
-0.643
-1.604
-2.360
-0.725
-0.370
 0.954
 1.108
 1.102
-0.200
 0.540
 0.180
-1.010
-0.772
-1.433
-2.666
 0.078
-0.596
 0.340
-3.056
-0.828
-1.700
 0.452
-0.009
-1.332
-0.697
-0.295
-1.499
-1.115
 0.947
 1.269
 1.132
 0.268
-1.197
-0.004
 0.975
 0.245
-0.378
-1.552
-1.251
-0.195
-1.539
-0.771
-0.310
 0.956
 0.101
-0.111
-1.787
-0.112
-1.437
-1.435
-0.736
 0.603
 0.240
 0.229
 0.621
 1.174
 0.434
 1.749
 0.023
-0.219
 0.563
-0.199
 0.234
 0.142
-0.622
-1.271
-0.189
 0.403
-1.530
 0.538
 0.445
 0.734
 0.147
-0.157
 0.420
 0.152
 0.609
 0.556
 0.405
-0.613
-1.758
 1.227
-0.665
 1.232
 0.547
 1.449
 0.510
 1.302
 0.096
 0.131
 1.766
 0.228
 1.234
-0.353
 1.313
 0.452
 0.913
 0.122
-1.524
 0.267
 1.301
 0.697
 1.031
-0.173
 0.569
 1.284
 1.354
-0.705
 1.136
 0.115
 1.116
 1.493
 1.069
-1.532
 0.071
-0.293
-1.737
 0.303
-0.285
-0.847
-0.544
 0.293
 1.422
-1.207
-2.538
-0.034
-0.581
-1.900
-0.632
 0.647
-0.335
 1.202
 0.214
-2.419
-1.582
-2.044
-0.421
-1.513
-0.949
-0.527
 0.721
 0.054
-0.672
 0.156
 0.299
-0.504
-0.907
-0.675
 0.483
 0.183
 1.161
 1.566
 2.064
 2.605
-0.415
-0.889
-0.582
 1.827
 0.110
 1.464
-0.004
 0.944
 0.412
 0.940
 1.646
 0.537
 0.126
 0.799
-0.755
 0.768
-0.561
 0.415
 0.627
 0.040
-1.025
 0.115
-0.934
-1.007
 0.047
-1.344
-0.070
-1.189
-1.534
 0.892
-0.622
 0.720
-0.274
-0.725
-0.106
-0.115
 0.808
 1.218
 0.521
 1.264
 0.234
-0.648
 0.537
-0.003
-0.319
-0.301
 0.656
 1.113
 1.126
 0.089
 0.464
-1.151
-0.290
 0.961
 0.829
 0.564
-0.346
-0.514
-0.759
 0.133
-0.078
 0.033
 0.832
 1.322
 0.130
 1.571
 1.490
-0.744
 1.095
 1.444
 1.026
 0.752
-0.395
 1.700
 1.129
 0.607
-0.019
-0.090
 0.352
-0.124
 0.122
-0.213
-0.751
-0.325
-0.036
 0.703
 0.060
-1.043
-1.313
 0.705
-0.083
-1.106
 0.161
-0.053
-0.438
-0.886
 1.214
-0.674
-0.277
-0.100
 0.917
-0.096
-0.075
 1.178
-0.268
 0.131
-0.437
-0.230
 0.073
 0.004
-1.490
 1.264
-1.077
-0.249
 0.139
 0.944
 1.166
 0.509
 0.105
 1.111
 0.035
 0.149
 0.408
 2.106
 0.845
 0.157
-0.126
 0.789
 2.189
 0.943
 0.714
 1.473
 1.807
 2.137
 2.260
 1.111
 1.612
 0.617
-0.130
-0.592
 0.598
-1.025
 0.212
 0.736
 1.198
-0.285
 1.640
 1.525
 0.539
 1.150
 1.170
-0.208
 1.469
-0.432
-0.775
 0.785
 1.401
 1.003
 0.741
 1.047
 0.575
 0.069
 0.440
 1.113
 0.610
 0.079
 0.473
 0.249
 0.232
 1.367
 0.980
 1.157
 1.567
 0.823
 1.345
 1.137
 0.914
 0.051
 0.157
 1.576
 1.156
 0.925
 1.270
 1.947
 1.853
 0.267
 1.518
 2.166
 2.998
 0.146
 0.147
 0.168
 1.325
 0.017
-0.748
 0.683
 1.112
 0.599
-0.207
 1.238
 0.708
 0.193
 2.034
 1.555
 0.458
 1.451
-0.105
-0.847
-0.593
-0.584
 0.289
 0.876
 1.508
 0.434
 1.067
 1.380
 0.539
-0.621
-0.113
-0.730
 0.312
 1.442
-0.106
-0.089
-0.502
-0.301
-0.369
 1.020
 0.584
 1.703
 0.287
-0.032
 0.358
-0.413
 1.890
 0.573
 0.751
 0.887
 1.639
-0.688
 0.170
-0.238
 1.783
 1.842
 0.500
 1.268
 0.864
 1.470
 0.825
 1.844
 1.347
-0.221
 0.604
 1.144
-0.413
 0.157
-0.013
 1.421
 2.153
 0.993
 0.743
 1.154
 1.462
 0.612
 1.520
 1.095
 1.042
-0.168
 0.848
-0.422
-1.018
-0.543
-0.689
-0.987
-0.655
 0.378
-0.514
 0.417
 0.829
-0.699
 0.098
 1.709
-0.831
-0.316
-1.608
-1.039
 0.094
-0.434
-0.921
-0.519
 0.209
 0.564
 1.076
 0.181
 0.283
 0.121
 0.275
 0.370
-0.099
 0.637
 0.011
 0.793
-0.465
-0.710
 0.251
 0.164
-0.853
-0.723
-0.969
-0.252
-0.746
-0.740
 0.101
 0.239
 0.281
 0.895
-0.480
-1.387
 0.383
 0.109
 0.246
-0.348
 0.809
-0.423
-0.152
-0.709
 0.788
-0.195
-0.040
-1.137
-0.913
-0.639
 0.482
-0.873
 1.929
 0.468
 1.111
 0.469
 0.042
 0.341
-0.354
 1.043
 1.509
-0.286
 0.409
 1.629
 0.656
 1.682
 1.831
 0.448
 0.865
-0.420
 0.336
 0.406
 1.842
 1.004
 1.043
 0.566
-1.139
 0.797
 1.360
 0.566
 0.325
-0.524
 0.248
-0.964
-0.401
-0.021
 0.034
-0.990
-1.553
-1.126
-1.309
-1.125
-0.873
 1.793
 1.227
 0.011
-0.507
-0.479
-1.416
-0.667
 0.051
 1.889
 1.244
 0.407
 0.833
 0.224
 0.596
-0.897
-0.257
-1.775
-0.271
 0.771
 0.181
-0.044
-0.304
 1.180
 0.897
 0.121
-0.082
 0.495
 0.813
 0.046
 1.750
-0.434
-0.198
 0.440
-0.255
-0.070
 0.597
-0.083
 0.951
 0.659
 0.608
 0.496
 0.624
 0.763
 0.214
 1.641
 0.937
 1.258
 0.477
 1.296
 1.098
 1.093
 0.236
 2.348
 0.256
-0.335
-0.248
 0.386
-0.746
 0.230
 0.820
 0.185
-1.316
 0.623
-0.497
 0.902
 2.160
 2.418
 3.305
 2.132
 2.213
 0.570
 0.611
 0.448
 0.232
 0.475
 1.946
 0.696
 0.160
 1.085
 2.149
 0.540
 1.887
 1.159
 1.536
 1.021
 1.185
 0.806
 0.808
 0.428
-0.529
 0.623
-0.032
 2.030
 1.005
 0.323
 0.060
 1.059
 1.559
 0.610
 1.232
 0.585
 0.674
 1.424
 1.765
 1.897
 3.540
 1.973
 1.007
 0.575
 2.471
 2.558
 0.643
 1.563
-0.209
 0.942
 2.138
 0.496
 0.305
 1.117
 0.216
 1.205
 0.588
 1.082
 1.013
 1.577
 0.288
 1.118
-0.418
 0.041
 1.104
 0.304
-0.227
 0.423
 0.138
 0.108
 0.818
 0.404
 1.850
 0.675
-0.200
-0.633
-1.463
-1.078
 1.090
 0.066
 0.548
-1.436
-1.436
-0.866
-1.257
-1.794
 0.249
-0.426
 0.110
-0.487
-0.808
 0.776
 0.480
-1.781
 0.989
 1.424
 1.467
 1.336
 0.831
 0.954
 0.855
-0.688
-0.980
 0.100
 0.486
 1.660
 0.099
-0.330
 1.565
 1.894
-0.294
-0.251
 0.619
-0.079
-0.578
-0.080
 1.626
 0.622
 1.153
 1.571
 0.294
 1.441
 1.688
-0.068
-0.018
 1.032
 1.567
 1.474
 1.710
 1.419
 1.050
-0.013
 0.728
 0.618
 0.677
 0.972
 0.183
 0.733
 1.061
 1.768
 0.145
-1.633
-1.548
 0.767
 0.604
-0.344
-0.500
 0.424
 2.032
-0.370
 0.415
-1.902
-1.681
 0.077
 1.435
-0.138
-1.453
-1.164
-0.679
-1.041
-0.172
-0.993
-0.222
-1.439
-0.333
 1.511
 1.531
-0.738
 0.510
 2.837
-0.815
-1.079
 0.134
-0.353
 0.457
 0.295
 0.206
-0.037
 0.391
 0.611
 1.553
 0.162
 1.271
 0.844
 0.352
 0.663
-0.132
-0.188
 0.253
 0.234
-0.175
-0.706
-1.011
-0.811
-0.614
 0.386
-0.621
 0.015
-0.602
 0.210
-0.863
 0.001
 1.203
 0.852
 1.040
-0.124
-0.881
-0.985
-1.341
-0.362
 0.036
-0.454
 0.454
-0.057
-0.197
 0.797
 0.445
-0.111
 0.320
 0.381
-1.102
-1.083
-0.357
-0.875
 0.828
 0.158
-1.086
-0.088
 1.029
-0.183
-1.974
-1.409
-1.750
-0.819
-0.453
-0.405
-0.266
-0.233
-0.645
-1.195
-1.566
-1.272
-0.176
 0.777
-0.137
-0.146
 0.520
-0.076
-1.042
 0.805
 0.863
 0.226
-0.537
-0.392
-0.403
-0.225
-0.528
-0.638
-0.360
-0.157
 0.883
 0.973
 0.890
 1.241
 1.990
 1.326
 0.043
-0.431
-0.521
-0.402
 0.453
-0.263
-0.966
 0.319
-0.361
-1.417
-0.668
-2.452
-1.709
 0.224
 1.125
 0.640
-1.623
-1.419
-0.993
 1.225
 0.515
 0.948
 0.603
 0.101
 0.058
 0.519
 0.474
-0.421
-0.988
-0.146
-1.019
-0.860
 1.387
 0.281
 1.352
 0.863
 1.334
 0.578
-0.433
-0.262
 0.529
-0.448
-0.668
-0.043
-1.327
-0.997
-1.924
-0.372
-0.664
-1.160
 0.211
-0.209
-0.705
 1.128
 0.085
 0.554
 1.109
 0.810
 0.324
 0.595
 0.872
-1.251
 0.359
 2.068
 0.844
 1.476
 0.266
 0.014
-0.132
-0.976
-0.262
-0.080
 0.106
 1.871
-0.002
 0.064
 0.692
 0.912
-1.093
-1.408
-0.295
-1.887
 0.596
 1.384
 0.167
 1.551
 0.809
-0.280
-0.016
-0.903
-0.378
-0.567
-1.556
-0.786
-2.854
-1.673
 0.144
-0.331
-0.614
-0.026
-0.259
 1.106
 0.313
-0.690
 1.437
 2.040
 0.583
 1.585
-0.950
 1.343
 1.734
 0.017
-0.712
 0.301
 1.927
 1.114
 1.106
 0.780
 1.273
-0.679
-0.232
-0.445
-3.012
-2.803
 0.047
-0.574
-0.783
 1.161
 0.020
 0.465
 1.291
 0.874
-0.899
-0.162
-0.658
-1.736
-0.316
-1.518
 0.122
 0.394
 0.803
-0.159
-0.815
-0.291
 0.103
 0.076
 0.611
 0.259
-1.441
-0.074
-2.047
-1.042
-2.266
-2.103
-0.743
-1.276
-0.899
-0.852
 0.175
-0.148
 0.667
-0.677
 0.054
-0.530
-0.043
-0.369
-0.650
-1.694
-1.768
-0.341
-1.680
-1.460
-0.278
 0.290
-0.240
-0.034
 1.401
 0.417
 0.380
 0.751
 0.474
 1.215
-0.133
-0.176
-0.443
 0.603
-0.895
-1.228
-0.396
 0.614
-0.407
 2.603
-1.016
 0.800
 1.924
 0.951
 1.421
 0.409
 1.482
 2.139
-0.350
 0.338
 0.754
 0.724
 1.872
 0.375
 0.717
 1.157
 1.404
 0.334
 0.743
 0.185
 1.337
 1.639
 0.939
 1.182
 0.539
 1.279
 1.134
-0.339
-0.962
 1.141
 0.543
-0.684
 0.455
 0.983
-0.883
-0.150
 0.257
 0.063
 0.580
 0.623
 1.278
-0.485
-0.252
-0.800
 1.653
-0.432
 0.572
 0.898
 1.802
 0.691
 0.500
-0.110
 0.831
-0.411
 1.435
 1.153
 0.735
 0.995
-0.427
-1.135
-0.630
-0.511
-1.288
 1.283
 0.543
-0.048
 0.375
-0.558
-1.310
-1.692
-1.496
-0.534
-1.182
 0.605
-2.109
-1.401
-1.150
-0.447
 0.115
 0.016
-0.386
-0.177
-0.613
-0.011
 0.955
 2.320
-0.596
-0.534
-0.874
-0.366
 0.392
 0.453
 1.104
-0.634
 0.558
 0.289
-1.417
-0.902
-0.373
-1.674
-0.757
-0.706
-0.795
-1.031
 0.906
 1.044
-0.601
-0.259
-0.381
-0.597
-1.162
-0.053
-0.313
-0.881
 0.643
-0.315
-0.662
-0.430
-1.048
-0.633
-2.099
-1.760
-1.227
-0.659
 2.284
 2.430
 0.812
 1.809
 0.468
 0.955
 0.892
-0.737
-0.951
 0.126
 1.548
-0.027
-0.680
-0.758
 0.010
-0.032
-0.287
 1.822
 2.531
 2.111
 0.232
 0.917
 2.761
 2.160
 2.064
 1.069
 0.976
-0.133
 0.475
 0.982
-1.033
 0.439
-0.049
-1.093
-0.653
-0.191
-0.190
 0.582
-1.014
-0.605
 0.166
 0.033
 0.538
 0.135
-0.642
 0.163
 1.568
 0.758
 0.083
-0.929
-1.915
-1.001
 0.109
 0.034
 0.671
 1.499
 1.687
 2.293
 1.293
 0.609
 0.058
-0.380
 0.582
 1.931
-0.326
-0.373
 0.690
 0.132
-1.424
-0.604
-1.350
 0.061
-0.653
-0.727
 0.635
 0.610
-0.646
 1.288
 0.081
 0.749
 0.699
 0.437
 0.951
 1.425
 2.220
 1.236
 1.135
 0.628
 0.351
-0.176
 1.043
 0.234
 0.286
-0.682
 0.475
-0.256
 0.509
 0.949
 0.902
 2.390
 1.008
-0.586
 0.072
-0.302
-0.156
 1.120
 1.104
-0.224
 1.493
 0.310
 0.979
 1.037
 0.286
 0.343
-0.110
-0.836
-0.273
-0.403
 0.644
 1.294
-0.621
 0.600
-0.718
-1.070
 1.126
-0.636
 0.507
 1.073
-0.397
 0.068
-0.529
 0.886
 0.867
 1.353
 0.342
-0.237
-0.774
 0.267
 0.819
-1.408
 0.888
 1.521
 0.472
 0.248
 0.015
 0.212
-0.199
 1.039
 1.430
 0.002
 0.084
 0.241
-0.495
-1.318
 0.829
-0.549
 0.512
 0.216
-0.082
 0.826
 0.066
 0.942
-0.121
 0.532
-0.478
 0.379
-0.039
 0.971
 0.320
 0.744
 0.415
 0.061
 0.869
 0.535
-0.429
-0.352
 0.503
-1.358
-0.505
-0.223
 0.432
 0.083
-1.127
-1.623
-0.825
-0.848
-0.515
-0.688
-0.720
-1.152
-0.939
 0.216
-0.009
 1.802
 0.464
 0.151
 0.856
 0.282
-2.197
 0.312
 0.732
 1.164
 0.358
 0.221
 0.813
-0.042
 0.537
 2.026
 2.165
 0.572
 0.350
 1.727
-0.401
-0.406
 0.276
 0.060
 0.905
-0.265
 0.908
-1.053
-1.841
-0.988
-0.754
 0.074
-0.470
-0.629
 0.166
 1.248
 2.261
 1.468
 0.948
-0.318
-0.263
-0.967
-1.403
 0.208
-0.142
 0.876
-0.058
 1.112
 1.097
 1.365
 1.476
 0.612
 1.652
 0.800
-0.108
-0.096
-0.376
 0.254
 0.934
 0.751
 0.984
 0.218
 1.106
 0.800
 0.471
-0.852
-0.364
 0.034
 0.903
 0.640
 0.720
 0.752
 0.922
 1.100
-0.376
-0.405
-0.621
-1.388
-0.554
 0.407
-0.070
 0.423
 0.925
 0.142
 0.079
 0.060
 0.860
 0.543
 0.245
 1.200
 0.429
 0.535
 0.457
 0.599
 0.167
 1.125
 1.049
 1.502
 0.628
 0.968
 0.319
 0.310
 1.577
 0.426
 1.106
 1.001
 0.071
 0.947
-0.300
 0.059
 0.694
 0.609
-0.530
 0.013
-0.267
-0.433
-0.269
 0.205
-0.173
-1.297
-0.374
-0.461
-0.919
-1.021
-0.759
-0.115
 0.045
 1.363
-0.713
-1.795
-1.048
 0.721
-0.357
-0.620
 0.214
-0.025
-1.323
 0.846
-0.073
-1.313
 0.019
-1.108
 0.064
-0.892
-1.289
 0.472
 0.286
-0.945
-0.973
-0.105
-0.299
 1.541
-0.044
 0.155
 0.173
 0.885
-0.355
-1.036
 0.315
 0.492
-1.041
-0.148
 2.312
 1.681
 0.257
 0.956
 0.534
 1.126
 1.570
 1.685
 1.013
 0.538
 1.386
 1.609
 1.328
 0.203
 1.258
 0.113
 0.160
 2.125
 0.786
 0.129
-0.385
 0.496
 0.309
 0.447
 1.723
 0.246
 0.708
 0.768
-0.202
 1.381
 0.663
 0.887
-0.415
 0.772
 0.510
 0.373
-1.317
-1.831
-1.150
-0.935
-1.067
-0.139
 0.010
-0.292
 0.483
-1.075
-1.127
-1.104
 0.011
 0.345
-0.216
 0.434
 2.293
 0.582
-0.535
 0.005
 0.480
-1.332
-1.013
-0.809
 0.543
 0.284
-0.253
-1.480
-1.686
 0.236
-0.196
-1.569
-1.622
-1.773
-0.885
-1.394
-0.019
-0.162
 0.926