
 1.048
-0.908
-0.003
 0.680
 0.077
 0.567
-0.808
 0.006
 1.711
-0.796
 0.733
 0.496
-0.449
 0.131
-0.677
 0.499
 0.516
 0.829
 0.869
 0.725
-0.979
-0.674
 0.106
 1.008
 0.710
-0.723
 1.389
 0.146
 1.545
 1.813
 1.535
 0.331
 0.942
-0.245
-0.387
 1.173
-0.057
 0.845
 0.978
 0.192
 0.792
 1.784
 1.195
 1.251
 1.696
 1.012
-0.872
-0.859
 0.214
 0.540
 0.396
 0.492
 0.028
 0.885
-0.070
-0.636
 0.393
 0.351
-1.435
-1.301
-0.707
-0.416
 0.506
-0.192
-0.199
 0.117
 0.807
-0.433
 0.409
-0.476
 1.836
 0.290
 1.505
 1.173
 0.132
 0.731
 0.136
 0.131
 0.063
 0.010
-1.215
-1.073
-0.033
-0.503
 0.776
 0.297
 0.417
-0.132
 0.858
 0.052
-1.122
 0.352
 1.524
-0.149
-0.510
 1.200
 1.307
-0.482
 0.016
 2.016
 0.231
-1.622
-0.185
-1.578
 0.205
-0.934
-0.519
-1.643
-0.820
-1.643
-1.067
-0.022
-0.589
 0.100
 1.287
-0.402
 0.106
-0.384
-0.750
-2.163
-0.440
 0.443
-1.590
-1.526
-1.041
 0.330
 0.101
-0.587
-0.307
-1.280
-1.999
-3.127
-2.686
-1.868
 1.423
-1.232
-0.776
-0.001
 0.557
 0.188
 1.030
 1.988
 1.247
 0.817
-0.386
-0.910
-0.370
-1.162
 1.302
-0.555
-0.846
 0.816
 1.101
-0.032
 1.513
 2.243
 0.899
 2.305
 1.367
-0.324
 0.172
 0.606
 0.103
-1.496
 0.099
 0.572
 0.064
 1.288
 1.548
 1.148
 1.176
 0.397
 1.516
-0.238
-0.762
 0.162
-0.712
-0.833
 0.441
 0.338
 0.129
 0.261
 0.091
-0.055
 1.568
 0.101
 1.169
-0.143
-0.352
 0.305
-0.006
 0.775
-0.971
-0.670
-0.947
 1.817
-0.555
-1.025
-0.667
-1.083
 1.064
 1.915
-0.009
 0.216
 0.934
 0.127
 0.263
-0.950
 1.614
 2.272
 2.260
 1.101
 0.751
 1.146
 0.532
 2.594
 0.676
 0.368
 1.923
 2.110
 0.573
 1.158
 2.098
 2.366
 0.402
 1.247
 0.827
 0.610
 0.985
 0.463
 0.793
-0.070
 1.001
 0.825
 0.679
 1.970
 1.310
 0.801
-0.242
 2.074
 1.786
 1.255
 0.167
-2.501
 1.288
 0.123
 2.711
 0.429
 0.499
 1.710
 1.719
 1.782
 1.263
 1.426
 1.060
 0.805
 0.033
 1.112
-0.291
-0.144
 0.104
 1.307
 0.386
 0.848
 1.718
 0.280
 0.710
 0.409
 0.012
 0.337
-0.169
 1.130
-1.393
-0.113
 0.038
-0.318
-0.017
-0.039
 0.268
 1.428
 1.756
 2.502
 1.977
 2.094
 0.561
-0.608
 1.382
 0.699
 0.827
 1.062
 0.309
-0.441
 0.941
 0.879
-0.054
 0.750
 1.746
 1.579
 0.238
-1.001
 0.288
 1.148
-0.647
-0.213
-0.852
 0.821
 0.198
 1.363
-0.355
-0.291
-0.421
-0.794
 0.981
-1.166
-0.165
-0.894
-0.112
-1.713
-0.640
 0.348
 2.689
 1.419
 1.566
-0.115
 1.576
 2.089
-0.334
 0.615
 0.348
-0.921
 1.013
 0.271
-0.040
 1.747
 1.349
-0.468
 0.484
 0.336
 1.211
 1.794
 0.109
 0.474
 0.289
 1.124
 0.399
 1.206
 1.425
 1.419
 1.072
 0.444
 0.987
 0.931
 0.974
 1.799
 1.674
 0.094
 0.786
 1.469
 0.657
 1.956
 1.211
 0.077
 0.055
-0.080
 0.133
 2.266
 1.342
 0.926
 0.801
 0.249
 1.296
-0.444
-1.512
-0.665
 0.759
 0.407
-1.328
 0.689
 0.505
 1.024
 0.927
-0.039
-1.198
-0.415
-1.347
-0.346
 1.661
-0.349
 0.458
 0.201
 0.679
 0.164
 0.804
 1.655
 1.701
 0.796
 1.559
 1.144
 0.569
 0.082
 0.181
 0.930
-0.389
-0.659
-0.669
 0.138
-0.870
-1.806
-1.185
 0.761
 0.617
 1.885
 0.407
 0.244
 0.492
-0.434
-0.050
-0.690
-0.516
-1.282
-1.360
-0.846
-0.999
-1.251
-1.147
-0.824
 0.485
-0.770
-1.420
-1.527
-0.031
-1.464
-0.586
 0.866
-0.386
 1.430
 0.865
 0.909
 0.976
 0.104
-0.741
 0.323
-0.810
-0.359
 0.488
 0.417
-0.400
-1.307
-1.209
-1.233
-1.431
 0.130
-0.722
 0.287
 0.254
-0.117
 0.554
-0.328
-1.130
-1.167
-0.963
 0.236
-0.948
-1.561
-1.221
-1.043
 0.474
 0.021
 0.294
 0.255
-0.541
 0.196
 0.464
-0.373
 0.252
-0.986
-1.468
-0.501
-0.392
-0.946
-0.041
 0.942
 0.025
-0.181
 0.964
 1.010
-0.183
-0.094
-0.234
-0.955
 0.623
-0.287
-0.274
 0.494
 0.811
 0.903
 0.165
-0.369
-0.213
-1.120
 1.379
 0.958
 1.820
 1.128
 0.687
 2.449
 1.159
 0.861
-0.233
 0.150
 0.413
 0.272
 1.321
 2.478
 1.114
 1.247
-0.094
-0.668
-0.267
 1.648
 0.607
 1.045
-0.698
-0.315
 1.133
 1.970
 0.777
 1.708
 0.823
 1.371
 0.386
 0.875
 1.974
-0.086
 1.285
-0.066
 0.434
 1.307
 0.068
 0.598
 1.272
 1.707
 0.818
 1.413
 1.381
 0.439
 0.906
-0.345
-0.352
 0.436
 0.296
-0.330
-0.029
-0.282
-0.051
 0.805
 0.583
-0.915
 0.324
 0.855
-0.011
 1.018
 1.319
 1.286
 0.467
 0.911
 1.054
 0.743
-0.911
 0.566
-0.288
-0.446
-2.216
 0.844
 1.337
 0.396
-0.536
 1.662
 0.920
 0.844
 1.323
 0.989
-0.433
-0.243
-0.742
 0.188
 0.802
-0.314
-0.384
 0.247
-0.315
-0.282
-0.277
 0.507
 1.938
 0.120
-0.219
 0.821
-0.366
 0.859
 1.319
-0.496
 0.896
 1.101
 1.505
 1.592
 1.255
 1.912
 0.678
-0.681
 0.651
 1.286
-0.741
-0.380
 0.013
 1.308
 0.731
 2.171
 2.240
 0.490
 0.757
 0.744
 0.917
 0.674
 1.700
 0.105
 1.307
-0.244
 1.269
-1.230
-0.097
-0.141
 0.053
 0.980
 0.053
 0.149
 0.540
 0.296
-0.872
-0.310
 1.398
 0.047
-0.226
 0.505
-0.260
 0.884
 0.084
 1.512
 1.688
 0.001
 0.250
 1.838
 2.322
 0.775
 0.784
-0.030
-0.918
-0.452
 1.624
 1.739
-0.028
 0.983
 0.458
 1.157
 1.785
 0.558
 0.116
-0.233
 0.471
-0.636
-1.348
 0.129
-0.237
-1.174
-0.733
 1.181
-0.019
-0.232
 1.238
 0.914
 0.006
-0.343
 0.578
-0.248
 0.227
-0.803
 0.179
-0.805
-0.069
 0.120
 0.480
 0.198
-0.507
-1.879
-1.401
 1.033
 0.365
-0.271
 0.401
 0.704
-1.763
 0.211
 0.288
-0.485
-1.502
 0.812
-0.721
-0.345
-0.752
 0.078
-1.168
 0.209
 1.379
 0.540
-0.250
 0.439
-0.626
-0.834
-0.432
-0.130
 0.169
-0.380
-0.596
 0.973
 1.222
-0.811
-0.513
 0.187
-0.083
-0.821
-0.624
-1.970
-0.397
-1.505
-2.096
-2.726
-2.173
-1.517
-0.013
-1.201
-1.241
-0.748
-0.528
-0.927
 0.092
-0.349
 1.101
-0.183
-0.219
-0.040
-0.166
-0.135
 0.564
-0.848
-0.753
 0.047
-1.028
-0.421
-0.678
 0.077
-1.091
-0.615
-0.882
 0.306
-1.613
-1.231
-0.633
-1.437
-0.906
-0.710
-1.287
-0.755
 0.057
-0.451
-0.839
 0.482
-1.032
-1.322
 0.135
-0.274
-0.832
-0.516
-0.259
-0.065
-0.593
-0.823
-2.031
-0.690
-1.004
-1.134
-1.570
 0.325
 0.110
 0.126
-0.816
-0.493
 0.112
 1.145
 0.442
 1.719
 0.872
 0.572
 0.278
-0.602
 0.199
 0.670
-0.365
-0.313
-0.642
-0.143
 0.422
-1.092
-0.425
 0.354
 1.800
-0.905
-0.659
-1.004
 0.026
-1.582
 0.178
-0.273
 0.312
-0.918
 0.297
-0.163
-0.408
-0.580
 0.005
-0.331
-0.333
-0.216
-0.294
 1.294
 0.146
-0.155
-0.075
-0.862
 1.324
-1.248
-1.654
 0.749
-1.264
-2.174
-1.115
 0.600
 0.668
-0.459
-0.303
 0.532
-0.789
-1.592
-0.153
 0.050
-0.700
-0.788
-0.750
-0.143
 0.030
-1.504
 0.432
-1.291
-0.096
-0.386
 0.273
-0.258
-0.565
 0.627
-1.431
 0.196
 0.654
 0.414
 1.673
 0.301
-0.589
 0.010
 0.562
 0.303
 1.717
 0.103
 0.359
 1.526
 1.492
 1.356
 0.753
-0.191
-1.290
-0.267
 0.243
-0.204
 0.649
 0.998
 0.991
 1.569
-0.960
 0.288
 0.868
 0.872
 1.001
 1.493
 0.851
 0.367
 0.485
 1.393
 0.032
 1.653
 0.339
 0.631
 0.937
 3.127
 1.287
 1.769
 1.012
 0.114
-0.339
-0.075
 1.055
-0.267
-0.014
 0.829
 0.741
-0.381
 0.552
 0.716
 0.524
 0.960
 1.757
 0.796
 0.558
 0.777
 0.935
 1.490
 1.945
 1.790
 0.098
 0.149
 0.565
 1.231
-0.265
 0.944
 0.431
 0.498
 0.961
-0.154
 0.011
-0.327
 0.365
 0.548
-0.272
 0.480
 1.005
 0.920
 0.967
-0.240
 1.348
 1.483
 0.014
 0.427
 0.582
 0.680
 0.428
 0.902
 1.283
 1.579
-1.162
-0.826
 0.784
 0.234
 0.453
-0.329
-0.258
 0.830
 1.189
 0.641
-0.799
-0.451
-0.300
-0.282
-0.947
 1.984
 1.288
-0.266
-0.792
 0.517
 1.113
 0.886
 0.958
 0.402
 0.459
 1.487
 1.858
 1.014
-0.307
 1.354
 0.852
-0.088
-0.158
-0.008
 1.857
-1.189
 0.154
-0.377
 0.700
 1.108
 1.955
 0.671
 0.069
 0.708
 0.040
 1.659
 2.731
 0.145
 0.102
 1.555
 0.740
 0.880
 0.423
 1.719
 0.183
-0.817
-1.064
-2.090
-0.902
 0.732
-0.218
-0.327
 0.150
-0.779
 0.631
 1.209
 1.602
 0.859
 1.033
-0.334
 1.562
-0.481
-0.090
-0.543
-0.249
 0.287
 0.608
 2.022
 0.886
 0.155
-1.317
-1.551
-0.884
-0.363
 1.011
 1.041
 0.506
 0.153
 0.752
 2.796
 2.759
 1.090
 0.174
 0.834
-0.308
 0.929
 0.456
-0.294
 1.212
 1.687
 1.067
 1.148
 0.310
 0.045
 0.130
-0.533
 1.076
 0.501
-0.520
-0.838
 0.068
 0.145
-0.124
-0.624
 0.982
-0.315
-0.718
-0.497
 0.123
-0.175
 0.316
-0.310
 1.121
-1.060
 0.769
 1.274
 0.192
-0.591
 0.371
-1.128
 0.209
-1.189
-2.086
-0.396
-0.543
 0.270
-0.250
-0.758
-0.159
 0.010
-0.038
 1.894
-0.228
 0.523
-2.085
-0.052
-0.160
-0.664
 0.728
-0.113
-0.204
 0.299
-0.568
 0.371
-0.216
 0.412
 0.667
 0.482
 0.687
 0.511
-1.107
 0.016
 2.149
 1.180
 2.050
 0.975
-0.086
 0.771
-0.302
-0.781
-0.093
 1.108
 1.594
 0.626
 0.599
 0.018
-0.536
-0.426
-0.783
-0.364
 0.990
-0.567
 1.358
 0.617
 0.345
 0.149
-1.168
 0.281
 0.783
-0.021
 1.788
 1.402
 0.082
 0.243
 2.445
 0.761
 1.276
 0.720
 0.264
 2.079
 1.397
 0.476
-0.221
-0.167
-0.608
-0.207
 0.367
 0.326
 2.213
-0.050
 1.008
 1.608
 1.192
-0.057
-1.367
-1.361
-0.283
 0.122
 0.322
-1.075
-1.094
-1.295
 0.588
 0.556
 0.798
 0.673
 2.164
 1.440
 0.289
 0.091
-0.678
-1.234
-0.491
-0.870
-1.436
-0.075
-3.890
-0.149
-0.686
-1.978
-1.119
-0.939
-0.962
-0.043
-0.630
-1.271
-0.328
-0.444
 0.548
 1.997
 0.087
 1.020
-0.352
 0.157
-1.353
 0.400
 0.247
 0.736
 0.912
 0.478
 1.891
 1.142
 0.701
 0.541
-1.036
 0.358
-0.096
-0.990
 0.520
 0.157
-0.385
 0.329
 0.007
-0.606
-0.006
-1.949
-1.338
-0.600
 0.154
 1.949
-0.280
-0.613
-0.180
 1.286
 1.209
 0.457
-0.316
 0.968
 1.114
 0.007
 0.700
 0.510
 1.536
 0.861
 0.008
 0.285
 1.230
-0.589
 0.939
 2.301
 0.390
-0.049
-0.044
 0.518
-0.330
-1.029
-0.914
-0.519
-0.199
 0.121
-0.420
 0.760
 1.363
 0.862
 0.394
 0.085
 0.415
-0.322
-0.354
-0.773
-0.428
 0.130
-0.053
 0.771
 0.750
-0.507
 0.197
-0.071
-0.524
-0.404
 1.249
-1.788
-0.281
-0.004
 0.338
-0.752
 0.286
 0.081
-0.923
-0.585
-0.674
 0.193
 0.175
-1.429
 0.360
 1.205
 0.714
-0.854
 0.736
-0.269
-0.049
 0.488
-0.818
 0.170
-0.426
 1.099
 1.244
 0.116
 0.340
 1.435
 2.086
 1.213
 0.474
-1.464
-0.268
 0.283
 0.884
-0.014
-0.450
-0.469
 0.158
-0.272
-0.669
-1.190
-0.481
-0.387
-0.022
 0.408
-0.047
 0.406
 0.721
 0.781
 0.870
 0.200
-0.476
-0.246
-1.164
-1.402
 1.091
 1.984
 0.750
-0.775
 0.060
-0.117
 0.847
-0.076
 0.037
 1.074
 0.794
 0.328
-0.108
 0.119
-0.944
-1.666
-1.119
 0.910
 1.052
 0.371
 1.052
 1.934
 0.738
-0.650
-1.544
 0.679
 1.118
-0.070
 0.173
-0.093
-0.207
 0.143
 0.532
-0.332
-0.157
-0.555
 0.096
 2.023
 1.086
-0.746
 0.552
-0.198
 0.367
 0.604
-0.186
 0.238
-0.413
-1.216
-1.604
 0.066
-0.189
-0.088
-0.558
-0.024
-1.076
-0.920
-1.192
 0.811
 0.389
 0.472
-0.582
-1.007
-1.650
-0.798
-0.944
 0.219
-0.819
 0.136
-1.356
-0.032
-1.736
-1.147
-0.044
-0.228
-0.042
 0.437
 0.779
-0.355
 0.608
 1.011
 0.514
 0.723
 1.096
 0.723
 0.865
 1.958
 0.857
 1.220
 0.839
-0.312
 0.826
-0.398
-0.282
 0.099
-0.928
-0.266
 0.781
 0.156
-1.696
 1.199
-0.275
-1.648
-0.209
 0.386
 0.090
-0.158
-0.478
 0.181
-1.109
-0.137
-0.926
 0.057
 0.766
-1.068
-1.133
 0.265
-0.809
-0.619
-2.286
-0.423
 0.818
 0.329
-1.188
-0.065
-1.493
 0.617
-0.580
-0.610
 0.197
 0.482
 0.731
 0.486
 0.887
-0.188
 0.276
 1.333
 1.151
-0.636
-0.590
-0.622
-0.983
-1.087
 0.126
 0.603
 0.077
 0.345
-0.018
-1.219
-0.870
-1.060
-0.248
 0.305
-0.113
-0.319
-1.884
-0.206
 1.434
-2.198
-0.486
-1.206
-0.889
-0.224
-1.899
-0.324
-0.068
-2.297
-0.272
-1.320
-0.457
-0.758
-0.738
-0.092
-0.479
-1.023
-0.787
-1.906
-0.434
 0.488
 0.624
-0.207
-0.941
-1.099
-0.459
 0.176
-1.497
-0.560
-0.514
 1.075
 0.811
 1.105
 0.789
-0.733
-0.741
-0.522
-0.362
 0.220
 0.563
 1.295
 1.022
 0.191
 2.344
 1.641
-0.256
-0.232
 0.526
 0.916
 0.026
-0.618
 0.482
-0.740
-0.949
 1.826
-1.206
-0.994
 0.358
-1.456
-0.757
-0.358
-1.549
-0.470
-0.676
 1.362
-0.757
-0.270
-0.819
-1.295
-0.753
-0.874
-0.073
-0.370
 0.250
-0.842
 0.104
 1.097
 0.509
 2.171
 1.223
 1.740
 0.954
 1.667
 2.404
 1.279
 1.072
 0.628
-0.203
 0.541
 1.196
 0.375
 1.133
 1.404
 0.063
 0.393
 1.574
 1.614
-0.220
-0.982
-0.272
-1.278
 0.211
-0.337
-0.732
-0.456
-1.545
-0.245
 0.240
 1.007
-0.749
 0.330
 0.448
 1.618
 0.531
-0.788
-0.414
 1.401
 0.640
 0.442
 0.412
 0.533
 0.948
 0.804
-0.651
 1.465
 0.997
 1.532
-0.576
 0.387
 0.043
-0.005
 1.337
 0.479
 0.829
 1.407
-0.109
 0.975
-0.253
 0.355
 0.449
 0.098
 0.387
-0.081
 2.752
-0.436
 0.157
 0.024
-0.972
 0.514
 1.734
 0.698
 0.373
-0.126
 0.049
-0.094
 0.627
 0.017
 0.380
 0.271
-0.126
-0.247
-1.992
-0.392
 0.567
 1.212
 0.484
 0.796
 0.724
-0.063
-0.766
-0.407
 0.088
 0.000
 1.593
-0.762
 0.294
 0.989
 2.938
 0.771
 1.172
 1.663
 1.236
 1.021
 2.130
 1.332
 0.293
 0.687
 0.130
-0.910
 0.607
 1.649
 1.037
-0.781
 0.581
-0.189
-0.415
 0.037
 0.787
 0.874
 0.442
-0.071
 2.139
 2.812
-0.354
-0.751
-0.164
 0.127
 0.391
 1.158
 0.876
-0.165
 0.719
 0.714
 0.952
-0.072
-0.390
 1.103
 0.331
-0.351
 0.203
-0.601
 0.393
-0.985
 0.127
 0.970
 0.970
 0.351
-0.044
 0.859
 1.063
 0.960
 0.583
 0.982
 2.415
 1.318
 1.668
 1.229
 0.778
 0.331
-0.310
 1.032
 0.835
 1.050
 0.477
-0.242
-0.193
 0.547
-0.465
 1.932
-0.025
-0.378
-0.779
-0.584
 0.240
 0.419
 0.662
-1.353
-0.347
-1.635
 1.045
 0.769
 1.289
 0.702
 0.013
 1.697
-1.161
-0.003
 0.196
 0.371
-0.463
-0.366
 0.315
 1.077
-1.020
 0.895
 0.922
 1.258
 1.649
-0.078
 0.757
 0.373
 0.938
 1.502
-0.026
-0.704
 1.199
 0.460
 1.705
 1.222
 0.140
 0.245
 0.151
 0.592
 1.646
 1.833
 1.072
 1.612
 1.779
-0.554
-0.755
 0.338
 0.536
-0.763
-1.162
 0.337
 0.198
-0.206
-0.332
 1.460
 0.345
 0.018
-1.435
 0.249
-0.631
-0.744
-0.535
 0.249
 0.479
 0.512
 1.053
 1.454
 2.126
 0.524
 0.466
-0.293
 0.240
-0.916
-0.866
-1.299
-0.650
 0.388
-1.239
-0.709
-1.329
-1.369
-1.085
-0.679
-2.377
-1.314
 0.357
-0.853
-0.361
-0.213
 1.062
 0.339
 1.529
-0.363
-0.540
-0.597
 0.077
 0.003
-1.083
-1.477
-0.095
 0.289
 1.343
-1.593
-0.988
-0.348
-0.585
-0.945
 0.183
-0.716
 0.341
-0.183
-0.705
-0.927
-0.215
 0.343
 0.711
-0.376
-0.845
-0.272
-0.230
-1.198
-0.248
 0.961
 0.473
-0.966
 0.382
-0.055
-0.681
 0.070
 0.311
 0.095
 0.772
 1.408
 0.942
 1.152
 0.896
-0.370
 0.977
 0.644
 1.550
 1.384
 2.521
 2.717
 0.672
 1.571
-0.003
-0.180
 3.486
 1.286
 0.524
 0.837
 1.330
-0.575
 0.884
 1.125
 1.374
 1.909
 0.727
 0.775
 0.611
 2.484
 1.406
 0.525
 0.843
-0.688
 1.508
 1.080
 1.253
 1.222
 1.529
 1.909
 1.161
 2.207
 0.882
 1.411
-0.373
-0.821
 1.830
 0.712
-0.375
-0.606
 1.099
 1.232
 1.536
 0.319
 0.451
 1.203
 2.240
 1.561
 0.043
 0.992
 1.164
 0.827
 0.121
 1.101
 1.441
-0.037
 1.613
 0.255
 1.352
 0.969
 0.117
 0.615
 0.323
 0.065
 1.525
 2.082
 1.227
 0.624
 2.279
 2.074
 1.368
 1.170
-1.249
 0.334
-0.942
-0.966
-0.612
-0.548
-0.408
-0.541
-0.602
-1.068
 0.034
 1.231
 1.185
 0.556
-0.540
 0.531
 1.178
 1.061
-0.612
 1.057
 0.102
 0.991
 0.396
 1.573
 0.800
 0.476
 0.316
 0.778
 1.047
-0.228
 0.919
 0.363
-0.551
 0.718
 0.291
 0.729
 1.168
 1.239
 0.476
 0.249
 0.091
 1.380
 1.206
 0.922
-0.229
 0.057
-1.146
-0.804
 0.227
 0.323
 0.389
 0.834
 0.030
 1.504
 1.351
 1.628
-0.045
 2.332
 1.120
 0.593
 1.570
 1.486
 1.160
 0.416
 0.964
 0.312
 1.054
 1.220
 0.615
 1.484
 0.497
 1.604
 0.049
 0.083
-0.199
-0.116
 1.456
 1.210
 1.973
 1.490
 1.238
 0.973
-0.377
 0.039
-0.853
 0.037
-0.141
-0.462
-1.769
-0.266
 0.856
-0.441
-0.542
 0.693
-0.111
-0.303
-0.940
-0.541
-0.253
-1.138
-1.249
-0.025
-0.194
 1.128
 0.500
-0.284
-1.901
 0.469
 0.720
 0.786
 0.435
 0.755
 1.091
 0.093
 1.649
 1.391
-0.772
 0.338
-1.136
-0.022
-0.608
-1.242
 0.875
-0.610
-0.940
-0.544
-1.299
-0.895
 0.254
-0.231
-0.111
-0.490
-0.495
-0.968
 0.630
-1.823
 0.244
 0.384
 0.214
 1.099
 1.313
 1.000
 1.004
 2.100
 0.271
 0.788
 0.679
 1.963
 0.153
-0.413
-0.520
-1.294
-0.971
-1.667
-0.283
 1.019
-0.117
 1.283
-0.218
 0.976
 1.859
 1.060
 1.783
 0.168
-0.807
 0.428
 0.026
-0.579
-0.049
-0.279
-0.315
-0.777
 0.109
-0.491
 0.615
 0.576
-0.590
 0.607
-0.306
 0.573
 0.218
 1.315
 0.629
 1.324
-1.125
-1.468
 0.518
-0.909
-1.186
-0.035
-0.824
-0.874
-0.555
-1.256
-0.533
 0.494
 1.389
 0.397
 1.255
 1.240
 1.035
 2.031
-0.316
-0.168
-0.779
-0.469
-0.096
 0.598
 0.468
-0.200
-0.275
-1.036
 0.277
-0.675
-1.569
-0.769
-0.369
-0.238
 0.210
 0.264
 0.167
 0.336
 0.532
 0.843
-1.533
 0.508
-0.604
 0.635
 0.420
 1.044
 0.883
 0.137
 1.488
 0.312
-0.593
-0.238
 0.382
-0.991
 0.664
-0.762
 1.009
 1.407
 0.079
 1.153
 1.644
 1.547
 2.443
 2.245
 1.700
 0.337
 0.305
 0.118
 0.439
 0.436
 0.726
-0.339
 1.311
 0.315
-0.968
 0.298
-0.310
 0.112
-0.107
-1.143
 0.082
 2.289
 2.798
 2.228
 0.924
-0.171
 1.197
 0.766
-0.269
 0.068
 0.024
 0.762
 0.148
-0.056
-0.743
-0.482
 1.118
 1.997
 0.756
-0.289
 0.219
-0.054
 1.273
 1.087
 0.855
 0.976
 0.116
 0.206
 0.220
 0.733
-1.063
 0.340
-1.159
 0.177
 1.505
 0.909
 0.629
 0.629
 1.171
-1.569
-1.617
-0.197
-0.035
-0.359
 0.196
 1.619
 0.409
-0.467
-1.000
-0.457
-1.156
-0.473
-1.640
-0.751
-0.895
-0.688
-1.106
-0.199
 0.004
-0.494
 0.759
 1.231
 0.176
-0.036
 1.817
 1.274
 0.928
 0.779
 1.212
 0.629
-1.351
-0.494
-0.015
-1.902
 0.610
-0.357
 0.376
 0.415
 0.431
-0.553
-1.412
-1.233
 0.400
 0.465
 0.564
-0.242
-0.975
-0.078
-0.087
-0.405
-2.422
-1.330
-0.155
 0.478
-0.638
-0.360
 1.426
 1.369
 1.115
 1.108
-0.307
-0.177
 0.151
 1.390
 1.269
-0.055
 0.451
 1.075
 0.363
 0.060
-0.239
-1.987
-1.106
-1.595
-0.671
-1.219
 0.858
-0.860
-0.130
-0.244
-0.327
 0.271
 0.551
 1.152
-0.464
 1.274
 0.677
 2.533
 0.404
 1.414
 0.497
 0.406
 2.215
 0.435
 0.610
 1.553
 1.713
 2.359
 1.788
 1.381
 1.574
 1.146
 0.621
 0.850
-0.485
-0.471
-0.229
-0.618
 0.904
 1.089
 0.128
-0.834
 0.332
 0.241
 1.484
 0.719
 1.189
 1.102
-0.142
 1.306
 1.360
 1.322
 1.015
 1.480
-0.488
-0.275
 0.387
-2.036
-1.175
-0.351
-0.889
-1.039
-0.882
-0.508
 0.405
 1.020
 2.446
 0.577
 1.675
 1.526
 0.449
 0.007
-0.546
 0.340
 0.812
 1.443
 2.095
 1.711
 0.983
 1.203
 0.512
 0.973
 0.776
-0.367
 1.021
 1.116
 1.067
 0.681
-0.322
-0.009
 0.078
 0.463
 0.632
-0.490
 1.859
 2.167
 1.033
 1.551
 0.006
 0.267
-0.018
 2.030
 1.509
 1.728
 1.357
 0.406
-0.410
 0.313
-0.856
-0.296
 0.645
 0.600
 0.936
 0.335
 0.606
 0.320
 0.310
 0.566
 1.498
 0.861
 0.288
 0.566
 0.134
 0.269
 0.137
-1.033
 0.109
-0.487
-2.046
 0.272
 0.373
-0.466
 0.126
 0.679
-0.366
 1.037
 0.625
 1.286
 0.519
 0.660
-0.203
-0.933
-0.722
-0.505
 0.371
-0.040
-0.799
 0.699
 1.692
 0.606
-0.722
-0.349
-0.883
-0.658
-0.186
-0.066
 0.007
-0.556
-0.549
 0.443
 0.671
-0.235
-0.076
 1.449
 1.401
 1.671
 2.554
 1.192
 1.143
 0.065
 0.458
 2.219
 1.893
 2.546
 0.846
 0.130
 0.830
 0.156
-1.201
 1.386
 1.659
 0.057
 3.031
 2.118
 0.939
 0.547
-1.013
-0.070
-0.285
-1.579
 1.167
 1.241
 1.905
 1.272
 0.594
 1.708
 1.109
 2.939
 2.431
 3.102
 2.180
 2.002
 1.689
 1.059
-0.174
-0.210
 0.832
 0.717
 0.835
 0.183
 1.061
-0.373
 1.319
 1.499
 1.120
 1.219
 0.526
 1.102
 1.025
 0.965
 0.420
 0.685
 0.058
-0.747
-0.472
 0.892
 0.971
 0.907
-1.382
 0.462
 0.879
 1.265
 0.738
 0.204
-0.650
-0.752
 0.452
 0.296
-1.263
-0.866
-0.233
-1.926
-2.036
-0.409
 0.604
 0.409
 0.619
 0.056
 0.452
 0.088
-0.751
-0.059
 1.027
 1.573
 0.115
 1.220
-0.119
-0.994
 1.467
 0.049
 0.494
-1.632
-1.706
-1.509
-0.245
 0.694
-1.169
-0.303
 0.238
 0.297
 1.267
-1.070
-1.482
 0.850
-0.688
-0.426
-1.719
-0.136
 0.654
 1.007
 0.245
 1.030
 0.279
 1.147
 1.933
 0.198
 1.609
 0.849
-1.147
 0.072
 0.149
 0.775
-0.331
-0.220
-1.145
 0.494
-0.534
 1.238
 0.283
 0.646
 1.340
 0.692
 1.624
 0.405
-0.137
 1.224
 0.397
 1.130
-0.435
 0.561
 1.192
-0.407
 1.818
-0.071
-0.315
 0.068
 0.451
 0.628
 0.299
-0.409
 0.604
 1.554
 1.963
 1.734
 1.912
 0.965
 0.862
 1.298
 1.736
 0.438
 0.589
 1.737
 1.358
 1.532
 1.092
 0.767
-1.053
-1.341
-1.052
-0.519
 0.565
-0.089
 0.247
 0.389
 1.729
-0.050
-0.066
-0.129
-1.030
 0.039
 0.625
-1.648
-1.681
-0.509
 0.270
 0.035
 0.025
 0.221
 0.397
 0.037
-0.424
 0.736
 1.187
 0.668
 1.715
-0.676
 0.576
 1.026
 1.578
-0.542
-0.711
-0.080
-0.138
 0.295
-0.766
-0.581
-1.462
 0.017
 0.270
-1.390
-1.646
-0.903
-0.355
 0.193
 0.234
 0.543
 0.451
-0.341
-0.565
 0.728
 0.540
-0.110
-0.447
-1.399
-0.870
 0.575
 0.752
-0.671
-0.829
 0.518
 0.158
-0.859
 0.108
-0.365
-0.973
 0.438
 1.782
-0.811
-1.585
-2.913
-1.815
-2.119
-1.600
 0.281
-0.616
 0.113
-0.726
 0.049
 0.026
-1.796
-0.526
-0.099
 1.788
 0.833
 0.071
-1.531
 1.255
 1.093
-0.236
 0.836
-0.060
 1.977
 1.216
-0.035
 0.578
 1.044
-0.285
 0.590
 0.874
 1.353
 0.480
 1.002
 0.021
 0.450
-1.249
-0.993
 0.843
 0.496
 0.728
-0.160
-0.103
 0.140
-1.087
-1.191
-1.364
 0.612
-0.543
-0.354
 0.627
-1.066
 0.053
 0.470
-0.007
 0.042
 0.233
 0.093
 0.291
-0.018
 0.927
 1.930
 0.695
 0.643
 0.890
-0.203
-0.902
-1.065
-0.165
-1.191
-0.451
-1.683
 0.056
 1.100
 0.101
 0.071
 1.014
-0.245
-0.846
-0.387
 0.038
-0.858
-1.413
-0.575
 1.228
-0.561
 1.689
 1.748
 1.639
 1.970
 1.670
 1.086
-0.687
 2.202
 1.821
 0.493
-0.138
-0.802
 0.161
 0.722
-0.083
 0.329
-1.588
 0.285
 0.597
 1.958
 1.012
 0.843
 0.202
 0.873
 0.514
-0.275
 1.015
 0.043
 0.084
 1.306
 1.219
 1.181
 1.391
 0.861
 1.355
 1.352
 0.245
-0.545
-1.162
-1.104
-1.638
 0.642
-0.844
-0.451
-2.239
 0.242
-0.143
 1.015
 0.695
-0.430
 0.840
 0.810
 0.518
 1.521
-0.156
-1.377
 0.509
 0.063
-0.154
 0.827
 0.909
 1.086
 2.066
-0.542
 0.032
 0.292
-0.004
-1.150
-1.208
-0.445
 1.102
-0.959
-1.228
 0.268
-0.698
 0.159
 1.471
 0.540
 0.484
 0.460
 0.102
 0.669
 0.230
-0.333
-1.222
-0.861
-0.434
 1.146
 1.293
 1.098
 1.159
 1.612
 0.192
 0.403
 0.156
 0.787
 1.652
 0.608
 0.775
 1.889
 1.198
 3.118
 1.492
 1.474
 1.496
-0.598
-1.267
 0.713
 1.391
 1.254
 0.357
 1.297
-0.125
 0.529
 0.717
 0.205
-0.079
 2.199
 1.972
 1.944
 1.434
 2.426
 0.501
 1.358
 2.094
 1.709
 1.377
 1.408
 2.334
 0.815
 1.320
 1.935
 0.449
 0.926
-0.011
-1.024
 0.801
 0.566
 1.304
 0.773
 1.950
 1.685
 1.383
 0.717
 1.279
-0.084
 2.268
 2.647
 1.681
 1.502
 0.802
 2.605
 2.340
 1.318
 1.509
 0.390
 1.236
-0.175
 0.918
 0.012
 1.478
 1.700
 1.663
 2.212
 2.479
-0.802
 0.597
 1.060
 0.580
 1.029
-0.999
-0.802
-0.545
 1.622
 1.110
 0.336
 2.479
 0.618
 1.463
 1.843
 0.455
 0.170
 0.404
 1.306
 0.233
-0.327
 0.537
-0.150
 0.408
 0.328
 0.249
 0.397
 1.465
 1.711
 2.564
 0.766
 0.544
 0.485
 0.891
-0.141
-0.417
 1.226
 1.205
 0.545
-0.034
 1.094
-0.693
 1.264
 1.607
 0.401
-1.037
 0.287
 1.429
-0.144
-0.297
 1.068
-0.327
-0.857
 0.857
-0.087
 0.293
 0.907
 0.701
 1.478
 1.392
 0.393
-1.125
-0.068
 0.858
 1.631
 0.482
 0.260
 1.486
 1.148
 1.732
-0.389
-0.049
 0.495
-0.172
 1.112
 0.284
 0.203
-1.068
 0.560
 1.441
-0.553
 0.572
-0.291
-0.279
 0.530
-0.215
-0.352
-0.710
-0.427
 0.998
 1.059
 1.062
-0.178
-1.275
-0.121
 0.616
 0.290
 1.267
-1.358
-0.597
-0.379
-1.604
-0.887
-0.711
-0.622
 0.721
-0.126
 1.203
 1.049
-0.685
-0.909
 0.209
-0.595
 0.066
-0.137
 1.079
 0.087
-0.410
-1.484
-0.968
-0.809
 0.340
-0.106
-2.872
-1.310
 0.026
-0.570
 1.069
 0.766
 0.575
-0.178
-0.690
-0.030
-1.111
-0.824
-0.240
-0.697
 0.396
 0.318
 0.635
-0.019
-1.045
 0.429
-0.188
 0.025
-0.417
-0.003
 0.849
 1.198
 1.612
 1.161
 1.505
-0.472
-0.138
 0.145
-1.178
 0.033
-2.057
-0.117
 1.151
 0.338
-1.015
 0.477
 0.616
-0.358
-0.205
-1.397
-1.073
-0.194
 0.340
 1.813
 0.671
 0.427
 1.288
 0.190
 0.869
 0.257
 0.197
-0.667
-0.870
-0.872
-0.175
-1.256
-1.267
-1.770
-0.671
 0.223
-0.979
-1.027
-2.096
-0.848
-0.529
-0.135
 1.100
 1.925
 1.957
 2.347
 1.262
 0.381
 0.710
 0.041
-1.166
-0.537
-1.836
-0.461
-1.261
-1.068
-2.291
-1.371
-2.743
-0.608
 0.003
-0.034
-0.811
 0.303
 0.267
-0.861
 0.909
 0.465
 0.171
 0.165
-1.680
-0.661
-1.137
-1.099
-0.801
-0.317
 0.505
 0.516
-0.042
 0.230
 1.182
 0.797
 0.186
-0.219
 0.161
-1.230
-0.176
 1.261
-0.234
-0.599
-0.914
-0.849
 0.003
 0.160
-1.375
 1.177
 1.313
-0.512
-1.303
 0.853
 1.705
 0.322
 0.737
-0.194
-0.441
-0.502
-0.276
-0.175
 1.720
 0.465
-0.772
 1.152
-0.052
 0.656
 0.384
 0.793
-0.348
-0.017
-1.255
-0.141
-0.426
 1.312
 0.235
 1.010
 0.956
 0.761
 0.296
-0.564
-0.014
 0.685
 0.603
 0.403
 1.162
-0.550
 0.297
-1.535
-0.601
 0.559
-0.942
-0.665
-0.815
-0.177
 0.078
 0.608
 0.756
 1.324
 0.928
-0.574
-0.533
-0.090
-0.584
-1.968
 0.026
-0.206
 0.312
-0.462
 0.049
 0.605
 0.187
-1.404
-1.041
-0.642
-1.039
 0.126
 0.524
 2.475
-0.256
 0.218
 0.854
 1.205
 1.819
-0.466
 0.293
-0.176
 0.454
 0.326
-1.125
-0.440
-0.982
-1.143
-1.783
-0.830
-0.715
-0.999
-1.348
-1.253
-1.524
-0.945
 1.015
 0.479
 0.411
 1.577
-0.755
 0.269
 0.853
-0.457
 0.535
 0.047
-0.638
-0.386
-0.778
 0.824
 0.499
-0.222
-0.029
 0.623
 0.895
 0.668
-0.134
 0.004
-0.676
 1.104
 0.212
 0.125
 0.054
-0.229
-1.477
-0.023
 0.343
 0.044
-1.540
-0.744
-1.142
-0.817
-0.207
-0.461
-0.527
-1.013
-0.861
-0.676
-1.648
-0.080
-0.496
 0.956
 1.676
 0.957
 0.631
-0.646
 0.443
 1.159
 0.906
-0.268
 0.905
-0.099
 0.059
 0.047
 1.262
 1.059
 0.897
 1.546
 1.134
 1.034
 0.954
 0.146
-0.622
-0.670
-0.676
 0.211
-0.209
-0.774
 0.263
 0.149
 0.051
-0.164
 1.338
-0.301
-1.504
-0.833
-0.823
-0.473
 0.062
 0.645
 1.215
 0.174
 2.076
 0.468
-0.156
 0.616
 1.396
 0.264
-0.045
-0.386
 0.656
 1.452
-0.105
 1.724
 2.365
 0.635
 1.013
 1.040
-0.578
 1.444
 1.855
 0.009
 1.711
-0.626
-0.320
 0.185
-0.111
-0.102
 0.600
 0.310
 0.798
 0.970
-0.270
-0.235
-0.625
 0.462
-1.699
-0.213
 1.180
 1.119
 0.657
 1.045
 0.620
 1.654
 0.966
 0.129
-0.630
-0.512
-0.073
-1.609
-0.016
-0.119
-1.802
-2.424
-0.484
 0.679
 0.084
-0.269
 0.822
 0.017
-0.148
 0.538
 0.584
-0.737
-0.132
-0.046
 0.671
-0.039
 0.578
 1.087
-0.700
-0.882
-0.059
-0.059
-0.465
-0.420
 0.255
 0.635
-2.090
-1.161
-2.462
-0.715
 0.106
-0.510
 0.078
-0.103
-1.496
-0.674
 0.193
-0.021
-0.902
 0.860
 0.529
 0.101
-0.193
-0.309
 0.207
 0.804
 1.504
 1.566
 1.300
 0.553
-0.229
-0.079
-1.607
 0.177
 0.428
-0.736
-1.894
-0.791
-1.041
 1.425
 0.921
 0.251
 0.514
 1.307
 0.455
 0.398
-1.444
-0.074
 0.489
 0.072
 0.033
 0.353
-0.106
 0.272
 0.497
-0.095
-0.236
 0.200
 0.392
-0.087
-1.584
-0.709
 0.502
 0.681
 0.108
-1.038
-0.631
 0.194
-1.083
-0.325
-0.065
-1.524
-0.141
 1.632
 0.777
-0.807
-0.078
-0.112
 1.512
-0.867
 0.234
 0.593
 0.914
 0.535
 0.065
-1.592
 0.451
 0.311
 0.782
-1.352
-1.447
 0.366
 1.388
-0.733
-1.021
-1.518
-0.441
 0.250
 0.189
-1.309
-0.351
-1.941
-0.894
-2.717
-0.902
-1.973
-0.089
-1.701
-0.294
-1.277
-0.154
-0.971
-2.107
 0.686
 0.079
-1.428
-0.746
-0.491
-1.028
 0.628
-1.044
-1.274
 0.085
 0.208
 0.870
-0.250
-0.512
-0.226
 1.318
 0.556
 1.045
 0.381
-1.448
-1.848
 0.086
 0.984
 0.029
 1.351
 0.918
 0.184
 0.767
 1.193
 0.105
 0.737
 0.396
 0.051
-0.212
-0.015
-0.069
-1.160
-1.188
-2.570
-0.863
 0.625
-1.030
-1.395
-2.082
-0.520
 1.011
-0.557
-1.203
-0.254
 0.116
-1.643
 0.398
 0.626
 1.122
-0.319
 0.016
-0.459
-0.638
 0.642
-0.872
 0.035
 0.477
-0.178
-0.254
-0.834
-0.731
 0.901
-0.535
-0.155
 0.084
-0.461
-1.540
 0.644
 1.142
 0.472
-0.543
 0.061
-0.196
-0.322
 0.987
 0.114
 0.632
-1.227
 0.602
 0.990
-0.200
 1.254
 1.652
-0.459
-0.286
-0.853
 0.555
-0.369
-0.188
 0.158
-0.492
-0.443
-0.268
 0.117
 0.519
-1.090
-1.034
-1.779
-0.699
-1.106
-0.839
 1.118
 0.493
 0.686
 0.633
 1.576
 0.048
 0.732
 0.303
-0.142
-0.252
 0.610
-0.057
 0.274
 0.535
 0.429
 0.586
 0.926
 1.054
-0.715
 0.236
 0.274
-0.205
 1.084
 2.209
 0.001
-0.968
 0.075
 0.618
 0.083
 0.539
-1.284
-0.730
 0.656
-0.527
-0.478
-1.678
-2.129
-0.260
 0.151
 2.058
 0.814
 1.401
 0.807
 0.477
 0.744
 0.957
 1.404
 1.070
 0.096
-0.544
 0.048
-1.068
-0.820
-1.661
-0.276
 0.926
 1.087
-1.944
-0.277
 1.402
 1.151
-1.055
 0.654
 0.598
 2.129
-0.337
 0.818
 0.316
-0.543
-0.016
 0.464
 1.705
 1.083
 0.266
 0.511
 0.080
 0.105
 1.289
 0.446
 0.975
-0.017
-0.937
-1.007
-0.929
 0.041
 0.410
 1.304
 1.543
 0.809
 0.325
 0.350
-0.457
-0.637
 0.354
 1.781
-1.036
 0.148
 1.014
-0.175
-0.042
 1.619
-0.512
-1.223
-0.609
-0.976
-0.845
-0.127
-0.035
-0.989
-0.512
-0.323
-0.805
-1.200
 1.273
 1.506
 0.167
-0.091
 1.092
 0.688
 0.016
-0.434
-0.417
-0.381
-0.504
 0.212
 0.464
-0.121
 0.450
 0.374
-0.714
-0.709
-0.610
-0.827
 0.039
 0.515
 0.008
 0.568
-0.565
-0.409
 1.234
 0.006
-0.024
-0.937
-0.677
-0.900
 0.169
-0.247
-0.570
-0.412
 1.261
 0.508
 0.507
 0.550
 1.181
 0.793
-0.262
-1.015
-0.569
-0.789
-1.114
-1.582
-0.311
 1.687
 0.806
-0.900
-1.453
-0.360
 0.158
 0.981
 2.015
 2.314
 0.469
 0.186
-0.352
 1.470
 0.610
-0.769
-0.078
-1.251
 0.516
 0.755
 0.863
-0.351
 0.659
-1.044
-0.404
-0.228
-0.045
 0.285
-0.204
-0.696
-0.414
 1.014
 1.989
-0.218
-0.310
-0.826
-1.894
-0.430
-0.085
 0.335
 1.546
-0.658
-1.997
-0.932
-0.806
-0.465
-0.674
 0.050
 1.474
-0.149
 1.299
-0.700
-0.735
 0.476
-0.521
 0.170
 0.934
-0.778
 0.438
-0.066
 1.125
 1.069
 1.178
-0.376
-1.121
-1.024
-0.025
-0.485
-1.494
-0.638
-0.230
-1.393
-1.174
 0.478
 0.149
-0.520
-0.091
-0.109
 0.765
-0.626
-0.720
-0.847
-0.028
 0.962
 0.785
-0.086
-0.423
-0.033
-0.418
-1.199
-1.366
 0.358
 0.183
 0.014
-0.392
 0.209
 0.557
 1.100
 1.112
 2.171
 0.242
 0.966
-0.602
-1.317
-0.844
-1.302
 0.361
 0.572
 0.010
 0.375
-0.568
 0.261
-0.180
 0.057
 0.353
 0.564
 0.323
-0.889
-1.272
-0.658
 0.768
-1.199
 0.678
 0.946
-0.086
 2.182
 1.503
 1.466
 1.318
 0.043
 0.544
-1.089
 0.540
 1.302
-0.669
 0.392
-0.723
 0.891
-0.666
 0.722
 0.157
 0.751
 0.292
 0.155
 1.308
-0.175
-2.041
-0.881
-0.839
-0.040
-0.126
-0.345
 0.349
-0.363
-1.209
-0.745
 0.353
-1.485
-0.678
 0.344
 0.118
-0.075
-0.621
-0.732
-0.204
-0.670
-0.959
-0.032
-0.234
-1.664
-1.737
-0.094
-0.906
-0.020
-1.413
 0.532
-0.335
-1.737
-0.911
-2.032
-1.712
-1.621
 0.606
-0.515
-0.680
-1.497
-0.240
-0.944
-1.345
-0.279
 0.871
-0.761
-1.113
 0.516
 0.177
 0.812
-0.459
-0.085
 1.705
-0.675
 0.984
-0.315
-0.984
-0.685
 1.226
-0.348
-1.391
-2.622
-1.838
-0.852
-0.213
 0.532
 0.028
 0.125
-2.078
-0.019
-0.353
-0.827
-0.722
-1.759
-1.532
-0.968
-0.985
 0.064
 0.356
-0.483
 0.472
-0.437
 0.416
-0.187
-0.714
-1.632
 0.429
-1.787
-0.389
-1.262
-0.551
 2.068
 1.587
 0.565
 0.807
-0.021
 0.532
 2.066
 1.172
 1.757
 0.421
 1.888
 0.411
 1.700
 0.343
 0.123
-0.725
-0.827
-0.356
 0.355
 0.690
 0.616
 1.573
-0.028
 0.590
 1.632
-0.815
 0.095
 0.959
 0.969
 1.655
 0.159
-0.656
-0.860
-1.334
-0.504
-0.344
-0.052
 0.129
 0.550
-0.136
-0.457
-0.599
 0.791
-0.171
 0.606
 0.779
-1.100
-0.625
-1.309
 0.422
-0.188
 1.147
 2.230
 0.286
-0.208
-1.040
-0.308
-1.590
-1.146
 1.142
-0.944
 0.274
-0.628
 1.047
-0.366
 0.399
-1.142
-0.987
 0.444
 0.733
 0.620
 0.315
 0.607
-1.105
 0.737
 1.205
 0.310
-0.484
 0.212
-0.199
 0.183
 1.008
 1.208
 0.462
 1.726
-0.136
 0.515
 0.131
 0.062
-0.476
 1.684
-0.035
-0.428
-1.633
-1.337
-1.058
-0.899
 0.840
-1.533
-1.481
-0.388
-0.240
-0.658
 0.110
-0.515
-1.048
-0.082
-1.319
 0.383
 0.280
 1.597
 0.619
 0.738
-0.081
-0.087
 0.273
-0.078
-0.281
-0.839
 0.044
 0.796
-0.174
-1.002
-2.389
-1.586
-0.135
-0.282
-2.677
-2.879
-0.301
-0.393
-0.956
-0.740
-0.611
 0.207
-0.826
 0.232
-0.605
-0.948
-0.511
-0.517
-1.111
 0.087
 1.464
 0.088
-0.422
-0.733
 0.275
 0.852
-1.381
-0.383
-0.801
-1.221
-0.291
-0.988
 0.011
 0.315
 0.944
-1.674
 0.280
-0.336
 0.380
-1.013
-1.484
-0.908
-1.172
-0.346
-1.124
-0.762
-0.529
-0.124
-1.175
-1.339
-2.316
-2.386
-2.426
-1.071
-2.062
-0.953
-1.274
-1.104
-0.833
 0.014
-0.312
-0.939
-2.894
-2.418
-1.846
-2.671
-0.477
-0.595
 0.256
 1.167
-0.088
-1.050
-0.671
-0.529
 0.135
-0.082
-0.690
-0.623
-0.261
-1.194
-1.907
-0.439
-0.447
 1.217
-1.419
-2.016
 1.102
-0.849
 0.939
 0.409
 2.033
 3.278
-0.395
-0.040
-0.256
 0.468
-0.304
-0.219
-0.606
-0.388
-0.183
 0.500
 1.548
 1.135
-0.223
 0.146
 0.571
 0.899
-0.244
-0.281
-1.901
-0.486
-1.487
-0.554
 1.496
 0.324
-1.699
 0.836
-0.353
-1.512
 0.092
-1.539
-0.912
-0.120
 0.066
 0.232
 1.289
 1.302
-0.278
 1.832
-0.350
-0.674
-0.296
-1.532
-1.125
 1.462
 0.938
 1.015
 0.468
 0.079
 0.191
-0.116
-0.152
-0.963
-2.419
-1.675
-0.949
 0.261
-2.250
-0.937
-1.221
 0.012
-0.013
 0.530
 0.909
-1.736
-1.732
-0.549
-0.602
 0.027
-1.829
 0.863
-1.329
-0.840
-0.705
-0.068
-1.644
-0.578
 0.740
 0.134
-0.727
-0.337
-1.766
-0.224
-0.272
 0.079
-0.178
-0.145
-1.135
 1.037
 0.340
 0.107
 1.108
 0.715
 0.434
-0.313
 0.666
 0.947
 0.748
 0.893
-0.189
 0.868
 1.028
 1.342
-0.283
-0.316
 0.109
 1.817
-0.977
-0.066
 1.655
 1.133
 0.846
 2.285
 0.852
-0.478
-0.312
 0.297
-0.674
-0.224
 0.876
-0.741
-2.001
 0.002
-0.409
 0.704
-0.287
 1.450
-0.194
 0.636
-1.236
-0.615
-0.382
-1.304
-0.732
-1.322
 0.524
-0.372
 0.447
 0.526
 0.903
 0.176
 0.807
-0.574
 0.741
 0.203
 0.028
 0.390
-1.602
-1.668
-1.385
-0.272
 0.003
-0.301
-0.383
 0.376
-0.194
-1.192
 0.115
-0.499
-0.747
 0.479
 0.685
 0.573
-0.029
-1.582
 0.128
-0.422
 0.936
-1.130
-1.080
-1.621
-0.707
-1.120
-0.086
 0.724
 0.356
 2.005
 0.931
 1.269
 0.756
 0.468
 0.102
-1.102
 0.074
-0.659
 0.065
 0.161
 0.931
 1.448
 0.008
-0.065
 0.515
 1.286
 0.369
 1.256
 1.109
-0.931
 0.646
 0.488
-1.253
 0.260
-0.545
-0.370
-1.069
 0.203
-0.244
-0.709
-0.812
 0.424
 0.248
-0.119
 0.580
 0.594
 0.511
 0.223
 0.778
 1.535
-0.287
 0.438
 0.084
 0.815
 0.450
-0.311
-0.003
-0.623
-0.889
 0.318
 0.432
 0.215
-0.922
-0.829
-1.365
-0.308
 0.426
 0.829
 1.761
 0.919
 0.743
 1.253
 1.578
 0.784
-0.027
 0.781
 0.188
-0.305
 0.308
 1.413
-0.697
-0.178
-0.401
 0.181
 1.674
 0.996
 0.637
-0.923
 1.066
-0.430
 1.011
-0.364
 0.462
 0.689
 1.862
 1.303
 1.513
 0.805
 1.272
 0.689
 1.112
-0.165
 1.529
 0.815
-0.219
-0.556
 0.043
 0.245
 0.969
 0.028
-0.850
 0.019
 0.696
 1.160
 0.727
 0.654
-0.556
 1.467
 1.542
 0.629
 1.149
 0.001
 1.929
 1.840
 0.510
 1.026
 1.380
 0.326
-0.213
 1.584
-0.311
-0.640
 0.381
 0.865
 0.969
 1.728
 2.001
 0.968
 1.495
 0.332
 0.218
-1.383
-0.740
-0.953
-2.140
-0.768
-1.006
 1.071
 0.273
 1.043
-0.984
-0.392
 0.729
 0.507
 0.605
 0.085
 0.146
 1.044
-0.113
 0.949
 1.219
 0.122
-0.147
 1.749
 0.575
 0.740
 0.207
-0.803
 0.839
 1.066
 2.110
 1.467
 0.202
 0.389
-0.395
-0.143
 0.421
 0.045
 0.974
 1.553
-0.127
-0.432
 1.242
-0.507
 1.849
 1.011
-0.569
 0.688
 0.308
 0.596
 2.042
 1.077
 1.653
-0.327
-0.296
 0.174
 0.459
 0.124
-1.239
-0.108
-0.628
-1.213
-0.611
-1.519
-1.207
 0.202
 0.508
-0.467
 0.426
 0.008
 0.665
-0.239
 1.733
-0.254
-0.998
-1.074
 0.912
 0.694
 1.003
 1.169
 0.178
 0.664
 1.584
-0.239
 0.313
-0.003
 0.679
 0.675
 0.540
 0.634
 0.050
 0.948
 2.060
 1.420
-0.222
 0.641
 0.313
-0.192
 0.597
-0.938
 0.401
 1.312
-0.021
 0.717
 0.099
-0.311
-1.162
 0.948
-0.526
 0.140
-0.045
-0.520
 1.554
 2.016
 1.074
 1.300
 0.968
 1.414
 1.491
-0.120
-0.315
 0.346
 0.284
-0.003
 0.618
 1.721
 0.240
 0.394
 1.761
-0.356
-0.394
-0.277
 0.637
 0.673
 0.503
 0.103
 0.374
-0.021
 0.363
-0.089
-1.827
 0.165
 0.167
-0.426
-0.552
 0.011
 0.307
-0.299
-0.226
 1.041
-0.122
-0.622
 1.435
 0.845
 0.314
-0.493
-0.780
-0.309
 0.827
 0.260
-0.006
-0.601
 1.944
 0.703
 0.256
-0.877
 1.481
-0.116
 0.907
 1.160
 0.253
-0.078
-1.253
-2.173
-0.844
 1.471
 2.073
 2.089
 0.836
 1.217
 1.693
-0.614
-0.247
-0.038
-0.266
-0.448
-0.308
 0.140
-1.295
-0.512
 0.507
-1.691
-1.753
-2.009
-0.293
 0.457
 0.011
-0.584
-1.986
-1.292
-0.864
-0.844
-0.206
-1.586
-1.527
-3.534
-0.832
-0.632
-1.476
-0.840
-1.825
 0.266
-0.471
-0.873
-0.490
-0.624
-1.867
-2.163
-2.528
-3.334
-1.476
-1.582
-2.014
-2.105
-1.852
-1.415
-0.709
-1.406
-1.997
-2.020
-1.789
-0.945
-0.530
-1.237
-0.767
-0.974
-0.166
-0.296
-0.600
-1.490
-1.461
-1.695
-0.110
 0.465
-0.877
 0.190
 1.522
 1.742
-1.406
-1.916
-0.025
-1.918
-1.578
-1.698
-1.407
-1.573
-1.130
-0.562
-1.267
 0.604
-1.126
-1.699
-2.250
-2.061
-0.411
-1.689
-0.357
-0.367
-1.041
-0.698
-0.495
-1.773
-0.224
 0.149
 1.333
 0.122
 0.657
 1.052
-0.423
-0.377
 0.458
 0.530
 0.196
 0.263
 0.818
-1.293
 1.610
 1.313
-0.184
-0.316
 0.219
-0.453
-1.121
 0.010
 1.353
-1.045
-0.442
 0.507
-0.541
-0.340
-2.322
-0.482
 0.033
-0.564
 0.044
-0.506
-0.254
-0.351
-0.439
-0.825
 0.417
-0.551
-1.241
-0.730
-0.953
 1.159
 0.817
 0.080
 0.503
 0.421
-0.546
-0.354
 0.354
-0.305
-1.952
-1.346
-0.499
-0.298
 0.703
 0.721
-0.555
-1.255
-1.375
 0.778
-0.753
 0.875
 0.210
-0.226
-0.237
 0.797
 0.096
 0.392
 0.088
 0.539
 0.295
 1.741
-0.077
 0.800
 0.686
 0.952
 1.668
-0.011
 0.135
 1.191
-0.171
-0.021
 0.531
 0.832
-1.169
-1.125
 0.035
-1.767
-0.434
 0.142
-0.752
-0.524
-0.753
-1.016
-2.573
-0.251
 0.002
 0.598
 0.230
-0.033
-0.082
-0.484
-0.986
-0.202
 1.019
-0.964
 0.600
 0.842
 0.350
 1.313
 1.505
 0.846
-0.939
 0.102
-0.561
 0.503
-0.145
-0.554
-2.023
-1.382
-1.514
 0.021
-1.006
-0.010
-0.210
 0.925
-1.395
-1.383
-0.890
 0.083
-1.224
 0.768
 0.981
-0.694
 0.301
-0.181
-0.209
-0.386
-0.890
 1.200
 0.085
-1.005
 0.064
-1.684
-2.917
-1.014
-0.555
-1.848
-1.080
-0.903
-1.382
-0.917
-0.438
-0.328
-1.550
-0.307
 0.800
-0.028
-0.747
 0.632
-0.166
 0.198
 0.171
 1.070
 0.090
-0.647
-0.631
 0.294
 0.625
 0.924
 0.833
 0.202
-0.101
-0.918
-0.228
 0.398
-0.629
-0.924
-2.135
-0.887
-1.433
-0.514
-0.292
 0.586
 0.036
 0.757
-0.978
-0.052
-1.491
-0.308
 1.098
 0.073
-0.989
-0.270
-1.040
-1.493
 0.627
 0.930
-0.296
-0.593
 0.303
-1.592
-0.473
-0.257
-1.912
-0.589
 1.564
 1.078
 1.051
-0.228
 0.867
-1.831
-0.428
-1.346
-0.111
 1.011
 0.167
-0.733
-0.633
 0.187
-1.218
 0.439
 0.738
-0.146
-0.017
-0.175
 0.003
 0.372
-1.361
-0.092
 0.227
-0.886
-0.899
-0.618
-0.550
-2.297
-0.544
-0.035
 0.599
 0.390
 0.348
 0.973
 0.670
-0.603
-0.056
 0.689
-0.737
-0.095
 1.444
 0.768
-0.658
 1.492
-0.465
 0.072
-0.446
-0.803
-0.760
-0.071
-1.103
-0.385
-1.302
-1.082
 0.655
-0.418
-0.058
-0.252
-0.568
-1.880
-0.422
 0.551
 0.051
 0.267
-1.363
 0.115
-0.233
-1.018
 0.639
 0.440
 0.620
 0.367
-0.125
-0.136
 1.196
 0.190
-0.095
 1.273
 0.500
 0.284
 0.956
 0.554
-0.605
 0.020
 0.915
 0.085
-0.508
-0.742
-0.245
-1.065
-2.072
-2.018
-0.300
-1.207
 0.423
-1.736
-1.163
-2.483
-0.564
-0.085
-0.127
-2.104
-0.559
 0.498
 0.744
 0.904
 0.812
 0.703
 0.968
 0.215
 0.510
 0.555
-0.503
-1.516
-0.687
 0.056
 1.807
-0.076
-1.239
-0.377
 1.145
-0.167
 0.244
-0.311
 0.194
-0.091
 1.534
 1.239
 0.360
 0.395
-0.142
 0.164
 0.169
 1.035
 0.176
 0.343
-1.173
-1.938
-0.059
-0.659
 0.528
-1.430
-1.651
-1.131
-0.905
 1.065
-1.862
-0.999
-1.029
-1.116
-1.257
-1.714
-0.850
-0.080
-0.528
-1.265
-0.371
-0.346
 0.620
 0.970
 1.219
 0.641
 1.069
 0.428
 0.682
-1.952
-1.098
 0.067
 1.608
 1.113
-0.745
 0.770
 2.034
 1.228
 0.634
-0.328
-0.767
-1.373
-0.420
-0.328
-0.015
-0.538
 0.245
-0.973
 1.506
 1.746
 0.953
 1.944
 2.194
 2.315
-0.031
-0.087
 1.817
 0.312
 1.881
-0.100
 0.741
 1.106
 0.314
 0.089
 1.090
 1.084
 0.104
-0.099
-0.552
 0.928
 0.393
-0.794
 0.840
 0.054
 1.245
 1.751
 1.214
 0.414
 0.361
 1.136
 0.948
 0.457
 0.819
 2.095
 1.453
 2.114
 1.275
-0.722
 1.866
 0.870
 0.563
 0.292
 1.541
-0.471
-0.060
-0.169
 1.016
 0.571
 1.486
 1.780
 1.277
 1.334
 1.610
 0.867
 1.215
 0.232
 0.748
 0.138
-0.220
-0.710
-0.826
-0.571
-0.729
-0.016
-0.052
-0.063
 0.743
 0.282
 1.222
 0.040
 0.478
 0.665
 0.011
 1.415
 0.909
 0.497
 1.356
 0.226
-1.158
-1.269
-0.738
-0.424
-0.041
-0.580
 1.198
 0.863
-0.130
-0.429
 1.085
 1.882
 0.658
 1.840
 0.124
 0.407
 1.317
-0.350
-0.944
-0.467
-1.018
 0.183
-0.320
 0.746
 0.748
 1.169
 0.791
 1.469
-1.038
-0.482
 0.299
-1.762
-2.023
-1.670
-1.851
-1.526
-1.418
-0.644
-0.782
 0.119
 0.745
 1.490
 0.028
 1.076
-0.068
-0.231
 1.414
 1.343
 1.032
 0.885
 1.314
 0.068
 0.300
 0.695
 0.438
-0.450
 1.327
 0.902
 1.525
 0.798
 1.190
 0.812
 2.229
 0.364
-0.055
 0.066
 1.617
 1.610
 0.358
-0.291
 0.029
-0.161
 1.621
 1.162
-0.351
-0.446
 1.008
 0.672
 1.380
 1.751
 0.488
 1.658
 2.013
 0.184
 0.872
 2.080
 1.063
 0.063
 0.212
 0.490
-0.411
 0.712
 0.081
 0.606
-0.303
 0.734
-0.006
-2.076
-0.854
-0.270
 0.080
-0.918
 1.751
 0.457
 0.141
 0.728
 0.314
 1.197
 1.440
 0.440
-0.997
 0.983
-0.059
 0.632
 1.226
 1.924
-0.302
 0.565
-0.006
 0.360
 0.893
 1.714
 0.338
 0.524
 1.102
 0.974
 0.673
-0.591
 1.745
 1.622
-0.871
 0.866
 1.404
 1.775
 0.070
 1.416
 0.012
 0.495
 0.327
-0.558
-0.777
 0.712
 1.045
 1.338
 0.784
 1.896
 0.051
 0.969
-0.708
-0.531
 0.003
-1.387
-0.230
-0.333
-0.344
 0.432
-0.502
 0.046
-0.011
 1.263
 2.412
 1.807
 0.762
-0.614
-1.195
-0.899
-1.191
-0.218
-0.673
-1.212
 0.903
-0.199
-0.851
-1.030
-0.712
-0.630
-1.265
-0.513
-2.750
-1.121
 0.287
-1.064
-0.837
 0.350
 0.541
 0.395
 0.051
-0.060
 0.817
-0.550
-0.490
 0.607
 1.007
 0.990
-0.126
 0.516
-0.622
-0.808
 0.949
 1.187
 0.175
-0.577
-0.475
-0.081
 1.007
 0.151
-1.085
 1.493
 0.022
-0.940
-1.138
 0.595
-0.084
-0.653
-0.505
-0.209
-0.447
 0.671
 1.051
 0.022
 0.803
-1.528
-1.139
 0.635
 0.804
-1.253
-1.429
 0.348
-1.440
-1.170
-0.481
-2.000
 0.151
 0.213
 0.204
 0.258
 0.055
 0.700
 0.404
 0.071
-1.125
-0.900
 0.143
-0.087
-0.006
-0.847
-1.101
-0.292
-1.050
-0.558
-1.218
-0.245
-1.159
-0.156
-0.435
-0.326
 0.740
-0.231
-0.768
-1.401
 0.320
 1.040
 1.322
-0.955
-0.807
-0.621
 0.064
 0.545
 0.528
-0.684
 0.729
 0.555
-0.443
 0.752
 0.317
 0.787
 0.891
-0.847
-1.000
 0.133
-0.650
-0.171
-0.706
-0.962
 0.017
-0.388
 0.798
 0.708
-0.038
-0.517
 1.009
 2.545
-0.797
-0.892
-1.269
-2.052
-0.413
-0.994
 0.414
-0.451
-1.514
-0.142
 1.444
 2.235
 0.107
-0.687
-0.372
-1.769
-0.485
-1.294
-1.314
-1.429
-0.100
 1.216
 1.761
-0.001
 0.601
-0.438
-0.484
-1.826
-0.721
 1.035
-0.406
 0.015
-0.725
 0.364
 0.401
 0.685
 0.704
 0.488
 1.418
 1.208
 0.449
 0.644
 0.053
-1.045
 0.753
 0.818
-0.083
 0.132
-0.889
-1.292
-0.886
-2.447
-1.719
 0.024
-0.931
-1.270
-0.368
 0.525
 0.103
 1.185
 1.569
 0.585
-1.017
-0.283
 1.009
 0.824
 0.912
 0.881
 0.101
 0.081
-0.129
-0.275
-0.432
 0.766
-0.379
 0.592
 0.062
-1.510
-0.605
-1.497
-0.725
-0.832
-1.266
-1.269
 0.227
-0.519
-0.528
-0.109
-0.425
 0.357
-0.304
-0.423
 0.149
 1.260
 0.478
 0.787
 0.712
 0.137
-0.459
-0.288
 0.064
-0.373
 0.221
 0.927
-0.044
-0.695
-0.168
 0.328
-0.148
-0.310
 0.039
 0.487
 1.901
-0.059
 0.360
 0.578
 0.546
-0.050
 0.670
-0.726
-1.039
 0.232
 1.452
 1.946
-0.151
 0.060
 0.618
-0.009
 0.200
 0.518
 0.434
 0.886
 0.175
 0.187
-0.181
 0.906
 0.464
 0.729
-0.956
 0.551
 1.733
-0.021
-0.226
 1.425
 0.100
 0.456
 2.431
 1.195
 0.880
 0.416
-0.636
-0.299
 0.151
-0.265
-0.859
 1.420
 1.708
 1.726
 0.762
-0.912
 0.697
 1.848
 1.484
 1.109
 0.543
 0.825
 0.223
-0.908
-0.725
-1.052
-1.436
-1.255
-0.973
-0.682
-0.885
-1.164
-0.388
-0.505
 0.281
 0.295
-0.098
-0.154
-1.051
-1.066
 1.171
 0.981
-1.792
 0.468
 0.297
 1.177
 1.574
 1.376
-0.518
 0.552
-0.949
 0.087
 0.796
 0.544
 0.993
 1.638
 0.840
 0.398
 1.338
 0.148
 0.168
-0.952
 0.939
 0.443
 0.370
 0.847
-0.381
 0.361
-0.145
-1.382
 1.252
 0.665
-1.334
-0.640
 1.051
-0.751
 1.526
 0.194
 0.651
-1.738
 0.568
 0.800
 0.972
 1.061
 0.216
 2.020
 0.854
 0.572
-0.018
 1.547
-0.212
-0.542
 0.000
 0.949
-0.526
 1.337
 0.948
 0.636
-0.852
 0.359
 0.360
 1.492
 0.897
 0.416
 0.204
 0.990
 1.247
 1.538
 0.598
-0.770
-0.729
-0.996
-0.194
 0.828
 0.554
 0.901
 0.450
 0.580
 0.925
 1.498
 0.171
-0.950
 0.878
 2.166
 0.104
 0.706
 1.009
 0.759
 0.261
 2.191
 2.153
 1.827
 2.590
 2.221
 2.202
 0.483
-0.021
 0.313
-0.212
-1.547
-0.560
 0.036
-1.055
 0.633
 0.642
 0.070
-0.967
 0.991
 0.943
 0.052
-1.074
 0.807
 0.482
 0.405
 0.745
 1.509
 1.854
 0.559
 0.821
 1.613
 1.992
 3.245
 1.204
 0.342
 0.365
-0.124
-0.234
 0.607
 1.401
 0.272
 0.871
 2.516
 2.234
 1.715
 0.502
 1.507
 1.331
 2.002
 1.305
-0.647
 0.553
 1.821
 0.828
 1.095
 0.397
 0.395
 1.987
 2.829
-0.277
-0.773
 0.191
 1.928
 1.196
 1.270
 0.894
-0.516
-0.555
-0.440
-0.302
 0.681
 0.393
 1.568
 0.503
 1.363
 0.725
 0.517
 0.012
 0.831
 0.502
 1.263
 0.486
 0.429
 0.416
 0.478
 0.711
 0.787
 0.974
 1.936
-1.515
-0.063
 0.064
-0.585
 1.168
-2.251
-0.720
-0.625
-0.615
-2.092
 0.462
 0.645
 0.801
 0.054
 1.083
 0.282
-0.659
 0.385
-0.151
 0.062
-0.672
 1.007
-0.314
 1.115
 0.261
 0.463
 0.247
-0.404
-1.777
-0.823
-0.779
 0.631
 0.684
 0.330
 1.547
-0.621
 1.138
 0.732
 0.556
 1.560
 0.347
 0.174
 0.616
 1.655
 1.327
 1.124
 0.479
 0.591
 1.633
 0.096
 0.404
 0.435
-0.132
 0.489
-1.254
 0.196
 0.088
 1.031
-0.073
-1.207
-0.450
 1.016
-0.347
-0.103
 0.435
-0.110
 0.810
-0.254
-1.569
-0.808
 0.995
-0.583
-0.012
-1.543
-0.313
-0.081
-0.563
 0.705
-0.019
-1.356
 0.388
-0.139
-0.573
-1.208
-1.451
-0.908
-0.087
-1.882
-2.300
-1.537
-3.799
-1.753
-0.839
-0.488
 0.041
 0.430
 0.006
 0.317
 1.450
-1.486
-1.563
 0.142
 1.440
 0.685
-0.107
-1.017
 0.679
-0.195
-0.719
-1.653
-0.890
 0.473
-0.672
 1.286
 2.015
 1.931
 1.650
-0.199
 1.984
 1.359
 2.053
 1.333
 1.424
-0.109
-0.634
 0.894
 1.529
 1.306
-1.091
 0.090
-0.339
 1.040
-0.919
-1.455
-0.955
-0.795
 0.177
 0.086
 0.611
-0.183
-0.054
-1.122
-1.572
-0.469
-0.508
-0.588
-0.670
 0.091
-0.434
-0.075
-0.448
-0.092
-1.472
-1.312
-1.486
-0.359
 0.426
-0.709
-0.141
-1.695
-1.572
-3.631
-2.611
-2.368
-1.276
-0.864
-0.762
 0.804
-0.910
-1.471
-0.863
-0.129
-0.684
 0.582
-0.782
 0.243
-0.830
-0.602
-0.454
-1.538
-0.109
 0.132
 0.513
-0.390
-0.680
 0.201
-1.275
-0.300
-0.502
 0.139
 0.858
-0.057
 0.217
 0.357
-0.150
-0.015
-0.898
-0.633
-0.360
-0.042
-1.869
-0.814
-0.572
-1.437
-0.727
-0.335
-0.790
-1.022
-0.947
 0.335
-1.260
-1.413
-0.299
-1.595
-1.064
-0.514
-0.734
-1.269
-0.308
-0.302
 0.337
-0.307
 0.335
-0.023
-1.140
-1.322
-0.145
 0.070
 0.478
 1.803
 2.043
 0.327
 1.536
 0.739
-0.363
-0.903
-0.441
 0.187
 0.070
 1.201
 0.077
 0.195
 0.304
-0.283
 0.290
 0.263
 0.230
 1.119
-0.168
-0.363
-0.099
-0.506
-0.659
 0.832
 1.458
 0.294
-0.704
 0.034
 0.166
 1.303
 0.031
 0.373
 2.115
 1.157
 0.662
-0.494
-0.300
 0.007
 0.004
-0.892
-0.583
-0.092
-0.019
 0.037
-0.445
-0.434
-0.630
-0.202
-0.981
 0.125
 0.296
-0.332
 0.386
 0.123
 0.096
 1.080
-0.133
 0.223
-0.638
 0.651
 1.819
 0.962
 3.109
 1.439
 0.951
 1.590
 0.869
 0.578
 0.231
 2.076
 2.061
 2.367
 0.384
 0.197
 0.503
 2.872
 0.170
-0.320
 0.870
 0.197
 0.016
 0.105
 0.296
 1.522
 0.167
-0.806
-0.366
-0.836
-0.352
 0.292
 0.882
-0.133
 1.563
 2.911
 1.718
 0.887
 1.871
 0.862
 0.920
-0.279
 0.834
 1.490
 0.502
 1.491
 0.385
 0.361
-0.059
 0.373
-0.523
-0.943
 1.784
 1.089
 0.179
 1.060
 0.811
 1.155
 1.617
 0.436
 1.426
-0.714
 0.747
 0.634
 1.653
 1.573
-0.343
 0.653
-0.080
 1.506
 1.857
 1.014
 0.226
 1.038
 2.927
 1.071
 0.657
 0.755
 1.720
 1.529
 2.754
 2.555
 0.957
 0.767
 0.946
 1.432
 0.615
 1.515
 1.689
-0.131
 1.879
 1.151
 1.321
 0.778
 2.318
 0.887
-0.311
 0.367
 0.719
-2.390
-1.004
-1.185
-1.521
-1.053
 0.970
 0.861
 0.591
 0.803
 0.013
 0.907
 1.164
 1.059
 1.504
-0.791
-0.337
-0.080
-1.473
-1.295
-0.181
-0.640
 0.953
 0.104
 0.717
 0.036
 1.485
 0.274
 0.788
-0.223
-0.077
 1.912
-0.248
-0.030
-0.115
 0.643
-0.708
 0.675
-0.044
 1.094
 0.003
 0.115
 0.947
 0.930
 2.260
 1.245
 1.928
 0.588
 1.667
 1.421
 0.301
-1.171
 0.149
 1.667
-1.012
 0.034
 0.746
-0.122
 0.249
-0.140
 0.916
-1.448
 0.446
 1.333
 0.282
-0.361
 1.880
 1.421
 0.341
 1.739
 0.833
-0.240
-0.539
-0.335
-1.476
 0.905
 1.509
 0.476
 1.409
 2.045
 1.366
 1.902
-0.345
 0.299
 1.237
 1.863
 2.193
 0.950
 0.199
-1.643
 1.201
 1.285
 0.782
 0.378
 2.172
 1.779
 1.363
 1.477
 1.316
 0.645
-0.105
-1.822
-0.376
 0.755
 0.105
 1.837
 0.989
-0.100
-0.567
-0.726
-0.868
-0.808
-0.484
-0.856
 1.174
 1.313
 1.010
 0.345
-0.467
 0.178
 0.142
-1.702
-1.251
-0.275
 0.727
 1.014
 1.863
 0.420
 1.143
 0.432
-0.714
-0.359
 0.073
 0.503
-0.800
-0.236
-0.138
 0.327
 0.614
-1.189
 0.470
-1.956
-0.871
-1.098
-0.084
 2.228
 1.610
-0.277
 0.165
 1.213
 0.399
 0.507
-1.028
-0.294
 0.078
-0.346
 0.988
 0.169
 0.353
-0.372
 0.700
-0.380
-0.388
-0.652
-0.624
 1.453
 1.253
 0.502
 0.932
-0.713
 0.244
-0.781
-0.271
-1.093
-0.284
-2.437
-0.835
-1.480
-1.134
-0.691
-0.507
-0.883
-1.421
-0.116
-0.160
-1.195
-0.876
-0.212
-2.440
-0.917
 0.007
-0.074
-0.360
-0.275
-0.654
-0.119
 0.674
 0.408
-0.102
 1.265
-0.740
-0.553
-0.841
 0.208
-0.531
-0.913
 0.501
-0.981
-0.962
-1.683
-1.565
-0.538
-1.016
-0.805
-0.723
-1.049
-0.852
-0.067
-0.851
-1.239
-2.107
-0.706
 0.162
-1.921
-0.392
-0.324
 0.055
-0.304
-0.380
 0.580
 0.977
 0.756
 0.139
-0.669
-0.399
 0.184
-1.302
-1.646
-1.495
-0.444
-0.948
-0.058
-0.389
-0.246
-0.811
-0.179
-0.371
-1.020
-0.867
-0.127
-0.349
-0.199
-0.290
-0.900
 0.253
 0.070
 0.854
-0.043
 0.532
-1.320
-0.688
-0.300
 0.716
 0.434
 1.178
 1.060
-0.478
 0.055
-0.427
 1.368
 0.314
-0.082
-1.102
-0.529
 0.157
 1.343
 0.481
 0.339
 0.281
 0.213
-0.309
-1.996
 0.921
-0.263
-0.090
 1.213
-0.295
 1.615
 1.445
-0.002
-0.673
 0.035
 0.471
-0.701
-0.765
 1.209
 0.850
-0.766
 1.266
 1.254
 0.770
-0.451
 1.780
 1.451
 0.545
-0.104
 0.007
-0.824
-0.097
 1.819
 1.268
 0.122
-1.483
-0.738
 0.061
-0.745
-0.711
-0.574
 0.476
 0.563
-0.506
 0.403
-0.489
 0.125
 0.954
 0.827
 0.668
 2.307
 1.065
 0.276
 0.144
-0.027
 1.583
 0.213
 0.543
 1.032
-0.372
-0.014
 0.736
 0.236
-0.405
 0.444
 0.264
-0.923
-0.643
-0.178
 1.069
 0.456
-0.940
 1.748
 0.478
-0.027
 0.312
-0.289
 1.786
-0.141
 1.122
-1.206
 0.144
 0.189
 1.707
-0.068
 0.022
-0.895
 0.572
 1.432
 0.230
 1.105
 1.400
 0.514
-0.308
 0.025
 1.776
 0.433
 0.737
 1.586
 0.588
 0.374
-0.711
-0.516
 1.376
 0.671
 0.024
 0.354
-0.077
 1.651
 1.126
 0.596
 1.718
 2.190
 0.406
 0.462
 0.737
 0.115
 0.340
 0.051
 1.061
 2.109
 1.345
 1.833
 3.027
 0.095
 1.045
 2.179
 0.149
 0.666
 0.107
 0.370
 0.489
 1.124
 0.689
 1.189
 0.684
 0.131
 0.537
 1.735
-0.505
-2.241
 0.597
 0.154
 0.504
-0.172
-1.136
-1.156
 0.213
-0.929
 0.043
 0.323
 0.149
-0.962
 0.751
 0.535
-0.184
 2.045
-0.324
 1.063
-0.119
-0.147
-0.023
-0.375
-0.907
-0.485
-0.008
 1.834
 1.555
-0.568
-0.290
 0.178
-0.260
 0.003
-0.362
 0.105
 0.364
 1.401
 1.038
 1.254
 2.836
 0.731
-0.902
 0.789
 1.869
-0.028
-0.865
 0.033
 0.688
 0.418
 1.986
 0.961
 0.235
 0.747
 0.363
 0.442
-0.106
 0.715
 1.186
 0.887
 1.317
 1.167
 1.039
 0.473
-1.050
-0.868
-0.910
-0.942
-1.151
 0.904
-0.618
 0.632
 2.244
 0.497
-0.047
 0.942
-0.152
 0.012
 0.078
-0.921
-0.086
 0.618
 0.926
 1.782
 1.639
 0.547
 0.703
 1.357
 0.386
 2.130
 0.340
 0.754
 0.305
 0.185
 1.134
 1.877
 0.553
 0.251
-0.091
 0.976
 1.079
 1.481
 0.546
 1.044
 1.839
-0.591
 1.358
 0.463
 1.498
 1.190
 1.308
 0.892
 0.951
 1.255
-0.186
-0.509
-0.164
 1.947
 1.493
 0.514
 1.249
 1.753
 0.739
 1.464
-0.208
 0.738
 0.329
 1.927
 1.943
 0.798
 1.047
 0.540
 0.518
 0.708
-0.223
-0.768
-1.373
-0.383
 1.625
 0.166
 0.426
 1.558
-0.478
 0.309
 2.106
 1.652
 0.922
 1.699
 1.840
 2.192
 1.135
 0.658
 1.103
 1.182
-0.228
 1.226
-0.588
-0.093
-0.462
 0.507
 0.242
 2.269
 3.196
 2.100
 1.037
 1.588
 1.497
 1.769
 0.829
 0.970
 0.239
-0.539
 1.883
 1.250
 2.260
 1.423
 1.929
 1.210
 1.063
 0.933
 0.569
 0.599
 0.483
 0.868
 0.600
 1.085
-0.422
 0.414
 0.089
 0.427
-0.458
 2.417
 3.530
 1.453
 0.888
 1.717
 0.216
-0.793
-0.224
 0.534
 2.121
 0.184
 0.035
 0.294
-0.105
 1.086
 0.769
 1.342
 0.493
 0.091
-0.608
 0.977
 0.282
 0.409
 0.435
 0.906
-0.445
 0.553
 1.344
-0.127
 0.795
 1.010
-0.966
 0.413
 0.228
-0.059
 1.423
-0.320
-0.428
-0.185
 0.076
 0.015
-0.557
-0.357
 1.201
-1.579
-1.945
 0.052
 0.524
 0.425
 1.581
 0.421
-0.181
 0.570
 0.216
-0.598
 0.281
 0.130
 1.326
 0.074
 1.170
 0.350
 0.927
 1.736
 0.346
 1.329
 0.780
 0.284
 1.098
 1.169
 1.493
 0.515
 2.619
 1.714
 0.095
 1.352
 1.525
 0.195
 0.541
 1.305
 1.375
 1.038
 0.419
 0.197
 1.891
-0.467
 1.574
-0.686
 0.820
-0.439
 0.260
 0.406
 0.189
-0.299
-0.119
 0.610
 0.393
 0.248
 0.528
 0.383
 0.504
 1.216
 0.318
 1.121
 0.784
 1.355
-0.658
 0.321
-0.166
-0.313
-0.031
-0.248
-0.403
 0.507
 0.726
 0.540
-1.107
 0.528
 1.529
-0.016
 1.154
 0.048
 0.477
 1.027
 0.277
 2.012
-0.188
-2.491
 0.885
 1.281
 0.414
 0.286
-1.180
 0.747
 0.042
 0.658
 0.149
 1.263
 0.230
 1.724
 1.289
-0.800
-0.896
-1.269
-0.589
-1.899
-2.350
-0.290
-0.608
 0.183
-0.748
-0.220
 0.518
-0.198
 1.264
-1.023
-1.176
 0.721
-0.080
 0.592
-0.482
-1.396
-0.429
-1.378
-1.800
-0.464
-0.015
-0.698
-1.023
-1.161
 0.381
-0.111
-1.648
-1.243
 0.559
 0.603
-1.241
-1.066
 0.789
-0.181
 0.065
-2.041
-1.808
-0.655
-1.121
 1.284
-0.500
-0.163
-0.083
 0.063
-0.643
 0.030
 0.507
-1.255
-0.015
 0.055
 1.205
 1.541
 1.739
 0.642
 1.278
 0.751
-0.813
-0.583
-0.942
-0.484
-0.895
-0.851
-1.229
-0.957
 0.810
 0.789
 1.194
 0.660
 0.020
 0.460
-0.030
 0.795
-0.474
 1.953
 1.446
 0.816
 0.703
 0.142
-1.956
-0.718
-0.756
-0.518
 0.572
 0.704
-0.377
-0.446
-0.790
 0.885
-1.020
 0.223
-1.263
-1.204
 0.245
-0.221
 0.617
-1.405
-1.194
-1.110
-1.132
 0.327
 0.210
-0.741
 1.439
-0.683
 0.267
 0.597
-0.248
-0.425
 0.128
-0.915
 0.368
 0.154
-0.070
 0.080
-1.570
-0.822
-0.303
 1.034
-0.385
 0.198
 0.037
-0.165
 0.183
 0.715
 0.488
 0.971
 0.329
-0.130
 1.938
 0.835
-0.583
-0.403
 1.036
-0.492
-1.182
-0.465
 0.483
 0.051
-0.853
-0.659
 0.745
 0.238
-0.681
-0.465
-0.653
 0.909
 0.203
-0.197
 1.566
 1.239
-0.423
-0.728
 0.898
 1.142
 2.091
 0.548
 1.784
 1.454
 0.917
 1.641
 0.590
 0.260
 0.446
-0.846
 1.202
-0.236
-0.123
 0.250
 1.400
-1.031
-1.155
 0.107
 0.997
-0.263
 1.372
 1.941
 0.752
 1.531
 1.321
 1.428
 0.711
-0.338
-1.104
-0.194
 1.120
 0.875
-1.014
 0.271
 0.809
 1.569
 0.135
 2.213
 0.220
-1.142
-0.669
 0.391
 0.550
 0.910
-0.126
-0.087
-0.041
 3.395
 0.999
 1.696
 1.056
 1.170
 0.223
 0.414
 0.987
-0.959
-0.699
-2.688
-0.666
-0.858
-1.045
 0.411
-0.735
 0.589
 0.140
 0.872
-0.543
-0.714
-0.257
-0.739
 0.962
-0.010
-1.191
 0.226
-0.280
-0.645
 0.398
 0.520
-0.836
-0.142
 1.826
 0.094
 0.441
-0.970
 0.457
 0.372
 0.803
 1.440
 0.782
-0.033
 0.098
 1.681
 1.898
 1.023
 1.064
 1.324
 0.628
 2.087
 1.308
 1.486
 1.824
 1.897
 1.078
-0.206
-0.069
-1.056
 0.593
-0.607
-0.852
-2.009
-1.165
 1.054
-1.327
 0.435
-0.218
-0.658
-0.349
 0.544
-0.125
 0.864
 1.370
-0.893
-1.411
 0.368
-0.243
 0.389
 1.212
-0.176
-0.391
 1.048
-0.634
-0.600
 0.885
 0.779
-0.735
 0.209
 0.875
 2.283
 0.987
 1.701
 1.426
 0.974
 0.665
 2.521
 2.068
 2.876
 0.030
 1.100
 1.642
-0.885
-0.477
-0.288
 0.855
-1.163
 0.101
 0.016
-0.301
 0.701
 1.221
 1.795
 1.885
 1.892
 0.463
 1.618
 2.417
 1.784
 0.942
 0.683
-0.852
-0.536
 0.356
 0.929
 0.824
-0.078
 1.073
 1.363
 0.214
-0.697
 1.179
 1.642
 0.284
 0.542
 1.019
 1.757
 0.408
 0.105
-0.640
 0.272
 0.218
-0.222
-1.347
 0.462
 1.588
-0.269
-1.160
-1.283
-0.745
-1.310
-1.280
-0.508
-0.636
 0.154
 0.653
 0.083
 1.521
 1.135
 2.200
 2.251
 0.452
 1.756
-0.360
 0.560
 0.254
 0.283
 0.179
 1.010
 0.868
 0.484
 2.355
 0.982
 2.708
 1.807
 0.351
 0.226
 1.031
-0.796
-1.205
-0.220
 0.504
-0.630
-0.971
-0.126
 0.205
 1.131
 0.987
-0.134
-1.192
-0.863
 0.023
-0.085
 0.216
 0.059
-1.109
-0.087
-0.035
-0.396
 0.123
 0.098
 0.338
-0.639
 0.897
-0.655
-0.118
-1.310
-0.786
-1.540
-1.978
-0.945
-0.270
-0.113
-0.676
 0.832
-1.231
 1.034
-1.383
 0.366
 1.483
 0.441
 0.432
 1.308
 1.217
 0.520
 0.316
 0.655
 0.100
 0.519
-0.260
 1.318
-0.121
-0.062
-1.259
-0.357
-0.387
-1.070
-0.589
-0.087
 1.163
 1.066
 0.040
-1.407
 0.400
-0.595
-1.004
 0.730
 0.665
 0.727
 0.380
 1.286
 0.941
 1.059
 0.757
 0.573
 1.735
 1.605
 0.265
 0.342
 0.638
 1.166
 1.043
 0.136
 1.269
 0.033
 0.656
-0.230
 1.557
 2.135
 2.415
 1.383
 0.172
 0.149
 0.820
 0.658
-0.071
 1.468
 0.973
-1.064
-1.162
-0.660
-1.113
-0.474
 0.530
 1.352
 1.140
 0.831
 0.516
 0.120
 0.396
 2.009
 1.643
-1.393
-1.992
-0.179
-0.050
 1.434
 1.302
 1.193
-1.071
 0.638
 0.626
-0.917
-0.134
-0.716
-0.977
 0.385
 0.439
 0.239
 0.273
-0.547
 0.344
 1.559
-0.695
-0.928
-0.093
-0.091
 1.410
 1.878
 1.676
 1.252
 0.930
 0.470
 1.106
 1.463
 1.430
 1.905
 0.728
 1.064
 1.614
 1.512
 0.449
 1.105
 0.855
 0.514
-2.055
 0.020
 0.249
-1.764
 0.927
 0.513
-0.206
-0.820
-0.303
 0.988
-0.394
-0.544
-0.132
-0.343
-0.664
-1.285
 0.916
 1.659
 0.548
 0.786
 0.849
 0.441
-0.876
 0.684
 0.336
 0.491
-1.888
-0.876
 0.236
-0.645
 0.470
 0.199
 0.007
 0.970
-1.091
-0.794
-0.061
 0.569
-0.113
 0.148
 1.048
-0.255
-0.447
 1.040
 0.752
 0.388
-0.210
-0.214
 1.265
 0.250
-0.895
 0.876
-0.306
-0.540
-1.346
 0.688
 0.125
-0.102
 0.126
-0.312
-0.474
 1.414
 1.104
 0.865
-0.442
-0.005
 0.457
 2.910
-0.081
-0.416
 0.503
 0.111
 1.550
 0.130
 1.472
 1.118
 1.429
 0.460
 1.522
 1.820
-1.490
-0.352
 0.425
-1.016
 1.244
-1.081
-0.322
 0.659
 0.933
 0.671
 0.511
 0.125
-0.182
 1.536
 0.598
 0.213
 0.374
 1.330
-0.133
-1.136
 0.267
 2.039
 1.871
 1.193
 1.293
 0.436
 1.336
 2.242
 1.610
-0.804
-0.442
 1.478
 1.895
 0.952
-0.630
 0.748
-0.124
-0.100
 1.856
 0.230
 0.400
 1.521
 0.028
-0.674
-0.666
-0.814
-2.046
-0.764
-1.041
-1.705
-0.386
-1.180
 0.341
 1.187
 0.116
-0.135
-0.124
 0.445
-1.455
-0.574
 1.774
-0.036
-1.355
-1.142
-1.504
 0.063
-0.141
 0.527
-1.146
 0.230
 0.814
-0.202
-0.408
 0.429
-0.765
 0.411
 0.646
 1.399
 1.110
 0.664
 0.882
-0.370
-0.507
-1.715
 0.818
 1.796
-0.477
-0.154
 0.319
 0.449
-1.813
-0.742
-1.174
-1.454
-0.002
 0.065
 0.248
 0.750
 0.038
 1.299
 0.682
 0.320
 0.226
 0.092
-0.488
-0.554
 0.779
 0.124
 0.482
 1.254
-0.693
 1.414
 0.262
 0.316
 0.586
-0.033
 0.308
-0.314
 0.185
-0.120
 0.986
 0.314
 0.376
 0.529
-0.226
-0.239
-0.836
-2.239
-0.905
-0.405
-0.646
-2.906
-0.644
-1.433
-1.107
-0.738
-1.578
-0.418
-1.006
-0.635
-1.242
-0.269
 0.447
-0.851
 1.438
 0.274
 0.540
 0.765
 0.363
 0.315
 0.308
-0.265
 1.190
 0.083
-0.751
-1.216
 0.206
-0.435
-0.902
-1.607
-1.453
 0.059
 0.039
 0.713
 0.353
 0.094
-0.075
 0.507
-0.872
 0.521
-1.493
-0.158
 1.810
 0.975
 0.795
 0.865
-0.414
 0.767
 0.968
 0.179
 0.186
 0.358
-1.358
-1.257
-0.480
-0.681
-1.889
-0.381
-0.691
-0.200
-0.178
-2.214
-0.696
-1.479
-0.860
-0.589
 0.047
-1.088
 0.082
 0.627
-0.418
 0.531
-0.303
 0.270
-0.849
-0.255
-0.360
 0.877
-0.004
-1.175
-0.095
-1.130
-0.662
 0.405
 0.920
 1.016
 0.735
-1.297
-0.233
-0.723
-0.524
-0.234
-1.043
-0.327
-0.428
 0.550
-1.792
-0.357
-0.152
 0.581
 0.810
 0.229
-1.549
-1.089
-1.906
-1.824
 1.409
 0.550
-1.385
 0.021
 0.754
-1.236
-2.946
-1.923
-1.161
-0.352
-0.920
-1.806
-2.141
-1.557
-0.052
 1.116
-0.774
 0.005
-0.050
-0.768
-0.450
-0.946
-0.331
-1.979
 0.097
-1.188
-2.229
-1.064
-1.134
-1.460
-0.853
-0.844
 0.433
-1.104
-0.522
 0.129
-0.086
 1.703
 1.412
 0.941
 0.849
 0.194
 0.740
 0.613
 0.981
 1.156
-0.879
-0.476
 0.140
-0.566
 0.881
 1.762
-0.619
-0.868
 0.580
 0.290
-2.019
 0.143
-0.016
-0.445
 1.025
 0.695
 0.320
 2.000
-0.391
-1.862
 0.381
 0.593
 1.393
-0.312
-0.552
-0.233
-0.234
 2.234
-0.166
-0.710
-0.805
-0.313
 0.677
-0.030
 0.680
 0.505
-0.438
-0.044
-0.167
-1.001
 0.069
 0.070
 0.744
-0.393
 0.401
-0.634
-1.874
-0.444
 0.890
-0.361
-0.282
 1.503
 1.408
 1.332
-0.073
-0.887
-0.376
 0.400
 1.453
 2.315
 0.953
 0.928
 0.975
 0.038
 0.532
 1.221
 0.675
 0.215
 0.118
 0.678
-0.960
 0.932
-0.231
-1.774
-0.996
-0.113
-0.246
 0.571
-0.304
-0.520
 0.120
-0.694
-0.035
 1.510
 0.534
 0.024
 0.302
 0.046
-0.456
-0.930
-0.224
-0.663
 0.024
-1.042
 0.214
 0.196
-0.615
-1.379
-0.753
-0.118
 1.426
 1.202
 0.202
 0.674
 0.903
 0.562
 1.159
 0.276
-0.175
 0.168
 0.280
 1.091
 0.860
-0.444
 1.175
 0.129
 2.016
 1.981
 1.454
 1.375
 0.528
 1.984
 0.392
 0.598
 0.990
 1.994
 1.578
 0.736
 0.677
 0.323
 0.532
 0.409
-0.089
 1.619
-0.137
-0.069
 0.519
 1.099
 0.626
 0.104
 0.572
-0.094
 0.629
-0.626
 0.442
 0.269
 0.075
-1.005
 0.786
 1.186
 2.179
 0.749
-0.029
 0.705
-0.865
 0.617
 0.449
 0.188
-0.259
 0.412
 1.856
 0.616
 1.428
 0.026
-1.041
-0.001
-0.637
 0.669
 0.350
 0.887
-0.133
-0.748
-0.498
-0.359
-0.497
-1.157
-0.789
-0.666
-0.216
-0.617
-1.162
-0.573
-1.439
-1.397
-1.877
-1.654
-0.267
 0.089
 0.085
 0.466
-1.071
-0.564
 0.789
-0.543
 0.068
-0.678
-1.847
 0.221
-0.319
 0.011
 0.188
 1.445
 0.401
 0.379
-0.305
-0.052
 0.334
 1.561
 0.358
 0.144
 0.160
 1.271
 0.318
 0.872
-1.358
-0.861
-0.983
-0.264
-0.928
 0.779
 0.013
-0.606
-0.056
 0.273
 0.587
-0.230
-1.773
-0.333
-0.408
-0.984
 0.479
 0.772
 1.837
 1.525
-0.066
 1.238
-0.582
 0.569
-0.550
 1.753
-2.240
-0.008
-0.576
-1.472
-1.660
 0.915
 0.857
-0.905
-0.397
 0.317
-0.369
-1.106
 0.315
 0.992
 0.970
 0.220
-0.421
-0.161
 0.275
 0.722
-1.024
-1.407
 1.156
-0.563
-1.374
-0.009
-2.429
-3.143
-0.641
-1.233
-1.600
-0.480
-1.296
-0.392
-1.961
-1.792
-0.434
-1.927
-1.545
-1.663
-1.597
-0.575
 0.627
-0.061
-0.620
 1.661
-0.312
-0.499
 0.305
 0.979
 1.185
 1.350
-0.569
-0.304
 0.129
-1.238
-1.033
-0.801
-1.077
-1.762
-0.079
-0.116
 0.310
-1.813
 0.353
 0.211
-1.364
-0.269
-1.277
-1.979
-1.468
-0.924
-2.010
-1.384
-2.141
-2.355
-0.041
-1.415
-0.940
-0.692
 1.308
 0.450
 1.301
 0.753
-1.404
 0.223
-1.180
-0.135
-1.313
 0.614
 0.457
-0.583
 0.234
 0.188
 0.363
 1.129
-0.391
-0.189
-1.086
 0.259
 0.320
-0.931
-0.323
 0.621
-0.710
-0.031
 1.929
 1.245
 0.294
 1.629
-0.027
-0.938
-0.255
 0.371
 0.168
 0.848
-0.046
-0.969
-0.181
 0.792
-0.521
 0.709
 0.823
-0.630
 0.382
 0.432
 0.112
 1.128
 1.225
 0.184
 0.423
-0.754
-0.456
 0.665
 1.350
 0.294
 0.226
-0.197
-0.252
 0.690
 0.939
 1.679
 0.067
-0.015
 1.417
 1.082
-0.009
-0.126
 1.033
 1.153
-0.390
 0.121
-0.325
 0.536
 1.245
 1.588
 0.268
 0.811
 1.699
 0.203
-0.228
 1.230
 0.393
-0.351
 1.367
 1.876
 0.029
 2.451
 1.898
 0.941
 0.380
 0.767
 1.704
 0.233
 0.265
 0.319
 0.844
 1.213
-0.317
 0.460
 1.598
 2.271
 1.637
-0.268
 0.821
 0.146
 0.923
 1.701
 2.090
 2.150
 1.729
 1.077
 0.204
-0.039
-1.267
 0.511
 0.358
 0.740
 0.177
 0.215
 0.310
-0.631
 1.319
 0.522
 1.924
-0.577
 1.610
-0.629
 0.553
 1.512
-0.328
 0.263
 0.835
 1.678
 1.356
 1.977
 0.836
 0.871
 0.431
 1.653
 2.496
 1.301
 0.083
 1.664
 0.225
 1.600
 0.498
 2.181
 1.591
 1.361
 0.608
 1.592
 0.666
 2.253
 1.433
-0.599
 1.624
 0.938
 1.918
 2.270
 1.559
 1.214
 1.805
 0.470
 0.147
 1.652
 0.832
 0.236
 1.157
 1.203
 0.983
 0.065
-0.142
-0.284
-0.970
 0.569
 1.190
 0.550
 0.747
 0.853
 0.333
 0.690
-0.004
 0.136
 0.753
-0.463
 0.375
-0.548
 0.436
 0.849
 0.626
 0.597
-1.974
 0.747
 1.413
 1.197
 0.291
 0.867
 0.885
-1.153
 0.270
 0.520
-0.262
 0.114
-0.301
 0.047
-0.714
-0.587
-0.199
 0.213
 0.052
-0.506
 0.809
-0.826
-1.931
 0.445
-0.386
-0.541
-0.729
-0.524
 0.564
 0.061
-0.114
 0.047
-0.117
 0.307
 0.287
-0.046
-0.324
-0.305
-0.418
 1.642
 0.409
-0.117
 1.857
 0.322
 0.602
 1.056
-2.087
-1.844
-0.408
 0.104
 0.410
-0.974
 0.234
 2.688
 0.301
-0.265
-0.240
 1.718
 1.328
 1.225
 0.787
 0.077
 0.487
 0.752
-0.724
 0.926
 0.970
-0.699
-0.194
-0.542
-1.317
-0.147
 0.481
 0.097
 1.024
 0.253
-0.412
 1.426
 0.448
 0.604
 0.750
 2.012
 1.218
 0.886
 1.738
 0.426
 0.613
 1.575
 0.628
 0.864
 1.706
 1.796
 0.221
 0.300
-0.197
 1.632
 1.260
 1.417
 1.687
 0.855
 0.236
 1.724
 0.795
 1.503
 2.601
 0.566
-0.060
 0.319
 1.526
 1.164
 0.841
 0.469
 0.642
 0.698
 0.572
 1.404
 1.813
 0.526
-0.432
 0.713
 0.228
-0.145
 0.548
-1.324
 1.606
 0.814
 2.107
 0.617
 1.495
 0.300
-0.325
-0.311
 0.823
 0.932
 1.498
 1.166
 1.676
 2.030
 1.996
 2.119
 1.091
 0.550
 0.311
 0.675
-0.171
 0.609
-0.828
 0.482
-0.233
-0.436
-0.749
-0.680
-0.237
-0.363
 0.070
-0.204
 1.508
-0.454
 0.770
-0.124
-0.620
-0.102
-0.286
 0.963
-0.110
-0.311
-0.760
 0.457
 0.969
 1.584
 1.325
 1.460
 1.571
 1.367
 0.669
 0.866
-0.109
 0.459
 1.302
 0.004
-0.170
-0.093
 1.010
 1.519
 1.435
 1.023
-0.331
 0.169
 0.348
 0.388
-1.566
-1.466
-1.241
 0.230
 1.260
 1.726
 0.265
 0.121
-0.300
-0.488
 0.838
 1.399
 0.942
-0.044
 1.649
 1.865
 1.358
-0.696
 0.454
 0.972
 1.571
 2.416
 1.266
 1.483
 1.608
 1.908
 1.165
 1.204
 1.580
 1.660
 0.842
 0.977
 1.550
 0.397
 2.191
 2.808
 3.101
 2.551
 0.611
 1.581
 1.282
 1.637
 0.521
 0.091
 1.317
 1.544
 2.052
 0.943
 1.341
 0.699
 0.194
 0.271
 1.085
-0.314
 0.140
 1.419
 0.692
 2.905
 1.848
 0.336
 2.446
 2.307
 1.585
 2.407
 2.282
 1.192
 1.091
 0.934
 1.511
 1.100
 1.804
-0.582
-1.054
-0.186
 0.544
 1.168
 0.120
 1.347
 2.557
 1.533
 0.812
 0.478
 1.282
 0.369
-0.104
 0.532
-0.583
-0.272
-0.244
 0.873
-0.106
 0.081
 0.274
-1.564
 0.102
-1.862
 0.696
 0.252
-1.254
 0.526
 0.051
-0.122
 0.157
-0.293
-0.315
 1.665
-0.093
-0.797
 0.515
-0.409
 0.260
-0.902
-1.111
 0.298
 1.643
 1.186
 0.114
 0.521
 1.785
 0.693
 1.357
 1.331
 1.055
 0.683
 0.326
-1.063
 0.060
-1.123
-0.693
 0.389
-0.443
 0.203
-1.603
-1.542
-0.899
 0.804
 0.179
-0.128
 0.300
 0.229
-0.364
-0.615
-0.153
 0.062
-0.079
-0.808
-0.886
-0.053
 1.652
 1.132
 1.236
 0.433
 0.455
 0.450
 1.248
 0.662
 1.467
-0.261
-0.981
-0.094
-0.771
-2.073
-1.287
 0.318
 0.005
-1.731
-0.164
-1.511
-0.318
-0.290
-0.051
 0.323
 0.779
 0.668
 1.138
 1.438
 0.854
 1.480
 0.825
 1.180
 0.682
 0.600
 2.353
 1.121
-0.267
-0.993
 1.598
 2.092
 0.052
 1.390
 0.854
 1.336
-0.737
-0.901
-0.417
-0.499
 0.312
 0.991
 0.549
 0.484
 0.010
 0.002
 1.472
 0.715
 0.853
 1.096
 1.346
 1.655
 3.212
 0.853
-0.344
 1.024
 1.173
 1.440
 0.861
-0.571
 0.601
 0.985
 1.074
 0.756
 1.738
 0.005
 1.455
 1.699
-0.146
 1.061
-0.408
-0.165
 1.020
-0.056
 0.109
 1.237
 0.397
 0.372
 1.641
 1.094
-0.355
-0.547
-0.165
-0.207
 0.392
 0.664
 0.371
-0.751
 0.274
 0.073
 0.090
 0.390
-0.393
 0.204
 0.221
-0.463
-0.673
 0.872
 0.480
 0.703
 0.294
 1.062
 1.989
 0.277
 0.212
 1.855
 0.845
 0.715
 0.731
 2.010
 1.510
 1.404
 1.835
 1.830
-0.365
 0.418
 0.503
-1.360
-0.528
-0.053
-0.998
-0.365
 0.334
-0.075
 0.990
 0.276
 0.435
-0.956
-1.019
-0.098
 0.017
-0.556
-1.368
 0.950
 0.367
 1.542
 0.006
-0.051
 0.504
-0.211
 0.971
 0.438
-0.124
 0.014
 0.119
-1.187
-1.106
-0.488
 0.118
 0.302
-0.145
 0.373
-1.360
-1.613
-0.161
 0.116
 0.221
 0.449
 1.032
 0.386
-0.087
-0.171
-0.353
 1.088
-1.489
-0.614
 0.007
 0.508
-0.394
 0.326
 0.209
-0.949
-0.521
-0.091
-0.075
 0.562
-0.421
 1.959
 0.181
-0.663
-0.130
-1.341
 0.836
 0.980
 0.103
-0.789
-2.006
-1.836
 0.447
 0.323
-0.186
 0.004
 0.253
 0.629
-0.277
 0.622
 1.306
 2.666
-0.367
 2.611
 1.096
 1.243
 1.273
-0.675
 0.630
 0.699
 0.298
 0.281
-0.021
 0.818
 1.659
 0.565
 1.089
 1.644
-0.026
 0.398
 1.197
 0.712
 2.283
 1.775
 2.103
 0.896
-0.286
-1.527
-0.534
 0.871
 0.186
 1.087
 0.658
 0.505
 0.388
-0.101
-1.465
 1.155
 1.153
-0.343
 1.006
 0.814
 0.615
-0.015
 0.939
 0.532
 0.563
-0.080
 1.946
 0.125
 0.776
 1.362
-0.077
-1.033
-0.863
 0.104
-1.062
 0.561
 0.724
 1.282
-0.292
-0.100
 0.761
 0.983
 1.148
 0.360
 1.557
 2.339
 1.457
 0.696
 1.106
 0.632
 0.745
 1.274
 1.047
-0.487
 0.404
 1.536
 0.311
-0.264
 1.344
-0.621
 0.327
-0.279
-0.168
-0.886
-0.286
 0.741
 0.447
-0.988
-0.768
-0.321
 0.590
 0.381
-0.670
-0.103
 0.683
 0.829
-0.382
-0.200
-0.340
 1.019
-0.116
-0.691
-0.974
 0.219
 0.461
-1.091
 1.895
 1.343
 1.274
 1.756
 1.103
 0.210
 0.516
 0.134
 1.955
 0.833
 0.813
 0.231
 1.483
 1.011
 0.713
 0.572
 1.410
-0.180
 0.678
-1.110
-0.118
-1.063
-0.296
 1.522
 0.758
-0.872
-0.186
-0.483
 0.318
 1.193
 0.949
 0.368
 0.194
-0.240
 1.174
 0.549
 0.894
-1.123
 0.024
-1.029
-0.110
-0.258
 1.452
 1.260
-0.448
 0.054
-1.086
-1.163
-0.008
-0.422
-1.675
 0.396
 0.669
 0.694
-0.667
-0.539
-0.536
-0.263
-0.610
-0.966
-0.562
-0.397
-1.344
 0.240
 0.877
-0.696
-1.245
-1.075
-0.393
 0.061
-0.844
 0.048
-0.698
 0.081
-0.088
-1.463
-0.311
-0.805
 0.651
-0.398
-0.170
 1.878
 1.654
-1.209
-2.013
 0.116
-0.478
-0.155
-0.664
-1.103
-1.193
 0.409
-1.098
-0.483
-0.862
 0.226
 0.129
 1.175
 0.125
 0.098
 1.294
 0.819
 0.927
 1.134
 1.390
-0.724
-1.132
 0.015
 1.152
 0.459
 0.167
-0.028
 0.959
-0.835
-1.212
-0.956
-1.956
-2.634
-1.042
-1.619
 0.317
-0.173
-1.065
-1.389
 0.572
 1.336
-0.717
 0.670
 0.599
-0.348
-1.501
 0.886
 1.651
 0.458
 0.255
 0.785
 1.662
 1.221
 0.455
 1.498
 0.758
 1.564
-0.785
 1.262
 1.315
 1.743
 2.780
-0.297
 0.217
-0.434
 1.136
-0.336
 0.392
-0.801
-0.371
 1.279
 0.416
-0.341
 0.013
 0.262
 1.193
 1.003
 0.167
 0.392
 0.403
-0.653
-0.904
-0.082
-0.046
 0.693
 0.498
 0.869
 1.003
 1.458
 0.585
-0.787
 0.065
 0.076
 0.849
 0.313
-1.475
-0.168
-0.281
-0.988
-0.976
 0.335
 1.878
 0.321
-0.167
-0.753
-2.055
-1.821
 0.299
 0.380
 0.218
 1.348
 1.022
-0.421
 0.533
 1.326
-0.757
-1.351
-1.348
-1.971
 0.058
-1.281
-0.760
-0.080
-0.199
 1.619
 1.191
 1.217
 0.466
 0.083
-0.066
 0.094
-1.163
 1.004
 0.488
 0.611
 0.809
-0.266
 0.033
-1.403
-1.497
-0.924
-0.419
-0.823
-0.791
-1.556
 1.175
 0.787
 0.399
 0.140
-0.400
-1.449
-0.606
-0.501
-1.484
 0.304
-0.282
 0.612
-0.240
-1.098
-1.045
-0.102
-0.162
-0.992
 0.341
 1.202
 0.960
 1.398
 0.370
 1.265
 0.773
 1.354
 0.259
-0.037
 0.079
 1.168
 0.073
 2.034
 0.095
-0.662
 0.596
 1.464
 0.086
 1.026
 1.108
 0.881
 0.705
-0.099
-1.250
 0.076
 0.244
 0.113
-0.258
 0.780
 0.252
-0.437
 0.112
-0.160
-0.723
-0.695
-0.750
 1.102
 0.125
-1.089
 0.048
-1.637
-1.444
 0.017
-1.656
-1.353
 0.420
-0.549
 0.409
-0.029
 0.718
 1.627
 1.315
 0.950
 1.435
-0.612
-0.239
 1.299
-0.166
-2.025
-0.612
 1.028
 0.743
-0.614
-0.290
-0.143
-0.182
 0.412
 0.890
 0.245
-0.837
 0.321
 1.503
 0.995
 0.322
-0.589
-1.898
-1.269
-1.630
-1.828
-0.575
-2.061
-0.454
-1.929
-0.619
-1.917
-1.784
-1.891
-1.101
-1.468
-0.152
-1.755
-0.524
-0.300
-0.529
 0.541
-0.713
-1.494
-0.619
-1.377
-0.428
-1.019
 0.524
-0.137
-1.075
 0.483
 0.471
 0.817
-0.922
 2.231
 0.650
 1.627
 0.882
-0.119
-0.921
 0.518
 0.607
 1.997
 0.960
 0.328
 0.525
 1.449
 1.717
 2.234
 2.410
 1.633
 0.462
 1.326
-0.031
 0.345
 1.452
 1.088
 0.947
 0.929
 0.287
-0.039
-0.353
-0.336
 0.578
 0.306
 1.265
 1.105
 3.341
 2.382
 2.584
 0.327
 0.700
 0.409
 0.998
-1.621
-0.515
-1.115
-0.400
 1.903
 1.247
 1.298
 0.486
 0.623
 1.183
 1.297
-0.842
-0.598
-0.665
 0.470
 1.112
-0.887
 0.230
 0.236
 1.874
 1.348
 1.115
-0.345
 0.429
 1.045
-0.430
 0.234
-0.977
-0.493
 0.410
-1.081
 0.609
 1.538
-0.604
-1.000
 0.302
 0.199
 1.616
 1.067
 0.554
 0.810
 0.917
 1.330
 0.999
-1.186
-1.033
 0.838
-1.273
-0.824
-0.702
-1.239
-0.414
 1.115
 2.209
-1.298
-0.725
 1.238
 0.268
-0.155
 0.526
-0.310
 0.760
 0.248
 0.802
 0.275
 0.636
 0.353
 0.842
-0.939
-0.251
-0.795
-0.614
-0.954
 0.339
-0.215
-0.440
-0.825
-0.666
-0.734
 1.286
 0.213
-0.420
-0.995
 0.913
-0.875
-0.498
-0.302
-0.490
-1.702
-0.319
-0.477
-0.238
 0.444
-0.500
 0.935
 0.361
-0.811
-0.626
-0.587
-0.030
-0.499
-2.134
-0.809
-0.817
-0.707
-0.680
-0.991
-0.898
-0.751
-0.384
-1.225
-0.461
-0.139
-0.111
 0.425
-0.296
 0.950
-0.087
 1.004
 1.213
-0.102
 0.411
-0.260
 0.526
-0.330
-0.443
 0.879
-0.858
 0.111
 0.249
-0.438
 0.331
-0.561
-0.886
-0.604
-1.314
-0.252
-0.090
-0.171
 0.975
 1.239
-0.743
-0.767
 0.567
-0.280
 0.737
 1.556
 0.622
 1.231
 0.558
 1.104
 2.846
 0.930
 1.451
 1.157
 1.806
-0.842
 0.382
 0.437
-0.226
-1.073
-1.023
 1.004
-0.551
-1.042
 1.016
 0.287
 0.835
 2.314
 0.157
-0.526
-1.079
-1.038
-0.182
-0.061
-1.582
-0.081
 0.702
-0.912
 0.182
 0.473
 2.213
 0.324
-0.325
 0.604
-0.065
 0.518
 0.084
 0.306
 1.027
-0.237
 0.330
 0.399
 0.184
-0.632
-0.625
-0.971
-1.368
-0.558
 0.707
 1.018
 1.154
 0.168
 1.428
 1.038
 0.032
 2.227
 0.259
 1.190
 0.559
 2.065
 1.777
 0.554
-0.608
 0.979
 1.109
-0.363
 0.389
-0.377
 0.142
-0.025
 0.559
-0.362
 0.130
 0.327
 0.470
-0.235
 0.102
 0.186
 0.634
 0.896
-1.052
-0.809
-1.432
 0.252
 0.253
 0.254
 0.531
 0.821
-0.217
 0.943
-0.859
 1.114
 1.624
 0.810
-0.744
-0.678
-1.338
-0.293
 1.120
 0.011
 0.827
-1.044
 0.296
 1.217
 1.756
 0.943
 1.347
 0.697
 0.377
 0.308
 0.569
 0.384
-0.018
-0.495
 0.987
-0.299
-0.758
 0.012
 1.039
-0.386
 0.486
 0.313
-0.041
 1.450
 1.753
 0.101
 0.010
-0.196
 0.471
-0.061
 1.321
 1.271
 1.784
 1.234
 0.741
 1.671
 0.640
 1.218
-0.126
-0.406
 1.561
 0.639
 1.867
 1.349
 0.910
-0.102
 0.416
 0.481
 0.459
-0.158
 1.767
 1.315
 0.717
 0.604
-0.187
 0.182
-0.900
-0.155
 0.222
 0.562
 1.198
-0.419
 2.274
 1.663
 1.913
 0.962
 0.789
 0.087
-0.026
-0.807
-1.308
-0.358
 1.159
 1.756
 0.550
 0.298
 0.111
 1.281
 0.632
 1.055
-0.860
-0.947
-0.957
 0.655
 0.073
 0.754
-0.053
-1.578
-0.359
-1.116
 1.492
 0.858
 1.695
 0.928
 0.753
-0.999
-0.071
-0.704
 0.724
-0.786
 0.062
 0.955
 0.117
 0.430
-0.491
 0.524
-0.847
-0.380
-0.184
-1.632
 0.038
 0.518
 0.570
 0.185
-1.911
-1.980
 0.198
 0.543
-0.500
 2.014
 0.946
 0.285
-0.839
-0.388
 1.893
 0.729
 0.166
 0.014
 1.519
 1.448
 1.514
 0.598
-0.324
-1.680
 0.918
 0.506
-0.251
-0.628
 0.509
-0.317
-0.817
 0.860
-0.103
-0.097
 1.380
-0.777
-0.044
 0.443
 1.151
 1.677
 0.222
-0.514
 0.570
 0.255
-0.535
-0.557
 0.529
 0.345
-0.372
 0.374
 0.008
-0.184
-0.762
-0.776
 1.602
 0.856
 1.701
 0.827
 0.838
 0.358
 1.047
 0.767
-0.205
-0.220
 0.314
-0.133
 0.758
 0.357
-0.169
-1.542
 0.335
 0.725
 2.158
 2.076
 1.384
 1.195
 1.243
 1.252
 0.973
 1.906
 1.315
 0.791
 2.933
 0.982
 1.136
-1.166
 0.738
 1.458
 1.749
 1.576
 1.635
-0.337
 1.334
 0.593
 1.141
-0.572
-0.446
 0.494
-0.246
-0.126
-0.376
 0.897
 0.589
 0.738
 0.330
 0.381
-1.480
 0.372
 0.397
 0.080
 0.823
-1.688
 0.660
 0.119
 0.961
 0.570
 0.597
 1.267
 1.770
 0.677
-0.341
-0.591
 0.292
-0.380
 0.791
-0.242
 0.988
 0.386
-0.270
-0.065
-1.489
 0.453
 0.410
-0.815
-0.561
-1.327
-1.334
-1.765
-0.647
-0.270
-2.736
-0.749
-0.475
-0.757
-0.412
-2.030
 0.654
-0.219
-0.134
-0.881
 0.489
-0.798
 0.068
-0.870
-0.631
-1.604
-1.684
-2.228
-0.289
-0.179
 1.209
-0.419
-0.440
-1.810
-1.947
-0.704
-0.250
-0.542
-0.745
-0.905
-0.853
-1.193
-1.936
-1.649
-1.323
-0.896
-1.702
-1.365
-1.769
-1.754
-0.192
 1.269
-0.678
-0.129
-0.171
 0.265
 0.713
 0.615
 0.971
 0.293
 0.123
-0.802
 0.174
-1.205
 1.159
 0.828
-0.504
 0.200
 0.560
 2.092
 1.371
-0.386
 0.929
 0.991
-1.808
-1.277
-1.102
-0.669
-0.497
-0.223
 0.239
 1.265
 1.343
 1.233
 1.181
 0.516
 0.635
-0.364
 1.412
 1.659
 1.838
 0.714
 0.385
 0.551
-0.164
-2.274
 0.230
-0.915
-0.561
-0.803
 0.186
-0.420
-1.330
-0.771
-0.639
 0.637
 0.359
-0.608
-1.180
-0.736
 0.996
-0.928
 0.090
-0.420
 0.243
-0.178
-0.802
-0.072
-0.084
-0.051
 0.631
-0.981
 1.054
 1.397
-0.047
-0.576
 0.318
 0.691
 1.479
 0.589
-0.362
 0.517
 1.156
 0.306
 0.107
-1.154
-0.058
-0.576
-0.660
-0.397
-1.157
-0.029
-1.152
-2.649
-0.218
-2.438
-0.079
-1.126
-0.886
-1.302
-0.386
-2.621
-0.497
-1.902
-1.946
-0.547
-0.003
 0.672
-1.373
 0.297
-0.740
-0.520
-0.688
-0.806
-0.871
-0.264
-0.245
 1.366
-0.455
-1.332
-0.771
-0.101
 0.519
-0.640
-0.459
-0.934
-0.035
 1.230
 0.090
-0.069
-0.260
-0.249
 0.057
 0.248
-0.120
-1.775
-1.262
 0.257
-0.039
-0.960
-1.423
 0.196
-0.647
 0.185
 2.263
 0.224
 1.259
 0.113
 0.011
 2.576
 0.008
-0.419
-0.079
-0.625
 0.774
 1.305
 1.240
 0.593
 1.312
-0.427
 0.551
 1.292
-0.053
 0.865
-0.091
 0.189
 1.091
-0.604
-0.848
-0.291
 1.373
-0.794
-0.652
-1.903
-1.634
-0.987
-0.585
-2.185
-1.006
-0.182
 0.438
-1.275
 0.571
 0.859
 0.283
-0.782
 1.039
 1.204
-0.074
 0.723
-0.329
-1.436
 0.026
 0.074
-0.662
-0.685
 0.056
 1.157
 0.205
-0.917
-0.631
-0.137
-0.593
-0.921
-0.508
-0.279
 0.320
-0.076
 0.320
-0.860
-0.449
 0.600
-1.088
-1.283
 1.036
-0.100
-0.753
-1.329
-1.200
-0.138
 0.400
 0.025
 1.788
-0.022
-0.452
 0.727
 0.162
-0.445
-0.704
 0.648
 0.044
-0.103
 0.313
 0.820
-0.430
 0.856
 0.807
-0.606
-1.101
-2.784
-1.583
-0.897
-0.207
-0.402
 0.143
 0.057
-0.671
-0.167
-0.248
-1.399
 0.257
 0.047
 0.860
 0.835
-0.413
 0.176
-1.176
-1.648
-1.672
-0.378
-0.056
-1.549
-0.768
-0.495
-0.221
-1.206
-0.303
-1.209
-0.489
-1.026
-0.203
-0.848
-1.628
 0.425
 0.079
 0.843
-0.976
-1.907
-0.933
-0.084
-0.949
 1.524
-1.954
 0.157
-1.232
-0.965
-0.183
-0.379
 0.501
 0.579
-0.296
-1.223
-0.012
 0.649
-0.970
-1.072
 0.270
-1.258
-0.795
-0.680
-0.545
-1.376
-0.758
-1.053
 0.048
 0.038
-0.338
-0.7