.223
-1.135
 0.398
-0.518
 0.679
 1.094
-1.606
 0.046
-1.267
-0.892
 0.882
-1.928
-1.629
-1.446
-2.542
-2.077
-0.910
 0.200
 0.637
-0.398
-0.337
-1.689
-0.017
-0.486
-1.617
-0.348
-1.379
-0.251
-0.372
-0.262
-2.215
-2.902
-0.409
 0.344
-0.327
-1.059
 0.361
-0.943
-1.525
-2.036
-0.405
-1.066
-0.798
-0.788
 0.206
-0.461
-0.848
-2.271
-0.776
-0.958
-1.078
-1.436
-2.274
-2.172
-0.999
-2.348
-2.193
-2.047
-2.906
-2.628
-2.207
-2.954
-1.894
-1.699
 0.037
 0.115
-0.629
 0.190
 0.630
 0.286
 0.053
 0.519
 0.138
-0.166
-0.873
-0.200
-0.312
-1.005
 0.451
 0.991
 0.418
-0.220
-2.309
-0.447
 0.049
-1.259
 0.699
 0.121
-0.700
-0.631
-0.310
-0.827
 1.637
 0.241
 0.056
 1.456
 0.913
 0.736
 0.646
 0.594
-0.784
-0.631
-0.235
-1.022
-0.444
-0.297
-1.241
-1.129
-0.970
-0.863
 0.438
-0.746
 0.706
 0.130
-1.336
-0.371
-0.433
 1.425
-0.636
-0.867
-1.265
-0.824
-1.270
-0.399
-1.558
 0.126
 0.251
-0.853
-1.316
 1.230
 0.110
-0.501
-2.147
-1.851
-1.053
-0.485
-1.937
-0.831
-0.217
-1.558
 0.511
-0.957
 1.649
 0.223
-0.585
-0.427
-1.297
-1.215
-2.611
-0.040
 0.660
 0.069
-1.823
 0.183
-1.478
-2.272
-1.313
-2.147
-1.759
-1.421
-0.582
 0.131
-0.736
-0.092
-0.316
 0.488
-0.135
-0.152
-1.723
-1.231
-0.333
 0.843
-0.935
 0.216
 0.001
 1.844
 0.959
 0.286
 2.237
-0.090
-0.826
 0.079
-0.402
-0.769
 1.110
 0.871
 0.661
-1.113
 0.007
 0.411
-1.601
 0.132
-0.194
-0.156
-0.832
 1.203
 0.330
 0.014
-0.075
 0.767
-1.209
-0.211
-1.385
-1.830
-0.187
 0.765
-0.628
-0.882
 0.382
-1.069
-1.182
-1.155
-0.130
 0.292
-0.811
-0.024
-0.820
 1.015
 0.468
 0.596
-1.006
-0.633
-0.473
-0.036
-0.838
-0.061
 1.028
-0.418
 0.474
 0.022
-0.555
-0.362
-0.177
-1.072
-0.677
-2.168
-0.454
-0.425
-1.548
-1.963
-0.211
 0.645
 0.259
-0.513
 1.215
 0.086
 0.434
 0.939
 0.064
-0.173
-0.792
-1.185
-1.458
-1.064
 0.678
-0.702
-0.529
-0.259
 0.237
-0.042
-0.823
 0.255
-1.383
-0.055
 1.595
-0.084
-0.909
 0.085
 0.348
-0.272
 0.163
-0.690
-1.027
-0.415
-1.977
-1.355
 0.936
-0.529
-1.323
-0.578
-0.919
-0.797
-0.588
-0.495
-1.965
-1.602
-1.129
-1.214
-1.614
-1.496
-0.182
 0.395
-0.474
-0.995
-1.188
-2.124
-2.419
-2.450
-1.435
-0.865
-1.760
-1.447
-0.537
-0.515
-1.398
 0.817
 0.097
 1.040
 0.299
-1.414
-0.211
-0.421
 0.344
 0.354
 1.498
-1.610
 0.147
-1.376
-0.816
-0.163
-1.186
-0.625
 0.032
 0.677
 2.097
 0.005
 0.555
-0.814
-0.617
 0.544
-1.114
-0.209
-1.155
-0.646
-0.785
-0.904
-0.977
-1.715
-1.076
-0.114
-1.482
-1.881
-0.126
-0.262
 0.873
-0.210
-2.312
-0.361
-0.916
-1.885
-0.364
-0.023
-0.874
-0.482
-0.195
-2.060
 0.658
-1.284
 0.838
 0.952
 0.442
 0.698
-0.309
 0.531
 0.041
-0.060
 0.028
 0.119
 0.658
 1.930
 0.188
 0.285
 1.304
 1.726
 1.297
-0.379
 0.363
 0.123
-1.592
-1.645
 0.108
-1.408
 1.149
 1.686
 0.929
-0.038
 0.494
 0.311
 0.553
 2.011
 0.049
-0.567
 0.186
 0.176
-1.009
-0.462
-0.385
 0.194
 0.700
 0.640
 1.192
-0.860
-0.232
 0.014
 0.460
 0.315
-0.317
 0.302
 0.845
 1.619
 0.701
-0.140
 0.714
-1.520
-1.410
-1.267
 0.998
 0.043
-0.037
-0.008
 0.641
 0.943
 1.152
-0.303
 1.202
 0.948
 0.172
 1.001
 0.000
-1.020
-0.238
-0.559
-0.651
 0.419
-0.623
 1.896
 0.104
 0.454
-0.330
 0.289
 0.538
-1.255
-0.372
-1.044
-0.417
-0.670
-1.230
-1.397
-2.301
-1.987
 0.048
 0.238
-0.078
-1.151
 0.804
-1.733
-1.171
-1.458
-2.799
-1.552
-1.493
-1.423
-1.216
-0.773
-0.766
-2.114
-0.107
-0.692
-0.334
-0.544
-0.896
-2.254
-1.775
-0.936
-1.927
-0.071
-0.073
-0.783
 0.264
-0.061
-1.267
-1.068
-0.042
-2.082
-1.337
-1.640
-1.562
-1.322
-0.374
 0.171
 0.263
-0.093
-0.910
 0.162
-0.290
-0.930
-1.919
-1.565
-1.724
-1.378
-0.413
-0.510
 0.471
 0.798
-0.465
-0.856
 0.938
 0.371
 0.493
-0.517
 0.968
-0.393
-0.744
-0.550
 0.345
 0.343
-1.092
 0.692
 1.135
-0.172
 2.579
 0.917
 0.546
 1.368
 0.273
-0.535
-0.179
-1.102
-1.286
-0.259
-0.411
-1.832
 0.691
 0.349
-0.915
-0.321
 0.811
-0.081
 1.146
 0.243
-0.528
-0.791
 1.162
 1.191
-0.887
 0.591
 0.055
 1.201
 1.570
-0.159
-0.814
 0.694
 1.332
-0.975
-0.846
-0.364
 0.313
-0.929
-2.602
-1.514
 0.550
-0.030
 0.056
-0.929
-0.153
 0.525
 0.364
 0.458
 0.895
 0.127
-0.393
 0.713
-0.263
 0.468
 0.999
 0.664
-0.195
 1.420
 0.779
 0.408
 0.059
 0.539
-0.766
-1.165
-0.345
-1.477
 0.870
 1.529
 1.160
-0.181
-0.622
 0.625
 0.424
 0.275
 2.200
 2.017
 1.446
 0.627
 2.014
 0.847
 1.354
 0.690
 1.066
 0.069
-1.063
-0.067
-1.208
-0.793
 0.287
 0.059
 0.545
 0.723
 1.212
 1.248
-0.008
 0.182
 0.311
 1.059
 2.132
 0.810
 1.219
 0.459
-0.633
-0.202
 1.560
 0.464
 0.645
 0.167
 0.934
-0.447
 0.446
 0.335
 0.511
 1.214
 1.197
 0.391
 0.565
 1.608
 0.523
 1.964
-0.220
 0.193
-0.353
-0.386
-1.054
-0.432
-0.074
 0.880
-0.644
-0.192
-1.184
-0.474
-0.654
-0.576
-0.581
-0.319
-0.791
-1.870
-1.423
-2.138
-1.337
 0.006
-2.538
-1.746
-0.912
-0.705
-1.234
-0.477
-0.027
-0.831
-1.429
-0.862
-0.410
 0.169
-0.501
-0.072
-0.741
-0.168
 0.169
 1.558
 0.501
-1.539
 1.111
 0.036
-0.131
-0.251
 0.140
-1.434
-0.424
 0.550
-0.893
 0.229
-0.677
-1.169
 0.634
 1.227
-1.093
-1.705
-1.446
-0.197
-1.708
-1.517
-0.101
 0.696
-0.055
 0.108
-1.312
-0.625
 0.182
-0.224
-1.202
-0.926
 1.184
-0.614
-0.271
 0.077
 1.308
 0.352
-0.125
-0.676
-0.840
-0.764
-0.415
-0.594
-1.321
 0.032
 2.397
 0.172
 1.364
-0.319
-0.550
 1.410
-0.163
-0.310
 0.288
 0.515
-0.044
 1.463
-0.676
-0.617
-0.946
-0.728
-1.351
-1.337
-0.635
-0.580
 0.423
-0.997
-0.734
 1.317
 0.480
-0.299
 1.743
 0.833
-0.415
 1.087
 0.163
-0.576
-1.088
 0.999
-1.580
-0.375
-1.032
-1.774
-1.069
 0.530
 1.081
 0.579
 0.175
-1.141
-0.155
 0.068
 1.302
 1.239
 1.248
 0.490
-0.622
 0.230
 1.319
 0.245
-0.055
-0.162
 0.162
 1.024
 0.244
 0.090
 0.411
 1.078
-0.351
 1.528
 0.718
-0.181
-0.210
-0.334
 0.176
-1.649
-0.377
 0.364
-1.153
 0.733
 0.810
 0.805
 2.379
 0.137
-0.764
 0.346
 0.453
 0.101
 0.275
-1.854
 0.684
-1.660
-1.526
-0.248
-1.907
 0.018
 0.909
 0.027
 0.612
 0.992
-0.296
 0.715
 0.263
-0.562
 0.456
 0.160
 0.148
-0.211
-1.882
-0.707
-0.421
-0.759
 0.120
 0.617
-0.084
-0.630
-1.057
-0.626
-0.060
-1.125
 1.143
 1.329
 0.414
-0.597
 0.217
-0.695
 0.849
 0.352
-1.033
-0.690
-1.396
-0.314
 0.049
-0.382
-0.752
-0.787
-0.290
-0.093
 0.581
 0.176
 0.476
-1.231
-0.977
 0.234
 0.242
-0.714
-1.141
-0.455
-1.239
 0.608
-0.341
-1.452
 0.067
 0.070
 1.197
 0.733
 0.135
-0.142
 0.087
-0.088
 0.569
-0.903
-0.613
-0.085
 0.686
-0.437
 0.054
-0.712
-1.854
-1.978
-1.370
 0.060
 0.690
 0.721
-0.036
-0.755
 0.117
 0.273
 0.477
 2.580
 0.129
 1.392
 1.477
 1.052
 0.055
 1.412
 1.357
 0.506
 1.045
 0.913
-0.327
-0.558
 0.334
 0.182
 0.756
 2.723
 1.899
 0.328
 0.141
 0.409
-0.114
 0.636
 0.287
-0.311
 0.148
-0.258
-0.481
-0.536
 0.415
-0.054
 0.274
-1.009
 0.241
-1.131
 0.900
 0.429
 0.085
 0.987
 0.285
 0.168
 0.688
-0.136
-0.018
-0.650
-0.745
 0.950
-1.268
 0.975
 0.808
-0.766
 1.379
-0.743
-0.725
-0.513
-0.522
 0.046
 0.929
 0.526
-0.011
 1.110
-0.151
 0.130
-0.198
-1.082
-0.203
 0.164
-0.041
 1.185
 0.683
-0.061
-0.283
 0.087
-0.172
-0.715
-1.166
-0.270
-0.046
 0.462
-0.297
 0.474
 0.502
 0.717
-0.296
 0.597
 0.922
 0.362
-0.594
 0.612
-0.689
 0.500
 0.182
 0.040
 0.180
-1.146
-0.592
-1.613
 0.002
 0.118
 0.316
-0.377
 0.335
-1.536
-0.143
-0.602
 0.661
 1.233
 1.296
 0.493
-0.599
-0.696
-0.323
 0.531
 1.479
-0.335
 0.326
 1.280
 1.152
 0.963
 1.387
 0.139
 0.851
 0.445
 0.610
 1.338
 0.242
 0.371
 0.024
-0.266
 0.653
 0.134
 0.502
 1.185
 2.376
-0.321
 0.321
 2.385
 0.959
-0.451
 0.078
 0.714
-0.900
 0.295
-1.009
-1.442
-1.226
-0.033
-0.056
-1.271
-2.862
-0.779
-1.987
 0.134
-1.244
 0.075
 0.261
-0.862
-0.980
-1.109
-1.157
-0.559
 0.200
-1.850
 0.022
 1.148
 1.190
 1.255
 0.766
 0.770
-1.696
-0.829
 0.724
-0.075
-0.523
-0.768
-0.920
 0.481
 0.456
 0.087
-0.993
-0.641
-0.400
-1.127
 0.098
-0.435
-0.064
 1.011
 1.902
-0.418
-0.005
 0.639
 0.678
-0.347
-0.151
-0.099
-0.598
 0.791
 0.023
 1.482
 1.605
 1.642
 1.163
 1.036
-0.196
 1.427
-1.262
 0.243
 1.542
 1.553
 1.958
 2.496
 1.467
 1.061
 2.509
 0.941
 2.310
 2.139
 1.906
 1.598
 1.597
 0.652
-0.593
 1.095
 0.952
 2.044
 1.768
 1.471
 0.502
 1.997
 2.425
 1.445
 2.500
 2.018
 1.665
 2.747
 0.911
 0.316
 0.586
-0.091
 1.006
 1.010
 0.502
 1.838
 0.757
 1.635
 1.698
 0.564
 1.296
 1.843
 1.969
 3.267
 2.294
 0.632
 0.526
 1.218
 0.921
 1.157
 0.553
 1.137
 0.349
 0.571
-0.135
 0.296
-0.663
-0.295
 0.250
 0.874
 0.727
 0.079
 1.194
 0.472
-2.941
-0.461
-1.364
 0.881
 0.354
 0.671
 1.064
 0.094
-0.387
 0.578
-0.287
-0.293
 1.843
 0.001
-0.339
 1.306
-0.002
 0.340
-0.097
 0.251
-0.087
-0.165
-0.547
 0.093
-0.235
 1.041
 0.625
 0.821
 1.174
-0.619
 0.231
 0.135
 0.540
-1.675
-1.274
-0.865
-0.334
-0.242
-0.143
-0.250
 0.223
 1.243
 1.379
 0.950
 1.985
 0.994
 1.480
-0.010
 0.583
 1.561
 1.152
 0.797
 1.873
-0.375
 0.256
 0.584
-0.141
-0.171
-0.649
-0.083
-0.039
-0.393
-0.387
 0.221
-0.547
 0.404
 0.895
 0.120
-0.495
 0.581
-1.010
-1.983
-0.639
-1.168
-0.916
-0.571
 0.759
 0.088
-0.388
 0.137
 0.192
-0.675
 1.425
 0.490
 0.119
 1.496
 0.973
 1.024
-1.057
-1.207
 0.997
-0.648
-0.179
 0.413
 0.611
-1.878
-1.602
-2.061
-0.481
-1.869
-0.501
-0.229
-0.080
-0.163
-0.409
 0.331
 0.549
-0.660
 0.284
 1.582
 1.337
 0.283
 0.800
 1.223
 0.762
 0.160
 0.194
-0.438
-0.919
 0.062
 1.222
 0.354
 2.284
 1.358
 0.401
 0.708
 0.174
 1.173
-0.326
 0.246
 0.169
 1.832
 0.135
 0.847
-0.173
 1.763
 1.140
-0.080
 0.514
-0.223
-0.457
 0.101
-1.558
 0.682
 0.028
-0.127
 0.708
 0.401
 1.039
-0.936
 0.110
-0.136
 0.111
-0.959
 0.267
 0.038
-0.176
 0.151
 1.008
-0.999
-0.917
-0.449
-1.045
-1.595
-1.319
-1.419
-0.515
-1.308
-0.849
-1.072
-1.299
-0.982
-0.031
-0.794
-1.515
-1.996
-0.560
-0.706
-1.138
-0.924
-1.147
 0.968
 0.292
 0.800
 1.276
-0.407
 0.324
-0.551
 0.933
 1.332
 0.080
 1.314
 0.995
-0.386
-1.760
 0.641
 1.677
 1.376
 0.056
-1.775
-1.175
-1.614
-0.128
-1.517
 0.530
-0.399
 0.571
-0.277
 0.292
 0.989
 1.049
 1.737
 0.432
-0.933
-0.455
-0.389
 0.080
 0.690
 1.460
-0.110
 0.035
-0.078
 1.033
 0.340
-0.238
-0.469
-1.001
-2.121
-0.806
-0.476
-0.807
 1.014
 1.083
-0.159
 0.444
 0.025
-0.702
 0.537
 1.310
-0.757
-0.098
-0.396
 0.060
 0.396
 0.465
 0.398
-0.783
-0.313
-0.537
-0.702
-0.983
-2.351
-0.365
-0.440
-0.323
 0.457
-0.994
-0.638
-0.420
-1.427
-0.816
-1.104
 0.730
 0.073
-0.272
-0.013
-0.385
-0.202
-0.565
 0.607
-0.657
-1.250
-0.955
-0.963
-0.530
-0.266
-0.649
 0.503
-0.997
 0.959
-0.171
-0.336
-0.647
 0.109
-0.061
 0.953
-0.134
 0.916
-0.549
-0.566
 0.950
 0.748
 0.127
-0.241
-0.324
 0.496
 0.138
-0.734
 1.431
-0.557
-0.033
 0.416
 1.482
-1.010
-0.810
 0.978
-0.419
-0.466
-1.379
-1.454
-0.228
-0.624
 0.053
-1.099
 0.003
-0.173
 0.352
-1.295
 0.057
-0.614
 0.993
-0.787
-0.320
 0.006
 0.790
-1.587
 0.806
 0.145
-0.397
-1.056
-0.464
-1.819
-0.093
-1.088
-2.074
 0.229
-0.590
 0.294
-0.299
-0.781
 0.555
 0.254
-1.235
 0.559
 0.674
-0.407
 0.578
 0.176
-0.835
-0.592
 0.052
-0.994
 0.361
 0.055
 0.456
 0.524
 0.125
 0.335
-1.067
-1.257
 0.544
-0.792
-0.754
 0.461
 0.178
-0.236
-0.833
-0.690
-1.053
-0.876
-1.103
 1.449
 1.880
-0.252
 1.032
 0.786
 0.510
 0.664
 1.295
-0.471
 0.044
 0.850
 0.268
 0.330
 0.014
-0.418
-0.674
 0.077
 0.119
 0.316
 0.008
 0.643
 1.669
 1.063
 1.730
 1.698
 3.309
 1.470
-0.119
-0.037
-1.065
-0.302
 0.298
 0.357
 0.994
-0.629
 1.150
 0.236
-0.289
-0.035
 0.356
 0.132
 1.205
 1.883
 0.882
-0.870
 1.279
 1.025
 0.616
 1.416
 1.352
 0.324
-0.703
-0.355
 0.111
 0.172
-0.010
 0.396
 1.405
-0.467
-1.784
-0.341
 0.245
 0.218
-0.214
 1.095
 0.964
 0.421
 0.750
-0.382
-1.162
-0.582
 1.637
 1.074
 1.012
-0.171
 1.325
 1.129
 0.367
-0.165
 0.289
 0.113
 0.306
 0.768
-0.700
 0.300
 1.823
-0.266
-0.377
-1.867
-0.925
-1.141
-0.730
-0.520
 0.444
-0.633
 0.126
-1.031
-0.563
-0.798
 0.377
 0.743
 0.211
 1.198
 0.710
 0.902
-1.018
-1.255
-1.390
 0.434
-0.269
-0.322
 0.275
 1.599
 1.593
 0.940
-0.053
-0.163
 0.531
 1.345
 0.392
 1.145
 1.810
 0.783
-0.119
 0.733
-1.306
-1.523
 0.206
 0.407
 0.211
 1.198
 1.341
-0.265
 1.040
 0.996
 0.027
 0.396
-0.126
-0.001
-0.701
 0.982
 0.344
 1.044
 1.094
-0.097
 1.581
-0.042
 0.296
 0.123
-0.004
 0.558
 1.499
 1.714
 0.432
 0.211
 1.586
-0.174
-0.246
 0.281
 0.495
 0.361
-0.463
 0.875
 1.245
-0.322
 0.010
-0.577
-1.317
-0.300
-0.637
-0.303
 0.519
-0.732
 0.704
 0.675
-0.364
-0.376
 1.368
 0.107
 1.900
 0.965
 0.638
-0.175
 0.026
-0.225
-0.543
 0.439
 0.506
 0.350
-1.477
 1.403
-0.351
 0.548
 0.185
 1.266
-0.979
-0.195
-1.133
-1.482
-1.367
-0.662
 0.368
-0.373
-0.318
 0.020
-1.369
-1.229
-1.042
-0.843
-0.946
 0.203
 1.506
-0.045
-0.371
 0.819
-0.170
 0.526
 0.860
-0.860
 0.852
 1.057
-1.047
 0.321
 1.393
 0.174
 0.215
-1.359
-0.078
 0.656
 0.123
 0.082
 0.590
-0.493
-1.071
 0.116
-0.401
-0.839
-1.779
-1.634
-1.243
-0.836
 0.602
 0.442
-1.368
 0.559
-1.123
-1.274
-0.670
-1.089
-2.633
-1.708
-1.151
-0.678
-1.395
-2.061
-0.452
-0.318
-1.050
-2.262
-0.668
-0.752
 0.828
 0.332
-1.968
-1.535
-0.520
-1.195
-0.363
-1.069
-1.437
-2.092
-0.941
-1.346
-1.601
-0.346
-0.729
-1.955
-2.695
-1.997
-1.564
-0.783
 0.334
-1.246
-1.692
-0.710
-1.170
-1.105
-1.417
-1.024
-1.839
-1.514
-1.461
-1.635
-1.815
-1.694
-0.893
-2.889
-2.452
-1.499
-1.678
-0.608
 0.279
 0.435
-1.180
-1.490
-1.412
 0.021
-0.910
-0.781
 1.498
 0.579
-0.069
-0.016
-0.560
-0.230
-0.314
-0.925
-1.138
-2.016
-1.726
-2.543
-0.708
-0.447
-0.958
-0.938
 0.373
-1.450
-1.218
-0.189
-0.303
-1.680
-1.268
-1.465
-0.493
 0.230
-0.094
-0.026
-1.627
-1.093
-0.007
-2.037
-1.780
-1.030
-0.100
-1.138
-0.398
-0.874
-0.607
-0.957
-1.339
 0.032
-0.517
 0.350
 1.647
-0.279
 1.024
 0.199
-0.401
 0.180
 0.116
-0.862
-0.513
 1.563
-0.177
 0.154
-0.277
-0.192
-0.372
-0.530
 0.805
 0.735
-0.037
-1.240
-1.480
-0.728
-1.006
 0.530
 0.392
-0.860
-0.600
-0.217
-0.165
-0.378
-0.546
-0.306
 0.547
-0.005
-1.450
-1.376
-0.638
-0.169
-1.163
-0.558
-1.805
-0.670
-0.119
 0.026
-0.525
-0.791
-0.654
 0.015
 0.999
 0.170
-0.141
 0.438
 0.564
-1.120
-0.254
 1.131
 2.575
 2.258
 2.205
 0.540
 1.582
 0.719
 0.956
 0.391
 1.210
 0.572
 0.137
-0.080
 0.753
 0.565
 1.145
-0.009
 0.242
 0.418
 0.077
 0.721
 1.851
 0.162
-1.081
 0.612
 0.425
-0.051
-0.480
 0.028
 0.021
 0.340
-1.440
-0.645
-1.643
-1.436
-0.158
-0.981
-1.733
-1.559
-1.641
-3.108
-1.403
-0.463
-0.498
-0.777
-0.394
-1.048
-0.951
-1.635
-1.259
-2.023
-2.196
-0.460
-1.700
-0.924
-0.915
-2.330
-1.845
-0.626
-1.104
-0.443
-0.444
 0.347
-0.138
-0.984
-0.612
-0.103
-0.423
 0.061
-0.500
-0.511
-0.721
-0.605
-1.628
-1.024
-1.000
-1.466
-1.493
-1.715
-1.582
-1.118
-0.944
-0.069
-0.758
-1.360
-2.071
 0.847
 0.026
-1.187
-1.064
-0.469
-0.770
-0.778
-0.852
-0.370
-1.494
-1.549
-1.049
-1.222
-0.799
-0.831
-2.898
-2.071
-1.592
-1.870
-0.368
-0.069
 0.441
 0.267
 1.394
-1.200
-0.393
-0.536
-0.343
-1.304
-0.664
-0.096
-0.378
-0.275
-0.065
-0.239
-0.130
 0.663
-1.309
-0.128
 1.464
 0.086
-0.510
 0.614
-0.928
-0.975
-0.089
 0.553
 0.462
-0.379
 0.080
-1.084
 0.460
-0.062
 0.231
-0.956
 0.418
 0.676
 0.439
 0.215
 0.114
-0.644
-0.073
 0.780
 0.434
 0.999
 1.707
 1.811
 1.421
 0.263
-0.370
 0.475
-0.911
-0.688
-0.320
 1.429
 0.757
 0.861
-0.214
-0.547
-0.275
 0.132
 0.373
-0.119
 0.476
-0.168
-0.743
-0.432
-0.571
 0.774
 1.080
 1.197
 0.251
 0.299
 0.866
 1.015
 0.367
-0.698
-0.812
-0.408
-0.218
 0.562
-0.860
 0.816
 0.363
-0.068
 0.772
-0.136
-0.186
-0.478
-0.609
-1.279
 0.367
 0.349
-1.014
 0.494
 0.719
 1.390
 1.282
 0.301
 1.710
-0.309
-1.738
-1.867
-1.672
-1.342
-0.215
 0.921
-1.337
-0.372
 0.104
 0.197
 0.213
 0.065
-0.022
-0.926
 0.585
 2.623
-0.501
-0.184
-0.780
-0.021
-0.831
-1.105
 0.910
 0.734
 1.037
 1.865
 1.153
-0.308
-0.942
 0.557
 0.427
 0.183
-0.014
-1.817
 0.045
-0.712
-0.484
-1.438
-0.426
 0.138
-0.122
-0.065
-0.050
 0.100
-1.376
-1.190
-0.673
 0.046
 0.113
-0.363
-0.889
-3.117
-0.565
 0.212
-0.778
 0.688
-0.346
-0.434
-0.978
-0.353
-0.411
-1.326
-0.690
-1.210
-0.454
-0.398
-0.270
-0.029
 0.568
-0.167
-2.061
-0.402
-1.606
 0.111
-0.694
 0.297
-0.040
-1.858
 0.638
-1.261
 0.586
 1.608
-0.287
 0.484
-0.492
 0.114
-0.008
-0.379
-0.821
 0.046
-1.067
-0.657
-0.842
-0.222
-0.517
-0.103
-0.596
 0.204
 0.645
 1.706
 0.257
 0.375
 0.778
-0.989
 1.292
 1.080
 1.486
 1.249
 0.309
 0.925
 0.951
 0.760
 0.272
 1.884
 1.469
 0.158
 0.233
 2.556
 0.829
 1.708
 0.898
 0.461
 0.063
-0.676
 0.233
 0.351
 0.454
 0.856
-0.099
-0.759
-1.302
 0.017
-0.463
 0.764
-0.041
-0.022
 1.075
 0.513
 2.541
 1.944
 0.893
 0.585
 1.545
 2.324
 1.364
 1.227
-0.056
-1.006
 0.148
 0.382
 0.202
-0.465
 1.130
 0.375
 0.401
 0.455
 0.310
 1.114
 0.737
 0.287
 0.935
-0.483
-0.053
 0.966
-0.315
-1.955
-0.538
-1.231
-1.133
-0.892
 1.075
-0.578
 0.120
 0.070
 1.116
-0.748
-0.330
 1.367
 1.357
 0.518
 0.493
 0.244
-0.008
-1.670
-0.930
-0.278
-1.780
-2.149
-0.585
 1.261
 0.105
-1.796
-0.982
-1.761
-0.767
-0.329
-0.830
-0.581
 0.367
-1.185
-0.585
-0.724
-0.218
-1.687
-0.261
-0.140
-1.161
-0.599
 0.044
-0.914
-2.001
-0.698
-1.583
-0.794
-0.337
 0.523
 1.020
-0.059
-0.157
-2.213
 1.420
 1.770
 2.202
 0.401
-0.467
 0.958
 0.559
-0.149
 0.259
 0.028
 1.068
 0.645
-0.451
-0.364
 1.128
-1.263
-1.793
-0.972
-0.140
-0.859
-0.588
 0.808
-0.184
-0.855
 0.880
 0.520
 1.206
 1.863
 0.291
-0.069
 0.399
 1.273
 1.418
 1.239
-0.640
-0.438
-1.350
-0.770
-0.314
-0.195
 1.092
 0.697
 0.919
-2.197
-1.029
 0.219
-0.831
-0.492
 0.372
-0.447
-0.112
 0.174
-0.114
-1.762
-0.407
 0.985
 1.226
 2.450
 0.817
 0.247
 0.491
 1.007
 0.368
 0.593
-1.688
-0.363
-0.932
-0.326
-0.860
 0.142
 0.955
 1.255
 1.756
 0.334
 1.148
 0.856
 0.620
 0.751
 0.641
-0.470
-0.061
-1.961
-0.033
-0.756
-0.805
-0.631
-0.332
-0.983
-1.189
 0.017
 0.253
-2.336
-1.837
-1.395
-1.797
-0.534
 0.137
-0.893
-0.910
-0.001
 0.338
-0.455
 0.101
-1.222
 0.992
 1.894
 1.248
-0.525
-1.692
-0.222
 0.176
-0.420
-1.383
 0.326
-0.378
-0.737
-1.100
-0.419
 0.107
 0.292
-1.031
-0.392
 0.180
 0.445
-0.427
-2.032
-0.957
-0.786
-1.516
 0.408
-1.741
-1.261
-0.592
-0.337
-0.974
-1.892
-0.412
-0.392
-0.610
 0.644
 0.031
-2.009
-0.379
-1.873
-0.090
-1.379
 0.907
 0.091
-0.159
-1.510
-0.069
 0.523
-0.178
 0.324
 1.315
 1.224
 0.077
-1.588
 0.201
-0.007
 0.095
-0.221
-1.238
-0.669
-0.172
 0.435
 0.410
 1.833
-0.401
 0.206
 0.606
-0.075
-0.559
-0.617
-0.061
 0.146
 0.451
 0.789
-0.151
 0.424
 0.178
 1.356
 1.713
 0.374
 0.706
 0.063
-0.341
 0.584
-0.218
-0.773
-0.382
-0.234
-0.792
 0.960
 0.461
 0.882
 0.743
 0.547
-0.441
 0.806
-0.247
-1.534
-0.273
-1.141
-0.325
-0.916
-0.594
-1.317
-0.543
-0.796
 0.987
-0.859
-1.102
-1.109
-0.901
-0.861
 0.074
-0.646
-0.577
-0.901
 1.741
-0.821
-0.300
 0.138
-1.170
-0.309
-0.889
-1.286
 0.650
-0.476
 0.558
 1.658
 0.525
 0.405
 0.603
 1.328
 0.039
-0.309
-0.900
-0.082
-0.312
-2.058
-0.221
-0.773
 0.117
 1.143
-0.660
-0.333
-0.866
-1.011
 0.144
 0.640
-0.655
 0.621
 0.971
 0.699
 0.701
 0.354
-0.255
 0.246
 0.729
 1.047
 0.980
 1.903
 0.955
 0.471
-0.334
 0.233
 0.265
 0.753
 0.641
 0.853
 1.216
-0.532
 0.695
 0.539
-0.388
-1.510
 0.406
 0.132
 2.564
 1.596
 1.817
-0.023
-0.241
 1.596
 2.018
 1.287
 1.001
-0.874
-0.944
 0.983
 1.821
 0.650
-0.293
-0.963
 0.005
-0.756
 0.633
 0.532
-0.336
-0.444
-0.615
-0.888
-1.467
-1.145
 1.135
-1.303
 0.207
 0.878
-0.235
 0.269
 0.023
 0.449
-0.399
 0.178
-0.857
 0.313
 1.692
 1.124
 0.079
-0.332
 0.637
-0.276
-0.846
-0.205
 1.209
 1.738
-0.279
-0.280
 0.107
-0.958
 0.435
 0.810
 0.189
 0.695
-0.792
-0.563
-0.585
-0.230
-0.170
 0.653
-1.949
-0.716
-2.002
-0.696
-0.346
-0.475
-1.631
-0.763
-1.765
-0.319
-0.145
-0.795
-0.771
-1.809
-0.567
 0.284
-1.022
 0.412
 1.231
-0.639
 0.211
-0.263
-0.779
 0.913
 0.637
 1.292
-0.631
 1.038
-0.712
 1.368
 2.421
 1.234
-0.584
 0.423
 0.414
 0.010
 0.602
-0.927
-0.781
 0.263
 0.739
-1.095
-0.946
 0.136
-1.220
-0.093
-0.591
-0.514
-1.192
 0.956
 0.353
 0.285
 1.194
 0.879
-0.349
 1.146
-0.062
 1.300
 0.920
-0.223
-0.229
-0.374
-0.304
 1.553
-0.380
 0.500
-0.192
-0.029
-0.539
-0.722
 0.410
 0.141
 1.050
-0.292
 1.161
 0.995
 1.544
 1.914
-0.367
 0.195
 1.228
-0.060
 0.399
 0.443
 0.047
 2.182
-0.057
 0.970
-1.017
-0.464
 0.605
 1.321
 2.017
 0.730
 0.932
 2.140
 0.166
 0.793
 1.479
 1.245
 2.098
 2.211
 2.310
 1.577
 1.918
 0.163
 0.906
-0.258
 1.355
 0.554
 0.299
 1.375
 0.595
 0.729
 1.224
 0.416
 0.446
 3.120
 2.417
 1.568
-0.078
 0.313
 0.841
 0.684
 1.329
 1.984
 1.733
 3.341
 1.996
 1.276
 1.222
-0.005
 0.700
 0.001
 0.817
 0.512
 0.926
 0.802
 0.155
 1.581
 1.663
 0.379
 2.257
 1.106
 2.311
 1.486
 1.944
 0.920
 0.108
 0.614
 2.379
 1.622
 2.282
 2.173
 1.335
-1.138
-0.540
 0.670
 0.816
 2.159
 1.470
 0.259
 0.455
-0.713
-0.254
 0.146
-0.360
 1.271
 0.910
 1.152
 1.472
 0.699
 0.673
 0.124
 0.204
 1.275
 0.275
-1.276
-0.316
 0.871
-0.019
 1.018
 2.211
 1.481
 1.592
 1.686
 1.029
 1.126
 0.772
 0.317
-1.559
 0.987
 0.787
 0.812
 0.657
-0.342
-1.472
 0.427
-0.417
-1.455
-0.509
-0.903
-1.838
-1.719
-0.318
-0.388
 0.424
-1.475
-0.610
 0.205
-0.892
-0.575
 1.282
 0.406
 1.916
 1.357
 0.522
-0.489
 0.484
 0.923
 0.239
 0.601
 0.945
 0.882
-0.183
 1.730
 0.467
-0.118
-0.841
 0.603
-0.035
-0.860
 0.166
 1.020
 0.417
-0.225
 0.122
-0.170
-0.938
 2.029
 1.080
 1.331
-0.301
 0.245
 0.819
 0.456
 0.398
 1.110
 0.221
 2.351
 1.003
 0.421
-0.074
 1.407
 0.308
 0.688
 0.614
-0.082
-0.171
 1.178
 0.946
-0.052
 1.333
 0.992
 0.388
 1.043
 1.454
 0.587
 0.428
 2.097
 0.491
 0.930
 1.531
 1.573
 2.360
 1.651
-0.305
 0.040
 1.137
 0.882
-1.065
-0.050
 1.135
 1.435
 1.936
 2.281
 0.682
-0.672
-0.248
 0.157
 0.683
-0.295
-0.662
 0.587
 0.482
-0.863
 0.250
 0.910
 0.523
 0.270
-1.013
-0.084
 0.021
 0.514
-1.432
-1.279
-0.344
-0.249
-0.017
-0.753
 0.233
-1.350
-0.799
-0.282
-1.409
 0.015
-0.554
-0.009
-0.891
 0.177
 0.636
-0.070
 0.728
-0.545
 0.839
 1.514
 1.274
 1.510
 0.401
-0.397
 0.939
 0.661
 0.177
-0.819
-0.148
 0.612
-0.539
 0.141
 1.246
 0.381
 0.262
 0.584
-0.184
 0.562
-0.039
 0.043
-0.175
-1.375
-0.165
-0.577
-0.528
-0.531
-1.573
-0.559
-0.133
-1.396
-0.828
-0.626
 0.170
 0.097
-0.195
-0.863
 1.143
 0.086
-0.685
-0.551
-0.901
-1.091
-0.819
-0.343
 1.068
 0.713
-0.265
 0.201
 1.023
-0.995
-0.500
-0.936
 0.162
 1.231
 0.016
-1.375
 1.029
 0.641
 0.118
 0.054
-0.102
 1.115
-0.145
-0.267
 0.106
 0.493
 0.825
 1.869
 1.561
 0.025
 0.189
 0.382
 0.291
-0.976
 0.457
 0.304
 0.729
 0.222
-0.466
 0.268
-0.576
 0.077
-0.264
-0.995
-0.627
-0.027
 0.519
 0.099
 1.433
 1.966
 1.324
 0.812
-0.032
-0.206
 0.219
 0.597
 0.147
 0.392
 0.972
 2.374
 2.048
 1.477
 1.239
 1.147
-0.253
-0.941
-0.443
-0.702
-0.772
 0.212
 0.300
 1.913
 0.115
 0.508
 0.845
 1.020
 1.933
 0.988
-0.099
 0.021
 0.113
 0.362
 0.041
 0.492
-0.174
-0.112
-0.217
 0.176
 0.200
-0.480
 1.788
-0.518
 0.532
 0.415
-0.636
 0.825
 0.033
 0.737
 0.333
 0.492
-0.700
 1.395
 1.854
-0.099
-0.117
-0.062
 0.797
-0.344
 2.069
-0.294
 2.065
 1.223
 1.173
-0.398
-0.039
 1.162
 0.582
 0.643
 0.852
-0.991
 0.982
 0.971
 0.960
 0.602
 1.045
 2.448
 1.434
 1.603
 1.331
 1.527
 1.436
 0.691
 0.321
 1.631
 0.063
 0.724
 1.366
 0.611
-0.395
 0.182
-1.023
 0.236
 0.783
-0.125
-1.329
 0.417
-0.718
-1.168
-2.131
-0.321
 1.241
 0.344
-0.297
-0.402
 1.048
-0.063
-0.129
 0.292
-0.619
 0.283
 0.047
-0.115
 0.556
 0.463
-0.582
-0.420
-1.317
-1.859
-0.666
-0.330
 0.308
-0.332
 0.035
-2.236
-1.100
-0.861
-0.773
-1.776
 0.320
 0.391
 0.143
-1.001
 0.630
-0.300
 0.408
-0.203
-0.454
 0.360
 0.113
 1.152
 1.825
 0.186
 0.321
 0.496
-0.102
-0.307
 0.545
 0.027
 0.973
-0.401
-0.482
-1.138
-0.156
 0.060
-1.370
 1.427
 0.139
-0.637
-0.363
-0.281
-2.064
-1.027
-0.688
 1.063
 1.993
-0.237
-1.686
-1.797
-0.116
-0.380
-0.473
 0.086
-0.091
-2.111
-1.099
-0.311
 0.078
-0.015
-1.150
-0.292
 0.255
 0.268
 0.398
-0.706
 1.262
 0.461
-1.238
 1.176
 0.125
 0.102
-1.767
-2.269
-0.823
 0.055
 1.004
-1.321
-2.310
 0.052
-1.143
 0.305
 1.359
-0.662
-1.782
-0.864
-0.437
 0.921
 0.043
-0.827
-0.671
-0.464
-1.994
-0.937
-2.001
-1.777
-1.108
-0.213
-1.507
-0.716
-1.856
-1.377
-2.127
-1.572
-1.247
 0.655
-0.970
 0.126
-0.937
-1.301
-0.472
-0.795
 0.653
 0.943
 0.707
-1.172
-1.676
-1.810
-1.122
-2.068
-0.294
 0.747
 0.353
-1.431
-1.560
 0.222
-1.005
-0.534
-0.723
-1.127
 0.632
-1.762
-1.142
-1.285
-0.725
-1.019
-0.676
-0.931
-0.908
-0.253
-0.848
-1.757
-0.638
 0.013
-0.216
 0.625
-1.269
-1.457
-1.273
-2.394
-2.020
-2.305
-1.326
-0.981
-1.573
-0.529
 0.295
-0.208
-0.536
-0.844
-2.117
-0.633
-0.217
-0.362
-2.397
-2.614
-3.449
-2.096
-0.970
 0.563
 0.120
 0.296
-0.447
-0.770
-0.953
-0.230
-0.444
-0.288
-0.698
-0.054
 0.258
 0.295
 0.110
-0.397
 0.237
-0.032
-1.713
-1.971
-0.505
 0.171
-0.739
 0.421
 1.488
-1.302
-0.861
-1.210
-0.311
-0.865
-1.307
-1.309
 1.069
 0.834
-0.286
-1.772
-0.500
-0.465
-0.167
-2.254
 0.544
 1.165
-0.394
-1.431
 0.196
-0.949
 0.127
 0.497
 2.009
 1.559
-1.124
 0.739
-1.204
-0.511
-0.235
 0.975
-0.304
 0.146
 0.073
-0.753
-0.690
-1.650
-1.391
-1.779
-1.407
-1.331
-0.435
-0.567
 0.413
 0.563
 0.540
-0.264
-0.707
-0.152
-1.004
-0.168
-0.502
 0.535
 0.993
 0.385
-1.120
-0.331
 1.297
 1.079
-0.054
-0.051
 0.036
-0.783
 0.021
-0.192
 1.155
-1.094
-0.996
-0.966
-2.933
-0.838
-0.547
-0.269
-1.468
-0.533
-1.739
 0.068
 0.122
 0.867
-0.246
-0.134
 0.318
-0.800
-0.559
-1.489
-1.892
-0.889
-0.593
-1.080
-2.051
-1.141
-1.368
-0.106
 0.049
 0.600
-1.368
 0.070
-1.035
-1.348
-1.647
-1.686
 0.024
-1.215
 0.225
-0.003
-0.627
 0.836
-0.652
 0.068
 0.840
 0.295
 0.139
-0.383
-0.636
 0.155
 0.160
-0.259
 0.346
-0.586
 0.479
 0.163
-0.093
 0.736
-1.234
-0.194
-0.942
-1.251
-1.844
-0.050
 0.812
 0.468
 0.759
-1.242
 1.405
-0.212
 1.432
-0.493
-0.411
-0.608
-0.235
-0.774
-0.657
 1.033
 0.225
-0.689
-0.223
-0.831
-1.771
 0.297
-1.363
-2.326
-1.618
-1.846
 0.416
-0.769
-2.473
-1.312
-0.202
 1.135
-1.352
-0.890
 1.649
 1.451
 1.438
-0.271
-0.076
 1.079
 0.042
 1.077
-0.482
-0.984
-2.045
 0.105
-0.359
-0.371
-0.265
 1.242
 0.274
 0.312
 1.249
 2.026
-0.017
 0.897
 0.747
-0.581
-1.343
 0.461
 0.696
-0.520
 0.502
 1.183
 2.095
 0.917
-0.998
-1.819
 0.019
 0.291
 0.509
 0.053
-1.227
 0.214
 0.455
 0.467
-0.763
 0.431
 1.679
 0.664
 0.038
 1.042
 0.765
-0.776
 0.536
 0.006
-0.183
-0.500
 0.204
 0.207
 0.042
-0.210
-0.886
 0.386
-1.657
 0.657
 1.484
 1.258
-0.744
-0.878
-0.948
-0.781
-0.815
 0.357
-0.851
-0.161
-1.678
-0.152
-0.259
-0.228
 0.179
 0.381
-0.614
-1.267
 0.044
 0.582
-1.223
-1.540
-1.916
-2.590
-1.862
-2.848
-3.691
-1.935
-2.131
-1.407
-0.261
 0.126
-0.950
-1.478
-1.603
-1.870
-1.456
-1.307
-0.274
 0.516
-0.884
-0.633
-1.327
 0.188
-0.075
-0.663
-0.248
-1.554
-0.692
-1.782
-2.050
-1.788
-1.590
-1.177
-1.320
-1.731
-0.871
-0.417
-0.461
-0.945
-0.608
-0.569
-0.637
 0.739
-1.416
-1.697
-1.698
-1.231
-0.316
-1.544
-1.419
-1.995
-1.458
-1.101
-0.763
-0.738
-0.245
-0.286
 0.495
 1.139
 0.964
 0.450
-0.086
 0.001
 1.252
 0.727
 0.226
 0.689
-0.454
-0.487
 1.404
 1.221
 1.375
 2.098
 0.984
 0.786
-0.898
-0.722
-1.928
-0.448
 0.286
-0.799
-1.272
 0.560
 0.683
 1.585
 0.832
-0.956
-2.048
-0.881
 0.898
 1.292
-0.218
-0.267
 1.421
 2.103
 1.157
 1.233
-0.078
 0.039
 0.127
-0.204
-0.606
-0.128
-0.294
 0.531
 0.121
-1.377
 0.423
 1.195
 0.284
-0.514
-0.218
 0.029
 0.536
-0.135
 1.192
 1.099
 0.125
 1.647
 1.067
 0.497
 0.794
 1.023
 0.189
 1.493
 0.934
 0.998
-0.311
 0.598
 0.311
-0.651
-0.310
 0.269
 0.929
 0.138
-0.600
-1.149
-0.622
-1.394
-0.965
-1.343
-1.446
 0.131
-0.899
-1.922
-1.539
-0.640
-0.386
-0.347
-1.023
-0.281
 0.893
 0.254
 0.015
 1.673
 0.827
 0.019
 0.900
 0.980
-1.032
 0.948
 0.343
-0.087
 2.102
 0.923
 1.478
 0.770
 1.168
 1.870
 1.761
 0.930
 0.895
 0.516
 2.105
 0.502
 1.003
 0.315
-0.129
-0.188
 0.843
-0.037
 0.182
-1.192
-0.196
 0.110
 0.469
 1.137
 1.070
 1.308
 2.276
 0.827
 1.008
 1.597
 1.950
 1.494
 0.910
 0.713
 0.235
 1.286
 1.521
 0.836
 0.862
-0.241
 0.095
 0.998
 1.936
 1.049
-1.108
 0.326
 0.355
 0.629
-0.239
 0.788
 0.889
 1.410
 1.160
-0.362
 1.883
 0.957
 1.790
 2.044
 1.424
 1.145
 1.008
 0.986
-1.417
 1.095
 0.085
 0.843
-0.280
 0.504
 0.685
 0.702
 0.905
 0.533
-0.236
 0.903
 1.798
 0.528
 1.217
 1.285
 0.982
 0.134
 0.687
 1.648
 1.136
 0.528
 0.514
-1.398
-0.433
 0.271
-0.756
-0.920
 0.309
 1.231
 1.049
 0.265
-0.046
 0.775
-0.007
 0.233
-0.698
 0.663
-1.115
 0.605
 0.349
-0.194
-2.144
-1.078
 0.319
 0.626
 0.392
-0.718
 0.835
-0.709
-0.289
-0.713
-0.129
 0.335
-0.848
-0.667
 1.248
 0.171
-0.195
-1.157
 0.075
 0.554
 0.833
 0.025
-0.474
 1.123
 0.535
 1.114
-0.381
-0.979
 1.340
 1.341
-0.772
 0.402
-0.788
-0.442
-0.561
-0.360
-0.166
 0.196
 0.369
-1.069
 0.841
 0.029
-1.433
-0.068
-0.939
-1.656
-0.450
-0.613
-1.361
 0.327
 1.041
-0.120
-0.313
-0.512
-0.472
-0.335
 0.053
-0.129
 0.635
-0.130
-0.691
-0.787
-0.032
-0.324
-0.243
-1.282
 0.324
-0.087
-0.710
-1.845
-0.733
 0.115
-0.030
-0.816
 0.675
 0.536
-0.911
-1.123
 0.147
-1.047
-0.370
-0.667
-0.647
-1.756
-0.225
-1.312
-1.451
-0.710
-1.025
-0.852
-1.477
-2.050
-2.331
-0.441
-0.842
-1.727
-0.442
-0.306
-0.525
-1.322
-1.252
 0.410
-0.089
 0.574
-0.742
 0.219
-1.091
-0.230
-0.916
-0.849
-0.222
-0.102
 1.424
-0.227
 0.790
 0.477
-1.111
-0.476
-0.186
 0.807
-0.440
-0.156
 1.533
 1.459
-0.322
 1.722
 0.252
-1.498
-0.587
 0.085
 1.266
 0.072
-0.354
 0.453
 1.235
 1.008
-0.051
-1.593
 0.040
 0.376
 0.228
-0.096
 0.128
 1.018
 1.130
 1.679
 1.074
 0.246
 0.496
-0.718
 0.707
 1.415
 0.499
 0.240
 0.815
 1.339
 1.407
 0.663
 0.846
 0.787
-0.495
-0.903
 0.872
-0.175
-0.352
 0.967
 0.644
-0.595
-0.693
 1.902
 0.389
-0.473
 1.562
 1.196
 0.424
 0.586
 0.652
-0.877
-1.616
-0.065
 0.554
 0.267
-1.011
-0.511
-1.198
-0.376
 0.619
 0.881
-0.478
 1.409
-0.444
-0.019
 1.172
 2.146
 0.475
 0.283
-0.707
-0.633
-1.617
 0.027
 0.708
-1.830
-1.475
-1.576
-0.669
-1.573
-1.222
 0.071
-1.169
-0.868
-0.974
 0.251
-0.391
 1.095
-1.318
-1.772
-0.667
 0.751
-1.802
-1.081
-0.561
 0.093
 0.686
-0.008
 1.258
 0.126
 0.815
-0.086
 0.381
 0.513
 0.319
-0.015
-1.348
-1.678
-0.110
-0.100
-0.686
 0.301
 0.006
 1.121
 0.319
-1.310
 0.549
 0.778
-0.464
-2.136
-0.559
-1.150
-0.579
-0.838
 0.164
 0.087
-1.134
-0.488
 0.314
-1.005
-1.301
-1.294
-1.322
-0.704
-0.780
-0.286
-0.969
-0.888
-0.422
-1.072
-0.070
 1.071
 0.346
-0.619
 0.032
 0.994
 1.549
-0.062
 0.540
 0.144
-0.463
 0.581
 1.923
-0.144
 2.209
 0.804
 1.651
 0.144
-1.409
-0.831
 0.530
-0.456
-0.426
-0.573
-0.832
-1.848
-0.140
 1.631
-1.590
-0.371
 0.485
-0.296
 1.225
 0.469
 1.561
 1.310
 0.552
-0.981
 0.519
 1.141
 0.752
 1.364
 0.280
-0.094
-0.339
-0.196
 1.339
 0.885
 1.831
 1.239
 0.204
-0.239
-1.497
 0.244
-0.963
-0.271
 0.054
 0.302
-0.319
 0.133
 0.519
-0.566
-0.715
-0.204
-1.272
-0.152
 0.187
 1.192
-0.348
-1.559
-0.890
-1.405
-0.315
-0.215
 0.777
 0.089
-0.535
-0.220
 1.578
 0.030
 0.043
-0.319
-0.309
 0.348
 0.275
-1.585
 0.125
-0.519
 0.018
 0.549
-0.343
-0.066
-0.616
-1.442
-1.067
-1.353
-1.263
 0.355
-1.202
 1.077
 0.343
 1.520
 0.296
-0.187
 0.172
 0.631
-0.267
 0.112
 0.386
 0.493
-0.718
-0.600
-0.553
 0.130
-0.634
-0.253
 0.237
-0.049
 0.662
 0.966
-0.193
 0.747
 0.648
-0.035
 1.317
-1.052
-0.191
 1.136
-1.014
-1.066
 0.713
-0.907
-1.364
-0.245
-0.404
-0.095
-0.299
 0.171
 0.599
-0.338
-0.275
 0.633
 0.538
-0.585
-0.982
-0.017
 0.619
-0.896
 0.139
-0.880
-0.962
-0.753
-0.258
-0.334
 0.350
 0.503
-0.193
-0.265
 1.284
-0.662
 0.206
 1.200
 0.542
-0.061
-0.104
 0.048
-0.346
 0.591
 1.540
 0.624
-1.319
-0.794
 1.115
 2.396
 1.882
 0.039
 0.352
-0.727
 0.722
 0.062
 1.234
-0.508
 0.436
 0.696
 0.343
-0.789
-0.872
 0.815
 0.469
-0.341
-0.442
 0.979
 0.699
 0.190
 1.122
 1.987
 2.464
 0.445
-0.831
 0.047
 0.027
 0.877
 0.387
-0.164
 0.067
 0.265
-0.442
-1.961
-0.125
-0.828
 0.068
 0.554
 0.722
 0.918
 0.400
 0.197
 0.600
-0.302
-0.042
 0.700
-0.762
 0.803
 1.019
 0.645
 0.221
 0.473
-0.690
-1.186
 1.161
 1.670
-0.473
-0.226
-2.295
-0.995
 0.382
-0.911
-0.566
-0.931
-1.277
-1.906
-0.410
 0.428
 0.024
 0.129
-0.870
-1.379
-1.077
-0.794
-0.098
 0.868
 0.430
 1.090
-0.235
-0.654
 2.031
 1.321
 0.130
 0.033
 0.035
-0.344
-0.407
 0.021
-0.730
-1.068
-0.721
-0.768
-0.958
 0.401
-0.954
-1.244
-2.521
-2.324
-0.705
-0.570
-1.144
 0.706
 1.249
-0.040
-0.648
-0.361
-1.654
-2.119
 0.426
-0.731
 0.516
 0.375
 1.171
-1.859
 0.030
-1.468
-0.942
-0.100
 1.201
-1.160
-1.094
 0.111
-1.478
-0.937
 1.303
 0.871
-0.928
-0.604
-1.607
 0.267
 0.799
-0.761
-0.262
 0.448
-0.384
 0.470
-0.977
-0.245
-1.615
-0.803
 0.959
 0.039
-0.036
-0.358
 0.020
-0.328
-0.273
 0.049
-0.123
 0.561
-0.362
-0.587
 0.944
 1.210
 1.607
-0.067
-0.287
 0.562
-0.620
 0.877
 0.243
-0.466
-1.171
-0.040
 0.220
-0.850
 0.627
-0.945
-0.398
 0.141
 0.743
 0.253
 0.257
-0.927
-1.227
-1.031
 0.496
-0.900
 0.267
-0.126
-0.552
-0.322
 0.511
-1.027
-1.361
-0.079
-1.905
-0.477
-0.051
-0.122
-0.121
 0.492
 1.131
 0.931
 0.599
 0.035
 0.691
 0.462
-0.186
 0.693
 0.786
-0.705
 0.010
 0.218
-0.141
-0.421
-0.238
 0.239
 0.906
 0.356
-0.038
-0.706
-0.768
-1.640
-2.570
-1.875
-1.489
-1.549
-0.358
-0.081
 0.141
 0.423
 0.622
 1.242
 0.116
 0.482
 0.672
-0.112
 0.063
-0.319
 0.529
 1.052
 0.629
 2.645
 1.718
 2.299
 2.844
 1.812
 2.071
 2.150
 1.538
 2.001
 1.206
 0.960
 0.897
 0.394
 1.118
-0.374
 0.948
 2.755
 0.084
 1.186
-0.139
-0.813
 0.567
 1.415
 1.499
 0.939
 0.200
 1.903
 1.035
-0.633
 0.058
 1.706
 1.976
 1.598
 2.524
 0.975
 0.815
 0.472
 1.034
 1.897
 0.108
 0.585
-0.211
 0.176
 0.411
 1.279
 1.408
 1.547
 0.421
-0.611
-0.277
 0.746
 0.548
 0.781
-1.481
-1.700
-1.093
 0.088
-0.853
-0.443
-1.380
-0.381
 0.331
-0.270
 0.154
-0.705
-0.444
-1.116
-2.562
 1.209
 0.409
 1.650
 1.995
-0.014
 1.492
 2.463
 1.820
 1.113
 2.319
 0.529
 1.123
 0.937
-0.014
 1.447
 1.860
 1.803
 1.029
 0.058
-1.267
 0.664
 0.471
-0.632
 1.803
 1.360
 0.958
 0.567
 0.798
-0.093
-0.381
 1.012
 1.751
 0.297
 0.394
 0.416
-0.182
 0.392
 0.635
-0.022
 0.678
-0.509
 1.697
 2.173
 1.235
 1.118
 1.250
-0.434
 0.412
 0.910
 0.763
 0.280
 0.496
 1.958
 0.632
 2.129
 1.727
-0.243
 1.686
-0.394
-0.580
 1.456
-0.255
-0.374
-0.044
 0.202
 1.828
 1.015
 0.984
-0.414
 0.523
 0.503
-0.787
 0.239
-1.142
 0.567
 0.175
-0.455
-0.786
-0.105
 0.000
-1.527
 0.523
 1.099
-0.352
-0.340
 1.775
 2.083
 1.840
 0.986
-0.840
 0.941
 0.426
-0.736
 0.157
 1.190
 1.441
 0.023
-0.244
-0.726
-0.564
 0.283
-0.232
-0.436
 0.211
 1.003
 1.165
 1.518
 0.151
 2.128
-0.262
 1.109
 2.350
 1.134
 1.418
 2.003
 2.229
 2.620
 0.710
 0.824
 0.708
 0.860
 0.718
 1.256
 0.887
 0.007
 1.944
 0.313
 0.495
 1.443
 1.041
 0.973
 0.935
 1.537
 1.698
 2.248
 2.773
 1.241
 0.592
 1.674
 1.059
 0.918
 0.785
 0.136
 0.221
 0.374
 1.208
 0.791
 1.012
 0.109
 0.708
 0.372
 1.199
 0.671
 0.809
 1.113
-0.026
 0.407
 1.152
 0.319
-0.116
-0.139
 0.045
 1.225
 0.758
-0.751
-1.629
-0.499
-0.194
-0.511
-0.756
-0.333
-0.829
-0.819
-0.139
-0.506
-0.331
 0.637
 0.938
 0.413
 1.000
 1.413
 0.109
-1.036
-0.548
-0.630
-1.163
 0.862
 0.556
 0.115
 0.903
-1.100
-0.769
-0.824
-0.357
-0.152
-0.016
 0.960
-1.422
 1.304
-2.158
-3.333
-0.722
-0.499
-1.831
-1.482
-0.450
 0.537
 0.493
-1.384
 0.345
 0.411
 0.481
-0.541
 0.123
-0.247
 0.722
-1.403
 0.155
 0.843
 0.995
 1.436
 0.196
 1.441
 0.499
-0.051
 0.291
 1.574
 0.057
-0.074
-0.148
 0.119
-1.659
-2.075
 0.045
-0.580
-0.594
 0.032
 0.418
 0.315
 0.851
 0.317
-0.145
 1.309
 0.153
 1.626
 0.816
 2.138
 0.600
-0.457
 0.442
 0.075
-0.174
 0.490
-0.779
 0.038
 0.057
-0.354
-1.096
 0.141
 0.011
 0.321
 0.789
 1.077
-0.167
-1.400
 0.471
 0.400
-0.198
-0.370
 0.362
-0.934
-0.590
 0.715
-0.350
-0.142
 0.555
 0.178
 0.088
-1.021
-1.736
-1.044
-0.283
-0.446
-0.689
 0.036
-0.018
-0.669
 1.182
-1.174
-0.004
 0.943
 0.724
 1.005
-1.236
 0.513
 0.587
 0.175
 0.962
-0.731
 0.089
 0.074
 0.941
 0.682
 0.194
-0.449
-0.152
-0.065
-0.147
 0.632
 0.817
 0.661
-0.177
 0.530
 1.061
-0.276
 0.101
 0.403
-0.373
 0.052
 1.003
 0.065
 1.331
 0.083
 0.334
 1.314
 0.248
 1.025
 0.247
 1.485
 0.211
 1.756
-0.276
-0.071
 2.273
 0.843
 1.793
 1.999
 0.992
 0.182
 1.411
-0.031
 0.628
 1.124
 1.149
 1.215
-0.032
 1.264
 0.007
 1.012
 1.102
 1.853
 2.799
 1.521
 0.080
-0.432
-0.611
 0.391
-0.603
 0.324
 0.745
 1.503
 0.119
 1.091
 0.074
-0.888
 0.407
-1.267
 0.017
-0.536
-1.056
 0.446
-0.406
 0.637
 0.626
-0.206
 0.195
-1.109
 0.837
 0.363
-0.057
 1.055
 1.928
-0.060
 1.288
-0.152
 0.797
 0.201
-2.115
-0.659
 0.062
-1.264
-0.059
 0.435
-0.077
 0.387
-0.491
 1.103
 0.452
-0.698
-1.070
-0.815
-0.477
 0.178
-0.082
 0.209
 0.499
 0.687
 0.857
-0.203
 1.247
 1.962
-0.012
 0.989
-1.466
 0.778
 0.934
 1.718
 0.524
-1.208
-2.501
-1.721
-0.840
-0.282
 1.243
-0.353
 1.423
-0.586
-0.227
 0.754
 0.805
 0.407
 0.119
-0.345
-0.700
-0.392
-0.574
-0.877
 0.237
 0.970
 0.074
 1.678
 0.702
 0.373
 0.279
-0.586
-0.305
-0.545
-0.138
 0.203
 0.369
-0.040
-0.233
-0.994
 2.029
 0.844
 0.469
 0.582
 0.760
 0.840
 0.394
 1.505
 0.069
 1.115
-0.172
-0.153
 0.749
 0.661
-0.462
 0.134
-0.625
-0.387
 1.166
 1.792
 0.343
-0.967
-1.636
-0.329
-0.729
-1.253
 0.642
 1.331
 0.638
 1.446
 0.114
 0.556
 1.730
-0.862
 0.637
-0.090
-0.446
 0.463
 0.185
-0.121
-0.040
 1.438
 0.122
 0.930
-0.009
 0.895
 0.379
-0.370
-0.830
-1.350
 0.312
-0.617
 1.645
 0.269
 1.220
-0.098
-0.014
-0.201
 0.477
-0.060
 0.766
-0.787
 0.604
 0.107
 0.370
 0.369
-0.457
 0.452
 0.235
-1.015
 0.317
-1.840
-1.039
-1.194
 1.162
 0.569
-0.262
-0.297
 0.703
 1.466
 0.450
 0.951
-0.061
 0.353
 0.030
 0.580
 0.898
 0.719
 1.384
 1.233
 0.980
 1.594
-0.117
 1.174
 0.307
-0.191
-0.154
-0.205
 1.373
 1.549
 0.096
-0.419
-0.558
 0.788
 0.112
-0.903
 0.005
-1.158
-0.664
 0.654
-0.112
-0.226
-0.771
-0.279
-1.125
 0.108
 0.939
 1.145
 0.737
-0.984
 0.966
 0.778
 0.708
 0.006
 0.657
 1.072
-0.010
 0.099
 0.249
 0.246
-0.011
-0.525
 1.774
 1.443
 0.677
-0.326
 0.711
 0.688
-0.341
 1.139
 0.892
 1.504
-0.497
 0.600
 0.196
 0.316
-0.048
-0.051
 0.378
-0.128
 0.507
 0.076
 1.059
 1.936
 1.383
 0.737
 1.114
-0.024
-1.250
 0.127
 0.682
 0.204
 0.670
 1.053
-0.096
 1.060
 2.412
 1.273
-0.145
-0.661
-0.919
-0.545
 0.443
 0.685
-0.668
-0.725
-0.040
-0.623
 1.247
 0.342
 0.396
-1.378
 0.719
 0.243
 0.148
-0.663
-0.725
 0.125
 0.006
 0.525
 0.882
-0.030
-0.010
 0.604
 0.252
 0.510
-0.952
 0.075
 1.397
 0.305
 1.392
 0.635
 0.382
-0.644
 0.057
 1.571
 0.397
 1.550
 1.631
 1.278
 0.528
 1.890
 1.084
 1.290
 1.063
 0.699
 0.112
-0.657
 0.229
-0.505
-0.186
 0.361
 0.082
 0.168
 0.794
 0.479
-0.557
-0.638
-0.004
 0.311
 0.180
-0.449
 0.797
-0.225
-1.429
 0.101
 0.701
 1.520
 1.387
-0.146
 2.096
 1.065
 1.538
 1.296
 1.681
 0.148
 0.866
-0.082
 0.497
 0.191
 1.175
 0.791
 0.495
 1.669
 0.553
 2.541
 0.895
-0.587
 1.213
 0.314
-0.082
-0.052
-0.988
 0.564
 0.188
 0.195
-0.399
 2.434
 0.542
-0.817
 0.842
 0.302
 1.632
 2.416
 1.739
 2.761
 0.778
-0.086
-1.027
 1.548
 1.154
 1.991
 1.192
 0.590
 1.401
 1.102
 0.312
 1.804
 2.124
 2.018
 1.488
 0.414
-1.418
 0.437
-0.760
-0.644
 0.595
-0.108
-0.954
-0.074
 0.913
 1.174
 0.373
-1.256
-0.315
-1.075
-0.899
-0.339
 1.279
 1.469
 2.033
 0.561
 0.378
 0.773
 0.250
 0.031
 0.325
-0.429
-2.456
-1.604
-0.592
-1.748
-0.906
-0.493
-0.188
-0.802
 0.128
 0.632
-0.081
-0.045
-0.158
 0.260
 0.147
-0.609
-1.509
 0.409
 1.101
 1.708
 1.055
 1.816
-0.153
-1.053
-1.262
 0.914
 0.785
 1.085
 0.048
-0.170
-0.732
-0.078
-0.369
-0.542
-1.480
 0.748
-0.083
-1.630
-0.203
 0.364
-0.790
-0.369
 0.779
-1.087
-0.143
-1.113
-1.179
-0.661
-0.328
-0.084
 0.598
-0.314
-1.329
-0.254
-0.002
 0.005
 1.307
 1.022
 0.184
 0.185
 0.695
-0.149
-0.444
 1.648
 1.900
 2.065
 0.255
-1.254
-0.966
-1.728
-2.407
 0.331
 0.000
-0.350
-2.351
-1.784
-1.169
-0.243
-1.001
 0.193
 0.329
 0.398
-0.444
-1.606
 1.174
 1.767
-0.804
-1.045
-0.627
-0.152
-2.132
-1.878
-0.543
-0.658
-0.055
-0.247
-0.840
-1.175
 0.428
-0.251
-0.014
 0.932
 0.529
 1.039
 0.957
 0.540
-0.533
-0.215
 1.151
-0.957
 0.032
-0.350
-1.579
-0.963
 1.079
 0.404
 1.008
 0.427
-1.176
 0.221
-0.407
-0.058
-0.461
-0.090
 0.278
 1.065
-0.336
 0.242
-1.950
-0.378
 0.401
 1.318
 0.994
 0.529
 0.959
 0.318
-0.075
 0.594
 1.666
 1.419
 0.682
 0.620
 0.258
-1.779
-1.384
-0.542
-0.242
 0.181
-0.179
-0.314
 1.068
 1.039
-0.265
-0.698
-1.019
 1.956
-0.264
-0.864
-0.230
-1.570
-1.795
-1.250
-0.090
-1.472
-1.413
-2.088
-0.764
 0.275
 0.239
-0.468
 0.375
-0.374
-0.723
-0.808
-0.676
-0.698
 0.634
 0.485
 0.450
 0.595
-0.293
 0.707
 0.844
 1.661
 1.604
 2.460
 0.445
-0.851
 0.600
-0.556
-1.176
-1.256
-0.014
-0.051
 0.015
-0.412
-1.331
 0.116
-0.537
 0.364
-0.774
-2.483
-0.508
 0.617
 1.922
 0.712
 0.215
-0.364
 0.543
 0.641
 0.573
 0.450
 0.822
 0.482
 1.814
 0.649
 1.547
 0.782
 1.548
 1.465
 0.868
 0.393
 0.160
 1.290
-0.960
 1.155
-0.038
-0.361
 2.334
 1.454
 0.918
 0.889
-0.428
-0.937
 1.110
-0.801
 1.365
 0.357
-0.143
 0.278
 0.729
 0.493
 0.689
 0.017
 0.479
 0.180
 1.898
-0.160
 1.386
 1.101
 1.153
 0.767
 0.584
-0.292
 1.566
 1.642
 1.051
-0.256
 1.239
-0.765
-0.244
-0.845
-0.773
-0.535
 1.472
-0.959
-0.626
 0.339
 0.079
-0.484
-0.558
 0.298
 0.260
-0.771
-0.736
-0.235
 0.959
-0.851
 0.225
 0.037
 0.404
 1.197
 0.014
 0.965
 0.015
-0.262
 0.135
 0.012
-0.414
-1.971
-0.617
-0.080
-0.341
 0.114
 0.526
 0.077
 0.291
 0.124
 1.357
 0.775
 0.962
 0.678
-0.493
 2.017
 0.652
-0.395
-0.581
 0.566
-0.317
-0.537
 0.838
 0.908
 0.066
 0.400
 1.309
-0.190
-0.221
 0.863
 1.675
 1.273
-0.331
-0.884
-0.110
-0.554
-0.053
 0.200
-0.556
-0.930
 0.270
 2.180
-0.087
 0.877
 0.938
 1.902
-0.487
 1.110
 1.247
-0.758
 0.701
 0.091
 0.369
 0.327
-0.024
 0.353
 0.486
 1.578
-0.260
 0.609
-0.395
-0.539
-0.045
-0.560
 0.374
 0.412
 0.979
 0.478
 1.237
-0.547
-0.166
-1.071
 1.428
-1.630
 0.045
 0.482
 0.990
 0.333
-0.036
 0.545
-1.067
 0.502
-0.974
-1.914
-0.501
-1.286
-1.371
-1.213
-2.702
-1.801
-0.437
-0.616
-0.713
-0.360
 0.936
 0.215
-0.677
-0.863
-0.329
 0.662
 0.064
-0.032
-1.041
-0.922
-1.083
-0.519
-0.380
 0.637
 0.000
-2.238
-0.345
 0.170
-0.590
 0.189
 0.419
-0.506
 0.784
-0.682
 0.808
-0.949
-0.299
 0.264
 0.224
 0.864
 1.280
 1.061
 0.182
-0.476
-0.655
-0.580
 0.609
 2.525
 2.235
-0.425
-1.070
 0.460
-0.803
-0.780
-0.190
-0.116
-0.521
-1.375
-2.182
-0.661
-0.998
-0.808
-0.559
-1.219
-1.062
-1.179
-0.004
-1.012
 0.178
-0.387
 0.693
 0.736
 1.292
 0.220
 0.706
 1.233
 1.674
 0.021
-0.085
-2.159
-0.522
-0.623
-1.343
 0.391
 0.791
 0.270
 0.445
-2.186
 0.257
-0.397
-0.335
-0.696
 0.452
-0.112
-0.333
-0.221
 0.367
-0.123
 0.724
-0.091
 0.451
 0.918
 0.459
 0.503
 0.200
-0.146
-0.700
 0.543
 0.311
 0.048
 0.471
-0.718
-0.776
-0.941
-1.263
 0.775
 0.724
 0.225
 0.640
-0.977
 1.162
 1.764
-0.582
 1.141
-0.677
-0.182
 0.076
 0.011
-1.821
 0.146
-0.935
-2.113
-1.199
-0.703
 0.984
 0.488
 0.124
 0.684
-0.773
 1.338
 0.314
-0.927
 0.562
-0.375
-1.555
-0.990
-0.528
-0.210
-0.679
-2.038
-1.231
-1.861
-0.215
-0.299
 0.228
 0.692
-0.365
-1.220
-0.915
-2.314
-0.249
 0.187
-1.254
 0.644
 0.286
 0.448
-0.672
-0.410
-1.245
-0.005
-0.901
-0.717
 0.182
-0.063
 0.118
-0.723
-1.205
-1.731
 0.566
-0.568
-0.145
-1.752
-1.933
-1.609
-1.141
 0.294
-0.839
-0.644
-2.176
-1.625
-1.059
-1.608
 0.448
-1.289
-1.196
 0.803
-0.617
-0.933
 0.425
-0.363
 1.507
 0.906
-0.036
 0.449
 1.373
 0.694
 0.911
 2.352
 1.866
-0.713
 0.259
 0.278
 0.291
 0.493
 0.292
-1.253
 0.075
-0.040
-1.173
 0.576
 0.324
-1.086
-0.625
 0.911
-0.395
-1.262
 0.351
-0.618
-0.539
-0.530
-0.409
-1.240
-0.827
-0.125
 1.255
 1.287
 0.648
 0.375
-0.874
 0.776
-0.149
 0.165
 1.132
 0.655
 0.338
-0.133
-0.359
 0.622
 0.977
-0.090
-0.056
 0.658
-0.604
 0.355
 0.265
 0.118
 1.328
 0.478
 0.548
-0.963
 0.236
 0.576
-1.197
 0.010
 0.385
 0.339
-0.256
 0.028
 0.329
-0.074
 0.984
 0.075
 0.301
 0.155
-0.573
-1.755
-1.271
-1.751
-1.607
-0.957
 0.104
-0.806
-0.267
-1.011
-0.010
 0.279
 0.332
-0.240
-1.970
 0.707
 0.712
 0.689
-0.801
-0.685
 0.741
 2.316
 0.378
 0.022
 0.143
 0.834
 1.396
 1.903
-0.567
 0.732
 0.153
-0.387
-1.088
-0.097
 0.749
 2.169
 0.734
 1.152
 0.065
-0.306
-0.153
 1.051
 0.568
 0.635
-0.304
 0.136
 0.307
-1.048
-1.316
 0.434
-0.128
-0.896
-1.265
-2.382
-2.142
-1.150
 1.331
-0.852
-0.953
-1.008
-1.058
 0.603
 0.723
 1.023
-0.661
-1.237
-1.370
-0.726
-0.818
-0.087
-0.787
 0.272
-0.582
-0.447
-0.862
-1.757
-0.239
-1.265
-0.495
-1.516
-0.704
-1.693
 0.920
-0.162
-0.912
-0.891
-2.036
-1.530
-0.578
-1.572
-2.047
-1.442
-0.303
 0.692
 0.366
 0.623
-0.470
-0.190
 1.178
-1.113
 0.096
-0.195
-0.361
 1.157
 0.604
 0.484
-0.026
-0.836
-0.289
 0.475
 0.529
-0.132
 0.772
 2.479
 1.047
 0.986
 2.006
 0.233
 0.718
-0.931
-0.357
-0.140
-0.195
 1.526
 0.002
-0.828
 1.159
-0.697
 0.592
 1.965
 1.128
 0.725
 1.088
 0.821
 0.155
 0.345
-0.129
 0.753
 0.066
-0.272
-0.292
 0.849
 0.272
 0.232
 0.251
 0.892
-0.492
-1.142
-0.688
-2.708
-0.919
 0.434
-1.254
 0.186
 1.224
 0.944
 0.105
-0.217
 0.158
-0.044
 0.237
 1.471
 0.142
 1.351
 0.678
 0.374
-0.590
 0.702
 1.373
 0.993
 0.523
 0.407
 1.355
-1.237
-1.407
-0.143
-0.040
 1.153
 0.520
-0.710
-1.580
 1.555
 1.265
-0.735
 0.782
 0.648
 1.318
 1.203
 0.137
 0.780
 1.381
 0.318
-0.214
 0.811
 0.478
-0.180
-1.557
 0.272
 0.255
 0.734
-0.777
-1.297
-0.448
 0.079
-0.502
 0.090
 1.139
-0.426
 1.008
 2.853
 1.342
 0.799
 0.257
 0.641
-0.513
 2.025
 1.350
 0.434
-0.988
-0.566
-1.503
-1.043
-0.441
 0.849
-0.453
-0.168
-0.505
-1.574
-0.268
-0.920
-0.553
-1.215
-0.257
 1.628
 0.603
-0.746
 0.820
-1.136
-0.400
-1.471
-1.754
 1.732
-0.304
-0.740
 1.435
-0.580
 0.158
-1.496
-0.554
-1.606
-1.325
-0.569
-0.520
 0.348
-0.174
-0.818
-2.329
-1.615
-3.229
-3.749
-1.553
-1.124
-1.097
-0.431
-0.356
-0.154
-1.256
-0.956
-1.241
-2.321
-1.419
-1.116
-1.414
-1.540
-2.863
-2.142
-0.334
-0.689
-1.300
-2.812
-1.945
 0.659
-0.565
-0.287
-1.974
-0.697
 0.443
-1.112
-0.218
-1.332
-0.441
-1.129
-1.398
-1.708
-0.948
-0.348
 0.411
 1.084
-0.780
-0.931
 0.590
 0.491
 0.746
-1.301
-0.500
-0.700
 0.290
-0.044
-1.044
-0.265
-2.677
-0.914
-0.283
 0.717
 0.223
 0.841
 1.102
 0.140
-0.445
-0.866
 1.452
-0.055
-0.032
-0.055
-0.197
-1.796
-0.492
 0.917
 0.063
 0.499
-0.302
-0.034
 0.832
-0.604
-1.324
-0.439
-2.040
-0.786
 1.229
-0.030
-0.353
 0.940
-0.222
 1.379
 0.805
 1.818
 0.741
 0.930
 0.990
 0.063
-0.919
 0.815
 0.192
 0.445
 0.620
 0.536
 0.371
-0.551
-0.016
 0.974
 0.653
 1.707
 0.097
-0.029
-0.806
-0.064
-1.061
-1.287
-0.247
 0.070
 0.279
 0.720
-0.700
-0.455
-0.885
-0.495
 0.145
-2.250
-0.687
-1.378
-2.872
-2.130
-2.564
-1.689
-2.009
-0.502
-1.548
-1.408
-0.837
-1.362
 0.554
-1.948
-1.382
-0.770
-0.625
-1.332
-0.725
-1.884
-1.576
-1.365
-2.131
-1.956
-1.224
-1.872
-1.434
-2.374
-1.362
-2.125
-0.618
-1.200
-0.022
-2.181
-1.216
-0.112
-0.869
-1.232
-1.457
-1.687
-0.814
-0.737
 0.498
 0.764
 0.234
 1.057
-0.226
-0.809
 0.718
 0.450
 0.051
 0.373
-0.148
 0.481
 1.113
-0.626
 0.399
-0.675
 0.211
-0.385
 0.817
-0.049
 1.572
 0.367
 1.659
-0.658
-0.501
-1.699
 0.511
 1.247
-0.151
-1.351
-0.220
-2.030
-0.375
-0.794
-0.524
-1.334
-1.469
-1.559
-1.387
-1.531
-1.480
 0.729
 0.167
-1.912
-0.392
 0.830
 0.040
 1.297
-0.347
-0.706
-1.536
-1.291
-1.748
-1.328
-0.911
-0.370
 1.319
 0.478
 0.376
-1.238
 0.533
-1.146
-0.037
 0.336
 0.376
 0.927
-1.285
 0.001
-0.475
-0.491
-0.688
-1.141
-0.864
-0.633
-0.187
-1.599
-0.141
-1.526
-1.255
-0.505
 0.163
-0.041
 1.031
 0.537
-0.447
 0.106
 1.886
 1.574
-0.631
 0.928
 0.518
-0.924
-0.471
-0.551
-0.873
-0.607
 0.216
-0.951
 0.221
-1.774
 0.060
-0.788
-1.797
 0.431
 1.024
 0.014
 0.433
 1.263
 0.111
-0.409
-0.420
-0.739
-0.962
-0.467
-0.488
-1.706
 0.612
 1.067
 1.046
-1.199
-0.246
 0.338
 1.403
 0.504
 0.747
 1.455
 2.259
 0.968
 0.206
 1.074
-0.109
 0.842
 0.932
 0.262
 1.946
-0.219
-0.670
 0.305
 1.773
 0.856
-0.693
 0.490
 0.496
-0.530
 1.298
 2.013
 3.010
 1.062
 0.991
 0.940
 0.599
 0.850
 0.951
 1.721
 0.816
 0.541
-0.538
-0.437
 0.397
 0.815
-0.577
 0.303
 1.520
-0.152
-0.939
-0.138
-0.825
-0.578
 0.252
-0.857
-0.483
 0.650
 0.425
 0.556
 0.360
-0.686
 0.747
-1.431
-2.561
-0.956
 1.083
 1.227
 0.702
 1.135
-1.121
-1.311
-1.428
-1.159
 0.002
-0.244
 0.986
 1.823
 0.180
-0.193
-0.443
 1.132
 0.646
 0.394
-1.018
-0.819
-2.039
-1.179
-0.716
-0.800
-0.176
-0.855
-0.199
 0.406
-1.120
-1.075
-0.291
-0.045
-0.005
-0.410
 1.214
-1.211
-0.926
-0.308
-0.583
-1.722
-0.382
-1.351
 1.040
 0.477
-0.186
-0.361
-0.834
-1.382
-1.056
-0.633
-2.289
-0.853
-0.499
-1.509
-0.345
 0.393
-0.679
 0.095
-1.117
-1.206
-0.969
-0.925
-0.453
 0.061
 0.933
-0.085
-1.233
-0.291
-0.356
-1.437
-1.116
-0.562
-0.511
-1.578
 0.323
-1.208
-1.913
-2.093
-0.317
-0.236
-1.560
-0.347
 0.642
-0.851
-1.564
-1.315
-2.038
 1.493
-1.361
-0.761
 1.149
-2.138
-1.896
-0.923
-2.067
 0.516
 0.319
-1.126
-0.167
 0.175
 0.949
-0.508
-0.851
-0.478
 0.278
 0.335
-0.974
-1.264
 0.934
 0.303
-1.221
 0.335
 0.178
 1.031
-0.603
-1.155
 0.668
 0.895
 0.790
-0.638
-0.220
 0.784
 0.709
 0.616
-0.202
 0.576
 0.088
 0.264
-0.308
-1.751
-0.344
-1.179
 1.264
-0.499
-1.229
-0.046
-1.078
 0.355
-0.115
 0.126
-0.770
-0.815
 0.147
 0.167
-0.498
-0.823
 0.312
-0.186
 0.908
 0.066
-1.013
-0.101
-0.154
-1.111
-1.472
-1.943
-2.202
-2.326
-1.053
-1.195
-1.536
-1.362
-1.045
 0.659
-0.243
-1.178
-0.134
 0.783
 0.789
 2.197
 1.291
 0.929
 1.906
-0.793
 0.301
-0.530
-1.358
 0.266
-0.066
 0.635
 0.161
-1.241
-0.471
-1.994
-0.569
 0.204
-0.191
 0.406
-0.342
-0.500
 1.035
 1.126
 1.326
 1.847
 1.306
 0.507
 0.584
 0.542
 0.276
-0.237
 0.541
-0.367
-1.089
-2.009
 0.413
-0.686
-1.585
-0.830
-1.586
-1.606
-1.428
-0.293
-0.646
-1.502
-1.149
-0.545
-0.030
-1.452
-0.611
 0.949
-0.710
 0.965
 1.334
 0.785
-0.439
-0.377
-0.028
-0.509
-0.590
-0.633
-0.857
 0.179
 0.071
-0.992
 0.829
 0.507
-0.002
-1.273
-0.657
-0.405
-0.348
-0.434
-0.315
-0.360
-0.139
-0.060
 1.365
 0.595
-0.451
 1.114
-0.760
 0.606
 0.502
-0.043
 1.240
 0.755
 0.766
 1.081
 0.791
 0.225
-0.310
 0.163
-0.954
-1.404
-1.139
-0.596
-0.662
-1.158
-1.115
 0.384
-0.988
 0.509
-2.605
-0.296
-1.933
-0.543
-0.167
 0.456
 1.068
 0.239
 0.145
-0.433
-1.345
-1.301
-1.190
 0.576
-0.312
-0.379
 0.105
 0.440
 1.548
 0.738
 1.150
 1.440
-0.631
-0.520
-0.816
-1.451
-1.237
-0.503
-0.754
 1.289
 1.664
 0.440
-0.290
-2.413
 0.228
 0.869
 0.368
-1.324
 0.552
-0.896
-0.049
-2.459
-0.820
 0.683
 0.144
 0.718
-0.481
 0.216
-0.027
 0.680
-1.234
 0.040
 1.140
 0.747
 0.567
-1.024
-0.117
 0.074
-0.119
 1.050
-0.756
 1.109
-0.672
-0.783
-0.350
 0.041
-0.528
-1.268
 0.126
-0.108
-0.656
 1.501
 0.721
-0.170
-0.075
-0.420
-0.916
-1.456
-1.313
-1.473
-0.115
 0.286
-0.035
 0.063
-0.115
 0.836
 1.256
 0.579
-0.564
 1.208
 0.086
 0.483
-0.300
 0.515
-0.160
-0.097
 0.421
 0.814
 1.041
 0.986
 0.825
 1.205
-1.110
 1.783
 0.779
 0.669
 0.817
 0.632
 0.813
 0.123
 0.453
-1.016
-1.257
-0.230
-0.807
 1.026
 0.463
 1.692
 1.787
 0.310
-0.196
-0.403
 0.344
 0.580
-1.795
 0.613
 0.037
 1.078
 0.457
 0.168
-0.426
-1.476
 0.089
 1.590
-0.029
-0.679
 0.197
 1.150
 0.703
-1.016
 0.564
 2.250
 0.231
 1.301
 1.180
 1.264
 0.790
 0.474
 0.435
-0.816
 0.694
-0.353
-1.378
 0.100
 0.593
 0.545
 0.125
 0.831
-0.785
-0.577
-1.139
-0.141
 0.105
 0.387
-0.476
-0.357
 1.662
 1.212
 1.058
 0.729
-0.327
-0.634
-0.052
-0.667
 0.468
 0.196
 1.234
 0.208
-0.177
-0.004
 0.182
-1.460
 0.013
-1.513
-0.868
-1.441
-0.860
-0.192
 0.718
 1.002
 0.395
-0.705
 0.813
-0.268
-0.546
-0.483
-1.455
-0.858
 0.706
 0.178
-0.630
 1.171
 0.950
 0.339
 1.004
-0.163
 0.656
-0.172
-0.737
-0.372
-1.421
-1.111
 0.842
-0.114
 0.600
-1.462
 0.781
-1.027
-0.129
-0.608
-0.978
-0.199
-0.022
-0.482
-0.229
 1.587
-0.484
 0.509
-0.497
-0.762
-1.196
-0.178
-0.107
-0.658
-0.826
-1.208
 0.288
-0.299
 1.417
-0.572
-0.819
-0.886
-1.379
 0.291
 0.533
 0.298
-1.056
-0.495
 0.659
 0.849
 0.230
 0.164
-0.410
 0.310
 0.330
 1.336
 0.092
 0.784
 0.246
 1.532
 0.976
-0.153
-0.550
-0.898
-1.483
-1.164
-1.254
-2.053
-1.569
-2.097
-2.106
 1.005
 0.175
-1.854
 0.197
-0.724
-0.742
 1.582
 0.594
 0.303
 0.245
 0.607
 2.898
 2.712
 1.726
 2.298
 2.041
 1.428
 3.091
 1.161
 0.451
 0.898
 0.664
 0.112
-0.136
 0.451
-0.979
-0.006
-0.223
-0.288
 0.702
 0.684
 0.741
-0.081
-0.224
-1.596
-1.010
 0.160
 0.316
 0.779
 0.822
-1.394
-0.192
 0.352
-0.421
 1.930
-0.711
-0.112
-0.905
-0.821
 0.528
 1.509
-0.097
-0.325
 1.421
 1.030
 0.399
-0.030
-0.009
-0.721
 0.125
-1.084
-1.260
-0.002
-0.972
-1.193
-0.611
-0.699
-1.366
 0.978
-2.023
-1.748
-0.177
 0.723
-0.675
-1.050
 0.178
-0.064
 1.530
-0.035
-1.460
-0.721
 1.737
 1.576
-0.334
-0.839
-1.421
-0.940
 0.712
 0.162
 0.238
-0.404
 0.050
-0.682
-0.751
-0.126
 0.961
-0.333
-1.665
 0.846
-2.079
-1.083
-0.586
-0.934
 1.147
-0.650
 1.040
 1.270
 1.380
 0.987
-0.271
-0.322
-0.028
 1.046
-0.094
-0.773
 0.399
 1.606
 0.432
 0.780
 1.281
 0.065
 0.472
 0.738
 0.861
-0.081
 0.083
 2.335
 1.461
 1.017
 1.200
-0.081
 0.417
-0.291
-0.276
 0.107
-0.514
 0.227
 1.240
 1.482
 0.875
-0.423
 0.878
 1.230
 0.993
 1.684
 0.881
-0.100
-1.195
 0.777
 0.677
 0.807
-0.179
-0.217
 0.997
 0.882
-0.324
 0.342
-2.232
-1.568
-0.727
 0.666
 1.186
 0.775
-0.377
-0.978
-1.630
-1.560
-1.220
-1.220
-0.275
-0.409
-1.107
-0.270
-1.247
-0.435
 0.099
-0.700
-0.352
-1.558
-0.875
-0.661
-1.151
-1.855
-0.712
-0.385
-0.365
 1.962
 0.786
-0.041
 0.222
-2.676
-1.762
-2.309
 0.341
-0.351
-1.925
-0.993
 0.169
-0.179
-0.748
 0.377
 0.356
-0.841
-1.548
 0.144
-1.293
-0.575
 0.324
-0.007
-1.884
-0.143
 0.009
-0.653
 0.552
-0.317
-1.729
 0.435
-0.468
 0.504
-0.658
-1.397
-2.017
-0.354
-1.758
-1.190
-0.675
-0.841
-0.349
-0.240
-0.705
 0.246
 0.076
-1.351
-0.286
-0.462
-0.015
 0.131
-1.036
 1.511
 0.792
 1.149
-0.201
 0.779
-1.248
-2.319
-0.457
 0.146
-1.140
-1.677
-0.835
-0.882
-0.512
-0.220
 0.738
 1.979
-0.083
 0.754
 0.541
-1.216
-0.229
 0.413
 1.718
-0.735
-1.915
-1.370
-0.884
-0.701
 0.336
-0.849
 0.297
 0.498
 0.177
 0.353
 0.732
 1.398
 1.524
 0.955
 1.081
 1.816
-0.207
 0.550
 0.074
 0.449
 0.574
-0.960
-1.194
-1.101
-0.413
-1.939
 0.081
-0.316
 0.108
 0.471
-1.449
-0.662
-1.217
-2.288
-0.459
 0.290
-0.311
 0.542
 0.839
 0.331
 0.733
 1.764
 0.286
-0.461
-0.962
-0.719
-0.382
-0.833
-1.421
 0.292
 0.692
-1.404
-0.125
-1.316
-0.273
-2.217
-0.507
-1.346
 0.175
 1.539
-0.805
-0.214
 0.032
-0.152
-0.062
-0.091
-0.620
-1.620
 0.610
-1.012
-0.233
-0.268
-0.731
 0.798
 0.420
-0.547
 1.312
 0.299
 0.423
 0.997
-0.675
 0.320
-0.310
 0.281
 1.192
-0.958
-0.506
-0.624
 0.797
-0.683
-0.773
-0.264
-1.191
 0.535
 1.376
-0.243
-0.097
-0.165
 0.732
 0.123
-0.162
 1.287
 0.025
-0.413
-1.941
-0.567
-1.855
-1.928
-1.900
-0.559
-2.115
-1.165
-1.230
-1.919
-0.925
 0.063
-0.700
-0.095
 0.218
-1.067
-0.338
 0.022
 0.052
-1.363
-1.340
-2.288
 0.014
-1.309
-0.358
-0.894
-1.039
-0.321
-1.645
 0.231
-0.401
 0.107
-0.225
-1.752
-0.446
 1.195
 0.258
-0.302
-1.340
-0.066
 0.738
 0.236
 0.931
 0.645
 0.691
-0.610
 0.181
 1.640
-0.401
 1.420
 0.025
-0.132
 0.357
 0.686
 0.691
 1.727
 0.100
 1.813
 0.531
 1.300
 1.976
 0.322
 0.619
 1.617
-1.082
 1.681
 1.530
 2.553
 0.348
-1.025
 0.019
-0.526
 1.920
 0.908
 1.451
 0.842
 1.643
 0.392
 0.763
 0.465
 0.927
 0.883
 0.017
-0.251
-0.237
-0.291
 0.957
-1.022
-0.119
 1.228
 0.716
 0.934
 0.334
-0.004
 1.375
 1.091
 0.060
 0.583
 0.999
-0.305
-1.401
-0.298
-0.662
-0.542
-0.790
-0.579
-0.064
 2.081
 0.151
-0.974
-0.395
-0.511
 1.122
-1.042
 0.482
-0.494
-1.624
-0.203
 0.031
-0.355
-1.711
-0.411
-1.789
-2.160
-1.703
 0.050
-0.475
 0.568
 0.973
 0.687
-0.437
-0.613
 0.427
 0.700
 0.513
 1.131
 1.881
-0.731
 0.294
-0.663
-1.120
 1.343
-0.559
 0.239
 0.236
 1.808
-0.047
-0.166
-0.148
-2.616
-1.382
 0.792
-0.967
-1.001
-2.257
-2.589
-0.942
 0.635
 0.229
-0.308
 0.701
 0.478
-0.681
 0.397
 0.407
-0.187
-0.507
-0.162
-0.191
 0.851
 0.461
-0.376
-1.061
-1.672
-0.124
 0.539
 0.793
-0.518
 1.621
-2.217
-1.415
 1.246
 0.507
 1.647
 0.243
 0.511
 1.306
-1.474
 0.387
 0.614
-0.462
-0.608
-0.039
 0.395
 0.267
 1.129
 1.316
 0.894
 1.989
 1.874
 1.758
 2.102
 0.803
 1.255
 1.212
 0.977
 0.511
-0.280
-0.482
-0.202
-0.337
 0.263
 0.807
 0.432
 0.286
-0.735
 0.617
 1.054
-0.274
-1.141
-1.246
-2.330
-0.605
 0.704
 0.823
 0.533
 0.546
 0.135
-0.827
-1.158
-0.508
-0.476
 0.162
-0.416
-0.585
-0.768
-0.636
-0.362
 0.634
 0.850
-0.421
-0.407
 0.569
-0.210
-0.784
 1.204
-0.245
-0.657
-1.758
-0.496
 0.163
 1.017
 0.095
 0.706
-0.071
 0.638
 0.817
 1.505
-0.370
-0.456
 0.760
 0.844
-0.139
 0.354
-0.979
-0.009
 1.066
 2.445
-0.520
 0.082
 0.343
 0.535
-0.377
 0.135
-0.399
-0.175
-0.001
-1.053
-0.384
-0.280
-0.783
 0.143
-0.870
-0.583
-0.930
-0.569
 0.227
 0.377
 0.491
-0.123
-1.343
 0.687
 1.053
-0.731
 1.007
 0.818
 1.085
-0.594
 0.401
 0.862
 0.519
 0.413
-0.118
 0.627
 0.353
-0.488
-0.055
-1.566
-0.887
-0.461
 0.225
-0.060
 0.054
-0.123
-0.364
 0.227
 1.578
-0.740
 0.011
 1.542
 0.416
-0.428
-0.353
-1.034
-0.081
-0.393
-0.234
 0.745
-0.605
 0.396
-0.082
 0.338
 0.225
 1.692
 1.358
 0.117
 0.991
-0.194
-0.269
-0.290
-1.059
 1.143
 0.643
-0.088
-1.292
 0.104
-2.203
-0.001
-0.153
 1.080
 0.422
-0.786
-0.552
-0.168
-0.225
-0.919
 0.265
 1.057
-0.237
-0.664
-3.206
 0.414
-0.013
-0.007
-0.061
 0.756
-0.431
-0.168
-0.834
-0.839
-1.338
-0.540
 0.787
-0.691
-1.182
-0.809
 0.385
-0.242
 0.367
 0.413
-0.307
-0.495
 1.437
-0.118
-0.415
-0.103
-0.288
 0.127
 1.074
 0.682
-0.814
-1.044
-0.996
 0.638
 1.016
 0.206
 0.337
 0.312
 0.477
 0.544
 0.996
 0.599
-0.823
-0.079
 0.148
 0.087
-0.339
-0.289
 0.832
 0.177
 0.105
-1.246
-1.548
-1.667
-1.886
 0.474
-0.158
-0.514
-1.896
-1.770
-0.003
 0.986
 0.999
 2.933
 1.976
-0.151
 0.052
 1.203
 2.734
 1.727
 1.617
 0.613
 0.590
-1.206
-0.886
 0.881
 0.543
-0.202
-0.127
 0.483
 0.898
-0.911
-0.736
-0.086
 0.149
-0.776
-0.677
-0.301
 0.594
-0.910
-0.042
 1.016
 0.595
-0.072
 0.032
 0.890
-0.276
 0.447
 0.132
-0.297
-0.223
-0.481
-0.261
-0.566
-1.169
-0.982
-0.521
-1.094
 0.447
-0.529
-0.245
 1.095
 0.555
-0.401
 1.062
-0.605
 0.536
 1.448
 0.274
 1.904
 0.549
-0.378
 0.805
-0.565
 1.220
 1.766
 0.913
 2.288
 1.293
 1.228
 2.167
 0.687
 1.511
 0.496
 2.460
 0.918
 1.391
 1.872
 0.673
 1.722
 1.673
 2.143
 1.735
 1.526
-0.113
 1.973
 0.089
 1.328
 0.428
 1.032
 0.581
 1.202
 0.837
 0.114
 1.052
 2.178
 2.264
 2.425
 1.206
 1.695
 1.705
 2.907
 1.359
 1.608
 0.705
 0.159
-0.431
 2.564
 1.255
 0.829
-0.088
-0.348
 0.748
 1.514
 0.134
 1.325
-0.981
-0.804
-0.671
-0.505
 0.682
-0.070
 0.758
 0.750
-0.130
 0.574
-0.936
 1.336
-0.187
 0.700
-1.280
 0.074
-0.528
 1.512
-1.081
 0.004
 0.804
 1.594
-1.042
 0.401
 1.216
 0.145
 0.100
 1.583
 0.482
 0.015
-0.336
 1.283
 0.580
 0.109
 0.116
 0.534
 0.397
 0.383
-0.600
 0.892
 1.766
 1.627
 0.702
 1.294
 1.687
 0.685
 0.207
 1.287
 1.388
 0.245
 1.759
 1.447
-0.067
-1.013
-0.007
 0.693
-0.007
 1.675
 1.122
 1.042
 1.384
-0.034
-0.566
-0.528
 0.187
-1.030
 0.450
 0.052
-0.674
-0.475
-0.112
-0.235
-0.964
-0.659
-0.779
-0.870
 0.068
-0.724
 1.453
-0.375
 0.051
 1.178
 0.735
 1.465
 2.276
 1.082
 0.172
 0.249
 0.188
 0.270
-0.553
 1.035
 0.017
 0.691
-0.155
 0.136
 1.328
-0.443
 0.062
-0.125
-0.433
-0.269
 1.274
-0.126
 0.408
 0.668
 0.170
-1.459
 2.055
 1.326
 0.305
 0.820
 0.465
 1.719
 1.469
-0.409
 0.327
 1.446
 1.064
 1.555
 0.219
 1.212
 0.757
-0.750
 0.578
 0.990
 0.975
 1.186
-0.656
 1.837
 0.714
-0.990
 0.935
-0.429
 0.746
-0.463
-0.777
-0.927
-1.425
-0.178
-0.305
-0.310
-1.543
-1.471
 2.326
 0.748
 0.399
-0.894
-0.052
 0.357
-0.327
-0.167
-0.432
 0.315
 0.973
 2.742
 1.621
 1.209
 0.670
-0.175
 0.238
 0.688
 0.740
 0.453
 0.985
 0.468
 0.093
 0.579
 2.064
 0.899
 0.954
 1.515
-0.214
-0.499
 0.014
 0.012
 0.413
-0.146
-0.039
-0.674
-0.566
-0.314
 0.003
-0.642
 0.218
 1.976
 0.803
 1.034
 0.325
 3.791
 1.118
 0.748
 0.841
 0.822
-0.107
 1.262
 0.848
-0.488
 0.155
-0.419
 0.537
-1.427
 1.504
 0.488
 0.049
 0.098
 0.439
 0.303
 0.274
-0.857
 0.089
-0.413
 1.300
 1.582
 0.733
 2.352
 2.073
 0.922
-0.188
 2.313
 1.857
 0.345
 1.237
 1.822
 0.899
 1.136
 0.877
 1.546
 1.126
-1.034
 0.254
 0.059
 1.324
 0.404
-0.211
 0.644
-0.615
-0.480
-2.500
-0.354
 0.146
-0.156
-1.485
 0.381
 0.436
-0.623
 0.366
 1.105
-1.777
 0.319
 1.352
 2.057
 2.186
 1.922
 1.636
 1.239
 0.040
-0.166
 0.365
-0.193
 1.221
 0.662
-0.412
-0.751
 0.042
 0.262
 0.156
 0.745
 0.420
 0.917
 0.310
 1.656
 0.824
 0.688
 0.995
 1.198
 1.694
 2.432
 1.127
 0.471
 0.796
 0.792
 0.588
-0.141
 0.785
 1.504
 0.085
 1.179
 1.260
 1.873
 0.089
 0.979
 1.779
 1.542
 2.351
 0.931
 1.303
 1.031
 0.133
 1.269
 0.744
 0.564
 1.582
 1.585
 0.634
-1.663
 0.082
-0.004
-0.209
-0.006
 1.174
 1.184
-0.807
-0.048
-0.706
-0.155
-0.847
-0.468
-0.860
 0.304
 0.385
-0.646
-0.195
 1.295
 1.029
-0.176
 0.683
-1.354
-1.283
 0.225
 1.077
 1.805
 0.323
-0.444
 0.274
 1.387
-0.189
-0.651
 0.269
 0.383
-0.860
-0.342
-0.944
-1.284
-0.505
-0.458
 0.453
-1.445
-0.722
-0.571
 1.006
 0.116
 0.033
-0.531
-1.068
-0.636
-1.190
-0.073
 0.685
-0.608
-1.144
-0.937
 0.357
 1.962
 0.654
 1.393
 1.522
 2.373
 2.015
 0.668
 1.448
-0.374
 0.569
 1.038
-0.276
-0.807
-0.026
 1.371
-0.611
-0.889
-0.311
-0.800
 0.437
 0.810
-1.425
-1.107
 0.739
 0.220
 0.662
 2.334
 1.000
 1.204
 1.143
 1.895
 0.721
 0.040
 1.430
-0.483
 0.775
 0.614
 1.139
 0.244
 0.821
 0.726
 0.467
 0.882
 0.350
 1.323
 1.602
 0.184
-0.204
 0.643
 0.498
 0.444
-0.646
-0.498
-0.358
 1.461
 1.299
-0.573
-0.384
 0.064
 0.111
 0.558
 0.332
-0.012
 0.504
 0.377
-0.334
-0.282
 0.030
-1.516
 1.165
 0.362
-0.170
-0.189
 0.534
-0.256
-1.396
 0.083
 0.413
 0.243
 2.591
 0.559
-0.044
 0.889
 1.523
 2.385
 1.854
 0.731
-0.579
 1.128
 0.707
 0.223
 0.068
 0.871
 0.932
 0.743
-2.016
-0.699
 0.044
-0.104
 0.763
-1.276
-1.734
-1.791
-1.291
-0.138
 0.780
 0.942
 1.144
-0.081
 0.328
 0.965
-1.026
 1.196
 0.321
 0.132
 1.045
 0.320
 1.249
 0.550
 1.240
 1.625
 0.378
 0.642
-0.072
-1.645
-1.684
-0.431
 0.715
 0.961
 2.289
 0.887
 0.464
 0.662
-0.655
-0.076
-0.304
 1.116
 0.108
-0.323
 0.446
 0.988
 0.084
 1.438
-0.396
 0.354
 0.052
-0.175
-0.261
 0.511
-0.620
-0.779
-0.138
-1.114
-0.234
 0.148
 0.144
-0.618
 2.086
 2.262
 2.137
 1.198
 1.559
 1.425
 0.354
 0.817
 0.176
 0.469
-0.365
 0.417
-1.177
-0.544
-0.392
 0.168
-0.527
 0.558
 0.015
-1.280
-1.535
-0.356
-1.012
-1.819
-2.682
-2.858
-1.720
 0.350
-1.085
 1.080
 0.770
 0.549
 0.787
-0.486
 0.143
-0.175
 0.552
-0.499
-1.654
-1.495
-0.965
-2.135
-1.359
-1.120
-0.357
-0.632
-1.237
-0.184
-0.548
-1.059
-1.620
-1.072
 0.041
 1.000
 0.430
 0.502
-0.251
 0.999
 0.024
-0.318
-0.191
 0.064
 0.045
-0.692
 0.306
-0.339
-2.010
-1.575
-1.080
-2.603
 0.185
-0.879
-1.262
-0.164
-0.137
 0.160
-0.326
 0.003
 0.428
-0.480
-0.178
-2.025
-0.695
-1.627
 0.650
-0.524
 0.742
 1.019
 0.977
 1.713
 0.320
-0.361
 0.760
 0.502
-0.174
-0.889
 0.691
 0.872
 0.615
-0.195
-0.254
-0.755
-0.094
-1.783
-0.708
 0.004
-0.839
 0.950
-0.359
-0.726
-0.261
-1.637
-1.727
-1.860
-0.411
-0.074
-1.642
-0.974
-0.621
-0.537
-0.414
-0.001
-1.648
-0.182
-0.624
-0.451
 0.315
-0.276
-0.752
 0.602
-1.002
 0.011
 1.396
 0.121
 0.287
-1.035
-0.527
-0.193
 0.268
-0.468
-0.563
-0.986
-1.460
-2.605
-2.330
-1.107
-0.858
-0.121
 0.050
 1.013
 0.361
 1.346
-0.209
 0.275
-1.102
-0.894
-1.008
-1.257
-1.194
 0.346
-0.779
-2.107
-0.283
-0.078
 0.509
-0.576
-1.283
-0.328
 1.215
-0.020
 1.017
-0.913
 0.326
 0.515
-1.029
-0.801
-0.442
 0.867
-0.569
-1.176
-1.232
-0.126
-1.055
-0.451
-1.864
 0.132
 1.283
 0.349
-1.315
-0.959
-0.909
 0.113
 0.878
-0.749
-0.810
-1.327
-1.268
-0.169
-0.928
-0.349
 0.029
 0.757
-1.329
 0.723
-0.312
-0.753
 0.191
 1.085
-0.016
-0.793
-0.904
-0.665
 0.560
 0.555
-0.971
-0.699
-1.896
-1.874
-1.651
-1.984
 0.885
 1.208
 0.727
-0.021
-0.042
-0.964
-1.672
-1.271
 0.780
 0.322
-0.090
 0.223
 1.109
-0.587
-0.760
-0.890
-2.467
-1.323
-1.361
-0.717
-1.232
-0.861
 0.561
-1.843
-0.900
-1.768
 0.390
 0.169
-1.599
 0.671
-1.512
-0.956
 0.587
-1.379
-0.834
-0.838
-1.932
-0.185
-0.552
-0.649
-0.974
-0.746
-1.099
-1.014
 0.837
-0.784
-1.078
-0.663
 0.587
-1.460
-0.184
-0.889
-1.416
-0.299
 1.301
-0.053
-0.301
-1.493
-0.655
-0.877
-0.655
-0.987
-1.434
-1.355
-0.600
-1.448
-0.604
-1.550
-1.407
-0.765
-0.046
 0.644
 0.232
-1.132
 0.479
 0.588
 0.510
 0.139
 0.546
 0.609
 1.211
 0.616
-0.287
-0.001
 0.279
 0.373
 0.383
 0.664
 0.448
 0.671
 0.682
-0.157
 1.341
-0.083
 0.590
-1.649
-0.611
-0.579
-0.995
-1.342
-0.214
-1.158
-0.848
-1.280
-1.157
-1.133
-1.852
-0.349
-1.700
-0.461
-1.567
-0.464
-0.364
-1.339
-0.655
-1.017
-0.068
-0.663
 0.339
-0.426
-0.681
-0.372
-0.587
 0.072
 0.595
 0.928
-0.743
-1.216
 0.060
-0.642
-1.348
 0.190
-0.132
 0.758
 0.606
 1.328
 0.137
 1.464
-0.524
 0.138
 0.816
 1.747
 1.694
-1.241
-1.216
-1.254
 0.697
-1.941
-1.923
-0.588
-1.131
-0.937
-0.238
-0.329
-0.867
-0.239
-0.258
-0.072
-0.101
 0.706
 0.218
 0.986
 0.293
-0.062
 0.625
-0.333
 0.364
 0.826
-1.813
 0.938
 0.710
-0.734
-0.558
-0.350
-0.510
 0.140
-0.229
-1.741
 0.479
-0.207
-1.994
-0.688
-0.944
 0.329
 0.690
-0.967
 0.233
-0.780
 0.350
-1.105
 0.546
 0.876
 0.018
 1.202
 0.821
 0.949
-0.096
-0.172
-1.666
-1.974
-1.116
-0.145
-1.193
-1.350
-0.705
 0.046
-0.543
-0.653
-0.320
 1.206
 0.018
-0.406
 0.255
-0.862
 1.034
 0.578
-0.916
 0.444
 0.009
 0.114
 0.470
 0.109
 0.965
-0.624
 0.471
 1.410
 0.077
-0.850
 0.953
 0.356
 1.414
 1.173
 1.965
 0.299
 0.073
-0.749
-1.157
-0.958
-0.857
 0.671
 0.404
-0.090
 0.780
-0.170
-1.484
-2.101
-1.130
-0.554
-0.274
 1.331
 0.478
-1.089
-1.067
-2.461
-2.369
 0.535
-1.118
-1.545
-0.225
 0.520
-0.515
-2.846
 0.358
-0.007
-0.470
 0.417
 1.432
 0.778
 0.623
-0.638
-1.048
 0.005
 0.967
-1.128
-0.659
 1.298
 0.943
-0.107
 0.819
 0.528
-0.919
 0.525
 0.897
 1.254
 0.402
 1.939
 0.138
 0.623
-0.467
 0.134
-0.887
-0.314
 0.421
 0.862
 0.508
-0.257
 1.034
 1.454
-0.013
 0.591
 0.108
-0.780
-0.573
 0.696
 1.026
 1.590
 1.145
 0.945
 0.389
-0.091
-0.123
 0.440
 0.834
 0.682
 1.814
 2.128
 0.495
 0.534
 0.491
 2.617
 1.666
 1.407
 0.985
-0.127
 1.097
 0.386
 0.321
-0.265
 0.443
 0.447
-0.206
 1.008
 1.151
 0.995
 1.740
 1.603
 2.221
 1.159
 0.249
 0.404
 1.270
-0.680
-0.735
 0.213
-0.712
 0.207
 0.206
 0.961
-0.103
-0.292
-0.672
-1.284
 0.048
-1.253
-1.686
-0.553
 0.119
-0.534
-1.840
-0.711
-0.189
-1.148
-0.110
-0.022
-0.188
-0.619
-0.989
-0.961
-0.912
-0.104
-1.869
-0.362
-1.155
 0.106
-0.963
-0.814
-0.764
-2.348
 0.010
 0.210
-1.734
-1.069
 0.240
 0.108
 0.523
 0.976
 0.229
 0.287
 1.405
-0.298
-0.446
-1.349
-1.197
 0.767
 1.795
-0.547
-0.303
 0.134
 0.945
 0.959
-0.559
 0.444
 0.849
 0.639
 0.218
-0.490
 1.284
-0.078
 0.100
 0.925
-0.814
-1.240
 0.532
-0.282
 0.657
-0.482
 1.052
 1.490
 2.418
 3.124
 1.290
 0.734
 0.812
 0.515
 0.043
-0.750
 0.852
 1.263
-0.378
 0.124
-0.653
 1.576
-0.615
 0.152
 1.521
 0.418
 0.565
 1.161
 0.662
 2.010
 0.710
 0.999
 0.261
 1.085
 1.172
 2.213
 0.113
 0.342
 1.194
-0.155
-0.086
 0.207
 1.203
 0.335
-0.532
 0.085
-0.543
 1.174
 0.272
 0.886
 1.796
 0.541
-0.351
-0.239
-0.755
 0.124
-0.617
-1.199
 1.327
 0.803
 0.251
 0.765
 0.717
-0.177
 0.473
-0.132
 1.889
 1.677
 0.759
 0.570
 0.727
 0.283
 0.795
 1.089
 0.817
 1.399
 0.342
 1.361
-0.333
 0.328
 1.689
 1.967
 1.036
 0.075
-0.215
 0.359
 1.167
 0.362
-1.004
-0.232
 0.083
-0.715
 0.316
 0.438
-0.662
-0.480
-0.758
-0.068
 1.105
 0.669
 1.350
-0.081
 1.765
-0.024
-0.495
-0.021
-0.174
 0.067
-0.456
-0.699
-0.530
-0.990
-0.524
-0.084
-0.217
-0.568
 1.466
 0.410
-0.440
 0.320
 1.421
 0.150
 0.109
-0.898
 1.474
-0.116
 0.405
 0.329
 0.004
-1.720
 0.608
-0.714
-0.095
-0.131
-0.627
-0.656
-0.373
-0.655
 0.906
 0.768
 1.214
 0.422
 0.907
-0.269
 0.349
 0.750
-0.606
 0.720
 0.032
 0.194
-1.991
-1.079
-0.453
 0.301
-0.577
-0.727
 0.627
 0.325
 0.754
-1.350
 0.180
 1.111
-0.656
 0.466
 1.122
 1.274
 0.559
 0.067
-0.445
-1.595
-0.545
 1.263
 0.941
 0.595
 1.755
 1.631
 1.340
 1.919
 0.759
 0.434
 0.786
 0.716
 1.126
 2.069
 1.712
 0.596
 0.439
-0.154
 0.645
-0.288
 0.113
 1.967
-0.057
-1.399
-0.863
 0.776
 0.257
-0.840
 1.269
 1.479
-0.250
-0.783
 1.495
 1.090
 0.883
 0.427
-0.852
 0.854
 0.475
 1.083
 0.829
-0.060
 1.029
-0.418
-1.064
-1.722
-2.566
-1.360
-0.368
-2.200
-0.968
 0.791
 0.381
 0.789
 0.749
-0.548
 0.783
-1.116
-0.900
-0.705
 0.032
-1.545
-1.830
-1.230
-1.709
-0.557
-1.645
-0.400
 1.060
 0.282
-0.593
 0.992
 0.564
-0.291
-0.218
-1.611
 1.280
-0.619
-1.846
-0.150
 0.583
 1.039
 0.442
 0.321
-0.607
-0.793
-0.034
-0.663
-0.449
 1.044
-0.371
-0.557
-0.177
-0.021
-0.014
 0.391
 0.104
 0.637
 0.677
 1.256
 1.018
 1.559
 0.546
 0.587
 0.002
-0.726
 0.139
 0.512
 0.297
 2.586
 0.834
 1.000
 1.970
 2.417
 1.134
 0.378
 0.678
-0.868
 0.992
 2.069
 0.612
 1.407
 1.434
 0.978
-0.818
 0.671
-0.251
-0.239
-1.002
 0.896
 0.195
 0.220
-0.505
 1.009
 0.267
 0.591
-0.969
-1.248
-1.323
 0.011
-0.863
 1.103
 0.740
 1.409
 0.591
 1.407
 1.801
 0.527
 0.817
 0.932
 1.080
-0.520
-0.638
-0.741
 0.072
 0.617
-1.015
 0.868
-0.277
-0.425
-0.482
-0.107
 1.631
 1.286
 1.627
-1.441
-0.221
-0.877
-0.509
-1.090
-0.563
-1.709
 0.767
 0.279
-0.695
 0.781
-0.217
 0.688
 0.045
 0.243
-0.640
 0.092
-0.631
-1.214
-2.326
-0.404
-0.619
 0.147
-0.712
-0.196
 0.017
-0.312
-1.799
-2.663
-2.965
-1.587
 0.761
-1.227
-2.500
-1.194
-0.492
 0.985
 0.417
-0.363
 0.481
 0.282
 0.435
-1.621
-0.742
 0.121
-0.651
-0.280
 0.390
 0.854
 0.181
-0.499
-0.439
 0.298
-0.536
 0.058
-0.364
-0.335
 0.343
 0.089
 1.495
-0.898
-0.693
-0.689
-0.176
-1.375
 0.035
 0.183
-1.442
-0.565
 0.438
-0.058
-0.114
 1.059
 0.447
-1.124
-0.668
-0.083
 0.505
 1.050
 0.870
-1.322
 0.919
 0.799
 0.765
-0.116
 0.542
 0.238
 1.351
-0.872
 1.268
 1.648
 0.514
 0.964
 0.970
 0.175
 1.512
 2.002
 0.461
-0.938
 0.477
 0.492
 0.154
-0.185
-0.714
-0.033
 0.041
-0.062
-0.454
 0.976
-0.174
-0.494
-0.064
 1.186
 0.546
-0.412
-0.310
 0.568
 0.632
-0.139
 0.292
-0.694
-0.361
-0.318
 1.586
 2.349
-0.045
-0.594
 0.417
 0.073
-1.369
-0.453
-0.584
-1.242
-0.771
 0.336
-1.251
-0.201
-0.274
 0.321
 1.466
 0.765
 1.602
-0.796
-0.026
-1.822
-0.476
-1.429
 0.954
-0.756
 2.197
 1.397
 0.481
-0.376
 0.243
 0.790
 0.625
-0.151
 1.200
 0.358
-0.302
 0.006
 1.201
-0.733
-0.528
-0.156
-1.057
-0.607
 0.422
 0.848
 2.546
-0.408
 0.363
-0.186
 1.808
 1.045
-0.582
-0.136
-0.054
-0.368
 0.407
 1.207
 0.262
 1.119
 0.791
 0.119
 0.825
 0.325
 1.570
 0.431
-0.698
-0.739
 0.569
 1.036
 1.944
-0.353
 2.645
 0.775
 1.996
 2.131
 1.463
 1.130
-0.569
 1.622
 2.495
 0.861
 0.361
 0.678
 0.512
 0.094
 0.497
 1.024
 0.804
 0.807
 0.282
-0.680
-1.078
-0.325
 0.432
 0.255
 0.282
-0.041
 0.487
-0.528
 1.573
 0.957
 0.525
 0.399
 0.296
 0.964
 1.746
-0.429
 0.404
 0.982
-0.165
 0.279
 1.107
 0.968
 1.466
-0.651
 1.336
 0.084
 1.579
 0.339
-0.378
 2.046
 0.712
 1.475
 1.248
 0.612
 1.250
 0.710
-0.249
 1.065
 0.124
 0.260
 0.674
 0.122
 0.811
 0.517
 0.236
 0.172
 0.486
-0.007
 0.480
 0.537
-1.079
 0.121
-0.412
 0.277
-0.654
-0.476
-0.239
 0.066
 1.671
 1.405
 0.767
 0.603
 0.313
-0.469
 0.740
-1.811
 0.190
 0.988
-0.343
-0.499
-1.108
-1.720
 0.141
 0.732
 0.030
 0.316
-1.058
-0.208
-0.651
 2.102
 0.363
 1.152
 1.636
 2.238
 1.190
 1.255
 1.071
 1.052
 1.012
-0.336
 0.300
 2.576
 2.670
 1.345
 0.827
-1.079
 0.551
 0.879
-0.276
-0.319
 0.703
 2.256
 0.883
 1.414
 2.144
 0.461
-0.269
 0.228
 0.922
 0.416
 0.606
 2.446
 1.034
 1.491
 1.888
 0.616
 0.160
-0.044
 1.290
 2.382
 0.622
 1.824
 0.356
 2.158
 1.641
 1.537
 0.749
 1.638
 2.053
-0.008
 0.373
 0.863
 0.142
-0.274
 0.962
 0.505
-1.005
 1.614
 0.727
 1.445
 0.683
 1.066
-0.759
-0.010
 1.479
 1.168
 1.556
 0.043
 1.308
 0.349
-0.623
-0.025
-0.646
 1.406
 0.607
 1.882
 0.590
-0.279
 0.269
-0.184
-1.385
-0.826
 0.469
-1.258
-1.045
-0.751
-0.531
 0.379
-1.135
-0.621
-0.353
-0.622
 0.936
-0.109
-0.982
-0.202
-0.349
 1.280
 0.300
 0.860
 2.230
 2.097
 0.417
 2.155
 2.802
 0.687
 0.678
-0.642
-2.051
 0.135
 0.726
-0.731
 0.917
-0.310
 0.187
-1.649
-1.612
-0.971
-0.447
-0.121
-0.752
-0.165
-1.890
-0.742
 1.089
 1.220
 0.529
 0.446
 0.529
 1.003
 0.481
 0.999
 0.712
 0.842
 1.172
-0.938
 0.773
 0.693
-0.540
-0.894
-1.237
-0.255
 0.232
-0.659
-1.276
-0.470
-0.962
-0.047
 0.566
 1.163
 1.575
-0.226
 0.477
 0.935
 0.257
-0.414
 0.195
-1.135
-0.709
-1.585
-1.708
-0.508
 0.706
 1.225
 0.952
-0.120
 0.658
-0.689
-1.314
-1.017
-0.808
-0.840
-0.930
 1.005
 1.356
 0.080
-1.447
-1.067
-0.766
-0.062
-1.683
-0.801
-1.493
-1.082
 1.047
-1.015
 0.652
 1.441
-0.434
 0.905
 1.649
-0.541
-0.056
-0.136
 0.091
-0.590
 0.093
-1.548
-0.225
-0.687
 0.420
 0.520
 0.956
 0.016
 1.285
-0.445
 0.554
 0.741
-0.251
-1.190
-0.710
-0.370
-0.267
-2.084
-2.340
 0.367
-0.949
-1.148
-0.051
 0.475
-0.886
-0.856
-1.106
-1.393
-1.230
-1.304
-2.145
-1.342
-1.987
-1.713
-0.440
-2.326
-1.204
-2.568
-0.747
-0.571
-0.626
-1.812
-1.608
-2.848
-1.775
-0.121
-0.561
-0.098
 0.787
 0.393
 0.375
-1.742
-0.737
-0.499
-0.545
-0.325
-0.819
-1.548
-0.934
 0.207
 0.082
 0.168
 0.335
-1.679
-0.651
 0.168
-1.108
-1.181
-1.126
-0.494
-1.759
 0.169
 0.772
 0.370
-0.017
 0.540
 0.590
 0.212
-0.183
 0.032
 2.062
 1.168
-0.444
 1.112
-0.206
 0.592
 0.398
 0.619
-0.136
 1.622
 0.794
 0.319
 0.428
 0.848
 1.990
 1.055
 0.360
 0.244
-0.691
-0.222
 0.279
 0.541
-0.955
-0.057
 0.484
 0.593
-0.312
-1.081
 1.593
 0.496
 0.872
 0.943
 0.531
 1.354
 1.370
 0.490
-0.538
-0.060
 1.656
 0.573
 1.017
 0.624
 2.687
 0.742
 0.312
-0.148
 0.685
 1.105
 0.959
 0.574
 0.638
-0.510
-0.701
 0.249
-1.176
-1.646
-1.554
-0.439
-0.017
-0.786
-0.477
-1.004
 0.261
-0.198
-0.880
-0.676
 0.215
 0.795
 1.219
 0.296
 0.785
 0.658
 0.655
 1.279
-0.194
 0.412
 0.989
 0.829
 1.817
 0.546
 2.004
 2.599
 0.780
 0.436
 0.801
 2.032
 1.923
 0.930
 0.940
 0.428
-0.219
 1.138
 0.651
 1.847
 3.016
 2.458
 0.520
 2.260
 2.519
 0.885
 0.248
-0.212
 0.911
-0.932
-0.139
 0.428
 0.849
 1.241
 0.377
 0.697
 0.906
 0.513
 0.650
 0.006
-0.127
-1.152
-0.137
-0.434
 1.057
-1.305
 0.686
 0.090
 0.405
-0.047
-1.484
 0.113
 0.407
 1.644
 0.643
 0.915
-0.501
 0.281
 0.574
 0.846
-0.360
 0.340
-0.043
 2.503
 0.640
-0.304
-0.429
-2.203
 0.207
-0.077
 1.214
 0.922
 1.904
 0.450
-0.218
 0.964
 0.699
-0.276
-0.034
-0.399
-0.614
-0.330
-0.474
 0.426
 0.407
 1.071
 0.994
 1.304
 1.879
-0.338
 1.309
 0.296
-0.797
 1.935
-0.234
-0.282
-0.691
 0.099
 0.547
 0.593
-0.147
 0.586
-0.172
-1.456
-0.572
-1.136
-1.735
-2.579
-1.140
-0.618
 1.625
-0.096
-2.174
-1.689
-1.504
-1.231
-0.301
-0.052
-1.507
-2.037
-0.353
-0.610
-0.465
 0.176
-1.851
-0.642
 0.307
-1.155
-0.299
 0.187
-0.495
 0.583
 0.211
-0.650
-0.866
-0.008
 0.164
 0.708
 0.268
-0.030
-0.422
 1.163
-0.579
 0.343
 0.117
-0.290
 0.419
 0.572
-0.795
 1.167
 1.264
 1.164
 1.544
 0.137
 1.686
 0.015
 0.327
 0.655
 1.207
-1.243
 0.273
 1.753
-0.459
-0.079
-0.098
-0.765
 0.962
 1.462
 1.058
 1.094
 1.602
 1.561
 0.656
 0.904
 0.048
 0.553
 0.850
-0.960
-1.448
-1.283
 0.620
 1.062
 1.596
 0.827
 0.116
 1.015
 0.379
 0.909
 1.740
 1.240
 1.171
 1.759
 2.295
 1.032
 1.237
 0.853
