 0.716
 1.505
 0.033
 0.771
-0.377
-1.051
-0.037
-0.576
 0.213
-0.248
-0.592
 0.691
 0.162
 0.744
 0.026
-0.004
 0.437
-1.354
 0.060
-1.100
-0.708
 0.310
-0.349
-1.347
-1.160
-1.602
-1.779
-0.350
-0.153
-0.632
 1.372
-0.183
-1.029
-0.423
 0.366
 0.856
 0.929
 1.286
 1.041
-1.067
-0.351
 0.315
-0.498
-1.183
-1.474
-2.100
-0.781
-0.224
-1.763
-0.083
-0.151
 1.023
 0.656
 0.525
-0.517
-0.052
-0.382
-0.373
-0.566
-0.429
 0.171
-1.348
-1.962
-0.886
-0.636
-1.792
-1.490
-0.417
-0.188
-1.932
-1.843
 0.859
 0.320
-0.447
 0.612
-0.635
-1.245
-0.885
-0.285
-1.560
-1.771
-1.962
-2.223
-0.988
-1.385
-0.537
 0.550
 0.940
-0.662
-3.075
 0.596
-0.342
-0.102
-1.610
 0.574
-0.396
 0.685
 1.030
 0.390
 2.021
 0.122
 0.868
 0.007
-1.111
-0.546
-1.086
-1.006
-0.403
-0.307
-0.489
-1.290
-0.612
 0.086
-0.038
 0.436
-1.075
-0.389
-1.010
-0.203
 0.470
-2.395
-0.911
 0.137
 0.189
-0.276
 0.188
-0.364
-0.020
-0.044
 1.429
 0.008
-1.170
 0.281
-0.010
 1.446
 0.064
 0.376
 0.614
-0.196
-0.956
-1.238
-0.529
 0.816
 1.051
-0.827
 0.845
 1.284
 0.198
-0.783
-0.340
 1.188
 0.684
-1.578
-1.346
-1.228
-1.617
-0.916
-2.409
-1.491
-0.175
-1.685
-0.531
-1.248
-0.793
-0.173
-0.893
-0.744
-0.745
-0.759
-1.016
-0.690
-0.337
-0.508
 0.947
 0.055
 1.957
 1.619
 1.196
 0.153
-0.611
-1.171
-1.026
-0.835
-0.466
 0.666
-0.009
 0.497
 0.178
-0.687
-0.733
-0.980
-1.281
-0.390
-1.323
-1.704
-0.491
 0.070
-0.709
-1.080
-2.188
-1.883
-1.052
-0.900
-0.720
-0.526
-1.092
-0.729
-0.670
-1.431
 0.467
-0.271
-0.086
-1.338
-1.376
 0.889
-0.068
 0.326
-0.924
-0.470
-0.684
-1.007
-0.418
-0.379
-1.481
-0.826
-1.447
 0.263
 0.204
 1.718
-0.245
-1.195
-0.281
-0.761
 0.324
-0.281
 0.050
 0.230
 0.038
-1.174
-0.569
 0.707
 0.481
-0.394
-0.273
-0.318
-0.804
-1.220
 0.272
-0.112
 0.445
 1.639
-0.692
 1.064
-1.086
 0.372
-0.552
 1.225
 0.310
 0.452
 0.909
 0.895
 0.741
-0.451
-0.342
-0.263
-0.703
-0.052
 1.019
 0.717
 0.631
-0.230
-1.098
 0.171
-0.619
 1.127
 0.680
 0.776
 1.855
-0.607
 1.652
 1.033
-0.206
-0.591
-2.329
-1.260
 0.220
-1.458
-3.059
-1.909
-1.431
-0.678
-0.554
-1.592
-0.324
-0.372
-0.261
-1.044
 0.004
 0.587
-0.433
-0.472
 0.464
 1.255
 0.971
-0.261
 0.198
 0.027
 0.822
 0.506
 0.097
 0.427
 0.072
 2.047
 0.671
 1.476
 1.505
-0.271
-0.609
-1.045
-1.583
-1.050
 0.077
 0.903
-0.754
-1.017
-0.207
-0.949
-0.889
 0.635
 0.537
 0.119
-0.494
-0.687
 0.575
 1.377
 0.646
 2.115
 1.307
 0.227
 0.392
 2.189
 0.809
-0.245
 0.808
-0.413
 2.114
 0.682
 2.521
 2.308
 0.904
 1.234
 1.580
 1.422
 0.174
-0.283
 0.886
 1.257
 2.735
 1.432
 2.178
 1.981
 0.561
 0.310
 1.510
-0.185
-0.363
 0.517
-1.561
-0.575
-0.940
-0.464
-1.164
 0.351
 1.391
 0.477
 0.557
 0.399
-0.251
 0.063
-0.043
-0.217
 0.490
 0.840
 0.860
 1.312
 0.874
 0.396
-0.521
-0.925
-0.486
-0.660
 0.417
-0.239
-1.474
-1.524
-0.747
 1.232
-0.962
-0.254
 0.457
-0.937
-1.056
-0.254
-0.367
 1.716
-0.354
-0.487
-0.502
-0.786
 1.062
 1.266
 0.013
-0.053
-0.534
-1.080
-1.798
-1.106
-1.253
-0.361
-1.243
-0.175
 0.356
-0.737
 1.344
 0.245
-0.801
-0.517
 0.311
 0.329
 0.792
 0.714
 0.444
 2.053
 1.298
 0.312
 0.522
-0.249
-0.843
 0.389
 0.074
 0.300
 0.340
 1.123
 0.149
 0.349
 0.014
 0.309
-0.475
-0.281
-0.391
-0.077
-0.182
-0.840
-1.434
-0.943
-1.008
-0.343
-0.150
 1.454
 1.032
 1.255
 0.715
-1.269
-0.974
-0.265
 0.933
-0.768
-0.165
 0.734
-2.057
 1.076
 0.189
-0.833
-1.145
-1.181
-1.201
-0.893
-0.904
-1.073
-0.249
 0.177
-0.183
-0.152
 0.751
 0.858
 1.743
 1.576
-0.545
-2.210
-0.643
 0.014
-1.396
-1.439
-0.252
-0.200
-0.449
-0.517
-0.096
 1.458
 0.904
 0.975
 0.647
 0.287
-0.071
-0.214
-0.783
-0.257
 0.051
 1.532
 0.594
 0.833
 1.525
 2.635
 1.192
 0.667
 1.244
 0.985
 1.879
 1.371
 0.326
 0.724
-0.213
 1.757
 0.422
 0.306
 2.673
 2.368
 1.906
 0.756
-0.143
 1.345
 2.618
 1.389
 0.977
 1.415
 2.346
 1.266
 2.542
 1.774
 1.401
 1.062
 1.185
 1.166
 0.767
 0.249
 0.485
 0.622
 1.324
 0.528
-1.302
-0.018
-0.843
 0.033
-0.616
 0.028
-1.511
-1.804
 0.322
 0.422
 0.247
 0.442
 0.744
-0.670
-0.096
-0.038
 0.083
 0.388
 1.253
 0.269
-0.098
-0.007
 0.816
 0.950
 1.886
 0.816
-0.632
-1.429
 0.049
-0.265
 0.250
-0.351
-1.403
-0.882
-1.266
-0.791
 0.889
 1.196
 0.686
 1.141
 0.722
 0.484
 0.984
 0.737
 1.694
 0.461
 0.522
 1.365
 0.858
-0.024
 0.414
 0.420
-0.322
 0.471
 0.008
-0.579
-0.273
-0.304
 0.865
 1.224
-0.219
-0.236
-0.362
 0.254
 0.444
 0.961
 0.208
 0.060
-0.990
-1.590
-1.024
-0.604
 1.377
 1.023
 0.907
 1.709
 0.812
 0.969
 0.693
 0.547
 0.798
 0.060
 1.284
 1.464
 0.230
 1.222
 1.235
 0.606
-0.412
 0.782
 1.634
 1.092
-0.990
 0.878
 1.715
 2.349
 0.832
 0.329
-0.025
 1.167
-1.745
-1.776
-0.613
-0.939
-2.528
-0.391
-1.382
-0.678
-0.367
-0.647
-1.216
-2.285
-1.432
-1.899
-0.607
 0.152
 1.061
 0.556
 1.697
 0.714
 1.179
 1.224
-0.406
 0.966
 0.660
-0.871
 0.008
-0.197
-1.069
-0.125
-0.353
 0.359
 0.058
 0.131
-0.406
 0.831
 0.025
 0.270
-0.025
-0.405
-0.396
 0.008
 0.546
-0.344
-0.675
-1.613
-0.685
-1.155
 0.111
-0.726
-0.555
 0.396
-1.257
 0.022
-0.181
-1.329
-0.695
-0.446
-1.380
-0.654
 0.607
-2.500
-1.134
-0.636
-2.334
-0.848
 0.080
 1.036
 2.099
 1.448
 0.273
 1.421
 1.902
 0.363
 0.288
-0.091
 1.186
 0.942
 0.954
 0.934
 0.723
 1.125
-0.274
 0.351
 0.358
-0.217
 0.980
-0.690
 1.136
 0.597
-0.534
 0.420
-0.580
-1.575
-0.297
-0.304
 0.897
 0.554
-1.479
-0.799
 1.889
 0.778
 0.442
-0.743
 0.305
-0.334
-1.045
 1.260
 1.386
 0.228
 0.909
 0.716
 0.015
 0.484
 0.778
 0.718
-0.629
-0.266
-1.132
 1.629
 0.546
 0.144
-0.649
-0.038
-0.437
-1.232
-0.407
-0.217
 0.170
-1.002
-0.315
 0.788
-1.046
-1.383
-0.998
-0.977
-1.345
 0.139
 0.225
-1.264
-0.169
-0.773
-0.426
-0.899
 0.012
-0.193
-0.227
 0.142
-0.712
 0.097
 0.961
 2.530
 1.307
 1.492
 0.148
-0.112
-0.294
-0.035
-0.085
 0.450
 0.086
 0.710
-0.385
 0.769
 1.171
 2.711
 2.174
 1.263
 2.184
 0.049
-0.588
-0.588
-1.419
-0.821
-0.867
-0.392
-0.005
 0.492
 0.434
-0.019
 0.067
-0.337
-0.933
-0.252
-0.347
 0.037
 1.142
 0.824
 0.661
 0.714
 1.094
 0.983
 0.571
 1.017
 0.541
-0.628
 0.216
 0.042
 0.255
 0.699
 1.178
 1.126
 0.442
 0.514
 1.481
 0.388
-0.480
 0.598
 0.923
-0.248
 1.493
-0.262
-1.251
-1.529
-0.502
-1.626
-0.727
-1.287
-0.729
-0.985
 0.404
 1.203
-0.006
 0.259
-1.266
-0.698
-0.295
 0.138
 0.113
 0.860
 0.603
-0.992
-1.245
-1.055
-2.348
-1.007
-2.047
 0.514
 0.841
-0.918
-1.999
-2.328
-0.684
-0.546
-0.253
 0.067
-0.614
-1.725
-0.329
 0.715
 0.598
-0.560
 0.189
-2.284
 0.025
 0.046
-0.525
-0.953
 1.349
 0.333
 0.486
 0.026
 0.528
 0.201
 1.051
 0.596
 1.956
-0.478
-0.868
-0.629
-1.374
-0.382
 0.150
 1.684
 0.550
-0.558
-0.031
 1.347
 1.008
 0.536
 0.862
 0.075
 0.547
-0.776
 0.332
 0.869
 0.387
-0.019
 0.445
 1.339
 0.985
 0.029
 0.672
 0.896
-0.078
 2.075
-1.118
-1.514
-0.435
-0.730
 0.986
 0.302
-0.480
 0.252
 0.406
 0.860
 0.380
-0.100
-1.867
-0.935
-0.113
 1.315
 0.298
-0.772
 1.082
-0.221
 1.032
-0.354
 0.104
 1.094
-0.815
-0.641
-0.054
-0.863
 0.326
 1.106
 0.477
 0.058
-0.612
-0.914
-0.955
 0.352
-0.686
 1.008
 0.934
-0.186
 0.302
-0.617
-0.264
-0.066
-0.150
-0.584
-0.010
 0.703
-0.006
-0.282
-0.357
 0.144
-0.668
-0.827
 0.105
-0.376
-0.171
 0.789
 0.949
 1.958
 1.404
 1.245
-0.109
 2.771
 1.075
 1.560
-0.142
 0.745
 1.132
 0.793
 1.659
 1.571
 1.511
 0.095
 1.131
 0.118
 1.665
 1.353
 0.957
 0.648
 0.169
 1.444
 1.327
 1.417
 2.011
 0.391
-0.167
 0.518
 1.180
 2.326
 0.650
 1.431
 0.832
 0.863
 0.109
 1.474
 0.178
 0.019
 0.026
 1.291
 1.052
 1.132
-0.824
 0.573
 1.405
 1.843
 0.625
 1.213
 2.517
 0.563
 1.179
 0.617
-0.187
 0.292
 1.004
 1.430
 0.176
-0.446
 0.416
 0.783
-1.019
-0.391
-0.505
-0.927
-0.437
 1.743
-0.189
-0.066
 1.046
-1.272
-0.122
 0.798
 0.977
 0.144
 1.707
 0.814
 0.621
-0.220
-1.098
 1.045
 0.381
-0.469
-0.324
 0.565
 0.313
 0.558
-0.309
 1.476
-0.460
 0.120
 0.907
 0.642
 1.234
 0.363
 0.703
 0.541
-0.318
 0.489
 0.552
 0.329
-0.207
-0.266
 0.647
 0.328
 1.630
 1.505
 0.802
 1.922
 0.104
-0.300
-0.549
 1.017
-0.096
 1.800
 2.027
 0.366
-0.195
 0.798
 0.795
-0.723
 1.301
 0.873
 1.841
 1.113
 0.183
 1.787
 0.444
 1.002
 0.717
 0.843
 1.279
-0.175
 1.114
 0.538
 0.250
 0.114
 1.984
 0.558
 0.831
-0.439
 0.857
 2.359
-0.357
 0.917
 1.431
 0.530
-0.529
-0.068
 0.051
-1.263
 0.506
 0.324
 0.629
-0.227
-0.201
 0.380
-0.297
-0.681
-0.359
 0.687
-0.277
 0.321
 0.672
 1.479
-0.474
 0.770
 0.631
-0.016
-0.196
 0.700
 1.376
-1.280
-0.523
 0.389
 0.814
-0.116
 1.332
 0.334
 0.837
 0.427
 0.231
 0.763
 1.445
-0.602
 0.257
-1.233
-0.736
 0.633
-1.496
 0.644
 0.504
 1.416
 0.603
 2.497
 2.228
 1.739
-0.138
 2.703
 0.843
 0.478
-0.303
 0.343
 0.921
 1.453
 1.414
 2.392
 0.214
 0.818
-0.015
-0.157
 2.186
-0.049
 1.797
 0.948
-0.219
-0.666
 0.184
-0.500
-0.746
 0.489
-1.030
 0.495
-0.961
-1.333
-1.269
 0.186
 0.635
 0.340
 1.096
 0.861
 0.765
-0.124
 0.793
-0.385
 0.072
-0.406
-1.276
-0.265
-0.799
 0.196
 0.760
-0.683
-0.875
 0.025
 0.905
 0.948
 1.986
 2.947
 0.858
 1.061
 0.668
 0.230
 0.124
 0.311
-0.488
-0.229
 0.266
-0.378
 0.798
 1.074
 1.230
 0.813
 0.572
 1.706
 0.568
 0.954
 1.654
 0.712
 2.701
 1.337
 0.949
 1.818
 2.729
 1.683
 1.414
 1.162
 2.046
 1.612
 0.825
 1.242
 0.934
 1.196
 1.307
 1.068
 1.143
 2.700
 1.034
 1.977
 1.335
 0.406
 0.955
 1.185
 0.944
 0.612
 0.178
 1.344
 0.285
 1.294
-0.161
 0.961
 1.751
 1.196
 1.355
 0.645
 0.248
 1.159
-0.270
-0.432
 0.677
-0.765
-0.765
 0.940
 1.826
 1.653
 0.099
-1.228
 1.330
 0.051
 2.107
 1.541
 2.626
 0.911
 1.799
 1.428
 2.678
 0.964
-0.902
-0.325
 1.964
 1.383
 2.161
 1.053
-0.563
 1.134
 0.971
 0.084
 1.257
 0.654
 0.035
-0.614
 0.151
 2.713
 1.919
 1.176
 2.644
 0.778
 0.058
 0.837
 0.994
 1.929
 1.017
 0.828
 1.333
 0.463
 0.328
-0.367
 0.023
-0.809
-1.631
-0.895
 0.557
 0.938
 1.014
-0.012
-0.514
 0.044
 1.181
-0.330
 0.718
 0.057
 0.317
-0.118
 0.451
 1.148
 0.757
 0.878
 0.275
 0.536
-0.079
 0.743
 1.006
 1.162
 0.717
 1.743
 1.468
 1.757
 1.658
 1.001
 1.641
-1.014
 0.837
 0.220
 1.593
 0.550
 0.870
 1.498
 1.286
 1.166
 2.120
 0.633
 0.918
 1.294
 0.874
 0.359
 0.700
 0.362
 0.391
 2.118
 1.091
 1.591
 2.658
 2.445
 2.152
-0.784
 0.935
-0.122
-0.184
 0.883
 0.218
-0.088
 0.108
-0.114
-1.008
-0.376
-0.708
-0.324
-0.179
-0.333
 0.684
 1.711
 0.558
 1.134
 1.888
 1.748
-0.248
 1.338
 1.431
 2.344
 2.950
 1.204
 0.453
 2.668
 0.432
-0.505
 1.750
 0.494
 1.964
 0.684
 0.849
 1.484
 0.944
 2.132
 0.838
 1.612
 2.876
 1.615
 1.477
 1.692
 0.317
 0.468
 1.896
 1.724
 1.108
 1.424
 0.530
 0.812
 0.814
 1.019
-0.330
-0.178
 0.506
-0.392
-0.832
-2.295
-0.562
-0.135
 1.135
-0.905
 0.144
-0.351
-1.034
-0.544
-1.129
 0.146
-0.343
-0.382
-0.220
-1.386
-1.053
 0.151
-1.114
-2.147
-1.584
-3.565
-0.995
-0.497
 0.117
 0.184
 0.042
 0.209
 0.946
 1.400
 1.519
-0.142
 1.596
 0.235
-1.504
-0.553
 2.017
 1.379
 1.069
 0.216
 1.336
 1.040
 1.004
 0.504
 0.698
-2.053
-1.106
-0.109
-0.113
-1.753
 0.008
-1.202
 1.007
-0.707
-1.060
 0.302
-0.912
-0.091
-1.437
 0.054
-2.372
-0.783
 0.213
 0.325
-0.162
 0.721
-0.336
 0.679
 0.380
 0.932
 1.379
 0.910
-0.311
-0.048
-1.160
-0.596
-0.161
 0.023
 1.532
-0.168
 0.195
 1.191
 0.297
-1.319
-1.733
-0.755
-1.572
-0.070
-1.486
-0.364
-1.467
-0.244
 1.260
-0.575
-0.935
-0.632
-1.184
-0.986
-0.959
-0.995
 0.353
 0.936
 0.270
-0.330
-0.331
 0.355
-0.058
-1.909
 0.787
 1.075
 1.470
 1.253
-0.420
-1.358
-1.542
 0.286
-0.198
 0.135
-0.511
 0.000
-0.965
-0.589
 0.297
-0.308
 0.029
-1.276
 0.351
-0.103
 0.533
-0.506
-1.204
 0.163
-0.278
-1.794
-0.838
-1.755
-1.338
-1.947
-0.291
 0.295
-0.506
-0.683
-0.903
-0.158
-0.784
 0.189
-0.779
-1.087
-0.945
-0.662
-1.168
-1.037
-0.584
 0.479
-0.865
-0.431
 0.761
-1.017
-2.169
-1.219
-0.117
-1.867
-0.121
-1.208
-0.781
-1.834
-0.590
-1.157
-1.365
 0.297
-0.884
-0.872
-2.552
-1.509
-2.474
-1.523
-0.976
-1.555
-0.619
-1.881
-0.919
-2.126
-1.590
-2.027
-2.659
-0.549
-0.206
-1.736
-2.288
-2.751
-1.457
-0.638
 0.124
-0.147
-0.437
-0.580
 0.345
 1.972
 0.704
 0.812
 2.529
 0.333
 0.680
-1.190
 0.739
-0.472
 0.323
-0.058
 0.442
-0.949
 0.715
 0.972
 0.266
 0.812
 0.794
 0.489
 2.242
 0.690
 0.583
 1.479
 1.735
 0.533
-0.287
-0.525
 0.284
-1.340
-0.831
-1.886
-2.821
-1.595
-0.698
-0.670
 0.705
-0.153
 0.419
 0.339
 0.820
 0.465
 0.344
 0.058
-0.049
-0.797
 0.648
-1.477
 0.550
-0.072
-0.436
-2.173
-1.728
 0.430
-0.450
-1.384
-1.017
-1.679
-1.413
 0.999
 0.334
 1.875
 0.817
 0.184
 0.115
-0.471
-1.334
-0.740
 1.146
-0.059
-0.172
-2.016
 0.716
-0.248
 0.537
-1.077
-1.077
-0.486
 0.466
-0.906
 0.861
-0.485
 0.351
 0.917
-0.566
-0.754
 0.670
-1.419
-0.990
 0.079
-0.903
 0.832
-0.234
-0.633
 0.129
 1.075
 1.159
 1.085
 1.678
 1.783
 0.061
 0.594
-1.068
-1.136
-0.194
-0.135
 0.134
 0.926
-0.066
 1.604
-1.197
-0.182
 1.436
 0.579
 0.803
 0.815
 0.481
 0.478
 1.192
 0.459
 0.786
-0.246
-0.493
-0.325
 0.260
 0.127
 0.207
 2.038
 1.457
 1.002
 1.455
 0.079
 0.612
-0.226
 0.345
 0.814
-0.132
-0.819
-1.830
-1.497
-0.695
-0.315
-0.148
 0.824
 0.644
-1.355
 0.861
 0.948
 0.362
 1.159
 0.557
 0.814
-0.258
 0.901
 1.100
-0.230
-0.922
 0.125
-0.812
 0.534
-0.240
-0.258
-1.721
 0.153
 0.011
 0.965
 0.055
 0.485
-0.195
 1.333
-0.330
-1.733
-1.333
 0.169
-0.490
 0.141
-0.858
-0.622
 0.874
-0.173
 0.746
 0.603
 1.030
 1.277
 0.500
-0.261
-0.710
-0.639
 1.504
-0.891
-0.030
-0.766
 0.161
 0.697
-0.878
-1.149
-2.107
 0.025
-0.631
 0.435
-0.436
-0.503
-0.952
-0.559
-0.628
-0.356
-0.124
-0.541
-0.711
 0.463
-0.260
 0.065
-1.212
-0.908
 0.856
 1.054
 1.404
 0.885
-0.462
-1.144
-0.499
 1.241
-0.064
-0.945
-0.637
 0.249
-0.332
 0.603
 0.062
-0.762
-0.348
-0.886
 0.257
-0.321
-0.131
-0.901
 0.965
 0.739
 1.079
-0.556
-0.221
 0.006
-0.381
 0.323
-1.082
 0.316
-1.979
-1.102
-1.901
 1.263
-1.319
-0.176
-0.799
-0.086
-1.551
-0.314
-0.964
 0.032
 0.135
 0.476
-0.980
-2.016
-0.592
 0.574
 0.023
 0.719
 0.588
 0.988
 0.699
 1.014
 1.952
 2.247
 1.744
 0.773
 2.043
 1.437
 2.073
 0.527
-0.400
 1.263
 0.299
 1.577
 0.606
 1.020
-0.926
-0.752
-0.046
-0.414
-1.195
-2.212
-0.447
-1.352
-0.908
-0.068
-0.627
-0.393
 0.486
-0.032
-1.677
-0.281
-1.778
-1.998
-0.164
-0.047
-0.307
-1.365
-2.580
 0.477
-0.870
-1.221
-0.810
-0.534
 0.725
 1.832
 0.363
 0.530
 0.555
-1.063
-1.236
-0.125
 0.107
 0.337
-0.717
-0.017
 1.202
-0.495
-0.484
-0.098
-0.828
-0.966
-2.890
-2.275
-0.878
-1.344
-1.840
-0.988
-0.912
-2.007
-0.413
-0.296
-2.997
-1.961
-1.575
-0.976
-1.023
-1.670
-1.376
-1.307
-1.466
-2.051
-0.442
-0.188
-0.573
 1.199
 0.388
-0.119
 0.900
-0.500
-0.578
 1.177
-0.229
-1.590
-0.657
-0.604
-0.520
-0.429
-1.578
-0.115
-0.736
-0.024
-0.044
-1.683
-0.785
 0.090
 0.232
-0.914
 1.317
 0.219
 0.925
 1.051
 1.316
 0.401
 0.035
-0.058
-1.044
-0.975
-0.760
-0.243
 0.383
 0.663
 0.332
 0.474
 1.370
 0.080
 0.266
 0.523
 0.505
-0.794
-0.297
 0.475
 0.312
 0.110
 1.123
 0.406
-0.536
-0.669
-1.309
 0.635
-0.431
 0.885
 1.448
 0.907
 1.581
 0.826
-0.983
 0.377
-0.560
-0.225
-1.220
 0.032
 0.405
 0.650
 0.121
 0.122
 0.476
 0.700
 1.113
-0.626
-0.136
-0.366
-0.062
-0.436
 0.886
 0.046
 0.827
 0.365
-0.552
-0.061
 1.649
-0.448
 0.001
-1.033
-0.192
 1.148
-0.130
-0.909
-0.616
-1.651
 0.191
 0.315
 1.140
 0.588
 0.163
-1.709
-0.061
-0.219
-0.479
-1.055
-0.751
-1.012
-0.682
-1.107
-0.596
 0.300
-0.320
 0.811
 0.011
 0.152
-0.166
-0.516
-0.440
-0.631
-0.875
 0.222
 0.690
-0.859
 0.339
 1.531
 1.540
 0.347
 0.270
 1.777
 0.995
 1.757
 0.402
-1.340
-2.182
-1.193
-0.202
-0.089
 0.121
-0.562
 0.081
-0.365
-1.848
 0.567
-1.919
-0.829
-1.051
 0.074
 0.243
-1.889
-0.609
-1.194
-0.421
 0.324
 0.800
-0.467
-1.245
-0.531
-1.315
-1.251
-1.525
-2.014
-1.327
-1.029
 0.076
-0.733
-0.717
-1.399
-0.001
 0.124
-0.261
-0.151
-0.583
 0.084
-1.166
-0.774
 1.449
 0.394
-0.251
 1.479
 1.503
 0.122
 0.127
 0.941
-0.949
-0.636
-0.910
-2.701
-0.574
-3.409
-1.104
-1.824
-0.976
-0.599
-0.274
-1.502
-2.092
-0.802
-1.047
-0.107
 0.578
-0.766
-0.771
-0.559
 1.208
-0.421
-0.342
 1.530
-0.459
-0.062
-1.119
-0.976
 0.003
-0.134
-0.890
-0.565
-1.877
 0.562
-0.214
-1.075
-3.269
-2.789
-1.322
-0.041
-0.982
-0.954
-1.558
-0.508
 0.370
-2.846
-1.774
-2.154
-1.502
 0.343
 0.355
 0.292
-1.217
-0.793
-0.614
-1.451
-1.679
-0.900
-2.340
-1.229
-0.767
 0.328
 0.373
-0.424
 0.939
 1.051
 0.252
-0.486
-0.356
 0.444
 1.597
 1.171
 0.922
 1.414
 0.428
-1.167
-1.191
 0.092
-0.404
 0.051
 0.853
 0.870
-0.291
-0.043
-1.380
-0.565
-0.741
 0.167
-0.604
-1.577
-0.809
-0.414
 1.016
 0.184
 0.769
 0.170
 0.042
 0.555
 0.517
-0.107
-0.642
-0.909
 0.062
 0.487
-0.490
-0.786
 0.435
 0.438
 0.456
 0.947
 1.516
-0.535
 1.247
-1.034
 0.938
 0.365
-0.480
 0.366
-0.631
-1.026
-1.700
-1.016
-0.227
-0.392
-0.481
 0.528
 0.254
-1.063
-2.706
-1.289
-1.605
-0.953
-0.335
-0.494
-1.616
-0.987
-0.876
-0.199
-0.344
-0.085
-0.323
 0.833
 1.672
 0.074
-0.122
-0.318
-0.097
-0.279
-1.274
 0.975
 0.913
 0.093
 1.190
 0.324
-0.392
 0.133
-0.538
-0.404
-0.540
-0.328
 0.796
 0.072
 2.059
 1.206
 1.971
-0.665
 0.879
 1.130
 0.794
 0.088
-0.887
 0.545
 0.104
 0.381
 1.333
 0.545
 0.709
 0.050
 0.104
-0.067
 0.888
 0.596
-1.497
 0.308
 0.268
 1.296
 0.647
 0.160
 0.380
 0.544
 0.383
 0.907
-0.049
 0.134
-0.347
 0.500
 0.327
-0.609
-0.789
-0.131
 0.736
 0.351
 0.968
-0.488
-0.151
 0.805
 0.538
 0.360
 0.367
-0.065
-1.101
-0.555
 0.042
 0.957
-0.241
-0.969
-0.290
 1.292
-0.158
-0.116
-0.050
-0.114
-1.648
 0.548
 0.400
 0.723
 0.809
 0.422
 0.831
-0.864
-0.595
 0.387
-0.058
 0.984
 1.651
-0.222
-1.066
-1.275
-0.074
-0.886
 1.211
 0.554
-0.725
-1.311
 0.182
 1.368
 0.390
-0.032
-0.618
-0.108
-0.621
-1.016
-0.561
 0.181
-0.376
 1.920
 0.758
-1.582
-2.583
-1.284
 0.240
 1.328
-0.015
 0.139
 0.191
-0.422
 0.977
 1.377
 0.979
-0.050
-0.527
 0.995
 0.617
 1.025
 0.176
 2.510
 0.121
 0.870
-0.996
 1.843
 0.830
 0.376
 1.689
 1.703
 0.530
 0.067
 0.792
 0.803
-0.248
 0.277
 0.388
-1.090
-1.093
-0.984
 0.019
-0.902
 0.169
 1.054
-1.448
-0.371
 0.133
 0.305
 0.514
 0.591
-1.080
 0.248
-0.205
-0.988
-0.002
 0.918
-0.152
 0.941
 1.319
 0.709
-0.419
 0.046
 0.567
 0.804
 1.456
 1.209
 0.983
 1.587
 1.367
 0.755
-0.121
 0.330
-0.516
 1.086
 0.998
-0.282
 0.581
-0.626
 0.699
 1.648
 0.829
 1.451
 0.699
-1.559
-0.411
-1.061
 0.046
 0.750
 2.223
-0.484
-0.626
-0.604
-1.255
 0.046
 1.777
-0.456
-0.053
-0.452
-1.303
 0.532
-0.834
-1.238
-0.656
-0.252
 0.723
-0.219
 0.349
 1.247
 2.084
 0.563
-0.756
 1.822
-0.634
-1.520
 0.030
-0.448
 0.467
 0.927
 0.671
 1.427
 0.019
-0.409
-0.889
-1.882
-1.310
-1.222
 0.166
 1.249
-1.193
-0.896
-1.520
 0.942
-0.016
-0.173
-0.341
 1.874
 0.046
-0.583
-1.305
-1.476
 0.156
-0.244
-0.107
-1.183
 0.517
-0.829
 0.078
 0.032
-0.314
-0.899
 0.099
 0.377
-1.515
-1.692
-0.182
-0.456
-1.218
-0.971
-0.457
-1.602
-0.010
-0.409
-1.801
-0.818
-0.967
 0.941
-0.611
-0.547
 0.741
 0.767
-0.168
 0.347
 1.040
 0.029
-1.223
-0.305
-0.327
-1.305
 1.187
 1.947
-0.008
-0.636
-1.416
-1.037
-0.627
-1.003
 0.162
-0.267
 0.885
-0.268
-1.376
-0.947
-0.355
-1.384
-0.826
-0.615
 0.744
-0.559
-0.377
-1.259
 0.697
-1.821
-2.441
-1.716
 0.581
-0.451
-1.504
-0.196
-1.236
-0.549
 0.432
-0.641
 1.556
 0.787
 1.249
 0.682
 0.357
 0.046
-0.511
-0.727
-0.124
-0.741
-0.127
 0.170
 0.498
 0.082
-1.064
-1.075
-1.770
 0.134
 1.628
 0.574
 0.181
 1.478
-0.958
-0.339
-1.230
-0.669
-1.265
-0.719
-0.139
 0.403
 0.735
 1.428
-0.889
 1.854
 0.245
-1.615
-1.039
-0.694
 0.135
 0.013
 1.746
 0.860
-1.015
 0.197
-0.250
-0.249
-1.286
-1.421
-1.173
 0.182
-0.063
 0.171
 1.343
-0.443
 0.109
 0.528
 0.821
 0.601
 0.991
 0.772
 0.988
-0.365
 0.795
-0.981
-1.194
 0.449
-0.944
 1.585
-1.068
-1.325
-0.624
 0.274
-1.065
-1.031
-0.516
-0.624
-0.488
 0.832
 0.083
 0.912
 0.770
 0.681
 0.501
 0.587
 0.070
-0.862
 0.228
-0.776
 1.772
 1.330
 1.276
 0.416
-1.105
 0.021
-0.714
 0.489
-0.154
 0.106
-1.783
-0.435
-1.183
-2.243
-2.053
-1.341
-0.296
-1.564
-2.390
 0.548
-0.856
-0.762
-1.034
-0.756
-0.445
-1.594
-0.582
-0.459
-0.486
 0.066
-0.781
-0.667
-1.810
-0.510
 0.172
 1.055
 0.331
 0.288
-0.046
 1.087
 0.379
-0.299
 1.262
 0.298
 1.977
 0.514
-0.686
-0.586
-1.128
 0.015
-0.346
-1.841
-1.632
-1.565
-1.726
-0.950
-0.872
-0.723
-1.237
-0.015
-0.230
 0.388
 0.781
-0.018
 0.732
-0.937
-0.423
 0.823
-0.356
-0.605
-1.065
-0.477
 0.156
 0.552
 0.111
-0.240
 0.689
 0.435
-0.571
-1.025
-2.117
-1.444
-1.911
-2.154
-1.863
-0.681
-0.151
-0.992
-1.608
-2.018
-1.822
-2.309
-0.285
-0.741
-1.629
 1.272
-0.712
-0.939
 1.185
-1.388
-2.321
 0.331
-1.704
-2.367
-2.100
-0.298
 1.298
 0.470
-0.078
 0.859
-1.174
 0.050
 0.024
 0.187
 0.459
 0.161
 0.057
 0.577
-0.568
 0.149
 0.479
 1.246
 0.381
-0.676
 0.607
-1.204
-0.919
-0.483
 0.949
-0.348
-1.027
-0.812
-0.756
-0.606
-0.121
-1.039
-1.545
 1.610
 0.942
 1.476
 0.429
-0.248
 0.324
-0.240
 0.479
-1.590
-0.432
-0.870
-0.040
-0.533
-0.787
 1.045
-0.688
-0.541
-0.663
-0.449
-1.568
-0.968
-0.273
-1.545
 0.197
-0.904
-0.666
 0.638
 1.863
 0.372
 0.734
 0.406
-0.250
 0.151
 0.728
 1.966
 0.994
-0.023
-0.231
 0.940
-0.592
-0.777
-0.191
 0.815
 1.027
-0.057
 0.320
 1.513
 0.050
-0.787
-0.493
-0.984
-1.711
-0.514
 0.126
 0.857
 1.060
 0.588
 0.532
 0.401
-0.015
 0.136
 0.150
-0.666
 0.881
 1.985
 1.584
 0.318
-1.502
-1.923
-0.658
-1.005
 2.315
 0.855
 0.563
-1.001
 0.677
-0.116
 2.038
 0.413
 1.058
-0.254
 0.465
-0.798
-1.118
 0.235
-0.828
-0.323
 0.001
 0.698
 0.069
 0.228
-1.279
 0.306
-0.525
-0.450
-0.018
 0.338
-0.040
-0.521
 0.383
 0.264
-0.522
-0.023
 0.307
-0.798
-1.171
-1.822
-0.410
-1.149
-1.418
-0.585
-2.018
-0.765
-2.921
-1.197
-0.706
 0.645
-0.811
-0.315
-0.015
 1.449
 1.958
 0.818
 0.681
 0.315
 1.004
 1.813
 0.289
-0.774
-0.418
-0.021
 1.637
 1.695
 0.445
 0.100
-0.395
 0.860
 0.983
 1.211
-0.884
 1.107
 0.790
-0.121
 0.379
 0.390
-0.755
 0.234
 0.340
 1.308
 0.006
 0.430
 1.401
-0.232
-0.884
-1.503
-0.172
-0.572
-0.529
 0.619
 1.419
-1.106
 2.035
 2.277
 1.077
 0.296
 1.096
-0.144
 0.129
 0.147
 0.287
-0.249
-0.012
 0.849
 0.545
 3.162
 1.260
 1.728
 0.476
 1.791
 2.298
 1.231
 1.097
 0.019
-0.007
 0.402
 1.507
 0.720
 0.700
 0.164
 1.265
-0.713
 0.574
 0.007
 0.093
 1.090
 0.821
 0.100
-0.062
 1.418
 1.270
-0.672
-0.722
-0.599
 0.319
 1.746
 0.647
 1.647
 0.938
-0.231
 0.055
 0.578
 1.258
 0.440
-0.588
-0.358
-0.151
 1.162
 1.024
-0.237
 0.234
-1.803
-1.096
-0.267
-0.430
-0.291
-0.365
-0.129
-0.905
-0.657
-0.427
 1.006
 0.180
 0.779
 1.097
-1.639
 0.501
-0.539
-0.234
 0.108
-0.107
-0.681
-0.592
 0.020
 1.000
-1.048
-0.978
-0.683
-1.943
-0.232
 1.480
 1.118
-0.733
 0.334
-0.552
-1.303
-0.080
 0.637
-0.876
-1.179
-0.779
-1.588
-1.630
-0.734
-1.573
-2.175
-1.142
-1.607
-0.545
-0.615
-1.425
-0.749
-1.078
-0.902
-2.030
-0.040
-1.351
-1.948
-0.740
-0.389
-0.166
 1.608
 0.295
 0.030
-0.615
-0.594
 0.177
 0.087
 0.791
-0.036
-0.231
 0.246
-0.594
 0.252
-0.867
-1.095
-0.733
 0.682
-0.448
 0.480
 0.161
 0.639
-0.353
-0.662
-0.663
-1.930
-1.091
-1.026
-0.097
-0.701
-1.388
-0.023
-0.934
-0.285
-1.377
 0.576
-0.076
-0.423
-1.104
 0.162
-0.715
-0.746
 0.831
 1.282
 1.238
 1.964
 0.402
 0.816
 0.263
 0.245
 2.533
 2.288
 0.121
 0.966
 1.219
 2.091
 0.360
 0.004
 1.150
 2.001
 1.625
 0.637
 1.380
 1.295
-0.486
 0.154
 0.625
 1.459
 1.783
 0.037
 0.344
 0.905
 0.741
 1.035
 1.840
 1.249
 1.564
-0.691
-0.553
 1.108
 0.826
 0.494
 1.340
 0.928
-0.869
 0.720
 0.069
-0.333
-0.966
-0.569
 1.776
 1.573
-0.659
-1.851
-0.117
 0.149
-1.087
-0.033
-1.346
 0.026
-1.225
-3.145
-1.760
-0.042
-0.204
-0.291
 0.270
-0.305
-1.107
-1.404
-0.982
-0.805
-1.076
-0.701
-0.096
-0.253
-0.839
-0.699
 0.080
-0.484
-0.226
 0.828
 1.614
-0.054
 0.792
 0.418
-0.251
-0.986
 0.879
 0.724
 0.512
 1.542
-1.186
-1.570
-1.200
-0.649
 1.791
 0.663
 2.133
 1.917
 2.401
 1.584
 1.509
 1.600
 1.372
 0.884
 2.375
 3.576
 0.999
 1.158
 0.567
 0.623
 1.586
 2.129
 1.680
-0.620
-0.320
 2.020
 1.881
 1.588
 2.490
 0.762
 2.097
 0.777
 0.702
 0.957
 0.855
 1.076
 0.737
 2.070
 0.339
 1.809
 1.367
 2.172
 0.550
-0.159
 0.212
 0.686
 0.688
-0.445
 1.555
 0.666
 1.355
 1.514
 0.952
-0.056
 0.446
 1.774
 0.735
 1.472
 1.124
 2.189
 2.703
 1.053
 0.607
 0.384
 0.984
-0.251
 2.102
 1.941
-0.334
-1.145
 1.334
 0.599
 0.877
 0.644
 1.219
 0.843
 0.444
 0.890
-1.020
-1.947
-1.292
-1.506
-1.982
 0.055
-0.365
-0.319
-0.424
 0.154
 0.244
-0.950
-1.022
-0.365
-0.430
-0.964
-0.711
 1.169
-0.915
 0.485
-0.765
-1.194
-0.120
-0.921
 0.359
 0.653
-0.478
 0.755
-1.832
-0.959
-1.887
-0.433
-0.408
-1.081
 0.258
 0.010
-0.107
 0.261
 0.056
 0.996
-0.370
-0.795
 1.698
 2.458
 0.449
 0.843
-0.205
 0.843
 0.919
 0.649
 0.289
 0.579
 0.284
 0.812
-0.282
 0.898
 0.628
 0.693
 1.109
 1.404
 2.272
 0.755
-1.404
 1.809
 0.770
-0.910
-0.549
 1.018
 1.517
 1.592
 0.405
 1.587
-0.084
 1.327
 2.030
 0.307
 0.016
 0.277
 1.659
 1.226
 0.664
-0.378
-0.704
 0.515
 0.730
 1.033
 0.204
 0.394
 0.221
 0.735
 0.678
-0.723
-0.264
 0.792
 1.407
 0.964
 0.250
 0.092
 0.673
 0.265
 1.211
 0.717
 0.819
-0.003
 0.125
-0.541
-0.596
-0.327
-0.721
 1.369
 1.341
 1.028
-0.101
-0.421
-1.873
-0.315
 0.196
 0.439
-0.080
-0.127
 1.276
-0.377
-0.082
-0.432
 0.481
 0.308
 0.296
-1.292
 0.450
 2.169
 0.477
 0.203
 0.552
 2.669
 1.956
-1.047
-0.440
 1.209
 1.023
 1.056
 0.939
 1.706
 1.659
 1.797
 2.960
 1.256
 2.231
 1.085
 0.908
-0.423
 0.326
 0.640
 1.411
-0.037
 0.833
 1.894
 0.009
 1.891
 0.923
-0.290
 0.334
 1.074
-0.246
 0.962
 0.707
 0.067
 1.576
 2.393
 3.717
 1.106
 1.059
 1.476
 1.936
 2.169
 0.644
 1.175
 1.279
 1.449
 0.206
 0.943
 1.435
 0.125
 1.909
 2.065
 0.682
 0.493
 1.596
 1.590
 0.857
 1.421
 0.895
 1.257
 0.589
-0.264
 0.814
-1.024
 1.515
 2.259
 0.712
 0.904
-0.113
 0.388
 1.513
 0.781
-0.139
 1.841
 0.205
 0.857
-0.621
 0.542
-0.108
-0.192
 2.137
 1.531
-0.722
 0.111
 0.093
 0.263
 0.103
 0.800
-0.138
 1.118
 0.934
 0.242
-0.006
 1.425
 1.924
 2.265
 1.909
-0.701
 1.728
 0.220
 0.359
 1.181
 0.020
-0.330
 0.881
 0.310
 0.966
 0.718
 0.117
 0.652
 1.124
-0.412
-1.144
-0.753
 0.974
 0.930
 1.795
 1.264
-1.235
 0.793
-0.376
 1.344
 2.013
 1.430
 0.340
 1.362
 0.792
 0.973
 0.665
 0.158
 0.046
 0.915
-0.468
-1.131
 0.205
 0.044
-1.029
-0.179
-1.211
 0.038
 0.676
-0.993
 0.372
 1.694
 2.417
 0.887
 1.229
 1.466
 1.352
 0.975
 0.324
 0.046
 0.807
 0.229
-0.622
-1.437
 0.109
-0.195
-0.333
-1.883
-1.373
-1.204
 0.406
 0.387
 2.016
 2.197
 1.266
 1.977
 1.758
 0.872
-0.190
 1.726
 0.177
 0.144
-0.108
-0.456
-1.393
 1.167
-0.095
-0.502
-0.029
-0.499
-1.519
-0.079
-0.725
 0.167
 0.642
 0.094
 0.652
-0.043
-0.184
-0.388
 0.101
-0.550
-1.087
 1.182
 0.279
-1.376
-0.677
-2.052
-0.923
-0.569
-0.771
-0.237
-2.382
-1.149
-0.505
-0.766
-0.152
 0.367
 0.728
 0.695
-1.972
-1.663
-1.331
-0.825
-0.695
-0.194
-0.420
-0.388
 0.180
 0.989
 1.063
 0.565
 0.623
 0.927
-0.239
 0.436
 0.439
 0.803
 0.881
 0.056
 2.082
 0.276
 1.378
 0.319
-0.573
 1.707
 1.797
 0.324
-0.851
 0.278
-0.690
-0.919
-0.229
-0.196
-0.119
-0.625
-0.706
-0.859
-0.899
 1.016
 0.997
 0.592
 0.173
-0.161
 0.460
-0.138
-0.082
-0.122
-1.938
-1.374
-0.738
 0.203
-2.005
-1.053
-0.644
-0.695
-0.360
 0.560
 0.327
-0.612
-0.374
 1.097
 1.238
 1.325
 1.010
 0.196
 0.634
-1.152
-1.190
 0.664
 0.660
 0.540
 0.443
-0.130
-0.181
 0.308
 0.902
 0.573
 0.428
-0.176
-0.254
-0.643
-0.591
 0.408
 1.443
 0.187
-1.631
 1.061
 1.925
-0.328
 0.984
 1.049
 1.330
 1.728
-0.168
-0.447
 1.319
-0.851
 0.066
 0.451
 0.646
-0.348
 1.390
-0.021
-1.761
 0.271
-0.471
-0.905
 0.131
-1.545
-1.856
-0.080
 1.509
-0.110
 0.206
 0.184
-0.740
 0.369
 0.799
 0.385
-0.240
-0.109
-0.649
 1.349
-0.488
-0.169
 1.437
-0.633
 0.419
-0.745
-1.096
 0.189
 0.467
-0.525
-1.336
 0.003
-0.365
 0.078
 1.627
-0.954
 0.254
-0.681
 0.006
 1.218
-0.539
-1.145
-0.702
-1.698
-0.562
 1.287
-0.394
-0.921
-0.542
-0.675
-0.442
-1.173
-1.269
-0.286
 0.146
-0.247
 0.401
 0.662
-0.043
 0.196
 0.505
 0.354
 0.417
-0.185
-1.185
-1.852
-1.623
-1.882
-0.835
-0.977
 0.200
 1.063
 0.101
 0.259
 1.232
 0.710
-0.228
-0.149
-0.208
 1.198
 2.092
 0.553
 0.378
 0.184
 0.048
 0.683
 0.329
 0.236
-0.891
 0.515
-0.451
-1.689
-2.794
-0.553
 0.248
 0.419
 0.375
 0.528
 0.245
 0.698
-0.411
 0.174
 0.003
-0.406
-0.160
-0.183
-0.478
-0.139
-0.232
 0.785
 0.552
 0.323
-0.070
-0.183
-0.587
 0.504
 0.059
-0.358
-1.937
-0.058
 0.109
-0.097
-0.350
-0.069
 0.477
-0.592
-0.377
 0.170
-1.713
 0.016
-0.722
-0.459
-0.146
 0.529
 0.664
-0.183
-0.019
-0.118
 0.498
-0.752
 0.204
-0.117
-0.800
-0.423
-1.174
-1.324
-0.777
-0.398
 0.829
-0.026
-0.291
-0.093
-0.340
-1.030
-0.052
 0.773
-0.863
-0.166
-0.209
 0.938
 0.994
-0.408
-1.311
 0.276
-0.764
 0.389
-0.064
-0.469
 1.714
 0.076
-1.057
-0.300
-0.042
 2.058
 1.447
-0.271
 1.476
 0.553
 1.389
 0.949
 0.555
 0.253
-0.859
 0.328
 0.761
 1.102
 0.831
 0.332
 0.242
 0.075
 1.820
 1.092
 0.071
 0.624
 1.346
 1.097
 1.029
 0.982
 1.277
-0.184
-1.070
-0.850
 1.011
-0.593
 1.229
 1.044
 0.936
 0.855
 1.245
 0.442
 1.233
 1.617
-0.972
 0.476
 1.589
 1.426
 1.054
-0.853
-0.167
 0.594
-0.993
 0.933
 1.032
-0.062
 0.240
 0.156
 0.690
 1.733
-0.161
-0.237
-0.155
-1.553
-0.631
-1.430
 0.034
 0.910
 0.757
-0.039
 0.253
-0.134
-0.547
-1.148
-0.499
-1.115
 1.285
-1.818
 0.156
 1.661
-0.614
-0.391
 0.688
-0.451
 0.339
-1.934
-1.610
-0.139
 0.709
 0.242
-0.310
-0.795
-0.219
-1.657
 1.206
 0.017
-0.758
-0.132
 0.501
-0.314
 0.151
 0.795
 2.045
-0.248
 1.090
 0.037
 1.109
 0.308
 0.962
 0.928
 0.277
-0.148
-0.979
 0.029
 1.073
 1.743
 1.601
 0.155
 0.801
 0.152
 0.023
-0.989
-0.166
-0.705
-0.047
-1.717
 0.490
 0.785
-0.071
 1.057
 0.505
 0.458
 0.839
 1.508
-0.389
 1.061
-0.396
 0.854
 0.508
 0.216
-0.251
-1.141
-0.461
-1.794
 0.231
 1.009
 0.064
 0.080
 0.260
 0.566
-0.015
 0.769
-2.217
-0.756
-0.090
-0.058
 0.259
-0.190
-0.542
 0.071
-0.024
-1.633
-1.856
-0.452
-1.172
-0.059
-0.325
-0.118
-0.835
-1.136
 0.472
-0.438
-0.775
 1.332
 0.605
 0.744
 0.600
 0.863
 2.641
 1.250
 1.455
 1.639
-0.885
 0.387
 1.204
-0.712
 0.287
 1.455
 1.180
 1.469
 0.512
 0.577
 0.143
-0.091
-1.473
 0.438
 0.540
-0.610
-0.186
 0.425
-0.378
-0.199
-0.868
-0.055
 0.659
 1.267
 0.218
 1.545
 0.831
-0.339
-1.146
-3.035
-0.878
-0.475
 0.591
 0.554
 1.841
 0.231
 0.777
 0.107
 0.939
-0.096
 0.970
 1.506
 1.407
 0.504
 1.976
-0.031
 2.142
 0.873
 0.474
 0.315
-0.365
-0.029
-0.135
-0.783
 0.207
 0.488
-0.264
-0.972
-1.929
-0.372
-0.614
-1.138
 0.024
-0.219
 0.531
-0.024
 0.144
 0.299
 0.026
-0.369
-0.224
-0.844
-0.535
-0.358
-0.219
 0.359
 0.797
 0.592
 0.902
 0.344
 0.385
-0.090
 0.285
 0.352
-0.278
-0.469
-0.437
 0.523
-0.406
 0.099
 1.182
-0.475
 0.121
-0.243
-0.180
-0.725
-2.013
-1.541
 0.243
 0.852
 0.714
 0.028
-1.004
-1.035
 0.908
 0.500
-0.637
-0.903
-0.084
-0.833
 0.077
-0.379
-0.278
-1.428
-1.702
-0.155
 1.389
 1.178
-0.003
-0.967
-0.823
-0.916
-0.914
-1.314
-1.592
 0.613
 0.869
 0.824
 1.345
-0.335
-1.090
 0.439
 0.050
 0.497
-0.030
 0.868
 0.116
-0.209
-0.952
 0.218
-0.909
 0.184
-2.409
-0.976
-0.549
 0.483
-0.451
-0.162
-0.269
-0.694
-0.791
-0.207
-0.033
-0.331
 0.089
-0.934
-1.349
-1.072
-0.479
 0.495
-0.902
-0.810
 0.184
-0.514
-0.504
-0.851
-0.729
 0.017
 0.393
 0.046
-0.747
-0.420
-0.670
-0.905
-0.530
 0.280
-0.043
-0.234
-0.292
 1.582
 1.122
-1.215
-0.047
 0.594
-0.042
 0.944
-0.513
-1.872
 0.039
-0.081
-0.847
-0.390
 0.284
-1.207
-0.058
 0.108
-0.956
 0.812
 0.019
-0.166
 1.793
 1.322
 0.255
 0.931
-0.108
 0.256
-2.041
-1.681
-2.450
-0.326
-0.903
-0.402
-0.441
 0.975
 0.168
-0.486
-1.978
-1.221
-0.518
-0.330
-0.993
 0.345
 0.014
-2.391
-1.246
 0.145
-1.087
-0.170
 0.885
-0.527
 0.258
 0.073
-0.584
-0.252
-0.791
-0.724
 0.888
 1.399
 0.341
 0.872
 0.807
 0.518
 0.394
 0.996
 0.152
-0.643
-1.864
-0.464
-0.168
-0.504
-0.916
 0.297
 0.504
 0.443
 0.031
 0.693
 0.082
 1.010
 0.400
-0.036
-1.895
-1.322
-0.990
-0.855
-1.540
-0.671
-0.121
-1.236
-0.718
-0.960
-1.194
-1.582
-1.734
-1.743
-1.571
-0.950
 0.047
-0.085
-0.296
-0.279
-0.312
 1.274
 0.760
 0.190
-0.017
 0.109
-0.010
-0.553
-0.905
-1.094
-1.974
-0.607
-0.017
 1.454
 0.493
-0.981
-1.585
-1.302
-1.098
-0.083
-0.343
 1.014
-0.029
-0.630
-0.451
-1.075
-1.429
-0.423
-0.832
 0.098
-0.358
 0.340
 0.461
-0.002
 0.036
 0.816
 1.080
-0.379
 0.911
 0.394
 0.787
-0.613
-0.216
-0.062
 1.772
-0.757
-1.142
 1.195
-0.221
-0.301
 0.260
 0.444
 0.578
 0.887
 2.056
 1.383
 0.360
 0.866
 1.992
-0.024
-0.301
-1.087
-0.137
-0.259
-0.468
 0.024
-0.223
-1.113
-0.219
 0.831
 0.128
 0.730
-0.015
-0.316
-0.296
-0.311
-0.785
-0.405
 0.822
-0.389
-0.215
-0.375
-0.236
-0.328
-1.726
-0.025
-0.433
-0.288
 1.537
 0.967
 0.788
-1.433
-0.718
-0.756
-0.505
-2.404
-2.063
 0.220
-0.984
-1.569
-1.048
-0.279
-1.121
-1.319
-1.376
-0.455
-1.232
-1.371
-0.564
-1.078
-0.601
-0.972
-0.085
 1.492
-0.427
-0.692
-0.750
-1.043
-0.141
 0.338
 0.340
-0.617
-0.903
-0.646
 0.346
-1.282
-0.415
-0.408
-0.461
-1.719
-0.362
-1.391
-0.772
-0.944
-0.919
-0.623
-1.011
-0.947
-1.452
-1.445
-0.491
 1.398
-0.163
-0.260
-0.972
-1.380
-1.587
-0.186
-0.137
 0.235
 0.361
-0.938
-0.371
-1.294
 0.161
-0.286
 1.507
 0.724
-0.170
-0.676
-0.090
 0.144
-0.176
 0.432
 1.585
 0.772
 0.402
 0.545
 0.717
 0.019
 0.733
-1.138
-1.468
-0.569
 0.264
 0.303
 0.055
-0.332
 0.063
 0.322
-0.811
-0.295
-1.704
-1.313
-1.221
-1.060
-1.880
-1.281
 0.492
 0.995
 0.660
-0.575
-0.747
 0.423
-0.357
-0.083
-0.693
-1.266
-1.788
-1.925
-1.173
-1.180
-0.968
 1.552
 0.530
-0.395
-1.518
-1.201
 0.174
-1.465
-1.977
 0.810
 0.653
-0.111
 0.131
 1.387
 1.785
 1.663
 0.453
 2.004
 0.892
 0.790
 0.040
 1.182
 1.626
 1.311
 1.048
 0.710
-0.681
-0.055
 0.679
 0.159
-0.379
 0.900
 0.513
 0.532
 0.257
-1.451
-0.639
 0.599
 0.936
-0.276
-0.732
 0.250
 0.601
-1.033
-0.790
 1.739
-0.622
 1.063
-1.713
-1.066
-1.180
 0.389
-0.905
 0.981
-0.540
-0.496
 1.335
 1.807
-0.477
-0.943
-1.583
-1.722
-0.625
-0.751
 1.376
 0.798
 1.155
 0.307
 1.015
-1.007
 0.212
 0.491
-0.252
-0.610
-1.654
-0.627
-1.188
-1.654
-0.385
-0.765
 0.067
-0.855
-0.179
-2.025
-1.097
 0.694
 1.639
 1.414
 0.398
-0.626
-0.518
-0.364
-1.411
-0.705
-0.451
-0.005
-1.520
-0.435
-1.760
-0.250
-0.102
 0.144
 0.051
-0.754
-0.682
-0.324
 0.283
 1.185
 0.916
 0.998
-0.671
-0.136
 0.508
 0.385
 0.979
 1.481
 2.374
-0.227
-0.626
-0.330
 0.260
 0.372
 0.773
 0.708
-0.909
-0.151
 0.871
 1.543
 0.033
 0.135
 0.183
 1.252
 0.606
 0.192
 1.624
-0.994
-0.903
-0.794
 0.552
-0.380
-0.325
-0.371
-0.858
 0.871
 0.658
 0.120
 0.462
 0.774
-1.061
-1.545
-1.345
 0.112
-0.487
-1.888
-0.267
-1.877
-0.023
-1.293
-0.357
-0.074
-0.498
-2.674
-1.511
-0.469
 1.350
-1.863
-1.245
-0.861
-0.446
 0.333
-0.661
 0.883
 0.427
-0.105
 1.060
 0.986
 1.367
 1.767
 0.569
 0.471
 1.173
-0.349
-0.455
-2.398
-0.566
 0.138
-0.087
-0.382
-1.319
-0.589
-0.449
-1.117
 2.002
-1.352
 0.554
 0.550
 1.489
 0.910
 0.117
 1.688
 0.025
-1.045
-0.620
-1.489
-0.506
 0.509
-0.867
 0.005
 0.067
 0.443
-0.451
-1.022
 0.091
 1.834
-0.733
-1.397
-0.414
 0.070
 1.121
 0.949
-0.804
 0.180
-1.116
-0.056
-0.141
 1.216
-0.709
-0.815
 0.183
 0.379
 1.266
-0.391
 0.295
 1.139
 1.156
 1.046
-0.144
 0.139
 0.330
 0.083
 0.387
 0.325
-0.092
 0.551
-1.190
-1.772
-0.205
-0.681
-1.142
 0.770
-0.747
-0.614
-1.713
-1.093
-1.656
-0.511
-1.359
-1.873
-0.567
 0.980
-1.416
-0.514
-1.136
-0.016
-0.390
-0.706
 0.801
-0.467
-1.248
-0.324
-0.236
-1.118
-0.059
 0.529
-0.498
 0.271
-0.121
-1.214
-1.295
-1.638
-2.259
-0.531
-0.043
-0.820
-0.993
-1.485
-1.269
-0.882
-1.220
-1.582
 0.797
-0.118
-0.470
-0.234
-0.118
-0.724
-1.682
-0.270
-0.488
 0.229
-1.103
-1.478
-0.866
-1.396
-0.950
-1.866
-0.299
 0.165
-0.406
-1.391
-0.282
 0.940
-1.092
 0.934
-0.676
 0.134
 1.220
-0.282
 0.118
 0.043
 0.435
 0.389
 0.649
 0.590
 0.174
-0.352
-0.055
 0.269
 0.007
-0.305
-0.822
-1.658
 0.435
 0.066
-0.327
-0.043
-1.385
 0.199
 0.639
 1.686
 0.216
-0.424
 0.029
 0.888
 1.367
-0.195
-0.525
-0.711
-0.223
 0.198
-1.376
-1.950
-0.504
-0.518
 0.518
 0.302
-0.220
-0.316
 0.919
 0.650
-1.059
-0.887
 1.330
 0.311
-0.510
 0.334
 0.637
 1.748
-1.742
-0.170
 1.093
 0.583
 1.507
-0.298
-1.686
-0.564
 0.886
 0.701
-0.144
-0.206
-0.333
-1.022
-1.473
-1.282
-1.092
-1.506
-2.239
 0.750
 1.380
 0.907
 0.661
 0.974
 0.869
 0.406
-0.161
-1.379
 0.763
-0.870
-1.566
-0.788
-0.522
-0.434
-0.152
 0.106
-1.766
-1.549
 0.816
-1.116
-0.150
 0.405
 0.204
 0.311
 0.692
 0.148
-1.305
-2.925
 0.029
 0.393
-0.236
-0.428
-0.510
 0.219
 0.601
-1.282
 0.845
-0.620
-0.431
-0.871
-1.789
-1.177
-0.943
-0.352
-2.340
-0.979
-1.372
 0.071
-0.565
 0.682
-1.048
-0.151
-1.631
-1.579
 0.008
-1.004
 0.120
-0.933
 0.669
 1.113
 0.860
 0.028
-0.546
-1.966
-0.268
-0.941
 0.893
-0.195
-0.340
-0.803
 0.260
 0.985
 1.002
-1.124
-0.727
-1.263
-1.059
 0.474
 1.673
 0.189
 0.132
-0.452
 0.666
 0.644
 0.061
-0.769
-0.310
 0.171
 0.303
-0.276
 0.198
 1.289
 0.987
 3.150
 0.722
 0.309
 0.483
 1.808
 1.644
 1.559
 1.315
-0.439
 0.281
 1.064
 1.567
 0.347
-0.090
 0.316
 0.487
 0.243
 0.584
-0.060
 1.472
 1.117
 1.457
-0.608
-0.744
-1.167
 0.126
 0.527
 0.307
-1.672
-1.348
-0.169
 0.926
 1.131
 0.783
-0.277
-0.316
 1.526
-0.537
-1.080
 1.592
-0.396
-0.626
-0.525
-0.105
-0.084
-0.425
 0.161
 0.158
 1.708
 0.461
 0.634
-1.138
 0.094
-0.728
-0.284
-0.836
 0.141
 1.643
 0.761
-1.974
-0.170
 0.986
 0.607
 1.027
 0.398
 1.176
 1.347
 1.049
 0.639
 0.106
-0.120
 1.935
 0.557
 2.329
-0.020
 0.504
 1.426
 0.775
 1.209
-1.055
 0.536
-1.518
-1.129
 1.733
 0.507
 0.438
 0.782
 0.878
-1.162
 0.361
 1.414
 0.772
 0.515
-0.656
-0.644
 0.061
-0.603
-0.348
-0.155
-0.869
 0.306
 1.211
-0.564
-0.853
 0.429
 1.468
 1.784
 0.481
-0.637
-0.716
-0.526
 1.594
 1.903
 0.456
 2.014
 0.932
 0.007
 0.578
 0.909
 0.382
-0.903
 0.194
 0.246
-0.479
 0.490
-1.618
 0.329
-0.197
-0.004
 0.931
 0.013
-1.101
-0.269
-0.209
 0.718
-0.053
 1.784
-0.601
-0.641
 0.925
 1.273
 0.765
 0.658
 0.486
-0.106
 1.145
-0.544
-0.794
-1.763
 0.025
-0.742
 0.175
-2.447
 0.781
 0.919
 1.201
 1.556
 0.156
 0.401
-0.709
 0.993
-0.614
 0.127
-0.974
-0.420
 0.578
-0.902
-1.320
-0.763
-1.266
-1.025
-0.649
 0.050
 0.560
 1.074
-0.662
 1.182
 0.933
 0.095
 0.858
-0.236
-0.890
 0.629
-0.175
 0.417
 0.342
 0.780
-0.256
-0.042
 0.489
-0.087
-0.843
-0.185
-0.332
-0.452
 0.686
 1.816
 0.561
-0.010
 0.970
 0.223
-0.803
-1.292
 0.396
 0.491
-1.140
-0.455
 1.232
 1.537
 0.448
 0.339
-0.680
 0.687
-0.198
-0.296
 0.241
-0.179
 0.534
-0.432
-0.194
 0.062
-0.470
-0.049
 1.723
-0.363
-1.644
 0.375
 0.107
 0.240
-0.404
 0.456
-1.232
-0.027
 0.949
 1.233
-0.053
-1.316
-1.090
 0.602
 0.180
-0.049
 0.784
-0.546
-0.632
 0.691
-0.805
 1.159
 0.284
 0.998
 1.047
-0.432
 0.786
 0.123
 0.423
-0.222
 1.780
 2.001
 0.788
-0.094
 0.149
 0.786
 0.703
 0.177
 0.512
 0.269
 0.951
 0.009
 1.186
-0.191
 0.039
-0.117
-0.426
-1.267
 0.022
-0.382
-0.574
-0.930
-0.905
-1.201
-0.916
 0.332
 0.102
-0.848
-1.516
-0.014
 0.561
-0.289
-0.985
-0.865
 2.000
-1.995
-0.219
 0.728
 0.715
 0.735
 0.627
 0.540
-0.209
 0.498
-1.646
-1.555
 0.239
 0.805
-0.695
 1.794
 0.239
-0.548
-0.296
 0.390
 0.632
-0.091
 0.364
 0.397
-0.351
-0.829
-0.480
-0.981
 0.342
 0.230
 1.497
-0.237
-1.840
-1.072
-1.083
-0.141
 1.010
 0.783
-1.053
 0.493
-0.919
-1.615
-2.326
-0.446
 0.127
-0.181
-0.730
-1.698
 0.563
-0.518
 0.985
 0.950
 0.708
 1.375
-0.203
 2.061
 0.136
-0.267
-1.563
 1.475
 0.966
-0.192
-0.078
 0.717
 0.859
-0.438
 0.181
 0.493
 0.647
 1.601
 0.951
 0.765
 0.331
-0.366
-1.338
 0.101
 1.000
 0.309
 0.140
 0.711
-0.537
 0.489
-0.198
-1.278
-0.955
 0.553
-0.497
 0.680
 0.698
 0.554
-0.872
-1.713
 0.831
 1.275
-0.021
-0.610
 0.061
 0.854
 0.230
 0.931
 0.681
 0.172
 0.467
-0.499
 0.556
 1.570
 1.311
 1.567
 1.197
 2.146
 0.075
 0.269
-1.493
-1.043
 0.231
 0.701
-0.103
 0.199
-0.105
-0.447
-0.697
-0.030
 0.283
 0.633
 2.177
-0.711
 1.212
-0.515
-0.797
 0.641
 1.158
 0.235
 0.057
 1.282
 0.668
 0.738
 1.095
 1.640
-0.031
 0.334
 0.390
 0.050
 0.432
-1.759
-0.313
-0.032
-0.564
-0.778
-0.716
-0.909
-0.039
-0.136
 0.715
 0.155
 0.351
 0.546
-0.393
-0.176
-2.028
-1.122
-1.145
-0.969
-0.111
-0.775
-0.320
-0.722
 0.260
 0.309
-0.475
-0.443
-0.046
-0.917
 0.773
 0.928
 1.042
 0.112
-1.507
-1.351
-1.577
-2.391
-0.356
-0.717
-2.569
 0.780
 0.335
-0.264
-0.098
-1.158
 0.418
-0.581
-0.010
-0.383
-0.127
-1.813
-1.166
 1.512
-0.388
 0.822
-1.664
-0.636
-2.565
-1.144
-1.158
-1.073
-1.634
-1.748
-0.321
 0.998
-0.622
-0.391
 0.515
 0.738
-0.430
 0.174
-1.061
-0.787
-1.206
-1.211
-0.180
-1.398
-2.110
-2.241
-0.002
-0.586
-0.935
-1.284
-2.243
-2.493
-0.580
-0.405
 0.378
-0.199
-0.638
-0.984
 0.019
-0.679
-1.077
-0.005
 0.541
 0.062
 0.321
 0.134
 0.739
-1.362
 0.156
-0.671
-2.294
-1.712
-1.913
-0.760
-0.228
-0.088
 0.725
 1.456
 0.690
-0.024
 0.237
 0.988
 0.789
 1.379
 0.319
 0.690
 1.188
-0.187
-0.896
-0.765
 0.009
 0.831
 1.004
 0.510
-0.468
 0.414
 0.474
-0.061
-0.158
-1.130
-0.184
-0.285
 0.455
 0.089
 0.172
 0.328
-0.113
 0.250
-1.649
 0.131
 0.304
-0.672
-0.627
-1.272
-0.714
-0.303
-1.758
-3.312
-1.068
-1.816
-0.649
-0.005
 0.825
-0.405
 0.927
 1.596
 0.340
 0.684
 0.224
 0.747
 0.862
 0.007
 0.285
-0.756
 0.697
 0.560
 1.217
-0.612
 0.857
 0.217
-0.880
 0.239
-1.830
-1.064
-0.930
 1.339
 0.007
 0.879
-0.499
-0.011
-0.448
-0.214
-1.738
 0.009
 0.722
 1.062
 0.284
 0.461
-0.538
-0.657
 0.795
 1.199
 0.130
 0.320
 0.430
 0.474
 0.497
 0.874
 0.169
-0.491
 0.188
-0.868
-0.061
-0.705
-0.841
 0.755
 1.047
-0.133
-1.248
-1.335
 0.064
-0.526
 0.655
-0.376
 0.603
 0.577
 0.932
-0.311
-0.437
-0.312
-0.768
-0.532
 0.943
-0.567
 0.561
-0.732
-0.666
-1.365
-0.319
-0.292
-1.433
-0.128
-0.749
 0.438
 0.102
 1.412
 1.137
 0.521
 0.809
 0.844
 0.978
 0.426
 0.920
 0.036
-0.784
-1.214
-0.828
-1.279
 1.059
-0.859
-1.257
 0.574
-0.527
 0.595
 0.305
-0.659
 0.406
-0.119
-0.298
 0.720
 0.922
 0.061
 0.028
-0.566
 0.459
-0.383
-0.421
-1.634
 0.383
 0.320
 0.654
 0.724
 1.000
 1.239
 0.082
 0.385
 1.646
 1.731
-0.713
 0.825
 0.870
 0.833
 0.137
-0.058
 0.815
-0.118
 1.453
 0.761
 1.332
 0.250
 0.415
-0.019
-0.913
 0.127
-0.729
-0.079
 0.971
 1.231
 2.560
 2.345
 0.634
 1.686
-0.928
-0.630
 0.066
 0.324
 0.071
 0.725
 1.384
 1.742
-0.520
 0.663
 3.334
 1.162
 1.266
 2.288
 0.849
 1.234
 2.248
 1.980
 0.823
 0.156
 0.132
-1.545
-1.016
 0.605
-0.155
-1.925
-1.096
 0.428
 0.923
 0.073
 0.881
 1.151
-0.196
-0.943
-0.431
 0.802
 1.698
 1.681
 1.804
 3.021
 0.635
 1.840
 0.242
-0.062
 0.221
 0.708
 0.544
 0.282
 0.186
 1.635
 0.841
 1.310
 0.411
 1.103
 2.016
 0.503
 0.438
-0.033
 0.875
-0.450
-0.261
 0.393
-0.162
 1.850
-0.067
-0.872
 0.093
 1.068
 1.260
 0.519
 1.120
 0.521
 0.920
 1.209
 0.618
 1.734
 0.797
-0.135
 1.527
 2.292
-0.047
 0.019
-0.117
-0.121
-0.644
-0.723
 1.224
 0.424
 0.025
 0.459
 0.496
 1.363
 0.529
-1.066
-0.837
 0.299
 0.232
 1.419
 1.139
 0.995
 0.864
 0.576
 0.723
-0.461
 0.685
 0.220
 0.412
 0.020
 0.334
-0.146
 0.617
-1.102
-0.864
-0.018
-1.449
 0.530
-1.147
-1.082
-0.500
-0.918
-0.556
 0.408
 0.692
-0.131
-0.174
-0.577
-0.490
 0.732
 2.306
 0.248
-0.751
-0.263
-0.531
 0.438
 0.573
 0.315
 0.059
 1.620
-0.986
 0.264
-0.441
 0.879
 0.055
-0.286
-1.630
-1.430
-1.401
-0.486
-0.766
-1.263
-0.680
-0.579
 0.114
-0.012
-1.235
-0.232
-0.179
-0.451
-0.326
-0.587
-0.772
 0.311
 0.320
 0.627
 0.702
 0.628
-1.036
 0.210
 0.083
 0.368
 0.927
-0.144
 0.555
 0.806
 0.171
-0.187
 0.163
-1.467
-1.608
-1.876
-1.337
-1.361
-2.098
-1.183
-0.670
-0.011
-1.468
-1.400
-0.340
-1.387
-1.611
 0.197
-1.662
 0.013
-0.994
-1.211
 0.140
 0.248
-0.422
 1.635
-0.693
 0.224
 0.317
-0.703
 0.111
-0.915
 1.176
-0.767
 0.170
 0.701
-0.916
-0.151
 0.032
-0.741
-1.490
 0.059
 0.544
 1.234
-0.477
-0.865
 0.240
 1.025
 0.509
 1.484
 1.684
 0.005
 0.224
 0.628
 0.882
-0.262
 0.427
 0.251
-1.288
-1.280
-1.129
-0.614
-0.806
-2.298
-1.157
-1.216
-1.234
-2.288
-2.287
-1.241
-1.416
-2.077
-2.537
-1.543
-0.824
-0.206
-1.183
-0.971
-0.428
-0.894
-1.748
-0.052
-0.455
-0.723
-0.694
-1.723
-1.441
-0.427
-1.038
-0.743
-0.747
 1.728
-0.182
-1.019
-0.571
 0.073
 1.025
 0.018
 1.734
-0.723
 1.173
 0.136
-1.400
-0.027
-1.055
 0.203
-0.791
-1.659
 0.008
-0.220
-0.170
-0.964
 0.051
-0.406
-2.277
-0.337
-0.446
 0.506
 1.005
 0.262
 0.394
 1.780
 1.325
 1.234
 2.069
 1.479
 0.984
-0.096
-0.810
 0.306
-0.918
 0.749
-0.839
-0.004
-1.437
-0.110
-0.906
 1.071
-0.452
-1.147
 0.195
-1.604
-0.508
-0.107
-0.241
-0.622
 0.452
-1.113
 1.403
 0.208
 0.943
-0.052
-0.248
 0.035
-0.369
-0.782
-1.015
-1.618
 0.578
-1.177
-0.633
 0.333
 0.892
-0.378
 0.564
 0.168
 0.439
 1.561
 0.513
-0.258
 1.445
 2.477
 0.743
 0.021
-0.312
-0.377
-1.164
 0.244
-0.447
 1.213
 0.221
-0.555
-0.460
 0.249
-0.444
 0.525
 0.404
-1.329
 0.866
-0.552
-0.989
 0.665
 0.704
 1.161
 1.027
 1.000
 1.021
 0.636
 0.036
 0.333
-0.539
-0.233
 0.580
 1.406
 0.072
 1.488
 0.189
-1.492
 0.303
 0.320
 0.719
-0.116
-1.221
-2.018
-0.363
 0.706
-0.406
-0.671
 0.314
-0.696
 0.872
-1.693
-0.698
-0.018
-1.568
-0.969
 0.025
 0.112
-0.879
 0.768
 1.593
 0.053
-0.072
 0.258
-0.221
-0.660
 1.374
 0.230
-0.408
-1.825
-0.546
 0.186
 0.123
 0.513
-0.216
-2.392
-0.111
-0.839
 2.540
 3.376
 2.901
 1.828
 0.972
 1.147
 1.735
 1.381
 0.570
 0.972
 1.583
 0.082
 0.225
 0.739
 0.095
-0.276
 1.126
-0.545
 0.244
 0.057
 0.333
-1.362
-1.380
-0.587
 0.997
 0.512
-0.863
-0.382
 1.061
-0.329
 1.149
 1.348
 0.700
 1.679
 0.394
 1.951
-0.679
-0.369
 0.214
 1.392
 0.235
 0.312
 1.472
 1.644
 0.929
 1.210
 1.298
-0.789
 0.551
 0.035
 0.034
 0.773
 0.150
 0.538
-0.304
 0.813
 0.966
 0.834
 1.650
-0.182
 2.119
 0.996
 0.721
-0.382
 1.341
-0.323
 0.783
 1.434
-0.011
 0.996
 0.846
-0.171
 0.297
 0.013
 0.258
 0.041
-0.428
-0.417
-0.724
-0.371
-0.041
 0.293
-0.389
 0.096
 0.219
-0.587
-1.230
-0.094
 0.384
 0.104
-0.723
-0.011
-1.163
 0.894
-0.135
 0.070
 0.409
 0.582
-0.169
-0.150
 1.927
 1.684
 1.075
 1.232
 0.047
-0.362
 0.117
 1.879
 0.709
-0.177
 0.557
 0.772
 1.078
 0.589
-0.257
 0.042
 0.430
-0.674
-1.499
 0.960
-1.317
-0.900
 1.029
-0.711
 1.030
 0.561
 0.642
-0.074
-0.198
-0.007
 1.040
-2.267
-0.154
-0.558
-1.768
 0.454
-1.988
-0.568
-0.168
-0.126
 0.504
 1.639
 0.081
 0.501
-0.377
-0.338
-0.100
-0.251
 0.358
 0.722
 0.370
 0.391
-0.259
 0.412
 0.746
 1.011
 2.219
 1.935
 0.372
-0.055
 0.769
 0.328
 1.970
 1.262
-0.362
 1.279
 1.624
-0.054
-0.631
-0.474
 0.159
-0.118
 0.171
 1.580
 0.609
 0.855
 0.054
 0.802
-0.347
-0.269
-0.449
-0.495
 0.033
 0.375
 0.596
 1.248
 0.597
 1.434
-0.172
 0.313
 0.220
-0.219
 0.534
 1.346
 0.761
 0.541
 0.189
 1.743
 1.169
-1.056
 0.794
-1.212
 1.783
 0.696
 0.200
-1.173
 0.726
 0.460
-0.736
-0.533
 1.651
 1.006
 0.885
 2.043
 0.430
-0.416
 0.983
 1.018
 1.016
 1.225
 1.566
 2.695
 1.331
 0.808
 1.455
 0.301
-0.361
 1.924
 1.654
 1.770
 1.302
 0.830
 0.565
 0.872
 1.273
 1.746
 1.129
 0.922
 0.350
 0.374
-0.770
 1.764
 0.904
-0.548
-0.831
-0.554
 0.344
-0.028
-0.431
 0.007
 1.969
 2.547
 0.898
 1.202
 1.825
 1.310
 0.011
 1.547
 1.042
 0.995
-0.037
-1.223
 0.584
 0.130
-0.372
-0.246
-1.523
-1.923
-0.692
 0.115
 0.633
 0.456
 0.007
-0.844
-0.936
-0.385
-1.583
-1.583
-0.223
 1.224
 0.970
 1.411
 1.248
 0.321
 0.985
-1.208
-0.784
 0.213
-0.156
 0.372
-0.159
 0.665
-0.067
 0.932
 0.988
-0.547
-0.680
-0.411
-0.128
 0.549
 0.768
 1.797
 1.042
-0.019
 0.168
 0.092
-0.428
 1.395
-0.184
-0.394
-0.991
 1.059
 1.032
 0.319
-0.337
-1.246
 0.141
 2.036
 0.870
 1.506
 1.790
-0.819
 0.483
-1.292
-1.536
-1.787
-2.401
 0.643
 0.452
 0.172
 0.719
 0.580
 1.248
 0.206
-0.818
-0.432
-0.439
 0.456
-0.073
 0.097
 0.766
 0.873
-0.492
 0.675
-0.744
 0.990
 1.502
 1.338
 1.177
 0.632
 0.931
 1.219
 2.410
 2.924
 0.304
 0.305
 0.800
-0.083
 2.528
 0.538
 1.466
 2.693
 1.409
 2.070
 0.170
 0.811
 1.600
 1.447
 0.550
-0.030
 0.849
 0.733
 1.740
 1.027
 1.010
 2.470
 1.709
 0.027
-0.454
 0.724
 1.599
-0.126
 0.039
 0.037
 1.373
-0.145
 0.390
-0.419
 0.240
 0.391
 0.517
 0.651
 0.224
-1.086
-0.560
-1.077
 1.044
-0.136
 0.164
 1.326
-0.824
-0.008
 1.140
-1.216
-0.514
 0.244
-0.336
 2.038
 2.905
 1.586
 0.954
-0.028
 2.244
 1.645
 0.540
 0.239
 1.341
 0.735
 0.151
-0.866
-0.510
-0.004
 0.397
-1.944
-2.051
-0.916
-0.405
-0.392
 0.782
 0.568
-0.607
-0.225
-1.147
-0.733
 0.339
-0.116
-0.288
-0.816
-0.750
-1.126
 1.317
 1.712
 1.592
-0.829
-2.878
-1.733
-0.634
 0.178
 0.210
 0.668
 0.355
 0.357
 0.888
-0.527
-0.701
-0.665
 0.942
-0.747
 0.496
 1.037
 1.680
 0.518
-0.980
 1.099
 0.865
 1.069
 0.613
-1.117
 0.721
 1.535
 1.543
 1.936
 1.371
 1.494
-1.177
-0.127
 0.504
 0.376
 0.688
 0.018
 1.474
 0.654
 1.053
 0.213
 1.547
 2.150
 2.139
 0.789
 2.979
 2.073
 1.746
 1.481
 0.830
 1.159
 2.072
 2.450
 0.843
 0.893
 1.395
 1.651
 0.012
 0.119
 0.954
 1.642
 2.350
 2.923
 1.810
 2.201
 0.592
 0.034
-0.226
 2.140
 0.566
 0.439
 0.235
 0.758
 0.613
-0.464
-0.878
-0.468
 0.605
-2.014
 0.061
-0.883
 0.670
 0.700
 0.131
 0.097
 1.735
 1.618
 0.591
-1.169
 1.191
 0.720
 0.042
-0.949
-0.759
 0.723
 0.311
 0.002
-0.179
 1.381
-0.012
 0.760
 0.109
 1.460
-0.344
-0.054
-1.314
-0.098
 0.408
-0.908
 0.905
 0.864
 0.646
-0.820
 0.722
 2.873
 0.410
 0.145
 0.666
 1.143
 1.065
 0.195
-0.123
 1.414
 1.217
 0.517
-0.705
 0.254
-0.346
-0.721
-1.126
-0.186
-1.442
 0.040
 0.399
-1.054
-0.813
-1.957
-1.278
-1.529
 0.412
-0.152
 1.202
 0.992
 1.163
 0.584
 0.022
 1.044
 0.704
 0.062
-0.393
 0.289
 0.297
 0.201
 2.095
 1.879
 0.938
-0.558
 0.632
 1.414
 0.620
-0.009
 0.058
 1.041
 0.318
-0.034
 0.102
-0.223
 1.149
 0.279
 1.320
 1.092
 0.356
-1.402
 0.255
-0.510
-0.167
 1.507
 0.436
 0.079
 0.027
-1.070
-0.512
-0.626
 0.976
-0.370
-0.585
 0.460
-0.378
-0.167
 0.202
-0.418
-1.537
 0.128
-0.489
-0.534
 0.995
 0.050
 0.060
-0.705
-0.226
-0.071
-0.660
 0.477
-0.211
-2.751
-0.926
-0.935
-0.026
 0.291
-0.151
 0.303
-0.374
-0.094
 1.053
 0.277
 1.577
 1.332
 2.025
 0.196
 1.122
 2.211
 1.636
 0.535
 0.719
 0.460
-0.820
 0.115
-1.174
-0.071
-0.537
 1.223
 0.780
-0.344
-0.596
 0.151
 0.515
 0.537
 0.154
-0.851
-0.668
-0.942
 2.068
-0.204
 0.421
-1.044
 0.468
 0.329
 1.114
 0.754
-0.715
 1.935
-0.208
-0.275
 0.359
-1.412
-0.406
 0.385
 0.865
 0.529
 0.164
 0.191
 0.563
 0.079
 0.378
 0.450
 1.081
-1.273
-1.122
-0.010
-0.084
 0.170
 1.091
-0.458
 0.841
 0.783
-0.436
 0.499
 0.455
-0.502
 0.785
-0.322
-0.217
 0.127
-0.531
-0.361
 0.061
-0.114
 1.382
 0.907
 0.678
 0.328
 0.402
 1.206
 1.133
 1.173
 0.777
 1.434
 0.839
 0.948
 0.582
 1.559
 0.408
 1.436
 1.226
 0.814
 0.717
-0.716
 1.060
-0.951
 0.345
 0.005
 0.246
-1.115
-0.578
 0.392
 0.034
 0.815
 1.057
-0.746
-0.519
 0.684
-0.975
-0.121
-0.452
-1.331
-2.295
 0.733
-0.205
 0.886
 0.279
 0.319
 0.548
-0.305
-1.308
-0.247
 0.952
 1.615
 1.549
 1.259
 0.684
 0.813
 0.626
-0.621
 0.562
 1.176
-1.002
-1.005
-0.336
-0.396
-1.312
 0.301
 1.551
 1.025
 0.014
 1.574
 0.248
-0.326
 0.725
 0.477
 1.702
 2.078
 0.988
-0.997
-0.337
 0.437
-0.373
 0.323
-1.759
 0.347
-0.366
 0.630
 0.228
 0.447
-0.757
 1.184
 0.827
 1.048
 0.868
 1.238
 1.708
 1.061
 2.334
 1.443
 0.946
-0.606
 0.079
-0.069
-0.426
 0.986
 1.262
 2.159
 0.325
 1.609
 1.619
 1.491
 1.579
 0.779
 2.844
 2.388
 0.924
 0.921
 0.594
 1.293
 1.300
 1.543
 0.505
 0.803
 1.181
 1.175
 2.999
 3.100
 1.502
 0.752
 0.254
 1.912
-0.522
 0.082
 0.078
 0.427
-0.427
 1.092
 0.449
-0.999
 1.804
 0.142
 0.786
 0.209
 0.176
-0.651
 0.591
-0.971
 0.506
-0.013
 1.675
 1.868
-0.200
-0.770
 2.160
 0.560
 0.450
 1.398
 1.377
-0.751
 0.261
 0.592
 0.684
 0.079
 0.222
 0.833
 0.623
 0.341
 0.108
 0.813
 0.639
 0.119
-0.430
 0.278
-0.037
-0.244
-1.246
-0.281
-0.172
-0.713
-0.608
 0.190
 0.791
 1.329
-1.458
 0.336
-0.144
-0.503
-0.809
 0.720
-0.064
-0.558
-1.537
 1.009
 1.910
 0.789
 0.103
-1.885
-1.186
 0.594
 0.053
 0.782
 0.795
-1.020
-0.189
-1.594
 0.417
-1.010
 0.388
 1.407
 2.146
 1.188
-0.064
-0.950
 1.571
 1.875
 0.751
-0.622
-0.751
-0.570
 0.108
 1.918
 0.102
-0.591
-0.454
-0.267
-1.922
-0.618
-0.754
-0.283
-0.989
 0.050
 0.406
 0.141
 0.387
-0.189
-0.666
-0.112
 1.118
 0.284
-0.054
 1.182
-0.999
 0.423
 1.805
 1.585
 1.993
 0.440
 0.182
-0.617
-1.608
-1.600
-0.122
-0.480
-0.291
-0.801
-0.416
-0.782
-2.025
-0.059
-1.198
-0.186
 0.230
 0.638
 0.348
 0.927
 1.837
 0.964
 1.245
 0.713
 1.839
 2.570
 2.163
 1.321
 2.060
 2.310
 2.618
 2.417
 0.529
 1.731
 0.188
 0.883
 0.401
 0.636
 0.819
 0.089
 1.120
 2.186
 0.659
 0.213
 0.269
 0.557
 1.900
-0.033
 2.773
-0.565
-0.245
 1.933
 1.167
 2.048
 1.601
 0.924
 1.102
 0.023
 0.586
 0.491
-0.210
-0.567
-0.141
-0.231
-2.010
 0.429
 0.840
 1.369
 0.989
 0.939
 1.732
 0.066
-0.805
-0.038
-0.528
-0.904
 0.973
 0.875
 0.613
 0.402
-0.318
-0.830
 0.167
 1.073
 1.901
 0.497
 0.572
-0.214
-0.223
-0.453
 0.670
 0.228
 0.243
-2.370
-1.049
-1.883
 0.238
-0.098
-1.318
-1.019
-1.076
-0.821
-0.689
-1.067
-1.074
-1.106
-0.509
-0.626
-0.714
-0.501
-0.978
-0.674
-0.573
-0.810
 1.506
-0.348
-0.211
-1.928
-2.197
-0.677
 0.170
 0.628
-0.016
 0.101
-1.667
-0.163
-1.563
-1.926
 0.120
-0.389
-0.386
-0.224
-0.198
 0.081
-0.137
 0.488
-0.044
-0.264
-1.009
-0.663
-1.851
 0.117
-0.718
-0.707
 0.479
-0.140
 0.285
 0.810
-0.840
-0.329
-0.690
 1.364
-0.040
 0.559
 1.603
-0.029
 0.543
-0.418
 0.785
 2.131
 1.107
-0.028
-0.674
 0.414
 0.345
-0.506
 0.887
 0.344
-0.138
-0.246
 0.505
-0.617
-1.379
 0.402
 0.164
-0.128
 0.538
-0.262
-0.407
 0.315
 1.001
 0.728
-0.806
-0.173
 0.489
 1.008
 1.155
-1.906
-0.639
-1.189
-1.285
-0.938
-0.111
-1.956
-1.315
-0.454
-1.992
-1.107
-0.387
-0.390
-0.365
-1.255
 0.736
 0.830
-0.545
-0.086
 0.331
-0.638
-0.801
-0.828
 2.121
 1.883
-0.025
 0.730
 0.887
 1.351
 1.269
-0.272
 1.661
 0.810
 1.711
 2.174
 1.993
 1.158
 0.091
 0.212
 0.364
 0.415
-0.255
 1.161
 0.664
-0.550
 0.509
 0.408
 0.190
 1.059
-1.198
-0.430
 0.326
 1.745
 0.044
 1.663
 0.594
 1.465
 0.885
-1.275
-1.332
-0.998
 0.181
-0.263
 0.557
 0.792
-0.463
-0.228
 1.796
 1.213
 2.418
-0.410
-1.075
 0.744
 1.016
 0.334
-0.302
 0.551
-0.119
-0.418
 0.810
 0.567
 0.532
 1.904
 0.640
 1.687
-0.520
 1.058
-0.356
 1.910
 0.435
 0.857
-0.060
 0.519
-0.272
-0.016
-0.186
-0.018
-0.291
-1.392
 0.478
-0.752
 0.023
-1.484
-0.751
 0.917
-0.439
 0.438
 0.461
 0.579
 1.696
-1.200
-0.599
-0.697
 0.054
-0.645
 0.339
 1.419
 0.930
 1.466
 0.960
 1.094
 0.026
-0.544
 0.802
 1.546
 1.684
 1.152
 0.566
 1.369
 0.684
 0.732
 0.537
-0.858
 0.144
 0.044
-1.290
 1.110
 1.318
 0.021
 1.691
 1.646
 0.556
-0.213
-0.472
 1.176
 0.496
 1.298
 2.742
 2.219
 1.341
 0.160
 0.274
-0.127
 0.013
-0.096
 0.794
 0.153
-0.374
 1.070
-1.274
-0.601
-0.225
 1.022
 2.221
 1.435
 0.238
-0.129
-1.311
-0.039
 1.066
 2.067
 1.149
 0.761
 0.776
 0.819
 0.775
 0.957
 1.589
 0.874
 1.080
-0.276
-0.151
 1.249
 2.375
 0.800
 2.149
 1.107
-0.788
-0.594
 0.667
-0.339
-0.007
-0.208
-1.706
-0.067
 0.819
 1.791
 0.437
 0.694
 1.743
 1.205
 0.030
 2.116
 1.320
 0.886
 1.463
 0.800
-0.223
-1.252
-0.519
-1.198
-1.040
-0.752
 1.118
-0.430
 0.851
 0.401
-1.056
-0.457
 0.331
 0.971
 0.369
-0.263
 0.596
 0.196
 1.240
-0.572
 0.233
 1.092
-1.198
-0.360
 1.466
 0.565
 2.212
 0.739
 1.073
 0.673
-0.035
-1.924
-1.746
-0.097
-0.690
 0.555
 0.297
-0.112
 0.083
 0.586
 1.009
-0.034
-0.774
 0.808
 1.001
-0.864
-0.903
-0.882
-0.050
-0.019
 0.223
 1.188
 2.048
 0.416
 0.148
-0.384
-0.614
 2.925
 1.443
 0.425
 1.079
 1.422
 1.941
 0.666
 0.869
-0.274
-0.150
 1.021
 1.202
 1.738
-0.026
 0.239
 0.681
 1.414
 0.203
 0.973
 0.555
 0.574
 0.271
 1.056
 1.120
 1.639
 1.145
 1.461
-0.154
 0.554
 0.717
 0.819
 0.056
 0.324
 1.128
 0.629
 1.117
 0.689
 2.115
 2.763
-0.787
 1.617
 1.765
 1.456
 0.087
-0.549
-0.048
 0.957
-0.247
 0.165
 0.715
-0.169
 0.471
 0.492
 0.065
-0.532
-0.390
-0.355
-1.669
-1.656
 0.408
-0.315
-1.150
 0.121
 0.053
-0.270
 0.291
 1.559
 0.893
-0.153
 0.993
 1.057
-0.081
 0.078
 1.107
 0.629
-0.223
-0.883
-1.145
 0.613
-0.437
 0.320
 0.946
 1.862
 1.138
 1.863
 1.677
-0.213
 0.131
-0.038
-1.398
-0.068
-0.017
-0.535
 0.372
 0.080
 1.134
 1.790
 0.618
-0.657
 0.501
 0.406
 1.164
 0.147
 1.286
 0.009
 0.928
 0.134
 0.488
 0.032
 0.038
 1.565
 1.278
 1.047
 0.935
 1.389
 0.243
 0.487
 1.054
 1.829
 2.163
 0.957
 1.071
 1.029
-1.464
 0.169
 0.096
-0.466
-0.965
-1.043
 0.847
 0.798
-0.164
 0.075
 0.810
-0.068
-0.947
-0.059
 0.080
 0.803
 0.324
-0.352
 0.082
 1.470
 2.157
 1.069
 0.907
 0.444
 0.273
 0.876
-0.024
-0.206
 1.092
-0.380
 1.356
-0.503
 0.284
-0.244
-1.477
 0.145
 0.243
 0.376
 1.026
 1.347
 0.798
 1.194
 1.773
 0.511
 0.625
-0.582
-0.001
 0.067
-0.385
 0.077
-0.143
-0.407
 0.208
 0.581
-0.627
-0.163
 0.303
-0.136
 0.495
-0.256
-0.318
-0.746
 1.297
 0.987
 1.060
 0.331
 0.052
 0.178
 1.254
 0.914
 1.142
 0.570
 0.070
 1.329
-0.918
-0.102
 0.804
 0.321
-0.126
 0.892
-0.450
 0.220
-0.502
 1.027
-0.403
 0.897
 0.527
 0.713
 0.023
 0.129
-0.117
 1.129
-0.776
 0.142
-1.109
 0.345
-0.722
 0.369
 2.275
 0.986
 1.560
 0.216
 0.512
 1.067
 0.582
-1.568
-0.735
-1.485
 0.103
-0.428
-0.889
 1.800
 0.499
 0.674
 0.722
-1.293
-0.440
-0.116
-0.963
-0.305
-1.034
-0.247
 0.514
 0.607
 0.028
 0.059
-0.305
 0.443
 0.233
-0.332
 0.224
-0.015
-0.477
 0.666
 0.647
 1.557
 1.282
 0.905
-1.422
 0.856
 1.719
 0.130
 0.761
-0.966
-1.332
 0.228
 1.008
 1.065
 1.004
 1.213
 1.707
 0.411
-0.743
-1.896
-0.582
 0.682
 0.935
 0.845
 0.486
 0.893
 1.042
 2.156
 0.730
 0.226
 0.234
 0.433
 0.892
 1.668
-0.352
 0.455
 1.203
 1.129
 0.708
 0.575
 0.637
 0.375
-0.481
 0.411
-0.920
 1.759
 1.424
-3.087
-1.321
 0.114
 0.675
-0.699
 0.176
 2.469
 0.493
 1.074
 0.718
-0.209
-0.163
-0.114
-0.587
-0.644
 0.012
-1.177
-0.228
-1.485
-0.396
 0.775
-0.188
-0.335
 0.325
 1.409
 1.796
 0.858
 1.298
 0.351
-0.657
 0.283
-1.175
 0.238
-0.180
-1.288
-1.349
-1.034
-0.730
-2.194
-1.976
-1.232
 0.299
-1.316
-2.456
-2.655
-0.205
-0.249
-1.253
-0.677
-0.641
-0.500
-0.760
-0.625
-0.060
 0.317
-1.134
-1.591
-0.758
-0.563
-0.680
-1.425
 0.317
 0.567
-0.855
-0.193
 0.106
 0.288
-0.839
-0.664
 0.823
-0.261
 0.765
 0.739
-0.116
 0.883
-1.639
-0.107
 0.023
 0.375
-0.496
 0.271
-1.053
-0.693
 0.218
-1.298
-0.689
-0.470
 0.054
 0.546
-0.847
 1.158
 0.016
-0.709
-0.254
-1.123
 0.080
-0.269
 0.538
 1.216
 0.706
-0.514
 1.969
-1.109
 0.104
 0.836
 1.891
 1.855
 1.883
 0.260
-0.256
 0.486
 0.904
-0.931
-0.230
-0.674
 0.465
-0.168
-0.369
 1.153
-0.922
-0.372
-1.627
-1.412
 0.708
 0.969
 0.788
 0.443
 0.211
-0.981
-0.964
-0.398
-0.519
 0.762
 1.320
 1.655
 1.642
 1.906
 0.157
 0.220
 0.367
 0.886
 1.625
 1.149
 0.533
 0.897
 0.892
 0.410
-0.442
-0.590
 0.084
-0.253
 0.407
-0.423
 0.307
 1.162
 1.266
 1.507
 2.107
 1.653
-0.300
 0.476
 2.024
 0.667
-1.069
-0.075
 0.503
-0.096
 0.507
 0.645
 0.901
 0.380
 1.067
 1.542
 0.832
 1.506
 1.051
 0.621
 0.690
 0.071
-1.187
 0.775
 0.370
-0.898
 1.031
-0.036
-0.400
-0.102
 0.041
-0.132
-0.941
-0.789
-1.684
-1.169
-1.688
-1.060
 0.684
-0.155
 1.628
 1.759
-0.483
 0.941
 1.233
 1.018
-0.299
-1.223
-0.838
 0.347
 0.804
 1.145
-0.839
-0.261
-2.158
 0.955
 0.683
 0.528
-0.048
-0.124
 1.620
 1.822
 0.730
 0.543
 0.400
 1.391
 1.414
 1.412
 1.490
 0.284
 1.251
 0.036
-0.932
-0.858
-1.279
-0.115
-0.285
-0.364
-1.247
-0.922
-0.865
 0.722
 0.619
 0.390
 0.019
-0.492
 0.916
 0.286
 0.456
 0.056
 0.513
 0.485
 0.186
 0.990
 0.442
 0.498
-0.509
-0.469
-0.213
-0.629
 0.395
 1.669
 0.735
 0.849
 1.284
 1.589
 2.461
 2.901
 1.005
 0.734
 0.651
 0.513
-0.386
 0.480
 1.660
-0.128
 0.041
 0.401
-0.987
-0.972
 0.021
-0.140
-0.629
 0.321
-0.197
-1.553
-0.454
 0.527
-0.961
-0.826
 0.151
 0.412
 0.771
 0.502
 0.399
 0.431
-1.265
-0.568
-0.052
 0.528
 1.823
 0.453
 0.154
 0.597
 1.272
 0.989
 0.305
-0.238
 0.295
-0.695
-0.717
-0.661
 0.100
-0.286
 1.788
-0.058
 0.056
-0.751
-0.794
 1.053
-0.459
-0.111
 0.630
 0.145
-0.196
-0.593
 0.468
 0.971
 0.227
-0.342
-0.857
 0.977
 0.981
-0.826
-1.419
-0.800
-0.937
 0.336
 0.037
-1.710
-1.224
-0.958
 1.288
 0.277
 1.237
 1.944
 0.483
 2.384
 0.171
 0.054
-0.446
 0.499
 1.338
-0.461
-0.602
-1.394
-0.485
-0.213
 0.129
 0.371
 0.388
 0.104
 0.201
-1.766
-1.857
 0.261
 0.120
 0.082
 0.548
 0.136
-1.922
-1.985
-2.578
-0.379
-0.728
-1.245
-0.937
-0.394
 0.704
-1.217
 1.012
-0.962
-0.413
-0.863
-0.428
 0.044
-1.994
-0.976
-1.071
-0.714
-0.249
 1.425
 1.576
 0.972
-0.703
-0.450
 0.302
 0.360
 1.362
 1.762
 1.106
 0.976
 0.925
-0.764
 1.058
 0.068
 1.405
 1.861
-0.695
-1.681
 0.012
 0.057
 0.232
-0.074
 1.570
 0.588
 0.495
 0.190
 1.433
 1.043
 0.226
-0.620
 0.021
-0.361
-0.065
-0.277
 0.423
-0.815
 1.443
-0.859
 0.817
-1.034
-0.067
 0.192
 1.430
 2.190
-0.836
 0.793
-1.033
 0.676
 0.147
 1.410
 1.304
-0.338
 0.138
 0.039
-0.219
-0.011
 0.385
-0.617
-0.503
-1.709
-0.119
-0.308
 1.418
 0.224
-0.683
-1.002
-0.034
 0.245
-0.601
-0.927
-0.580
 1.341
-1.022
-0.986
-0.549
-0.767
 0.079
-0.825
-2.211
 0.498
-1.252
-0.088
-0.409
-1.180
-1.580
-1.515
-2.061
-1.754
 0.541
 0.956
-0.067
-0.675
 0.513
-0.844
-1.688
-0.892
-0.791
 0.862
 0.471
-0.201
 1.057
-0.247
 0.182
-0.492
-0.685
-0.433
-0.030
 0.143
-0.339
 0.414
 0.251
 0.221
-0.965
-1.163
-0.642
-1.496
-0.741
 0.421
-0.316
-1.786
 0.641
 0.753
 0.011
-0.777
 1.420
 0.682
-0.875
-1.087
-1.735
 0.835
-0.469
 0.653
-1.574
-1.452
 1.746
 3.192
 2.400
 0.187
-0.118
 1.042
 0.826
 2.279
 0.970
 0.509
-0.398
 0.278
 0.060
-0.952
-0.077
 0.460
 2.107
 1.610
 1.680
-0.505
 0.085
-1.097
-1.126
 1.023
 0.885
 0.289
-0.250
-1.196
 1.126
 1.063
 0.549
 0.275
-0.639
 0.562
-0.752
-0.653
-0.446
-0.265
 0.227
 0.711
 0.879
 0.387
 1.445
 0.031
-0.750
 0.465
 0.169
 0.073
-0.303
-1.871
-0.177
-1.236
-0.122
 0.557
-0.010
 0.467
 0.261
-1.563
-1.458
 0.147
-1.189
-1.150
 0.295
 1.303
-0.606
 0.563
 0.227
 0.479
 2.533
 0.715
 1.525
 1.593
 2.572
 1.071
-0.589
-0.043
 0.353
 0.447
 0.006
-0.844
 0.550
 1.234
-0.543
-0.411
 1.396
 2.261
-0.203
 0.895
-0.086
-0.281
 1.502
 0.372
 1.595
-0.679
-0.318
 0.017
-0.862
 0.491
 0.617
-0.268
-0.254
 1.141
 0.490
-0.607
 0.400
-0.230
 0.256
 1.748
-1.102
-0.849
-0.280
 1.421
 0.826
 0.428
-0.210
-0.563
-0.554
 0.347
 0.835
-1.664
-0.479
-0.138
-0.235
-0.614
-0.204
 0.216
 0.254
-0.092
-0.972
-0.023
 0.175
 0.136
-0.286
-1.427
-0.674
-0.482
 0.066
-0.008
-0.447
 0.253
 0.946
 0.631
 0.503
 0.642
 1.358
 0.559
 1.098
-0.045
 0.309
-0.311
-0.218
-1.260
-1.863
-2.014
 0.020
-0.184
-1.084
-0.919
-0.345
-0.670
-0.107
-0.904
-1.089
-1.030
-0.305
-0.727
-0.768
 0.772
-1.121
-0.224
-1.309
-0.670
-1.086
-0.373
-0.296
-0.238
-1.645
 0.026
-0.546
 0.499
-0.205
 1.068
-0.249
-0.395
 0.359
-1.414
-0.283
-0.067
 0.449
 0.035
-0.079
-0.119
 1.088
 0.089
 0.331
-0.198
 0.182
 0.462
 1.383
 1.104
 0.654
 0.530
 0.324
 0.672
 0.194
 0.775
 0.303
 0.058
 0.017
 0.581
-0.090
-0.571
-0.147
-0.886
-0.637
 0.414
-0.011
 0.345
 0.108
 0.591
-1.339
-1.374
 0.471
-0.600
-0.803
-0.749
 0.245
-0.254
-0.599
 1.565
 0.057
 0.605
 0.656
 1.151
-0.700
-0.080
-1.030
-1.779
-1.215
-0.030
 0.622
-0.842
 0.132
 1.212
-0.365
 0.426
-0.149
 0.170
 0.150
-0.051
 0.394
 0.746
 0.656
 0.793
 1.455
 0.472
 0.069
-0.032
-0.044
 1.426
 1.510
 0.873
 0.877
-0.504
 1.036
 1.729
 1.071
 0.832
 1.243
 0.292
 0.830
-0.621
 0.001
 0.160
 0.464
-0.193
-1.926
-0.720
-0.115
-0.108
 0.373
 0.422
-0.880
-0.955
-1.157
-0.629
-1.132
-0.932
-1.000
-0.127
-0.750
-2.319
-0.503
-1.185
-0.944
-0.259
-0.137
-0.476
 0.403
-0.136
 0.715
 0.281
 0.722
 0.962
-0.086
-0.717
-0.786
-0.487
-0.879
-0.913
-1.428
 1.158
 0.552
 0.267
-0.839
-0.501
-0.483
 1.647
 1.209
-1.139
 1.629
 1.201
 0.361
 1.011
 0.124
 1.644
 0.252
 0.996
-0.756
 1.396
 1.112
 0.025
 0.029
 0.882
 0.983
 1.624
 1.894
 0.785
 0.638
 2.236
 0.733
 0.632
 0.497
 0.560
 0.286
-0.096
 0.881
 1.518
 1.921
 2.588
 0.326
 0.220
 0.573
 0.156
 0.540
-0.449
 0.372
-1.837
-1.488
-0.436
-1.162
-2.759
-0.853
-1.533
-1.418
 0.184
-1.211
-0.400
-0.762
-0.072
-0.234
 0.752
 1.172
 1.296
 0.047
-1.088
-1.347
-0.126
 1.232
 1.202
 0.517
-0.657
-0.405
-0.841
-0.315
 0.103
 0.568
-0.685
-0.245
-0.224
-1.004
-0.660
-0.613
 0.056
 1.267
-0.146
 0.242
 1.185
-0.769
-0.146
 0.293
-0.792
-0.190
 0.454
 1.823
 0.085
 0.669
 0.487
-1.217
 1.039
 1.401
 0.777
 0.911
 0.251
 0.695
 1.020
-0.571
 0.283
 0.388
 1.697
 2.585
-0.310
-0.669
 1.793
-0.817
-0.439
 1.721
 0.277
-1.316
-2.203
-2.428
-0.730
-0.870
 1.370
 0.906
-0.183
 0.675
-0.001
-0.840
-0.897
-1.392
 0.098
 1.145
 0.577
 1.135
 0.288
 0.236
-1.423
-0.966
-1.464
-0.723
-0.610
-0.994
-1.200
-0.352
 1.540
 1.384
 1.635
 0.121
-0.093
 1.257
 0.187
 0.971
 1.890
 0.895
-0.200
 0.619
-0.238
-0.265
 1.516
 1.770
 1.364
 0.258
 0.023
-0.692
 0.585
 0.785
 0.646
-0.751
 0.178
-2.710
-0.318
 0.252
-1.224
-1.238
-1.448
-0.250
-1.533
-1.367
-0.825
-1.722
-1.135
-0.677
 0.337
 0.729
-0.638
-0.684
-1.321
-0.433
 0.275
 2.067
 1.280
 0.828
-0.230
-0.854
-0.020
-0.778
-1.463
 0.209
-0.063
 1.368
-1.312
-1.442
-0.486
-0.392
-0.063
-0.363
 0.687
 0.314
 0.689
 0.536
 0.997
-0.914
 0.165
 0.108
-0.269
 0.423
 0.779
-0.520
 0.058
 0.069
-0.427
-0.315
 0.921
 0.396
-2.183
-0.360
-1.066
-0.746
 1.683
 0.013
 0.518
 0.937
-0.252
 0.084
-0.985
-1.955
 0.825
-0.285
-1.015
 0.295
-0.227
 0.969
 1.917
 1.426
 0.100
-1.290
-2.553
-0.810
-0.786
-0.062
 1.713
 1.186
 1.315
-0.391
 0.358
-0.788
 0.267
-0.073
-0.554
-0.194
-0.874
 1.184
 0.994
 0.285
 0.244
 0.058
 0.441
 0.908
 0.603
-0.073
 0.426
-1.463
-2.016
-1.426
-1.133
-0.873
-0.264
-0.060
 1.090
 0.057
 0.053
 0.912
 1.787
-0.801
 0.218
-1.120
-0.615
-0.129
-0.816
-1.104
-0.040
-1.515
-0.928
-0.503
-0.566
-0.738
-1.621
 0.818
-0.827
 0.000
 2.025
 2.201
 1.096
 0.202
 1.072
-0.088
-0.016
 0.194
 0.597
 1.360
-0.160
 0.911
-0.941
-0.800
-1.785
-2.210
-0.852
-1.360
 0.151
-0.401
 1.357
 0.794
 0.631
 0.570
 0.062
 0.987
-0.134
-0.500
-1.046
 0.267
 0.603
 0.257
 0.399
-0.510
-0.946
-0.962
 0.310
 1.621
 0.454
-2.296
 1.138
-0.123
-0.907
 0.291
-0.209
-0.414
 0.882
 0.873
-0.039
 0.241
 1.724
 1.053
 0.631
 2.294
 1.167
-0.135
-0.680
-0.672
-0.353
-0.354
-0.368
 0.005
-0.919
-0.504
-0.393
-0.098
 1.622
-1.496
 1.131
-0.847
-0.722
 0.332
 1.054
 0.918
 0.916
-1.207
 0.601
-0.531
 0.417
-0.154
-0.808
 0.262
-0.547
 0.083
 0.192
-0.648
-0.608
 0.700
 2.836
 1.878
 0.011
 0.336
 1.629
 0.581
-0.156
-0.772
 0.230
-0.023
-0.226
 0.748
 0.188
-0.042
-0.509
 0.185
 0.319
-0.657
-0.657
-1.495
 0.035
 0.190
-0.618
-1.208
-0.084
-0.030
-1.390
-1.078
 0.172
 0.380
 0.328
 0.115
-1.032
-1.705
 1.171
 0.690
-0.172
-0.122
-0.708
-1.894
-1.822
-0.212
-0.917
-0.960
 0.029
-0.980
-0.311
 0.244
-0.326
 0.114
-0.773
 0.143
 0.500
 0.910
 0.267
 1.253
 2.188
 1.542
 1.747
 1.270
 0.789
-0.107
 0.367
 0.685
 0.272
 0.810
 0.898
-0.018
-0.701
 1.449
 0.622
-0.227
-0.253
-0.168
 0.256
 0.634
-1.002
 0.026
-0.066
-0.861
-1.356
-1.891
-1.043
-0.704
-0.480
-0.779
-1.967
-1.379
 0.884
-1.294
 0.201
 1.332
 0.686
-0.236
-0.149
 0.856
 0.476
 0.291
 0.304
 0.071
-0.234
 1.699
-0.526
-0.496
 0.164
 1.633
-0.513
-0.854
-0.858
-1.086
-0.799
 1.473
-0.037
 0.857
 1.215
-0.001
-0.224
 1.365
 0.435
-0.325
 1.471
-0.281
-0.393
-0.875
 0.559
-0.674
 0.497
-0.378
-0.352
 0.291
 0.066
-0.579
-0.169
 1.710
 0.910
-0.712
-0.569
 0.648
 0.507
 0.127
 0.778
 0.190
-1.058
 0.153
-1.496
-1.392
-3.141
-1.726
-1.735
-0.718
-0.680
-0.181
-0.684
-0.600
 0.177
 1.670
 1.367
 0.699
 0.447
 0.800
 1.489
 1.026
 0.574
 0.288
-0.910
-0.923
 0.274
-0.125
-0.027
-1.381
-0.449
 0.461
 0.083
 0.379
-0.781
-0.038
-0.373
-0.479
-0.580
-1.134
 0.637
 1.189
 0.703
-0.795
 1.108
-0.808
 1.786
-0.224
-0.377
-0.367
 0.359
 1.141
 0.520
-0.406
 0.157
-2.350
-1.172
-0.739
-2.059
-0.864
 0.073
 0.060
-0.087
 0.472
-0.412
 1.071
-0.530
 0.845
 0.127
 1.837
-0.506
 1.213
-0.462
-1.271
-0.167
 0.325
-0.933
 0.368
 0.760
 1.449
 1.419
 0.501
-1.306
-0.626
-1.001
-1.270
 0.629
-0.459
-0.513
-1.265
-1.120
-1.740
-1.736
-2.083
-3.039
-1.490
-1.096
-0.621
-2.098
-0.171
-2.147
-3.184
-0.988
-0.508
-0.777
-0.029
-1.205
-1.462
-1.743
-1.766
-1.203
 0.077
-0.380
-1.325
-0.427
 0.827
-0.083
 0.256
 0.131
-0.140
 0.847
 1.048
-0.333
-0.495
 0.161
 1.085
 0.175
-0.246
 0.605
 1.092
-0.375
-0.154
 0.745
 0.281
 2.277
 0.345
 0.944
 0.535
 1.643
-0.841
-1.318
-0.835
-0.388
-0.333
-1.065
-1.326
 0.157
-0.110
-0.592
-0.398
 0.713
-0.127
-0.473
 0.521
 0.567
 0.440
 1.096
 1.557
 0.390
 0.520
 0.112
-0.424
 0.125
-0.337
-1.198
-0.182
 0.667
-0.286
 0.106
-0.461
 0.623
 0.880
-0.685
 0.246
 0.685
 1.175
 2.221
 1.259
 1.147
 1.227
 2.585
 1.772
 1.509
 2.423
 1.185
 1.114
 0.341
 0.164
 0.389
-0.054
 0.535
 0.445
 1.788
 0.855
 1.386
 2.558
 2.489
 1.826
 2.638
 1.088
 0.275
 1.340
 0.755
 1.536
 1.653
 1.871
 1.286
 1.744
 0.626
 0.607
-0.506
-1.707
-2.753
-1.282
-0.413
-0.106
-0.648
 0.912
 0.551
 1.333
-0.156
 1.707
 0.198
 0.925
 0.368
 0.695
-0.953
-2.589
-1.777
-0.081
-0.187
 0.090
-1.048
 0.954
 1.033
-0.593
-1.594
 0.170
 0.519
-0.324
-0.745
-0.657
-0.551
 0.564
-1.136
-1.642
-0.680
 0.384
-1.210
 0.212
-0.107
-0.163
-1.111
-0.739
-0.334
-0.781
 0.016
-0.021
 1.034
-1.004
-1.530
-0.306
 0.332
-0.973
 0.851
 0.742
-0.133
 0.744
-0.223
-1.155
 0.251
-1.476
-1.172
 0.364
 0.107
-0.075
 0.076
-0.610
-0.314
-0.172
 0.512
 1.681
 1.787
 0.183
-0.510
 0.745
 0.875
 0.798
-0.477
 0.607
-0.536
-0.219
-0.814
-0.030
-0.447
-0.968
-1.876
-1.125
-1.113
 0.372
 0.180
-0.026
-0.264
-1.494
 0.933
 1.428
 0.793
 0.477
-1.049
-0.953
-0.150
 0.546
 0.519
-0.028
 0.383
 0.373
 0.185
-1.032
 1.286
 0.494
-0.623
 1.244
 0.444
 1.763
-0.878
 0.324
 0.391
-0.138
 1.070
-1.124
-0.135
-1.340
-0.584
-1.225
 0.468
-0.140
-0.701
-1.521
-2.130
 0.435
-0.334
 0.658
 0.073
 1.171
-1.474
-1.490
 0.371
-1.502
-1.690
 0.049
-0.922
-0.094
-0.640
-1.518
-0.196
-0.253
-0.174
-1.005
 0.487
-0.847
-0.465
-0.045
-0.763
 0.288
-0.251
-0.685
-0.645
-1.671
-2.151
-1.248
-0.688
-0.847
-0.467
 0.688
-0.184
-0.475
 0.306
 0.032
-0.894
-2.258
-1.017
-1.945
 0.196
-0.539
-1.830
 0.756
-0.707
-0.923
-1.471
-2.359
-1.325
-0.043
-0.927
-0.751
-0.497
-0.755
-1.207
-0.374
-0.259
-0.161
-0.288
 0.988
 1.107
-0.869
-0.836
-1.042
 1.067
-1.041
-0.018
-0.788
-0.261
-0.324
 1.079
-0.206
-0.343
-0.387
 1.369
 0.631
 1.285
-0.096
 0.933
 0.949
 1.146
-1.256
 0.001
-0.995
-0.639
-0.424
-0.092
-0.414
-0.085
 0.286
-0.163
-0.543
-0.419
-1.907
-0.880
-0.122
-1.093
-0.404
-1.970
-0.825
-1.675
-0.825
-0.012
-0.649
-1.139
 0.672
-1.435
 0.026
 0.446
-1.662
 0.906
-0.514
 1.469
-0.208
-1.449
-0.187
-1.179
-0.475
-0.714
 0.143
-0.047
 1.344
 1.190
 0.125
-0.066
-0.280
 1.094
 0.464
-0.265
 1.440
 0.265
-0.350
 0.069
 2.073
 1.165
-0.424
-0.362
-0.002
 0.124
-0.342
-0.892
-0.061
-0.085
 0.369
 1.648
 0.387
 0.933
 0.248
 2.181
 1.137
 0.056
 1.339
 2.156
 0.636
 0.513
 1.138
 1.227
 0.814
 1.910
 3.151
 0.769
 1.121
 0.493
 1.475
 0.460
 0.227
 0.725
 1.931
 1.881
 0.570
 1.263
 1.097
 2.011
-0.839
 0.349
 0.451
 0.846
 0.050
 0.171
 0.566
 0.023
 0.843
 0.727
 1.178
 0.839
 2.104
-0.458
 1.669
 0.362
-0.526
-1.246
-0.210
 1.083
 0.071
 1.437
 2.126
 0.607
 1.506
-1.243
-1.952
-0.772
 0.273
-0.074
 0.345
 0.946
 0.419
-0.301
 1.094
-0.632
-0.673
 0.130
 0.334
 1.460
 1.957
 0.608
-0.294
-1.014
-0.864
-0.305
-1.661
-1.507
-0.545
-1.632
-1.545
 0.194
 0.206
-0.240
-0.718
-2.283
-0.368
 0.539
 0.163
-0.979
 0.167
-1.326
 0.245
-1.308
-1.094
-2.040
-0.842
-0.483
 0.133
-0.466
-1.185
-0.881
-2.016
 0.385
 0.812
 1.515
 0.198
 0.864
 1.108
 0.273
-0.067
 1.105
 0.563
-0.105
 0.839
-0.849
-0.112
-0.914
-0.763
 0.103
-0.406
-0.300
-0.820
 0.400
 0.389
 0.288
-0.906
-0.468
 0.507
-2.063
 0.042
 1.826
 1.470
 0.996
-0.342
 0.868
 0.590
-1.721
-2.565
 0.782
-1.241
-1.208
-0.555
-0.208
-0.047
-1.498
-0.249
-0.811
-1.233
-0.095
-0.909
 0.013
-1.185
-0.157
-1.414
-0.226
-0.326
 0.513
-0.539
-0.280
-0.879
-0.589
-0.223
-0.490
-0.210
-2.130
 0.695
-0.170
-0.026
-0.777
-1.402
 0.098
-0.004
 0.174
-0.827
 0.692
 1.449
 1.119
-0.025
 1.074
 0.462
 1.999
 0.723
-0.291
-0.060
 0.461
-0.544
 1.432
-2.194
-0.723
 0.324
 2.123
 0.615
 2.498
 2.133
 1.056
 1.103
 0.324
-0.973
-0.606
-1.593
 0.674
-0.345
-0.204
 0.496
-0.314
 1.059
 0.413
 1.368
 2.188
 1.162
 0.956
 0.324
 0.068
 2.037
 1.319
 0.888
 0.879
 0.229
 0.564
 0.286
 0.473
-0.001
-0.158
 0.237
-1.101
 0.898
-0.915
 1.028
 0.847
-1.255
-1.017
-1.383
 0.081
-1.456
-1.257
-0.618
-0.137
-0.464
-1.058
-0.201
-0.763
-0.269
 0.682
 0.824
-0.423
 0.305
-0.743
 0.022
-1.667
 1.019
-0.144
-0.069
 1.502
-2.090
-0.031
-0.888
 0.717
-1.108
 0.990
-0.749
 0.675
-0.283
-0.121
 0.015
 0.274
-0.458
-0.308
 0.301
-1.027
-0.577
 1.506
-0.863
-0.120
-0.182
 0.344
 1.409
-0.072
 1.531
 0.197
-0.594
 0.256
 0.433
 0.817
 0.626
-0.096
-0.555
 0.257
 0.726
 1.533
 0.376
-0.389
-0.821
-0.030
 0.239
 0.957
 1.003
 0.365
 0.656
 1.350
 1.340
 0.626
 1.403
 0.486
 1.217
 1.225
 1.751
 0.789
 0.550
 0.741
 0.893
 0.135
 1.046
-0.078
 1.828
 0.279
 0.589
 2.665
 0.919
 2.415
 1.590
-0.477
-0.399
-0.092
-0.098
 0.824
-0.958
-1.190
-0.092
-0.586
-0.415
-1.832
-1.590
-0.807
-0.776
-1.191
-0.787
 0.014
-0.032
-0.100
 1.655
-0.166
-1.192
-1.042
-0.863
-0.953
-0.185
 0.353
 0.616
 0.005
-0.283
-0.133
-0.126
 0.504
 0.456
 1.065
-0.549
 0.357
 0.134
 0.987
 0.377
 0.567
-0.167
 1.588
 1.572
-1.241
 0.334
-0.683
 1.118
 0.058
 0.148
-0.086
-0.042
 0.504
 0.992
-0.357
 0.606
-0.712
-0.506
-1.141
-2.398
-0.789
-2.040
 0.630
-0.237
-0.656
 1.397
 2.113
-0.082
 0.613
 0.092
 0.998
-0.549
-0.917
 0.940
-0.567
-0.305
 0.191
-0.962
-0.071
 0.203
 2.081
 1.008
 1.247
 1.112
 1.661
-0.351
 1.079
 1.271
 1.087
 1.265
-0.832
-0.833
 0.331
-0.096
-0.642
 0.531
 0.461
 0.909
-0.416
 1.034
 0.588
 0.494
 0.868
 0.152
-0.331
-1.579
-0.740
-0.631
 0.660
-0.421
 1.199
 0.361
 0.600
-0.045
-0.569
-1.287
-1.349
-0.717
 0.982
-1.494
-0.465
 0.719
-0.114
-0.496
-0.904
-0.402
 1.147
 1.041
 1.628
 0.382
 0.587
-0.032
 0.128
-0.463
-0.636
 0.341
 0.316
 1.011
 0.787
-0.311
 1.109
 0.185
 1.024
 0.344
 0.483
-0.003
-0.164
 1.498
 1.602
 0.490
 0.559
 0.489
-0.305
 0.001
-0.358
-0.210
 0.402
-0.855
-0.286
-0.691
 1.322
-0.495
 0.145
-0.609
-0.045
 0.685
 0.623
 0.252
 1.898
 0.634
 1.136
 2.442
 2.073
-0.439
-1.821
 0.023
-0.146
 0.050
 0.823
 0.762
-0.990
 1.418
 2.102
 1.683
 0.644
 1.586
 0.350
-0.552
 1.902
 1.644
-0.791
 0.064
 0.549
 0.356
-0.609
 1.443
-0.605
-0.080
 0.619
 2.199
 1.114
 0.544
 2.077
 0.697
 0.536
 1.151
 1.949
 1.501
 1.244
 0.577
 0.987
 1.461
 1.285
 0.855
-0.009
 0.614
-0.330
-0.015
-0.701
 0.633
 1.113
 0.870
 2.921
 1.623
 2.164
 1.171
 0.835
 0.347
 0.418
 3.687
 2.386
 1.477
 2.460
 1.466
 1.749
 1.682
 1.367
 0.148
 1.967
-0.705
 0.323
 0.337
-0.159
 1.022
 0.933
 0.150
-0.885
-0.078
 0.767
 0.038
 0.052
 0.957
 1.797
-0.275
 0.076
 0.606
 0.200
 0.702
-0.229
 0.460
 0.557
 1.681
 0.662
-0.141
 0.725
-0.249
 0.368
 1.670
 1.477
 2.310
 2.358
 0.443
 0.830
 1.961
-1.008
 0.759
 0.134
-0.471
 0.289
-0.288
 0.249
 1.140