
 0.704
 1.351
 0.307
 1.757
 0.561
 0.601
-0.054
-0.383
-0.754
 0.628
-1.155
-0.361
-0.798
-0.449
 0.256
 1.149
-0.043
-0.569
-0.165
-0.496
-0.858
-0.644
 0.260
-0.790
-0.166
 0.276
-0.493
-0.722
-1.262
-2.317
-2.285
-0.098
 0.456
 0.092
-0.094
 0.056
 0.255
 1.208
-1.247
 0.999
 1.196
 0.899
-0.254
-0.467
 0.376
-0.753
 0.639
 0.447
 0.178
 0.850
-0.765
-0.881
-0.247
 0.060
-1.503
-1.446
-0.069
-0.176
-0.440
-0.687
 1.426
 0.350
-0.476
 0.020
 0.813
-0.449
-1.713
 0.199
-0.492
 0.393
 0.172
 0.252
-0.283
 0.869
 0.383
-0.057
 0.057
 0.588
-0.973
-1.196
-1.642
-1.284
 0.152
 0.421
-0.575
-0.902
-1.664
-1.217
-1.998
 0.602
-0.543
 0.542
-1.248
-0.977
-0.671
 0.216
 0.279
-0.766
-1.250
-0.017
-1.707
-1.814
 0.042
-0.787
 0.215
-0.392
-2.155
-0.768
 0.773
-2.471
-1.394
 1.058
 0.049
-0.640
 0.135
-0.649
 0.183
-0.281
-0.789
 1.037
 0.208
-1.132
-0.813
-0.084
 1.347
 0.176
 1.165
-0.642
-0.769
 1.789
 0.494
-0.855
 0.415
 0.290
 0.061
 1.158
 0.795
 0.660
 1.601
 0.831
 1.342
 0.039
-0.510
 0.119
 0.427
 1.732
 1.153
 0.383
-1.165
-1.406
-1.112
-0.677
-0.768
-0.085
-1.019
 0.039
-0.538
-1.248
-0.491
 0.391
 0.430
-0.478
-1.398
-1.551
-1.487
-0.606
-0.325
-0.462
 0.161
-1.236
-1.245
-0.417
-1.752
-1.532
-0.886
-0.070
-1.812
-0.878
-0.770
-1.061
-1.767
-0.099
-0.005
-1.188
-0.665
-1.189
-1.312
-0.791
 0.276
-0.032
-0.507
-2.409
-1.341
-1.617
-0.957
-0.174
-1.430
-1.636
-0.905
-0.435
-0.707
-1.037
-0.203
-0.554
 0.403
-0.183
-0.846
-0.778
-0.069
-0.633
-1.461
-0.275
 0.845
 0.426
-0.620
 0.554
-0.736
-0.730
-2.766
-1.591
-1.705
-1.365
-1.053
-1.923
-0.706
-0.582
 0.687
-1.549
-1.207
-1.871
-0.100
 1.295
-0.244
-0.400
-0.888
 0.150
-0.162
-0.729
-0.931
-1.620
-1.279
-1.964
-1.038
-0.641
-1.127
-1.296
-2.057
-1.538
-1.674
-0.496
-0.231
-1.434
-0.387
-1.302
-1.099
-1.088
 0.170
-0.798
-0.204
-1.119
-0.554
-0.379
-0.892
-0.719
-1.482
-0.963
-1.564
-1.774
-2.379
-1.823
-1.681
 0.027
 0.000
-1.269
-0.838
-0.868
-1.313
-1.033
-1.858
-2.093
-1.049
-1.041
-1.698
-1.183
-1.976
-1.823
-0.528
-1.528
-0.410
-0.347
-1.256
-0.522
 0.559
-1.691
-0.671
 0.214
-0.884
-0.579
-0.929
-0.851
-1.158
-0.716
-0.268
-0.377
-1.516
-1.872
-1.365
-1.041
-0.276
-0.066
 1.637
-0.019
 0.228
-0.154
 0.406
 0.737
-0.237
-0.943
-0.787
 0.735
-0.494
-1.577
-0.419
-0.364
 0.720
-1.641
-0.075
 0.070
-1.714
 0.257
 0.052
 0.752
 0.261
-0.657
-0.440
-1.251
-2.683
-0.735
-3.666
-1.775
-0.170
-0.716
-0.387
 0.525
-0.576
 0.045
 0.487
 0.043
-1.774
-0.375
-1.673
 0.630
 0.059
-1.173
-1.965
-0.922
-1.159
-0.575
 0.080
 0.687
 0.771
 0.591
 0.554
-0.134
-0.250
-0.224
 0.028
 0.284
 0.954
 0.363
 0.380
-0.130
-1.484
-0.334
 1.256
-0.098
 0.832
 0.299
 0.630
 0.621
 1.326
 1.343
 0.068
-0.408
 1.085
 1.284
 1.086
-0.515
 0.271
 0.561
 0.699
 0.580
-1.821
 0.169
 1.951
 1.938
 0.216
 0.871
 0.331
 0.504
 0.012
-0.028
 0.792
-0.451
-0.989
-0.171
 0.583
 0.793
 0.157
-0.174
 1.380
 1.337
 2.626
 0.822
 0.996
-0.476
-0.763
 0.013
-0.616
 1.528
 0.151
 0.948
 0.562
 0.254
 0.121
 2.888
 3.622
 0.977
 2.109
 1.508
 0.308
 1.156
-0.560
-0.900
-0.100
-0.545
-0.564
-1.130
-0.831
-0.475
-0.915
-1.149
-0.400
 0.533
 0.897
 1.538
-0.195
-0.590
 0.793
 1.248
 2.663
 1.247
 2.144
 1.746
 0.251
 0.728
 0.763
 0.091
 0.380
 1.335
 0.511
 0.298
-0.023
-0.278
 0.592
 0.922
-0.500
 0.233
 0.866
 0.045
 0.149
 0.622
-0.171
 1.853
 1.514
 1.039
 0.293
 1.731
 1.558
 0.154
 0.140
 1.387
 1.038
-0.022
 1.435
 0.837
 2.042
 0.615
-0.439
 0.485
 0.105
-1.129
 0.641
-0.128
 0.693
 1.319
 0.242
 1.528
 0.433
 1.078
 0.403
 0.325
 0.495
 0.132
 0.028
 0.044
-0.068
-0.327
 0.806
 1.080
-1.190
-0.353
 0.327
 0.396
-0.437
 0.066
-0.123
-0.267
 0.586
 0.158
 1.050
-0.065
-1.560
-1.172
-2.017
-2.568
-0.883
 0.166
 0.748
 0.581
-0.070
-0.673
-0.762
-0.131
 0.299
-1.266
-1.362
 0.518
-0.110
-0.907
 1.710
 0.292
 0.667
-0.303
-0.298
 1.165
 0.044
-1.210
 0.053
 0.108
 0.647
 1.130
 1.282
 0.031
-0.488
-0.185
 0.703
-0.018
 1.939
 2.319
 1.158
 1.713
 1.106
 1.214
 2.593
 2.317
 3.075
 2.084
-0.400
 0.188
-0.455
-0.396
 1.147
 0.836
 1.475
 0.659
 1.322
 0.357
 2.050
 0.450
 0.168
 1.583
 0.982
 0.947
 0.541
-1.223
 1.609
-0.633
-0.236
-0.287
-2.065
 1.012
-0.202
 0.994
 0.424
-0.881
-1.487
-1.619
-0.679
-0.327
-0.415
-0.401
 0.671
 0.367
 0.555
-1.749
 0.513
 1.361
 0.323
 0.312
 0.607
 1.250
 0.792
-0.046
-1.988
-0.679
 1.058
 2.443
-0.684
 1.295
 1.172
 0.372
 0.069
-0.071
 0.646
-0.196
-1.489
 1.051
-0.524
 1.059
 1.587
 0.660
 0.242
-0.810
-0.105
-0.542
 0.956
 0.985
-0.076
 0.421
 0.234
 0.935
 1.471
 0.330
 0.957
 0.727
 0.317
-0.105
 1.463
 1.054
-0.509
 1.065
-0.525
 0.691
-0.287
-0.205
-0.344
-1.411
-2.139
-0.496
-0.326
-1.325
 1.005
-0.287
 1.123
-0.360
-0.801
-1.266
-0.598
-1.066
-1.942
-1.937
-1.143
-1.097
-0.271
 0.071
 0.244
-0.841
-1.102
-1.311
-1.615
-0.487
-1.856
 0.138
-0.235
-0.520
 0.421
-0.505
 1.041
 0.882
 0.798
 0.626
 2.145
 0.959
-1.292
 1.303
 0.738
 0.695
 1.396
 0.827
 1.164
 0.318
 0.121
 0.087
-0.291
 1.090
-1.748
 1.137
-0.567
 0.725
 0.215
 0.887
 0.089
 0.626
 0.485
 1.595
 0.051
 0.370
-1.417
 0.427
 0.300
 0.944
-1.576
-0.405
-0.664
 0.086
 1.159
 1.034
 2.354
 1.589
-0.239
-0.492
-0.196
 0.909
-0.088
-0.396
-0.948
 0.004
 0.811
 1.283
 0.087
 0.743
-0.208
-0.821
-0.763
 0.137
-1.292
-1.898
-0.186
-1.446
-1.624
-0.786
-1.114
-1.357
-1.523
 0.287
 0.124
-0.570
 0.421
-1.589
 0.880
-0.389
-1.005
-0.260
-0.833
 1.293
 0.283
-1.100
-1.224
-0.268
-0.561
-0.797
-0.616
-0.741
-2.120
-0.980
 0.964
 0.490
 0.183
-1.011
-0.293
 0.070
 1.470
-0.541
 0.115
-0.352
-0.487
-2.032
-0.573
-0.368
-0.068
-0.261
 0.064
 0.536
 2.172
 1.211
-1.075
-0.157
 1.060
-0.271
 1.774
 0.117
 0.664
 0.535
-0.316
-0.468
 0.637
-1.191
-0.549
 0.631
-0.737
-1.024
-0.582
-0.661
 0.080
-1.720
 0.160
-0.111
-0.526
 0.001
-1.170
-2.215
-0.806
-0.508
-0.206
 0.534
 0.697
-0.423
-2.177
-0.784
-0.416
-0.190
-0.984
-0.573
-0.570
-1.681
-1.388
-0.696
-0.576
-0.477
-0.560
-2.874
-2.679
-2.534
-1.624
-2.056
-0.139
-1.113
-0.466
-1.711
-1.231
-1.754
-0.970
 0.042
-1.222
-1.234
-2.266
-2.044
-2.475
-1.336
-2.130
-2.041
-1.335
-1.227
-0.548
 1.047
-0.697
-2.054
-1.237
-1.936
-1.203
-2.047
-1.843
-0.824
-0.108
 0.254
-0.369
 0.976
 0.282
 1.109
-0.545
-1.232
-2.107
-1.695
-2.279
-2.160
-0.069
-0.047
-0.144
-0.745
-2.046
-0.872
 0.796
 0.184
-1.098
-0.085
 0.416
 0.238
 0.684
-0.471
-0.611
-0.465
 0.031
 0.803
 0.369
-0.037
-0.895
-0.278
-1.525
-0.400
-0.773
 0.521
-0.465
-0.391
-0.164
 0.307
-0.429
-0.346
-0.721
 0.718
 0.065
-0.719
-0.135
-0.068
-0.377
 0.370
 0.621
 0.531
-0.234
 0.056
-0.847
-0.093
 0.104
-0.842
-0.016
 0.082
-0.285
 1.639
-0.341
-0.598
 0.757
 1.361
-0.329
-1.749
-0.286
-1.011
-0.469
 0.192
 0.501
-1.011
 0.156
-1.070
-1.562
 0.207
-0.737
-0.398
 0.184
 0.559
 0.552
 0.734
 0.136
 0.413
-0.684
 0.559
-0.139
-1.225
 0.586
 0.704
-1.093
-0.551
-0.829
-0.861
-0.786
-0.212
-1.487
-0.152
-0.902
-0.012
-2.377
 0.515
 0.622
-0.169
-0.326
 0.491
-0.912
-0.441
 0.138
-0.117
 0.442
 0.026
-0.931
-0.001
 0.290
-0.118
 0.757
 1.051
 1.157
 1.425
 0.820
 0.788
 1.772
 1.354
 0.748
 1.183
 0.326
-0.787
-0.095
-0.117
-0.607
-0.881
-0.351
-0.776
-1.377
-0.693
 0.754
 0.862
 0.790
 0.085
 0.886
 0.186
 1.118
-0.530
-1.258
 0.551
 0.560
-0.288
-0.009
-0.023
-0.468
-0.555
-1.708
 0.044
 0.321
-0.810
-0.766
 0.265
 0.123
-0.446
-0.621
-2.206
-1.591
-1.987
 0.510
 0.309
 1.230
 0.565
 1.296
-0.295
-0.599
-0.341
-1.164
-0.241
 0.582
 1.039
-1.597
 0.806
 1.067
 0.166
-0.206
-0.980
 0.272
-0.081
 0.559
-1.207
 0.522
-1.080
 0.908
 0.623
-0.142
 0.594
-1.236
 0.097
 1.291
-0.269
 0.127
-0.156
 1.226
 0.284
-1.213
 0.217
-0.409
 0.346
 1.088
 0.058
 0.558
 0.952
 1.534
 0.854
 0.553
 0.781
-1.148
-0.072
-1.418
-1.353
-1.557
-1.474
 0.184
 0.329
 0.159
-1.100
-1.298
-0.024
 1.674
 0.508
 0.088
-1.204
-0.167
 0.352
-0.210
 0.292
 1.033
-0.664
-0.844
-0.573
-1.062
-1.165
-0.895
 0.219
-0.602
-1.209
-0.360
-0.115
 0.318
 0.197
-0.784
-0.559
-0.572
-0.269
 1.534
 1.360
 1.634
 0.590
 2.037
-0.244
 2.389
-0.097
 0.612
 2.044
 0.218
-0.622
-0.954
-0.114
-0.541
-1.195
-1.164
-0.434
 0.303
 0.797
-0.051
 0.654
-0.097
-0.030
-0.105
 0.316
-0.468
-0.369
 0.693
 0.425
-0.786
-0.149
 0.085
-0.618
 0.661
-0.294
-0.053
 0.279
-0.091
-0.658
-0.666
 0.477
 1.448
 0.552
 1.864
 1.472
 1.002
 1.021
-0.240
-0.888
-0.740
-0.595
-2.359
-1.428
-0.815
 0.465
-0.456
-1.025
-0.657
-1.580
-1.343
-0.277
 0.355
 0.851
-1.597
-1.272
-0.781
-1.091
-0.748
-0.351
-0.229
-0.026
 0.792
-0.457
 0.324
-0.680
 0.277
 0.835
 0.344
-0.543
 0.489
 2.201
 1.205
 0.845
 0.022
 0.502
 0.643
-1.736
 0.841
 0.474
-0.459
-0.119
 0.102
-0.089
-0.144
 0.353
 0.312
-0.217
-0.772
-0.544
 0.478
 0.382
 0.305
 0.201
 0.050
-0.251
-0.769
 1.139
-0.299
 0.771
 0.451
 0.721
 1.105
-0.503
 0.641
-0.079
 0.189
 1.533
 0.264
 0.553
 0.365
 0.411
 1.786
 0.648
-0.774
 0.546
 0.583
 1.374
 0.483
-0.604
 0.840
 1.157
 1.081
 1.284
 1.464
 0.372
 0.949
 0.776
 1.905
 2.273
 0.544
 2.349
 0.789
 2.322
 0.966
 0.327
 1.348
 0.788
 0.869
 0.549
 0.206
 0.460
-0.012
 1.480
 0.673
 0.091
 0.098
 0.025
 2.375
 1.195
 1.995
-0.296
 1.218
 1.440
 1.326
-0.270
 0.743
 0.826
 1.309
 1.061
 1.732
 1.156
 0.807
 0.748
 1.783
 1.843
 1.995
 1.786
 2.173
 0.200
 0.227
 0.669
 1.598
-0.103
-0.343
 0.820
 0.295
 0.820
 1.808
 1.174
 0.883
 0.598
 1.111
-0.437
-0.498
-0.130
 1.266
 0.224
-0.294
 0.173
-0.294
-1.213
-0.910
 0.997
 0.037
 1.187
 0.180
 0.115
-0.311
-0.529
 0.342
 0.288
 0.368
 1.151
 1.625
 0.401
 1.365
 1.332
-0.822
 0.040
-0.271
-0.262
 1.449
-0.426
 1.290
 1.040
 0.601
 0.133
 0.851
 3.107
 1.295
 0.622
 1.114
-0.808
-0.542
 0.938
 0.592
 1.683
 0.723
-0.655
-0.933
-0.608
 0.524
 0.408
-0.565
-0.012
-0.612
 0.929
-0.153
 0.738
 0.553
 1.456
 1.097
 1.440
-0.462
 0.044
 0.623
-0.545
 0.795
 0.306
 0.892
 0.897
 0.563
 0.209
 0.312
 0.828
-0.938
-0.958
 1.181
 0.007
-0.433
-0.653
-0.345
 0.592
 0.413
 0.036
 0.738
 1.660
 1.023
-0.525
-0.055
 1.321
-0.587
 1.672
 1.093
 0.407
 0.029
 0.672
 0.907
 1.116
 0.077
 1.776
 1.824
 0.018
 0.381
 1.312
 2.785
 0.867
 0.030
-0.437
-0.306
 0.480
 0.775
 0.458
-1.664
-0.921
-0.400
-1.131
-0.921
-0.283
 0.434
 0.605
-0.533
-1.081
 0.785
-1.365
-0.358
-0.651
-0.659
-0.288
 1.665
 0.017
-1.627
-0.774
-0.872
-1.352
 0.856
-0.263
 0.450
-0.922
 0.518
 0.023
-1.015
-0.161
-0.402
-0.643
 0.190
-0.009
-0.576
-0.783
-0.246
-0.303
-0.254
-0.872
-0.264
-1.312
-0.495
-0.017
-0.297
-0.580
-0.712
-0.610
-0.731
-0.118
-0.969
-0.084
-0.539
 1.248
-0.124
-1.395
-0.765
 0.886
 0.115
-0.739
-0.875
-1.531
-1.016
 0.103
-0.108
 0.950
 0.505
 0.115
 0.529
 1.450
 0.733
-0.716
 0.197
-1.151
-0.696
 1.069
 0.286
-0.667
-0.826
 0.740
-1.005
-1.535
-0.797
-0.481
-1.039
 0.312
-0.282
-1.272
-0.323
 1.280
-0.016
-0.731
-1.261
-0.530
 0.695
 0.952
 0.742
-0.558
-0.868
-1.302
-0.351
-1.319
-2.173
-1.475
-0.708
 0.197
-1.548
 0.273
 1.168
 1.971
-1.046
 0.505
 0.238
 0.532
 0.933
 0.464
 0.016
-0.153
 0.594
 0.934
-1.060
-0.801
 0.170
-0.244
 0.498
 0.400
-1.134
 0.688
 0.813
-0.083
 0.108
 0.404
-1.001
-0.184
 0.185
 0.204
-1.426
 0.715
 1.316
-1.798
 0.123
-0.606
 0.860
-0.626
 0.469
 1.909
 1.845
 0.022
-1.009
 0.900
 1.065
-1.449
-0.629
-0.769
-1.045
-0.309
-0.707
 0.396
 0.591
-0.186
-0.105
-1.059
 0.390
-1.132
 0.120
-0.719
 0.692
 0.310
-1.136
-0.557
-0.891
 0.897
-0.199
 0.720
 0.521
-0.281
-0.197
 1.757
 1.825
 1.056
 0.182
-0.737
 0.814
-1.096
-0.068
-1.915
-0.087
 0.292
-0.944
-0.221
-0.279
 0.679
 0.308
-0.867
 0.107
 0.240
-1.406
-2.676
-0.914
-0.107
-0.063
-0.007
 1.189
 1.288
 2.282
 0.915
 0.463
 0.643
 0.110
 0.381
-0.753
-1.946
-0.431
 1.061
 1.384
 0.935
 0.209
 0.986
 0.097
 0.512
-0.166
 1.447
 1.064
 0.598
 1.202
 1.823
 0.179
 0.525
 0.570
 0.443
 1.071
 0.342
 0.844
 1.063
-0.048
-0.106
 3.792
 0.804
 0.405
-1.069
-0.380
 0.395
 0.467
 1.033
 0.381
 0.656
 0.330
 0.061
-0.366
-1.268
 0.900
 1.673
 2.476
 1.132
 0.258
 0.191
-0.358
 0.898
 0.532
 0.565
-0.053
 1.244
 1.223
 1.967
 0.936
 0.750
-0.404
-0.192
-0.294
 0.949
-0.153
 0.609
 1.457
 0.770
 1.491
 1.773
 0.484
 1.160
 0.675
 0.709
 0.556
-0.248
 1.725
 0.439
 1.450
 0.413
-0.045
-0.797
 0.832
-0.838
 0.376
 0.542
-1.208
 1.209
-0.227
 1.524
 0.945
 1.698
-0.127
-1.270
-1.227
 0.254
-0.296
-0.539
-0.880
-0.821
-0.334
-0.176
-1.128
-0.099
-0.732
 0.173
-0.811
-0.319
-0.189
-0.017
 1.027
 0.857
 0.231
-0.524
 1.638
 0.408
-0.774
 0.392
 1.457
 0.016
-1.129
-0.554
-0.131
 0.602
-0.294
-0.415
 1.267
 0.088
-0.555
-0.341
 0.039
 1.923
 0.241
-0.056
 1.004
-0.416
-0.232
 0.371
 1.156
 0.623
 0.133
-1.117
-0.390
 0.174
-0.718
-0.632
-0.006
-0.915
-1.187
-0.227
 0.652
-0.667
-2.143
-1.071
-0.815
 1.493
 0.291
 1.574
 0.905
 1.346
 0.385
 0.670
 1.517
 0.450
-0.335
 0.542
 1.362
 1.675
 1.438
 1.038
-0.590
 0.225
-0.858
-0.716
 0.160
 0.532
-1.462
-1.967
-0.649
-1.780
-1.155
 0.277
-0.429
-0.886
-0.912
-1.467
-0.779
-0.461
 1.610
 2.281
 0.708
 0.472
 1.043
 0.623
 0.671
 0.598
 0.453
 0.348
-0.024
 0.807
 1.257
 1.156
 0.120
 1.119
-0.086
-0.940
-0.791
 1.234
 0.853
 1.129
 0.670
-0.751
 1.309
 0.303
 0.511
 0.451
-0.401
-0.140
 0.228
-0.187
 0.392
 0.768
 1.476
 1.489
-0.127
 0.526
-1.747
-1.752
-1.328
 0.291
-0.735
-1.338
-1.788
-1.955
 0.748
-0.472
 0.747
 0.199
 0.311
 1.449
-1.008
-1.050
-0.941
-1.294
-1.540
-1.823
-1.419
-1.863
-0.188
-0.319
-1.285
-1.450
-0.733
-0.247
-1.978
-1.933
-1.378
-0.666
 0.513
-2.016
-1.540
-0.607
 0.830
 1.862
-0.327
-0.136
 0.214
-0.624
 0.082
 0.135
-1.253
-1.762
 1.399
-0.095
 0.411
 0.891
 1.508
-1.586
-0.546
-0.050
-0.655
 1.224
-0.315
 0.331
 0.332
 0.236
 1.025
 0.925
 0.275
 0.046
 0.262
 1.035
 0.523
 0.876
 0.397
-0.170
 0.030
 0.637
 0.601
-0.097
-0.192
-0.849
-0.945
-1.041
-0.178
-0.613
-0.975
 0.168
 0.411
 0.111
-0.078
-1.093
-1.008
 0.062
-0.119
-0.783
-1.429
 0.888
-0.828
-0.125
 0.706
 1.442
 0.528
 1.517
 0.146
-0.577
 0.704
 1.256
 0.552
-0.077
 0.944
 0.038
 0.743
 0.309
-1.484
-0.777
 0.835
-0.192
 1.194
 0.939
 1.235
 1.035
-0.110
-0.617
-0.228
-0.659
 1.924
 0.877
-1.156
 0.560
 1.443
 0.180
 1.582
 0.527
 0.918
 0.277
-0.808
-0.319
 1.076
 2.586
 1.592
 1.356
 0.348
 0.120
 1.001
-1.601
-1.101
-0.138
 0.651
-0.079
-0.061
 0.525
-0.823
-1.480
-2.097
-0.555
-0.710
-1.514
-1.377
-0.252
-0.061
 1.013
-0.561
 0.340
-1.306
-1.302
 1.113
 1.658
-0.664
-0.578
 1.314
-0.314
-0.540
-0.517
 0.078
-0.512
 0.526
-0.772
-0.995
-1.299
-0.902
-0.566
-0.335
 0.154
 0.958
-0.559
-1.394
-0.898
 0.071
 0.177
-0.375
-1.277
-1.060
-0.435
 1.093
 0.003
-0.985
-1.370
 0.344
-1.030
 0.927
 0.591
 1.083
-0.157
 2.507
 1.839
 1.938
 0.002
 1.944
 0.944
 1.331
 0.540
 1.324
 2.669
 1.622
 0.349
 0.184
-0.205
-0.402
 0.038
-0.147
 0.498
 0.425
-0.644
 0.926
 0.265
-1.222
-0.889
 0.182
-0.858
 0.255
-0.895
-0.313
 1.366
-0.512
 0.108
 0.531
-0.191
-0.850
-1.336
-0.058
-0.302
-2.063
-0.521
-0.367
-0.980
-0.609
-1.125
 0.827
 0.204
 0.968
 0.784
 0.251
 1.280
 0.155
 0.072
 0.054
 1.443
 0.585
 0.467
 0.582
 0.985
 1.222
 1.670
 1.386
 1.036
 1.366
 1.008
-0.358
 0.445
 0.890
 0.546
 0.190
 1.074
 0.431
 0.916
 0.792
 0.324
 0.737
 1.139
-0.024
 0.720
 1.488
-0.238
 1.326
-0.816
-0.657
 0.124
 0.969
 1.446
 1.687
 0.077
-0.309
-0.723
-0.716
 1.566
 0.926
 1.230
 0.297
 0.559
 2.014
 0.339
 0.350
-0.138
-1.206
 0.854
 0.563
-0.245
 0.648
 1.792
 1.509
-0.026
 0.190
 0.443
-0.162
-1.230
 0.861
 0.345
 2.454
 1.119
 1.636
 0.192
-0.747
 0.358
-0.906
 1.387
 1.809
 1.420
-0.269
-0.827
 0.521
-0.867
-0.052
-1.005
 0.875
-0.837
 0.299
 1.085
 0.526
-0.929
 0.342
 0.210
-2.460
-1.579
-0.112
 0.636
 1.692
-0.090
 1.166
 0.961
 0.000
-0.879
-1.696
-0.897
-0.664
 0.313
 0.939
 0.541
-1.374
 0.191
-0.419
-1.633
 0.673
 2.041
 0.282
 0.589
 2.266
 1.432
 0.546
 0.868
 1.289
 1.260
 2.779
 1.810
 1.517
 0.934
 1.300
 0.944
 0.155
-0.767
-0.387
-0.311
 0.103
 0.095
 0.122
-0.267
-0.361
 0.351
-0.596
-1.055
 0.317
 1.324
 2.010
 1.222
 0.558
-1.441
 0.315
-0.503
-0.393
-0.917
-1.404
 0.646
-0.444
-0.275
 0.467
 0.156
 1.101
 0.067
-0.743
-1.479
-1.201
-1.807
-0.972
-0.596
 0.535
 0.045
 0.705
 0.677
 1.309
 1.132
 0.845
 0.838
 0.074
 0.326
 0.172
 1.476
 0.889
 1.141
 0.932
 1.423
 1.708
 0.516
 1.085
 0.679
 0.337
 1.362
 0.810
 0.223
 0.758
 0.090
 0.815
 1.512
-0.066
 0.027
-0.739
 0.717
 1.845
-0.453
 0.813
 0.156
 1.826
 0.630
-0.337
-0.661
 0.535
 0.255
-0.221
-1.094
 0.654
 0.259
 0.766
 2.111
 0.775
-0.213
 0.265
-0.351
 2.001
 1.588
 0.850
-0.458
 0.169
 0.350
 0.892
 1.392
-0.332
 0.240
 0.373
-0.502
 1.581
-0.313
-0.783
-0.964
-0.223
-1.382
-0.811
 1.403
 2.362
-0.473
-0.536
 0.487
 0.716
 0.258
 1.607
 0.118
 0.168
 2.354
-0.948
 0.468
 2.648
-0.092
 0.496
-0.874
 0.961
 0.761
-0.560
-0.156
-1.160
-0.415
 0.230
 2.236
-1.252
 1.544
 0.816
 1.390
 1.271
 0.401
 0.304
-1.149
-0.471
-1.240
-0.683
-0.622
-1.379
-0.692
-0.215
-0.416
 0.782
-0.602
 1.105
 0.775
 1.957
 1.216
 2.096
 2.057
 0.851
 2.527
 1.510
-0.449
 1.227
 0.203
 1.011
 0.281
 0.317
 1.354
-0.013
 1.711
 1.308
 0.979
 0.157
 0.499
 1.711
-0.270
-0.413
-1.259
-1.148
-0.569
-0.304
 0.073
 0.420
-0.936
 0.188
 0.264
-0.310
 1.168
-1.199
 0.815
-0.021
 0.827
-1.010
-0.303
-0.766
-0.249
-0.043
 0.870
-1.106
 1.304
-0.824
 1.362
 0.685
-0.996
-1.466
 0.113
-0.236
-0.921
-0.887
-2.051
-1.690
 0.129
-0.099
 0.413
-0.651
-2.177
-0.530
-0.905
 0.776
-0.304
-1.582
-2.009
-0.328
 0.776
-0.552
-0.319
-0.175
 0.348
 0.469
-1.269
 0.095
-1.009
 0.254
 0.033
 1.024
 1.475
-0.259
 1.398
-0.227
 0.354
 0.182
-0.503
 0.517
 0.070
 0.300
 0.303
 0.226
-0.183
 0.888
 0.609
 0.355
 0.669
 1.195
-0.071
 0.940
 1.169
 1.144
 1.152
 0.930
 0.862
 2.291
 3.220
 1.326
 0.876
 0.239
-0.167
 0.296
-0.025
-0.065
 0.053
-0.477
-0.176
-0.322
-1.496
 0.095
-0.052
-1.132
-0.845
-0.906
-1.305
-1.480
 0.181
 1.772
 1.405
 1.949
 1.683
 2.641
 0.743
 2.180
 0.286
-0.616
 1.305
 1.605
 2.347
 1.430
 1.830
 2.627
 1.721
 1.407
-0.221
-0.005
 0.482
 1.675
 1.963
 1.097
-0.057
 1.382
 0.836
 1.419
 0.162
 0.269
 2.380
 1.452
 1.352
 2.012
 0.403
 0.166
-0.456
-0.558
 1.114
 2.054
 1.495
 0.830
 0.117
-0.246
-0.263
 0.168
-0.631
-1.071
-0.109
 0.598
 1.146
 0.783
-0.075
-0.260
-0.449
 0.652
 0.116
 0.138
 0.026
-0.266
 1.311
-0.825
-0.886
 0.309
 1.345
 2.343
 1.271
 0.788
-0.459
-2.716
 0.569
 0.178
-0.181
 0.245
 1.157
-0.716
 1.170
 0.304
 0.793
 1.282
 1.013
 1.364
 0.878
-0.727
 0.723
-0.171
 0.171
 0.576
-0.110
 0.917
 2.491
 2.279
 0.725
 0.993
 0.074
 1.693
 1.179
 0.279
 0.063
 1.482
 2.680
 1.875
 0.178
 0.498
 0.600
 1.274
 1.145
 1.222
 0.447
 0.900
-0.053
 0.115
 0.674
 1.707
 1.071
-0.272
-0.333
 0.863
 1.900
 0.114
 0.568
 0.953
 0.079
 1.098
 2.130
 0.886
 0.068
-0.494
-0.010
 0.003
 1.040
 0.608
 2.347
 1.762
 0.044
-0.184
 1.434
 0.551
 0.300
 1.876
 0.781
 0.606
 1.193
 0.193
 0.859
 2.162
-0.071
 1.305
-0.084
-0.976
-0.042
-0.591
 0.438
 1.454
 0.575
-0.092
 1.049
 1.664
 0.924
 1.055
 1.141
 1.853
 1.894
 0.378
 2.058
 2.185
 1.128
 0.011
-0.052
 0.609
-0.387
 1.425
-0.118
 0.429
 0.698
-0.481
 0.598
-0.295
 1.789
 1.173
-0.592
 0.410
 0.002
 0.577
 0.813
-0.058
 0.598
 2.124
 2.687
 2.476
 1.771
 2.470
 2.018
 1.478
 1.685
 0.303
 0.001
 0.275
 1.529
 1.278
 2.741
 3.251
 1.271
 0.306
-0.324
-0.731
 0.705
 0.231
 0.174
 0.297
 1.190
 1.333
 0.158
 0.782
 0.053
 1.383
 0.472
 1.381
 1.266
 0.541
-0.162
 0.874
 0.942
 1.382
 1.843
 1.444
 0.745
-0.284
 1.103
 0.025
 1.191
-0.328
 0.270
-0.168
 0.849
-0.507
-0.139
-1.783
-0.072
-1.356
 0.657
-0.877
-0.212
 2.051
 0.507
 1.362
 0.642
 0.146
 0.378
 1.145
 0.430
 0.919
 0.649
 1.264
 0.057
 0.941
 1.322
 1.042
-0.391
 0.034
 0.499
-2.454
 0.597
-0.270
-0.806
-0.819
 0.261
 0.244
-0.289
 0.694
 0.480
 1.473
 0.028
 1.202
 0.565
-0.197
 0.441
 1.978
 2.221
 0.638
 1.770
 1.338
 0.192
 0.701
 1.705
 1.151
 0.031
 0.456
 1.378
 0.449
-1.187
-1.614
-1.047
 0.156
-0.441
-0.859
 0.389
-0.478
-0.561
-0.164
 0.265
 0.231
 0.809
 0.559
-0.193
 1.136
 1.547
 0.458
 0.026
 0.485
-1.559
-1.321
 0.284
 0.819
 0.778
 1.006
-0.827
-0.961
 0.243
-1.793
 1.160
-0.245
 0.906
 0.397
-0.232
-0.141
 0.538
 0.274
-0.251
 0.152
-1.265
-0.083
 1.163
-0.599
 0.092
 0.486
 0.653
 1.111
 0.822
 0.050
 0.046
-0.522
-1.244
 0.670
 0.478
-0.859
-1.212
-0.683
-2.313
-2.002
-1.906
-1.358
-0.485
 0.185
 0.734
-0.682
-0.538
 0.868
 0.766
 0.467
 0.034
-1.135
-0.190
 1.277
 0.338
-0.091
-1.121
 0.094
 0.420
-0.366
 1.017
 2.488
 1.203
 1.595
-0.023
-1.412
-1.792
 0.260
 0.317
-0.027
-0.513
-1.387
-0.155
 1.077
 1.414
 0.476
-0.106
-1.380
 0.319
 0.373
-0.506
 0.121
 1.793
 0.874
-0.588
 0.534
 1.200
 0.371
-0.291
 0.152
-0.673
 0.576
 0.133
-0.227
 0.599
 2.277
 1.097
 1.904
 0.075
-0.114
 0.628
 2.388
 1.502
-0.445
 1.292
-0.562
 0.208
 0.148
-1.153
-1.035
 1.443
 1.061
-0.308
 0.184
 0.185
 0.162
 0.527
 1.206
-0.163
 0.208
 0.141
 0.455
 0.182
 1.070
 0.727
 0.005
-0.992
-1.560
-1.038
-1.925
-1.131
-1.208
-1.652
-0.918
-1.437
-1.088
 1.076
 0.630
 0.917
 0.076
 0.127
-0.327
-1.512
-1.142
 0.652
-0.268
-0.550
 0.795
 0.154
 0.692
 1.088
 1.032
 1.048
 1.569
 0.768
 0.613
 0.525
 0.539
 0.741
 0.932
 0.744
 0.249
 0.124
-0.410
 0.174
-0.124
 0.916
-0.641
-0.069
 1.333
 1.426
 2.209
-0.100
-0.245
 0.671
 0.159
 0.882
 1.274
-1.537
-1.413
-0.689
 1.048
 1.065
 0.695
 0.579
 1.363
 0.426
 0.045
 0.923
 1.633
 1.413
 0.564
 0.857
 0.660
 0.201
 0.409
 1.082
-0.781
 0.329
 0.102
 0.191
-0.795
-0.895
-1.369
-0.628
-0.431
-0.350
-0.131
-0.002
 0.408
 0.742
 0.508
 0.929
-0.642
-0.983
-0.738
 0.125
-0.659
-0.756
-1.524
-0.563
-0.274
-1.328
-0.383
-0.683
-1.209
-0.406
 1.345
 0.630
 2.709
 0.497
 0.242
 0.645
-0.211
 0.134
 2.174
 0.094
-0.122
 0.211
 1.323
 0.299
 0.083
 0.500
-0.246
 1.411
 1.788
 0.498
 0.208
 0.992
 0.575
-0.300
 1.394
-0.308
 0.323
-0.463
 0.237
 0.496
 1.184
 1.439
 0.061
 0.147
 0.681
 0.656
-1.286
-0.747
-0.360
-0.013
 0.359
 0.885
-0.175
-0.371
-1.709
-1.225
-0.673
-0.924
-1.647
-0.995
-0.661
 0.089
 0.713
-0.364
-0.907
-1.186
-0.938
-1.687
-1.119
 0.265
 0.555
-0.255
 0.824
 0.297
 0.758
 0.153
 1.802
 1.081
 1.090
 0.020
-1.010
-0.995
-0.995
-0.833
 1.127
-0.611
 0.881
-1.356
 0.425
-2.815
-0.076
-1.944
-0.620
-1.534
-0.434
-0.250
-0.444
-0.623
-1.030
-0.741
-0.216
-0.975
-0.771
 0.241
 0.284
 0.441
-0.076
 0.408
 0.629
 0.495
 1.786
-0.146
-1.102
-1.194
-0.616
-0.396
 0.218
-0.941
 0.611
 0.659
-1.211
 0.784
 0.931
 1.023
 0.738
 0.114
 1.127
 1.128
 1.121
 0.913
-0.789
 1.001
 0.864
 0.758
-0.244
-0.241
-1.236
-0.905
 0.692
-0.486
-0.361
 0.701
 0.943
-0.062
-0.465
 0.597
-0.953
 0.259
 1.414
 2.318
-0.816
-0.207
 2.089
 2.145
 2.122
 1.038
 1.650
 0.304
 0.173
 1.390
 1.766
 1.318
 0.472
 0.524
 0.302
-0.518
 0.122
 0.826
 0.416
-0.706
 0.645
 1.085
-0.846
-0.648
-1.044
-1.038
-0.580
 0.121
-0.039
 0.139
-0.093
 0.377
-0.796
 0.641
 0.073
-0.095
 0.057
 0.357
 0.341
 0.676
 0.784
 0.592
-0.739
-0.714
-0.585
-0.407
 0.789
 0.463
-1.391
-0.923
-0.034
-0.415
 0.128
-0.456
-0.656
 0.130
 1.807
 1.854
 0.057
 0.172
 1.457
 0.268
 0.179
 0.231
-0.461
 0.452
 3.186
 3.067
 0.683
 1.192
 0.395
-0.351
 1.367
 0.821
-0.279
-1.357
 0.023
 1.904
 0.318
 1.097
 1.296
 0.861
 0.975
 0.857
 1.488
 0.363
 0.799
 0.966
 1.494
-0.092
 0.641
-0.381
 0.461
 0.740
 0.879
 1.470
 2.502
 2.141
 1.586
 0.087
 2.008
 1.473
 0.524
 1.253
 1.322
 1.698
 0.655
 0.989
-0.273
 0.653
 0.247
 0.505
-0.309
-0.701
-1.266
-1.077
-1.171
-1.824
-0.047
-1.725
 1.576
 0.404
 1.403
 0.543
-0.482
-0.267
-0.103
-1.019
 0.696
 1.287
-0.544
-0.228
-0.841
-1.535
 1.505
 2.241
-0.534
-0.459
-0.487
-0.793
-0.006
-0.134
-0.858
-0.412
-0.708
-2.464
-2.514
-0.681
 0.459
-0.486
-0.301
 0.262
 0.036
-0.444
 0.103
 1.044
 0.228
 0.350
-0.127
 1.269
-0.720
-0.609
-2.592
-0.275
-1.255
-1.775
-1.668
-0.629
-1.508
-0.897
-0.269
-0.681
-0.396
 1.374
-0.674
 0.673
 0.115
 0.724
 1.526
 1.159
 0.160
-0.143
 0.885
-0.217
-1.361
-0.493
-0.306
 1.208
 0.993
 0.352
 0.829
 0.746
 1.407
 1.012
 0.620
 2.045
 0.916
 0.818
 2.011
 1.110
-0.242
 2.203
 0.443
-0.425
-0.957
 0.410
 0.439
 0.070
-0.087
-0.023
-2.820
-2.462
-1.512
-2.393
-1.848
-1.273
-0.699
-0.217
-0.516
-0.250
-0.449
-0.267
-0.410
 1.170
-0.965
-1.835
-1.220
 1.175
 1.070
-0.069
 0.259
-0.152
-0.204
 0.171
-0.148
-0.636
 0.172
-0.411
 0.523
-1.294
-0.646
-0.678
-0.713
-0.959
 0.544
-0.274
-0.484
 0.195
 0.304
-1.239
-1.263
-1.379
-0.207
 0.089
 0.140
-0.239
-0.537
-1.639
-0.255
-0.838
-0.204
-1.111
-0.541
-0.614
-0.734
-1.084
-0.274
 0.170
-0.109
-0.074
 1.152
 0.297
 0.116
-0.696
 0.163
-1.008
-1.042
-1.622
-0.518
 1.104
-0.700
-1.015
-0.374
-0.533
 0.634
 0.085
 0.892
 1.467
 0.552
-1.021
-0.559
-0.109
-0.972
-0.043
-0.163
-1.185
-1.073
-0.424
-2.202
-0.747
-0.866
-0.159
-0.437
-1.085
-1.942
-1.715
-0.803
-0.321
 0.293
-0.554
-1.457
-0.465
-0.289
 0.883
-0.193
 1.086
 2.115
 1.310
 0.145
 0.657
-0.150
 0.105
-0.122
-1.229
 0.935
-0.574
 1.104
 0.587
-0.087
 1.009
 0.962
-0.798
-0.009
-0.407
-0.079
-0.360
-0.103
 0.122
-1.240
-0.915
-0.764
-1.344
-1.973
-0.588
-2.119
-1.793
-1.435
-0.223
 0.734
 0.919
 0.476
 0.420
-1.491
-1.664
-0.682
-1.373
-0.074
-0.611
-0.379
-0.806
 0.551
-1.514
-0.076
-0.233
-0.171
-0.903
-1.458
-0.139
-0.212
 0.108
-0.346
-0.490
 0.753
-0.577
 1.175
 0.499
-0.310
 0.480
-0.296
 1.177
 0.027
-1.539
-1.833
 0.507
-0.278
-0.908
 0.132
 0.283
-0.101
-0.955
-0.885
-2.236
-0.709
-0.832
-0.851
-0.478
-0.505
-0.526
 0.025
-0.002
 0.313
-0.532
 0.784
 1.613
 1.471
 1.855
 1.255
 0.353
-0.165
 0.338
-0.022
 0.062
 0.386
-0.576
 0.829
 0.483
 0.949
-0.341
 0.037
-0.022
 0.584
 0.207
-0.614
 0.205
 0.865
 1.401
 0.451
 0.143
 0.693
-0.246
-0.083
 2.125
 0.420
 0.124
 1.023
 1.458
-0.686
 0.108
 0.496
-0.111
-0.987
 0.000
-0.097
-1.262
-1.283
 0.303
 0.353
-0.372
 0.745
-0.021
-0.141
 0.743
 1.283
-0.765
-0.590
 0.350
 0.410
-1.308
-1.002
-0.452
-0.929
-0.294
 0.987
 0.328
 1.045
-0.978
 0.582
 0.887
 0.983
 0.749
 0.262
 1.536
 1.211
 2.127
 0.378
-0.342
-0.273
-1.066
-0.616
-0.539
-1.399
 2.263
 0.520
 1.525
 0.967
 0.816
 0.490
-0.135
-1.336
-0.233
 0.513
 1.239
 1.831
 0.332
 0.699
 1.498
 0.529
 1.518
 1.164
 0.071
 1.043
-1.354
 1.114
 0.820
 0.579
-1.256
 0.154
 0.072
 1.013
 0.150
 0.515
-0.054
 0.919
 0.561
-0.281
-0.729
 0.122
-0.050
 0.030
-0.755
-0.150
 1.021
-0.248
 0.338
 0.710
-0.628
 0.181
-0.018
 0.238
-0.531
 0.653
-0.376
-0.647
-0.230
-1.021
 0.564
-0.266
 1.167
 0.213
 1.755
 0.317
 1.146
 2.011
 1.263
 1.628
 0.486
 1.142
 0.797
-0.631
 1.141
 1.511
 0.643
-0.999
 0.744
-0.178
-0.172
-1.833
 0.133
 0.481
-0.023
 1.333
-0.021
 1.013
 0.482
-0.139
-0.629
 1.280
 1.269
 1.244
 0.611
 0.090
 0.137
 1.874
 2.507
 2.673
 1.503
 3.401
 1.325
 2.650
 0.929
 2.500
 1.697
 1.532
 0.303
 1.494
 1.948
 0.851
 1.289
 0.146
 2.561
 2.828
 0.815
-0.118
 1.503
 1.679
 1.043
 1.179
 1.475
 1.892
 0.936
 1.756
 0.486
 2.313
 0.606
 0.442
 0.215
 0.532
-0.456
 1.463
-0.004
-1.122
-0.523
 0.553
-0.442
-0.171
-1.735
-1.974
-0.248
-0.147
 0.093
 0.205
-0.534
 0.778
-0.767
-0.638
-0.245
-2.136
 0.029
-0.048
 0.696
-0.419
-1.774
-0.183
-0.207
-1.243
-1.645
-0.563
 0.407
-0.802
 0.146
 1.738
 0.818
 2.266
 1.502
 0.196
-0.351
 0.130
-1.600
-0.746
 0.566
 0.055
 0.009
-0.269
 0.316
 0.385
-1.253
 0.840
-1.070
-0.387
 0.968
-0.262
-0.079
 0.267
 0.332
-1.370
-1.428
-1.151
-0.400
-1.123
-0.892
 0.168
-0.339
-0.830
 0.647
 1.281
 1.895
 1.622
 0.924
-0.125
 0.360
 0.500
 1.760
 0.547
 1.351
-0.534
 0.384
 0.931
 0.838
 1.020
 0.509
-0.302
 0.134
 0.372
 0.543
 0.185
 2.521
 2.069
 1.597
 1.708
 0.466
 0.939
 0.821
 0.746
-0.119
 1.048
 2.378
 1.224
 0.445
-0.716
 1.374
 1.922
 0.795
-0.165
 1.478
-0.089
 0.075
 1.503
 1.406
 0.918
 0.488
 0.680
-0.338
-1.091
-0.336
-0.023
 0.052
-0.391
-0.409
 0.416
 0.152
-0.714
-0.367
-0.617
-1.337
 0.759
 0.394
 0.954
 0.281
 1.492
 0.590
-0.501
-0.292
 0.478
 0.441
 0.223
 0.238
-0.974
-0.575
 0.605
-0.945
-0.136
 0.105
-1.276
-0.407
-0.179
 1.035
 0.683
-0.024
 0.648
 0.085
 1.075
-0.066
-0.050
 0.240
 0.410
 0.348
-0.876
 0.254
-0.331
-0.364
 0.672
 0.134
-1.078
-0.537
 0.419
 1.826
 0.365
 1.287
 0.478
 0.324
 0.576
 0.123
-0.155
 0.855
 0.378
 1.533
 0.726
 1.530
 1.110
 0.169
 0.931
 1.004
 0.176
-0.408
 0.162
 0.563
-0.096
 0.139
-0.110
-0.138
-0.366
-0.739
-0.132
 0.192
-0.671
-0.352
-0.093
 1.706
 0.630
 0.945
 0.969
-0.299
 0.884
 2.039
-0.190
 0.952
-0.008
-0.406
 1.271
-0.082
-0.491
-0.212
-0.178
 0.268
 0.456
-0.400
 0.357
-1.304
 0.135
-0.513
 0.282
 0.348
 0.215
-0.066
-0.448
 0.316
 0.283
-0.353
 0.956
 1.787
 0.815
 1.114
-0.049
 0.396
-0.290
-0.033
-0.266
-0.569
 0.461
 1.609
 0.183
 1.204
 1.101
 0.054
-0.623
 0.757
 0.027
 1.629
 1.522
 1.952
 1.568
 1.103
 0.964
 1.252
-0.202
-1.069
-0.392
 1.065
 0.235
 0.730
 1.930
 1.245
 0.667
-0.383
-1.103
-0.312
-0.034
 0.588
 1.264
 1.082
 1.095
 0.525
 0.724
 0.778
 1.195
 0.567
 2.100
 1.575
 1.319
 0.881
 1.374
 1.590
 0.044
 1.324
 0.940
-0.496
 0.780
 0.987
 1.865
-0.058
 0.836
 0.554
 0.597
-0.605
-0.715
 0.505
-1.750
-0.309
-0.831
-1.299
-0.792
-0.152
-1.576
 1.236
-0.203
 0.554
-0.291
-1.271
 0.423
 0.842
 0.577
-0.602
 0.345
-0.937
-1.591
-2.371
-0.837
 1.159
-0.986
-1.026
-1.084
-0.734
-0.731
 0.188
-1.518
-0.889
-0.782
-0.304
 1.526
 0.928
 0.832
 0.001
 0.304
-1.478
-1.002
-1.154
 0.286
 2.009
 0.364
 0.628
 0.761
 0.497
 1.753
 0.294
-0.606
 0.847
 0.574
-0.402
 0.543
 0.168
 0.261
-0.861
 0.655
-0.403
 1.254
-0.477
 0.829
 0.129
 0.157
-0.736
 0.167
 0.420
 0.234
 0.469
-0.458
 0.126
 0.316
 0.308
 0.620
 0.450
-0.432
-0.362
 0.362
 0.225
-0.050
-1.227
-0.696
 0.581
-0.069
 0.482
 1.250
 1.392
-0.403
-0.412
-1.506
-1.854
-0.268
-1.287
-0.623
 0.531
-0.885
-1.129
-0.168
-2.104
-0.634
-0.227
-0.935
-0.410
-1.294
 0.382
 0.352
 1.514
-1.528
 0.173
 1.265
 0.899
-0.501
-1.138
-0.041
 1.946
 1.857
 0.188
 0.429
 0.376
 0.390
-1.111
-0.274
 0.766
 0.261
 0.094
 1.189
 1.347
-0.578
-0.059
-1.297
-0.660
-0.207
 0.847
 0.316
-0.359
-0.096
 0.377
-1.362
-1.090
-0.015
-0.867
-0.551
 0.014
 1.573
-0.049
-1.027
-0.568
 0.524
 0.154
-0.125
 1.073
-0.700
 0.801
-1.183
-0.443
 0.978
-0.672
-1.103
-0.273
 0.800
-0.744
-0.511
 0.822
-0.007
-0.412
-0.364
-0.254
-0.221
 0.331
 1.969
 1.187
-0.270
-0.731
-0.446
 1.105
-0.682
 0.767
 1.332
 0.913
 1.127
 0.506
 0.794
 0.172
-0.520
 0.098
 0.511
 2.150
 1.320
 0.322
 0.043
 0.170
-0.277
-0.985
-0.110
 1.001
-1.038
-0.377
 1.258
 1.879
 0.378
-0.885
-0.318
 1.428
 1.612
 0.925
 0.479
-1.669
-0.311
 0.079
-1.375
-2.420
-0.725
 0.396
 0.552
 1.399
-0.098
 1.033
 2.837
 0.775
 1.209
 0.601
 0.376
 1.129
 1.254
 0.613
 0.838
 0.458
-0.116
 1.179
 0.027
 0.411
 0.926
-0.236
 1.095
 1.399
 1.429
 1.032
 1.245
 0.037
 0.158
-0.029
 0.656
 1.165
-0.542
-0.949
 0.489
-0.281
 0.185
-0.939
-0.880
-0.404
-2.164
-0.425
-0.149
-0.886
-0.012
-1.102
-1.085
-0.704
-0.782
-1.395
-1.859
-0.473
-1.447
 0.018
-0.354
-0.183
-0.438
-0.276
-0.667
-0.121
 0.086
 0.588
 0.926
 0.054
-1.114
 0.489
-0.169
 0.170
 0.383
 0.689
 0.930
 0.154
 0.724
-0.059
 0.995
-0.244
 0.935
 0.935
-0.367
-0.595
-0.456
 0.527
 0.092
 0.163
-1.833
-0.879
-1.124
-0.433
 0.333
-0.108
 1.007
 1.054
-1.271
-2.163
-1.331
-1.570
-2.076
-1.229
-1.105
-0.725
-0.428
 0.368
-1.040
 0.101
 0.924
 0.611
 1.472
-0.111
-0.175
 0.348
-0.743
-1.810
-0.218
-0.321
-1.621
-0.255
-0.495
 0.062
 1.831
-0.478
 0.623
 0.839
 1.234
 1.122
-0.441
 0.145
-0.299
-1.185
-1.060
-0.259
-0.470
 0.272
 0.882
 0.844
-1.611
-1.129
 2.040
 0.417
 0.365
-0.252
-0.389
 1.835
 1.353
 0.628
-0.800
 0.302
-0.104
 0.197
-0.440
-1.806
-0.226
-1.251
-1.495
-1.454
 0.436
 0.586
-1.814
-2.628
 0.397
 0.412
-1.216
 0.544
 0.741
-1.321
-1.735
-1.199
-1.586
 0.403
-1.367
-0.539
-0.176
-0.286
 0.167
-0.060
-1.946
-0.869
-1.850
-1.688
-1.512
 0.183
-0.062
-0.262
-0.119
-0.403
-0.724
-0.858
-0.260
 0.196
 0.394
-1.179
-1.116
-0.252
 0.931
 1.119
 1.268
-0.454
 0.738
 0.361
 0.272
-0.720
 0.536
-0.668
-1.717
 0.559
 0.577
-0.009
 1.181
-0.305
-0.061
 0.829
-0.743
-2.151
-0.207
-0.431
 0.590
-0.645
 0.047
-0.170
 0.193
 0.419
-0.116
 0.201
 0.178
 0.404
 1.553
-0.478
-0.470
 0.053
-1.492
-1.901
-0.226
-0.099
 0.135
 1.106
 1.029
-1.162
 1.016
-0.686
-0.120
-0.411
 0.253
-0.266
 0.534
 0.966
 1.304
 1.334
 0.922
 0.273
 0.985
 1.000
 1.553
 0.739
 1.465
 0.489
-0.572
-0.195
-0.928
 0.040
 1.768
-0.045
 1.998
 1.689
 0.664
 1.739
 1.904
 0.434
 0.434
 0.905
 1.004
 1.681
 2.039
 2.312
 1.369
-0.386
 0.711
 0.418
 1.102
 1.720
 1.830
 1.472
 1.110
 1.564
 1.239
 1.429
 0.497
 0.969
 1.641
-0.464
 0.808
 0.918
 1.370
 0.916
 1.327
 1.261
 1.067
 1.403
 1.370
-0.026
 0.306
-0.720
-0.912
 0.623
-1.363
 1.750
 1.474
-0.198
-0.179
 0.811
 0.794
 0.083
 0.101
 1.659
 0.314
 3.135
 2.954
-0.339
 0.607
 0.030
 1.061
 1.003
 0.482
-0.472
-1.249
 0.161
 1.018
 0.097
 0.790
 0.082
 1.067
 1.846
 0.571
 0.764
 0.098
 0.799
-0.411
-0.361
-1.172
-0.517
-0.657
 0.345
 0.290
 0.787
 0.279
 1.673
 0.080
-0.358
-0.130
-1.260
-0.381
-0.570
-0.315
 0.368
 0.588
 0.312
 0.202
-0.758
 0.239
 0.219
 1.434
 0.197
 0.539
 1.014
-0.637
 0.574
 0.100
-0.383
-1.573
-1.101
-0.153
-1.084
-1.834
-1.218
-0.763
 0.006
-1.088
-1.927
-0.573
-0.609
-1.686
-1.477
-0.691
 0.407
-0.756
-0.931
 0.115
-0.571
-1.527
-1.258
 0.137
-0.207
-0.643
-0.984
-1.500
 0.668
-1.064
-1.140
-1.152
-1.037
-0.911
-1.309
-0.550
 0.156
 0.375
-0.358
-2.186
-2.249
-0.434
 0.746
 0.295
-0.142
-0.881
-0.582
-0.398
-0.330
-0.111
-0.741
-0.938
-1.401
-1.316
-0.305
-2.081
-0.890
-1.054
-2.212
-0.715
 0.535
 0.625
 1.539
-1.254
-0.809
-0.964
-0.367
-0.708
-0.518
-0.252
 1.160
-0.469
-0.781
-0.031
-1.131
-0.097
-0.680
 0.133
 0.356
 0.673
-0.750
-0.578
 0.733
-1.192
-1.577
-0.053
-0.929
-0.684
 0.119
-0.153
-0.123
-0.246
 0.608
 0.758
-0.279
-0.168
 1.308
 1.131
-0.576
-1.455
-1.346
-1.817
-2.348
-0.828
-1.340
-0.288
-0.606
-1.010
 0.104
-1.806
-2.038
 0.230
 0.412
 0.924
 1.151
 0.226
 1.188
 1.038
-0.369
 0.394
 0.769
 1.369
 0.677
 1.106
 0.834
 1.290
 0.904
 1.233
 0.602
 1.268
 0.793
-0.453
-0.733
-0.871
-0.315
-0.405
-1.335
-0.070
-0.516
 0.184
 0.739
 0.073
-0.447
 1.230
 1.819
 0.182
 0.643
 0.851
-1.749
-0.431
 0.938
 0.683
-0.576
 0.156
 0.335
-0.368
 0.860
 0.953
-0.268
-0.236
-0.662
-0.507
 0.707
-0.546
 0.012
 0.142
 1.540
 2.300
 1.955
 0.862
 1.108
 0.750
 2.325
 1.425
 0.375
 0.549
 0.329
 0.050
 0.139
 2.729
 1.670
 1.122
-0.850
-0.818
 0.632
 0.600
-1.075
-0.053
 2.407
 1.687
 0.805
 0.097
 0.435
 1.814
 1.424
-0.944
 1.178
-0.743
-0.611
-0.637
-1.106
-1.205
-2.418
-2.266
-0.280
 0.090
-0.019
-1.838
 0.492
-0.158
-1.940
-1.653
-0.763
-0.115
 0.027
-0.178
-0.880
-0.176
-0.763
-1.438
 0.198
-1.936
-1.165
-1.690
-0.931
-1.238
-1.160
 1.179
 0.797
 0.465
 0.510
-0.532
 0.986
 1.169
 0.620
 1.101
-0.199
 0.436
-0.032
-0.211
-1.301
 0.901
-0.275
-1.161
-0.399
 0.038
-0.965
 0.157
-0.384
 1.090
-1.143
-0.427
-0.068
 0.199
-1.079
 0.290
-1.122
-1.481
-1.537
-0.185
-0.646
-0.844
-0.259
-0.606
-0.120
-0.338
-1.052
-0.509
-0.557
-1.471
-0.994
-0.311
-1.449
-2.483
-1.768
-1.023
-1.096
-0.712
-0.152
-0.830
 0.089
-0.222
 0.633
-0.965
 0.528
-0.174
-0.240
-0.425
-0.554
-1.986
-0.275
-1.789
-0.822
-1.592
-0.697
-0.014
 0.184
 0.854
 1.378
 1.214
 0.680
-0.842
-0.163
-0.395
-0.417
 0.527
-1.903
-0.598
-1.781
-0.692
-1.363
 0.703
-0.605
-0.323
-1.168
-1.076
-0.768
-1.049
-1.139
-0.121
-1.337
-2.487
 0.555
-2.443
-0.375
-0.319
-0.221
 0.543
 0.007
-0.441
 0.241
-0.816
-1.160
 0.192
-0.732
-0.132
-0.740
-0.678
 1.091
 0.097
-0.051
-0.176
-0.558
-0.672
-1.499
-0.029
-0.695
-1.254
-1.719
-1.531
-0.579
-1.275
 0.878
-0.154
 0.511
 0.852
-0.712
-0.709
-1.309
 0.526
 0.788
 1.169
 1.081
-0.194
-2.313
 0.013
 0.137
-0.538
 1.360
 0.118
 0.028
 0.588
-0.516
 0.500
-0.588
-1.683
-0.780
-0.392
-0.757
-0.834
-0.643
-0.505
-0.448
-0.864
-1.449
-1.641
-2.170
-0.877
-0.408
-0.580
-1.701
-2.704
-0.680
-0.635
-0.018
 0.166
-0.365
-0.500
-0.584
 0.500
 0.709
 0.927
-1.671
-1.390
 0.287
 0.240
 1.031
-0.467
-1.116
-0.500
 0.277
-0.756
-1.470
 0.869
 1.519
 0.388
 1.125
-0.426
 0.505
-1.221
-2.517
-1.200
-0.525
-2.303
-0.980
-1.375
-2.011
-1.207
-0.852
-1.157
-1.872
 0.346
-1.374
 0.189
-0.898
-0.479
-0.886
 0.335
-0.697
-0.742
 1.510
 1.548
 0.527
 1.378
 0.935
 0.893
 0.832
-0.032
 0.239
 1.028
-0.313
 0.475
-0.406
-0.674
-0.998
-1.104
-1.459
-0.108
 1.425
 0.343
 1.085
 0.484
-1.249
-0.559
 1.280
 0.548
 0.548
-0.157
-0.234
 0.062
 0.460
-0.031
-0.680
 0.116
 0.270
 0.333
 0.860
 0.611
-0.492
 0.669
 1.152
 0.277
 2.062
 0.565
 0.470
 1.672
 1.621
-0.004
 0.394
-0.300
-0.955
 0.083
 0.913
 0.232
 0.445
 0.164
-0.818
-0.789
-0.138
-0.392
 0.672
 0.728
-2.364
-1.117
-0.640
-1.291
-0.658
-0.180
-1.336
 1.012
-0.177
-0.939
 0.122
 0.004
 0.221
 0.943
 1.419
-1.385
 0.002
 0.018
 0.862
 0.908
-0.252
-0.021
 0.438
 0.019
-0.861
 0.177
-1.103
-0.845
-1.999
-0.908
-2.066
-1.430
-2.176
-1.341
-2.231
-1.942
-0.517
-2.210
-0.423
 0.507
-0.065
-0.212
-1.130
-1.794
 0.384
-2.605
-2.021
 0.267
-0.695
-0.650
 0.566
-0.316
-0.135
 0.138
-0.203
 1.646
 1.036
-0.137
 0.787
-0.092
-1.055
-0.492
-0.875
-1.616
-1.108
-1.961
-1.385
-0.818
-0.383
-1.381
-0.820
-1.177
-2.282
-2.261
-1.424
-0.169
-0.349
-0.860
-2.315
-1.531
 1.100
 0.002
 0.673
 0.531
-0.384
-1.224
-0.558
-0.979
 0.678
-1.319
-0.238
-0.800
-0.396
 0.459
 0.847
-0.240
 0.790
-0.442
 0.362
 0.501
 0.186
 0.101
-0.697
 0.312
 1.711
 0.226
-0.808
-0.517
 0.974
 1.684
 2.147
 1.230
 1.181
 0.234
 0.959
 0.856
-1.012
-0.470
 0.260
 0.739
 1.716
-0.788
-1.511
-0.962
-1.846
 0.372
-1.390
 0.063
 1.497
 0.407
 1.195
 1.290
 0.362
-1.371
 0.084
 1.062
 1.172
 0.326
 1.802
 1.523
 0.654
 0.000
 1.022
-0.810
-1.283
-0.847
-0.341
 0.005
-0.656
-0.091
 0.196
-1.774
 0.093
-0.027
 1.419
 2.026
 0.002
 0.312
-1.813
-0.507
 0.702
 0.788
 0.049
-1.109
-1.009
-0.274
-0.850
-0.561
-0.476
 0.718
-0.547
 0.993
 0.102
-0.144
-0.476
-0.284
 1.385
 0.546
-0.197
-2.063
-0.630
 0.529
 0.278
 0.551
 0.226
 0.039
 1.447
-0.089
 0.198
 1.073
 1.926
 0.500
-0.486
 0.021
 0.439
 1.268
-0.691
-0.037
 0.144
 0.154
-0.460
-0.026
 0.886
 0.487
 1.132
 0.088
-0.520
-0.100
 1.261
 0.253
 0.350
 0.971
 1.069
 0.973
 0.128
-0.650
 0.135
 0.582
 0.966
 0.186
-0.560
 0.288
 1.333
-1.362
-0.066
-0.257
 2.466
 1.995
-1.115
 3.254
 0.870
 0.455
 0.261
 1.079
 2.498
 0.358
 1.514
-1.579
-0.607
 0.412
-1.950
-0.618
 0.029
 0.893
-0.282
-0.192
 0.518
 0.053
-0.411
 0.296
-0.665
-0.740
-2.085
 0.235
-0.288
-1.172
-1.146
-0.260
-0.021
 0.544
 0.243
 1.061
 0.552
 0.571
 0.255
 0.802
-0.722
 0.026
-0.941
-1.578
-0.809
-1.560
-0.683
-0.393
 0.830
 0.114
-0.347
 0.250
-0.079
 0.247
 0.559
 0.292
 0.984
 0.404
-0.084
 1.005
 0.115
 1.073
 0.487
 0.386
 0.105
-0.572
-1.802
-1.685
-1.219
-0.408
-0.596
 0.886
 0.259
 0.134
 0.194
 1.305
 0.151
 1.482
 0.599
 0.703
-0.660
-0.678
-1.215
-0.952
 0.148
 1.129
 2.468
 0.498
 0.953
-0.771
-0.868
-1.092
-0.058
 1.316
 0.652
 0.758
 0.036
-0.749
 0.344
 0.642
-0.865
-0.631
-0.736
-0.416
-0.154
 0.298
 0.478
 0.190
 0.074
 0.814
 0.435
-0.680
-0.109
 0.247
 0.528
-1.668
-1.261
 0.284
 0.265
-0.427
 0.359
-1.433
-0.185
-1.033
 0.520
-0.858
-0.028
 0.304
 1.371
 1.243
 0.076
 1.678
 0.145
 0.065
-0.086
-0.537
 0.718
 1.667
 0.246
 1.742
 0.216
 1.611
 0.567
 0.367
 2.068
 1.408
-0.214
-0.899
-0.941
 0.617
 1.600
 1.514
 1.035
 0.478
-0.342
-0.208
 0.936
 1.694
 1.742
 1.504
 1.344
 0.152
-0.352
 0.473
 0.604
 0.356
 0.857
 1.300
 0.585
 0.834
 0.188
 0.709
 1.617
 1.068
 0.908
 1.513
 1.748
 1.130
 0.567
-0.336
 0.186
 0.175
-0.272
 2.080
 1.730
 1.197
-0.511
-0.164
 0.921
 1.150
-0.106
 0.461
-1.145
 0.729
 0.594
 0.082
 1.012
 0.549
 0.563
-0.248
-0.359
-0.782
-0.801
-0.570
 0.059
-0.394
-0.011
 0.361
 0.519
-0.536
 1.386
 0.364
 0.224
 2.043
 1.609
 0.652
-1.162
 0.420
 0.615
 0.923
 0.026
 0.170
-1.806
-1.724
 0.547
-0.119
-0.934
-0.312
 0.817
 1.208
 0.740
 1.046
 1.363
 1.818
 1.553
 0.989
 2.083
 1.626
 1.064
-0.333
 0.594
 1.568
-0.105
 1.706
 1.147
 1.122
 0.558
-1.810
-0.793
-2.842
 1.040
-0.281
-0.264
 0.847
 2.071
-1.081
 1.315
 0.793
 0.767
 1.155
 1.572
 0.635
-0.250
 0.727
 0.424
 1.262
 0.197
-0.064
 0.362
 0.624
-0.097
-0.249
-0.271
 0.553
-0.013
 1.138
 0.907
 0.556
 0.375
 0.362
 0.889
-0.354
 1.927
 1.324
 2.513
 2.197
 1.240
 1.768
-0.431
 0.275
 1.286
-0.446
-1.016
 0.441
 0.492
 0.254
 0.316
 0.526
-0.779
-0.216
-0.680
-0.759
-1.104
-0.195
 0.132
-1.482
 0.701
 0.556
-0.366
 0.148
-0.666
 0.773
 0.893
 0.481
 0.691
 0.266
 0.099
-0.364
-0.639
 0.254
 1.128
 0.267
-0.199
-0.484
 1.002
 1.795
 1.172
 0.873
-1.142
 0.419
-0.049
-0.157
 0.115
 0.972
 1.045
 1.085
 1.082
-0.064
 0.775
 2.093
 2.913
 0.183
 1.248
 0.576
-0.752
-0.823
-0.790
-0.357
 1.202
-0.023
-1.656
-0.734
-1.013
 1.076
 0.705
-0.867
 1.763
 1.061
-0.246
-0.229
-0.889
 0.600
 1.102
 2.360
 1.867
 0.669
 0.175
 0.941
 1.398
 0.093
-0.135
-0.278
 0.241
 0.273
-0.876
-0.795
 0.431
-1.285
 1.004
 1.918
 0.805
 0.005
 0.637
-0.024
 0.702
 1.594
 1.573
 1.216
-0.149
-0.546
 3.369
 1.346
 0.871
 0.521
 0.208
-0.205
-0.301
-1.067
 1.111
 2.789
 0.970
 0.355
 1.372
 1.693
 1.569
 2.318
 1.826
-0.605
-0.955
 0.325
 2.115
 1.989
 0.454
 0.315
-0.028
 1.060
-0.297
-0.530
-0.942
-0.852
 0.556
-0.342
-0.584
-0.590
 0.293
 0.170
-0.031
 0.812
 0.753
-0.409
-0.211
 0.630
 0.452
 1.287
 1.043
 1.283
-0.558
-0.924
-1.392
 0.094
-0.592
 0.260
-0.345
-2.387
 0.119
-0.116
-0.576
 0.185
 0.297
 0.721
-0.449
 0.172
 0.010
 1.350
-0.848
-1.557
-0.063
 0.368
-1.017
-1.134
-1.050
-1.967
-1.022
-0.636
-1.264
-0.238
-0.322
-0.824
-0.266
-0.560
-0.565
-0.901
 0.468
-0.252
-0.118
-1.745
-1.733
 0.601
-2.140
-1.609
-1.106
-0.149
-1.868
-1.103
-0.845
-0.115
-0.030
-0.484
 0.144
 1.791
 0.520
-0.010
-0.029
-2.071
-1.023
 1.106
-0.380
 0.167
-1.308
-0.576
 0.584
 1.427
-0.573
 0.148
-0.598
-1.175
-0.140
 0.403
-0.747
-0.446
 1.040
 1.103
 0.299
 0.496
 0.064
-0.345
 0.005
-0.178
-0.578
 0.740
 0.852
 0.031
-0.063
-0.245
-0.320
 0.108
 1.816
 1.418
 1.410
-0.372
 1.239
 0.187
-0.832
 1.151
-0.312
 0.922
 0.600
 0.524
 3.290
 2.876
 1.160
-0.077
 0.506
-1.013
 0.533
-1.155
-1.276
-0.358
 0.040
 0.343
 0.819
-0.422
 0.321
 1.614
-0.255
 1.037
-0.325
-1.250
 0.338
-0.572
-0.859
-0.468
-0.637
-1.062
-0.442
 1.026
 0.900
 0.666
 0.747
 0.386
 0.914
-0.467
-0.071
-0.189
-0.574
-0.714
 1.120
-1.119
 0.285
-1.446
 0.452
 0.431
 0.391
-0.442
-0.343
-0.404
-1.538
-0.175
 0.843
 0.374
-0.556
-1.246
 0.006
-0.008
 0.584
-0.511
-0.807
 0.545
 0.370
-0.445
-0.130
-0.070
-0.003
-0.213
 0.526
-0.392
-0.074
-0.491
 0.836
-0.328
-0.571
 0.859
 0.821
-0.616
 1.222
 1.966
-0.147
-0.030
-1.404
-1.338
-0.891
 1.032
-0.967
-0.367
 0.386
-1.568
-0.352
-0.238
-0.598
 0.252
 1.606
 0.798
-0.007
 0.246
 1.176
-1.658
 0.082
 2.360
 0.301
 0.118
 0.008
 0.753
 1.214
 0.281
 0.547
 1.161
 0.005
 0.325
-0.149
 1.420
 0.665
-0.356
-1.778
-2.457
-1.181
-0.882
-2.083
-1.705
-1.792
-0.232
 0.619
 0.390
-1.192
-0.705
-0.582
-0.950
 0.226
-0.075
-0.049
-2.473
-1.259
-0.415
-0.222
-0.365
-1.255
 0.383
-0.466
-0.284
-0.564
-0.551
-0.709
 0.689
 0.430
-0.742
-0.220
-0.802
-1.670
-1.477
 0.097
-1.004
 0.877
-0.192
 0.416
-0.874
 0.731
 0.158
-1.703
 1.032
 1.464
 1.490
-0.136
 1.224
 1.172
-0.752
-0.448
-0.906
 0.491
 0.153
-0.188
 0.326
 0.910
-1.238
-2.082
-0.671
 0.416
-0.356
-0.734
-0.796
-0.416
-0.549
-0.228
-0.349
-0.475
-1.310
-1.037
-1.177
-0.372
 0.003
 0.031
-1.449
-1.772
-2.035
-1.386
-1.125
-0.894
-1.425
-2.201
-1.077
 0.195
-0.015
-0.038
-1.066
-0.717
 1.476
 0.709
-1.434
-0.700
-0.062
 0.600
 0.246
-0.834
 1.083
 0.176
 0.117
-0.428
-1.768
-2.092
-1.866
-1.198
-0.981
-1.199
-1.669
-0.485
 0.456
 1.124
-0.094
 0.224
-0.095
-1.273
-0.399
-0.618
-0.237
-0.283
 0.305
 0.517
-0.023
-1.156
-1.540
 0.013
-0.068
 0.342
-0.865
 0.469
-0.271
-0.508
 0.261
-0.137
 1.563
 0.548
 0.563
 1.186
 0.153
-0.678
-0.758
-1.685
-0.628
-0.608
-1.513
-0.882
-0.004
-0.600
-2.328
 0.654
 1.739
 0.215
-0.487
-1.545
-1.558
-0.318
 0.930
-1.276
 0.181
 0.293
-1.130
-0.376
 0.697
 1.640
 0.989
 0.249
 1.090
 1.454
-0.769
-0.545
-0.635
 0.480
 0.077
 1.617
 0.085
-0.588
-0.116
 0.564
-2.143
-0.429
 0.752
 1.105
 0.090
-1.647
-0.581
-0.537
-1.377
-2.965
-1.052
-0.677
-0.810
-0.573
-1.256
-0.543
 0.652
 0.072
-0.386
 0.032
 0.225
-0.148
 0.540
 0.583
 1.075
 1.092
-0.277
-0.214
 0.687
 0.075
 0.268
 0.524
-0.454
-1.234
-1.725
 1.811
 0.230
-0.147
 1.591
 0.422
-0.521
 0.539
 0.026
 0.145
 0.627
 0.542
 0.040
-1.099
-0.638
-1.077
-1.138
 0.536
 0.501
 0.283
 1.242
 0.139
-0.244
 1.364
 1.979
 0.611
 0.485
-0.232
 0.476
-0.296
 2.154
 0.064
-0.720
-1.082
-1.025
 0.540
 0.793
 1.531
-0.122
-1.204
-0.459
 0.165
-0.026
 1.551
-0.649
-0.323
-1.385
-1.101
 0.591
-1.067
 0.446
 0.263
 1.331
-0.118
-0.216
-1.186
 0.235
 0.049
-0.336
 0.981
 0.614
 0.818
 0.349
 0.843
-0.430
-0.147
 0.506
-1.114
-0.863
-0.026
-0.851
-0.066
 0.381
 1.110
-0.416
-0.817
 1.512
-0.050
 0.005
-0.901
 0.255
-0.986
 1.088
 1.212
 0.465
-0.220
 0.058
 1.092
 1.518
 0.900
 0.208
 0.020
 0.556
 0.917
-0.042
 0.150
 0.145
-0.584
 1.767
 0.110
 0.041
-0.796
-0.581
-0.327
-0.499
-1.129
 0.433
-0.092
 0.464
 1.434
 0.683
 1.015
 0.502
 0.072
 0.855
 0.236
 1.445
 1.275
 1.875
 0.253
 0.655
 0.867
 2.168
 1.463
 1.055
-0.198
 1.044
 0.777
 0.281
-1.443
-0.179
 0.032
 0.290
 1.673
 1.285
 0.743
 0.582
-0.020
-0.017
-0.158
 0.206
 1.455
 0.913
 1.262
 0.928
-1.084
-0.739
-0.184
 0.998
-0.269
-0.115
 1.231
 0.558
 1.117
-0.443
 0.158
 1.611
 0.360
-0.729
 0.158
 0.815
 0.729
 0.221
 0.714
 0.812
 0.415
 0.182
 0.385
 1.051
 0.552
 1.776
 1.896
 1.519
 1.869
 1.221
 1.042
 0.942
 0.159
-0.384
 0.510
 1.633
 0.359
-0.933
 1.048
 0.442
 0.550
 1.627
-0.159
-0.285
 0.196
 0.059
 1.446
-0.116
-0.505
-1.085
-0.286
 0.132
-0.775
 1.287
 0.995
-0.859
-0.690
-0.832
 0.268
 0.140
 0.178
 1.474
 1.269
 1.241
-1.087
-0.129
 0.520
 1.608
 0.432
 1.539
-0.981
-1.241
-0.008
-1.430
-1.775
-1.200
-1.794
-0.877
-1.270
-0.469
 0.736
-0.260
-0.057
-0.705
 0.022
-0.047
-0.476
-0.776
-2.579
-0.614
-1.221
-1.804
-1.956
-1.109
-1.065
-1.610
-1.374
-2.127
 0.649
-0.494
-1.223
-0.849
-0.748
-0.110
-1.223
-0.490
 0.635
-0.344
-0.401
-0.973
 0.878
-0.660
-1.493
-0.318
-0.968
-1.148
-0.787
-0.821
-2.797
-0.651
 0.637
-0.278
-0.218
-0.740
-1.564
-0.357
-0.732
-0.061
 0.771
-0.631
-1.182
-0.514
-0.745
-0.788
 0.951
 0.620
-0.034
 0.675
-1.470
-1.585
-1.495
-1.846
-2.375
-2.377
-0.099
 0.401
-1.910
-3.411
-1.207
-1.168
-0.778
-1.329
-1.266
-0.645
 0.344
-0.208
 0.156
 0.282
 1.265
 1.058
 0.822
 0.561
-0.670
 0.290
-0.511
 0.145
-0.607
 0.204
 0.827
 1.102
 1.860
 0.817
 1.096
 1.089
 0.565
 2.278
 3.114
 1.606
 1.132
 1.352
 0.541
-0.481
 0.794
 1.431
 1.176
 0.804
 0.544
 0.111
 0.874
 1.156
 1.015
 1.121
 0.552
-1.657
 0.542
 0.492
-0.424
 0.299
-0.598
 0.202
 0.266
 0.231
 0.448
 0.138
 0.514
-0.671
-0.305
-0.812
 0.071
 0.607
 0.115
 0.133
-1.569
-0.718
-1.039
-0.237
-1.072
-2.299
-0.453
-1.758
-0.844
 0.402
 0.042
-1.191
 0.571
 0.850
 0.420
-1.619
-2.056
-0.268
 0.418
 0.323
-1.217
-0.566
-0.067
 0.897
-0.649
-1.196
 0.569
-0.319
-0.183
-0.860
 0.588
-1.279
-1.793
-0.201
-1.005
 0.008
-0.048
-0.515
-1.059
-1.105
-1.596
-0.617
-0.073
-1.555
-1.056
-0.355
 0.541
 0.642
 0.178
-1.461
-0.473
-0.092
 1.052
 1.603
 0.643
-0.247
-1.276
-0.322
 0.199
-0.140
 0.392
-1.411
 1.342
-0.168
-0.629
-0.235
-0.350
 0.724
-0.069
 0.194
 1.411
 0.296
 0.133
-0.995
 0.451
 0.882
 0.328
-0.447
-1.140
-0.114
 1.474
 0.860
-0.469
 0.223
 1.841
 0.624
-0.591
-1.162
-0.704
-1.043
-1.084
 0.094
 1.841
 1.309
 1.818
 1.526
 0.054
-0.092
 0.235
 0.109
-0.327
-0.811
 1.311
 1.532
-0.684
 0.486
 0.396
-1.451
-1.107
 0.408
 0.386
 1.328
 1.070
 1.469
 1.260
-0.563
-1.744
 0.010
 0.591
 0.479
-0.942
-2.150
-1.287
 1.769
-0.286
 1.885
-0.112
 0.653
 0.370
 0.468
-0.475
-0.055
 0.978
-0.061
-0.510
 0.620
 0.065
 0.780
-0.761
-1.112
 0.042
-0.402
-0.268
-1.157
 1.372
 0.636
 0.802
 0.825
 0.239
 0.697
 0.921
 0.154
 1.495
 1.052
 0.829
 1.755
 1.421
-0.252
 0.557
 0.540
 0.532
-0.374
-0.412
-1.446
 0.488
 0.492
 1.169
 1.344
 1.083
 0.157
 0.830
 0.534
 1.271
 0.392
 1.425
-0.114
 0.975
 0.376
 0.031
 0.543
 0.177
-0.464
 0.811
 1.032
-0.129
 1.116
 0.127
 1.636
 0.741
-1.373
-0.373
-0.107
-0.291
 0.764
 0.394
-1.005
 0.487
 0.834
-0.608
-0.529
 0.554
 1.935
 0.164
 0.816
 1.290
 1.637
-0.330
-0.671
-2.509
-0.762
 0.834
 1.027
 0.079
 0.243
 0.577
-1.618
-0.376
-0.682
 0.045
-1.045
-0.400
-0.680
 0.040
-0.347
 0.742
 0.156
-0.949
 0.907
 0.230
 0.995
-0.643
-0.082
 0.115
 0.762
 1.395
 0.170
-0.338
 0.749
 0.372
 1.272
 0.042
-1.343
-2.104
-1.378
-0.065
-0.410
 0.284
-0.199
-0.585
-1.591
-0.603
-0.075
-0.987
 0.750
-0.529
 0.384
-0.590
 0.754
 0.247
-0.168
 1.043
 0.102
-0.066
-0.492
 0.631
-1.046
 0.073
 0.421
-1.842
-0.228
-1.521
-0.850
 1.069
 0.021
 0.142
 0.054
 0.148
 0.128
 1.450
 0.413
 0.585
 1.110
 0.969
-0.527
-1.315
-0.236
 0.734
-0.605
 0.439
 0.428
-1.087
 0.463
-1.296
-0.327
-2.062
-2.541
 0.138
-0.475
-1.162
-1.612
-0.839
-1.370
-0.732
-1.485
-0.663
 0.028
-1.650
-1.129
-1.004
 0.042
-0.916
-0.503
-0.721
 0.323
 1.319
-0.715
-0.649
-0.272
 0.500
 1.570
 0.997
 0.301
 1.687
 1.103
 0.331
 0.869
 1.422
 0.449
-1.562
 0.015
 0.554
-0.060
 1.157
-0.106
 0.670
-1.855
 0.247
 0.393
-0.060
 0.036
 1.004
 0.155
-0.236
-0.152
 1.807
 0.811
 1.016
 0.886
 1.364
-0.883
 0.682
 0.038
 0.259
 1.221
 0.318
-0.745
 0.476
 1.078
 0.079
-0.476
-0.166
-0.244
 0.530
-1.204
-0.804
 0.633
 1.366
 0.248
-1.225
 0.517
-1.070
-0.235
-0.408
 0.529
 0.991
-0.663
 0.426
 0.369
 1.132
 1.148
 0.567
 1.602
 0.344
-0.312
-0.551
-0.190
-1.101
-0.650
-1.860
 0.856
 0.604
 1.453
 1.259
-0.497
-0.043
-0.070
-0.886
-1.606
-0.972
 0.939
 1.688
 1.159
-0.802
-0.277
 0.750
-0.552
-0.959
 0.212
 0.639
 0.373
-1.157
 2.001
 1.052
 0.776
 0.262
-0.278
-0.280
-0.758
 0.306
-0.685
 0.394
 0.728
-0.718
-0.815
 1.681
 0.274
 1.067
 1.362
 0.682
 0.113
 0.373
-1.071
-2.245
-1.225
-0.122
 0.495
 0.515
 0.668
-2.410
-0.535
-0.539
-0.078
 0.669
-0.603
-0.220
-1.288
-0.374
-0.247
-1.849
-1.309
-1.664
-0.345
-0.035
 1.482
 2.283
 1.380
 0.157
-0.460
 1.042
 0.118
 1.235
 1.904
 0.923
 0.625
-1.416
 1.749
 0.701
-1.023
-0.239
-1.721
 1.173
 2.404
 0.050
 1.822
-1.128
 0.879
 0.168
 0.727
 0.229
 2.173
-0.603
-0.342
-0.348
-0.384
 0.285
 0.737
 0.217
 0.274
 0.709
 0.946
 0.429
 1.219
-0.838
 0.008
 0.945
 1.350
 1.642
 0.414
 0.764
-1.059
-0.006
 0.283
 0.752
 0.083
-0.259
 0.157
 0.522
 1.418
-0.045
-0.683
-1.181
 0.429
 1.131
 1.201
-0.277
-0.763
 0.623
-0.689
 1.769
 1.246
 0.520
-0.024
 0.497
 1.360
 0.833
 0.697
 0.697
 0.891
 1.285
 1.813
 1.492
 1.185
 0.050
 0.791
 0.481
 1.261
 1.684
 1.218
-0.462
-0.810
-1.639
 0.359
 0.041
 1.238
 0.381
 1.406
 0.430
-0.756
 0.521
-0.605
-0.484
 1.220
 1.121
 2.298
-0.038
 1.456
 0.790
 0.714
 0.282
 1.196
 0.807
 0.117
-0.706
-1.446
-0.120
-1.156
 1.113
 1.077
 2.747
 1.051
-0.656
 0.176
-0.871
 0.772
 0.698
 0.284
 0.586
-0.207
 0.344
 0.299
-0.169
 1.072
-0.891
 0.367
-0.180
-0.391
-0.346
-0.938
-0.992
 0.180
-0.649
 0.587
 0.680
 0.076
-0.483
 0.755
-0.183
 0.218
 1.050
 0.697
 1.588
-0.078
 0.109
-0.603
 0.134
 1.051
 0.413
 1.394
 0.136
 0.876
-0.002
 1.244
 0.295
 0.600
-0.351
-1.797
-1.453
-1.331
 0.084
 0.685
 0.741
-0.302
 0.353
 0.303
-0.238
-0.152
-0.697
-1.271
-0.015
 0.027
-1.569
-0.798
-2.217
-1.733
-2.384
-1.142
 0.862
 0.240
 0.310
 0.113
-0.592
 0.625
 0.949
 0.041
 0.704
-0.364
 0.469
 0.904
 0.279
 0.076
 0.637
 0.440
 1.117
 0.621
 0.125
 0.374
 1.001
 0.385
 0.216
-0.098
 1.407
-0.253
 0.049
-0.922
-1.833
-0.511
 0.511
 0.022
 0.836
 0.520
 1.129
 1.189
 0.930
 0.338
 1.594
 1.096
-0.226
 0.070
-0.449
 0.072
 0.158
-0.911
-2.188
-2.701
-0.593
-0.885
-0.715
 0.214
-0.165
-1.868
-1.246
-1.277
-0.634
-1.116
-1.196
-1.459
-0.299
-0.687
-0.340
-1.042
-0.462
-0.416
-0.409
 0.367
-2.017
-1.954
-0.115
-0.324
-1.510
-0.285
-2.149
-0.438
-0.448
 0.467
 0.442
-0.406
-0.528
 0.494
 1.133
 2.062
 0.221
 0.861
-0.856
-0.821
 0.001
 1.184
 0.721
 0.747
-0.651
-1.649
-0.629
 0.841
-0.225
 0.598
 0.207
-0.268
 1.788
 0.604
 0.923
 1.498
-0.080
 1.945
 2.398
 1.760
 2.582
 0.993
 2.045
 1.504
 0.962
 1.309
 1.556
 1.950
 1.597
 0.717
 0.702
 0.638
-0.300
 1.267
 0.910
 0.743
 0.199
-1.168
 0.133
 0.270
-1.058
-0.990
 0.837
 0.381
 1.117
 0.554
-1.041
 0.552
 1.493
 1.690
 1.484
 0.601
-0.398
-0.220
 1.033
-0.359
-0.242
 0.618
 1.406
-0.202
-0.895
 0.653
 0.925
 0.203
 0.058
-0.482
-0.288
-0.587
-0.186
-0.063
-1.862
-1.070
-0.664
 0.014
 0.402
-1.007
 0.020
 0.143
-0.654
-1.424
-1.730
-0.875
 0.295
 0.462
 1.216
 0.760
 0.641
 0.612
-0.320
 0.648
-0.738
 0.256
 1.271
 1.257
 1.329
 0.340
-0.379
-0.287
-1.084
-0.511
 0.773
-0.805
 0.464
 1.445
 1.416
 0.159
 0.226
 0.021
-0.590
 0.361
-0.264
 0.441
 0.986
 0.755
-1.453
-0.243
 0.228
 0.738
-0.118
-0.152
-1.245
-0.319
-1.334
-0.195
-0.144
-0.303
 0.502
 0.901
-0.956
-1.730
-0.450
-1.056
 0.963
 0.188
 0.363
-0.884
-1.575
-0.352
-1.078
-1.648
-0.423
 0.134
 0.954
-0.993
 2.015
 1.591
 0.704
 0.957
 0.735
 1.182
 1.256
-0.957
-0.536
-0.546
 0.552
 0.765
 1.123
 1.445
-0.880
-0.384
 1.141
-0.550
-0.611
 0.865
-0.601
-0.054
 0.398
 0.555
 0.647
-0.844
-0.808
-0.051
 0.458
-0.899
-0.456
 0.600
 0.196
-1.041
-0.048
 1.204
 1.202
 1.020
-0.081
 1.349
-0.068
-0.715
-1.582
-0.930
 0.774
-0.192
 0.380
-0.418
-0.033
 0.379
-2.230
-0.625
 1.165
 1.217
 0.702
 1.042
 1.518
 0.646
-0.200
-1.573
 0.924
-0.224
 0.904
 0.665
 0.333
-0.212
-0.023
-0.135
 1.628
 2.628
 0.452
 0.202
 0.518
-1.531
-0.506
-0.596
 0.224
 0.602
 0.489
-0.597
-0.784
-2.083
-1.981
-2.806
-2.354
-2.534
-0.503
-2.503
-1.547
-0.795
 1.609
 0.013
-0.325
-0.084
-0.688
 0.610
 0.449
 1.680
 0.100
 0.397
-0.841
 0.338
 0.112
-0.950
-0.319
-0.218
 0.674
-0.335
 0.479
 0.419
-0.475
-0.965
-0.843
 0.132
-0.285
 0.638
-0.313
-0.983
-0.750
 1.126
-0.207
-0.324
-1.190
-1.066
-1.498
-2.277
 0.237
-0.376
-1.347
-0.702
-0.018
-0.056
-0.262
-0.173
-0.828
-1.561
-0.082
-1.689
-0.511
-0.071
-0.075
-0.095
 0.333
-0.155
 0.595
 0.140
-0.635
-0.713
 0.852
 0.161
-1.164
-2.148
-1.124
-0.759
 0.080
 0.880
-0.439
 0.430
-0.627
-0.342
 0.204
-0.533
-0.912
 0.024
-1.646
-1.954
 0.029
 0.076
 0.125
-0.182
-0.626
-0.798
-0.768
-1.036
-0.271
-0.419
-0.441
-0.464
-0.824
-1.389
-0.089
-0.862
-1.065
-2.170
-2.782
-1.505
-0.891
-0.347
-0.590
-1.701
-1.625
-0.561
-1.321
-1.382
-1.100
-1.574
-0.637
-0.417
 1.040
 0.858
 0.304
-0.137
-0.482
-0.805
-0.505
 0.022
 0.951
 0.637
 0.261
 0.875
-0.257
-0.657
 0.106
 0.313
-0.392
-0.542
-2.742
-1.500
-2.421
-1.208
-1.137
-1.111
-0.506
-1.311
-0.080
 0.120
-0.554
-0.575
 0.069
 0.425
 1.128
-0.315
-0.596
-2.109
-1.602
-0.311
 0.511
 0.603
 0.702
-0.926
-0.593
-2.391
-0.453
-0.077
-0.553
-0.378
 0.624
-1.054
-0.356
-0.540
 0.101
 1.081
-0.922
 0.393
 0.075
-2.204
-0.681
-1.078
-0.784
-2.092
-1.194
-0.589
 0.336
-0.417
-0.363
-0.650
-1.514
 0.961
 0.888
 0.277
 1.533
 0.719
-0.479
 0.088
-0.108
 0.689
-2.568
-1.494
-2.106
 0.442
 0.915
-0.319
 0.130
 1.210
 0.667
-0.359
-0.369
-1.029
-1.090
-0.588
-0.998
 0.599
-0.367
-0.670
 1.016
 1.265
-0.165
 0.233
-0.441
-0.155
 0.127
-0.198
-0.160
-0.197
-0.364
 0.851
 0.906
 1.013
-0.640
 0.425
-1.698
-1.769
-0.408
 1.255
 1.018
-0.331
-1.052
-1.892
-1.498
-0.574
-0.417
-1.067
-1.088
-0.322
-1.286
-1.147
-1.022
-0.392
-0.790
-0.653
-0.180
-1.041
-0.100
-0.391
-0.178
-0.601
-1.046
 0.966
 0.645
 1.140
-1.073
-0.823
-2.746
-0.558
-0.716
-0.415
 0.521
 0.311
-0.891
-0.459
 0.923
 0.181
 0.673
 0.295
-0.188
 1.953
 1.381
 0.462
-0.844
 0.172
-0.476
-1.050
 1.559
-1.512
-0.258
 1.474
-0.958
-1.482
-0.997
 0.750
 0.391
 0.699
-0.815
 1.550
 1.333
-0.285
-0.687
-0.756
-0.410
-0.338
-0.010
-0.388
-0.270
 0.188
-0.345
 0.127
-0.595
-0.558
 0.650
 0.544
 1.155
 0.878
 0.189
 0.478
-1.027
-0.743
-0.182
-0.152
 0.836
-0.670
-0.408
-0.102
-0.380
-2.044
-0.866
-1.314
-0.019
 0.622
 0.794
 0.835
 1.206
 1.763
 1.320
 0.186
-0.812
 0.035
-0.321
 0.357
 0.106
 0.680
 0.113
-1.545
-1.348
 0.340
 0.185
-0.014
-0.127
-0.308
-0.571
-0.386
 0.144
-1.085
-0.231
-0.481
-0.735
-0.752
 1.119
 0.428
 1.002
 0.173
-0.671
 0.963
-0.181
-0.716
 1.736
 1.159
-0.423
-0.244
-1.546
 1.686
 0.732
 0.432
 0.748
-0.014
 0.988
 0.120
-0.538
-0.051
-0.214
 2.219
 0.782
 2.121
 1.109
 1.031
-0.454
-0.905
 0.172
 0.691
-0.764
-0.414
-2.931
-0.698
-0.896
-0.276
 0.265
-0.635
-1.875
-0.832
-2.941
-0.308
 1.457
 0.092
-1.286
-0.748
 0.066
-0.945
-1.300
-0.400
 0.086
 0.836
-0.028
 0.470
 0.037
-1.863
-1.135
-0.907
 0.664
-0.682
-1.905
-0.931
 0.940
 0.667
 1.443
 0.055
-1.141
 1.513
 1.522
 0.060
 0.784
 1.212
 0.998
 1.783
 1.293
 0.518
 2.114
 0.568
 0.117
 0.331
-0.711
 0.583
 0.667
-1.497
-0.582
 0.675
-0.333
 0.213
 1.656
 0.179
 1.224
 1.624
 0.713
-0.308
-0.132
 0.998
 2.760
 0.752
 0.400
-0.373
 0.328
 0.157
-0.109
-0.093
 0.599
 0.070
-0.595
 0.726
 0.052
-1.184
 0.193
-0.153
-0.487
-2.787
-0.059
-0.149
 0.514
-0.629
-0.466
 0.044
 0.125
-0.086
-0.671
-0.283
-0.712
-1.529
 0.343
-0.863
-1.547
 0.180
 0.456
-1.337
 0.637
 0.599
-0.501
-0.084
 0.436
 2.244
-0.376
-1.043
-0.109
 1.261
 0.904
 0.764
 0.654
-0.622
-0.630
-0.892
 1.163
 0.341
 0.551
-0.630
-0.782
-0.132
-0.564
 0.961
 0.858
 0.219
 0.643
-1.389
-1.414
-0.673
 0.300
 0.522
-0.612
-0.435
-0.388
-1.503
-0.151
 1.147
-0.865
-0.442
-1.768
-1.803
-1.637
-0.610
-1.743
-1.003
-0.067
 0.174
-0.486
-0.321
-2.131
-1.438
 0.043
-0.980
-1.828
-0.649
-1.506
-0.072
-1.646
-0.578
 0.017
 0.182
-1.400
-0.425
-0.741
 1.076
-0.798
 0.588
-0.150
 1.589
 1.130
-1.392
-1.886
-0.607
-0.610
-0.123
-0.675
-1.044
-1.289
-0.719
 0.312
-0.273
-1.612
-0.320
-0.911
-0.664
-0.149
 0.194
 0.496
-0.781
-1.640
-0.718
-0.816
-1.868
-0.354
-0.697
-0.609
 0.181
-1.102
-2.280
-1.120
-2.465
-2.847
-2.606
-2.543
-1.296
-2.483
-0.324
-0.187
-0.068
-0.018
-0.331
-0.764
-1.616
-0.523
-2.183
-0.942
-1.703
 0.290
-0.642
-1.507
-0.133
-0.717
-0.498
 0.014
-1.217
-2.432
-1.191
-1.518
-1.382
-1.601
-0.976
-1.320
-0.477
-1.236
-0.639
 0.707
-1.464
-0.364
-0.677
-0.440
-0.341
-0.494
-0.921
-0.305
-0.196
-0.786
-1.357
-1.173
-1.118
-0.879
-1.002
-1.209
-0.169
 0.201
-1.908
-2.804
-2.862
-2.051
 0.532
-1.347
-0.299
-1.091
-1.531
-1.179
-1.190
 0.238
 0.005
-0.044
-0.871
-1.404
 0.000
-0.925
-0.347
 1.364
 0.600
 0.593
-0.906
-1.198
-0.520
-0.576
 1.014
 0.379
 0.104
 0.639
 0.273
-1.775
-0.999
-1.214
-0.817
 0.471
 0.334
 0.314
 0.205
 0.712
 0.493
-0.430
 0.947
-0.888
 0.130
 0.108
-1.003
-1.561
-0.403
-0.546
 0.531
 0.022
 0.402
-0.233
 0.195
-0.433
-0.128
-0.688
-0.371
-0.046
-1.020
-1.685
-2.669
-0.714
-1.761
-2.624
-2.717
-1.387
-1.770
-1.173
-1.238
-1.681
-1.423
-1.264
-0.498
-0.089
 0.050
-0.307
-1.178
-2.030
-2.261
-1.979
-2.114
-1.373
-1.117
-1.711
-0.104
-1.499
-1.029
 0.829
-1.785
-1.594
-2.489
 0.144
-1.105
-0.742
-2.408
-1.023
 0.557
 0.523
-1.134
-0.263
 0.839
-0.009
 0.054
 1.597
-0.359
-1.556
-1.462
-0.495
-0.382
 0.741
-0.338
-0.913
 0.292
 1.702
 1.138
 0.926
 0.653
 0.428
-0.258
 0.105
 0.466
 0.711
 1.378
 0.929
-0.158
-0.584
-0.180
 0.201
 1.036
-0.604
-0.227
 1.284
 0.450
 0.726
 0.231
-0.227
 1.710
-0.594
-0.236
 1.918
 0.775
 0.687
 0.187
-0.486
 0.141
-0.714
 0.112
-0.744
-1.229
 0.376
-0.692
 0.082
 0.639
 1.290
-0.259
 0.232
 0.294
-1.136
 0.470
-0.127
-0.803
-0.764
-2.942
-1.174
-1.921
-0.775
 0.212
-1.112
 0.679
 0.065
-1.470
-2.159
-1.374
-0.580
-0.261
-0.042
-0.379
 1.296
 0.491
-0.629
 0.564
-0.485
-0.200
-0.094
 0.705
 0.336
-0.705
 0.691
 0.322
-0.660
-0.105
 0.046
 1.117
-0.060
-0.448
 0.505
 0.410
 0.499
 0.957
 0.966
 1.301
 0.478
-0.036
 0.801
 0.250
-0.925
 0.659
 1.491
 1.790
 0.854
 2.253
 0.124
-1.149
 1.018
 0.372
-1.617
-1.265
 0.209
-0.897
-0.861
-0.756
-0.636
-1.753
-1.164
-0.013
-0.825
-0.105
 0.261
-0.210
-0.252
-1.141
-1.842
-1.463
-0.226
-1.651
-1.383
-1.365
-0.289
 0.486
 0.068
 0.339
-0.274
-0.127
-1.985
 0.563
-0.724
 0.166
 1.125
 0.393
 0.027
-0.288
 0.422
-0.700
 1.902
-0.112
-1.281
-0.548
-0.875
-0.174
-0.981
 0.046
-0.784
 1.277
-0.011
 0.667
-0.011
-0.237
-0.948
 0.355
 0.181
-2.675
-1.441
 0.349
-0.020
-0.399
-0.358
-0.269
-0.292
 0.380
-0.824
-0.058
 0.430
 0.835
-0.942
-0.827
-2.705
-2.100
-0.984
-1.620
-0.009
-0.271
-0.280
-0.356
 0.643
 0.315
-1.148
-0.313
-1.590
-0.596
-0.160
-1.141
-1.586
-2.084
 1.740
-0.611
-1.761
-0.772
-2.113
-1.611
-1.094
-0.107
 0.445
 0.435
-0.914
 2.039
 0.575
-0.797
-0.942
 0.641
-0.604
 0.119
 0.912
 1.062
-0.399
 0.423
-0.442
-1.177
-0.886
-0.141
-0.155
-2.366
-2.118
-2.029
-1.557
-1.424
-2.404
-1.187
 0.595
-0.377
-0.879
 0.061
 0.728
 0.896
 1.704
-0.034
-0.398
-0.483
-0.353
 0.438
-0.730
-0.399
-0.592
-1.797
-1.018
-0.571
-0.005
 0.267
 1.213
 1.439
-0.047
 1.257
 0.687
 0.699
 1.748
 0.425
 0.462
 1.518
-0.546
 0.472
-1.725
 1.152
 0.362
-0.557
-0.919
-0.881
-2.754
-0.637
 0.344
 1.521
 0.291
-1.495
-0.956
-1.033
 0.251
-1.050
-0.311
-1.000
-2.018
-4.520
-2.270
-0.576
 0.457
-0.561
-2.359
-0.503
-0.582
-0.389
-0.693
-0.307
-1.161
-0.660
-0.408
-1.073
-0.498
-1.202
 0.022
-0.681
-1.008
-1.195
-1.660
-0.885
 0.703
-0.017
-0.832
-0.668
-1.297
-0.857
-1.795
-2.140
-1.818
-2.389
-3.012
-1.527
 0.607
-1.661
-1.879
-0.171
-3.501
-2.008
-2.251
-0.805
-1.470
-0.729
-1.685
-1.918
-0.994
-0.403
-0.430
-0.264
-0.239
-0.883
-1.108
-1.888
 0.053
 1.023
-0.359
 0.861
 0.209
-0.226
-1.274
 0.234
 1.126
 0.787
-0.107
-0.245
-0.732
 0.746
 0.730
 0.182
 2.450
 1.005
 0.576
 0.069
-0.472
-1.299
 0.855
-0.005
 0.075
-0.472
-0.197
-0.421
-0.782
-1.518
-1.846
 0.284
-0.437
 0.086
-0.259
-0.383
-0.537
-0.093
-0.828
-0.018
 0.501
-0.381
-1.974
 0.043
 0.804
 0.214
-1.257
-1.233
 0.839
-0.664
 0.404
 1.018
-0.235
-0.269
-0.901
 0.167
 0.793
 0.015
 0.293
-1.484
 0.246
 0.419
 0.660
-0.559
-0.293
-0.649
 0.095
-0.959
 1.397
 1.112
 0.672
-0.036
-0.122
 0.616
 0.789
 0.419
 0.923
 1.461
 0.533
 0.724
-0.057
-0.785
-0.580
-0.535
-0.916
-0.021
-0.098
 0.099
-0.004
-0.933
-0.157
 1.160
 0.920
-0.836
-0.590
 0.045
-0.124
-0.489
-1.731
 0.293
 0.283
 1.102
-0.013
-0.524
-0.450
-1.406
 0.359
 0.552
-0.722
 1.199
 1.310
-0.357
 0.177
 0.307
 1.158
-0.152
-1.046
 0.100
 0.546
-0.042
-0.900
 0.076
-2.211
 0.165
 0.747
-0.526
 0.477
-0.486
-1.144
-1.390
-1.014
-0.083
 1.355
 0.399
 0.985
 1.390
 0.340
-0.215
 0.002
-0.520
-0.727
-0.318
-0.253
 0.312
 0.116
 0.111
 0.571
 0.232
 0.539
-2.401
 0.131
-1.277
-1.048
 0.731
 1.072
-0.769
-0.658
-1.552
-0.640
-0.641
-0.565
 0.517
 0.482
 1.528
-1.410
 0.054
 0.354
-0.472
-0.282
-1.259
 0.162
 0.355
-1.136
-0.003
-0.229
-0.781
-1.660
-0.624
-2.251
-1.529
-1.449
-0.945
-1.648
-1.753
-1.468
-1.031
-0.239
 0.190
-1.561
 0.641
-2.136
-0.264
-1.081
 0.745
 0.170
-1.390
-2.299
-0.814
 0.619
 0.220
 0.931
-0.366
 0.575
 1.395
 0.119
 0.814
-0.304
 0.826
-0.003
-0.394
-0.730
-0.583
-0.081
 0.624
-0.081
 0.399
 0.691
-0.221
-0.498
-0.880
-0.126
-0.440
-1.084
-1.552
-0.808
-0.490
-1.275
-0.055
-0.014
 0.311
-0.166
-2.248
-1.739
 0.032
 0.077
-1.407
-0.986
-0.293
 0.869
-0.629
 0.122
 0.461
 0.562
-1.004
-1.351
-0.159
-1.005
-0.900
 0.548
 1.268
-1.296
-0.734
-0.151
-0.587
-1.634
-0.941
-0.527
-0.461
-0.542
 0.315
-0.796
-0.026
 0.875
 0.518
 1.770
-1.360
 0.944
 0.218
 1.703
-0.142
 1.094
 0.403
 0.417
 0.573
-0.430
 0.710
 0.973
 0.136
 1.420
 0.420
 1.941
-0.819
 0.402
-1.421
-0.348
-1.396
 0.891
 1.216
 0.498
-0.127
 0.279
 0.307
-0.077
 0.889
-0.252
 0.170
 0.148
-0.491
-0.012
 0.428
 0.361
 0.830
 0.227
 0.187
-0.498
 1.202
 0.304
 0.312
 1.949
 0.912
 0.422
 1.346
 1.201
 0.158
 1.111
 0.815
 0.801
 1.086
-0.426
 0.865
 1.250
 0.314
 0.647
 1.269
-0.213
-1.186
-1.027
-0.741
 0.184
 0.399
 1.274
 0.863
-0.170
 0.940
 1.371
 0.626
 1.232
 0.917
 0.249
-0.967
-0.267
-2.220
-1.152
-0.652
-0.392
-1.160
-0.782
-0.402
-1.661
-0.365
-1.205
-1.831
-0.683
-0.792
 0.257
-0.338
-0.509
-0.143
 0.337
 0.125
 0.869
-0.101
-0.450
-0.004
 0.991
 1.399
-1.155
 0.502
-1.130
-0.461
-1.330
-1.140
-0.185
-0.823
-0.096
-0.005
-0.971
-0.655
 0.593
 0.078
-0.332
-1.191
-1.165
 0.091
-0.022
 0.956
 1.215
-0.260
-0.655
 0.450
 2.686
 1.706
 3.245
 1.944
 1.349
 0.269
-0.424
 0.348
-0.137
-0.225
 0.461
 1.176
 0.999
-0.293
 0.734
 0.958
-0.605
-0.271
 1.062
-0.008
 1.351
 0.104
-0.352
-1.084
-0.550
-0.180
-1.643
-0.995
-0.426
 1.071
 1.517
 1.311
 0.355
-0.317
-0.663
-0.898
 1.316
-0.646
-0.451
-0.075
-0.852
-0.516
-0.284
 0.525
-0.062
-0.358
 0.277
 1.792
 1.530
-0.088
-0.124
-0.432
-0.634
 0.053
 0.697
 1.091
 0.583
 1.288
-0.818
-0.616
-0.265
 1.033
 0.269
 1.000
 0.450
 0.187
-0.151
 0.898
 1.192
 0.408
 2.443
 0.808
-0.189
 1.120
-0.095
 0.350
 0.110
 0.587
 0.299
 0.656
 0.718
 0.112
 0.977
 0.229
-0.585
 0.282
-1.966
 0.314
-0.086
-0.166
-0.535
-0.107
-1.190
-1.802
-0.849
-0.662
-2.822
-0.924
 0.364
 0.819
 0.532
 1.681
 0.564
-0.590
-1.833
-1.016
-0.635
-1.221
-0.855
-0.690
-0.601
-1.186
-1.536
-0.700
-0.819
-0.431
-0.922
-0.802
 0.538
 0.377
-0.393
-0.960
 0.898
 0.639
-0.557
-0.004
-0.570
-0.878
-1.192
-1.156
-0.826
 0.088
 0.525
 0.232
 1.432
-1.529
-0.142
 0.046
 1.054
-1.201
-1.360
-1.618
-0.531
-0.160
 0.318
-1.888
-2.019
-1.306
-0.987
-0.976
-0.060
 0.246
-1.128
-1.651
-1.241
 0.143
-0.132
-0.336
-0.289
-0.039
 1.567
-0.395
 0.916
 0.554
 0.522
 0.090
-0.347
 1.035
-0.257
-1.540
-0.217
-0.172
 1.492
 0.960
-0.050
-0.760
 0.654
-0.762
-0.164
-2.485
-1.126
-0.775
-0.695
-1.120
-1.465
-0.730
 0.005
-2.049
-1.915
-0.665
-1.409
-1.116
-0.098
-1.942
 0.341
 1.151
-0.178
 0.138
-1.238
 1.461
-0.233
 1.532
 0.979
 2.088
-0.383
 0.319
 1.013
 1.344
-0.660
 0.663
 1.006
-0.215
 0.057
-0.842
 0.464
-1.255
-1.520
-0.739
-0.177
-1.769
-2.383
-1.070
-0.060
 0.190
-0.936
-0.329
 0.015
-0.230
 1.727
 0.751
-0.344
 0.831
 1.744
-0.109
 2.156
 0.369
-0.161
 0.118
-1.141
 0.667
-0.201
-0.687
-1.159
-2.628
-1.067
-0.176
-1.102
-1.772
-0.941
-1.346
-0.213
 0.707
-0.270
 1.465
 0.540
-0.130
-0.547
-0.380
-0.426
-1.307
-0.699
 1.264
 0.536
 0.346
 0.350
 1.193
 0.551
 0.995
-0.092
-0.456
-0.091
 0.920
 0.679
-0.357
 0.560
 0.086
 0.877
 1.266
 0.278
 0.942
 0.804
-0.531
 0.490
-0.347
-0.529
-0.206
-0.390
-0.380
 0.496
-0.492
 1.606
 1.990
-0.894
-0.299
-0.496
 0.434
 0.338
-1.294
-0.343
-0.640
-0.084
-0.240
-0.270
-0.643
-1.039
-1.046
 0.544
-0.394
-0.588
 0.357
 0.506
 0.011
-0.114
 0.939
 0.373
 0.557
 0.958
 0.054
-0.921
-0.275
 1.839
 0.081
-0.963
-1.520
-0.895
-1.039
 0.671
-0.599
-1.142
-1.536
-2.119
-1.215
-2.437
-3.068
-1.634
-3.011
-1.647
-0.169
-1.354
-2.130
-2.020
-2.438
-0.931
-0.926
-0.967
-1.335
-0.600
-0.560
 0.717
 0.366
-0.011
 0.404
 0.696
-1.614
-2.121
-1.698
-1.774
-1.433
-1.563
-1.792
-0.316
-0.860
-1.211
 0.091
-0.879
-1.050
 0.408
-0.678
 0.016
-0.804
-0.105
-0.069
 0.449
-0.476
-0.032
-0.191
-1.125
-0.146
-0.151
-1.676
-0.882
 1.098
-0.318
 0.627
-0.291
 1.129
 0.603
-0.924
-0.167
-1.247
-0.030
-0.555
-1.214
-0.662
 0.489
-1.455
-1.194
-0.242
 0.513
 1.104
-1.436
-1.619
 0.815
 0.728
 0.115
 0.731
-0.963
 0.355
 0.149
 0.448
 0.074
 0.405
-0.661
 1.043
-1.396
-0.345
 0.721
-0.362
 0.934
-0.659
 0.156
 0.101
 1.857
-0.171
 0.677
 0.290
-1.184
-0.657
 0.287
 1.279
 0.030
 0.069
 1.215
-0.558
-1.343
-1.398
 0.404
-0.471
 0.015
-1.336
-0.878
-0.692
 0.558
-0.718
 0.071
 0.700
-0.371
-0.034
-0.160
 0.078
 0.623
-0.241
-0.442
 0.397
 0.118
-0.093
-0.416
 0.349
 1.414
 0.831
 1.158
 0.940
-0.399
 0.496
 0.384
-1.009
-0.386
-1.009
-0.310
 0.741
-1.759
-0.194
 0.983
-0.165
 0.471
 0.582
 0.027
 0.579
 0.804
-0.722
-1.119
-0.951
-0.896
 1.031
-0.437
-0.061
 0.993
 0.484
 0.398
 1.215
-0.085
 0.147
 0.173
 0.666
 1.063
-0.459
 0.750
 0.899
-0.968
 0.621
 1.413
 0.893
-0.275
 0.426
-0.437
-0.696
 1.260
 0.965
-0.597
-1.281
-0.600
-0.835
-0.847
-0.897
 0.471
 0.134
 0.481
-0.283
 0.003
-0.224
-0.849
 0.541
 0.909
-1.141
-0.263
-1.201
 0.061
 1.189
 0.462
 0.385
 1.008
-0.406
 0.211
-0.420
-0.956
 0.090
 0.441
 1.110
 0.040
-0.253
-0.512
 1.199
 0.656
-0.428
-0.327
-0.419
 0.110
-0.298
-0.221
-0.393
-0.634
-0.553
-0.122
-1.139
-0.566
-0.507
 0.511
-0.739
-0.256
 0.971
 1.126
-0.083
 0.832
-0.329
 0.410
-0.153
 0.493
-0.249
 0.543
 0.571
-0.382
 1.167
 0.320
 0.626
 1.406
 1.959
 0.782
-1.193
-1.476
-0.861
-1.778
-2.279
-0.552
-0.960
-1.719
-0.341
-1.862
-2.003
-0.578
-0.419
-0.367
 0.377
-1.187
-0.741
 1.171
-0.060
 0.074
-0.210
 0.444
-0.078
-0.837
-1.544
-0.914
-0.823
-0.312
 0.709
 1.026
-0.927
-1.375
-1.222
 0.152
 0.793
-0.255
-0.498
-0.761
 1.356
-1.249
-0.663
 0.637
 1.024
-1.708
-0.385
-1.388
-0.911
 0.342
-0.001
 0.002
 0.452
-1.011
-0.039
-0.863
-0.372
 0.683
-0.022
 0.371
-0.032
-1.724
-0.023
-0.270
 0.814
 0.544
 0.202
 0.990
 0.768
-0.711
 1.782
 0.117
 0.597
-1.212
-0.719
-0.767
 0.778
 0.125
 1.513
 1.694
 0.044
 0.978
 0.719
-0.519
 0.030
 0.953
 1.272
 2.017
 1.427
-0.287
-0.323
 0.188
-1.033
 0.999
 0.638
 0.039
-0.674
 0.935
-0.740
-0.882
-1.843
-1.454
-0.106
-1.710
-0.841
-0.807
 0.792
 1.482
 0.862
 0.916
 1.366
 0.342
 0.691
-0.096
 0.049
-0.368
-0.733
-0.567
-1.034
-0.516
 0.100
-0.473
-0.253
-0.390
-0.695
-0.111
-0.357
 0.988
 0.460
-0.354
-0.512
 0.098
-0.089
-1.130
 1.368
-0.532
-0.016
 1.367
 0.449
-0.652
-0.243
 0.104
-0.479
 0.169
-1.275
 0.229
 0.557
 0.554
 0.447
-0.245
-0.327
-0.676
 0.512
-0.291
-2.409
-2.029
-0.661
-0.700
-0.808
 0.666
-0.830
-0.642
 0.064
-0.375
 0.570
-0.499
 0.978
 0.583
 0.006
-0.431
 0.740
 0.412
 0.075
 1.259
 1.365
 0.266
-0.234
 0.774
 0.673
-0.474
-1.324
 1.009
 0.345
-1.986
-1.723
-1.948
-1.719
-0.848
-0.741
-0.405
-0.454
-1.255
 0.201
 0.415
-0.950
-1.655
-0.458
-0.045
-0.277
-1.371
-0.358
-0.759
-0.372
-0.698
-0.631
-1.221
-0.650
-0.789
-0.382
-0.386
-1.620
-1.114
-0.489
-0.635
-0.447
-0.841
-1.672
-0.529
-0.222
 0.785
-0.524
-0.498
-0.768
 0.300
-0.715
-0.552
-0.456
-1.294
-0.801
 1.260
 1.637
 0.640
 0.812
-0.174
-0.432
 1.411
 0.579
-0.841
 0.369
-0.672
 0.990
-0.588
 0.249
 0.441
-0.738
-0.282
-0.321
 0.998
-0.118
 0.380
-0.189
-0.573
-1.665
-1.001
-0.260
 1.616
 0.244
-0.784
-0.395
 0.491
 0.917
-0.275
 1.424
-0.227
 0.346
-0.075
-0.644
-0.680
-0.913
-0.628
 1.943
 0.880
 1.282
 0.512
 2.040
 1.042
-0.532
-0.558
-0.455
-1.351
 0.153
 0.080
 0.111
 0.236
 0.261
 0.349
 1.059
 0.859
 0.438
 0.393
 0.265
 0.095
-1.161
-1.102
-0.356
-2.375
-0.890
 0.379
-0.486
-0.916
-0.643
-1.379
 0.075
 0.085
-1.873
-1.623
-0.978
-2.400
-1.295
-1.765
-1.124
-1.998
 0.400
-0.654
-0.504
-2.740
-1.925
-0.358
 0.175
 0.740
 1.604
 1.207
 0.535
-2.037
-0.490
 0.761
 0.040
 0.157
-0.084
-0.337
-2.162
-0.499
-0.318
 0.616
-1.610
-1.049
-0.516
-1.160
-1.688
 0.235
 0.011
-0.065
-0.890
 1.482
-1.054
-1.878
-0.593
-1.479
-2.708
-2.731
-1.530
 1.164
 1.348
 1.297
 0.526
 0.663
 0.328
-0.030
-0.336
 0.283
-0.293
-0.342
-0.492
-0.520
 0.572
 0.317
-0.250
-0.074
 0.131
 0.967
 0.161
 0.014
-0.987
-0.582
-2.095
 0.064
-0.602
-0.252
-1.113
 0.662
 0.059
-0.807
-1.126
 0.585
-0.303
-0.623
-0.376
 0.708
-1.023
 0.086
-1.519
-0.246
-0.475
-2.135
-0.931
-0.247
-0.579
-1.346
-1.797
-0.518
-1.537
-1.134
-0.225
-0.924
-0.168
-1.142
-1.918
-1.135
-1.844
-1.556
-1.384
 0.396
 0.580
 0.129
-0.618
-0.690
-2.002
-0.411
-0.440
-0.888
-0.679
-0.688
 1.473
-0.203
-0.014
 0.573
-0.195
-0.666
-0.694
-2.414
-0.377
-0.218
-0.249
 0.148
-1.846
-0.024
-0.805
-1.484
-1.701
-0.809
 0.524
 0.843
 0.785
-1.028
 0.433
 0.807
 0.318
-0.156
-1.509
-0.770
-0.823
 0.637
-0.648
-0.474
 0.177
-0.116
-0.391
-1.093
-1.652
-0.263
-1.691
 0.285
-0.657
-0.667
 0.943
 0.088
 0.094
-0.804
-0.767
-0.660
 0.179
-0.941
-0.859
-0.132
 0.608
 0.770
 0.503
-0.710
-0.736
-1.059
-0.037
 0.019
-0.488
 1.214
-0.815
 0.311
 0.703
 1.398
 0.921
 1.559
 1.456
 1.525
 1.839
 0.012
 2.210
 2.336
 0.974
 0.298
 0.015
 1.436
 0.035
 0.186
 2.392
 1.163
 1.654
 1.281
 1.452
 1.240
 0.510
 0.886
-0.050
-0.723
-0.619
 0.810
 0.213
 0.852
 2.292
 0.456
-0.483
 2.194
 0.303
 0.195
 0.549
 1.103
-0.333
-0.853
-0.359
-0.856
 0.071
 0.252
 0.487
-0.013
-0.010
 0.305
 2.311
 1.359
 1.303
 1.372
 0.492
-0.731
-0.345
 1.056
 1.240
-0.179
-0.822
 1.283
 1.376
-0.048
 0.440
 0.037
-0.486
 1.728
 1.967
 2.024
 0.800
-0.826
-0.381
-0.451
-0.272
 0.018
-0.068
 0.224
 2.370
-0.110
 0.013
-1.463
 0.802
-0.202
 0.114
 0.808
 3.000
-1.098
 1.139
 1.077
 0.371
 1.556
 0.749
-0.557
 1.541
 1.131
 0.502
 0.930
 0.283
 0.261
 1.070
-0.823
 0.245
 1.610
 1.424
 1.264
 2.262
 1.139
 1.814
 0.929
 1.346
 0.974
 1.970
 2.884
-0.861
-1.152
 1.197
 0.913
 0.727
 0.537
 0.713
 0.885
 1.069
 0.188
 2.122
-0.103
 0.401
 0.015
 0.311
 0.490
 1.120
 0.000
 0.573
 0.420
 1.173
-0.143
-1.046
-1.086
-0.275
 1.178
 0.392
-0.460
-0.140
 0.474
 0.310
 0.779
 0.507
-0.537
-1.143
 1.123
 1.220
 1.524
 1.823
 0.556
-0.022
-1.306
-1.703
-1.008
-1.551
-0.732
-1.404
-2.478
-1.462
 1.691
-0.314
 0.103
-0.470
-0.971
-2.063
-2.679
-0.710
-0.827
-1.143
-0.135
-0.662
 1.433
 0.762
 0.225
-0.042
 0.170
-0.282
 0.731
-0.791
 0.180
 0.804
 1.372
 1.427
 0.089
-0.275
-0.352
-1.108
-0.989
-0.386
-0.754
-0.088
 0.276
-1.809
-0.049
 0.875
-0.169
-0.857
 0.602
-0.224
 1.592
 0.414
-0.719
 1.373
 0.029
-0.025
 0.634
 1.869
 1.161
 1.766
 2.009
 1.759
 0.410
 3.097
 1.991
 1.553
 1.289
 0.301
 1.343
-0.043
-0.572
 0.221
 1.189
 0.902
 1.043
 1.642
 1.409
-0.681
 0.708
 1.989
 1.114
 3.827
 1.930
 2.208
 1.454
 1.380
 0.520
-0.328
 1.087
 0.718
 0.752
 0.144
 0.129
-0.169
 0.530
 1.047
 0.629
 0.051
 1.231
 1.495
-0.301
-0.709
 2.460
 2.165
 0.878
 1.950
 0.710
 1.341
 1.316
 1.796
 0.623
 1.971
 1.947
 0.609
 1.922
 2.444
 2.161
 1.631
 0.445
 0.409
 0.650
 0.336
 0.494
 2.243
 1.372
 1.261
 1.570
 0.918
 2.253
 1.708
 1.866
 2.433
-0.240
 0.198
 0.600
 1.495
 0.750
 0.421
 0.712
 0.861
-1.552
 0.682
 1.693
-0.153
 1.436
 1.102
-0.072
 1.582
 1.518
 1.462
 0.252
-0.023
 0.710
 1.679
 1.574
 0.631
 0.419
 1.080
 0.049
 0.676
 0.683
-0.953
 0.130
-0.139
 0.548
 1.569
 1.156
 1.611
 0.567
-0.111
 0.160
 0.451
-0.398
-0.495
-1.350
 0.213
-0.065
 1.987
 1.385
-0.189
-1.320
 1.894
 0.526
 1.566
-0.450
-1.068
 0.255
 0.566
-1.239
-0.740
 0.012
-0.153
-0.591
 0.638
-0.125
 0.155
-0.192
 0.613
 0.125
 0.049
 0.588
 1.449
 1.327
 0.677
 0.731
 0.295
 0.744
 1.714
 0.198
 0.909
 2.187
 1.989
 0.778
 1.172
-1.020
 1.236
 3.422
 3.397
 2.575
 2.345
 1.680
 1.355
 0.8