09
-1.242
 0.103
 1.270
 0.005
 0.132
-1.466
-1.887
 0.291
-0.753
 0.705
-0.773
-0.016
 1.482
 0.274
 0.567
-0.971
-0.427
 0.833
-0.798
 0.306
-1.298
-0.296
 0.403
 0.109
 0.718
 0.447
 2.127
 0.886
 0.178
 0.100
-0.029
 0.113
 1.050
 0.495
-0.019
 0.780
 0.780
 0.912
 1.171
 0.408
 1.006
-0.428
-0.531
 1.106
 0.346
 0.883
 0.529
 0.005
 0.386
-0.404
-0.647
 0.230
 0.496
-0.200
 0.084
 0.683
-1.497
-0.133
 0.560
 0.100
 0.309
-0.266
-0.394
 0.318
-1.015
-0.206
-0.532
-1.440
 1.588
 1.113
-1.472
-1.089
-0.731
 0.316
 0.932
 0.378
-0.082
 0.823
-0.050
 1.139
-1.402
 0.875
 2.163
-0.421
 0.134
-0.302
-1.066
-0.989
 0.107
-1.913
 0.616
-0.427
-1.109
-1.141
-0.984
 0.814
-0.713
 1.000
 0.527
 0.488
 0.605
 1.380
-0.501
-0.175
 0.042
-0.264
 0.220
-0.180
-2.064
 0.409
 1.432
 0.740
 1.807
 1.119
 1.169
 0.579
 0.682
 1.080
 0.323
 1.013
 0.366
 1.268
 2.430
 1.655
 0.731
 0.937
 0.237
 1.621
 1.190
 1.365
 0.366
-0.520
-0.033
-1.443
-0.823
-1.327
-0.732
-1.965
-1.641
-1.217
 0.683
 0.446
-0.093
-2.488
-1.072
 1.102
 1.545
 0.853
-1.657
-1.004
-0.449
-1.003
-0.525
 1.106
 0.849
-0.082
-1.051
-0.143
-0.431
 0.571
-0.653
 0.108
-1.080
-0.273
 0.503
 0.652
-0.670
-1.857
-2.105
-1.199
-0.570
-0.641
-1.224
-1.027
-0.438
-0.770
-0.316
-0.732
 0.283
 0.627
 0.021
-0.030
 0.001
 0.317
 0.829
-1.546
-2.177
-1.775
-2.278
-1.470
-0.853
-0.443
 0.652
-0.751
-0.393
 1.037
 0.637
-0.397
 0.874
 0.088
 0.017
-0.395
-1.780
-1.820
-0.473
 0.726
-0.781
-0.819
-0.394
-0.264
-0.498
-0.656
-1.203
-0.863
-2.588
-0.877
-0.569
 0.306
 0.787
 0.712
-0.121
 1.193
 0.449
 0.509
 0.633
 0.474
-0.138
 0.554
 1.072
 1.458
-0.551
 0.201
 0.106
-0.145
 1.298
 1.169
 0.219
 2.179
 1.307
 0.711
 0.733
 1.396
 0.809
 0.102
 1.079
-0.076
-0.214
-0.395
 0.327
 0.327
-0.092
 1.498
 0.620
 1.311
 0.727
 0.821
-0.488
-0.453
 0.713
 0.126
-0.572
 2.003
 0.640
-0.100
 0.633
-0.418
-2.094
-1.061
-0.345
-0.778
-0.551
-0.669
-0.878
-1.074
-0.098
 0.664
 0.429
-0.547
 0.666
 3.028
 1.361
 1.040
 0.317
-0.255
 0.193
 0.523
 0.251
 1.680
 1.876
 1.165
 0.616
 0.543
 0.782
-0.032
-0.923
 0.883
-0.470
 1.136
 0.726
 1.080
 0.611
 1.005
-0.829
-1.305
-2.737
-2.222
-1.943
-0.251
-0.217
 0.150
 0.504
 0.781
 0.120
 0.426
-0.959
-1.169
-1.881
-0.846
-1.268
-0.690
-0.493
 0.430
 0.242
 1.344
 1.122
 1.053
 0.855
 0.011
 0.697
-0.459
-0.760
 0.658
-0.437
-0.559
-0.444
-0.887
-2.390
-1.628
-0.258
-0.751
 1.504
 0.833
-0.084
 1.500
-0.369
-0.174
-0.766
-0.535
 0.042
 0.559
-0.390
 1.835
-0.487
-0.001
-0.227
-0.938
-1.760
-1.099
-0.430
-1.066
-1.303
 0.025
-0.862
-1.084
-2.403
-0.463
 0.177
 0.443
-0.102
 0.692
-1.321
 0.193
-0.050
 0.379
-1.188
 0.323
-0.218
 0.110
-0.374
-0.650
 0.823
-0.237
 0.221
 0.558
 1.336
 0.413
-0.211
 0.662
 0.786
-0.775
-0.778
 0.970
 0.210
 0.190
 0.675
 0.554
-0.479
 0.165
 0.800
 0.314
 0.475
 0.656
-0.403
 0.606
 0.086
-0.034
 0.167
 2.366
 2.004
-0.303
 0.090
-0.637
-1.033
 0.182
 0.523
 0.770
 1.151
 0.688
 0.610
 1.531
 0.930
-0.033
 1.640
 1.414
 0.023
-0.195
-0.916
-1.244
 0.245
 1.210
 0.892
 0.257
 1.707
 1.285
 1.557
 1.505
 0.242
-0.318
-0.495
-0.082
 0.917
 0.230
 0.299
-0.836
 0.981
-0.709
-1.290
-0.911
-0.238
 0.344
 0.226
-0.849
 0.165
-0.506
-0.352
-0.069
 1.150
-0.288
 0.464
 0.579
 0.853
 1.120
 1.044
 1.411
 0.409
 0.049
 0.236
-1.268
-0.445
-0.521
-1.917
 0.031
 0.403
 0.037
-1.191
-1.476
-1.545
 0.373
 0.255
-0.869
 0.287
-0.730
 0.534
 1.329
 1.072
-1.995
-0.849
 1.376
 0.220
 0.171
 0.368
 0.780
 0.487
 0.486
 0.067
 0.113
 1.310
 0.758
-0.486
-0.992
-0.654
-1.358
-1.543
-1.468
-1.346
-2.022
-0.536
 0.227
-0.803
-0.030
-0.130
-0.029
-0.067
 0.453
-0.935
 0.191
 1.561
 1.132
-0.180
 1.085
-1.373
-0.128
 0.651
-0.109
 0.558
-0.186
-0.343
-0.773
-0.927
-0.253
-1.695
 0.717
 0.981
-0.930
-1.261
 1.686
 0.374
-0.997
 0.249
 0.973
 0.345
 0.044
 0.172
 0.325
-0.200
 1.179
 0.017
 0.989
 0.231
-0.749
-0.476
-0.478
-0.099
 0.447
 1.204
-0.220
-0.221
-0.772
 0.524
-0.289
 1.148
 1.190
 0.310
-1.257
-1.116
-1.087
-0.322
-0.530
 0.586
-0.162
 0.636
 1.062
 0.620
-0.063
 0.609
-0.655
 0.494
-1.158
-1.123
-1.720
-0.607
-0.265
 0.306
 1.249
 0.903
 2.885
-0.278
 0.645
 0.299
 0.420
-0.976
-0.528
-0.370
-0.111
-0.664
-1.073
-0.509
 0.301
 0.799
-1.105
-2.876
-1.498
-0.491
-2.081
-1.191
-1.619
-0.962
 0.200
-0.420
-2.118
-0.932
-2.217
-1.229
 0.027
-0.517
 0.634
 0.189
-0.877
-0.486
-1.468
-1.777
 0.169
 1.060
-0.502
 0.008
-1.179
-1.109
-0.848
-1.085
-1.725
-2.115
-1.402
-0.797
-1.034
-0.272
 0.824
-1.718
 0.049
-0.625
 0.217
-1.236
-0.877
 0.178
 0.389
 0.653
 0.171
-0.556
-0.529
-0.836
-0.927
-0.066
-0.194
 0.804
 1.346
 0.750
 1.149
 0.650
 0.766
-0.035
-0.978
-0.670
-0.058
-0.193
-0.759
-0.308
-0.108
-0.480
-0.642
-0.873
 0.675
-0.616
 0.397
 0.353
 1.527
 1.929
 1.073
 1.640
 1.930
 1.001
-0.502
 0.420
-1.092
-0.629
-0.617
-0.139
-0.164
 0.083
-0.514
-0.014
 0.689
 0.286
-0.405
 0.224
-1.428
-1.357
-0.943
-0.451
-1.143
-1.692
-1.174
 0.021
-2.109
-1.695
-1.854
-1.771
-1.168
-1.153
-1.992
-2.306
-2.121
-1.289
-0.231
-0.188
-1.236
-0.616
-0.905
-0.286
-0.524
-0.078
-0.932
 0.095
-0.655
 0.435
-1.049
-1.397
-1.504
-2.375
-1.171
 0.187
-1.139
-1.091
-0.558
-0.141
-0.410
-2.308
-2.495
-2.357
-0.863
-1.188
 0.065
 0.234
 0.089
-0.794
-2.246
-1.483
 0.047
-0.285
-0.088
-0.585
-0.234
-0.371
-0.829
-0.423
 0.116
 0.495
-0.053
 0.360
-0.312
 1.131
 0.145
-0.117
-0.503
 0.098
-0.259
-0.399
 0.148
 0.281
 1.164
 1.115
-0.231
-0.079
-0.487
 0.058
-0.772
-1.139
-0.833
 0.456
-1.486
-1.565
-0.962
-1.010
 1.308
-1.265
-0.011
 0.167
-0.880
-1.120
-0.720
-1.364
-1.058
-0.993
-0.436
-0.455
 0.567
-0.540
 1.790
-0.130
 0.247
 0.372
-0.634
 0.919
 1.180
 2.224
 1.491
 1.613
-0.278
 0.147
 2.063
 1.095
 0.437
 1.630
 0.620
 0.984
 1.094
 0.822
 0.045
-0.972
 0.583
 0.467
 0.938
-0.933
 1.922
 0.863
-0.837
 1.084
 0.659
 1.095
 1.092
 1.412
 1.890
 1.036
 0.871
 0.414
 1.620
 0.280
-0.669
 0.429
-0.641
-0.616
 0.154
-0.265
 0.154
-0.301
-0.082
-0.241
 0.300
-0.270
-0.858
-1.512
-0.538
-1.923
 0.251
 0.497
-0.181
-1.552
-1.019
 1.227
 0.734
-0.040
-0.427
 0.831
 0.013
 0.063
-1.567
-0.500
 0.026
-0.752
 0.993
 1.275
 0.112
-0.681
-0.737
-0.683
 1.692
 2.161
 0.472
 0.397
-0.678
 0.815
-0.616
-0.171
 0.660
-0.515
 0.614
-0.001
 0.536
-0.621
 1.039
-0.404
 1.779
 1.106
-0.526
-1.399
-1.734
-0.486
-0.773
-0.607
-1.891
-2.621
-1.918
-1.910
-0.717
-0.859
-1.701
-1.151
-0.512
-1.563
-0.928
-0.650
-1.004
-1.062
-1.043
 1.180
-0.651
-0.013
-0.629
-1.836
-1.698
-1.755
-0.808
-1.082
-0.641
-1.277
-1.583
-0.854
 0.375
 0.788
-0.513
 0.032
-0.206
-1.431
-0.005
-0.312
-0.349
-0.037
 0.920
-1.522
-0.826
-0.275
-1.219
-1.461
-0.283
-0.082
-0.581
 0.374
 1.522
 1.547
 1.340
 0.388
-0.148
 0.658
 0.567
 0.504
 0.039
 0.052
 1.965
 1.967
 0.153
-0.715
 0.234
-0.904
 2.216
 1.601
-0.692
-0.703
-0.523
 0.971
-0.900
-0.843
-0.358
-0.188
-0.287
-2.612
-1.827
-1.838
-1.627
-0.999
-1.845
-1.219
-1.726
-1.823
-1.404
-0.694
-0.469
 0.134
 0.865
 1.832
 1.137
-0.424
-0.377
-0.299
-0.494
 0.124
-0.420
 0.459
-0.886
 0.425
 1.479
-0.195
 0.733
 1.603
 1.898
 0.889
 0.371
 1.249
 0.996
 1.204
 0.866
-0.357
-0.540
-0.161
 2.058
 0.674
-0.130
 0.501
 1.302
 0.828
 0.552
-0.437
-0.601
 0.715
 0.135
-0.187
 0.838
 1.122
 0.976
 0.192
 0.355
-0.574
 0.236
-0.650
 0.221
 0.953
 0.026
 0.253
-0.176
-0.885
 0.420
-1.684
-0.346
 0.004
 1.370
-0.236
 1.111
-0.005
 0.361
 0.108
-1.147
 0.099
-1.163
 0.196
 1.111
 0.106
 0.994
 0.418
-0.014
-1.429
-0.391
-0.242
-0.105
 0.530
-0.967
-1.964
-0.156
-0.377
 0.276
-0.068
-1.557
-0.854
-1.990
-0.967
-0.499
-0.054
-0.389
-0.190
 0.388
 0.405
 1.164
-1.060
-0.281
-0.883
-0.300
 1.155
-0.851
-0.263
 0.629
-1.968
-1.668
 1.081
 0.435
-0.483
-2.013
 0.374
-0.162
-1.235
-0.211
 0.667
 0.369
 0.287
 1.052
 1.054
 0.855
 0.888
 1.377
 0.616
-0.921
-0.035
-1.502
 0.032
 0.368
 0.482
-0.133
-0.125
-0.170
-0.041
 0.224
-1.567
 0.117
-1.322
-1.689
-0.077
 0.629
 0.237
-0.169
 0.324
-0.619
 0.251
 0.868
 0.511
-0.850
 1.341
 0.332
 2.061
-0.389
 0.310
-0.498
-0.971
 0.386
-0.146
-2.367
-1.474
-0.543
 0.338
-0.625
-0.598
-0.481
-0.024
 0.158
-0.189
 0.095
-0.342
-0.035
 0.314
 1.032
-0.129
 0.914
 0.228
-1.382
-0.243
 2.428
-0.553
 0.343
-0.439
 1.427
 1.385
 1.366
 2.262
 1.972
 1.853
 1.065
 0.660
 0.993
 0.493
-0.939
 0.805
 0.706
 0.073
 0.227
-1.388
-0.684
-0.327
 0.879
 1.432
-0.713
-0.754
 0.402
-0.112
-1.200
-0.531
-0.491
-0.433
-0.214
-0.530
 0.160
-0.788
 1.127
-0.807
 0.736
 0.409
 0.429
 0.071
 0.866
 0.109
-0.618
-1.106
 0.450
-0.399
 0.507
-0.015
 1.274
 2.048
 1.970
 2.401
 1.070
 0.518
 0.312
 0.628
 1.748
 3.082
-1.246
-0.834
 0.386
-0.460
-1.478
-0.450
 1.245
 0.488
-1.282
-1.192
 0.366
-0.564
-1.110
-0.574
-0.793
-0.263
-0.867
-0.733
-0.909
-1.032
-1.449
-0.258
-1.609
-0.702
-0.067
-1.907
-1.819
-1.167
-0.109
-1.661
 0.841
-1.726
 0.188
-1.033
-0.091
 0.301
 0.129
 1.236
 0.724
-1.698
-0.369
-0.247
 0.071
-0.479
-0.921
 0.201
 0.489
 1.655
 1.566
 0.797
-0.490
-0.335
 1.291
 1.023
 1.007
 0.012
-0.368
 0.872
-0.502
-0.608
 0.288
 1.379
 0.570
 0.856
 1.167
 2.010
 1.235
 0.081
-0.870
 0.265
 0.267
 0.867
-0.169
 0.314
 0.594
 0.378
-0.680
-1.901
-0.740
-0.516
 1.172
-0.204
-0.285
 0.411
-1.957
-0.445
 0.671
 0.242
-0.418
-1.378
-0.165
 0.396
 1.423
 0.571
-0.429
 0.167
 0.948
 0.964
 0.613
 0.540
 0.669
 0.272
-1.157
 0.261
 1.026
 1.627
-1.279
-0.179
-0.444
 0.452
 1.222
-0.176
 1.552
 1.275
-0.427
 0.226
 1.967
 0.350
 0.688
 0.712
 0.846
 0.178
 0.142
 0.715
 0.727
-0.087
-0.767
-0.288
-0.099
 0.145
 1.972
-0.204
 1.255
 0.745
 0.195
 1.548
 1.210
-0.160
 0.050
 0.194
 1.041
 0.334
 0.323
 0.862
 1.482
 1.589
 0.384
 0.696
-1.300
-1.130
-3.132
-0.551
 0.148
 0.824
 1.151
 0.689
 0.762
 0.332
-0.029
 0.901
 0.464
 0.748
 0.617
-0.209
-0.470
-0.094
 2.201
 0.552
-1.028
-0.264
 0.930
 0.214
 0.803
-0.434
 2.124
 1.583
 0.619
-0.217
 0.246
 0.225
 1.528
-0.074
-0.697
 0.184
-0.096
 1.427
 0.317
 0.229
-1.307
-1.043
-0.164
 0.427
 0.516
-0.623
-0.747
 0.334
-2.355
-1.216
-1.217
-1.454
-0.693
-1.084
 0.524
 0.480
 2.008
 1.684
 1.690
 1.272
 1.776
 1.332
 0.716
-1.164
 1.325
 0.512
 2.224
 1.210
 1.291
-0.062
 1.452
-0.762
 0.198
-0.174
 1.029
 0.589
 0.886
 0.688
 0.746
 1.061
 1.661
 0.588
-0.283
 1.827
 0.439
 0.479
 1.371
 0.647
 1.390
-0.678
 0.100
 1.673
 0.445
 1.201
 0.661
 1.742
 0.817
 1.305
 0.423
 0.743
-0.234
-0.048
 1.757
 0.651
 0.396
 0.371
 0.506
 0.154
 1.202
 0.742
 1.253
 1.992
 2.490
 1.831
 0.848
-0.245
 1.949
 2.146
 1.439
 1.504
 1.018
 0.163
 1.200
 0.905
-0.108
 0.523
 0.210
 0.358
-0.151
-0.295
-0.967
-1.404
-0.070
-0.372
-0.628
-1.070
-0.800
 0.365
-0.440
-0.051
 0.416
 1.108
-0.034
-0.102
-0.856
 0.100
-0.564
-0.309
 0.584
 0.489
 0.837
 1.380
 1.907
 0.262
 0.591
 0.664
 0.654
 2.254
 1.575
-0.798
 0.029
-1.066
-0.186
 0.348
 0.817
-0.742
 0.594
 0.231
 0.564
-0.448
-0.746
 0.543
-1.259
-0.774
 1.264
 0.523
 0.576
 0.689
 3.346
 1.935
 1.943
 1.967
 0.689
 1.512
 1.511
 0.824
 1.248
-1.169
 0.118
-0.532
-0.289
 0.197
-0.141
 0.735
 0.086
 0.409
 0.699
 0.530
 0.013
-0.261
 1.908
 1.655
 1.371
 1.544
 1.445
 1.310
 1.557
 1.396
 1.826
 1.553
 1.917
 1.504
 0.945
 0.877
 0.334
-0.093
 1.725
 0.171
 1.216
 1.308
 1.507
 1.761
 0.442
 1.450
 1.178
 0.231
 0.067
 0.309
-0.021
 1.555
-0.275
-0.076
 0.524
 0.188
 1.609
-0.175
 0.317
-1.096
-1.230
 0.422
 0.779
 0.430
 1.173
 1.802
 1.871
-0.069
 0.473
 1.066
 0.334
 0.292
 1.565
 0.022
-0.763
 1.099
-0.527
-1.344
 1.629
 1.755
-1.425
-1.719
 1.013
 3.245
 0.060
 0.108
-0.510
 0.214
-0.209
 0.045
 1.351
 0.276
 1.021
 1.256
 1.559
 1.380
 1.295
-1.170
-0.353
 0.873
 0.653
 0.667
-0.070
-0.074
 0.171
-1.563
-0.396
-0.013
-0.839
-1.350
 0.158
 0.967
 0.272
 0.258
-0.727
-0.899
 0.825
 0.918
 1.592
-0.033
 2.694
 0.721
 0.660
-0.858
-0.654
-0.877
 0.735
 0.467
 0.239
 0.749
 0.139
-0.925
 0.197
-0.402
 0.242
-0.294
-1.691
-0.735
-1.044
-0.679
-0.971
-1.486
 0.710
-0.095
-1.323
-0.462
-0.099
-0.508
-2.651
-1.608
 0.017
 0.207
-0.696
 0.024
-0.885
-1.001
-0.743
-0.316
-1.200
-0.428
 0.314
-0.573
-1.463
-1.752
 0.497
 0.092
 0.820
-0.749
-0.568
-1.018
-1.154
-1.387
-0.820
-0.664
-0.438
-1.049
 0.584
 0.066
 0.358
 1.124
 0.700
-0.106
 0.385
-0.095
-1.803
 0.656
 0.921
-0.607
-0.908
 0.042
-1.083
-0.145
-0.155
 0.097
-0.307
-1.379
-1.245
-1.292
 0.113
-0.222
 0.915
-0.979
 0.038
 0.247
 0.521
-2.471
 0.114
 0.248
 0.613
 1.264
 1.834
 1.605
 0.062
 1.265
-0.584
-0.468
-0.144
 1.305
 0.271
-0.145
-0.099
-0.271
-0.250
 0.295
-0.106
-0.386
 0.723
-0.032
 1.030
 1.065
-0.082
-0.075
 0.688
 0.224
-0.093
 0.220
 0.181
-0.396
 0.145
-0.456
-0.172
 0.087
 0.503
-0.216
-1.176
-0.844
 0.335
 1.722
-1.892
-3.029
-1.074
-1.738
-0.129
-0.480
 0.407
 0.934
 1.122
-0.612
-0.122
 0.098
 1.447
 0.618
-0.306
 1.148
 0.690
 0.428
 0.655
 1.533
 1.476
 1.240
 2.022
 1.837
 0.726
-0.221
 0.317
 1.529
 0.608
 2.133
 1.156
 0.012
 0.234
 0.075
 0.457
 0.880
 0.800
 1.826
 2.000
 1.142
-0.530
 0.818
 1.561
 0.957
 1.632
 0.231
 0.397
 2.390
 1.448
-0.746
-0.428
 0.248
 0.198
 1.716
 1.554
 0.806
 0.128
-0.239
 0.513
-0.450
 0.376
-0.219
 0.132
 0.192
 0.078
-0.985
-0.121
 1.428
 0.755
 0.706
 1.171
 0.101
-0.679
 0.809
 0.255
 1.570
 1.505
 1.167
 1.537
 1.522
 0.138
 0.543
 0.728
 1.231
-0.136
 1.583
 0.502
 2.184
 1.059
-0.437
 2.452
-1.395
-0.882
 0.568
-0.155
 0.404
-0.565
 1.067
-0.204
 0.344
 0.487
 0.882
 2.090
 0.432
 1.412
 0.051
 0.517
 0.580
 0.938
 1.585
-0.758
 0.502
 0.867
 1.528
 0.032
-0.288
-0.255
-0.322
 1.065
 1.340
 1.568
-0.657
 0.504
 0.428
 0.077
 1.569
 0.883
 0.694
 0.805
 1.776
 1.089
 0.997
-0.249
 0.121
-0.731
-0.015
 0.736
 0.834
 1.995
 1.115
-0.262
 0.414
 0.029
 0.290
 0.634
 0.505
-0.139
 0.494
 1.916
 0.951
 1.799
 0.950
 0.068
-0.243
 1.211
 0.532
 0.423
 0.561
 0.821
 2.183
 1.401
 1.467
-0.538
-0.759
 0.479
 1.165
 1.872
 0.643
-1.041
-1.629
-0.130
-0.149
-0.020
-0.137
-0.462
-0.077
 0.075
 0.600
 0.268
-1.306
-1.260
-0.728
 0.348
-0.329
-0.798
-0.072
 0.224
 2.384
 0.754
 0.108
-0.806
-1.833
-1.761
-1.457
-1.751
-0.657
-0.334
 0.655
-0.799
-0.552
 0.531
 0.931
 1.141
 0.144
 0.239
 0.915
 1.256
 0.137
 1.336
 1.784
 0.431
-0.121
 0.395
-0.453
 0.040
 0.672
 1.917
 1.496
 1.384
 0.835
-0.046
 0.170
 1.349
-0.723
 2.122
 0.483
-0.224
-0.349
-0.331
-0.913
-0.050
-1.480
-0.395
 0.682
 0.204
 1.334
 1.222
 0.268
 0.573
 1.481
 1.272
-0.808
-0.756
 0.754
-0.254
 0.809
 0.059
 0.069
 0.142
-0.207
 1.106
 0.362
 1.156
 0.684
 1.494
 0.276
 0.633
 1.653
 0.444
-0.352
 0.820
 1.497
 1.346
 0.284
 0.696
-0.219
 0.137
 0.865
-0.489
 0.551
 0.607
-0.554
 0.145
 2.307
-0.319
 0.930
 0.378
 0.266
-0.323
 1.059
 0.061
-0.275
 1.369
 0.892
 0.752
 0.380
 1.103
-1.089
-0.456
 1.098
-0.181
-2.446
-0.726
 0.517
 1.341
 1.226
 1.448
 0.279
 0.951
 0.227
 0.413
-0.461
-0.921
 0.264
 0.725
-0.899
 0.728
-0.314
-0.003
-0.889
-0.229
 1.281
-0.542
 0.459
 0.589
 0.339
-0.497
 0.537
-1.204
 0.109
 1.078
 0.329
 0.322
 0.904
 0.246
 0.507
 0.382
-0.771
-0.737
 0.592
 1.484
 1.815
-0.445
-0.226
 0.605
 0.422
 1.093
 1.734
-1.651
 0.076
 1.239
 0.676
-0.324
 0.726
 0.628
 0.214
-0.573
 0.315
 0.769
 0.326
 0.740
 1.337
 0.560
-0.398
 1.063
 1.046
-1.176
-1.873
-1.792
-0.005
 0.036
-0.344
-1.028
-1.872
-1.418
-0.241
 0.947
 0.715
 1.755
 0.078
 1.057
 0.519
 0.839
 1.099
 0.785
 0.228
-0.321
 0.283
 0.009
 0.948
 1.223
 0.249
-0.407
 0.950
-0.172
 1.270
 1.307
-0.392
 0.784
-0.443
-0.650
-0.195
-0.167
-0.155
 0.045
-0.439
 0.427
 0.283
-1.208
-0.380
-0.304
 0.856
-0.658
 0.647
 0.509
-0.015
-1.087
 0.236
-0.292
-0.585
 0.181
-0.595
 0.276
 1.238
 0.074
 0.498
-0.090
 0.634
 0.600
 0.155
-0.697
-0.753
-0.428
-0.293
 1.081
-0.937
 0.286
 1.490
 0.941
-0.367
 0.046
 0.959
 1.324
 0.436
 0.060
 1.118
-0.105
-1.182
-0.766
-0.794
-1.790
-0.455
-0.326
-0.679
 0.934
-0.169
 1.332
-0.780
-1.782
-0.350
 0.215
 0.038
 0.218
-0.002
 0.533
-0.622
-0.292
 0.128
-0.640
-0.550
-0.634
-0.270
-1.788
-0.180
-0.419
-1.227
-1.356
-1.078
-1.297
 0.274
 0.494
-0.353
-0.251
 1.202
 0.336
 0.261
 1.000
 0.712
 1.577
 1.102
 0.530
 1.443
-0.157
 0.996
 0.293
 0.933
 2.397
 1.354
 0.475
 0.368
-0.153
 0.249
 1.956
 1.846
-0.826
-0.670
 1.188
 1.606
-0.463
-0.208
 1.211
 0.184
-0.503
-1.849
-0.131
 0.003
 0.703
 0.212
 0.304
 0.320
-0.657
 0.584
 0.666
 1.953
 1.728
 1.552
 0.444
 1.582
 0.132
 0.954
 1.407
 1.253
 2.300
 0.994
 0.937
 0.168
 0.881
 0.426
-0.615
-0.786
 0.953
 0.289
 0.603
 1.423
 0.404
-0.312
-1.197
-1.639
-0.168
 0.320
-1.353
-0.434
-0.053
 0.208
-0.962
-1.611
-1.007
-0.836
-1.024
-0.519
-0.709
-0.760
 0.346
 0.630
-0.400
-0.355
 1.150
 0.564
-0.020
 1.487
-0.103
 0.350
-1.170
-0.561
-1.916
-2.468
-0.631
-0.691
-0.461
 0.064
-0.808
-0.977
-0.836
-0.462
 0.165
-1.570
-0.888
 0.847
-0.210
-1.640
-0.381
-0.673
-0.562
-1.210
 0.501
-0.626
 0.065
-0.723
-1.269
-0.718
 0.120
-0.276
 0.667
 0.584
 2.082
 1.627
-1.385
 0.950
 1.659
-0.492
-1.122
 0.249
 0.423
-0.589
 0.431
 0.998
-0.378
-0.673
-0.789
-0.139
 0.344
 0.921
 1.211
 1.461
 1.553
 0.740
-0.023
 0.529
-0.136
-0.639
-0.982
-0.930
-1.541
-1.498
-0.348
 0.254
-1.438
 0.228
 0.112
-0.377
-1.604
-1.295
-1.019
-0.865
-0.711
-0.226
-2.292
-0.648
-0.017
-0.680
-0.963
-0.501
-0.798
-0.935
 0.313
-0.701
 0.495
-0.162
-1.765
-0.711
-0.451
-2.142
 0.371
-0.998
-0.339
-0.699
-0.635
-0.400
-0.364
-1.243
-2.093
-0.569
-1.226
-0.679
-0.449
 0.338
-0.715
-0.164
-0.317
-0.091
-0.174
-0.372
-0.091
-0.705
-0.967
-1.238
-1.526
-0.334
 0.234
-0.394
 0.668
 0.023
 0.200
 1.051
 0.343
-0.798
-1.078
 0.453
 0.589
 1.036
 0.728
 0.963
 1.367
 1.375
 0.665
 0.384
 0.829
 0.233
 0.492
-0.889
-1.169
-0.056
 0.035
 0.649
 0.886
-0.172
-0.975
 0.135
 0.352
-1.235
-0.734
-0.780
-1.186
-1.246
-1.423
-1.354
 0.028
-0.217
 0.123
-1.508
-1.926
-1.656
-1.455
-0.398
-0.315
-0.450
-0.179
 0.276
 0.193
-1.068
-2.898
-0.519
 0.593
-0.560
 0.887
 0.030
 0.328
-0.216
-1.754
-0.620
-1.693
-1.189
 0.483
-0.333
-0.732
-1.731
-0.977
-0.815
-2.242
-1.859
-1.932
-0.236
-1.994
-0.901
-3.077
-2.940
-2.828
-0.198
-0.271
-0.608
-2.564
-2.114
-1.304
-2.606
-0.139
-0.724
-1.030
-1.272
-2.011
-1.678
-1.295
-0.683
-0.473
-2.296
-1.359
-1.030
-1.215
-0.587
-1.726
-1.012
 0.059
-1.537
-1.024
-0.391
-1.244
-1.862
-1.795
-1.417
-0.542
 0.024
 1.007
-1.170
-0.343
-1.615
-1.991
-1.751
-1.027
-1.250
-1.769
 0.250
-1.153
-0.906
-1.805
-2.868
 0.246
 0.279
-1.165
-1.614
-0.593
 0.046
-0.143
-1.166
-0.874
-1.268
-0.918
 0.497
-0.293
-0.607
-1.687
 0.868
-0.754
 1.021
 0.667
 0.371
-0.078
-0.530
 0.133
 1.043
 0.449
-1.614
-0.162
 0.702
 0.589
-0.743
 0.723
-0.032
 0.498
 0.150
-0.583
 0.680
 1.443
 0.987
-0.691
 0.653
 0.699
 0.232
 0.558
 0.212
-0.891
 0.156
 1.121
-1.561
-0.326
-0.187
 0.774
 1.599
 0.383
-0.436
-1.749
-0.738
 0.267
 0.713
 0.052
 0.268
 0.422
 0.608
 0.876
 0.504
 0.363
-0.346
-0.291
-0.460
-1.684
-1.209
 1.515
-0.192
-0.763
-0.370
-0.200
-0.464
 0.107
 0.986
-1.558
-0.899
 0.047
-1.227
-0.702
-0.943
-1.988
-0.124
 0.173
-0.307
-0.641
 1.069
 0.594
 2.828
 0.185
-1.416
 0.011
 0.154
-0.139
-0.931
-0.074
-1.851
-0.139
 0.738
 0.402
 0.055
 0.052
-2.172
-1.384
-1.763
-2.228
-1.241
-0.236
-1.073
 0.000
 0.029
 0.404
 0.801
-0.201
 0.057
-1.068
-0.834
 0.171
-0.136
-1.669
-1.624
-0.686
-1.911
 0.668
 0.983
 1.163
-0.867
-0.339
 0.375
 1.349
 0.631
-0.762
-1.713
-1.321
-0.852
-1.243
-1.494
-0.437
-0.138
-0.764
-0.448
-0.422
-0.157
 0.067
-1.541
-0.381
-1.289
-1.372
-1.615
-0.903
-0.442
-0.928
-0.747
-2.581
-1.522
-2.540
-1.925
-1.687
-1.106
-2.580
-0.207
 0.239
-0.611
-1.176
-2.108
-1.242
-2.264
-1.178
-1.540
-0.682
-1.173
 0.206
-0.179
 0.450
-0.082
 0.040
-0.064
-0.673
-0.822
-1.067
-0.333
 0.315
 0.102
 0.543
 0.816
 0.389
 0.358
 0.416
 0.259
-0.051
-0.165
-1.399
-0.208
-1.905
-1.468
-0.926
-0.642
-1.218
-0.660
-1.048
-1.252
-1.074
-0.093
-1.706
-2.869
 0.615
-1.248
 0.103
-0.345
-0.968
-2.356
-0.991
-1.675
-2.382
-1.623
-2.458
-1.508
-0.669
-2.537
 0.733
 0.460
-0.308
-0.863
-0.359
 0.293
-1.445
 0.122
-0.177
-0.223
-0.897
 0.242
 0.568
 0.236
 0.043
 0.314
-0.341
-0.256
-0.434
-1.753
-1.433
 0.338
 0.853
 1.038
-0.824
 0.216
 0.337
-0.501
 0.257
-0.153
-0.087
-0.594
-2.195
-2.619
-1.722
-0.386
 0.299
-1.418
 0.512
-1.682
 0.419
-0.508
 0.518
 0.088
-0.038
 0.320
-0.089
 1.100
-1.342
-0.240
 0.600
 0.457
 0.776
 0.684
 0.974
-0.124
-2.173
-1.640
-2.630
-0.821
-1.383
-0.873
-1.797
-0.847
-1.110
-1.967
-3.458
-2.192
-0.463
-0.025
-1.401
-0.052
 0.423
-0.005
-0.669
-1.205
-0.603
-0.360
-0.066
-0.508
-0.692
-0.986
-1.236
-0.225
-1.009
-2.202
 0.735
 0.955
-0.096
 1.755
-0.318
-0.511
 0.229
 0.549
-0.381
-1.274
-0.724
 0.435
 0.105
-0.744
-0.952
-0.916
-1.698
-1.900
-1.032
-2.467
-1.217
 1.874
 0.494
-1.473
-0.856
-0.469
-1.183
-0.527
-1.950
-1.651
-1.980
-0.721
-0.037
-0.713
-0.612
-0.481
-1.513
-0.452
-1.702
-2.153
-1.158
-1.723
-0.706
 0.274
 0.429
 0.809
-1.113
-1.344
-1.896
-0.852
-0.502
-1.016
-1.434
-0.908
-0.630
-0.784
-0.725
-0.381
-1.120
-0.993
-1.842
 0.399
-0.385
 0.348
-0.289
-0.065
-1.865
 0.259
-0.856
 0.106
-1.182
-1.945
-0.884
-0.213
 0.697
-0.620
-0.707
-1.101
-0.517
-0.639
-0.387
-1.540
-0.149
-0.171
 1.027
-0.471
-2.390
-0.797
-0.220
-0.029
-0.646
-0.972
 0.009
-1.047
-1.818
-2.375
 0.714
-0.027
-0.489
-1.316
-0.558
 0.057
 0.534
-0.239
-1.058
-0.676
-1.081
-1.879
-1.788
-0.467
-1.564
-0.592
 0.418
-1.702
-0.362
-1.143
-2.292
-1.018
 1.408
 0.833
 0.530
-0.510
 0.766
-0.341
-0.550
-0.284
-2.303
-1.329
-1.175
-2.337
-0.885
-0.082
 0.155
-1.135
-0.742
-1.844
-1.225
-0.877
-1.366
-0.764
-0.835
-0.593
 0.840
 0.256
-0.070
-0.130
-1.713
-0.757
-0.444
-0.414
-1.252
-2.070
-1.846
-2.611
-0.643
-0.889
-1.052
-0.530
-1.793
 0.187
 0.831
-0.509
-0.891
 0.218
 1.122
-1.358
 0.526
-0.774
 1.051
-0.308
-0.426
-1.072
-1.400
 0.072
-0.659
-0.450
-1.077
-0.857
-1.161
-0.254
-1.014
-0.975
 0.722
 1.010
-0.507
-0.684
-1.209
-0.282
 0.711
 0.401
 0.386
 0.363
 1.585
 0.885
-0.296
-0.484
-0.200
-0.124
 1.668
 0.326
-0.541
-0.241
-1.011
 1.126
 0.613
-0.026
-0.281
-0.376
 0.172
-1.238
 2.185
 1.244
 0.055
-0.259
 0.377
 0.082
 1.142
 0.578
 0.720
 0.755
 0.463
 1.415
 0.914
 0.279
 0.245
 0.834
 0.934
 1.006
 0.012
 0.388
-0.471
 0.829
 1.061
-0.218
 0.276
 0.016
 0.745
 1.119
 0.360
 0.806
 2.369
 2.552
 0.935
 0.041
-0.892
 0.753
 0.480
-0.097
-0.285
-0.209
 1.510
-0.052
-0.635
-0.566
-0.539
 0.227
-0.228
-1.813
-1.000
-1.679
 0.043
-0.847
-0.562
-1.599
-1.056
-1.825
-0.107
-1.123
 0.112
 1.107
 1.049
 0.106
 0.460
 1.356
 0.395
 1.224
 0.388
 1.863
 2.154
 1.694
 0.038
-0.032
-1.428
-0.212
 0.942
 1.304
 1.038
 1.377
 1.311
 2.199
 1.920
-0.109
-1.248
 0.176
 0.525
 0.150
 0.490
 0.354
-1.207
-1.064
 1.271
 1.352
 1.759
-0.122
 0.143
 0.658
 1.000
 2.100
 0.663
 0.928
 0.861
 0.894
 0.899
 0.146
-0.614
-0.864
-0.534
-0.410
 0.136
-0.365
-1.652
 0.551
-0.667
-0.244
-0.171
-0.673
-2.187
-1.204
-1.092
-1.465
 0.907
 2.248
 0.248
 0.091
 1.021
 0.393
-0.141
 0.855
-0.146
 0.640
-0.345
 0.989
 0.353
 1.286
 0.521
-0.276
-0.337
-0.135
-0.169
-0.509
 1.467
-0.882
-0.244
-0.123
-0.670
 1.105
 0.430
-0.513
-0.658
-0.335
-0.248
-1.100
-0.018
 0.124
-0.641
-0.211
-0.343
 1.673
-0.483
-0.552
-0.233
-0.729
 0.098
 0.066
 0.389
-0.765
-0.946
-0.441
 0.027
 0.797
-0.656
 0.781
-0.537
-0.120
 0.393
 0.485
-0.459
 0.164
 0.336
-0.937
-0.866
 0.456
 0.260
 0.549
 0.393
 1.740
 1.534
-0.052
 1.445
 1.146
 0.944
 0.442
-0.467
-0.197
 0.095
 0.259
-0.514
-1.165
 0.113
 0.395
 1.630
 0.830
-1.215
-1.094
-0.699
-0.850
-1.232
-0.933
-0.711
-1.551
-2.489
-0.475
-0.727
-2.683
-1.844
-2.098
-2.221
-1.635
-1.314
-1.278
-1.626
-1.349
 1.123
-0.961
-2.423
-0.311
 0.543
-1.705
-1.098
 1.038
-0.193
-0.185
-1.009
 0.064
 0.853
 1.262
-0.619
-0.855
-1.297
-1.149
 0.556
 0.149
-0.009
 1.083
 1.543
 0.185
 1.803
 2.257
 1.036
-0.742
 0.036
 1.500
 0.343
-0.262
 0.330
 2.305
 0.122
-0.079
 0.258
 1.318
 1.038
 0.655
 0.589
 0.888
 1.203
 1.522
 0.591
 0.574
-0.145
 0.060
-0.264
-0.078
-0.912
-0.422
 1.118
-0.904
-0.229
-1.062
-0.092
 0.427
 0.732
 0.532
-1.221
 0.520
 0.291
-0.238
 0.791
 0.384
-0.119
 1.026
 0.280
-0.797
 1.142
 1.567
 0.062
-0.442
 0.116
-1.654
-0.582
-0.379
-0.629
 0.783
 2.139
 0.932
 0.136
 0.401
 0.266
-0.358
-2.239
-2.269
-0.582
-1.195
-1.426
-0.435
 0.661
-0.183
 0.639
 0.324
-1.096
-0.494
-0.110
-0.811
 0.481
 2.381
-0.540
-0.566
-0.389
-1.665
-0.994
-1.943
-1.519
-0.715
-0.851
-0.499
-0.468
 0.597
 0.044
-0.558
 0.466
-0.944
-0.543
 0.096
-1.396
-2.299
-1.042
-1.007
-2.298
-0.773
-1.580
-1.263
-0.900
-1.443
-1.073
 0.495
-0.239
-0.110
-0.536
 0.545
-0.042
 1.689
 0.850
-0.635
 0.667
-0.324
 0.733
-0.248
-0.271
-0.761
 0.832
-0.211
-0.181
-0.277
 0.223
 0.101
 0.968
 0.543
 0.397
 0.071
 1.505
 1.608
 0.969
 0.085
-1.536
-1.271
 0.332
 0.134
-0.846
 1.208
-0.039
-0.447
 0.098
 0.682
 0.277
-0.162
-0.362
-1.007
 0.681
-0.136
-0.154
-0.194
-1.171
-0.080
 0.844
 0.001
-0.178
 0.771
-0.067
 1.112
 0.076
 0.733
 0.425
 0.431
 0.662
 1.755
 1.814
 1.467
 0.645
 0.288
 0.710
 0.750
 1.964
 0.654
 0.492
 1.129
 2.070
 1.140
 0.797
 1.441
 0.334
 2.691
 0.764
 1.644
 2.228
 2.278
 0.049
 1.204
 0.379
-0.090
 0.531
 0.735
 0.338
 1.286
 0.083
 0.053
 1.430
 1.298
-0.286
 1.324
 1.869
 0.152
-0.262
-1.267
-0.151
-1.286
-0.069
-0.826
 0.475
-1.605
-2.770
-1.269
-0.775
 0.707
-0.555
 0.407
 0.621
 1.177
 1.069
-0.126
 0.852
 1.015
 0.205
-0.671
 0.119
-0.157
-2.499
-0.585
-1.209
-0.786
-0.356
-0.214
 1.404
 0.270
 0.786
 0.476
-1.220
-1.497
 0.268
-1.472
 0.703
-0.402
-0.130
-1.175
-0.170
-0.628
-1.086
 0.603
 0.374
-0.096
-0.127
-0.386
 0.114
 0.568
-0.177
 0.082
 1.685
 1.231
 0.951
-1.724
-0.640
 0.420
 0.000
-1.379
-1.094
 0.180
-0.666
 1.576
 0.712
 2.018
-0.281
-0.559
-0.269
-0.461
-0.473
-1.420
 0.390
 0.178
-0.801
-0.572
-0.527
-0.625
 1.410
 0.387
 0.881
 0.356
 0.624
 0.451
 1.520
 0.225
-0.173
 0.010
-1.178
 0.935
-0.571
-0.495
 0.065
-0.396
-0.881
 0.086
-0.108
 0.216
 0.240
-0.692
-0.857
-0.992
 0.148
 0.543
 0.916
 0.751
 0.881
 1.736
 0.406
 0.619
 1.847
 1.481
 0.684
 1.599
 0.769
 1.299
 0.359
-0.121
 0.999
 1.536
 0.650
 0.599
 1.091
-0.020
 0.164
-0.242
-0.357
-0.854
 0.857
-1.277
 0.682
-0.216
 0.634
 0.418
 0.010
-1.329
-0.553
-0.211
 0.504
-0.506
-0.823
-2.213
 0.017
 1.749
-0.186
-0.199
-0.205
 0.474
-0.730
 1.347
 0.874
 0.557
 0.135
 0.646
 0.764
-0.129
 0.185
 0.075
 0.621
 1.367
-0.969
-0.885
-1.755
-1.252
-0.603
 0.346
-1.480
 1.234
-1.136
-0.468
-1.759
-0.717
-0.508
-0.907
-0.187
-0.094
-0.501
-2.767
 0.279
-0.174
 0.043
 0.013
-0.371
 0.968
 0.992
 0.124
-0.311
-0.515
 0.227
 0.017
 0.177
 1.504
 0.396
 1.003
 0.613
 1.748
 2.434
-0.903
 1.259
-0.717
-1.805
-1.434
 0.584
-0.623
 0.073
 0.983
 0.960
 1.289
 0.713
 1.815
-0.073
-0.749
 0.297
 0.333
 0.932
 0.939
 0.784
 1.101
 0.120
-0.004
 0.111
-0.089
 0.277
 0.157
 0.972
 1.060
 2.206
 1.154
 1.259
-0.326
-0.553
 0.133
-0.919
-0.144
-1.413
-1.047
 0.121
-0.173
-0.360
-0.816
 0.433
-1.827
-1.851
-0.448
-0.007
-0.219
 0.302
-0.073
 0.561
 0.796
-0.260
 0.008
 1.207
 0.094
-0.422
 1.269
 0.366
-1.315
-0.232
 0.122
-0.315
 0.413
 0.681
 0.764
 0.157
 0.388
-1.174
-1.424
-0.861
-1.176
-0.659
 0.008
 0.101
-0.525
-1.349
-0.589
-0.043
 0.004
-0.424
-1.121
-1.200
 0.030
-0.527
 0.609
 0.739
 1.393
-0.099
-0.211
 0.495
 0.052
-0.790
-0.741
-0.867
-0.974
-1.563
-0.575
-0.845
-0.389
-1.246
-0.699
-1.023
 0.497
 0.108
-0.203
 0.409
 1.008
 0.066
-0.680
 1.078
-0.123
 0.316
 0.289
 1.559
-0.487
 0.909
 1.705
 1.464
 0.234
-0.291
-1.253
-2.385
-0.071
-0.132
-0.608
-0.307
-0.665
 0.603
 0.668
-0.088
 1.457
 1.180
 0.553
-0.880
-0.142
-0.994
-0.409
-0.101
 0.229
 2.358
 0.856
-0.486
 0.308
-0.194
-0.516
-1.631
-0.334
-0.178
-0.070
-0.999
-0.440
-1.459
 0.579
 0.931
-0.025
 0.074
 0.819
 1.301
 0.422
 0.956
 1.419
 0.656
 1.271
 1.094
 0.950
 1.965
-0.129
 0.239
 1.263
 0.493
 1.522
 1.274
-0.555
 1.057
-0.330
 0.640
-0.712
-0.331
-1.006
-0.857
 0.776
-0.548
-0.109
-0.878
-0.655
-1.232
-3.495
-1.625
-0.909
-0.804
-0.785
-0.032
 0.359
-1.110
-0.024
 0.164
-1.375
-2.050
 0.834
 0.576
 1.159
 0.439
 0.765
 1.022
 0.168
 0.505
 0.984
-0.200
-2.431
-1.333
 1.261
 0.927
 0.716
 0.458
-0.114
 0.719
 1.950
 0.779
-0.087
 0.179
 0.694
-0.016
 0.201
-1.141
 0.065
 0.848
 0.740
 0.221
-0.067
 0.619
-0.467
-0.067
-0.302
-1.693
-1.049
-0.736
-0.905
-1.138
 0.991
 1.282
-0.231
 0.556
-0.578
 0.685
 0.482
-1.127
-1.256
-1.330
-0.151
 0.554
-1.115
 0.428
-0.650
-0.171
-0.126
 0.576
 2.378
-0.698
-0.208
-0.353
 0.273
-1.394
 0.647
 0.201
 0.041
 0.801
 0.707
 0.479
-0.628
-0.796
-1.892
-0.146
-0.832
-0.154
 0.252
 0.750
 0.710
 0.748
-0.657
-0.201
-1.102
-1.351
 0.741
 0.054
 1.169
 1.134
-0.331
 0.806
-0.529
 0.059
 0.536
 0.705
-0.540
-0.949
 1.140
-0.527
-0.310
 0.568
 0.794
-0.248
-1.163
-1.479
-0.971
-0.654
-0.488
-1.857
 0.268
-1.230
 0.009
-0.474
 0.770
-1.019
-0.185
-1.293
-1.359
-1.029
-0.298
-0.261
 0.285
 1.838
 2.438
 0.329
-0.497
-0.588
-0.732
-0.761
 1.202
 0.684
 1.454
-0.108
-1.015
-0.172
 0.448
 0.540
 0.334
 0.900
 0.291
 2.320
 0.818
 0.697
-0.607
 0.514
 0.845
 2.198
 0.229
 1.503
-0.016
-0.733
 0.135
-0.120
 0.280
 0.825
 1.277
 0.354
 0.930
 0.549
 0.745
 0.441
 0.575
 1.986
 0.192
 1.460
 0.746
-0.053
 0.294
 1.590
-1.129
-0.567
-0.387
-1.040
 0.872
 1.109
 0.437
 0.768
-0.348
 1.941
 0.662
 0.614
 0.482
-1.263
-0.754
-0.607
-0.064
-0.997
-1.184
-0.740
-1.233
-0.108
-0.375
-0.456
 0.381
-0.484
-2.359
-0.934
-0.874
-0.523
-0.460
 1.335
 0.617
-0.552
 1.161
 0.810
 0.040
-0.431
 0.223
-0.657
-0.215
-0.097
-0.334
-0.262
 0.371
-0.307
-0.314
-0.760
-1.422
-0.347
-1.771
-0.600
-1.450
 0.695
 0.022
 1.161
 0.707
 0.117
-0.907
-1.325
-0.099
 0.619
 0.142
 0.910
 0.139
-0.391
-0.094
 0.699
-0.684
 0.532
 1.058
-0.864
 0.022
 0.407
-0.329
-0.466
 0.320
 0.238
 0.297
 1.279
-1.096
 0.423
 1.459
-0.791
 0.118
 0.760
-0.790
-0.896
 0.528
 1.013
 0.424
-0.207
-0.175
-1.335
-0.296
-0.868
-0.506
 1.074
-1.030
-0.742
-0.996
 0.318
-0.936
-1.706
-0.179
 0.452
-1.035
-0.715
-0.876
-1.105
-0.985
-0.311
-1.334
-0.896
-0.379
 0.721
 0.150
 0.095
-0.034
 1.062
 1.442
 1.710
 1.411
 0.143
-0.382
 0.428
-0.675
-2.260
-1.229
 1.617
 0.108
 0.752
 0.416
 1.389
-0.129
-0.628
 1.030
 0.129
 1.593
 0.886
 0.902
-0.033
 0.912
-0.068
 0.248
-0.535
-0.488
-0.894
-0.967
-0.673
-1.674
-1.117
 0.503
-0.660
-0.817
-1.381
-1.460
 0.688
 0.638
 0.509
-0.577
 0.400
 1.298
 0.641
 1.216
 0.260
 0.909
 1.821
 1.573
-0.452
-0.318
 0.443
-0.436
-0.543
-0.025
-0.712
 0.737
 0.063
-1.314
-1.563
-2.301
-2.065
-1.553
 0.644
-0.172
-0.613
 0.607
-0.315
 0.681
-0.922
-0.037
 0.504
 0.091
 0.864
 0.163
-0.688
-1.403
 1.065
-0.502
-0.545
-0.145
 0.307
 0.802
-1.062
-0.627
-0.233
-0.827
-2.716
-0.964
-0.704
-1.108
-1.721
 0.909
 0.098
-0.338
 0.204
 0.589
 0.443
-0.702
 0.725
-0.323
 0.858
 0.896
-0.976
-1.283
-0.061
-1.358
-1.328
 1.369
 2.058
 1.913
-0.171
 0.543
-1.542
 0.113
 0.059
 1.122
-1.194
-2.264
-0.532
 1.463
 1.119
 0.077
 1.442
 0.666
 0.267
-0.097
-1.175
-0.800
 0.862
-0.701
 1.127
 2.109
 1.775
 0.239
 0.855
 0.152
 0.304
 0.853
 0.855
-0.783
-0.809
-0.061
-1.112
-0.519
 0.027
-0.560
-1.732
-1.689
-0.833
-1.052
-1.187
-0.790
-1.112
 0.083
 0.081
-0.015
-0.483
-0.860
-1.989
-1.217
-1.689
-2.042
 1.229
 1.078
-0.530
 1.670
 1.955
 1.445
 0.609
 0.603
 1.660
 1.873
 1.339
 0.950
 0.894
 0.480
 1.582
 0.635
 0.572
-0.053
-0.985
-1.640
-1.463
-2.076
-0.887
-0.496
 0.196
-0.167
-0.827
-0.353
-0.553
 0.941
 0.045
-0.225
 0.300
 1.616
 2.783
 0.985
 0.913
-1.102
 0.057
 0.860
 0.781
 0.688
 0.677
-0.381
 1.267
 1.415
-0.038
 0.009
-0.417
 0.164
-0.872
 0.909
-0.802
-1.229
-1.727
 0.142
 0.002
-0.337
-1.647
-1.513
 0.202
 0.968
 0.946
 0.892
 0.788
-0.224
-0.890
-1.193
 0.430
 0.264
-0.977
-0.053
 0.088
 0.738
 1.276
 0.949
 0.514
 0.750
 0.659
-0.632
-0.717
-1.219
 0.776
 0.904
-0.081
 0.398
 1.310
-2.108
-1.881
-0.550
-1.346
-0.702
 0.324
 1.058
 2.476
 1.201
-0.089
-0.242
 0.363
 1.838
 1.047
 0.162
-0.028
-0.228
 0.050
 0.401
 0.990
-0.379
 0.678
 0.677
 1.837
 1.650
 1.462
 2.283
 0.283
-0.890
-0.032
 1.125
 1.203
 0.945
 0.107
 0.368
-0.521
 0.988
 2.437
 0.126
 0.418
-0.087
 0.866
 1.263
-0.981
-0.119
-0.107
-0.187
 0.096
-0.781
-0.590
 0.018
-2.020
-0.713
-0.778
-0.302
 0.648
 0.915
-0.807
 1.152
 1.838
 1.739
 3.447
 1.065
-0.272
 0.289
 0.465
 0.369
-0.216
-0.176
-0.410
-0.320
 0.154
 1.931
 0.177
 0.511
 0.637
-0.351
-0.543
-0.129
 1.819
 1.866
-0.244
-0.757
-0.467
 0.819
 1.871
 0.097
-0.986
-1.011
 1.472
 1.373
 0.708
 0.447
 0.125
-1.388
-1.293
-0.286
-1.523
-1.712
 0.738
-0.175
-0.620
-0.702
 0.624
 1.161
 0.240
-1.358
-0.912
-1.276
 0.367
 0.933
 0.358
 2.413
 1.798
 1.033
 2.427
 3.020
 1.084
-0.090
-0.348
 1.445
 0.680
-0.258
 0.535
 1.231
 0.513
-0.204
 0.241
-0.316
-1.817
-0.318
-0.617
-0.320
 0.841
-0.588
 0.896
-0.107
 1.931
-0.742
-2.093
-1.377
-0.039
-0.586
-1.157
 0.816
-0.619
-0.325
 0.990
-0.143
-0.136
-0.537
-1.080
-0.359
-2.249
-1.077
 0.049
-0.902
-1.209
-0.732
-0.761
-0.518
 0.780
-0.281
-0.966
 0.063
-0.658
-0.536
-2.127
-1.074
-0.270
-0.655
-0.122
-0.395
-0.572
 0.124
-0.548
-1.201
-1.768
-0.608
-1.944
-0.689
 0.239
-1.351
-0.863
-0.047
-1.018
 0.092
-0.765
-0.136
-1.864
-1.081
-0.530
-1.546
-0.109
 1.681
 0.186
 0.010
-0.771
 0.247
 0.002
-0.266
-1.991
-0.534
-1.490
-1.512
-1.614
-1.976
 0.690
-0.666
-0.096
-0.922
 0.233
-0.119
-0.469
-0.126
-0.637
-0.122
-0.240
 0.016
-0.171
 0.646
-0.992
-1.738
-0.266
-1.574
-0.426
-0.374
-0.910
 0.637
 0.130
 1.481
 0.825
-0.426
-0.056
-0.997
-1.367
-1.212
-1.623
-2.086
-0.639
-0.793
-0.842
-0.722
 0.029
-1.006
 0.758
 1.020
 0.689
-0.096
-1.202
-0.771
 0.823
 0.509
 1.503
 2.002
 1.250
 1.100
 0.237
-0.346
-0.038
-0.356
-0.353
 0.713
-0.078
 0.304
 1.043
-0.117
 0.892
 1.256
 1.154
 2.081
 1.465
 1.248
 0.951
-0.046
-0.253
 0.697
 1.075
 1.655
 1.153
 1.451
 1.035
 0.433
-0.604
-0.174
-0.167
 0.263
-0.797
 0.596
-0.823
 0.490
-2.238
-1.126
 0.483
-0.126
 0.402
-0.369
 0.805
 0.302
 0.724
-0.587
 0.276
-0.595
 1.175
 0.568
 0.354
 1.507
-0.365
-0.517
-0.876
-1.180
 0.672
-0.236
 1.129
 0.294
-0.542
-0.786
 0.463
 0.323
 0.814
 1.074
 0.662
 0.776
 0.884
 0.504
 0.231
 0.379
 0.519
 0.464
 0.475
 2.096
 0.023
-0.071
-0.341
-0.185
-0.225
 0.759
-1.250
-0.008
-0.156
 0.161
 1.354
-0.596
-0.321
 0.718
-0.462
-0.368
-1.269
-2.058
 0.333
-0.821
-0.949
-1.099
-0.895
-2.952
 0.915
-0.769
-0.482
-0.642
-1.255
-0.202
 1.076
-0.402
 0.801
-0.814
-1.063
-1.601
 0.218
-0.689
-1.395
-0.989
-1.384
-0.252
 0.041
-0.876
-0.819
 0.662
 0.386
 0.073
 1.051
-0.062
-1.001
 0.250
 1.351
 1.125
-0.723
 0.255
-1.756
 0.821
 1.091
-0.479
-0.820
 0.442
 0.168
-0.677
 0.309
-0.558
-0.640
-0.476
-0.314
-0.492
-1.225
-1.410
-1.010
 0.619
 0.180
 0.262
 0.856
 1.158
 0.364
 1.095
-0.521
-0.691
 2.528
 1.260
-0.951
 0.426
-0.194
-0.184
 0.334
 0.408
 0.128
 0.366
 1.341
-0.938
-0.055
 0.499
 0.471
-0.143
-0.528
 0.109
-0.425
-1.506
-1.181
-1.477
-0.998
-1.747
-0.416
 0.930
 0.334
 0.263
-0.532
 1.327
 1.274
-1.106
-1.389
-0.882
-1.400
 0.821
 0.027
-0.007
-0.538
-2.412
-0.239
-1.299
-0.757
 0.099
 1.019
 0.965
 1.447
 0.639
-0.272
 0.885
 1.449
 0.012
 0.050
 1.992
-0.598
 0.410
 0.280
-0.233
 1.551
 0.413
-1.292
 0.209
 0.302
 0.648
 1.206
 0.053
-0.893
 0.123
 0.564
 1.911
 0.089
 0.674
 0.411
-1.074
-0.578
-0.512
-0.315
 0.659
 1.295
 0.486
-0.350
 0.578
 1.385
-0.275
-0.459
-0.419
 0.618
 1.048
 1.133
 0.968
 0.314
-0.260
-1.282
 0.937
 0.402
 0.797
 1.366
 1.580
 0.215
-0.604
-0.435
-0.225
-0.486
 1.273
-1.355
-0.283
-1.388
-0.320
 0.431
 0.776
 0.708
 1.588
 0.449
 0.878
 1.013
-0.644
 0.033
 0.668
 0.256
 0.947
-0.276
-0.595
-0.777
 0.122
 0.229
-1.362
-0.453
-0.308
 0.869
-1.046
-0.829
 0.254
-1.929
-0.824
 0.777
 0.371
-0.456
 0.629
 1.330
 0.458
 1.543
 0.852
 0.410
 0.956
 0.793
-0.280
 2.039
 0.670
-0.310
-0.570
 1.939
 2.120
-0.284
-0.080
-0.657
-0.808
-0.143
 0.206
-0.431
 0.122
 1.729
 0.923
 0.687
-0.151
 0.365
 0.746
 0.128
-0.412
 0.100
-0.592
 1.060
-0.860
-1.057
-0.366
-0.012
 2.087
 1.780
 2.210
 1.845
 0.932
 0.104
 0.506
 0.265
 1.729
-0.065
 0.403
 1.151
 1.535
 0.982
-0.058
-0.287
 0.286
 0.127
 0.044
-0.405
 1.491
-0.145
-0.169
 1.145
 0.120
-0.362
-1.039
-0.877
-0.403
-0.288
-0.239
-0.212
-0.351
-0.924
-0.620
-0.591
 1.461
 1.449
 0.571
 0.686
 0.235
 0.121
-0.258
-0.007
 0.363
 0.096
-0.742
 1.402
 2.423
 1.053
 2.399
 1.885
 1.857
 1.036
-0.236
-0.801
-1.388
-0.836
-1.519
 0.217
-0.762
 0.248
 0.089
-0.157
 1.143
 0.715
 0.638
 1.990
-0.482
-1.010
-1.763
-0.595
-0.553
-1.848
-0.235
 0.582
-1.542
-1.112
-0.471
-0.962
 0.422
-0.551
-2.438
-2.281
-0.610
 0.512
-0.334
-1.320
-0.352
 1.290
 1.431
 1.553
-0.358
 1.596
 0.466
-0.157
-1.696
-0.635
 0.120
 1.321
 0.671
 1.034
 1.707
 1.009
 0.322
 0.233
 0.477
 0.596
-0.290
-0.411
-0.096
 0.877
 1.181
 0.171
 0.384
 1.050
 0.631
 0.498
 1.172
-0.301
 0.440
-1.351
 0.080
-2.442
-1.563
-0.171
-0.408
-1.006
 0.711
-0.005
-0.889
-1.298
-2.055
-0.568
-0.140
 0.043
-0.640
-0.620
 0.233
 0.850
 0.941
-1.455
-1.923
-1.485
-1.038
-1.263
-0.279
-0.049
 0.900
-0.587
 0.266
 0.064
-0.582
-0.060
-0.009
 0.153
 0.356
-0.901
-0.740
-2.452
-1.540
-0.363
-1.549
-0.611
-0.724
-1.733
-1.150
-2.266
-1.663
-1.781
-0.056
-0.885
 0.173
 0.122
-0.926
-1.884
-0.806
-0.377
-0.206
-1.280
-0.039
 1.023
-0.537
-0.907
-1.100
-1.580
-1.488
-1.272
 0.075
-0.189
-0.515
-0.657
-1.388
-0.017
 1.032
-0.710
-2.006
-0.223
-1.598
-0.453
-0.932
-0.858
-0.374
-0.667
-0.196
-2.170
-3.026
-1.222
-0.184
-1.356
-0.812
-1.984
-2.453
-1.160
-1.368
-1.206
-0.628
 0.190
 0.443
 0.046
-1.483
-0.445
-1.738
-2.339
-2.078
-2.067
 0.246
-0.557
-0.797
-0.781
-0.678
-0.225
-2.255
-1.947
-1.404
-1.882
-0.470
-0.702
-0.828
 1.061
 1.098
-1.612
-0.910
-1.455
-1.022
-2.466
-1.942
-0.761
-0.847
-1.116
-2.637
-1.252
-0.761
-0.881
-1.220
-0.771
-0.012
 0.550
-0.570
-1.070
 0.441
-0.125
-0.973
-0.699
-0.716
-0.981
-1.094
 0.995
-1.273
-0.977
-0.865
-0.373
-0.968
-0.849
-0.344
 1.155
-0.771
-0.657
-1.075
-1.185
-0.961
 0.887
 0.725
-0.408
-1.559
-0.297
-0.249
-0.341
 0.508
-0.823
-1.326
-0.221
 0.135
-0.401
-0.974
-0.764
-0.286
 0.106
 0.334
-0.630
-1.518
-1.519
-1.736
-2.925
-2.358
-0.938
-1.055
-0.453
-0.555
 1.000
 0.075
-0.764
-0.723
-0.171
-1.110
-2.540
-1.505
-0.244
-1.425
-0.290
 0.479
 1.659
 0.624
-1.804
-1.001
-0.797
 0.145
 0.972
 0.344
-1.055
-0.760
-0.613
-0.496
-0.040
-1.358
-0.955
-0.684
-0.714
-1.042
 0.504
 0.936
-0.476
 1.706
-0.278
 0.085
-1.110
-1.017
-0.568
 0.172
-0.509
-0.311
 0.413
-0.205
-1.132
-0.582
-0.195
-0.241
 0.359
 0.538
 0.459
 0.447
 1.545
-0.925
-1.001
 0.099
-0.359
-0.805
-0.713
-1.326
-0.656
-0.647
-1.990
-2.207
-2.579
-2.647
-1.302
-0.572
-0.897
-1.037
-0.621
 0.013
-0.195
 0.436
-1.380
-1.422
-0.710
-0.040
-1.761
-0.900
-0.497
 0.711
-0.838
-0.127
 0.301
 0.598
-0.167
 0.423
-0.331
-1.790
-0.030
 0.239
 0.476
 1.708
-0.432
-0.327
 0.351
 0.697
-0.610
 0.242
-1.111
-1.208
 0.065
-0.766
-1.205
-1.951
-0.370
-1.036
-2.795
-1.335
-0.352
-1.225
-1.657
-1.178
-2.706
-1.165
-0.938
-1.260
-2.361
-1.006
-0.769
-0.058
 0.882
-1.307
 0.085
 1.557
 0.261
-0.413
-0.133
 1.001
-0.384
 0.620
 1.249
 1.403
 0.951
 0.074
 2.481
 1.960
 0.627
 0.032
-0.065
-0.475
-0.261
-0.660
-0.129
-1.005
-1.814
-1.206
-1.595
-0.289
-0.527
-0.815
-1.020
-0.079
 1.099
 0.380
-0.981
-1.090
-0.268
-1.276
 0.027
-0.428
-1.020
-1.192
 0.072
 1.048
 0.003
-0.486
-0.284
 0.417
 0.640
-1.977
-0.879
-0.504
 0.542
 0.574
-1.041
 0.879
-0.525
-0.801
 0.472
 1.563
 0.241
 1.373
-0.532
-0.037
 0.735
 0.361
-0.945
-0.566
 0.049
 1.101
-0.162
-0.780
 0.520
-0.354
 0.078
-1.184
-1.217
-0.262
-0.742
 0.161
 0.353
 1.084
 0.575
 1.379
 0.406
 0.612
-0.065
-1.820
-2.290
-0.746
 0.131
-0.368
-0.068
-0.573
-0.427
-0.402
 0.603
-0.025
 0.472
 0.186
-1.139
 0.513
-0.006
 0.343
-0.062
-0.765
 0.079
 1.454
 1.045
 0.972
 1.190
 1.077
 0.736
 1.321
-0.810
 1.062
 0.811
 1.214
 0.813
 1.371
 3.124
 1.578
 0.902
 2.262
-0.288
 0.617
 1.648
 0.473
 1.005
 0.155
 1.088
 1.442
 0.437
 2.104
 0.355
-0.490
-0.434
-0.369
-0.502
-1.157
-0.218
-0.519
-1.459
-2.158
-1.629
-0.308
-0.312
-0.074
 0.868
 0.204
-1.880
-0.063
 0.083
-0.735
-1.311
-0.665
 0.256
 0.395
 1.975
 1.186
-0.300
 2.002
 1.763
 0.038
 0.660
 1.317
 2.228
 0.869
 0.962
 1.336
 2.915
 1.760
 0.941
 0.748
 1.757
 0.435
 0.818
 1.150
 0.093
-0.317
 0.746
 0.977
 0.096
 2.152
 0.011
-0.272
 0.298
 0.383
-0.455
-0.538
-0.280
 0.182
 1.315
 0.896
-0.207
-0.033
 0.765
 0.837
-0.235
-0.229
-0.328
 0.918
 1.093
 1.976
 0.148
-1.331
-0.058
 0.195
-0.042
 0.910
-0.715
 0.680
 0.401
 0.583
 1.987
 1.619
 0.735
-0.316
-1.260
-1.582
 0.265
 0.489
-0.523
-0.699
-0.764
-0.100
 2.304
-0.411
-0.096
 0.585
 0.363
 3.086
 0.621
-1.036
 0.705
-0.780
 0.137
-0.045
 0.877
-0.682
 0.396
-0.110
-1.397
 0.571
 0.254
-0.378
 0.589
 0.495
 0.218
 2.631
-0.773
 0.371
 1.006
 0.313
-0.315
-0.746
 0.073
 0.780
-0.387
-2.474
-0.566
-0.407
-1.328
-0.020
-0.172
-0.025
 0.138
 0.323
 1.705
-0.067
 1.721
 0.299
-0.409
 0.065
-0.423
 0.789
 0.068
-0.459
-0.897
-0.631
-0.210
-1.819
-2.062
-1.228
-0.949
-0.202
 0.109
-1.371
 0.352
-0.090
-0.250
 0.943
 0.843
-0.732
-0.486
 0.786
-0.016
 0.685
-1.338
-0.636
-0.811
 0.730
 0.495
-1.371
-1.157
-0.388
-0.479
 0.410
 0.565
 1.274
 0.238
-1.116
-1.034
-0.412
-0.602
-0.506
 0.195
-1.144
-1.012
-0.395
-1.752
-1.623
-1.882
-0.863
-2.824
-0.855
-0.487
-0.819
-1.047
-1.098
-1.052
-0.565
-1.083
 0.545
 0.863
-0.664
 0.148
-0.224
-0.176
-0.085
 0.490
 0.947
 0.387
 0.971
-1.730
-1.004
-2.465
-1.429
-2.135
-1.012
-0.800
-0.269
 0.096
-0.287
 0.098
 1.158
-0.878
-0.528
 1.083
 0.012
-1.233
-0.627
 0.649
-0.449
 0.261
 1.085
 1.025
-0.653
-1.484
-0.230
-0.783
 1.474
-1.236
-0.257
-1.512
-0.453
 0.362
-0.049
 0.374
-0.183
-0.686
 1.072
 1.222
 1.432
-0.475
-0.767
-1.050
-1.001
-0.845
-2.130
-1.074
 0.361
 0.376
 0.768
 0.530
-0.692
-2.208
-0.682
-0.234
-0.507
 0.313
-0.110
-1.102
 0.099
 0.616
 0.459
 0.466
 0.442
-0.082
 0.147
-0.246
 0.770
 0.651
-0.013
 0.232
-0.698
-0.394
 0.037
 0.130
-0.311
 0.010
-0.891
-2.060
-1.819
 0.830
-0.466
 1.039
 0.633
-0.217
 1.121
-0.529
-0.196
 0.058
 0.282
 1.291
 0.583
 2.277
 1.076
-0.003
 0.198
 0.740
 0.238
 1.015
-0.258
-0.314
-0.214
 0.378
 0.542
 1.601
-0.030
 0.464
 0.420
-0.336
-1.800
 0.152
-1.978
 0.217
-1.165
-1.474
-0.500
 0.674
-1.245
-1.094
-0.897
-0.425
 0.421
 0.525
 0.081
 1.704
-0.911
-1.929
-0.530
 0.456
 1.374
-0.893
 0.845
 0.717
 0.516
-0.363
-0.170
-1.894
-0.420
 0.334
-0.761
 0.352
 0.275
-1.096
-0.819
-2.479
-0.189
-0.632
 0.039
-1.002
 0.162
-0.924
-0.566
-0.161
-1.280
-1.191
-1.021
-0.215
-1.772
-0.520
-0.058
-1.680
-0.298
 0.444
 0.519
 1.928
 0.706
 0.264
 0.732
 0.606
 0.803
 0.923
 1.034
 2.251
 1.678
 0.546
 0.034
 2.259
 1.851
 0.501
 1.235
-0.460
 0.456
-0.595
 1.006
 0.421
 0.430
 0.810
-0.477
-0.393
-0.412
-0.741
 0.244
 1.239
 0.416
 1.432
 1.151
 0.584
 0.380
 1.278
 2.108
 1.825
 1.092
 1.495
 0.782
-0.545
 0.620
 0.416
 0.110
 0.163
-0.361
 1.740
 0.152
 1.666
 1.060
-0.527
-1.030
 0.641
-0.501
-1.007
 0.671
 0.853
 1.177
 1.877
 1.605
 1.152
 0.133
-0.060
 0.691
 0.268
-0.758
-0.276
-0.207
 0.807
 0.378
 0.473
-0.348
 0.883
-1.491
-0.658
-0.901
 1.186
-0.156
-0.591
 0.316
-0.482
-0.949
-0.316
-0.912
-1.609
 0.249
-1.686
 0.411
-0.117
 0.200
 0.681
 0.860
-0.823
 0.408
 0.135
 0.372
 0.128
 0.987
 1.442
 0.926
 1.206
 2.739
 1.741
 1.560
 2.465
 0.332
 0.361
 0.177
-0.336
 0.244
 1.027
 0.288
 0.571
 0.323
 0.508
 0.807
 0.843
 0.724
 1.005
 1.633
 0.999
 1.058
 2.019
 1.415
-0.590
 0.906
 0.212
-0.045
 0.106
 0.751
-0.428
-0.005
-0.236
-0.702
-1.314
-0.666
-0.925
-0.886
-1.480
-0.878
-1.264
 0.511
 0.226
 1.039
 0.044
 0.597
-0.904
 0.482
-0.249
 0.761
-0.103
 1.289
 0.662
 0.976
 1.587
 0.570
 1.026
-0.156
-0.009
-0.246
-0.191
-1.605
-0.664
 0.836
 0.039
 0.383
 1.409
 0.091
-0.607
 0.147
 1.280
-1.848
 0.194
-0.192
-0.689
-0.351
 0.999
 0.048
-0.787
 0.381
-0.038
-2.014
 0.130
-0.241
 0.377
-0.297
-0.917
-0.803
-0.884
-0.818
 0.039
 0.195
 0.492
 0.141
 0.903
 0.464
-0.858
 1.279
 0.621
-1.352
-1.105
-1.504
 0.942
 0.477
 1.114
 1.171
-0.186
 0.089
 0.665
 0.372
 2.127
 1.220
 0.995
 0.839
 0.736
 2.313
 0.837
 1.182
 0.805
-0.262
-1.416
-0.436
 0.645
 1.391
-0.793
-1.071
 0.156
-1.044
-1.400
-0.195
-0.530
 0.089
-0.960
-0.130
-1.059
-0.884
-0.986
-1.689
-1.336
-1.316
-1.335
-0.498
-0.284
 0.315
-2.188
-0.292
 0.663
-1.448
-0.765
 0.315
-0.158
-2.254
-1.763
-1.249
-1.372
 0.346
-0.164
-0.968
-0.457
-0.360
-1.705
-0.773
 0.221
 0.269
 0.804
-0.229
-1.819
-1.102
-1.491
 0.432
-0.181
-0.263
-1.616
-1.538
-1.414
 0.926
 0.077
-0.337
 1.055
-0.386
-0.485
 0.691
 1.112
-0.172
-0.011
-0.191
-0.208
-1.354
 0.065
 0.141
 1.614
 0.137
 0.320
-0.034
 0.730
 0.332
 1.193
 0.336
 0.031
 0.040
 2.256
 1.417
 0.863
 0.740
 0.829
 0.371
 0.703
-0.687
 0.301
-0.819
-0.112
-1.163
 1.389
 0.205
-0.307
-0.025
-1.025
-0.763
-1.014
-1.151
-2.011
-1.507
-0.860
-0.410
 1.243
 0.940
 2.341
 0.252
-0.028
-1.290
 1.086
-0.902
-0.328
-0.353
-0.590
 0.820
-0.667
 0.693
 0.480
-0.167
-0.187
-1.180
 0.107
-0.709
 0.695
 0.382
-1.095
-1.724
-1.616
-1.219
-0.837
 0.000
-0.091
 0.178
-0.383
 0.761
-0.725
-0.440
-0.142
-0.055
-1.028
-1.256
-0.602
-1.523
-0.712
-0.142
 0.299
-0.816
-2.138
-1.670
-0.449
-1.158
-0.890
 0.542
-0.005
 1.727
 0.986
 0.382
 1.691
 0.909
-0.205
-0.030
-0.475
 0.691
 0.029
 0.130
 1.152
 1.046
 1.465
 0.907
 1.016
 1.199
 0.073
 1.368
-1.930
-0.809
-0.549
 0.257
 0.502
 0.515
 1.797
 0.694
-0.575
 0.224
-0.752
-0.163
-0.999
 1.409
 1.293
-0.626
-0.036
 1.097
 1.130
 1.365
 1.048
-0.778
 1.187
 0.201
-0.546
-1.358
 0.139
 1.344
 0.531
-0.240
-1.902
-0.226
-0.932
-0.557
-0.056
 1.224
-1.024
-1.344
-1.583
-1.531
 0.231
-0.083
 1.318
 0.177
-0.751
-1.064
-1.494
-0.886
 0.374
-1.732
-1.015
-1.130
-0.129
-0.125
-0.743
 0.252
-0.054
-0.821
-1.530
-2.215
-1.193
-2.567
-1.306
-1.689
-1.354
-0.816
-1.634
-2.027
-2.258
-1.528
-0.444
-0.385
 0.178
-0.183
-0.210
-2.021
-0.849
-0.785
-1.030
 0.120
-0.125
-1.150
-1.823
-1.348
-1.012
-0.053
-1.442
-1.509
-1.795
-0.447
-0.314
 1.663
 0.158
 0.060
 0.389
-0.298
-1.213
-1.375
 0.704
-0.605
 0.075
-0.611
-1.223
-2.022
 0.781
-0.052
 1.781
-0.581
 0.410
 0.510
-1.008
 0.511
-0.243
 0.814
 0.255
-0.044
 0.808
-0.422
 0.843
-1.226
-0.630
 0.507
 0.150
-0.241
-1.629
-1.052
-1.849
 0.148
 0.088
 1.580
-0.052
-0.764
-0.839
 1.125
 0.654
 0.734
-0.814
 0.643
-0.415
-0.721
-0.539
-0.523
-0.599
-0.942
-1.375
-0.811
-2.220
-0.453
-0.458
-0.451
-0.146
-1.640
-0.951
-0.149
 0.230
-0.232
-0.367
 0.429
 0.687
 0.418
 0.033
 0.804
 1.940
 1.258
 1.523
 0.251
 0.272
 0.351
 0.411
-0.739
-0.756
-0.362
-0.771
-0.904
 0.052
-0.292
 1.071
 0.418
 0.845
 0.313
-0.125
 1.127
 0.030
 1.188
-0.805
 0.759
-0.069
-1.807
-0.472
 0.362
-0.141
 0.510
 0.157
 0.444
-0.189
-0.814
-1.070
-1.342
-0.621
 1.087
-0.012
-0.493
-0.908
-1.663
-2.272
-0.449
-2.047
 0.111
-1.461
-1.014
-0.669
-0.212
-0.480
 0.377
-0.735
 0.260
 0.491
 0.273
 0.251
 0.345
 1.565
 1.059
-0.268
-0.595
-0.861
-0.052
-1.292
-0.406
-1.209
-1.227
-1.398
-1.731
-0.405
-0.532
 0.496
 1.298
 0.001
 0.087
 0.529
 0.617
-0.264
 0.119
 0.036
-0.109
 0.415
 1.424
 0.703
-0.283
 0.805
 0.109
 0.529
 0.896
 0.723
 0.565
 0.658
 1.454
 2.349
 1.527
 1.946
 1.108
 1.383
 0.162
-0.846
-0.792
 0.251
-0.379
-0.020
-0.842
-2.209
-1.177
-0.177
-0.015
 0.217
-0.522
-1.744
-0.040
 0.880
-0.394
-0.117
 1.010
 0.407
-0.296
 0.778
 1.856
 1.641
 0.444
 0.326
 0.809
 0.938
-1.275
-0.063
-0.306
 0.932
 1.266
 0.001
 0.680
 0.428
-0.042
 0.603
 1.101
 0.034
 0.852
 1.030
-0.512
-0.060
 0.055
 0.039
-0.183
 0.597
 0.650
 0.086
-0.364
-1.008
-0.478
-0.978
-0.800
-0.572
-1.426
-0.734
 0.859
 0.488
-0.652
 0.185
 0.338
-0.154
 0.333
 1.526
-0.479
-0.911
-0.219
-1.680
-1.376
-1.557
-0.342
-0.597
-2.153
-2.866
-1.945
-3.496
-2.027
-1.258
 0.320
-1.002
-0.317
-1.143
-1.054
 0.587
-0.108
 0.536
-0.375
 1.034
 1.933
 2.285
 0.810
-0.430
-0.155
-0.369
 1.782
-0.136
-0.145
 0.614
 1.210
 2.347
 0.004
-0.319
 0.100
-0.649
-0.493
-0.167
-0.859
-1.258
-0.408
-0.950
 0.223
-1.174
-0.159
-0.760
-1.131
-1.646
-1.449
 0.395
-0.140
 0.281
-2.923
-0.995
 0.089
-0.712
-1.797
-1.096
 0.199
-0.272
 0.107
-1.402
-1.670
-1.479
-1.661
-0.946
-1.595
-1.928
-0.787
-0.726
-0.405
 0.904
-0.047
-0.165
-0.081
-0.301
 0.393
 0.315
 0.557
 0.360
-0.275
-0.154
-1.529
 0.608
 1.768
-0.380
-0.871
 0.127
 0.464
 0.165
-0.046
-0.464
-1.655
-0.997
-2.090
-1.918
-1.040
-0.435
-0.681
 0.685
-0.103
 0.277
-1.338
-2.630
-1.737
-1.269
-1.331
-1.578
 0.102
-0.818
-0.074
-1.108
-0.643
-0.810
 0.252
 0.784
-1.498
-0.260
 0.285
-0.258
 0.040
 1.873
 1.021
-0.081
-0.102
-0.952
-0.913
-0.856
-0.561
-0.451
-0.826
-1.123
 0.174
 0.471
-0.252
 0.493
-1.736
-0.467
-0.153
-0.337
-1.936
 0.113
-0.924
 0.214
 0.828
 0.187
-0.402
-2.002
 0.410
 0.835
-1.020
-0.939
-1.093
-0.223
-0.133
-0.485
-1.148
-0.178
-0.123
-0.592
-0.754
-0.531
 0.271
 0.337
 0.612
-0.532
 0.483
-0.428
-0.949
-1.416
-0.677
-1.111
-1.225
-0.326
-1.993
-0.473
 0.038
-1.148
-0.231
-0.743
-0.906
-0.526
-0.809
-1.057
-0.648
-0.040
-0.306
 0.664
 1.164
 0.832
 0.439
 1.728
 2.917
 0.962
-2.073
 0.896
-0.015
 0.169
-0.777
 0.537
 0.841
 0.322
-0.666
-0.310
-0.718
 0.331
-0.942
-0.623
-0.736
 0.079
 0.884
 0.181
 1.380
-0.399
 1.282
-0.079
-0.130
 0.545
 0.680
-0.460
 0.613
 0.665
-0.136
 0.041
-1.219
-1.182
 0.943
-0.138
 0.412
-0.598
 1.810
 0.037
-1.518
-1.339
-0.787
-1.466
-1.509
-0.212
-0.347
-1.104
-1.182
-1.428
-0.852
-0.908
-0.119
-1.252
-0.465
-0.019
 1.437
 2.182
 1.428
 1.193
 0.774
 1.116
 1.147
 0.272
 0.399
 0.340
 0.265
-0.447
-1.336
 0.902
-0.818
-0.024
-1.595
-0.125
-0.904
 1.440
-1.012
-1.294
 0.022
-0.402
-1.321
-1.941
-0.701
-0.700
-1.093
-0.732
-0.685
 0.950
 0.876
 0.633
 0.102
-1.110
-1.247
-0.479
-1.245
-0.837
-1.280
-1.101
 0.215
-1.648
-1.144
-0.141
 0.257
 0.701
 0.078
-0.208
-1.480
-1.780
-1.066
-0.387
 0.012
-0.240
-0.263
 0.337
-0.196
 1.378
 1.621
-2.408
-1.412
 1.614
-1.296
 0.116
 0.351
 0.833
 0.310
-1.073
 0.371
 0.325
-0.885
 0.470
-0.236
-1.265
-2.059
-1.667
-1.098
-0.765
-1.835
-1.768
-0.919
 0.475
-0.937
 0.144
-0.905
-0.031
 0.779
-1.417
-1.361
-0.333
 0.982
-0.131
-0.963
-0.744
-0.596
-1.636
-1.105
-1.247
-1.250
-0.771
-1.196
-0.401
-0.719
-0.397
-0.980
 0.593
 0.227
-0.139
 0.666
-0.970
-1.020
-0.633
-1.475
-1.696
-2.881
-2.312
-1.411
-2.493
-0.614
-0.105
-0.247
-1.295
-1.324
-2.403
 0.044
-0.205
 1.277
 0.307
 0.537
 2.279
 0.763
 1.385
-0.030
-0.197
 0.071
-0.544
-1.000
-0.052
-1.545
-0.070
 0.532
-0.011
 0.777
 1.063
 1.248
 1.007
 1.207
 0.601
 0.269
 0.418
-0.143
-1.181
-1.338
-2.474
-1.498
-0.857
-2.194
-2.744
-1.586
-0.054
-0.811
 0.432
-0.332
-1.069
-0.884
-1.159
-0.411
-0.422
-1.368
-1.761
-0.689
-0.397
-1.350
-0.643
-1.440
-0.632
-0.227
-0.874
-0.576
 0.893
-0.027
-1.093
-0.653
-1.133
 0.001
-0.896
-0.575
-1.146
-0.246
-1.917
-1.018
-0.364
-0.947
-0.851
-0.779
-1.555
-0.409
-0.439
-0.181
-0.979
 0.178
 1.076
 0.709
-0.447
 0.288
-1.223
-0.624
 0.598
 1.370
 0.539
 1.226
 0.898
 0.288
 0.129
 0.309
 0.424
-0.200
-0.221
 0.548
 0.426
 0.292
-0.447
-0.024
 0.153
-1.328
-0.731
 0.865
-0.010
 1.520
 0.747
-0.013
-0.499
-0.433
 0.415
 1.722
 0.420
-1.714
-2.325
-1.239
-0.561
-1.218
-1.421
-1.299
 0.525
 1.284
-0.016
-0.009
-1.808
-1.072
-0.215
-0.107
 0.352
 0.351
 0.739
-0.208
-0.469
-1.242
-0.716
-0.242
 1.008
 0.503
-1.191
-1.132
-1.224
-2.092
-1.947
-1.617
-2.147
-1.512
-1.826
-1.868
-2.496
-0.597
 0.212
 0.473
 0.703
 1.169
 0.131
 0.208
-1.168
-1.256
-0.391
-1.381
-2.409
-2.820
-1.304
 0.874
 0.310
-1.215
 0.502
 1.318
-0.088
 0.873
 0.026
 0.402
 0.792
-0.496
-0.940
-0.090
-0.718
 1.150
 1.055
 0.082
-0.205
-1.115
-1.372
 0.531
 1.188
 0.397
 0.723
 0.140
 0.449
-0.135
 0.755
 0.298
 0.909
-0.003
-0.417
 0.774
 0.095
 0.170
 0.455
 0.768
 0.991
-0.063
-0.090
-0.077
-1.689
-1.746
 0.504
-0.648
 0.946
 1.137
-0.064
 0.262
-1.093
 0.384
-0.185
 0.380
 0.601
-0.007
 0.232
-1.354
 0.078
 0.476
 0.205
 0.229
 0.369
-0.281
-0.028
-0.987
 0.454
-0.258
 0.682
 1.514
 0.338
 1.425
 1.189
 2.827
 1.378
 0.846
 1.739
 0.030
 1.253
 1.747
-0.131
 0.760
 0.100
-1.148
 0.605
-0.247
 0.690
 0.265
-0.073
 0.571
-0.914
-0.483
-0.666
 0.989
-0.279
 2.109
 1.590
 1.967
 0.426
 2.512
-0.255
-0.598
 0.689
 1.198
 2.500
 2.345
 0.596
 0.538
-0.316
-0.171
 0.519
 0.678
 0.734
 0.448
 0.507
 0.448
-0.012
-0.308
 1.130
 0.872
 1.686
 1.719
 0.914
-0.480
-0.173
-0.816
 0.027
 1.047
 0.329
-1.485
-0.274
-1.551
-0.173
 0.387
 0.355
 0.543
 0.620
 1.629
 1.011
 2.362
 2.196
 1.005
 0.733
-1.468
-0.351
 0.868
-0.650
 0.038
 1.023
 0.585
 0.153
-0.069
-0.126
 0.240
 1.542
 1.373
 0.601
-1.186
-1.446
-1.364
-0.959
-0.014
 2.112
 0.232
-1.214
 0.372
 0.453
-0.065
 1.441
 0.777
 1.510
 0.285
 1.214
 0.540
-0.427
-0.203
-0.260
 0.641
 0.691
-0.446
 0.831
 0.054
 0.381
 0.352
-0.296
-0.373
 0.031
 0.410
 1.018
-0.058
 0.141
-0.802
 0.160
 0.014
-1.072
 0.541
-0.899
-1.734
-1.306
 0.630
-0.283
-0.965
 1.176
 0.914
 0.129
 1.244
-0.567
 0.209
 1.550
 0.101
 1.542
 2.295
 3.197
-0.381
-0.814
 0.274
-0.083
 0.091
-0.230
-0.343
 0.845
 0.444
-0.351
 0.333
 1.397
 0.304
 1.885
 0.771
-0.400
-0.519
-0.136
 0.753
 0.249
 1.703
 0.186
 0.853
 0.703
 0.592
 0.419
 1.288
 1.249
-0.203
-0.019
 1.129
 2.698
-0.366
-0.778
 0.487
 0.818
 0.224
 0.156
 0.956
 0.073
 1.172
-0.291
 0.256
-0.126
 0.484
-1.010
-0.460
-0.568
-1.101
-0.007
 0.109
 1.078
 0.802
 2.204
 1.502
 0.912
 0.827
 1.496
-0.160
-1.489
-0.456
 0.448
 0.568
-0.551
-1.666
 0.386
-0.039
-0.014
-0.632
 0.034
-0.223
-0.660
 0.661
-0.581
 0.204
 0.136
-0.076
-0.946
 0.618
 0.271
-0.864
-0.570
 0.170
-0.208
-0.413
 0.762
 0.254
-0.380
-0.262
-0.763
 0.152
 0.859
 0.142
-0.740
 0.769
 1.038
 1.039
 0.649
-0.002
-0.281
 0.930
-0.654
-1.356
 1.557
-0.036
-0.232
 0.081
 0.056
-0.951
-0.362
 0.570
-0.208
 0.396
-1.113
-0.617
-0.136
-0.129
-1.290
-1.096
-1.244
 0.250
 0.028
 0.947
-0.688
 0.097
-0.548
-1.004
 0.291
-1.222
-1.647
-0.711
-1.200
-0.323
 0.163
 1.105
 0.383
-0.572
-1.760
 0.754
 0.172
 1.940
-0.448
 0.337
-0.505
-0.420
-0.557
-0.137
 0.611
 0.292
 0.190
-0.046
-1.324
 0.736
 0.396
-0.779
 0.341
 2.214
 1.655
-0.201
 1.037
 1.954
-0.225
 2.307
 0.686
 0.623
 0.501
 0.136
 1.134
-0.225
 0.065
 0.004
-0.404
 1.024
 1.915
 0.191
-0.756
-0.213
-0.934
-0.490
-1.501
-0.160
-0.779
 0.550
 0.604
-0.214
-0.702
-0.363
-0.058
 0.377
-0.314
 0.193
 0.060
-0.549
-2.146
-2.320
 0.922
-0.935
-1.260
 0.187
-0.090
-0.535
-1.238
-1.725
-0.171
-0.878
-0.293
-0.073
 0.186
 0.331
 0.705
 1.243
 1.273
 0.277
 0.442
 0.780
 1.033
 1.033
 0.160
 0.604
 0.617
 1.372
 0.494
 0.571
 1.086
-1.329
-0.962
-0.913
 0.330
-0.119
 0.062
 1.135
-1.247
 0.199
 0.992
-0.595
 0.068
 1.489
 1.684
-0.800
 0.425
 0.857
 0.306
-0.010
 0.651
 1.541
 0.698
 0.306
 0.216
-0.110
 0.594
 1.173
 1.463
 0.886
 0.260
-0.444
-0.173
 0.736
-0.334
 0.213
-0.588
 0.994
 1.189
 0.176
-1.044
-0.010
-0.273
-1.623
 0.543
 0.850
-0.623
-1.576
-2.164
-1.900
-1.413
-1.035
-1.512
-0.144
-0.198
 0.178
 0.176
 0.559
-0.570
 0.594
 1.767
-0.456
-0.127
 1.281
-0.715
-0.500
-0.467
-1.110
-1.309
-1.860
-0.041
 0.698
-1.163
 0.165
-0.208
-2.266
-0.496
-0.618
-0.252
-0.620
-1.627
-1.555
-1.828
-1.032
-1.404
-0.926
 0.146
-0.643
-0.392
 0.045
 0.347
 1.109
 0.175
 1.178
 0.607
 0.318
 0.799
 0.223
 0.624
 0.211
 0.016
 1.129
-0.629
-1.540
-0.724
 0.083
-0.737
 0.357
-0.769
 0.395
 0.183
-0.783
-1.516
 0.299
-0.436
 0.920
-1.087
-2.083
-0.712
 1.022
 1.165
 0.940
 0.092
 0.247
-1.166
-0.292
-0.989
-0.366
-0.378
-0.469
-0.139
-0.568
-1.444
-1.784
-0.969
-1.349
-1.104
 0.404
 0.604
-0.422
-0.232
 0.741
 0.288
 0.949
 1.588
 0.559
 1.210
-0.466
 0.374
-0.251
 1.175
 0.517
 1.442
-0.427
 0.220
 0.237
-0.970
 0.458
 1.298
 0.774
 0.701
-0.185
-0.653
-0.280
-1.501
-0.244
-0.516
 0.128
-0.290
 0.235
-0.385
-0.494
 0.345
 0.227
-0.759
-0.987
-0.496
-0.273
-0.794
-0.581
-0.789
 1.230
-0.124
 0.570
-1.384
-1.579
 0.967
-1.183
-1.732
-1.164
-0.883
-0.002
-0.262
-0.930
 0.560
-0.190
-0.303
-0.519
-1.876
-0.446
-0.364
-0.637
-0.256
 0.214
-1.016
-0.484
 0.562
 0.236
 0.234
 0.820
 0.186
-0.850
-0.453
-0.776
-0.734
 0.314
-0.301
-1.554
-0.625
-1.351
 0.285
 0.451
-1.023
-0.852
-0.726
 0.422
 0.950
 1.328
 0.723
 0.355
 0.701
 0.352
 1.255
 0.465
-0.596
-1.124
-0.460
 0.167
 0.042
 0.367
 0.461
 0.794
 1.199
 1.258
 1.807
 0.742
 0.069
 1.131
-0.920
 1.215
 0.570
 0.916
 2.063
 2.246
 1.046
 1.944
 0.778
-0.716
 0.310
 0.339
 1.243
 0.502
 0.007
 1.706
 0.249
 0.451
 0.432
 1.924
 1.159
 0.744
 0.239
 0.912
-0.151
 0.819
-0.705
-0.950
-1.067
 0.016
 0.129
-0.029
-0.733
-1.418
-0.965
 0.495
 1.122
 0.010
 1.238
-1.457
-0.818
 0.066
-0.352
 1.360
 3.000
-0.109
 0.036
 1.392
 0.938
 0.324
 1.522
 0.095
-1.040
-1.283
-0.719
-0.742
 0.205
-1.592
-1.240
 0.505
-0.204
-0.837
-0.355
-0.799
-0.326
-0.212
 0.466
 0.455
 0.384
 0.995
 0.452
-0.478
 0.508
 0.786
-1.346
 0.082
-0.969
-0.188
 0.068
-0.193
-1.627
 0.439
-0.717
-0.429
-0.410
-0.471
 0.736
 0.229
 0.205
 1.291
 0.632
-0.292
 0.415
-0.769
-0.630
-0.498
-2.019
-0.031
 0.210
-0.476
-1.718
 0.695
 1.079
-0.833
-1.196
-0.551
-0.250
-0.915
 0.322
 0.006
-1.367
-1.676
-0.047
-1.029
-0.704
-0.758
-1.338
-0.399
 0.070
-0.861
 0.413
-0.377
-1.645
-1.145
-0.408
-0.023
 0.465
-0.515
 0.164
-1.238
-2.283
 0.044
-0.485
-1.986
-1.311
-1.469
 0.001
 0.237
 0.009
 0.871
 0.479
-1.389
 1.140
 0.092
-1.073
-1.719
-0.170
-0.982
-1.161
 0.187
-0.417
-0.132
-1.500
-1.571
-0.312
-0.457
-0.207
-1.003
 0.372
 0.886
-1.635
 0.215
-0.608
 0.704
 0.252
 1.497
-0.507
-1.456
-1.381
 1.341
 1.400
 0.630
 0.111
 0.481
-0.542
-0.674
 0.066
 0.299
 1.159
 0.856
 0.602
 0.698
-0.232
 1.267
 0.161
 0.814
-0.081
-0.197
 0.814
 0.171
 0.665
 0.872
 0.982
-0.476
 1.185
 1.031
-0.442
-0.440
-0.332
-2.194
-0.874
-0.925
 1.451
-0.451
-0.253
-0.923
-0.545
 0.263
-0.733
-0.430
-0.187
-0.295
 0.062
-0.044
-0.419
-1.311
-1.304
-1.971
-0.020
-0.441
-0.373
 0.100
 0.895
-0.291
-0.531
 1.339
 0.352
 1.319
 0.891
 0.283
 1.819
 1.423
 1.491
 0.819
 1.587
 0.290
 0.208
 0.168
 0.634
 1.266
-0.541
-0.458
-0.963
 0.608
-0.296
-1.069
-0.052
 0.577
-0.440
 0.030
-0.279
-0.266
 0.841
-0.962
-1.078
 0.062
 0.807
 0.571
-0.483
-0.733
 0.332
 0.864
 1.598
-0.673
-0.276
-0.229
-1.178
 0.768
-0.511
-0.059
-0.433
 0.453
 0.343
-0.278
-0.281
 1.474
 1.687
 0.926
 1.314
 0.276
 1.242
 1.276
-0.235
-0.799
-0.201
 0.279
-1.017
 0.227
 0.329
-0.366
 1.030
 1.041
 1.512
-0.120
-0.436
 0.022
 0.929
 0.093
-0.205
-0.937
-1.101
-0.561
-0.249
-0.972
-0.615
 0.216
-1.304
 0.816
 1.342
 0.945
 0.221
 0.090
-0.656
 1.004
 1.020
 0.683
 0.626
 1.277
 1.192
 1.212
 1.474
 0.687
-0.824
 0.578
 0.292
 0.459
 1.989
-0.301
 1.562
-0.736
 0.109
 1.310
 1.388
 0.549
 0.598
-0.409
-1.256
 0.116
-0.984
-1.066
-0.553
 0.125
 0.313
 2.158
 1.198
-0.092
 1.610
 1.633
-0.389
-0.540
-0.479
 0.502
 0.498
-0.228
-0.372
 0.168
 0.111
 0.213
-0.454
 0.354
 0.900
-1.454
 0.054
 0.611
 1.255
 0.467
 0.990
 0.247
 1.519
-0.877
 0.659
 1.572
 1.328
 0.378
 0.540
 1.490
 0.619
 1.331
 0.088
 0.989
 0.684
 0.242
 0.015
 0.182
 0.138
 0.198
 1.114
-0.547
 1.144
-0.515
 0.915
 0.870
 0.317
-0.314
-0.433
-1.052
-1.222
-0.326
 0.973
-0.299
 2.010
 1.249
 0.845
 0.672
 1.567
 1.094
 1.210
 1.099
 0.134
 0.862
-2.048
 0.813
 0.441
 0.070
-1.055
-0.258
-0.359
-0.122
 0.794
 2.282
-0.598
-0.557
-0.328
-0.999
 0.355
-0.750
 0.232
-0.718
 0.430
-0.096
 0.915
 0.102
 1.550
-0.373
-1.019
-1.753
-0.617
 0.090
 0.553
-0.230
-0.660
-0.002
 0.325
 0.357
 0.453
 0.747
-0.131
 0.431
 0.279
 0.228
 0.282
-1.430
-0.886
 0.173
-0.917
-0.397
-1.192
 0.783
-0.879
-0.231
-0.442
-1.389
-0.354
-0.662
 0.483
-0.205
-1.814
-1.305
 0.156
-0.278
 1.296
-0.590
-0.532
-0.289
-0.108
 0.042
-1.298
-2.063
-0.747
 0.191
-0.392
-0.517
-0.317
 0.482
-2.037
-0.238
 0.369
 0.302
-0.367
-0.941
-1.096
-0.472
-1.042
-1.400
-1.662
-0.759
-0.258
 0.293
 0.954
-0.472
-0.017
-1.153
 0.497
 0.461
 0.000
-0.645
 0.267
-0.638
-1.419
-1.613
-1.293
-0.224
 1.303
 0.774
 0.830
 0.515
 0.416
-0.053
-0.221
 0.438
 0.038
 0.719
-1.505
-0.945
 0.058
-0.788
 0.922
 1.255
-0.441
-0.912
 0.517
 0.655
-0.878
 0.276
-1.206
-0.633
 0.667
-0.948
 0.354
 1.577
 0.299
 1.236
 0.023
-2.129
-1.880
-2.372
-0.860
-1.347
-0.114
-0.375
-0.190
-1.033
-1.144
 0.154
-0.606
 0.726
-0.280
-0.236
-0.046
-0.434
-0.716
-1.381
-0.501
 0.689
 0.848
-0.207
 0.034
-0.362
-0.155
 1.284
-0.143
-1.350
-0.856
-0.047
-2.081
 0.089
-0.339
-0.820
 0.125
 0.336
 1.103
 0.264
 0.340
-0.009
 0.469
-0.451
-0.353
-0.137
 0.125
-0.041
-1.229
-1.682
-0.971
-0.774
-0.105
 0.101
 0.604
 1.009
 1.526
 1.729
 0.787
-0.231
 0.080
 0.232
-0.375
 0.858
-0.925
-0.284
 0.912
 0.470
 0.072
 1.913
 0.218
 0.104
-0.385
-0.486
-0.928
-0.702
 0.143
 1.031
 1.060
-0.351
-1.287
-1.445
-0.005
-1.097
 0.134
-0.209
 0.382
-0.195
-0.390
 0.406
 2.183
 0.390
 2.339
 0.023
 0.155
 1.571
 0.856
-0.106
-1.716
-0.737
 1.540
-0.534
 1.874
-1.195
 0.216
-0.091
-0.224
 0.846
 2.632
 0.476
 0.044
 0.389
 1.496
-0.033
-0.131
 1.308
 0.826
 0.549
-0.852
 0.537
 0.065
-0.424
 0.234
-0.113
 0.779
 1.533
 1.539
 1.020
 1.172
 1.370
-0.057
 0.357
-0.944
-0.441
-0.213
 0.342
-0.854
 0.829
 0.737
 1.122
 0.390
 0.657
 0.668
 0.169
 0.281
 0.371
 1.182
 0.579
 0.235
 1.254
 0.388
-1.813
-1.157
-0.975
-0.118
 0.457
-0.267
-0.614
-0.684
-0.997
 0.250
-0.118
 0.812
-0.247
 0.517
 0.091
 0.470
-0.635
-0.820
-1.226
 0.717
 1.655
 0.715
 0.071
-0.448
-0.651
-2.659
 0.279
-0.821
 0.369
-0.086
-0.434
 0.125
 0.366
 0.649
-0.002
-1.259
-0.740
-1.252
-1.130
 0.261
-0.981
 0.575
 0.072
-0.538
-0.796
 0.503
 0.521
-0.357
 1.005
 1.404
 0.145
-0.945
-0.490
 0.673
 0.209
-0.548
 0.703
-0.591
 0.971
-1.014
 0.017
 0.651
 1.434
-0.361
-1.197
-0.815
-0.925
 0.447
 0.720
 1.391
 0.552
-0.022
-0.910
-1.076
 0.323
 0.758
-0.561
 1.076
 0.380
 0.004
-0.448
-0.801
 1.141
 0.241
-0.744
-2.973
-0.364
 1.519
-0.014
-0.934
-1.837
-1.140
-1.077
-0.292
-1.317
-0.279
-1.348
-0.886
-1.037
 0.617
 1.942
-0.412
 0.638
 0.230
-0.307
 0.212
-0.317
 1.659
 1.987
 0.773
 0.844
 2.127
 2.456
 1.008
-1.019
 0.149
 2.128
-0.165
 0.676
 0.287
 1.528
 0.826
 1.901
 0.955
 1.093
 0.596
 0.715
-0.347
 0.304
 0.509
-0.558
-0.559
 0.388
 0.913
-0.561
 0.279
-0.485
 1.144
 0.822
-0.429
-0.106
 0.512
 1.220
 0.327
 0.930
 0.638
 0.434
 1.117
 0.473
-0.852
 0.838
 0.948
 0.088
-0.029
-1.324
 0.473
 0.247
 1.291
 1.089
-0.673
 0.206
-0.055
-0.429
 0.531
-0.121
 0.085
-0.242
 0.386
-0.502
 0.605
 1.098
 0.686
 0.430
 1.540
 1.113
 1.891
-0.314
-1.222
-0.144
-1.391
-1.908
 0.170
 0.095
 0.147
-0.287
-0.649
 0.537
 0.588
-1.151
 0.239
-1.229
-0.174
-1.747
-0.624
-0.956
-1.142
 0.112
-1.476
-0.162
 1.154
-0.611
-1.514
-0.739
-0.778
-1.104
-0.523
-1.303
-1.260
 0.368
-0.937
-2.752
-2.223
-1.374
-0.979
-1.021
-1.327
-1.530
-1.282
-2.164
-3.175
-0.945
-0.733
-2.600
-2.251
-0.302
-0.508
-0.575
-1.804
-2.055
-2.463
-0.815
-0.340
-0.406
 0.487
-1.011
-2.135
-2.091
-2.433
-0.549
-0.473
-1.163
 0.576
 0.493
 0.373
 0.277
-0.501
-0.053
-1.060
 1.001
 0.029
 0.933
 0.444
 0.421
 1.174
 0.564
 1.348
-0.409
-0.102
-1.486
-1.590
-0.925
 0.136
 0.165
-1.057
-0.650
-0.511
-1.656
-0.279
-0.299
-0.595
-1.642
-2.651
-1.723
-0.656
-0.160
 0.398
 0.492
 0.273
-0.030
-1.338
-0.756
 0.586
-0.176
-1.676
-1.800
-0.542
-1.228
-1.654
-0.576
-1.925
-2.125
-1.265
-1.271
-1.718
-0.882
-2.903
-1.846
-0.588
-1.587
-1.189
-0.462
-0.857
-0.968
-1.110
-1.677
-0.392
-0.393
-0.202
-2.364
-1.876
-0.631
-0.519
-1.598
-2.049
 0.209
-0.172
-0.924
 0.690
 0.814
-0.259
 0.399
 0.134
-0.725
-0.125
-0.119
-0.980
-0.267
-0.971
-1.336
-0.924
-0.304
-1.112
-0.652
-0.134
-1.725
-0.133
-0.555
-0.550
 0.274
-0.326
 0.257
-0.524
-0.549
-0.389
-0.703
 0.538
 1.248
 0.807
 0.386
-1.166
-1.084
 0.356
 1.285
 0.986
 0.619
 1.171
-0.471
 1.162
 0.216
-0.418
 1.349
 1.703
 0.334
 0.877
-0.389
 0.087
 0.025
 0.714
 1.958
-1.195
-0.072
 0.700
-0.895
 0.619
 0.987
 1.048
 1.217
 0.290
 2.312
 1.040
 1.236
 0.824
 2.020
-0.252
 0.344
-0.197
-1.070
 1.861
 1.733
 1.601
-0.496
-0.286
-0.721
 1.172
 0.156
-0.750
-0.230
-0.137
-1.656
-0.537
-1.178
 0.370
-0.718
-0.690
-1.103
-1.851
-0.444
-0.559
-1.038
-0.233
-1.362
-1.777
-1.589
 0.105
-1.509
 0.085
-0.110
-0.361
-2.069
-2.274
-0.783
-0.244
-0.592
-1.364
 0.123
-0.090
 0.188
-0.991
-0.010
 0.252
-0.295
 0.048
-0.756
 0.540
-0.907
-0.239
 2.204
 1.129
-1.250
 0.728
-0.496
-0.841
-0.613
 0.609
 0.553
 0.785
 1.931
 0.109
 0.038
-0.946
-0.065
 1.230
 1.278
-0.337
-1.045
-0.560
-1.526
-0.124
-0.532
 0.604
-0.056
-0.901
-1.937
-1.739
-1.269
-1.848
-3.747
-2.215
-0.159
-1.911
-0.989
-0.837
-0.930
-2.184
-2.292
-0.836
-0.952
-1.808
-2.038
-1.611
 0.277
 0.039
 0.778
 0.601
-0.823
-1.694
-1.115
-0.434
-0.415
 0.328
-1.197
 0.562
-0.908
 0.876
 0.231
-1.745
-1.254
-0.589
-0.256
 0.406
-0.503
-0.955
-1.139
-0.309
-0.104
-0.327
-0.694
 0.696
 0.327
 0.294
 0.548
 0.402
 0.420
 0.759
 0.579
-0.453
-0.632
-1.482
-2.335
-0.466
-0.232
 0.295
-0.454
 0.479
 1.034
 0.754
 0.509
-0.655
-0.188
 0.384
 1.344
-0.240
 1.410
-1.273
-0.001
-1.007
-0.066
 0.331
-0.048
 1.064
-0.878
 0.108
 1.823
 1.859
 1.548
 0.933
 0.243
-0.052
-0.977
-0.398
-0.817
 0.054
 0.761
-0.344
 0.421
 0.661
-1.187
 0.138
-1.008
-1.334
 0.327
-0.647
 0.277
 1.285
 0.398
 0.175
 0.752
 0.467
 1.418
 1.389
-0.036
-0.314
 1.062
 0.406
-0.435
 1.349
 0.302
 0.142
 0.699
 0.192
 1.122
 0.863
-0.424
-0.631
 1.503
-0.087
 0.699
 0.731
 1.454
 0.524
-0.233
 0.215
-1.900
-1.362
 1.097
 0.489
-0.464
-1.263
-1.646
 0.429
-1.242
 0.498
-0.245
 1.062
 0.881
-0.013
-0.279
 0.321
 0.560
 0.944
 0.900
 0.441
-1.265
-0.157
-2.352
-0.785
-1.071
 0.328
-1.644
 0.231
 0.202
-1.356
-0.129
-0.076
-0.952
-1.094
-1.147
-0.655
 1.203
 0.573
 0.328
-0.438
-0.242
-0.570
-0.220
 0.617
 0.794
 0.450
 1.249
 0.383
 1.633
 0.656
 1.377
 1.846
 1.923
 0.540
-0.095
 0.377
-0.223
-0.931
-0.462
 0.054
 1.082
 0.175
 0.564
 1.380
-0.725
 1.228
 1.268
-0.075
-0.410
 0.751
 0.778
 0.294
 0.600
-1.185
 0.627
-0.281
-0.423
-1.496
-0.554
 0.060
-0.567
-0.896
 0.143
 0.506
-1.183
-0.306
-0.223
-1.182
 0.076
-0.158
 0.789
 0.056
 0.116
-0.140
-1.423
-0.257
-0.762
-1.935
-1.204
-0.412
 0.210
 1.427
 0.293
-0.014
-1.139
-0.348
 0.294
-0.990
-1.113
-0.300
-0.316
 0.455
 0.850
 0.343
-0.314
-0.548
 0.490
-0.455
-0.274
-0.434
-0.163
 1.670
 0.418
 1.414
 0.342
 0.154
-0.499
-0.030
 0.578
-0.304
 0.740
-0.376
 0.375
-0.832
-0.850
-1.372
-1.518
-0.288
-0.273
-1.770
-1.410
-1.508
-1.104
 0.097
-0.154
-2.200
-2.274
-1.749
-0.913
-1.904
 0.080
 0.470
 1.057
-0.287
-0.328
-1.570
-0.526
 1.802
-1.744
 0.929
-0.541
 0.036
-0.580
-1.895
 0.263
 0.277
-0.718
-0.332
 0.361
 0.855
-1.045
-1.045
-1.871
 0.258
-0.260
 1.058
 0.840
 1.346
-0.306
-0.145
 1.609
 2.049
 0.692
 0.209
-0.084
 1.240
 1.333
 0.033
 0.169
-0.527
 0.136
-1.211
-0.108
 0.526
-0.184
 0.616
 0.604
 1.368
-2.168
-2.404
-0.977
-0.634
 1.496
 0.643
 0.539
-0.600
-0.020
-0.280
-0.159
-1.125
 0.150
-0.392
-0.416
-0.464
-0.826
 0.805
 0.309
 0.634
-0.264
 0.594
-0.339
-0.743
-0.984
-0.222
 0.322
 0.891
 0.602
 1.024
 0.128
 1.324
 0.726
 1.875
 1.716
 0.728
 0.787
 1.152
 0.168
 0.749
 1.088
 0.441
 1.139
 0.878
 0.570
 0.941
-0.635
 0.203
 0.454
 0.443
 0.973
 0.738
-1.228
 0.493
 0.457
 1.053
 0.934
 0.195
-1.423
 0.666
-0.354
 0.917
 1.774
 2.121
 1.897
 1.047
 0.992
 0.536
 0.637
 0.900
-0.874
-0.372
 0.169
 0.125
-0.552
-0.979
-0.365
-1.352
-0.790
-0.091
 0.036
-0.924
-0.990
-0.392
 0.081
 0.431
-0.111
-0.704
 0.203
-0.818
-0.858
-0.503
 0.601
 1.011
 0.376
-0.333
 0.048
 0.804
 0.201
-0.555
-0.023
-0.420
 0.358
 0.674
-0.128
 0.510
 2.153
 0.939
 1.285
 2.028
 0.552
 0.655
 0.648
-0.441
 0.205
 0.028
 0.784
 0.553
-0.818
-0.771
-0.218
-0.489
-0.497
-0.732
-1.718
-1.862
-0.940
-1.223
-0.380
 0.975
 0.855
 2.081
 0.308
 0.851
-0.058
 0.635
 1.856
 1.354
 0.507
-0.961
 0.580
 0.124
 1.399
-1.751
-1.221
-0.346
 1.421
 1.277
-0.619
 0.921
 0.533
-0.724
-0.284
-0.685
 0.240
-0.476
-0.723
-0.911
-1.093
-0.552
-1.213
 0.022
 0.794
 0.992
-1.334
-0.985
-0.155
-0.857
-1.241
-0.919
-1.571
-0.979
-0.940
-0.634
-0.637
-1.753
-1.715
-1.429
-0.266
-0.092
-1.617
-2.100
-1.175
-2.075
-0.176
-0.385
-0.675
-0.378
 1.230
-0.747
-1.483
 0.047
-1.313
 0.609
 0.350
 0.529
 1.119
-0.444
 0.479
 1.378
-0.889
-0.152
 0.134
 0.519
 0.180
-1.479
-0.716
-1.139
-1.549
-1.210
-0.695
-0.216
-0.686
-1.234
-0.657
 1.893
 1.650
 0.252
 1.467
 0.739
 1.340
-0.093
 1.882
 1.352
 0.517
-0.449
-0.068
 0.234
 0.610
-0.318
 0.083
 0.524
 0.668
-0.788
-0.072
 1.909
 1.694
 0.647
 1.040
-0.405
 0.396
-0.699
-1.196
-0.149
-1.080
-0.914
-0.837
-1.131
-1.449
-1.204
 1.104
-1.154
-0.412
 0.865
 0.025
 0.356
-0.361
-2.248
-1.605
-0.992
-0.731
 0.053
 0.571
-1.494
-0.743
 0.671
 2.124
 0.689
 1.665
 0.189
-0.634
-0.680
 0.453
-0.520
 0.661
 0.208
 0.633
 1.598
 0.917
 1.072
 0.884
 0.337
 1.366
 0.707
 1.754
-0.556
 0.119
 1.809
 2.045
 1.865
 0.840
 0.137
 0.637
 1.649
 1.936
-0.352
 1.340
 1.934
 1.460
 0.933
 0.290
 0.878
 2.402
 1.471
 1.955
 1.365
 1.303
 1.401
 0.319
 2.286
 0.853
 0.722
 1.490
 0.471
 1.438
 1.055
 0.626
 0.694
 0.712
-0.152
 0.412
 1.590
 1.125
 0.978
 0.232
-0.370
 0.591
 0.301
 0.401
 1.203
-2.263
 0.147
 0.746
 0.957
 0.734
 0.576
 1.221
 0.088
-0.242
 1.018
 0.674
 1.371
 0.950
 0.045
 0.954
-0.400
 0.619
-0.029
 0.084
 0.371
 0.385
-0.298
-0.155
 0.025
-0.590
 0.149
-1.357
-0.183
-0.332
-1.508
-1.904
 0.073
-1.554
 0.365
-0.941
-0.584
-1.802
-1.176
-2.415
-1.463
-0.198
 0.059
-1.280
-0.904
-0.084
-0.499
-1.664
 0.859
 0.609
-1.383
-0.299
-0.640
 1.219
-0.055
 0.121
 0.262
 1.310
 1.067
 0.113
 0.451
-1.649
-0.948
-1.435
-0.948
 0.873
 0.281
-0.544
 0.760
-0.014
-0.357
 0.706
-0.213
 0.020
-0.671
-1.019
-1.436
 0.512
-0.982
-2.224
 0.747
 1.804
 1.406
-0.950
-1.166
-0.301
-0.798
 0.468
-0.171
-0.287
 0.146
-0.641
-1.841
-0.116
-1.498
-0.239
 0.280
 1.643
-1.151
-0.508
-0.614
 0.182
-0.757
 0.148
 0.000
 2.045
 0.077
 0.112
 0.249
 0.066
-0.924
-1.249
-1.232
-1.318
-0.253
 0.045
 0.410
-0.249
-0.355
 1.635
-0.580
-0.559
-0.023
-2.529
-2.694
-0.874
-1.050
-1.881
-1.824
-0.753
-0.081
-0.748
-0.196
 0.299
-1.106
-0.392
-0.863
-1.529
-1.068
-0.016
-1.139
 0.309
-0.170
-1.572
-2.066
 0.377
-0.784
-0.483
-0.492
-0.407
-1.308
-0.502
-0.820
-1.863
-1.561
-1.804
-2.315
-2.426
-0.667
-0.461
-1.985
-2.272
-0.221
 0.405
-0.027
-0.178
-0.626
-1.536
-0.307
-1.421
-0.725
-1.817
-0.635
 0.392
-0.210
-0.120
-1.965
-1.480
 0.194
 0.181
-1.042
-0.610
-0.881
-0.324
-2.621
-0.205
-0.900
-0.124
-0.664
-1.935
-1.467
-1.704
-1.134
-1.319
-1.496
-1.787
-2.302
-2.292
-0.312
-0.683
 0.264
-0.792
 0.947
-0.391
-1.944
-0.869
 0.027
-1.225
 0.434
 0.264
 0.582
-0.214
 0.363
-0.269
-0.537
-1.154
-0.968
-0.367
-0.389
-1.734
 0.922
 0.559
 1.104
-0.243
 0.264
-0.507
 0.385
 0.371
-0.372
 0.227
-0.591
-0.069
-1.033
 0.845
 1.053
 1.223
 0.845
 1.583
 0.149
 0.024
-0.048
-0.155
-2.495
-1.546
-1.319
-1.346
 0.224
-0.126
-0.458
-0.775
-0.258
-0.227
-0.803
-1.789
-2.058
-1.027
 0.610
-0.527
 0.953
-1.020
 0.007
 0.046
 0.009
 0.863
-0.791
-1.089
 0.617
 0.739
 1.543
 2.582
 1.606
 0.635
-1.188
-0.493
 0.556
 1.160
-0.529
-2.032
-1.390
 0.037
-0.636
-0.580
-1.232
-0.693
 0.337
-0.878
-0.754
-0.580
-0.203
 0.376
 0.122
-0.067
 0.892
-0.075
-0.007
 0.442
 2.115
 1.733
 1.043
 1.060
-0.776
-0.224
-1.616
 0.340
 1.936
 0.424
 1.324
-1.080
-0.071
 0.546
 1.422
-1.230
-0.109
-0.839
 0.061
 0.596
-0.185
-0.984
 1.191
-0.022
 0.339
 0.982
-2.205
 0.415
 0.926
 1.080
-0.663
 1.071
 0.984
 0.973
-0.257
 0.817
-0.159
-0.789
-2.996
-0.907
 0.397
 0.026
 0.304
-0.055
 0.104
 0.469
-0.131
-0.420
-1.075
 0.094
 1.273
 0.334
 2.050
 1.631
-0.556
 0.280
 1.014
 0.181
 1.486
 1.407
-0.474
-0.013
 0.360
 1.663
 0.933
 1.503
 0.852
 1.731
 1.515
 0.969
 0.283
-0.366
-1.270
-0.072
-0.455
-0.526
 0.371
 1.264
 1.437
-0.475
 0.286
-1.161
-1.803
-0.355
-1.635
-0.283
 0.085
 0.804
 0.310
 0.254
 0.254
 0.170
-0.851
-0.575
-2.044
-0.742
 0.384
 0.564
-0.673
-0.364
 0.010
 1.554
 0.233
-1.418
-0.869
 0.375
-0.226
-0.536
-1.634
-1.497
 0.252
-0.476
 0.953
 0.387
-0.992
-1.391
-1.980
-0.204
-1.037
 0.661
 0.454
 0.879
 0.568
 1.233
 1.195
 0.256
 0.190
-0.026
 0.352
 0.801
 0.565
 0.469
 1.785
 0.409
-0.864
-0.183
-1.302
-0.844
-1.172
-0.715
-0.053
 0.101
-0.992
-1.822
-0.340
-1.115
-1.743
-2.468
-1.549
-0.007
-0.102
-0.817
 0.009
-0.474
-0.319
-0.061
 0.158
 0.465
-0.444
-1.528
-0.163
-0.582
-1.166
-0.156
 0.682
-0.473
-0.928
-1.610
-0.337
 0.192
 0.918
-0.569
-1.384
-0.368
-0.445
 0.732
-0.365
-0.003
-0.184
 0.936
 0.398
 0.204
-1.154
-1.750
-0.130
-0.736
-0.386
 0.638
 0.523
 0.671
-0.263
-0.252
-1.314
-1.272
-1.676
-0.130
-0.892
-0.750
-0.947
-1.094
-1.095
-1.948
-3.015
-1.675
-1.849
-1.094
-0.830
 0.237
-0.589
-0.869
 0.089
-1.330
 0.135
 0.447
-0.612
-1.254
 0.023
 0.513
-0.278
-1.010
-1.321
-1.697
-1.318
 0.851
-0.124
-0.669
-0.483
-0.357
 0.603
 0.860
 0.002
 0.867
 0.776
-0.379
-0.384
 0.432
 2.362
 1.071
 1.461
 1.181
 0.557
-1.761
-0.322
 0.665
-1.060
-1.081
-1.368
-1.267
 0.544
 0.312
-1.034
-1.891
-0.760
-1.077
-0.060
 0.304
-0.007
 0.039
-0.649
-0.134
-0.034
 0.603
-0.710
-0.668
-0.700
-1.030
-1.140
 0.358
-0.549
-2.086
-0.189
 0.243
 0.103
 0.078
-0.758
-0.367
-1.309
-1.043
-1.734
-2.596
-2.609
-0.442
-0.172
 0.559
 0.058
-0.152
-0.305
 0.701
-0.009
-0.832
 0.098
-1.927
-0.073
-0.916
-2.892
-0.371
-1.432
 0.726
-0.364
-1.790
-2.401
-2.016
-2.762
-1.653
-0.715
-2.773
-0.980
 0.507
-1.736
-0.971
 0.172
-0.717
-1.188
-1.727
-1.104
-1.420
 0.159
 0.766
-0.232
 0.159
-0.571
-2.402
-0.869
-0.125
-1.198
-1.294
-0.967
-2.000
-1.164
-2.480
-1.696
-1.028
-0.628
 0.609
-0.849
-1.089
-0.262
-0.873
-1.159
-0.605
-0.459
-1.016
-0.318
-0.323
-0.354
-0.414
 0.768
 1.224
-0.315
 0.281
-1.192
-2.286
-1.644
-1.548
-0.904
-1.342
-2.386
-0.920
-2.007
-2.216
-1.775
-1.089
-1.384
 0.592
-0.379
-1.641
-2.649
-2.248
-0.580
-1.926
-0.774
-1.531
-1.212
-2.647
-2.317
-3.154
-1.537
-1.514
-1.525
 0.212
-0.318
 0.003
-0.970
-1.925
-1.957
-0.900
-1.879
-1.140
-3.109
-1.293
-1.404
 0.010
-0.757
 0.180
 0.374
-1.510
-1.442
-1.759
-1.661
-0.246
-0.116
-0.850
-0.733
 1.044
-0