.467
 0.657
-1.102
 1.040
 1.086
-1.181
 0.434
 1.773
 1.586
 2.307
 0.654
 1.624
-0.325
 0.556
 0.260
 0.542
 0.421
 0.531
 0.438
 0.505
 0.332
 0.129
-1.076
-0.259
 0.730
 1.106
 0.271
 0.587
-1.024
 0.959
 0.811
 1.054
 0.309
 0.920
 0.987
 0.218
-0.512
 0.294
 1.141
 1.679
 1.673
-0.027
-0.165
 0.364
-1.503
-0.350
 0.693
-0.669
 0.604
-1.200
-1.330
 0.804
-0.805
 0.233
 0.523
 0.607
 0.850
 1.092
 0.600
 1.076
 0.959
 0.798
 1.557
-0.258
 0.531
 0.542
 0.152
 0.782
 1.302
 0.681
 1.200
 0.640
-0.103
 0.305
 0.542
 0.357
-0.323
 1.378
 0.708
 0.381
 0.577
 0.562
 0.613
 0.902
-0.326
-1.386
-0.496
-0.621
 0.665
-0.729
 0.283
-1.040
-0.374
-0.587
-1.076
 0.052
 0.224
 0.770
-1.612
-1.978
 0.060
-1.666
-2.168
 0.610
 2.196
-0.207
 0.825
 0.862
-0.155
-0.773
-0.808
 0.714
 0.139
-0.714
 0.173
-0.345
-1.243
 0.201
 0.955
-0.340
-2.072
-1.558
 1.579
 1.471
 0.111
 0.356
-0.701
-0.390
-0.943
-0.195
 0.541
-0.134
 0.453
-0.109
-0.957
 0.331
 0.166
 0.283
-0.373
-0.178
 0.773
-0.283
-0.178
 1.017
-0.753
 2.617
 0.685
 0.380
 0.695
 0.178
 0.227
-0.704
 0.296
 0.185
 0.341
 1.469
 0.257
 1.982
 0.093
-0.709
 1.795
-0.335
 0.420
 0.566
 0.364
 0.548
 1.321
 0.274
 0.523
 0.265
 0.084
 1.465
-0.081
 0.538
 0.573
 0.014
 0.738
-0.620
-1.858
 0.414
-0.088
-0.959
-0.294
-0.941
-1.002
 0.356
 0.037
 0.119
-0.623
 1.947
 0.634
 0.039
 1.392
-0.177
 0.740
 0.494
 2.220
 0.928
-0.403
 1.020
 1.217
 0.787
 2.464
-0.235
-0.648
 1.468
 1.019
-0.129
-0.307
 0.945
 1.573
 0.036
 0.266
-0.962
 0.050
 0.247
 1.350
 1.099
 0.081
-1.240
-0.274
-0.878
-0.678
-0.888
-1.350
-0.231
-0.916
 0.392
-1.274
-1.363
-1.108
-0.156
-0.427
 0.204
-0.583
-0.912
-0.495
 0.264
-0.346
-1.691
-1.019
 0.453
 1.163
-0.122
-1.083
-0.393
-1.049
-0.175
-2.269
-1.281
-1.053
-2.192
-1.458
-1.393
-1.824
-1.048
-0.514
 0.469
 0.488
-0.199
-1.155
 0.396
-0.024
 0.389
-0.019
 0.243
 0.827
 0.408
 0.095
-0.141
 0.420
 0.660
 0.394
 0.280
-0.189
 1.225
 1.378
-0.971
-0.946
-1.942
 1.388
 0.654
 0.115
-1.634
-2.438
-3.036
-0.385
-1.111
-0.456
 0.480
 0.199
 0.072
-1.033
-0.243
-0.172
-0.747
 0.349
 0.412
 0.295
-0.917
 0.472
 0.418
-0.343
-0.332
-0.697
 0.319
-0.882
-0.445
-0.563
 1.370
 1.408
 0.381
-0.751
-3.563
-1.558
-0.941
-1.061
-0.804
-1.060
-1.039
-1.907
-1.247
-0.443
-0.232
-0.145
 0.858
-1.417
-0.962
-0.224
-0.456
-1.215
-1.383
-1.707
 1.187
 1.027
-1.575
-0.336
 1.173
 0.290
-1.689
-0.285
-1.035
 0.460
-0.708
-1.820
 0.408
 0.346
 0.184
-1.168
-0.154
 0.584
-0.979
-2.255
-1.440
-0.264
-2.179
-1.317
-0.923
 0.889
 0.563
-0.256
-0.995
 0.618
 0.984
-0.490
 0.512
-0.642
 0.865
 0.834
-0.042
 0.590
 1.036
 1.408
 0.231
 0.455
 0.373
 0.557
-0.046
-0.083
 0.564
 1.680
 0.837
 0.162
 1.098
-0.565
 0.376
 0.747
 1.780
 2.256
 1.221
 1.829
-0.444
 0.602
-0.742
-0.340
-0.540
 0.319
 0.143
 0.346
 0.341
-1.497
-0.286
-0.013
-1.633
-1.145
-0.620
-0.082
 1.306
 0.777
 1.828
-0.078
 0.167
-0.508
 0.644
 1.483
 0.452
 0.408
-0.363
-1.005
-0.807
 0.011
 0.052
 0.319
 1.331
 0.548
 0.641
 0.159
 0.294
-0.028
-0.643
 0.530
 0.660
 0.096
-0.883
-0.180
 0.045
 1.033
 0.004
-1.515
-0.452
 0.310
-0.759
 0.684
-0.060
-1.573
-1.179
 0.054
-0.570
 1.137
 0.609
 0.762
 1.840
-0.040
-0.089
 1.186
-0.353
 1.767
 0.908
 0.642
 0.030
 0.875
-0.796
-1.649
-0.874
-1.452
 0.042
-1.886
 0.422
-0.618
 0.570
-0.750
-1.323
-0.932
 0.221
-0.639
-0.030
-1.083
-1.195
-1.447
-0.088
-0.122
 0.709
-0.074
 0.017
 0.035
 0.368
 0.586
 0.668
-0.085
 0.081
 1.327
 2.159
 0.963
-0.248
 0.673
 0.509
-0.255
 1.180
 0.748
 0.939
 2.115
 2.851
 1.275
 0.047
-0.087
 2.381
 0.707
 1.975
 0.853
 0.912
-0.529
-0.420
 1.282
 0.584
-0.493
-0.159
 0.388
 0.027
-0.067
 0.474
 0.609
 0.548
 1.009
-0.260
 0.221
-0.462
 0.411
-0.320
 0.728
-0.110
-1.229
-1.033
 0.161
 0.313
-0.067
 0.193
-0.148
 0.933
 0.168
 0.285
 1.051
-0.089
-0.556
-0.401
 1.251
-0.090
-1.128
 0.095
-0.897
-0.569
 0.812
 1.442
 0.016
 1.375
 1.948
 1.322
 0.456
-0.443
-0.806
 0.515
 1.221
 0.867
-0.224
 0.098
 0.644
 0.401
 0.673
-0.111
-0.354
 0.073
-0.162
 0.959
-0.700
-1.278
-0.129
-0.655
 0.742
-0.586
-0.592
 0.720
-1.107
-0.180
 0.499
 1.396
-0.583
 0.020
 0.596
-0.621
 1.783
 0.358
 0.127
-0.435
-0.394
-0.786
-1.049
-0.499
-0.999
-0.328
-0.874
-0.838
-0.398
-1.694
 2.209
-0.635
 0.743
 1.914
-0.644
-1.654
-1.139
-0.175
-0.316
-0.020
 1.051
 1.136
 0.339
 0.538
-0.516
 1.804
 0.458
 0.109
-1.061
-0.153
 0.066
 0.963
 0.096
 0.220
-0.308
 0.425
 2.787
 1.053
 1.207
-0.359
 1.892
 0.860
 0.528
 1.461
 0.815
 0.173
 0.586
 0.668
-1.390
 0.268
 0.062
 1.145
 1.016
-0.944
-0.378
 0.079
 1.047
-1.372
-0.574
 1.671
 1.042
 0.820
 0.895
-0.429
 0.849
 0.822
-1.034
-1.205
-0.045
-0.010
 0.428
-0.537
-1.211
-0.597
-0.850
-0.883
 0.908
-0.274
-1.187
 0.043
 0.872
 0.383
 0.351
-0.269
-1.065
 0.241
-0.964
 0.332
-0.874
-0.534
-0.702
 1.403
-0.489
 0.445
-0.521
-0.954
 0.388
 0.186
 0.114
-0.203
-0.145
 0.239
-0.045
-1.552
-0.722
-1.012
-1.280
-0.258
-0.525
-1.465
 0.004
-0.033
 0.132
 0.081
-0.043
 1.377
-1.262
-0.866
 0.720
-0.751
-0.298
-1.179
-0.429
 0.802
 1.323
 0.047
 1.090
-0.231
-0.985
-0.310
-0.046
-1.264
-0.454
 0.024
-0.411
-1.011
-1.292
-1.265
-1.715
-0.275
 0.181
-0.168
-0.894
 0.368
-0.511
 0.771
-0.116
-1.006
-0.237
 1.045
 0.838
-0.028
-0.983
-0.633
 0.078
 0.116
-0.606
-0.768
-0.829
-0.432
 0.255
-2.124
 0.777
 0.601
-0.604
 0.344
-1.623
 0.330
-0.516
 0.891
 1.092
 1.323
 2.175
 0.462
 0.225
-0.086
 1.063
-0.027
 1.042
 1.154
-0.631
 0.152
 0.813
-0.034
 0.290
-0.157
-1.595
-0.490
-0.373
-0.139
 0.630
-0.041
-0.313
-1.779
 0.344
-0.143
 0.169
 0.922
-1.514
 1.846
 0.969
-0.173
 0.575
-0.020
-0.850
 0.711
 1.104
 0.684
 0.438
 0.480
 1.091
 0.306
-0.691
 0.054
-0.123
-0.843
-0.689
 0.115
-0.044
-0.983
-0.233
-1.662
-0.617
 0.437
 0.499
 1.210
-0.554
-1.098
-0.652
-1.135
-0.084
 0.578
-0.718
 0.116
-0.272
-0.013
-0.665
 1.121
 0.835
 0.085
 0.399
-0.098
-1.098
-0.727
-0.611
 0.097
 0.037
-0.579
-0.318
 0.417
 2.061
 1.561
-0.956
-0.310
-0.039
-1.455
-0.760
 0.001
-0.152
-0.936
-0.495
-0.216
-0.097
 0.676
-0.228
-0.044
 0.928
 1.377
 1.312
 1.943
 1.727
 0.389
 1.105
 0.609
 2.023
-0.296
 0.435
-0.009
 0.199
 0.779
 1.985
 0.846
 0.316
-0.992
 0.705
-0.185
 1.388
-1.139
 0.108
 1.317
 0.772
 1.115
 1.401
 1.621
 2.317
 1.081
 1.576
 0.780
 0.649
 1.016
 0.978
-1.436
 1.175
-0.151
 0.705
 0.531
 0.351
 0.755
 0.600
 0.604
 0.365
 0.813
 0.569
-0.430
 0.192
 1.280
 1.123
-0.813
-0.834
 0.491
 0.486
 0.337
-1.570
 0.344
-0.175
 0.260
 0.496
 0.770
-0.747
 0.136
-0.030
-0.046
-0.418
 1.653
 1.301
 1.645
-0.007
 0.336
-1.060
-0.580
-0.628
 0.337
 0.359
 0.778
 0.723
 0.349
-0.514
-0.419
 1.021
 0.888
-0.863
 1.789
 0.904
 0.166
 0.626
 0.091
 1.962
 0.445
 0.989
 0.358
 0.163
 0.844
 0.359
-0.481
 1.203
 1.732
-0.468
-0.295
-1.653
-0.571
-0.733
-0.740
 1.834
 1.063
 1.353
 1.036
 0.267
 0.302
 0.860
 1.357
 1.964
 2.087
-0.022
 1.138
 1.079
 2.345
 1.939
 0.309
 0.796
-0.055
-0.662
-0.223
 0.153
 0.655
-1.092
-0.089
-0.485
 1.072
 0.375
-0.594
-0.691
-0.366
 0.221
-0.549
-1.403
 0.171
 0.869
 1.205
 0.346
 1.021
 1.507
 0.975
-0.754
 0.467
 0.398
-1.536
 0.855
 0.575
-0.348
-0.251
-0.001
 0.616
 0.589
 0.410
-0.449
-0.150
 0.698
 0.952
 0.632
-0.132
-0.114
 0.638
 0.223
-0.255
-0.418
 1.081
-0.438
-0.657
-1.110
-0.505
 1.089
-0.494
-1.893
-2.557
-1.059
-1.586
 0.171
-0.518
-1.046
-0.293
-0.579
-0.603
-0.716
-0.440
 0.643
-0.296
 0.985
-0.142
-1.657
-2.344
-2.352
-0.368
-0.755
-0.609
 0.055
-0.030
 0.457
 0.143
 1.624
 2.138
 1.574
 1.897
 0.146
 1.172
-1.160
-1.583
-0.546
-0.160
 0.167
-1.087
 0.858
-0.112
 0.989
 0.564
-0.531
 0.854
 0.108
-0.114
 0.037
-0.180
 0.710
-1.287
-0.556
-0.277
-1.463
 1.016
-0.069
 1.693
 1.544
-1.412
-0.965
 0.096
 0.088
-0.510
-0.051
-0.850
-1.463
 0.112
-0.477
 0.542
-0.280
-0.119
-1.131
-0.132
 0.514
 0.335
-0.932
-0.566
-1.148
-0.635
-0.478
-1.409
-1.353
 0.116
-0.430
 0.402
 0.088
 0.257
 0.343
-0.199
 0.312
-0.122
 0.565
-0.176
 1.427
-0.750
-0.142
 1.064
 0.447
 0.450
 0.429
-0.497
 0.878
 0.104
 0.524
 0.015
 0.567
 0.015
 0.212
 0.576
 0.292
 1.090
 0.863
 1.437
 0.066
 0.602
 0.315
 0.537
 1.348
 0.729
 0.697
 0.529
-0.100
 1.511
 1.279
 0.811
 0.570
 0.364
 2.130
 0.101
 0.273
 0.092
 0.160
-0.021
 0.897
-0.089
-0.469
 0.915
 0.233
 1.059
 0.091
 1.238
 0.469
-0.190
-0.201
 0.544
 1.352
-0.293
 1.761
 1.443
 0.538
 0.477
 0.243
-0.170
 0.627
-0.587
 0.463
-1.006
-3.216
-2.035
-2.514
-0.886
-0.387
 0.522
-1.175
-0.471
-0.227
-0.446
-0.617
-1.110
-0.657
-1.217
-1.067
 0.420
-0.798
-0.898
-0.632
 0.627
 0.006
-1.280
 0.968
-0.243
-0.859
-0.229
-0.545
 0.124
-0.467
-0.761
-1.035
 0.216
 0.108
 1.158
 2.579
 0.787
 0.556
 1.147
 1.095
 0.616
 0.756
 1.137
-0.298
 0.057
 0.304
 0.883
 0.188
-0.343
-0.877
 0.421
 0.664
 1.066
 1.334
 0.981
 0.025
 1.269
 3.373
 0.423
 2.107
 3.156
 3.425
 1.912
 2.437
 3.510
 1.592
 1.372
 1.661
 0.584
 1.220
 0.389
 0.583
 0.264
 0.564
 0.143
 1.026
 1.744
-0.406
 0.848
 1.622
 1.369
 2.356
-0.398
 0.298
 0.921
 1.063
-1.410
-0.855
-0.682
-0.297
 1.558
 1.086
-0.615
 0.151
 0.697
 1.441
 1.601
 2.152
 0.497
 1.372
 1.176
 0.843
 0.159
 0.988
 0.483
 0.818
 0.599
-0.263
 1.025
 1.548
 0.341
 1.198
 0.537
 0.031
-0.132
-0.108
 1.269
 0.392
 0.203
 0.119
-0.036
-0.827
-0.478
-0.876
-0.548
-0.025
-0.322
-0.152
 1.228
 0.998
 0.211
-1.453
-0.373
-0.597
 0.166
-0.802
 0.164
 0.082
-0.184
 1.310
 0.871
 1.824
 1.088
-1.691
 1.022
 0.461
 0.110
-1.197
 0.869
 0.998
-1.036
 0.376
-0.787
-0.439
 1.707
 0.830
 0.328
-0.256
-1.344
-1.065
-1.792
-1.545
-1.372
-1.721
-1.465
-2.694
-1.288
 0.245
-0.471
-0.378
-0.633
-0.813
-1.830
-0.163
-0.448
-0.124
-0.951
-1.010
-0.596
 1.557
-0.270
-0.847
-0.553
 0.887
 1.396
 0.900
 0.192
-0.506
-1.095
 0.151
-0.775
 0.694
 0.829
 0.716
 0.299
 0.446
 1.854
-1.504
-0.899
 0.281
-0.060
 0.959
-0.416
 0.012
 0.267
 0.270
 1.087
 1.069
-0.644
 0.013
 0.984
 1.368
-0.572
-0.992
 0.507
-0.044
 0.213
 0.111
 1.366
 1.396
 1.295
 0.240
 0.652
 1.441
 0.518
 0.400
 0.006
 2.227
 2.545
 1.195
-0.886
 1.032
 0.733
 0.124
 1.497
-0.292
 0.930
-0.662
-0.360
-1.039
 0.946
-0.992
-0.736
-0.306
-1.157
-0.637
-1.518
-2.391
-2.362
-0.003
 0.042
 0.163
 0.322
 0.213
 0.561
 0.599
 1.037
-0.151
 1.675
-0.384
 1.458
-0.489
-0.183
 0.862
 1.121
 0.401
 1.290
 0.871
-0.603
 0.832
 1.520
 0.116
 0.668
 0.133
 0.904
 1.702
 0.784
 1.207
 1.666
 0.083
-0.595
-0.582
 0.677
 1.414
 0.302
 0.050
 0.363
 1.248
 0.623
 0.021
 0.033
 0.684
 0.131
 0.235
 1.242
-1.528
 0.395
 0.700
-0.189
 0.629
 0.769
 0.783
 0.204
 2.393
 1.111
 0.404
 0.943
 0.752
 0.186
 0.771
-0.025
-0.735
 0.578
 0.574
 0.932
-0.872
 0.400
 0.638
 1.000
 1.410
 0.051
-0.650
-0.274
 1.344
 1.054
 0.590
 1.309
 1.129
 0.068
-0.758
-0.432
 0.833
 0.606
 0.722
 0.700
 0.120
 1.771
-0.272
 1.093
-0.052
-0.527
-1.850
 0.480
 0.201
 0.382
-0.194
-0.214
-1.152
-0.531
-0.708
 0.254
 0.228
 0.148
 1.227
-0.341
-1.293
-0.241
-0.610
 0.208
-0.552
-1.486
-0.052
 0.181
 0.748
 1.292
 0.832
 1.816
-0.014
 0.584
 0.204
-0.253
 1.633
 1.408
-0.315
 0.010
 0.250
-0.050
-0.716
-0.886
-0.733
-1.296
-0.698
-0.422
-1.304
-0.353
 0.094
-0.449
-1.895
-1.008
-2.990
 0.826
-0.517
-0.117
 0.365
-0.655
 0.150
-0.344
-0.217
 0.954
-0.771
-0.155
 0.112
 0.824
-1.064
-1.895
 0.623
-0.023
 0.282
 0.299
-0.011
-0.789
 0.458
-0.546
-0.135
-0.606
-1.118
-0.944
 0.715
-0.184
 0.789
-0.451
-0.643
-2.273
-1.343
-2.289
 0.993
-0.335
-0.366
-1.149
-1.849
-0.028
-0.993
-2.157
-1.248
 0.472
-0.317
 0.138
-0.222
 1.633
-0.329
-1.419
 0.253
-0.061
-1.194
-0.431
-0.298
-0.325
-1.138
-0.987
-0.943
-1.174
 0.678
 0.664
-0.136
-0.252
-1.641
-0.253
 0.705
-0.129
-1.302
 0.385
-0.187
 1.280
-0.007
 0.667
-0.342
 1.135
 1.101
 0.052
 0.979
 0.321
-0.359
-0.390
 0.286
 0.215
-1.261
-0.241
 0.142
-0.014
 0.199
-1.184
 0.900
 0.306
 0.234
-0.120
-0.596
-1.353
-1.164
-1.557
-1.150
-0.804
-0.749
 0.434
-1.521
-2.319
-2.480
-1.589
-2.631
-2.344
 0.466
 0.786
 0.043
-1.381
-1.625
 0.435
-0.435
-1.495
-0.275
-1.575
-1.106
 0.545
-0.257
-1.447
-0.757
 0.008
-0.424
-2.063
-0.491
-0.691
-1.439
-0.210
 1.893
 0.829
 0.201
 0.037
-1.060
-0.140
-2.171
-0.816
-0.054
 0.488
 1.929
 0.559
 0.319
-0.412
 1.739
 0.746
 1.211
 0.386
 0.261
 0.142
 0.902
 0.487
 0.319
 0.794
 0.396
 0.158
-0.427
 0.492
 2.302
 0.751
 2.086
-0.175
 0.980
 0.994
-1.518
 1.482
 1.502
-0.356
 0.925
 0.330
 0.656
 0.774
-1.319
-0.069
 0.889
 2.220
 1.191
 1.051
 1.209
 0.545
-0.136
-1.616
-0.280
 0.585
-0.718
-0.248
-0.424
-0.723
-0.857
-0.099
-0.455
-0.482
-1.043
 0.016
-0.414
 0.957
 0.232
 0.309
 0.635
 2.481
 0.816
 1.612
 1.938
-0.023
 1.144
-0.397
 0.330
-0.950
-1.548
-0.128
-2.238
-0.740
-0.632
-0.475
-1.602
 0.642
 0.119
-0.265
-1.366
-0.602
 0.649
-0.343
-1.011
-1.178
 0.308
 0.356
-0.662
-0.061
-0.896
-0.036
 0.363
 0.165
-0.280
 1.321
-0.529
-1.742
-1.582
-0.428
-1.727
-1.446
 0.004
 0.002
-1.284
 0.287
-0.921
-1.386
-0.943
-2.549
-1.486
 0.076
-0.073
 0.428
 0.870
-0.182
-1.838
-0.945
-0.239
 0.002
 0.752
-1.446
-0.843
-1.361
 0.432
-0.188
-0.587
 0.505
 0.203
 0.782
-1.169
-1.020
-1.808
-1.644
-2.088
-1.072
-0.215
 0.600
 1.039
 1.737
 0.050
 1.885
 1.843
 1.610
 1.016
 0.147
 0.616
 2.423
 0.176
-0.675
 1.030
 0.401
-1.211
-1.076
 0.416
 0.794
 0.690
 1.349
 1.408
-1.013
-0.963
-0.681
 0.101
 1.028
 0.220
 0.528
-0.385
 1.223
 0.866
-0.445
-0.322
-0.020
 0.506
 0.634
 0.430
-1.596
-1.219
 0.391
 1.363
 0.907
-0.313
 0.659
 0.194
-0.388
-0.137
-0.306
 1.491
 0.462
-0.270
-1.289
 1.382
-2.444
 0.596
 0.181
-0.389
-1.321
-0.497
 0.259
 0.334
-0.397
-0.299
 0.294
 1.557
-0.084
 1.875
-0.173
-0.216
-1.214
 0.143
-0.401
 1.175
 0.577
-0.130
 1.212
 0.390
 0.212
 0.430
-0.002
 0.234
 0.093
 0.113
-1.248
-0.017
-0.765
-1.153
-0.202
 0.486
-1.249
-0.160
-1.196
 1.230
 0.388
 1.225
 0.015
 0.052
 0.635
 1.167
-0.039
 2.267
 0.084
 0.080
 0.637
 1.335
 0.667
 2.394
 0.776
-0.471
-0.935
-1.198
-0.555
-1.582
-0.765
-1.558
 0.121
-0.769
-1.742
-0.615
 0.197
-1.148
 0.514
 0.244
-0.072
 0.408
-0.248
-0.671
 0.122
 0.404
 1.287
 1.798
 0.491
-0.982
 0.891
 0.826
 1.256
 1.227
-0.160
 0.955
-0.071
-0.222
-0.061
 0.803
-0.002
-0.674
 0.537
 2.336
-0.370
-0.049
 0.227
 0.719
 1.097
 0.685
 0.617
 1.248
 0.947
 1.139
 0.108
 0.078
 2.193
-0.208
 0.844
 0.282
-0.112
 0.083
 0.741
 0.376
 0.965
 0.757
-0.094
-1.309
-0.203
 0.438
-0.669
 0.065
-0.383
-1.586
-1.277
-2.002
-0.004
-1.195
-0.594
-0.630
-0.004
-1.116
 0.196
-0.876
-1.343
 1.030
-0.003
 0.364
 1.652
-0.418
-0.570
 1.294
 0.635
-0.253
 0.137
 1.110
 0.841
-0.008
-2.297
 0.429
-2.728
-1.961
 0.451
-0.025
-0.189
-0.741
-1.276
-0.940
-1.843
-1.863
-2.476
-1.556
-1.282
 0.583
 0.236
-1.115
-2.387
-0.274
-0.096
 0.785
-1.764
-0.992
-1.072
-0.558
-0.168
-0.987
-2.146
-1.356
-0.602
-0.355
-0.956
-0.420
-0.006
-1.035
-2.143
 0.178
-0.811
-0.982
-1.904
-1.632
-1.952
-1.056
 0.401
-1.289
-0.720
-0.478
-2.387
-0.253
-0.561
 0.768
-0.343
-2.433
 0.468
-0.603
-1.283
 1.300
 1.149
-0.359
-0.125
-0.043
-0.100
-1.039
-1.203
-0.910
-0.006
-0.537
-0.675
-0.046
-1.338
-2.101
-1.473
-2.258
-0.152
-1.334
-3.682
-1.368
-0.915
-0.620
-2.246
-2.303
-1.215
-1.254
-2.673
-3.203
-3.070
-0.563
-1.056
-1.723
-0.580
-2.092
-1.536
-1.974
-2.334
-0.697
-1.864
-1.509
-3.209
-1.056
-1.521
-1.127
-1.024
-0.404
 0.213
-1.342
-0.804
-1.778
-0.186
-0.163
-1.752
-0.319
-0.398
 0.121
-0.647
 0.453
-0.601
-0.686
 0.351
-0.635
-1.279
-0.612
-0.059
 0.708
 0.928
 0.438
-0.965
-0.057
-0.980
 0.825
-0.527
-0.305
 0.145
-0.168
-0.197
-0.518
 0.795
 1.091
 0.618
-0.707
-0.346
-0.739
-0.051
 0.068
-0.254
-0.832
 0.918
-0.580
 0.019
 0.311
 1.003
-1.499
-0.074
-0.562
-0.228
-1.410
-2.118
-1.261
-1.372
 0.568
-0.510
-0.956
-0.343
-0.222
-0.382
-0.581
 0.480
 0.665
 0.547
-0.217
 0.005
-0.101
 0.024
 0.474
-0.019
 1.975
 0.053
 0.579
-0.658
 0.238
 0.510
-1.334
-0.273
-0.081
-0.863
-0.231
 0.496
-0.132
-1.282
-0.464
-1.656
-0.100
 0.196
-0.333
-0.008
 0.917
 0.513
-1.113
-0.193
 0.215
-1.726
-0.268
 0.176
 0.802
-0.570
 0.389
 0.701
-0.408
-0.223
 0.494
-1.911
-1.993
-0.476
-0.593
-0.096
 0.059
-1.744
 0.114
-0.392
 0.562
 0.762
-0.857
-0.021
 0.022
-1.017
-1.295
-0.786
-2.146
-0.693
-0.900
-0.067
 0.330
-0.133
-0.103
 0.221
-0.630
-0.494
-0.674
-0.636
-2.005
 0.680
 0.776
-0.039
 0.332
-0.598
-0.225
-1.395
-1.131
-1.055
-0.455
-0.769
-0.962
-0.323
-0.437
-0.989
-0.514
-0.369
-0.994
-0.518
-0.419
 0.339
 0.512
-0.564
-1.242
-0.752
-0.506
-0.265
-0.830
-1.671
 0.073
-1.223
-0.868
 0.704
-1.097
-1.640
 0.264
-0.432
-0.267
-0.534
-0.784
-0.145
-0.165
 0.199
-0.384
-0.376
-0.214
-0.474
-0.002
 0.221
 0.454
 1.412
 0.551
 1.576
 1.844
 0.182
 0.227
-0.390
-0.188
 0.653
 1.229
 0.056
-0.110
 0.189
 1.045
-0.847
-0.166
 0.844
 1.367
 0.046
-0.816
-0.186
-0.042
 0.174
-1.298
-0.499
-0.449
-0.250
-0.843
 0.234
-1.079
-0.586
 0.474
 1.292
 0.617
-0.215
-0.539
-0.002
 1.206
 0.453
 0.297
 1.657
-0.087
 0.080
-0.442
-0.174
-0.619
-0.499
 0.404
-0.254
-0.090
 1.067
-0.190
-1.729
-1.105
-0.949
 1.456
-0.029
-0.588
-0.523
 0.713
 1.346
-0.337
 0.427
 0.243
-0.838
-1.063
-0.867
-0.839
-0.069
-0.186
-1.235
-0.629
-0.500
 1.088
 0.360
-1.442
-2.308
-1.621
-0.367
-0.464
 0.562
 0.082
 0.156
-1.283
-1.153
-0.241
 0.889
-0.148
 0.634
-1.481
-1.658
-0.924
-0.702
-0.356
 1.026
-0.213
-0.451
-0.250
-1.011
-0.835
-0.533
 0.386
 0.247
 0.482
-0.963
-0.821
-1.078
-0.360
-1.210
-0.204
-0.873
-0.489
-0.293
 0.271
-1.045
-0.945
-1.889
-2.727
-1.783
-0.878
-0.786
-0.689
-2.138
-1.392
-0.776
-0.185
-1.853
-0.517
 0.539
-0.877
-0.833
 1.378
 0.419
 0.339
 0.686
 0.562
 0.826
-1.594
-0.723
-1.944
-0.385
-0.233
 0.648
-1.494
-1.519
 0.772
-0.183
-1.264
-1.497
-0.538
-1.346
-0.838
-1.055
-0.915
-2.207
-1.188
 0.218
-0.044
-0.477
-1.503
-0.524
-1.790
-1.259
 0.348
-0.934
-1.105
-0.130
 0.496
-1.616
 0.621
-0.832
 0.322
-1.297
-1.312
 0.234
 1.076
-0.675
 0.128
-0.908
-2.100
-0.557
-0.935
-1.283
-1.273
-0.779
-0.161
-0.596
-0.240
 0.207
-0.790
-1.600
-0.690
 0.037
-0.974
 0.032
-0.490
-0.217
-1.870
-0.564
-2.284
-0.907
 0.751
-0.492
 0.198
-0.309
 0.008
-0.248
 0.108
-1.027
-0.866
-1.018
-0.442
-1.180
-0.235
-2.437
-0.958
-0.554
-1.309
-0.604
-1.072
-1.089
-0.020
 0.140
-2.073
-1.639
-2.109
-1.173
-0.858
-0.915
-1.683
 0.975
-1.775
-2.140
 0.015
 0.611
-0.076
 0.281
 0.527
 0.843
-0.018
 0.906
 0.589
 0.519
 0.850
 0.575
 1.459
 1.370
 0.416
-0.652
-1.169
-0.662
-0.973
-0.484
 1.014
-0.109
 0.719
 0.037
 0.530
-0.660
-0.473
-1.180
 0.038
-1.122
-2.271
 0.281
-0.351
-0.408
-0.271
 0.364
-0.204
-0.587
 0.762
 0.967
-1.010
-2.716
-0.872
 0.297
-0.098
 0.346
 0.309
 1.112
-0.053
-0.977
 0.156
-0.517
 0.472
 0.269
 0.777
 0.983
 0.416
-0.612
-1.773
-0.747
-0.951
-1.436
-0.685
-0.879
-1.132
-0.218
-0.711
-0.283
-0.284
-0.249
 0.937
 0.873
 1.838
 1.718
 1.606
 0.956
-0.002
 1.073
 0.567
 0.789
-0.186
-0.909
-0.489
-0.743
-0.304
-0.452
-0.227
 0.303
 0.178
-0.385
-0.059
 1.255
 1.171
 0.561
-0.352
 0.132
 0.039
-0.781
-0.513
 0.883
 0.707
 0.195
-0.900
 0.337
 0.054
-0.156
-0.364
-1.030
 0.102
 0.202
-0.205
-0.766
 0.384
 0.693
 0.729
-0.289
-0.124
 0.126
-0.027
 0.804
 0.424
-0.725
-1.637
 0.219
 0.485
 1.700
 0.648
-0.185
 1.123
 1.415
-0.415
 0.080
-0.766
 0.486
 1.085
-1.541
-0.023
 0.038
 0.797
-0.220
 0.361
-0.556
 0.242
 0.681
 0.252
 0.326
-0.645
 0.029
 0.396
 0.904
 0.527
 0.425
 0.350
-0.019
-1.403
-0.811
-1.594
-1.122
-1.769
-0.078
 0.211
-0.555
-0.778
 0.291
 0.219
 0.737
-1.560
-0.501
-1.308
-1.184
-1.727
-0.462
-0.471
-0.206
-0.273
-0.640
-0.253
 1.600
 1.012
 1.104
 0.388
 0.639
 0.776
-0.137
-0.542
-0.405
-0.033
-0.793
 0.750
 1.141
 0.196
-1.663
 0.540
-0.172
 0.574
-0.224
-0.251
-0.065
 0.946
 0.384
 0.359
 1.625
 0.225
 1.595
 0.093
 0.367
-1.441
-1.042
-0.028
-0.144
-0.012
 0.323
-0.585
 0.439
-1.565
-0.547
 0.169
 0.161
-0.727
-0.395
-0.864
-1.212
-0.753
-1.023
-1.343
 1.071
-1.549
-1.415
-1.269
-0.438
-0.808
-1.352
-0.064
 0.196
 0.175
 1.210
-0.331
 0.779
-0.136
-0.540
-0.026
 1.112
 0.582
 0.784
 1.653
 0.630
 1.759
 1.026
 0.095
-1.081
-0.311
 1.069
 1.034
-0.101
-0.539
-0.758
-0.472
-0.862
-1.179
-2.294
-0.531
-0.674
 0.197
-0.858
 0.021
 1.282
 0.882
-0.148
-0.971
-0.431
-0.844
-0.795
 0.817
-0.424
-0.636
-0.316
-0.702
-0.833
-1.001
-1.655
-1.735
-0.528
 0.704
-0.835
-1.363
-1.482
-1.512
-0.440
-1.162
-0.961
 0.058
-0.697
-2.823
-1.068
-0.040
 0.693
-0.153
 0.229
-1.402
-0.569
-1.319
-1.588
-1.487
-0.408
 0.604
 0.383
 0.375
-0.107
-0.802
 0.079
 1.460
-0.166
 0.327
-0.061
 0.308
 0.076
-0.070
-0.038
-0.473
-0.333
-0.486
 0.945
 0.660
-1.447
-1.794
-1.633
-0.498
-0.249
 1.019
 1.092
-1.337
-1.406
-0.577
 0.541
-0.060
-0.018
-1.354
-0.472
-1.472
-1.263
 0.390
-0.389
-0.708
 0.063
 0.098
-2.059
 0.043
-0.623
-0.932
-0.033
-0.714
-1.435
-1.402
-1.136
 0.673
 1.508
 0.535
-1.489
-0.820
-0.780
-1.187
-0.005
-0.109
-0.549
 0.018
-0.408
-0.259
 0.274
-1.213
-0.178
 0.105
 1.870
 0.433
-0.525
-2.128
-1.085
-0.846
-0.285
-0.719
-2.251
-1.594
-1.836
-0.526
-0.634
-0.796
-2.564
-1.685
-0.022
-1.495
-0.605
 0.290
-0.481
-1.050
-1.792
-0.307
-0.806
-0.276
-0.487
-0.681
-0.783
-0.337
-0.439
-1.502
-1.952
-1.801
-0.972
-0.489
-1.676
-0.520
-1.160
-0.810
-0.529
-1.051
-0.229
 1.845
-0.787
-0.472
-1.691
-2.711
-1.488
-1.830
-0.914
-0.291
-0.510
-0.291
-1.262
-0.601
-1.759
-1.065
 0.634
 0.280
 0.702
-0.464
 0.064
 0.201
 0.520
-1.108
-0.942
-1.360
-1.007
-0.888
-0.666
-1.271
-0.552
-1.702
-0.234
-0.965
-0.141
 0.048
-0.649
-0.937
-0.621
-2.033
-1.728
-0.760
-0.784
-0.531
 0.196
-0.192
 1.435
 0.175
-1.521
-1.025
-1.197
-2.069
-1.902
-0.621
-0.172
-1.801
-1.703
-0.081
 0.279
-1.049
-0.968
 0.881
 0.927
-0.292
-1.288
-1.897
-0.724
-1.585
-0.393
 0.155
 0.004
 0.502
 0.439
-0.435
-0.053
-1.659
-1.252
-0.983
-0.411
-1.548
-2.022
-0.815
 0.407
 0.178
 0.247
 0.950
 0.703
 1.526
 0.136
-0.516
-0.321
-1.555
-0.588
-0.143
-0.952
-0.236
-0.154
-0.327
-0.262
 0.184
 1.011
-0.682
 0.349
-0.818
-1.073
-0.142
-1.616
-1.333
-1.194
-1.725
 0.555
 0.479
 0.272
 0.081
-1.019
-2.266
-1.101
-1.047
 0.310
-0.099
-0.759
-0.895
-0.104
-1.122
-0.783
-1.840
-1.765
-0.438
-0.390
-0.225
-0.949
-1.525
 0.017
-1.401
-0.628
-0.693
-1.304
-0.735
 1.088
 0.550
 1.216
-0.632
 1.110
 0.986
 0.349
 1.505
 0.505
 0.547
 1.803
 0.239
 0.554
 0.850
 0.076
 1.404
 0.644
 1.645
-0.047
 0.690
-0.557
 0.039
-1.162
-0.463
-1.025
-1.871
-0.586
-1.695
 0.247
 0.028
 0.650
-2.122
-0.731
-0.026
 0.650
 0.452
-0.658
-0.393
-1.206
-1.478
-1.703
-0.974
-0.483
-1.205
 0.301
 0.655
-0.933
 0.417
-0.929
 0.138
-1.568
-1.891
-0.450
-0.431
-0.152
-1.146
-0.201
 1.485
 1.212
 0.117
 0.161
 0.751
-0.759
-0.723
-0.802
 1.155
-1.291
-0.607
 0.480
-0.405
-2.041
 1.163
 0.474
 0.436
-1.077
-0.803
-1.303
-0.571
 0.484
-0.398
 0.491
-0.275
 1.772
 1.625
 0.653
 0.561
 0.956
-0.228
 0.864
 0.825
 0.514
 0.452
-0.040
 1.496
 0.629
-0.462
-0.064
 0.428
-1.472
 1.559
 0.690
 2.786
 0.808
-0.765
 1.360
 0.604
 2.275
 1.919
 1.656
 0.694
 0.251
 0.966
 0.959
 1.339
 0.667
 0.759
 2.010
 2.012
 1.077
 0.371
-0.957
-1.300
-0.789
 0.122
-1.437
-2.277
 0.167
 0.354
-1.158
-1.636
-0.145
 0.721
 0.328
 0.875
-0.868
-0.140
 0.807
-2.134
-1.958
-0.402
-0.612
 0.414
 0.460
 0.613
 1.187
 0.765
 0.994
 0.660
 0.294
 1.313
 1.177
 2.218
 1.508
 1.643
 1.661
 0.663
 0.385
 0.431
 0.641
 1.196
 0.148
 0.156
 1.010
 0.756
 1.985
 2.217
 0.934
 0.803
 0.932
 1.267
 1.692
 0.739
 1.643
-0.709
-0.355
 1.051
 0.300
 0.597
 1.393
 1.209
 2.401
 0.320
 0.550
-0.990
-0.154
 0.489
 0.159
-0.323
-0.133
 1.469
 0.743
-0.285
-0.604
-0.399
 0.711
-0.445
-0.417
-0.028
 0.193
-0.768
 1.202
 1.253
 0.051
 0.308
-0.242
 0.373
 0.615
-0.115
-0.339
-1.164
-1.182
-1.266
-0.338
 0.472
 1.055
 0.604
 0.244
-0.205
-0.744
 0.944
 0.597
 1.246
 0.623
 0.575
 0.223
-0.538
 1.000
-0.091
 0.065
-1.470
 0.496
-1.022
-0.974
-2.015
-0.772
-1.307
-0.707
 0.194
 0.037
-1.268
 0.202
 0.043
-1.498
 0.070
 0.764
-0.089
 0.871
 1.048
-0.806
 1.025
-0.753
 0.423
-1.015
 0.119
-0.155
-0.450
-0.766
-0.858
-1.121
-0.432
-1.370
-0.144
 0.435
-1.308
-0.515
-0.184
-0.020
-0.875
-0.284
 0.309
-1.198
-1.192
-0.834
 1.036
-1.421
-1.345
 1.046
 0.110
-0.251
-0.460
 0.082
-0.445
-0.704
-0.898
-1.786
-0.369
 0.236
 1.444
 0.749
 0.425
 0.511
-0.513
-1.714
 0.908
 0.035
-0.201
-0.091
-1.464
-1.798
-0.482
-1.840
-1.729
-1.298
-1.140
-2.464
-3.241
-0.613
-1.111
-1.483
-2.431
-0.168
 0.984
-0.630
 0.434
-1.643
-0.668
-0.949
 0.307
-1.077
 0.472
-0.100
-1.107
-1.135
 0.897
 1.643
-0.171
 0.103
 0.404
-0.202
 0.295
 0.754
-0.596
 0.014
-0.234
 0.688
 0.444
-1.106
 1.318
 0.201
-0.680
-2.111
-0.182
-1.753
-0.779
-0.702
 0.808
 0.539
 0.460
-1.079
-0.521
 0.520
 0.469
-0.966
-2.151
-1.120
-0.042
-0.600
-0.698
-0.344
-0.454
-0.444
-0.285
-0.638
-0.769
-1.248
-0.614
-0.391
 0.550
-1.851
-0.552
-2.294
-0.038
-0.438
-1.306
 0.682
 0.213
-0.542
-1.856
-0.043
 0.297
-1.328
-0.109
 0.300
 0.613
 1.968
 0.600
-0.812
-0.527
-0.360
-0.418
 0.154
 0.384
-0.081
-0.358
-0.361
-0.260
 0.663
 0.878
-1.217
-0.589
-0.614
 0.468
-0.008
 0.611
-0.959
-1.315
-2.511
 0.589
-0.056
-0.495
-1.387
-0.366
-1.513
-0.288
 0.324
-0.429
 0.288
-0.805
-1.454
-1.083
-1.125
-0.229
-1.054
-1.528
-0.840
 0.166
 1.158
 0.827
 1.695
-0.023
 0.688
-0.209
-0.476
-0.245
 0.099
-0.632
-0.985
-1.031
 0.090
 0.606
-0.819
 0.784
 0.104
 2.173
-0.220
 0.257
 1.433
-0.024
-0.808
 0.020
-1.145
-0.783
-0.672
-0.980
-0.281
 0.717
 0.438
-1.293
-1.079
 0.255
-1.343
-1.233
-0.880
-0.790
 0.321
 0.007
-0.238
 0.163
-1.297
-0.830
 0.654
-0.887
 2.467
 1.078
-0.168
-0.281
-1.100
-1.525
-1.018
-0.687
 0.580
-0.599
-1.371
-0.565
-1.120
-1.679
-1.816
-2.117
-1.333
-1.921
-0.670
-0.238
-0.361
-0.637
-0.525
 0.278
 1.672
-0.846
 0.428
 1.477
 0.699
 0.578
-1.204
 0.333
-2.092
-0.627
 0.354
-0.925
-0.067
 0.715
 0.969
-0.272
-1.201
-0.440
-0.492
 0.411
-0.192
 0.787
 1.700
 1.996
-0.601
-0.001
 0.205
-1.528
 0.085
-0.793
 0.047
 1.777
 1.415
 0.222
 0.284
 0.949
 1.443
 0.878
 0.938
 1.958
 1.072
 0.457
 0.237
-0.430
 0.538
-0.732
-0.257
 0.378
 0.376
 2.256
 0.396
 0.258
 0.122
 1.308
 0.334
 0.332
-1.293
 0.062
-0.585
-0.168
-2.131
-1.733
-2.157
-0.496
-0.566
-0.108
 0.774
 1.433
-0.955
-0.481
 1.827
 0.746
-0.276
 0.186
-0.672
-0.614
-0.612
-1.632
-1.084
-1.425
-0.313
 0.619
-0.522
-0.722
-0.876
-0.617
-0.949
-1.642
-2.431
-1.061
-0.077
-1.251
 0.011
-1.365
-0.943
-1.752
 0.226
 1.440
 0.373
 0.815
-0.335
 0.900
 0.640
-0.681
-0.235
-0.713
-0.656
 0.257
 0.481
-1.168
-0.509
 0.266
 1.148
-0.453
 0.169
-1.017
-1.112
-1.754
-0.565
-1.749
-3.493
-2.534
-1.321
-0.981
-0.800
-0.960
-0.927
 0.411
-2.490
-1.671
-0.220
-0.949
-0.778
-2.228
-1.773
-3.122
-2.069
-1.892
-1.702
-1.261
-1.278
-1.591
-2.038
-0.676
-1.779
-0.290
-1.006
-1.635
-0.777
 1.289
 0.757
 0.469
-0.580
-1.693
 0.113
 0.624
 0.141
-0.189
-0.860
 0.513
 0.298
 0.317
 0.362
-1.203
 0.960
 0.300
-0.216
-0.039
-1.037
 0.430
-1.952
-1.566
 0.330
-0.469
 0.346
-0.106
 0.925
-0.393
-0.365
 0.073
-0.519
-1.763
-1.588
-0.997
 0.057
-1.104
 0.093
 0.124
-0.168
 1.108
 0.216
-1.193
 0.669
-0.088
-0.677
-0.208
-0.214
-0.285
 0.624
 1.482
 1.860
 1.335
 0.522
 0.095
-0.831
-1.216
-0.786
-0.829
-2.096
-0.482
-0.603
 0.010
-0.443
 0.450
-0.605
-0.390
-0.049
-0.669
-0.936
-1.382
-1.294
 0.471
-1.232
-0.797
 1.157
 0.136
 1.658
 1.159
 0.397
 0.788
 1.133
 0.580
 0.265
 0.923
 1.407
 1.561
 0.859
 1.195
 1.449
 1.070
 0.217
 0.043
 1.487
 0.861
-0.301
-1.844
-0.336
-1.084
-1.578
-1.136
 1.200
-0.229
-0.732
-2.047
-1.109
-0.887
 0.785
-0.283
-1.153
-0.769
-0.472
-0.966
-0.569
-1.939
-0.459
-1.533
-1.350
-1.707
-1.791
-0.628
-0.615
-0.864
-1.257
-0.854
-1.015
-2.110
-1.288
 0.249
-1.360
-2.151
 0.091
-0.419
-0.417
-0.947
-2.067
-1.534
-0.353
-0.829
-1.385
-0.544
-1.610
-1.534
-1.268
 0.543
 0.318
-0.780
-1.477
-0.637
 0.073
-1.551
-1.656
-2.631
-1.507
-1.452
-1.323
-0.486
-1.341
-2.210
-0.494
-1.029
-1.986
-0.899
-0.429
-0.253
-1.303
-0.259
 0.643
 0.077
 0.278
-0.074
-0.676
-2.575
-1.910
-1.259
-2.991
-2.326
-3.086
-0.942
-1.449
-0.606
-1.800
-1.734
-2.304
-2.079
-0.415
-2.403
-1.513
-0.203
 0.279
-1.746
-1.209
-0.978
-2.018
-0.837
-1.861
-0.597
-0.979
 0.618
-0.962
-1.016
-2.404
-1.257
-1.718
-0.357
-1.278
-0.341
-0.574
 0.450
 0.046
 0.411
-0.980
 0.147
-0.211
-1.575
-1.923
 0.356
-0.543
-1.501
-0.153
 0.715
-0.385
-0.327
-0.903
-0.240
-1.004
-0.185
-0.826
 0.556
 0.567
 0.779
 0.482
-1.950
-0.134
-1.350
-1.387
-0.597
-0.141
-0.925
-0.502
-0.463
-0.816
-1.647
-2.123
 1.200
 0.846
 0.238
 0.933
 0.804
 0.544
 0.131
 0.056
 0.903
-1.484
-2.085
 0.353
-0.303
-1.503
-1.030
-1.405
-0.690
 0.060
 0.184
-1.609
 0.933
 0.400
-0.032
 1.193
-0.341
-1.443
-0.284
-0.991
 0.572
 0.112
-0.538
-0.076
-0.866
 0.473
-0.668
-1.693
 0.260
 0.972
-0.361
-0.063
 0.075
-0.284
 0.269
 0.025
 0.847
 0.044
-0.150
-0.391
 0.862
 0.013
 0.356
 0.751
 1.391
 0.125
 0.480
 0.209
 0.991
 0.704
 1.013
-0.359
-0.696
-0.413
 0.109
-0.211
-0.504
 0.343
 0.153
 0.261
 0.443
 0.220
 0.583
 1.746
 0.056
 1.792
 2.187
-0.191
 0.912
 0.507
-0.527
-0.902
 0.808
 1.042
 0.471
 0.901
 0.399
-0.213
-1.280
-0.320
-0.373
-0.612
 0.552
 0.515
-0.044
 0.292
-1.967
-0.075
 0.556
 1.147
 0.446
-0.872
-0.276
 0.668
 0.323
 0.207
 0.656
 1.071
-0.687
 0.097
 0.979
-1.128
 0.352
 0.419
-0.965
-1.075
 0.870
-0.264
-1.633
 0.821
 0.788
 0.335
-0.154
-1.385
-0.561
-1.252
-0.617
-1.619
-0.189
-1.009
 0.240
 0.853
 0.924
 0.209
 0.888
-0.117
 1.428
 1.145
-0.902
-0.441
 0.018
-0.261
-1.018
-0.647
-0.361
 0.597
-0.228
-1.531
-1.494
-1.037
-0.491
-1.625
-1.581
-1.421
-0.867
-1.392
-0.842
-0.064
-1.873
-1.942
-0.375
-0.767
-1.153
-0.925
-0.288
-0.808
-1.060
-1.473
-2.967
-0.779
 0.488
 0.424
-0.410
-0.138
-0.239
 0.963
 0.787
 0.886
 0.445
 0.207
-0.097
-0.439
-0.811
 0.695
 0.868
 0.932
 1.658
 0.230
-0.281
-0.793
-0.706
-0.455
-0.947
 0.949
 1.181
-0.422
-1.492
 0.684
-1.830
-1.691
 0.311
 0.436
 0.264
-0.883
-0.044
-1.904
-0.261
 0.169
 0.956
 0.111
-0.202
-0.191
-0.692
-1.585
-1.976
-0.148
 0.193
 0.528
 1.101
-0.747
-2.001
-1.654
-2.004
-1.520
-2.417
-1.887
-1.531
-1.687
-1.916
-2.031
-0.903
-0.677
-0.798
-1.214
 0.524
 0.060
-0.735
 1.102
-0.087
-0.327
-0.267
-1.270
-1.605
-2.061
-0.484
-1.266
-2.217
-1.170
-1.521
-0.714
-2.123
-0.757
-1.305
-1.782
 0.580
 0.114
-1.042
-2.196
-1.662
 0.070
-1.498
-0.824
-2.004
-1.432
-1.847
-2.047
-1.410
-0.396
-1.043
-0.428
-1.696
 0.318
 0.540
 0.373
-1.548
 0.502
-0.148
-0.242
-0.104
-1.927
-1.634
-0.567
-0.508
 0.074
 1.937
 0.710
-1.310
-2.344
-1.251
-0.278
 2.182
 1.378
 1.015
-0.139
 0.455
 1.682
-0.003
-0.684
-0.741
-1.438
-1.196
 0.046
-0.822
-1.420
-1.930
-0.870
-0.737
-0.108
-1.132
-1.455
-0.505
-0.192
-0.171
 0.287
 1.188
-1.756
-1.234
-1.712
-1.841
-1.357
-0.897
-0.316
-1.130
-2.037
-1.977
-0.476
-1.546
-1.915
-2.665
-1.261
-0.869
-0.761
-0.445
-0.856
-1.104
 0.025
-2.125
-0.884
 0.172
-1.468
-1.900
-0.851
-0.694
-0.358
 1.133
-1.491
-0.939
-0.404
 0.064
-1.953
-0.241
-0.589
-2.357
-1.408
-1.531
-1.306
-0.424
-1.252
-1.646
-0.818
-1.960
-2.499
-1.790
 0.074
-0.674
 0.729
-0.548
 0.088
-1.444
-2.901
-1.694
-1.057
-0.414
 0.279
-0.220
-0.937
-0.241
-0.728
 0.199
-1.352
-1.315
-0.925
-1.646
-0.814
-1.111
-0.642
 0.277
-0.416
-0.227
 0.374
-1.007
 0.746
-0.525
-1.265
-0.153
 0.622
 0.564
 0.773
-0.064
-0.064
-1.302
-2.186
-0.460
-0.298
-1.527
-1.775
-1.564
-0.582
-0.983
-0.614
 0.518
-0.415
-2.129
-2.017
-1.411
 0.550
-0.242
-0.524
 0.453
 0.094
 0.403
-1.734
-1.741
-1.402
 0.666
-0.920
-1.361
-1.681
-1.354
 0.092
-1.422
-1.144
-2.194
-1.358
-1.020
-0.084
 0.167
-0.336
-1.493
-0.682
-0.711
-1.362
-0.872
 0.486
 0.226
-0.725
-0.452
-1.019
-0.577
-0.025
-0.656
 0.271
-1.332
-0.060
-1.269
-0.476
-0.361
-0.459
-0.752
 0.403
 1.279
 0.773
 1.056
 0.769
 0.990
 0.278
 0.762
 0.063
 0.174
-0.849
-1.299
-1.206
-0.183
 0.454
-0.679
-1.521
-0.814
-0.306
 0.241
-0.723
 0.183
-0.750
-0.590
 0.731
-0.531
-0.639
-0.658
-1.461
-0.209
-0.249
-0.202
 0.365
 0.514
-0.773
-0.443
-1.821
-1.935
 0.548
 1.198
 0.867
 0.015
 0.962
-0.750
 1.646
-0.281
 0.985
 0.248
 0.508
 1.078
-0.367
 0.826
 0.399
 0.956
-0.139
 0.110
 0.328
 1.564
 0.744
 0.953
 0.034
 0.710
 0.720
-0.400
 0.565
 0.396
-1.844
 0.088
 0.624
-0.490
-0.378
-0.728
-0.367
-1.749
 0.108
 0.482
 0.676
 1.468
 0.568
 0.221
 1.457
 1.662
-0.060
-0.694
 0.881
-1.428
-0.577
-0.621
-1.060
-1.899
-0.535
 0.030
-1.071
-0.569
-2.013
-0.422
-2.324
 0.803
 0.000
 0.335
-1.054
-0.037
 1.083
-0.917
 0.376
-0.265
-0.556
 0.381
-0.543
-1.231
 1.195
-1.189
-1.988
 0.390
-0.241
-0.168
-0.347
 0.214
 0.434
 0.012
-0.366
-0.277
 1.236
-1.093
 0.425
 0.428
-0.359
-0.612
 0.528
-0.399
-0.941
 0.110
 0.720
 0.882
-0.128
-0.392
 1.448
-0.159
 1.099
 1.195
 1.338
-0.896
 1.287
 1.687
 0.989
 1.169
 0.584
 0.027
-0.716
-0.786
 0.156
 0.393
-0.622
-1.244
-0.082
-0.446
-0.776
-0.486
-0.039
-1.494
 0.890
-0.386
 0.132
-0.005
 1.409
 0.629
 0.143
 0.799
 0.829
 0.957
-0.230
-0.452
-0.294
-0.327
-1.160
-1.255
-0.383
 0.311
-0.862
 0.036
-1.100
-1.466
 0.148
 0.847
-0.494
 1.305
 1.327
 2.066
 0.032
-0.511
-1.250
-0.238
-0.324
-0.013
 0.301
 0.286
 0.214
 0.620
 0.670
 0.908
-0.572
-0.550
-0.224
 0.305
-0.023
-1.184
-1.011
 0.519
 0.447
-0.819
 0.201
 0.978
-1.196
-1.215
-0.133
-1.580
-2.108
-0.919
-1.598
-1.469
-1.155
-1.022
 0.005
 0.523
 2.706
-1.374
-1.106
-0.045
 0.036
-0.914
 0.064
 0.087
 0.977
 0.994
-0.402
 0.326
-0.300
 0.369
 0.139
-0.624
 0.008
 1.075
-0.559
-0.414
 0.637
 0.681
 1.885
 0.693
 0.308
-0.603
 0.253
-0.459
-1.401
-0.870
-0.133
-0.522
 1.367
 0.129
 1.375
-0.087
-1.479
-0.393
-1.101
 1.726
 0.688
 1.267
-0.564
-0.929
-0.304
 0.246
 0.900
 1.387
-0.013
-0.253
 0.835
 0.383
 0.682
 0.427
 1.061
 0.857
 0.282
 0.179
 0.944
 0.951
 1.974
 1.248
 1.882
 0.693
 0.533
 0.173
-0.366
-0.846
-1.264
-1.734
-0.437
-0.302
-0.258
-0.295
 0.367
 0.725
-0.554
 0.240
 0.044
-1.491
 0.376
 0.403
 0.689
-0.238
 0.055
-0.198
 1.104
 1.183
 0.150
 0.717
 0.733
-0.687
 0.295
-0.789
-0.355
-0.363
-0.355
-0.240
-0.070
 0.060
-1.166
-0.365
-0.406
 0.389
 0.488
-0.031
 0.824
 0.949
 1.085
 0.666
 0.694
 0.071
-0.229
-1.452
-0.561
-1.366
 0.259
 0.934
 1.357
 2.058
-0.545
 0.012
 0.421
-0.569
-0.255
-1.155
-0.896
-0.831
-0.099
-0.841
-1.273
-0.009
 1.339
-0.712
-1.301
-1.942
 0.170
-1.026
-0.628
-0.789
-0.459
-0.063
-0.253
-0.505
 0.671
 1.107
-0.094
-1.256
-0.273
-0.489
 0.345
-0.207
-1.107
-1.649
-1.744
-0.579
 0.616
-0.234
-0.920
-1.529
-0.774
-1.056
-0.717
-2.527
-1.219
 0.689
 1.957
 0.254
 0.620
-0.118
-0.016
 0.040
-0.563
 0.877
-0.207
-0.098
-0.254
-0.220
-0.065
-1.890
-2.487
-1.155
-1.752
-0.517
-0.238
-1.034
-1.369
-1.932
-1.712
-1.188
-1.772
-0.819
 1.233
-0.114
-2.083
 0.073
-0.108
 1.221
-0.728
-2.041
-1.541
-1.517
-1.127
-0.920
-1.220
-1.926
-0.534
-1.309
-0.760
-1.271
-0.265
-0.363
-1.170
-2.085
-2.231
-1.021
-0.303
-1.006
 0.412
-0.414
 0.567
 0.072
-1.041
-1.585
-0.752
-1.049
-1.083
-0.159
-1.129
-1.752
-1.639
-1.448
-1.011
 0.415
 0.830
 0.086
 1.077
-0.451
-0.332
-0.763
-0.158
 1.055
 0.399
 0.123
 1.045
-0.557
-0.589
-0.207
 0.255
 1.308
-0.738
-0.291
 0.464
 1.905
 0.270
 0.389
 1.824
 0.237
 0.558
 1.158
 1.823
-0.183
-0.066
 0.642
-1.111
-0.488
 0.066
 0.228
 1.522
 1.514
 1.870
 0.176
-0.490
 1.696
 1.629
 1.369
 1.071
 0.872
-0.031
-0.648
 0.387
 1.546
 2.030
 1.284
 1.805
 0.680
-0.163
 0.183
-1.003
-0.908
-1.463
-0.549
-0.647
 0.505
-0.269
 0.055
 0.656
 1.544
 1.095
 0.595
-0.078
-0.443
-1.109
-0.296
-0.388
 0.789
 0.958
-0.837
 1.001
 0.134
 0.291
-0.892
-0.790
-1.458
-0.305
 0.129
-0.339
-0.639
 0.638
 0.495
-0.048
 1.694
-0.438
 0.626
 0.449
 0.727
 1.275
 1.230
-0.047
 1.086
 0.260
 0.260
-0.877
-1.257
-0.127
-0.789
-0.182
-1.722
-1.764
-1.161
-0.375
-0.291
-0.708
-1.323
-1.484
-0.271
 0.879
-0.722
 0.584
 0.346
-0.235
 1.609
 1.531
-0.583
-1.631
-0.077
-0.923
 0.491
 0.015
 0.378
 0.698
 0.379
-0.708
-0.560
-0.165
-0.429
-0.900
-0.471
-0.577
-1.893
-1.145
-1.174
-0.354
-0.075
 0.278
 0.312
 0.367
 1.181
-0.876
-1.567
-0.382
 0.708
-1.130
-1.466
-0.694
-0.945
-0.367
 0.023
 0.596
 0.174
 0.661
-0.087
-2.088
-0.599
-0.420
 0.625
 0.744
-0.235
 0.374
 0.171
-0.871
-0.123
 2.422
 0.331
-1.514
-1.171
-0.090
-0.908
 1.116
 0.376
 0.457
-0.590
-0.600
-1.264
 0.421
 0.089
-0.599
 1.089
-0.580
 0.541
-0.824
-0.362
-0.112
-1.260
-1.345
-0.982
-0.538
-1.429
-0.536
-0.413
-0.693
-1.674
-0.368
-1.163
-0.655
-0.452
-0.732
-1.639
-0.999
-0.784
-0.113
 0.104
 0.298
-0.542
 1.927
 1.133
-0.693
 0.377
-0.784
-1.780
-0.061
-0.508
-0.461
-1.457
-0.280
 0.759
 0.991
-0.017
-0.505
-0.383
-0.869
-2.126
-0.817
-0.406
-1.590
-0.179
-0.554
-1.158
 0.132
-0.681
-0.777
-0.128
-1.021
-2.172
-1.021
-0.017
-2.424
-0.197
-1.500
-1.319
-1.630
-0.266
 0.349
-0.033
 1.672
 1.250
 1.295
 1.167
 1.298
-0.704
 0.151
 1.598
 0.278
 0.669
 0.226
-0.817
 1.177
-1.257
-1.126
-1.634
-0.706
 0.952
-0.334
 0.201
-1.378
-0.223
-1.390
-0.129
-1.098
-0.457
 0.082
-1.823
-1.805
 0.377
-0.898
-1.128
-1.412
-1.188
-0.688
-1.237
 0.127
-0.396
 0.638
-1.124
-1.650
-1.370
-1.096
-0.457
-0.963
-2.439
-1.017
-0.394
 0.738
 0.754
 0.884
-0.690
 0.293
-0.867
 0.419
 1.178
-0.491
 0.807
 0.777
-0.455
 0.701
 1.114
 0.155
-0.186
 0.089
-0.157
 0.337
-0.277
 1.585
 0.700
 0.907
 1.522
 0.712
 0.281
 0.416
-0.754
-0.352
 0.179
-0.247
 0.765
 1.537
 1.504
 1.476
 1.317
 2.488
 1.363
 1.622
 1.425
 0.108
 1.009
 1.615
 1.525
 1.949
 1.048
 0.087
 0.061
 0.972
 0.614
 0.917
-1.033
-1.306
-0.800
-0.207
-0.318
 0.346
 0.369
-0.305
-0.902
-0.916
 0.546
-1.154
-0.570
-0.771
-1.403
 0.513
 2.107
 1.017
 2.154
 1.651
 1.239
 0.002
-0.263
 0.734
 0.039
 0.289
 2.195
-0.173
-0.808
 1.736
 0.071
-0.278
-1.561
-0.506
 0.632
 0.236
-0.008
 0.782
 0.233
 0.058
 0.216
 0.889
 0.060
 0.197
 0.243
 1.129
-0.909
-0.295
 1.283
 0.592
-0.487
-0.271
 0.424
-0.073
 1.642
 1.269
 1.741
 0.818
-0.360
 0.542
 0.004
 0.609
 1.920
 0.739
 0.803
 0.021
-0.221
-0.862
 0.544
 1.455
-0.243
-0.002
-0.209
 0.162
 0.211
 1.128
 2.001
 0.269
 1.458
-0.364
 2.437
 0.448
 1.138
 1.808
 0.328
-0.501
-0.521
 0.144
-0.631
 0.440
-0.590
 0.101
-1.385
-1.918
 0.418
-0.326
-2.432
-2.019
-2.011
 0.640
-0.002
-0.784
-0.917
-0.243
-1.561
-0.880
-1.952
-2.757
-2.759
-0.095
-0.660
-1.459
-1.308
-0.441
-0.843
-0.869
-1.014
 0.094
-0.722
 0.495
-0.760
 0.371
 1.547
-0.737
-1.444
-1.455
-0.456
-1.463
-1.312
-1.976
-0.611
-0.420
-1.554
-1.708
-1.957
-1.294
-0.324
 0.335
-0.451
 0.481
 0.701
 1.671
 1.629
 0.620
 0.882
-0.719
 0.802
 0.752
 0.409
-1.111
 0.254
-0.337
 1.240
-0.085
 0.559
-0.153
-0.108
-1.696
 0.308
-0.045
-0.065
-0.203
 0.097
-1.900
-1.429
-0.545
-0.034
 0.827
 0.021
 0.235
-0.383
-0.520
 0.322
 2.106
 0.177
-0.990
-0.582
-0.552
-0.135
 0.147
-1.897
 0.654
 0.535
 0.217
 0.284
 1.085
-0.546
-0.793
-0.051
 0.105
-0.019
-0.283
 1.021
 0.933
 1.969
 0.863
-1.382
 0.611
-0.249
 1.540
 0.234
 1.690
 0.194
 0.125
 0.374
 0.350
 0.017
 0.159
 0.754
-0.028
-0.103
 0.313
-0.865
-0.316
 0.121
 0.637
 0.754
 0.216
 0.494
 1.111
 1.116
-0.802
 0.974
 0.521
 1.361
 1.327
 1.200
 0.709
 0.697
 0.099
 1.171
 1.626
 1.110
 1.886
 2.140
 1.736
 2.028
 1.499
 2.178
 2.620
 2.102
 1.245
 2.382
 0.615
 1.407
 1.412
 0.481
 0.407
 0.593
-0.246
 0.973
 3.157
 0.386
 1.152
 1.271
-0.193
 0.491
 2.305
 0.710
 1.253
-1.507
-0.761
 0.068
 0.659
 0.666
 0.459
 0.709
 0.686
 0.735
 0.404
 0.115
 0.660
-0.657
 0.727
 0.338
-0.915
-0.341
 0.171
-0.964
 0.478
-0.455
-0.430
-0.286
 0.212
 0.465
 0.526
-0.310
-0.543
-0.110
 1.462
 0.644
 0.091
 1.067
 0.279
 0.810
 0.435
-1.767
-1.881
 0.496
 0.820
-0.827
 0.353
 0.832
 0.413
 1.029
-0.025
 0.872
 1.272
 0.424
 0.685
 0.528
 0.464
 0.542
-0.337
-0.537
 0.306
 0.357
-0.252
 1.005
 1.464
 0.786
 1.564
 1.234
 1.029
 1.712
 0.023
 0.515
 0.363
-0.323
-0.879
-0.902
-0.112
 0.334
 0.719
 2.104
 1.789
 0.953
 0.634
 1.112
 1.509
 0.580
 1.544
 1.339
-0.526
 1.337
 0.060
 1.114
 1.101
 0.355
 0.010
-0.108
 0.671
-1.110
-0.361
 1.055
 1.742
 1.397
 0.277
 0.474
-0.487
 0.125
 0.197
 0.474
 0.514
-0.527
-0.717
-1.252
-1.403
-0.398
 1.123
-0.260
 0.452
 2.000
 0.365
 0.354
 1.643
-0.316
-0.963
-0.072
 1.945
 0.389
-0.519
-0.224
-1.151
-0.205
-2.016
-2.004
-1.555
-1.694
-1.237
-0.516
-0.071
-0.716
-1.304
-0.975
 0.412
 0.950
-0.583
-0.088
 0.774
 1.710
 0.425
 0.000
 1.108
 2.108
 0.967
 0.074
-0.298
 0.171
 1.094
-0.136
 1.203
 2.490
 1.776
 2.171
 1.537
 1.704
 1.367
 0.612
 1.877
 1.600
 1.069
 1.036
 1.093
 0.995
-0.879
 0.323
 0.811
 0.474
-0.287
-2.044
-0.386
 0.776
-1.751
 0.205
 0.163
 0.207
-0.119
 0.933
 0.743
-0.366
-0.487
 0.925
 0.901
 0.545
 0.244
-0.415
 1.134
 1.087
 0.579
 1.132
-0.770
 0.695
 1.293
 1.101
-0.073
 2.093
 0.614
-0.074
 2.858
 0.440
-0.004
-0.643
-0.143
 0.540
-0.075
 0.134
-0.516
 1.372
 0.232
 0.309
 0.162
 1.883
 0.895
-0.270
 0.304
 1.284
 0.531
 1.195
 1.384
 2.097
 2.107
 1.977
 0.890
 0.985
 1.367
 1.443
 1.698
 3.156
 2.471
 2.247
 1.385
-0.271
-0.053
 0.157
 0.379
 1.010
 0.277
-1.193
-0.945
-1.631
-0.084
 1.192
-0.710
 1.056
-0.116
 1.293
 0.072
 1.142
 1.430
 0.663
 0.512
 0.324
 0.138
-0.007
-0.250
-0.653
-0.357
 0.511
 0.350
 0.088
 1.066
 0.743
 1.323
 0.630
 0.789
-1.707
-1.928
 0.560
-0.250
 0.992
 0.293
-0.034
 0.175
-0.968
-1.645
-0.234
 1.412
 0.050
-0.068
 0.166
 1.405
 1.647
-0.094
 0.106
 0.102
 0.768
 0.418
-0.157
 0.249
 0.656
-0.397
-1.169
 0.733
-1.401
-0.860
-0.772
-0.682
 0.233
-1.194
-0.694
 0.596
 1.270
-0.771
-2.134
-2.098
-1.328
-1.113
 0.233
 1.124
-0.021
 1.332
-0.389
 0.207
-0.858
 0.923
 0.243
 0.155
 0.009
 0.046
-1.524
-2.178
-0.780
 0.254
-0.320
-0.250
-0.483
-0.190
 1.321
 1.362
-0.231
-0.925
-0.173
 1.438
-0.611
 0.487
 1.399
 1.918
 1.732
 0.975
 0.542
 0.118
 2.058
 1.702
 1.734
 1.667
-0.433
 0.633
 1.220
 0.858
 0.023
-0.144
 0.738
 0.298
-0.297
 1.119
 0.931
 0.262
-0.146
-0.066
-0.458
-0.257
-0.390
-0.321
-0.081
 0.820
 0.926
-2.001
 0.196
-1.159
-0.325
-0.481
 0.717
-0.892
-0.443
-1.157
-0.337
-1.574
-0.036
 1.594
 1.041
 1.292
-0.319
-1.195
-1.274
-0.661
-0.522
-0.014
-3.204
-1.796
 0.071
-0.941
-1.049
-0.234
-0.595
 0.818
-0.295
 0.099
-2.128
-1.472
-1.268
 0.516
-0.897
-0.154
-0.285
-1.911
-2.084
-2.014
-0.893
 0.287
-0.994
-1.470
-1.457
-0.626
 0.138
-0.132
 0.683
 0.359
 0.873
 0.728
 1.232
 0.911
 0.146
 0.952
 1.160
 0.754
 1.011
-0.582
-0.067
-0.834
 0.543
-0.598
-0.333
 1.138
 0.875
 0.029
-0.210
 0.368
-0.987
-0.166
 0.379
-0.308
 0.265
-0.449
-0.291
 1.223
-1.324
-1.039
 0.186
-0.494
-1.090
-0.496
-1.088
-1.726
-1.573
-0.911
-1.633
-1.355
 0.002
-0.716
-1.317
 1.488
 0.490
 1.036
-0.564
 1.186
 1.337
-1.375
-0.520
-0.233
-1.642
-1.503
 0.921
 1.068
 0.181
-0.518
 0.864
-0.157
-0.921
-0.937
-0.303
-0.343
-0.135
-0.695
-1.153
-0.313
-0.720
-0.287
-0.243
 1.747
 0.482
 0.416
-0.799
 0.609
 0.891
 1.521
 0.130
 0.730
-1.309
-0.091
-0.139
-0.793
 0.119
 0.040
-0.442
-0.974
-0.381
 0.502
-0.006
 1.065
 1.120
 0.686
-0.700
-2.205
-3.097
-0.512
-0.722
 0.042
-1.684
-1.237
-1.222
-0.765
-1.068
-0.851
 0.295
-0.596
 0.993
-0.641
-0.411
-0.193
-0.835
 1.004
 0.984
-0.982
 0.427
 0.474
 0.023
 0.792
-0.222
-0.910
-0.424
-1.683
-0.360
-0.134
-0.423
 0.444
-0.379
-0.331
 0.124
-0.425
 0.084
-0.165
-0.378
-0.921
-0.532
 0.083
-1.957
 0.098
-0.098
 0.745
 0.076
 0.593
 0.989
-0.667
-0.955
 0.776
 0.353
 0.127
-0.429
 1.958
-0.478
 0.983
-0.013
 0.572
 0.480
 0.513
 0.890
-2.326
-0.981
 0.527
-0.904
 0.256
 1.167
 0.387
-0.390
-0.974
 0.108
-0.090
 0.403
-0.631
 0.559
 1.218
 0.436
 0.700
-1.724
 0.234
 0.021
-0.182
-0.228
-1.198
-0.138
 0.698
 1.734
 0.693
-0.807
 0.574
-0.577
-1.207
-0.851
-1.229
 0.052
 0.063
-1.181
-0.327
-0.704
 0.131
 0.752
 1.875
 0.748
-0.430
 0.022
-0.119
-0.249
-0.689
 0.075
 0.478
-0.026
-0.718
-0.727
 0.958
 0.925
 0.750
-1.463
-0.602
 0.059
-0.693
-0.958
 0.094
 1.900
-0.113
 0.633
 1.429
 0.897
-0.698
-0.067
 2.674
 1.621
 0.281
 0.395
-0.441
 0.413
 1.153
-0.242
-0.988
-2.716
-0.462
-0.155
-0.761
-0.619
-0.109
 0.307
 0.596
 0.370
-0.891
-1.052
 1.248
 1.789
-0.010
-1.938
-0.997
-1.879
-3.145
-2.298
-1.192
-0.056
-1.768
-0.961
-1.566
-0.579
-1.678
-2.394
-1.247
 0.257
 0.233
-0.272
-0.322
-1.282
-0.717
-1.300
-2.288
-0.336
-0.993
-1.220
-1.100
-1.260
-0.676
-1.396
-1.452
-0.950
 0.735
-0.995
 0.242
 1.511
-0.736
-1.195
 0.739
-0.350
-1.088
-0.561
-0.923
 0.126
-0.162
-1.832
-0.163
-1.557
-1.306
 0.299
 0.589
-0.466
-2.869
-1.663
-0.687
 0.844
-0.025
-0.356
-0.520
-0.208
 0.000
-0.005
-0.390
-0.790
 0.290
-0.481
-1.274
-0.423
-0.592
 0.757
 0.711
 0.435
 1.944
 1.451
 0.419
 1.460
 0.320
 0.331
 0.326
-0.380
-0.217
 0.311
 0.489
 0.435
-0.003
 0.534
 1.264
 0.639
 0.633
 0.597
 0.819
 0.068
 0.156
-0.389
-0.779
 0.946
 0.906
 0.151
-0.688
-0.189
-0.242
-0.704
-0.303
-0.145
 0.080
 1.247
 0.328
-0.403
 0.374
 0.381
-0.139
-1.049
-0.176
 0.141
 1.673
-0.012
 1.341
 1.396
 2.003
 0.253
-0.065
-1.407
 0.906
 2.686
 1.041
 1.485
-0.361
-0.797
-0.258
 0.573
 0.409
 0.215
 0.056
 0.677
 1.505
 1.632
 1.784
-0.078
-0.477
-0.676
 0.668
 0.171
 0.106
-1.579
-0.491
 0.787
 1.065
-0.662
-0.080
 1.244
 0.907
 0.277
-0.834
-0.521
-0.573
-0.957
 0.510
 0.462
 0.182
-1.003
 0.710
-0.219
-0.363
-0.034
 0.409
 0.757
 0.431
 1.723
 0.535
-1.240
-1.819
 0.308
 0.711
-0.058
 0.198
 1.369
-0.262
 0.060
 0.120
 0.284
 0.178
-0.614
-0.482
 0.378
 0.799
 0.638
 0.698
-0.097
 0.401
-1.004
 0.986
 0.001
 0.575
 0.979
 0.376
 0.833
 0.205
 0.716
-0.024
-0.147
 0.749
 0.746
-0.408
 0.437
 1.112
 0.756
 0.291
 0.802
 0.492
-1.129
 1.329
 0.694
-0.034
 0.692
 1.514
 0.625
-0.403
 0.826
 0.972
 0.252
 0.192
 0.622
-0.442
 0.153
 1.554
 0.044
-0.024
 0.150
 0.924
 0.423
 0.586
-0.091
-0.097
-1.117
 0.493
 0.371
 1.175
 0.818
 0.890
 0.427
 1.501
-0.690
-1.042
 1.917
 1.829
 0.982
-0.118
 0.505
-0.315
-0.161
-0.057
 0.175
 0.598
 1.403
 1.494
 1.316
 1.998
 0.323
 1.797
 0.306
 0.863
 0.855
-0.071
-1.841
 0.716
 1.047
-1.303
-0.438
-0.495
 0.077
 0.166
 1.226
 0.489
 0.167
 0.045
-0.029
 0.958
 1.919
 1.593
-0.384
 1.148
 1.614
-0.623
 1.390
 1.525
 0.797
 0.581
 2.946
 0.846
 2.474
-0.015
 0.974
 1.924
 0.063
 0.552
 0.360
 0.429
 0.720
 1.644
 0.436
 0.936
 0.388
 0.603
 1.100
 0.321
 0.593
-0.580
-1.561
-0.851
 0.173
-1.126
-0.872
-0.578
 0.115
 0.766
 0.339
 0.382
 0.938
 0.951
 1.858
 0.992
 0.117
 0.530
 0.792
 0.160
 0.093
 0.359
 1.530
 0.478
 1.627
 1.359
 0.744
 0.552
 1.570
 0.266
 0.267
 1.008
 0.981
 0.276
-1.412
-1.045
 0.914
 0.491
-0.399
 0.370
 0.848
 0.026
-0.343
-0.673
 0.583
 0.200
-0.421
 0.715
 1.761
 0.559
 1.360
-0.200
 1.110
 2.252
 1.072
 1.374
 1.421
-0.070
 0.086
 0.118
 1.124
-0.458
 0.532
 1.414
 0.644
 1.008
 0.408
 2.118
-0.573
 2.187
 2.912
 1.837
 0.503
 2.578
 2.185
 3.172
 1.111
 0.104
-1.062
-0.356
-0.138
-0.204
-0.598
-0.227
-0.632
 0.291
 0.286
 0.826
 2.421
 0.746
-0.615
 1.958
 0.060
 1.565
 2.274
 0.823
 0.818
 0.288
 0.942
-0.694
 1.337
 0.428
 1.088
 0.226
 0.779
 2.338
 1.584
 1.802
 1.175
 1.115
-1.406
 2.228
-0.206
-0.328
-0.060
-0.161
-0.016
 1.128
 1.771
 1.844
 1.742
 2.214
-0.398
 0.540
 0.868
 1.611
 1.133
 2.001
 0.957
 0.530
-0.008
-0.016
 0.727
 0.025
 1.154
 0.452
 2.061
 0.134
 0.696
 0.668
 0.265
 0.334
-1.291
-0.126
 0.149
 0.711
 1.581
 1.376
 1.390
 0.587
 1.012
-1.107
 0.911
 0.427
 1.403
 0.596
 0.058
 0.180
-0.858
 0.643
 1.227
 1.340
 0.625
-0.304
 0.117
 0.193
 1.477
 1.800
 0.892
-0.597
 1.537
-0.628
 0.155
 1.184
 0.589
 0.615
 0.193
 1.339
 1.201
 1.528
 2.309
 0.977
 0.998
-0.018
-0.757
-0.639
 0.336
 0.839
 1.429
 1.387
 1.803
 0.870
 0.548
 0.283
 1.519
 1.058
 0.526
-0.207
 0.429
-0.791
 0.612
 1.780
-0.783
 0.332
 0.673
-0.932
-0.520
-0.618
-0.472
-0.762
 1.155
 2.422
 1.607
 1.084
 1.294
 0.229
 1.565
-0.378
-0.058
-0.397
-0.194
 0.223
 0.607
-0.427
-1.265
-0.037
-0.822
-0.519
-0.791
 0.880
 1.194
 0.312
 0.334
 0.605
 1.736
 1.114
 0.090
-0.681
-0.451
-0.111
 0.531
-0.255
-0.744
 0.892
 0.730
-0.120
 1.310
-0.173
 1.210
 1.116
 0.166
 0.183
 1.178
 0.142
 1.058
 0.074
-1.076
-0.865
-0.870
 1.149
 1.572
 0.178
 0.304
-0.088
 0.843
 1.322
-0.875
-0.372
-0.656
 1.521
 0.973
 0.936
 0.667
-0.320
-0.587
-0.523
 0.771
-0.383
 0.978
-1.327
-0.765
-1.621
-0.092
-1.021
-0.221
-1.803
 0.848
-1.695
-1.172
-0.215
 0.583
 0.583
 1.341
 0.613
 0.072
 0.146
-0.624
-0.108
 1.829
 2.298
 0.109
 0.122
 0.198
 0.222
 0.116
-0.465
 1.590
-0.952
 0.311
-0.698
 0.855
-0.620
-0.743
-0.020
 0.386
-0.419
 0.026
-0.004
 0.044
-0.085
 0.618
-0.050
 0.724
 1.014
 1.238
 0.822
 2.353
 1.616
 2.104
-0.062
 1.016
-0.729
 0.717
 0.120
 0.728
 0.626
 0.271
 0.412
-0.159
 0.389
 0.257
 0.443
 0.110
 0.061
 1.354
 0.605
-0.122
-0.213
 0.040
-0.909
-2.148
-0.527
-0.487
-0.058
 0.315
 0.792
-0.408
-0.191
-1.357
 0.591
-1.622
-1.266
 0.218
-2.124
 0.183
 0.053
-1.648
-1.406
-1.154
-1.972
-0.936
-1.113
-0.131
-0.250
-0.399
-0.022
 1.985
-0.940
 0.629
 0.501
-0.176
 0.719
-1.202
 1.562
-0.137
 0.242
 0.729
-0.094
 0.660
 1.279
 2.007
 1.380
-0.056
 0.822
-0.723
 1.581
-0.074
 0.340
 1.652
-0.066
 2.025
 1.978
 0.637
-0.513
 0.468
-0.874
 0.634
 0.629
 0.260
 0.833
 0.334
 0.609
 3.017
 1.409
-0.315
 0.797
 0.694
-0.696
 0.013
 0.088
-1.014
-0.548
-1.416
-0.600
-0.479
-0.452
-1.561
-0.826
 0.063
-1.335
-0.517
-0.586
 1.534
 1.059
-0.376
-1.702
-0.545
-1.130
-0.106
 1.227
-0.618
 1.438
-0.577
-1.017
-1.863
-2.647
-1.588
-0.985
-1.076
-2.367
-1.005
-1.440
-1.306
-0.421
-0.468
-0.703
-2.691
-1.440
-0.570
 0.407
 0.035
-0.203
 0.068
 0.733
 0.803
 1.178
 0.715
-0.115
 0.333
 2.185
 0.966
 0.831
 0.371
 1.084
 0.900
 1.766
 1.112
-1.151
-0.630
 0.794
 1.474
 0.020
 1.394
 0.224
 0.814
-0.449
-0.169
-0.535
 1.343
 0.249
-0.711
-0.152
-0.676
-0.866
 0.487
-0.733
-1.000
-0.734
 0.370
-0.245
 0.834
 0.786
 0.227
 0.089
 0.111
 0.183
 0.138
 0.111
 1.452
-0.105
 0.319
-0.233
 0.495
-0.166
-0.520
 0.927
 1.330
-0.718
-1.698
-1.270
 0.488
 1.034
-0.282
 1.471
 0.060
-0.903
 0.706
 0.215
 0.385
 0.957
 0.345
 0.514
 0.068
-1.611
-1.235
-0.977
 0.109
 0.428
 0.282
-0.989
-0.837
 0.077
 1.856
 1.015
 0.140
-0.602
-1.481
 1.476
-0.004
-0.389
 0.028
 0.934
 0.180
 0.923
 0.834
 0.272
-0.680
 0.968
 0.218
-1.473
-1.273
-1.574
-1.029
-1.118
 0.430
-2.603
-1.555
 0.126
 0.432
-0.987
-1.979
-0.014
-1.062
-1.628
-0.138
 0.133
-0.449
-1.218
-0.513
-1.649
-0.360
-0.036
-0.437
-0.113
-1.793
 0.129
 0.096
 0.903
 1.712
 0.011
 0.396
-0.215
-1.156
 0.145
 1.335
 0.821
-1.292
-0.386
 1.051
-0.088
-0.445
 0.742
 2.454
 0.468
-0.876
-0.257
 1.267
 0.484
 1.288
 0.274
-1.167
 0.857
 0.251
 1.186
 0.995
 0.474
 0.012
-0.525
-0.088
 0.339
-0.102
-1.134
-0.639
-0.027
 1.233
-1.361
-0.063
 0.566
-0.175
-0.428
 0.359
 0.802
 0.253
-0.445
-0.724
 1.018
-0.814
-0.445
-0.004
-0.052
-0.235
-0.002
-0.933
 0.111
-0.358
-2.051
-3.118
-2.357
-1.911
-1.309
 0.345
 0.225
-0.801
-1.021
-0.065
 0.908
 0.220
 0.249
-1.182
-1.434
-0.154
-0.556
-1.785
 0.150
 0.791
-0.306
-1.164
-1.150
-1.006
-0.405
-0.689
-0.919
 0.205
-0.073
 0.853
 0.988
 0.103
-1.205
-0.374
-1.516
-0.318
-2.401
-1.729
-2.149
 0.034
-1.707
-1.545
-0.596
 0.144
-1.607
-1.742
-0.573
-0.445
-0.264
 0.924
 1.009
-0.205
 0.084
-1.124
-0.822
-0.503
-0.060
 0.835
 0.133
-0.949
 0.382
-0.681
 0.694
-2.044
 0.258
 0.825
 0.879
 0.664
 0.653
 0.398
 0.385
 0.562
 0.110
-0.476
 0.622
 0.568
 1.288
 1.028
-0.229
 0.339
-0.306
 1.853
 0.043
 0.666
 1.493
 0.082
 1.254
 1.107
-0.028
 0.531
 0.825
 0.968
-0.249
-1.086
-0.092
 1.207
 0.490
-0.072
-0.685
 0.067
-0.314
 0.806
 0.426
-0.865
-2.169
 0.213
 1.087
-0.388
-0.320
-0.820
-0.055
 0.654
-0.594
 0.076
-1.537
-0.449
 0.164
-0.111
-0.967
 0.762
-0.579
 0.614
-1.033
 0.515
 0.810
 0.152
 1.964
 1.481
 0.101
 0.687
-1.041
-0.680
-0.728
-1.255
 0.416
 1.884
 1.379
 0.264
-0.940
 0.448
 0.045
 1.235
-0.258
-0.029
-1.367
-1.165
-0.705
-0.044
 0.653
-0.268
-0.213
-0.950
-0.134
 0.832
-1.014
 0.358
 2.046
 0.489
-1.880
-2.203
 0.918
 0.580
 0.473
-0.619
 0.104
-0.648
-0.752
 0.580
-0.693
 0.002
-0.159
 1.308
-0.394
 2.286
 0.244
 0.487
 0.724
 0.093
 0.686
 0.472
 1.124
 2.189
-0.728
-0.074
 0.089
 0.252
 1.180
 0.664
 1.686
 1.150
 1.720
 0.345
 1.389
 1.321
 0.257
-0.703
 0.096
-0.427
 0.989
 0.400
 0.591
-0.296
 0.986
-0.075
 2.281
 0.135
 0.956
 1.631
 0.925
 0.431
 0.277
 1.016
 0.427
 0.504
-1.178
 0.543
-0.188
 1.608
 1.137
 1.084
 0.945
 0.741
 0.553
-0.079
-0.945
 0.339
 0.301
-0.611
-0.265
-0.306
-0.519
-0.497
 0.128
 0.052
-0.666
-1.242
-0.970
 0.753
-0.057
-1.910
-1.023
 0.099
-0.084
 0.748
 0.764
-0.262
-1.355
-0.728
-0.700
-0.002
 1.368
 0.102
-0.293
 0.782
 0.108
-0.039
-0.989
 1.518
 1.242
 1.564
 0.978
 1.550
-1.469
-0.268
-1.106
-0.823
 0.204
 0.233
 1.541
 0.624
 0.430
-1.681
-0.699
-0.827
-0.120
-0.877
-1.389
-0.497
-1.006
 0.073
-0.401
 1.187
-0.754
-1.340
-0.191
-0.036
-1.224
-0.025
-0.451
-0.051
-0.473
-1.235
 0.959
-0.121
-2.202
-1.076
 0.153
 1.317
-0.167
 0.510
-0.812
-0.028
-0.504
-1.794
-2.797
 0.097
-0.284
 0.301
 0.670
 1.548
 0.331
 0.105
-0.234
 0.425
 1.920
 0.844
 0.185
 0.291
 1.461
 2.800
 0.905
 0.129
 0.791
 0.430
 0.426
-0.411
 0.147
 2.723
 0.798
 1.438
 2.098
-1.287
 0.079
 1.169
-0.333
 0.648
 0.352
 0.894
 0.984
 1.093
 2.248
 1.534
 1.212
 0.610
 0.484
 0.721
 2.205
 1.909
 0.629
-0.180
 0.922
 1.094
-0.109
 0.626
 0.795
 1.259
 0.239
-0.808
-0.175
 0.822
 1.033
 1.108
 1.781
 2.099
 1.009
 0.285
-0.702
 0.974
 0.488
 0.946
 0.493
 0.953
 0.676
 0.343
-0.042
-0.646
 0.157
 0.833
-0.632
 1.057
 1.150
 1.418
 1.474
 0.618
-1.300
 0.190
-0.606
-0.775
-0.596
 0.098
 0.892
 0.862
 0.787
-0.136
-0.277
 0.324
 1.046
 0.577
 0.536
 1.135
 0.779
 0.068
 0.949
 3.054
 3.411
 0.726
-0.295
 0.619
 1.184
 0.211
 1.646
 0.605
-0.136
 1.258
 0.777
 0.298
 0.333
 0.510
-0.294
-0.831
 0.939
 0.066
-0.123
 0.448
 0.918
 0.597
-0.083
 1.503
 1.334
-0.429
 0.645
 1.336
-0.701
 0.325
 0.692
-1.186
-1.307
-2.014
-1.578
-1.030
-0.863
-1.171
 0.447
-0.117
-1.076
-0.772
-0.992
-1.635
-1.668
-1.081
-0.687
-0.700
-1.529
-0.156
-0.002
 0.948
-0.192
-0.516
 0.053
-0.655
-0.683
-0.630
-0.593
-0.160
-0.924
 0.055
-0.245
 0.189
 0.274
 0.859
-0.887
-1.168
-0.408
-1.952
-1.271
-0.833
-0.667
 0.515
-0.054
-1.113
 1.865
-0.054
 0.043
 0.854
-1.184
-0.568
-2.402
-0.213
-0.514
-0.205
 0.842
-1.633
-0.228
-1.186
-0.911
 0.026
 0.494
 0.988
 1.031
-0.276
-0.592
 0.550
 0.355
 1.592
 1.009
-0.236
 0.987
 0.646
-0.387
 0.164
-0.022
 0.063
 0.483
-0.562
-1.074
-0.260
-0.067
-0.374
-1.144
 0.962
-1.395
-1.275
-0.770
-0.616
-2.044
-1.490
-1.794
-0.796
 0.026
-1.196
-0.639
 0.581
-0.181
-1.158
-1.913
-0.588
 0.085
 1.287
 1.017
-0.612
 0.520
-0.919
-0.318
 1.290
-0.331
 0.502
-0.549
-0.381
-1.195
-1.957
-1.541
-0.409
-0.366
-1.788
-0.558
-1.484
-0.399
-0.702
 0.900
-0.125
 0.301
 0.548
 0.023
-0.127
 0.388
-0.585
-0.815
 0.572
-1.717
-1.769
-0.508
-1.145
-3.588
-1.457
-0.873
-1.198
-0.794
-0.691
-2.380
-1.654
-0.196
-0.745
-0.631
-0.770
-0.627
-1.134
 0.495
-0.147
-0.177
-2.253
-0.924
-0.423
-1.167
-0.668
-0.297
-1.000
-0.249
-1.733
-0.899
 0.625
-0.803
 0.660
-0.416
 0.208
 0.111
-0.599
-1.485
-0.330
-0.212
 0.560
 0.684
-0.251
-1.153
-1.831
-0.503
 0.598
 0.505
-1.113
-1.232
-1.097
-3.133
-0.061
-1.237
-1.340
-0.664
-1.900
 0.038
-0.325
 0.129
 0.602
-0.336
-1.137
 0.084
 0.530
 0.175
-0.664
-0.579
-0.254
 0.172
-1.232
-0.336
-1.172
-1.572
-0.609
 0.414
 1.751
 0.941
-1.633
-1.635
-1.109
-0.841
-0.555
-0.836
-0.971
-0.280
 0.392
 1.540
 0.316
 0.618
 0.268
 0.533
 0.128
 1.497
-0.128
-0.096
 0.879
 1.302
-1.305
-0.824
 0.502
-0.308
 0.079
 0.442
 1.443
-0.300
 0.225
 2.303
 1.743
 0.554
-1.149
-0.870
 0.745
-0.406
-1.085
 0.364
 1.408
 0.845
 0.159
-2.001
-0.244
-0.244
-0.351
 0.030
-0.004
-0.450
 0.076
-2.040
 0.930
-0.680
-0.708
-0.492
 0.661
-0.849
 0.471
 2.275
 0.164
-0.398
-1.562
-0.702
-0.082
 0.482
 2.056
 2.561
 0.929
 0.131
 1.520
 0.474
 0.988
-0.722
-1.936
-1.408
-1.448
-3.518
-0.755
-0.940
-1.143
-1.544
-1.390
-1.290
-0.237
-1.796
-0.320
-2.060
 0.423
-1.593
-0.176
 0.716
 0.502
 0.124
 0.674
-0.360
-0.855
-1.301
-1.659
-1.565
-1.545
 0.661
-1.077
-1.974
-0.281
 2.136
 2.495
 0.628
 1.267
 1.646
 0.751
 0.156
-0.908
-0.806
 0.091
-0.873
 0.041
-0.636
-0.403
 0.023
 0.695
 0.554
-0.673
-1.566
 0.213
-0.663
-0.229
-0.391
-0.111
-0.223
 0.811
 1.372
 2.419
 0.757
-0.115
 1.491
 0.260
 1.237
 0.412
-0.568
 0.195
-0.202
-1.050
-0.050
-0.568
-1.467
-0.588
-0.252
-1.099
-0.373
 0.221
 0.586
-0.408
-1.225
-0.308
 0.733
 0.031
-1.124
-0.332
-0.131
 0.323
 0.779
 0.818
-0.239
 0.627
-1.445
-1.290
-0.021
-0.045
 0.190
 0.629
-0.334
-0.375
-0.423
-0.999
-0.506
 0.390
 0.507
 0.447
-0.661
-2.265
-1.239
-0.711
-1.190
 0.445
-0.987
-0.671
-1.268
 0.793
 0.006
-0.061
-1.126
-1.151
-0.113
 0.791
-1.065
 0.466
 0.504
 0.297
 0.527
-0.464
 0.234
 1.455
-0.695
-1.657
-0.063
-0.006
-0.962
 0.396
-0.607
-0.162
 0.686
 0.862
 0.004
-0.424
 0.598
 0.255
-0.982
-0.378
 1.143
 0.081
 0.438
-0.383
-0.736
 0.269
 0.492
 1.321
-0.570
-0.545
-0.959
-0.922
-0.763
 1.201
-0.985
-0.292
-0.796
 0.100
 1.552
-0.475
 0.340
-0.235
-0.178
 0.854
 0.182
-0.700
 0.565
 0.699
 0.412
-0.414
-1.097
 1.683
 0.781
 0.554
 1.196
 0.863
 2.101
 1.245
 0.915
 2.054
 0.422
-2.077
 0.120
 0.476
 0.340
 1.143
 0.157
-0.148
 0.286
 1.011
-0.505
-0.277
 1.493
 0.609
 0.310
 0.910
 2.016
 1.377
 1.126
-1.113
-1.597
-1.884
-0.177
-0.232
-1.029
 0.753
 0.283
-0.321
 0.612
 0.853
-0.150
 0.912
-0.253
-0.626
 0.368
 0.601
-0.990
-0.023
 0.529
-1.705
-0.540
 0.196
-0.288
 0.015
 0.891
-1.282
 0.225
-0.023
-0.025
-0.396
-1.401
-0.502
-1.709
-1.447
-0.404
-1.114
 0.015
-0.597
 0.767
 0.221
-0.675
 0.005
-0.246
-1.343
-0.026
-1.531
-0.406
 0.296
 0.016
-0.697
-0.661
 0.491
-1.207
-0.432
-1.714
-1.657
-1.255
-1.934
-1.600
-2.099
-1.658
 0.534
-0.822
-1.423
-0.358
-0.349
-0.805
-1.565
 0.185
-0.098
-0.461
-1.413
-1.662
-0.280
 0.599
-0.725
-0.782
 0.010
-1.052
 0.066
-0.733
-1.228
-0.856
 0.557
-0.754
-2.378
-0.877
 0.025
-0.498
-0.253
-1.001
 0.710
 0.992
-0.653
-0.781
-1.512
-1.270
-0.500
-0.173
-0.471
-1.247
-0.352
 0.612
 0.249
 1.150
 0.890
-0.466
-0.202
 0.547
 0.558
 0.732
 1.940
 1.214
-0.887
 0.229
-0.368
-0.248
-1.081
 0.299
-0.060
 0.008
-0.953
-0.358
-1.459
 0.487
 1.526
 0.791
-0.733
 0.064
 0.052
 0.675
 1.942
 1.283
 1.900
 0.473
 0.692
 1.022
 1.880
 0.828
 0.797
 0.805
 1.364
 1.364
-0.208
 0.299
 0.741
 0.669
 0.131
-0.754
 0.204
 0.199
-0.454
-0.837
-0.598
 0.727
-0.864
 1.509
 0.824
-0.343
 1.195
-0.690
-0.605
 0.756
-0.211
-1.071
 0.295
 0.371
 0.400
-0.275
 0.453
 1.154
 0.231
-1.246
-0.903
 0.510
-0.888
-0.352
 0.088
 0.162
 0.498
 1.749
 2.423
 1.676
 1.610
 2.299
 1.376
 2.103
 1.609
 1.070
 1.662
 1.095
 0.612
 0.002
 1.284
 0.507
 2.165
 1.033
 0.869
 1.271
 0.803
 1.902
 2.146
 1.695
 1.831
 2.851
 1.105
-0.204
-0.051
-0.020
-0.085
 0.556
 1.575
 1.944
 2.535
 2.877
 0.916
 0.895
 0.255
 1.717
 0.183
 1.216
 2.088
 1.160
 0.232
 1.492
 2.660
 0.954
 0.057
 0.071
 0.390
 0.083
 0.727
-0.612
 0.790
-0.736
 0.495
 0.503
-0.392
 0.553
-0.776
-0.831
 0.129
 0.503
-0.014
 0.987
-0.036
 0.373
 1.250
 0.409
-1.161
-0.459
 0.934
-1.667
-0.633
 1.137
 1.016
 0.536
-0.147
 0.737
-0.615
-0.638
-2.136
-0.040
-0.561
-0.854
-0.681
 0.252
-1.582
 0.207
-0.428
-1.298
-1.587
-0.209
-0.818
-0.825
 1.534
 0.187
 0.273
 0.277
 0.320
-1.840
-1.414
-2.436
-0.801
 0.305
 0.643
-0.254
 0.216
 0.513
-0.310
 0.154
-0.500
-0.588
-0.327
-0.438
-0.229
-0.724
-0.670
-0.050
 1.229
 0.377
 0.782
-0.276
-0.148
 0.498
-1.167
-0.061
-1.224
-1.150
-0.551
-2.008
-0.153
-0.445
-0.098
-2.374
-1.692
-0.963
 0.113
 1.209
 1.292
 1.444
 0.003
-0.493
-1.119
 0.050
 0.676
-0.742
-1.159
-1.498
-0.767
-0.797
-1.092
-0.953
-0.432
-2.026
-0.902
 0.220
-0.185
 0.155
-0.681
-0.070
-0.338
-0.370
-0.450
-1.329
-0.701
-0.035
-0.300
 1.139
-0.097
-1.255
-0.549
-1.000
-0.905
-0.319
-0.700
-0.330
-1.114
-0.050
-1.784
-0.632
-1.089
-1.533
-1.842
-2.286
-3.116
-0.276
-0.604
-0.757
 0.805
-0.273
-1.974
-1.072
-1.740
-0.439
-0.002
-0.522
-1.152
-0.748
-0.840
-0.963
-1.227
-2.284
-1.381
-2.049
-1.208
 0.376
-0.732
-0.005
-0.288
-0.409
 0.850
 0.031
 0.004
-0.689
 0.484
-0.889
-0.145
-0.260
-1.364
-0.255
-0.241
-0.256
-0.951
-2.248
-2.120
-0.542
 0.830
-0.625
-0.214
 0.101
-0.239
-1.190
 0.198
 0.335
 0.155
-1.706
-0.010
-0.341
 0.588
-0.666
-0.176
-0.115
-1.341
-0.180
-0.740
-1.998
-0.203
-1.406
-2.158
-0.841
-1.579
-0.866
-2.414
-1.750
-0.731
-1.180
-2.204
-2.944
-0.503
-0.924
-2.066
-1.902
-1.415
-2.136
-1.683
-0.193
-0.936
-1.072
-0.806
-1.325
-1.097
-1.193
-1.005
 0.091
-0.913
-1.078
-0.403
-1.834
-1.303
-0.593
 0.690
 0.036
-1.042
-0.462
-1.073
-0.263
-0.367
-1.168
-0.753
-1.775
-0.920
-1.731
-2.240
-1.017
 0.659
-0.485
-0.029
 0.015
-0.696
-2.758
-2.512
 0.133
-1.426
-0.193
-1.305
-0.876
-2.408
-1.294
-0.614
-1.231
-0.903
-1.882
-0.630
-0.386
-0.793
-2.330
-1.884
-0.952
-0.199
 0.027
-0.258
-1.230
-0.438
-0.092
 0.324
 0.043
 0.576
 1.545
-0.330
 0.188
-0.330
 0.365
-1.336
-0.577
-0.673
 1.233
 2.081
 0.228
 0.487
 0.021
-0.074
-0.650
-0.125
-1.720
 1.186
 0.547
 0.163
 0.121
 0.143
 0.892
-0.179
-0.526
-0.479
-1.454
-0.714
-0.088
-0.581
-0.067
 0.144
 0.795
-0.276
-0.311
-0.902
-0.256
 0.293
-0.711
-0.689
-1.859
-1.057
-1.623
-0.906
-0.203
-0.912
-1.948
-0.043
-0.231
-0.022
 1.766
 1.659
 0.339
 0.311
 0.426
 1.047
 0.396
 1.160
 0.410
 0.031
 2.387
-0.114
 1.586
 0.072
 0.106
-0.056
-0.190
-0.181
-0.933
 0.499
 0.894
 1.762
 0.116
 1.265
 0.252
 0.207
-1.498
-0.547
 0.480
 1.656
-0.230
 1.003
-0.795
 0.114
-0.908
-0.424
-0.541
 0.523
 0.673
 0.349
 0.363
-1.019
-0.929
-0.606
-0.061
-0.695
 1.132
-1.274
-0.612
-0.050
-2.103
-0.411
-0.471
 0.161
 0.119
-0.210
 0.783
-0.508
 0.428
 0.265
-0.079
-0.911
-1.079
-0.553
-0.377
-0.288
 0.004
-0.611
-1.783
-1.749
-0.696
-0.483
 0.088
 0.258
-0.934
-1.379
-0.624
-0.678
-1.481
-0.897
-0.683
-1.607
-0.996
-1.933
-0.732
-1.829
-0.866
-1.253
-1.426
-0.228
 0.496
-0.073
-0.324
 0.688
 0.774
-0.104
 1.155
-0.379
 0.711
 1.585
-0.141
 1.267
 0.342
 1.019
 0.018
-0.430
 1.575
 0.782
-1.495
-0.111
-0.399
 0.258
-0.997
-1.092
 0.388
-0.076
 0.206
 0.351
-1.826
-0.241
-0.151
 0.035
 0.241
-1.647
-1.237
-0.878
-0.184
 0.108
 0.438
 0.000
 0.653
 0.155
 0.482
-0.709
-0.068
 0.209
-1.143
-1.572
 0.735
-0.346
-1.594
-0.108
-0.617
-0.979
-1.514
-0.361
-1.256
 1.188
 0.237
-0.550
 0.273
 0.117
-0.134
 0.115
-0.057
 0.893
 0.569
-1.118
-0.033
-1.904
-1.497
-0.108
 0.326
 0.334
-0.483
 0.148
-0.713
-1.207
 0.054
-1.225
-1.542
-0.274
 1.059
 0.571
-1.585
-0.646
 0.247
-1.273
-1.200
-0.016
-1.469
-1.556
-1.491
-1.628
-2.620
-2.588
-1.502
-0.521
-1.250
-1.848
-1.255
-2.668
-2.289
-0.698
-0.637
 0.639
-1.100
-0.844
-1.085
-0.819
-1.701
-2.190
-0.963
-0.757
-0.516
-0.540
-0.663
-0.420
-2.396
-2.574
-1.999
-0.867
-0.919
-1.244
-0.660
-2.824
-1.907
-2.788
-2.796
-1.645
-3.009
-2.530
-2.126
-2.785
-1.979
-1.116
-0.057
-1.715
-1.461
-1.597
-0.565
 0.498
-1.771
-0.834
 0.838
-0.006
-0.797
-0.692
 1.742
-0.432
-0.447
 0.898
 1.470
 1.433
 0.873
 1.216
 0.422
-0.876
-0.637
 0.663
 1.225
-1.022
-1.058
-0.009
-0.209
-0.712
-1.419
-0.829
-0.266
-0.087
 0.886
-0.066
 0.156
-1.174
-1.029
 0.097
 0.864
 0.898
 0.366
 0.161
 0.987
 1.053
-1.316
 0.937
-0.112
-1.782
-1.031
 0.784
-1.397
-2.437
-1.121
-1.886
-2.059
-3.338
-1.875
-2.988
-2.136
-0.487
-0.508
 0.522
-0.818
 0.490
-0.298
 0.096
-0.833
 1.335
 1.024
-1.077
-1.485
-1.359
-1.825
-2.410
-1.770
-0.430
 0.603
-0.211
-3.235
-1.087
-2.466
-0.806
-0.395
-1.374
-1.189
-1.503
-0.800
-0.564
 0.307
 0.313
 0.063
 0.565
 0.794
-1.502
-1.635
-0.999
-1.044
 0.606
-0.195
-0.016
-0.243
-0.055
 0.317
 1.021
 0.703
 0.451
 0.453
-1.199
-1.022
-0.871
-1.076
-2.199
-0.966
 0.792
-1.087
-1.576
 0.011
 0.019
-1.801
-2.307
-1.882
-3.052
-1.754
-0.629
-0.821
-0.439
-0.546
-0.578
-2.762
-1.678
-2.137
-0.630
-0.545
-0.315
-1.580
-0.001
-0.347
-1.204
-0.703
 0.456
-0.004
 0.216
-0.354
 0.146
-0.025
 0.258
 1.585
 0.831
 0.359
 0.101
 1.033
 0.273
 0.502
 0.692
 2.231
 0.756
-1.455
 0.897
 0.736
 1.401
-1.187
 0.655
 0.853
 0.950
 1.901
 0.598
 0.231
-0.444
-0.898
-0.947
-0.188
 0.011
-0.038
 0.835
 0.629
-0.285
-0.112
-0.198
-1.321
 0.982
-0.113
-0.529
-0.507
-0.206
 0.633
 0.065
-0.040
-0.576
 0.394
 0.330
-0.094
-0.195
-1.035
-0.284
-0.623
 0.047
-0.117
-0.261
-0.116
-0.851
-0.036
 0.797
 0.870
 0.185
 1.441
 0.685
 0.062
 1.515
 0.541
-0.585
 0.150
 0.185
 0.034
-0.470
-0.445
-0.331
 0.557
-0.126
-1.532
-1.247
 0.467
-0.699
-0.286
 0.039
-1.517
-1.522
-0.045
 0.750
 0.198
-1.610
 0.512
 0.325
-0.061
 0.248
 0.939
-1.064
-0.080
 0.011
 0.773
 1.109
 0.076
-0.226
-0.558
-0.635
-0.509
-0.672
 0.063
-0.822
-1.023
 0.680
-0.564
-0.391
 1.351
 0.982
-0.372
 0.884
 0.016
-0.729
 0.457
-0.229
-0.399
-0.951
-0.450
 1.595
-0.036
 0.150
-0.003
-1.257
-0.356
-1.147
-1.393
-1.023
-1.684
-0.810
-0.961
-0.125
-1.248
-0.662
-1.203
-0.533
 0.070
 0.950
 0.390
 0.234
 0.555
 0.170
-0.001
-1.211
-2.313
-1.849
 0.306
 1.625
 0.064
 0.233
-1.102
-0.351
-0.915
-0.404
-0.186
 1.091
-0.275
 0.240
-0.968
 0.244
 0.298
 0.969
 0.162
 1.357
 0.192
 1.135
 1.111
 0.233
-0.513
-0.490
 0.980
 1.343
-0.200
-0.507
-0.796
 0.533
-1.741
-0.960
 0.385
-1.742
-1.796
-1.050
-0.049
-0.869
-1.681
-1.419
 0.786
 1.198
-1.248
-1.328
-1.679
-0.630
 0.960
-1.165
-0.433
-1.150
 1.489
 0.287
-0.576
 0.148
-0.293
-0.954
-0.542
-0.164
-0.014
-1.006
-0.445
-1.273
 0.683
-0.167
 1.066
 0.805
-1.035
 0.078
 1.869
-0.365
 2.500
 2.149
 0.710
 0.085
 0.311
-0.402
 0.725
 0.410
 0.647
-0.312
-0.652
-0.733
-0.673
-1.096
 1.075
 0.860
 1.176
 0.092
-1.133
-0.090
-0.043
-1.301
-1.655
-0.845
-0.478
 0.330
-0.920
-0.775
 0.051
-0.552
 0.724
-0.351
-0.410
 0.513
 0.107
-1.035
 0.371
-0.388
 0.635
 0.692
-1.119
 0.012
-0.587
-0.575
-1.833
-0.159
-0.770
 0.424
-1.012
 0.081
 0.641
-0.202
 1.043
 1.528
 0.367
 0.758
 1.257
 1.745
-0.248
-0.788
 0.165
-0.408
-0.182
 1.532
 2.207
 0.429
 0.177
 0.580
-0.501
-0.877
-1.198
-1.148
 0.407
 0.038
 0.986
 1.098
 0.641
-0.597
 1.065
-0.151
 0.473
 0.869
-0.518
-0.952
-0.659
-0.525
 1.187
 0.745
-0.461
 1.228
 1.061
 0.430
-0.518
 0.408
 0.201
 1.027
 1.184
 0.526
 0.664
-1.590
 1.122
 1.204
 0.276
 1.298
 1.550
-0.356
-0.925
 0.220
-0.217
 1.414
-1.435
-0.436
 0.663
-0.161
 0.479
 1.639
 1.211
 0.616
 0.885
-0.802
-0.172
 0.391
-0.194
-1.518
-1.483
-1.015
-0.633
 1.388
 0.102
 0.019
 0.601
 1.403
 0.068
 0.100
 1.153
-0.203
-0.295
 0.534
 1.273
-1.469
 0.350
 0.060
-0.582
-1.147
-0.438
-0.610
-1.169
-0.659
-0.100
 0.385
 0.657
-1.838
-0.237
 0.493
-0.083
-0.102
-0.395
-0.568
-0.181
 0.353
-0.465
-0.884
 1.899
 0.577
 0.482
 1.527
-0.715
 0.710
-0.030
-1.117
-2.904
-2.308
-0.767
 0.664
 1.331
 0.431
-1.005
 1.674
 0.903
 0.508
 0.102
 0.782
 0.017
-0.983
-0.046
-0.822
-1.365
-1.772
-0.981
-2.382
-1.840
-0.643
 1.030
 0.815
 0.309
-0.105
-0.178
 0.120
-0.784
-0.039
-1.723
-2.363
-0.116
-1.800
-0.481
-1.558
-1.820
-1.816
-1.675
-0.519
-1.243
-0.201
-1.033
-0.944
-1.161
-1.212
-0.563
-0.241
-0.051
 0.147
-0.241
-1.855
 0.069
 0.269
 2.318
 0.615
-0.927
 0.033
 0.128
-0.905
-0.656
 1.229
 0.537
-0.370
-0.570
-0.321
 0.450
-0.646
 0.200
-0.058
-1.856
 0.163
-0.740
-0.002
-0.254
-1.440
-1.730
-0.563
 0.832
-0.253
 0.247
 0.514
-0.722
 0.552
-0.407
 0.115
-0.059
 0.264
-0.382
-0.378
-0.235
 0.350
 0.354
-0.251
-0.600
 0.497
-1.460
 0.201
-0.719
 0.752
-0.437
-0.481
-0.933
-1.701
-1.159
 0.192
-0.402
 0.295
-0.013
 1.157
 2.157
-0.115
-1.005
 1.563
 1.537
 0.755
 1.235
-0.039
-0.497
-0.460
-0.662
-1.093
 0.266
-0.061
 1.791
 1.230
 2.444
 0.377
 0.528
-0.904
 0.953
 0.723
-0.622
 0.365
 0.526
 1.143
 1.367
 1.812
 1.592
 0.000
 2.367
 0.657
 0.342
 0.854
 0.913
 1.108
 1.743
 1.146
 0.967
 0.056
-0.979
-1.249
 1.054
-0.458
-1.325
 0.318
-0.175
 0.697
 0.617
 0.764
 0.366
-0.572
-0.435
-1.869
-0.392
 0.009
 1.039
-0.543
-1.388
-0.692
-1.077
-0.038
-0.433
-0.259
-1.183
-0.839
-1.504
-0.449
-1.021
-1.151
-0.612
-1.067
-1.376
-2.130
-1.079
-1.248
-0.085
-1.271
-0.157
-1.960
-2.635
 0.221
-0.548
-0.163
-1.856
-0.630
-0.800
-1.353
-0.998
-1.502
-0.609
-1.062
-0.731
-0.397
-1.932
-2.462
 0.863
-0.184
-0.279
 0.153
 0.755
-0.069
-0.958
-1.070
-0.828
-0.919
-0.654
-1.214
-1.226
-2.096
-0.283
-1.112
-0.120
 0.624
-0.179
-1.305
 0.648
-2.299
-0.807
 0.297
-1.954
-0.417
-2.213
-1.396
 0.114
-1.508
-1.532
-2.107
-2.123
-0.876
-1.406
-1.974
-1.450
-1.627
-0.894
-1.017
-1.105
-1.779
-0.434
-0.441
-0.574
-0.198
 0.144
-1.291
-0.115
-0.370
 0.931
 0.156
-0.245
 0.003
 0.491
 0.322
 0.334
-0.264
 0.274
-0.565
-0.484
-0.914
 0.512
 0.416
-0.155
-0.245
 0.465
-0.709
-0.166
-0.800
-2.199
-0.864
-1.191
-1.321
-1.204
-0.551
-3.056
-1.076
-1.518
-1.873
-1.100
-0.616
-0.855
-1.335
-0.374
-0.878
-0.171
-0.144
 0.139
-0.220
-0.336
 0.113
 0.390
 1.248
 0.404
-0.216
 0.198
-1.296
 0.248
-0.336
 0.269
-0.099
-1.164
-1.208
-0.648
 1.291
 0.519
 0.821
-0.904
-1.757
-1.683
-1.638
-0.338
-0.546
-0.252
 0.283
 0.669
 0.146
-0.341
 0.450
 0.652
 0.579
 0.770
 0.624
-1.240
 0.469
-0.056
-0.164
 0.040
-0.925
-0.235
 0.095
-0.087
 0.349
-0.475
 0.151
-0.031
-0.455
-1.219
-0.953
 0.036
-1.592
-0.259
 0.942
 0.604
 2.188
-0.691
-0.090
 0.957
-1.113
-0.986
 1.481
 0.263
 0.415
-0.185
-1.542
 0.540
 0.398
 1.336
 0.366
-1.458
-0.533
-1.439
-0.614
 0.282
-0.210
 0.344
 0.082
 0.862
 1.379
-0.055
 0.947
 0.295
 0.842
-0.290
 0.451
-0.971
 0.273
-0.368
 0.350
-0.044
 0.000
-0.697
-1.116
-0.498
-0.099
-0.980
-1.213
 0.499
 0.081
-0.555
 0.248
 0.537
-0.300
-0.274
 0.936
 0.731
 0.804
 0.009
 0.091
-0.721
 0.124
 1.094
 1.253
 0.151
 0.805
 0.069
 0.759
 0.070
-0.057
-1.200
-2.205
-1.323
-0.037
 0.280
 1.867
-0.103
-0.599
 1.064
 0.434
 0.408
-0.015
-0.800
-1.599
 0.351
-1.219
 1.903
 0.914
 0.316
-0.301
-0.418
 0.869
-0.761
-0.156
-0.364
 0.016
-0.482
 0.940
 0.194
-1.104
-1.550
 1.629
 0.524
 0.145
-1.447
-1.083
-0.067
-0.122
-0.808
-0.105
-0.854
 0.028
 0.418
 1.916
 0.056
-0.110
-0.778
 0.270
 0.469
 0.045
-0.763
 0.535
-0.140
-0.920
-1.224
-0.310
 0.515
 0.733
 1.418
 1.602
 1.751
 0.182
 0.346
-0.113
 2.373
 0.111
 1.403
-0.108
-0.333
 0.613
 0.005
 0.667
 1.232
-0.306
-1.002
-0.261
 0.644
 0.102
 0.122
-0.033
 0.669
-1.620
 0.232
-0.101
-1.863
-1.293
-1.642
-1.003
 0.433
 1.266
-0.123
-0.132
-0.107
-0.228
 0.553
 0.673
 2.013
 2.390
-0.029
 0.458
-0.143
 0.383
 0.620
-0.139
-1.559
-1.164
-1.012
-1.484
 0.128
-0.500
-0.268
-0.222
-0.988
-0.102
 0.231
 1.167
 0.389
 1.350
-0.495
 1.059
-1.139
 0.227
 0.257
-0.980
 1.082
 1.717
 0.884
 0.264
 0.691
-0.585
-1.536
-1.817
-0.610
 0.211
-1.102
-0.028
 0.618
 0.918
 1.562
-0.272
 0.279
 1.512
 1.118
 0.535
-0.331
 0.405
 1.709
 0.850
 0.712
 0.266
-0.150
 0.225
 1.170
 0.452
-0.934
-0.757
 1.716
 1.347
 1.657
-0.264
-2.087
-0.576
-0.556
-0.119
-0.866
-0.487
-0.039
-0.427
 1.777
-0.079
-0.079
-0.074
 0.653
 0.868
-0.797
 0.415
 0.722
-0.835
-0.575
-1.070
 0.043
 0.210
 0.742
-0.090
-0.263
-0.785
 0.260
-0.178
 1.119
 0.231
 1.010
 0.327
 0.764
 0.685
 2.056
 0.658
 0.781
 1.457
 0.765
 1.792
 0.833
-1.260
-0.491
 1.606
 0.440
-0.803
-0.738
-0.495
-1.852
-0.297
 0.377
-0.063
 0.323
 0.216
 1.086
-0.682
-0.348
-0.476
-0.967
-1.425
-0.993
 0.532
-0.910
 0.987
 1.228
-0.777
 0.167
-0.204
-1.181
 0.040
-0.240
-0.830
 1.021
-0.404
-0.479
-0.024
-1.423
-2.179
-0.501
 0.725
 0.128
 2.310
 0.056
 0.349
-0.137
-0.794
-1.137
 0.117
-0.421
-0.712
-0.903
-1.078
-0.404
 2.834
 0.168
-0.480
-0.295
-0.592
 0.441
 0.005
 0.151
 0.761
-0.055
-0.989
-0.129
-0.580
-1.385
-1.226
-0.878
-1.673
-1.035
-0.919
-1.779
-0.997
-1.304
-0.653
-0.557
-1.416
-0.223
-0.850
-0.265
 0.224
-0.332
 0.399
-0.392
 0.576
-0.022
 0.675
 0.135
-0.911
 0.098
-1.367
-0.781
-1.533
 1.389
 1.730
 0.189
-0.390
-0.061
-0.910
 1.270
 0.973
 1.198
 0.665
-0.573
-0.174
-0.630
 0.333
-0.259
-1.777
-0.022
-0.441
-0.353
 0.205
-0.583
-0.551
 0.972
-0.988
 1.006
-0.647
-0.332
 0.326
-2.756
-1.500
-0.540
 0.620
 0.162
 0.018
 0.875
 1.276
 1.297
 0.254
-0.376
-0.093
 0.347
-0.904
-0.341
-0.392
-0.137
-0.627
 0.526
 0.313
-0.658
-1.847
-1.105
 0.758
 0.247
 1.586
 0.503
 0.037
-0.477
 0.676
 0.323
-1.357
 0.149
 0.769
-0.403
-0.618
 0.846
 0.107
-1.139
 1.188
 0.152
-0.968
 0.277
 1.428
 1.335
 1.212
 1.190
-0.395
 0.286
 0.414
-0.195
-0.844
-2.115
 0.281
-0.383
-0.300
 1.492
 0.450
-0.014
 0.416
-0.651
-0.004
-0.238
-1.306
-0.748
-1.532
-1.632
-1.400
-0.228
-2.377
-2.916
-2.143
-2.627
-2.010
 0.351
-1.680
-2.035
-2.278
-3.743
-3.610
-1.580
-0.980
-0.101
-1.599
 0.171
-0.777
-1.076
-1.949
 0.060
-1.243
-0.987
-2.184
-0.055
-1.604
-0.832
-1.267
-1.625
-0.115
-0.642
-0.050
-1.218
-0.566
-0.642
-1.554
-0.706
-1.120
-1.733
-1.283
-0.400
-0.143
-1.256
-1.503
-0.235
-1.278
 0.826
 1.198
 0.216
-0.407
-0.493
-0.208
-0.405
 0.869
 1.341
 0.097
 0.163
-0.195
-0.298
 0.292
-0.010
 0.008
 0.693
-0.186
 0.103
-1.113
-0.431
-1.783
-0.545
-0.102
 0.232
 0.455
-0.543
-1.277
 0.868
 0.460
-0.163
 0.601
-0.366
 0.232
-0.586
 0.651
 0.958
-0.631
-1.074
-0.421
-1.774
 0.103
-0.271
 0.962
-0.358
-1.431
-0.722
 0.670
-0.586
-1.495
-0.591
-1.184
 0.313
-0.815
 0.282
-1.631
-1.902
-1.008
 0.365
-0.304
 0.854
 0.788
 0.259
 0.568
-1.818
 1.315
 2.428
 0.312
 0.392
 1.454
 0.258
 0.484
-0.312
-0.823
-0.133
 0.305
 0.650
-1.771
-0.731
 0.556
 0.579
-1.205
-1.773
-0.296
 0.251
-0.630
-0.799
 0.019
-0.717
 0.001
 0.495
 0.442
-0.158
 0.559
-0.712
-1.037
 0.079
 0.615
-0.447
-0.820
-0.245
-0.667
-0.288
 0.520
-1.341
-0.550
 0.119
-1.009
 0.063
 0.535
-0.741
 0.586
-1.676
-0.378
 0.267
 1.049
-0.247
-0.658
 0.514
-1.621
-0.038
 0.247
 0.883
 1.397
 0.231
 0.059
 0.133
 0.474
-0.296
-0.507
 0.960
-0.732
 0.479
 1.031
 0.540
-0.204
-1.422
-1.763
-0.630
-0.517
-0.544
-0.462
-2.044
-1.601
-2.485
-0.180
-1.569
-0.189
-1.043
-0.990
-1.131
-2.258
 1.017
-1.652
-0.590
-1.046
-2.595
-1.813
-1.509
 0.086
-0.661
-1.877
-0.126
-0.497
-0.426
 0.290
-0.415
 0.866
-0.241
-0.467
-0.518
-1.075
-0.759
 0.061
 2.371
 1.194
 2.762
 2.464
 1.465
 0.266
-0.311
 0.904
 0.495
 0.204
-0.561
-0.299
 0.140
-0.100
 1.100
 1.601
 1.460
 0.991
 1.948
 1.469
-0.692
 0.381
 0.872
-1.187
-0.350
 1.505
-0.136
-0.142
-0.109
 0.685
 0.666
 0.664
 0.140
-0.293
-0.669
-1.789
-0.472
-1.033
-1.193
 0.885
 0.735
 0.712
-1.002
 0.716
 0.381
 0.196
 0.244
 1.305
 1.105
 0.460
-0.380
-0.315
 1.425
 1.813
 1.615
 0.506
-0.819
-0.691
 0.097
