54
 0.303
 0.672
 1.347
-0.168
 0.319
-0.320
-0.528
 1.210
 0.791
 0.378
 0.776
 1.551
 0.493
 0.413
 0.777
-0.073
-0.332
-0.272
 0.091
-0.377
 0.712
 1.220
 0.590
 1.145
 1.082
 2.806
 1.843
 1.613
 1.155
 0.142
 0.338
 0.632
 0.047
 0.339
-0.093
-1.665
 0.028
 0.598
 0.426
 1.057
 0.519
 0.996
 0.581
 0.267
 0.103
-0.725
 1.122
-0.569
-1.460
-0.689
-0.844
 0.068
-1.615
-0.454
 0.459
 0.450
-0.599
-1.247
-0.261
 0.722
-0.527
 0.253
-0.184
-1.426
 1.262
 0.098
-1.324
-0.210
-0.164
-0.318
-0.671
-1.235
-0.355
-0.438
 0.109
 0.820
 1.107
 1.597
-0.461
 1.295
-0.299
-1.403
-0.913
-0.753
-0.546
-1.327
-0.265
-0.196
 1.689
 0.581
 0.807
 0.314
 0.858
 0.799
-0.332
-0.045
 0.023
-0.127
-1.062
-0.053
-0.720
-0.217
-0.386
-0.628
-0.716
-0.289
-0.597
-1.207
-0.826
 0.943
 1.199
 1.400
 0.327
-0.404
-0.396
-1.422
-1.311
-0.526
 0.320
-1.533
-0.375
-0.589
-1.471
-0.842
-1.050
 0.602
 0.563
 0.659
 2.301
 1.292
 1.554
 0.278
-0.050
 0.495
-0.482
-0.902
 0.657
 0.974
 0.450
 0.983
-0.333
 0.720
-0.111
 1.228
 1.519
 0.454
 1.965
 2.126
 2.784
 0.799
 0.218
-0.546
 0.119
-0.448
 0.822
-1.219
-0.408
-0.800
 0.164
 0.521
-0.496
 0.387
-0.602
-0.420
 0.109
-1.180
 0.697
 2.317
 1.154
-0.752
-0.510
-0.562
 0.246
-0.375
-0.375
 1.440
 0.602
-1.582
-0.335
-1.059
-2.167
-1.086
-0.782
-1.637
-1.306
 0.768
 0.345
 1.015
-0.461
-0.342
 0.309
-1.361
-0.625
-1.493
-1.644
-1.687
-2.437
 0.622
 0.018
 0.428
 0.658
 1.275
-0.622
-0.847
 0.748
 0.312
 0.431
 0.834
 0.487
 1.513
-1.407
-0.531
-0.501
-2.472
-0.849
-0.899
 0.255
-0.137
-1.172
-0.709
 0.952
-0.014
 0.214
 0.372
-1.037
-0.516
-0.456
-0.057
 0.199
-1.648
-0.606
 0.895
 1.455
-0.264
-0.918
-0.761
-0.838
-1.563
-0.416
 0.095
-0.307
-0.157
-0.543
-0.788
 1.114
 0.988
-0.861
-0.850
 0.294
 0.849
-0.429
-1.307
 1.125
 0.282
-1.304
-0.837
-0.821
-0.405
-1.797
 0.299
 0.804
-0.647
-0.648
 0.052
 0.343
-0.634
 1.300
-1.094
-0.130
-1.179
 0.573
 0.016
 2.007
 0.604
 0.302
-0.812
-0.079
 1.209
 0.406
 1.412
 0.870
 1.122
 0.203
 0.820
-1.093
-1.262
 0.215
-0.824
-0.209
-0.452
 0.412
-0.036
 0.042
-0.781
-0.642
-1.516
-0.357
-0.453
 0.786
 1.631
 2.646
 1.543
 0.677
 0.099
 0.857
-0.086
-1.513
-1.093
-0.025
 0.064
 0.224
-0.283
 0.695
-0.450
 0.527
-0.174
-0.838
 0.461
-0.610
-0.725
 0.364
-0.269
-0.508
-0.828
-0.080
-0.662
-1.328
-0.302
-1.266
-1.529
-1.132
-1.819
-1.839
-1.093
-0.476
-0.866
-0.659
 0.208
 0.714
-0.481
-0.410
-1.579
-0.820
-0.186
-1.340
-1.651
-1.350
-1.367
-0.930
-0.036
-0.349
-0.521
 1.346
 0.652
 1.610
 1.667
 0.391
 1.188
 1.747
-0.242
 1.295
 2.094
 1.644
 1.533
 1.529
 0.621
 0.840
 0.476
 1.391
 0.467
 2.335
 1.136
 0.193
-0.162
-0.390
 0.305
 0.236
 1.169
 0.231
 0.730
-0.506
 0.535
 1.759
 2.826
 0.712
 1.327
 0.264
 0.652
 1.382
 1.058
 0.581
 1.002
 0.592
 0.741
 0.501
 1.686
 2.027
 0.299
 0.972
 0.780
-0.072
 1.181
 0.531
 0.120
 0.409
-0.113
 0.370
 0.977
 0.482
 1.176
-0.792
-0.627
 0.020
 0.813
 0.724
 0.811
 1.352
 2.070
 0.924
-0.132
-0.967
 1.084
-0.066
 0.232
-0.339
 1.517
 0.840
 1.325
-0.021
 0.087
-0.342
 2.367
 0.596
 0.111
-0.724
 0.530
 0.933
 1.511
 1.336
 0.498
-0.462
-1.177
-0.405
 0.846
 0.370
-0.352
-0.256
-0.279
-0.437
-0.090
 0.791
 0.920
-1.078
-0.696
-0.321
-1.491
-0.900
 0.453
-0.328
 0.297
-0.093
 0.986
-0.186
-0.389
 0.409
-0.557
 0.249
-1.119
-0.905
-1.051
 0.024
-1.168
-0.056
 1.481
 1.445
 0.145
 0.585
 1.157
-0.426
-0.856
 0.566
-1.620
-0.675
-0.052
-1.176
-0.451
-0.181
-0.444
-1.800
 0.315
 0.202
-0.557
 0.663
 1.289
-0.682
-0.709
-0.344
 1.087
 0.789
-0.447
-0.598
-0.062
 0.674
 0.810
 0.524
-1.123
-0.429
-0.837
 0.496
-0.528
 0.686
 1.750
 0.477
 0.537
-0.118
 1.090
 0.578
-0.625
 0.975
-0.672
-0.155
 0.973
-0.042
-1.496
-1.108
-0.667
 0.196
-0.461
 0.305
 0.441
-0.531
 0.562
 0.846
 0.139
-0.107
-1.073
 0.298
 1.373
 1.433
 0.426
-0.470
-0.187
-0.008
-1.590
-1.966
-1.186
-0.156
-0.839
-1.538
-0.383
-0.314
 0.629
 0.863
 1.268
 1.406
 0.836
-0.944
-2.066
-1.173
 1.559
-0.424
-1.342
-0.346
-0.180
 0.336
 0.377
 0.542
-0.137
-1.395
-0.844
-0.274
-0.673
-0.660
 0.358
-0.454
-0.832
-0.766
-0.151
 0.331
 0.900
-0.584
 0.194
-1.300
-0.867
-0.174
-0.458
-0.200
-0.109
-0.355
-0.780
-0.840
-1.933
-1.931
-0.152
-0.517
-0.198
-0.402
-0.295
-0.782
 0.801
 0.367
-0.968
 0.309
 1.170
 1.052
 0.593
 0.556
-0.340
 0.424
-0.406
 0.476
-1.940
-0.191
-0.313
 0.231
 0.086
-0.645
-0.185
-0.180
-0.462
-0.323
-0.502
-0.552
-1.478
 0.321
-0.466
 1.253
 1.199
 1.086
 0.618
 0.685
-0.372
 0.060
 0.047
 0.069
 0.693
 0.045
-0.159
-0.350
 0.571
-1.028
-0.084
-1.252
-1.380
 0.227
-0.346
 0.117
-1.144
-1.435
-1.452
-0.540
 0.281
 1.097
 0.788
 0.779
 1.229
 0.268
-0.068
-0.369
 0.760
 1.108
 0.046
 0.306
-0.825
 0.326
 0.135
-0.526
 0.059
-0.117
-0.896
-0.796
 0.736
-0.745
-0.270
-1.068
-1.315
 1.129
-0.238
-0.207
-1.614
-2.616
-0.976
-1.146
 0.466
-0.308
 0.810
-0.233
 1.214
 1.631
 0.764
 1.191
 0.907
 0.596
 0.785
 0.676
-0.053
-0.827
-1.554
-0.633
 0.994
 1.013
-0.415
 0.578
-0.533
-0.969
-1.280
 0.196
-0.391
-1.057
-0.023
 0.289
-1.015
-0.751
-1.029
 1.185
-0.562
 0.394
 1.557
 1.306
-0.442
-1.541
-1.412
-0.851
-0.475
 0.261
-0.420
 0.160
-0.884
-0.520
-1.157
 0.054
 0.190
 1.027
 2.567
 1.178
-0.123
 0.677
-0.283
 0.225
 0.458
-0.849
 0.382
-0.506
 0.431
-1.716
 2.068
 1.675
 1.794
 0.184
 1.146
 2.559
 1.570
 1.031
 0.956
 0.471
 0.913
-0.342
 0.874
 1.274
 0.154
 0.206
-0.331
-0.116
 0.688
 0.566
 0.242
 1.149
 1.341
 0.445
-0.648
-1.211
 1.233
 0.152
 0.363
-1.055
-1.266
-0.319
-0.649
 0.792
 0.982
 0.348
-1.136
-0.246
-0.773
 0.823
 1.605
 3.003
 1.033
-0.931
-0.920
 0.199
-1.045
-0.638
-0.089
-2.314
-0.466
 0.440
-0.331
-1.878
-1.229
-1.104
-1.048
-0.394
-0.877
 0.650
 1.091
 1.356
-0.192
 0.267
 0.928
 0.592
 0.821
 2.247
 0.280
 2.077
 0.232
 1.060
 1.113
 0.568
 1.944
 2.125
 1.563
 1.874
-0.983
-0.846
-0.138
 0.217
 0.711
-0.239
 1.443
 0.979
-0.312
 0.168
 0.677
 0.655
 0.452
-0.246
-1.231
-1.197
-0.312
-0.456
-1.313
 1.927
 0.468
 0.078
-0.712
 1.233
 1.850
 0.510
-0.076
-0.097
 1.393
 1.169
-0.089
-0.539
 1.153
-0.034
-1.328
-1.017
-0.889
-0.212
 1.055
-0.214
-0.384
-0.416
 0.433
-0.532
 0.758
 0.877
-0.692
 2.156
 0.733
 0.740
 0.143
 1.883
 0.224
 0.510
-0.001
-0.205
 0.511
 0.194
 0.332
-0.251
 1.505
 1.712
 1.230
 0.902
 0.971
 0.866
 0.621
 0.527
 1.039
 0.036
 0.481
-0.487
-0.150
-0.196
 0.598
-0.470
-0.309
 0.750
-0.233
 0.390
-0.119
-0.293
 0.034
 1.544
 0.493
 0.844
 0.356
 0.508
-1.409
-0.314
-0.877
-0.543
-0.689
 0.674
 0.335
 1.116
 0.582
 0.856
 0.855
 1.053
 0.891
 1.800
 2.026
 1.042
 0.279
 0.485
 1.140
 2.450
 2.829
 2.641
 0.877
 0.436
 1.864
-1.442
-0.156
-1.151
 0.737
 0.573
-0.622
 0.002
 0.939
 1.306
-0.053
 0.138
 0.666
-0.830
-0.780
 0.972
 0.692
-0.719
-0.339
 0.248
 0.299
-0.527
 0.364
 0.134
-0.233
 1.114
 0.714
 1.173
 0.539
 0.235
 1.241
 0.126
 0.672
 0.633
 0.659
-0.134
 0.095
-1.812
 1.307
-1.363
 0.688
-1.354
-1.050
 1.274
 0.039
-0.002
-1.582
-1.622
 0.381
-0.029
 0.502
-0.938
-0.168
-0.131
 0.519
 1.159
-0.249
-1.348
-0.571
-0.574
 0.255
-0.333
-1.419
-1.871
-0.149
 1.839
 0.728
 0.081
 0.596
-0.385
-0.667
 0.232
 0.673
 0.233
 0.487
 0.204
 0.218
-0.200
 0.252
 1.622
-0.396
-1.343
 0.559
 1.520
 1.601
 1.295
 0.459
-0.727
 0.511
 1.164
-0.217
 0.902
 1.236
-0.362
 0.543
 1.321
 0.262
 1.009
 0.827
 1.281
 0.283
-0.366
 0.878
 0.060
 0.472
 0.500
-0.074
 0.592
 0.315
-0.527
-1.179
-0.318
 0.614
 0.140
 0.481
 1.078
 1.060
-1.274
-0.284
 0.092
 0.263
 0.329
 0.905
 0.347
 0.113
 1.399
 0.812
-0.522
 0.020
 1.229
 0.790
-1.687
 1.066
 1.364
-0.495
-1.283
-1.498
-0.950
-0.867
-0.333
 0.555
-0.688
 0.141
-0.431
 1.062
-0.560
 0.556
 0.602
 0.788
 0.136
-0.997
-1.047
-0.004
 1.476
 1.427
 0.568
 0.227
 1.012
 0.581
 0.021
 0.477
 0.678
 0.644
 1.748
 1.699
 0.941
 0.286
-0.147
 0.217
 2.060
 1.940
-0.020
 0.113
 0.533
 1.462
 0.711
 0.424
 0.738
 1.428
-0.483
 0.643
-0.231
 0.554
-0.401
 0.136
 0.375
-0.113
 0.413
 0.511
-0.663
 0.161
-0.642
 0.648
 0.346
-0.682
 1.390
 1.315
 0.268
 1.098
 0.966
-0.182
 0.029
 0.652
-0.534
-2.240
-0.417
-0.853
-0.407
-2.008
-0.137
 0.569
 1.008
 1.404
 0.965
 0.210
 0.663
 0.567
 0.977
 0.366
-1.125
 0.546
 1.017
 0.544
-0.014
-0.167
 0.364
 1.773
 2.143
-0.996
-0.495
-0.243
 0.308
-0.511
 0.005
 1.632
 1.608
 1.696
 0.119
 2.117
 1.366
 0.378
 0.494
 0.522
-0.360
-0.417
 0.866
 1.800
 1.300
 1.840
 0.222
 0.592
 0.105
-0.721
 0.459
 0.081
-0.239
-0.036
 0.456
 0.643
 0.431
 0.936
-0.157
-0.139
 0.670
 0.572
-0.696
-0.761
 0.597
 0.643
-0.033
 0.127
-0.056
 0.153
-0.769
 0.185
 1.444
-0.340
-1.055
 0.488
 1.127
 0.168
 0.258
 0.265
 1.225
 0.857
-0.330
 1.046
 1.169
 0.755
 1.465
 1.589
 0.952
 0.200
-0.196
 0.805
 2.868
 2.319
 2.615
 1.733
 1.617
 1.365
 0.372
-0.208
 0.715
 1.248
-0.021
 0.489
 1.266
 0.938
 0.602
-0.115
 0.405
-0.446
 1.999
 1.402
 1.130
 1.458
 1.366
 0.596
 1.199
-0.364
 0.163
 0.547
-0.255
-0.401
-0.584
 0.443
 0.984
 0.510
-0.498
-0.612
-0.449
-1.558
-0.495
 0.597
 0.124
-0.692
 0.791
 1.499
 0.597
 0.559
 0.815
 0.884
 0.536
-0.898
-1.372
-1.504
-0.652
-0.032
 0.802
-0.178
 0.324
 0.099
-0.053
 0.075
 0.543
 1.280
 0.797
 0.327
 0.395
-0.062
-0.035
-0.807
-0.173
 0.432
-0.112
 0.227
-1.206
 1.184
 0.969
 0.184
-0.031
-0.398
-0.947
 0.113
 1.202
 1.383
 0.550
 0.935
 0.232
-0.130
-1.272
 0.081
-0.101
-0.660
-1.089
-0.984
 0.734
 0.107
 1.033
 1.804
 0.446
 0.029
 0.893
 0.257
 1.079
 0.760
-0.052
-0.023
 1.147
 1.031
 0.653
-0.086
-0.096
 0.549
-0.507
 0.209
 0.458
 0.565
 0.475
 1.706
 0.922
-0.493
 0.616
-0.846
 0.790
 1.324
 0.712
 0.530
 0.467
 0.845
 1.508
 1.349
 0.032
 1.018
-0.858
 0.584
 1.200
 1.946
 0.265
 0.906
 0.805
 1.797
 1.229
 0.365
 0.572
 0.950
 1.706
 1.469
 0.018
-0.421
 1.051
-0.176
 1.795
 1.588
 1.135
 1.439
 0.170
-0.463
 0.591
-0.079
-0.734
 0.114
 0.414
 0.873
-0.019
-0.667
 0.528
-0.086
 0.831
-1.292
 0.051
 0.918
 0.043
 0.266
-0.220
 0.246
 0.352
 1.035
 1.049
 0.543
-0.900
-0.912
-1.002
-0.752
-1.962
-1.109
-0.911
-1.872
-2.452
-0.253
-1.162
 2.752
 0.886
 0.791
-0.580
-0.170
-0.086
-0.535
-0.628
 0.377
-0.153
-0.004
-2.072
 0.282
 0.955
 0.857
-0.082
-0.677
 0.019
-0.420
 0.054
 0.435
 0.218
-1.664
-1.763
-1.135
-1.908
 0.942
 1.182
-0.669
 1.405
 2.121
 0.246
-0.895
-1.680
 1.168
-1.327
-1.548
 1.043
-0.836
-0.234
 0.056
-0.732
-0.129
-0.014
 0.333
 0.188
-0.150
 0.094
-1.667
-0.455
 0.689
 0.615
-0.527
-1.363
-0.706
-1.690
-2.753
-1.240
-0.841
-0.996
-0.535
-0.088
-1.662
-0.172
-0.319
-1.209
 0.309
 0.147
-0.942
-1.147
-0.194
 0.089
 0.827
-0.177
 0.214
 0.010
-1.293
-0.240
-0.148
-0.576
-0.021
 0.095
 0.642
-0.503
-1.869
-1.480
-1.172
-0.501
 0.093
-0.132
-0.104
 0.250
-0.268
 1.003
 1.634
 0.500
-0.323
-0.447
-1.135
 0.209
-0.696
-1.948
-0.093
-0.772
-1.229
 0.363
 0.480
 0.573
-0.771
-0.433
-0.731
 0.135
 0.397
 0.600
 0.663
 1.578
 2.015
 2.088
 0.463
 0.511
-0.654
-0.619
-2.135
-0.457
-0.781
-1.713
-0.205
-0.330
-0.349
-1.104
-0.761
-0.092
 0.961
 0.077
-0.842
-0.372
 1.196
-0.751
 0.788
-0.313
 1.074
-0.100
-0.742
-0.889
-0.233
 0.950
 0.424
-0.028
 1.133
 1.015
 0.325
-0.199
-0.495
-1.451
 0.344
 1.463
 0.329
-0.537
-0.404
 0.934
 1.896
-0.564
 0.940
-1.979
 0.907
 0.564
 0.520
 0.123
-0.676
 1.153
-0.157
 0.787
 1.053
 0.493
 0.912
 0.670
 1.192
 0.214
 0.848
-0.258
-0.253
-1.302
 0.230
 0.486
 0.139
 0.709
 0.767
 1.155
-0.094
 0.217
-0.553
 0.611
 1.102
 1.519
 0.210
 3.160
 1.346
 0.662
-0.387
-0.429
 0.703
 1.486
 0.688
-1.582
-0.328
-0.982
 1.007
 1.581
 0.490
 1.559
 2.486
 0.408
 0.826
-0.324
 0.581
-1.037
 0.502
-1.439
 0.162
 1.268
 2.357
-0.342
-0.806
-0.903
 0.201
 1.308
 0.195
 0.379
 0.251
-0.310
-1.663
-1.352
-0.511
 1.118
 0.336
 0.296
 0.802
-0.200
 0.010
 0.994
-0.035
 0.047
-0.093
 0.194
-0.017
 1.768
-0.383
-1.289
-1.593
-1.719
-0.246
-1.160
-0.844
-0.681
 0.791
 0.312
-1.030
-0.812
-0.277
 0.696
-1.030
-2.085
-0.449
-1.330
-1.467
-0.578
-0.316
-1.133
-0.778
-1.217
-0.448
-1.561
-0.913
-0.443
-0.275
-0.036
 0.019
-0.038
-1.761
-1.706
-1.962
-1.152
-1.799
 0.244
-0.480
 0.071
 1.010
-0.110
 1.847
 1.259
 0.750
-1.726
 0.091
 1.032
 0.385
 1.289
 1.967
 0.980
 1.125
 0.280
-0.164
-0.102
-0.439
 0.826
 2.382
 1.968
 1.923
-0.071
 0.902
 0.878
 2.203
 1.515
 0.804
 0.744
 1.018
 0.301
 0.310
-0.159
 0.154
 0.823
 0.514
-0.144
-0.481
 1.005
-0.414
-1.130
-1.132
-0.289
-1.457
-0.430
 1.451
 1.710
 0.813
 0.922
 1.816
 1.902
 0.854
 1.868
-0.001
 1.038
-0.044
 0.784
 1.566
 1.701
 1.262
 1.369
 1.398
 1.556
 0.447
 1.126
 0.909
 0.902
 0.584
-0.599
 1.329
 1.191
 1.564
 0.699
-0.454
 0.864
 0.400
 2.295
 1.783
 0.832
-1.779
-1.101
 0.512
 0.743
 0.755
 0.732
-0.618
 1.150
-1.297
 0.342
 0.979
-0.114
 0.807
-0.138
 0.363
-0.806
-0.614
-0.363
-0.475
 0.744
-0.048
 0.734
 0.508
 1.841
 0.931
 0.976
 0.625
-0.286
 0.567
 0.209
 0.358
 0.141
-0.647
 0.254
 0.346
 1.219
 0.388
-0.334
 0.211
 0.245
 0.838
 2.231
 2.233
 1.478
 1.850
 2.371
 1.702
 0.693
 0.497
 0.147
 0.782
 1.132
 2.138
 1.947
 0.143
 0.324
 0.125
 0.787
 1.073
-0.869
 0.757
 1.212
 1.986
 0.104
-1.039
 0.550
-0.944
 0.614
-0.457
-0.066
 1.120
 0.534
-0.380
 0.233
 0.181
 0.564
 0.817
 0.863
 0.568
 0.674
 0.659
 1.005
 1.140
-0.804
 0.225
-0.332
-3.154
-0.312
-0.608
 0.845
 0.355
-0.082
 1.059
-0.650
 0.182
 0.923
 0.368
 0.864
 1.823
 1.977
 0.826
 1.175
 1.768
 0.968
 0.308
 1.184
 1.410
 0.336
 0.431
 2.330
 1.171
 1.617
 0.798
 0.807
-0.403
 0.742
-0.256
-0.469
 1.267
 0.088
-0.147
-1.733
-0.047
 1.015
 0.772
 0.488
 0.810
-0.285
 1.125
-0.116
 1.863
 0.056
-0.970
-0.311
-0.633
-0.061
-0.188
-0.400
 1.703
 1.387
 1.187
 0.308
-0.657
-1.052
-0.284
 1.011
 1.329
 1.179
 1.486
-0.543
 0.389
 1.630
 1.323
 1.535
 0.733
 1.043
 1.924
 1.071
-0.587
 0.929
 0.598
-1.131
-1.297
 0.186
 0.984
 1.055
-1.128
-1.053
-1.190
 0.496
-0.231
 0.076
 0.773
 0.423
 0.192
-1.080
-0.370
-0.598
 0.015
 0.091
-1.106
-0.730
 0.816
 0.160
 0.117
-1.434
-0.566
-0.409
-0.743
-1.348
-0.465
 0.660
 0.414
 0.956
 0.292
 0.518
-0.776
 1.721
 1.639
 0.846
 0.518
 0.547
 0.734
 0.247
 0.245
 0.163
 0.357
-0.203
-0.870
 0.120
-0.433
-0.836
-0.883
 0.080
 0.213
 0.118
 0.616
 0.512
 0.042
 0.315
 0.798
-0.112
 0.516
 1.060
 0.648
 1.192
 0.690
-0.566
-0.513
 0.506
 0.941
 0.771
-0.605
 0.225
-0.159
 1.227
-0.285
-0.352
 0.410
 0.692
 0.003
-1.169
-0.326
 1.117
 1.364
 0.141
 1.225
 1.592
 1.172
 0.589
-1.728
-1.407
-0.259
 0.182
-1.547
 1.036
 0.716
-0.128
 0.663
 0.299
 0.122
 0.293
-0.396
 0.347
 0.063
 0.063
-1.481
-0.423
-0.524
 0.072
-1.030
-0.317
 0.497
-0.419
-1.585
-1.021
 0.928
 0.957
 1.245
 1.731
 0.296
-0.126
-1.045
-0.310
 0.336
 0.195
 1.552
 0.712
 0.678
 1.112
 0.954
-0.519
-0.323
 0.313
 1.518
 0.355
-0.130
-0.837
 0.208
-1.304
 0.896
 0.667
-0.088
-0.533
 0.989
 1.498
 0.551
-0.397
 1.986
 0.135
 0.673
 1.508
-0.077
-1.173
 0.337
-0.247
 1.369
-0.890
 0.689
 0.910
 0.876
 1.031
 0.166
 1.592
-0.199
 0.155
 0.633
 0.960
 0.581
 0.355
 1.249
-0.019
 1.012
-1.141
 1.835
 1.691
 1.279
 0.843
 0.041
-0.207
 0.785
 1.074
-0.200
-0.154
 0.976
-0.003
-1.154
-0.388
 0.739
 0.001
-0.520
-0.583
-0.556
-0.373
 0.098
 1.525
 0.298
 1.980
 0.289
 1.831
 1.473
 1.826
 2.668
 0.930
 0.005
-1.828
-0.209
-0.296
 1.203
 0.381
 0.494
-0.711
 1.478
 0.476
 1.465
 1.862
 1.550
 0.688
 0.334
-0.068
 0.712
 1.659
 1.365
 0.942
 1.670
 1.390
-0.074
 0.372
 0.063
 0.217
 0.070
 0.671
 0.894
 1.308
 1.103
 0.548
 2.513
-0.175
 1.305
 1.452
 0.133
 1.182
 3.114
 1.660
 0.743
 1.058
 1.610
 1.664
 0.783
 0.258
 1.439
 2.038
 0.914
 1.446
 1.536
 1.744
 1.554
 1.794
 2.497
 1.631
-0.598
 2.240
 0.910
 0.292
 1.045
-0.123
 0.624
 1.240
 0.999
 1.845
 1.620
 1.125
 0.475
 0.731
 0.338
 1.255
 2.541
 1.170
 1.791
 1.691
 1.644
 1.722
 0.990
 0.908
 2.535
 2.322
 1.282
 2.394
-0.053
 1.360
 1.084
 1.184
 2.007
 1.937
 1.196
 1.070
 1.995
 2.477
 1.362
 2.015
 1.891
 2.018
 2.645
 1.421
 1.125
 1.606
 1.463
 1.518
-0.525
 2.233
 1.123
 1.138
 1.622
 0.408
 0.343
 0.894
 0.094
-0.134
 0.545
 1.145
 1.061
 0.936
 0.964
 1.163
 0.848
 1.871
 1.748
 2.103
 2.376
 2.413
 0.929
 2.030
-0.084
 1.496
 1.803
 2.484
 1.560
 1.546
 2.292
 1.143
 1.246
 1.796
 2.035
 1.710
 0.398
 0.768
 0.060
 2.141
 1.193
 1.922
 2.037
 1.824
 2.212
 1.692
 1.906
 0.185
 1.367
 1.414
 1.473
 1.698
 1.135
 1.299
 1.614
 2.194
 1.587
 2.305
 2.354
 0.801
 1.469
 2.097
 0.728
 1.422
 2.152
 1.341
 0.086
 0.773
-0.232
 0.022
-0.760
-0.344
-0.083
 0.292
-0.234
 0.893
 1.120
 0.460
 1.201
 1.063
-0.430
-0.995
 0.205
 1.486
 1.535
 1.541
-0.039
 1.151
 1.263
 1.332
 2.088
 0.628
 1.450
 1.388
 2.614
 1.107
 1.023
 1.045
 0.957
 0.501
 0.184
 0.654
 0.589
 0.708
 2.509
 1.216
-2.138
-1.309
-0.853
-0.637
 0.649
-1.946
-0.759
 0.455
-0.281
 0.347
 0.059
-0.131
 0.621
 1.273
-0.352
 0.265
-0.063
-0.862
 0.202
-1.142
-1.152
-0.900
-0.012
 0.425
 0.577
 0.220
-0.236
-0.405
-0.074
 0.862
 0.580
-0.679
 0.373
 1.776
 1.601
 0.262
 0.864
 0.032
 1.753
 0.399
 0.714
-0.681
-0.933
-0.475
 0.191
 0.132
 0.563
 0.237
 0.383
 1.304
-0.396
 0.169
-0.434
 0.694
 0.275
 0.450
-0.324
 0.743
-0.714
-0.166
-0.657
 0.085
-0.972
 0.336
 1.375
 0.951
 0.589
 1.072
-0.830
 1.207
 0.162
 0.044
-0.725
-0.759
-0.367
 0.107
-0.916
-1.231
-0.393
-0.658
-1.983
-1.035
-1.042
-0.542
-0.848
-0.721
-0.290
 1.541
 1.244
 0.857
 0.847
 0.446
 0.712
 0.509
 0.427
 0.720
 0.988
 1.410
 2.691
-0.355
 1.302
 1.331
 1.087
 1.273
 0.680
-0.121
 1.027
 0.040
 1.708
 1.039
 1.281
 1.505
 1.047
-0.287
 0.679
 1.481
 0.533
 0.503
 0.576
-0.275
 0.238
-0.157
-0.103
-0.543
-0.210
 1.214
 1.827
 0.833
 0.230
 0.645
-0.259
-0.982
-0.109
 0.658
 1.432
 0.035
-1.838
-0.280
-1.333
-0.069
-0.047
 2.131
 0.303
-0.334
-0.292
-0.696
-0.201
 0.337
-0.449
-0.008
 0.202
 1.126
 1.644
 2.809
 1.164
 0.583
 1.707
 0.462
 1.401
 0.192
 0.285
-0.422
 0.207
-1.664
-0.056
 1.295
-0.329
 0.336
-1.527
-1.927
-2.083
-1.425
-0.296
-1.337
-1.460
-2.183
-1.706
-0.913
 0.174
 0.443
 0.383
-0.356
 1.058
 1.442
 1.715
 1.961
 1.210
 0.849
 0.511
 0.117
-0.134
 0.786
-0.540
-1.441
 0.622
 0.092
 1.302
 0.482
 0.094
 0.149
-1.263
-0.840
-0.354
-0.878
-1.612
-0.703
 0.275
-0.034
-1.473
 0.044
 2.072
-0.118
 0.323
 0.050
 0.112
 1.444
 1.248
 0.109
 0.032
 0.348
 0.917
 0.572
 1.525
 0.563
 0.672
 1.811
 1.994
 2.767
 2.194
 1.964
-0.535
 0.554
 0.730
 3.419
 2.206
 0.384
 2.777
 0.222
-0.470
 1.311
 0.985
 1.225
 0.576
 0.905
-0.085
 0.839
 2.054
 1.659
 0.629
 2.154
 1.475
-0.433
 0.946
 0.449
 0.739
 1.399
 0.699
-0.251
-0.265
 0.600
 0.811
-0.505
 0.742
 0.543
-0.929
 1.321
 2.392
-1.165
-1.207
 0.188
 0.797
-1.836
 0.523
 1.204
 1.680
-0.191
 0.795
 1.440
 0.309
 0.047
 0.969
 0.714
-0.476
 0.206
 0.097
 0.403
-1.083
-0.554
-0.766
 0.221
 0.343
-0.303
-0.946
 0.041
 1.527
-0.774
-0.770
-0.942
-0.356
-1.237
-0.671
 0.432
 1.997
 1.250
-0.242
 0.456
-1.096
-1.077
-1.337
 0.020
-0.454
-0.906
-0.598
-1.308
-0.070
-0.162
 0.778
-0.189
-0.933
-0.123
-0.825
 0.332
 0.366
-2.220
-0.808
 1.180
-0.506
-1.132
 0.132
 0.614
-0.081
-0.499
 1.189
 1.461
-0.162
-0.396
 0.298
-0.377
-0.891
 0.819
 1.742
 0.832
 0.424
 0.766
 0.561
-0.948
 0.030
 0.309
-0.586
-0.392
-1.056
-0.310
-1.555
-0.437
-1.866
-1.009
-1.044
-1.715
-0.203
-0.829
 0.896
 0.312
 0.022
 1.859
 0.899
 1.633
 1.567
 0.591
 0.938
 1.222
 0.492
 0.323
 1.413
-1.131
-0.251
 0.447
-0.508
-0.723
 0.999
 0.215
-0.154
-1.491
-0.816
 0.996
 0.398
 0.435
-0.955
-0.804
-0.679
 0.405
 1.385
 0.486
-0.095
-0.338
-1.986
-1.757
 0.536
-1.051
-0.137
 0.641
 0.748
 1.939
 0.693
 0.785
 0.353
-0.230
-0.222
 0.693
-0.316
-0.785
-0.352
-0.476
-0.507
-1.225
-1.440
 0.340
-1.963
-0.742
-1.712
 0.351
-0.705
-0.673
-0.929
 0.926
 1.869
 0.277
 0.755
-0.600
-0.243
-1.025
 0.129
-1.294
-0.512
-0.444
-0.014
-0.894
-1.346
-2.040
-2.653
-0.510
-0.849
 1.197
 0.482
-0.514
-0.050
-0.925
-0.732
-1.418
-0.658
-1.580
-0.973
-0.364
 0.400
 1.002
 0.457
 0.631
-0.440
-0.018
-0.292
-0.363
 0.479
-0.654
 0.314
-0.596
-0.150
-0.074
 0.766
 0.276
-0.715
 1.069
-0.710
-0.462
-0.768
 0.957
-1.447
-0.950
 0.046
-0.259
-0.500
 0.720
-0.084
 1.306
 0.871
 0.356
 1.241
 1.589
 0.571
 0.251
 0.974
 1.364
 1.712
 1.398
 1.288
 1.215
 2.089
 1.883
 0.500
 1.528
 1.010
 0.249
-0.671
 0.550
 1.239
 2.174
-1.087
 1.355
 0.168
 0.408
 0.056
-0.582
 1.255
 0.323
 1.035
 0.616
 0.978
 0.531
 0.639
 0.548
 0.650
-1.159
-0.179
 1.245
 1.586
-0.640
-1.052
 0.058
 0.717
 0.752
 0.915
 0.004
-1.036
-0.847
-1.224
-0.440
 1.253
 0.355
 2.079
 0.629
-0.639
 0.111
-0.765
-0.340
 1.658
 0.021
-1.164
 0.697
 2.063
 0.910
 0.499
 1.030
 0.099
 1.242
 0.302
 0.292
 0.286
-0.818
 1.004
 1.189
 0.621
 1.607
 1.214
 0.235
 0.409
-0.374
 0.998
-0.430
-0.045
 0.154
-0.189
-0.065
 0.350
-0.165
-0.703
 0.715
-0.500
-1.024
 0.396
 0.772
 0.227
 0.334
 0.442
 1.290
-0.241
-1.135
-0.334
-0.222
 1.029
-0.222
 0.087
 0.411
 1.844
-0.281
-0.471
-0.246
 0.201
 0.848
 1.577
 1.920
 0.247
 1.412
 0.729
 1.550
 1.772
 0.783
 1.825
-0.285
-0.100
 0.244
 0.900
 1.223
-0.276
 1.547
 2.306
 1.927
 1.863
 2.147
 1.462
 1.273
 0.315
 0.955
 1.347
-0.516
-1.363
-1.453
-0.346
 0.224
 0.344
-1.004
-1.704
-1.343
-0.760
-2.040
-0.840
-0.019
-0.267
-0.521
-0.774
 1.099
 0.127
 0.289
 0.210
-0.398
-0.422
-0.997
-1.228
-1.854
-0.462
-0.120
 0.542
-0.257
 0.080
-0.014
-0.052
 1.423
-0.486
-1.843
-0.876
-0.661
-0.571
 0.162
-1.063
-1.574
-1.538
-0.720
 1.113
-1.445
-0.104
-1.157
-1.373
-0.578
-0.380
-1.360
-1.240
 0.063
 0.303
-0.730
 0.234
 1.645
 1.079
 0.094
 0.257
 0.199
-0.293
 0.932
 0.477
-0.171
-0.089
-0.161
-1.299
-0.784
-0.267
-0.171
-0.183
-1.528
-1.693
-1.085
 0.626
 1.300
 0.683
 0.281
-0.185
 0.359
 0.307
-0.884
-0.179
-0.889
-1.096
-0.073
-1.115
 0.495
-0.166
-0.697
-0.904
-0.262
 0.280
-0.719
-0.311
-0.698
 0.317
 1.483
 0.267
 0.547
-0.791
-1.471
 0.203
 0.638
-0.363
-1.556
-2.096
-2.514
-1.147
-1.344
-0.751
-2.164
-0.730
-1.814
-1.207
-0.346
-0.879
 0.482
 0.072
 1.283
-0.509
-1.204
 0.473
-0.664
-1.390
-1.777
 1.098
 0.655
-0.998
-0.259
-0.563
 1.250
 0.790
 0.260
-0.262
-0.164
-1.348
-0.298
-0.818
-0.468
-0.217
-0.673
 0.317
 0.764
-1.896
-1.917
-1.738
 0.113
-0.283
 0.120
-1.262
-0.472
-0.979
-1.464
-0.516
 0.742
 0.052
 1.892
-0.155
-1.255
 0.174
 1.135
-0.249
 0.924
-0.504
-0.393
 0.004
 1.268
-0.089
-0.736
-0.862
-2.255
-0.839
-1.106
-0.830
-0.943
-1.105
-0.614
-1.527
-1.130
 0.118
 0.068
-0.842
 0.457
-0.320
 1.273
-0.069
-0.906
-0.132
 2.497
 2.027
 0.866
 0.147
 0.493
 0.225
-0.534
 0.259
 0.223
 0.046
-1.021
-0.886
-1.375
-1.168
 0.475
 0.897
 0.620
-0.084
 1.052
 0.882
-2.431
-0.591
 0.528
 0.425
 0.193
-1.649
-0.684
-1.394
-1.391
-1.620
-1.779
-1.868
-1.409
-1.937
-2.040
-3.146
-1.867
-2.132
-1.392
-1.679
-0.708
-0.989
-1.977
-0.290
-0.134
 0.658
-1.044
 1.376
-0.679
 1.488
 0.872
 0.688
-0.881
 1.093
 0.929
 0.596
 1.716
 1.085
 1.392
 0.834
-0.702
 0.423
 0.421
-0.011
 0.231
 0.398
 0.086
 1.522
 0.785
 0.519
 0.892
 1.023
 0.366
 1.104
-0.528
-1.856
-0.114
-1.341
 0.781
-0.121
-0.454
 0.031
 1.017
-0.244
-0.327
 0.493
 0.839
 1.032
-0.440
 0.455
 0.199
-0.246
-0.389
 0.333
 1.417
 2.438
 0.387
 0.403
 0.829
-0.184
 0.366
 0.029
-0.199
 0.418
 0.611
 0.551
-0.294
-0.067
-0.218
-0.386
 0.217
 0.477
 1.344
 0.119
 1.257
-0.799
-1.907
-2.139
 0.913
-0.073
-0.516
-1.215
-0.847
 0.200
 0.670
 0.873
-1.362
-1.409
-0.063
 0.338
 0.170
-0.168
 0.673
 1.492
 0.995
 1.864
 1.493
-1.703
 0.182
 1.055
 0.774
-1.038
 0.377
-0.158
-0.626
-0.339
-0.254
-0.719
-0.307
-0.253
 0.417
-0.284
-0.462
 0.840
 0.555
 0.266
 0.977
-0.288
-1.312
-0.003
-0.449
-2.437
-0.405
-0.480
 0.722
 1.541
-0.824
-0.256
-1.683
-0.257
-2.610
-0.442
-0.786
 0.929
-0.404
-0.923
 0.595
 1.196
 0.498
 0.617
-0.192
 1.533
 1.845
 0.798
 0.906
 0.749
 1.711
 1.351
 1.107
 0.452
 1.566
-0.175
 1.318
 1.494
 1.009
 0.625
 1.861
-0.134
-0.907
 0.748
 1.585
-0.241
 0.599
 0.717
-0.977
-0.990
-0.410
-0.155
 0.848
 0.317
 1.009
 0.139
 0.433
 1.250
-0.346
 0.024
 0.698
 0.880
-0.349
 0.100
-0.522
 0.209
-1.083
-1.874
-2.183
-1.995
 0.729
 0.806
 1.523
 1.052
 1.513
 0.371
-0.067
 0.545
 0.395
-1.193
-0.942
-1.162
 0.193
 0.541
-0.348
 0.360
 0.414
 0.532
-0.048
-0.703
-0.913
 0.091
-1.138
-0.201
-0.242
 0.044
-0.655
-0.509
 0.728
 0.444
 0.565
-1.125
 0.070
-0.855
-0.071
-1.450
-0.150
 0.050
-0.610
-0.499
 0.055
-0.991
-1.222
 0.278
-0.073
 0.024
-0.731
-1.117
-2.301
 0.220
-1.834
-0.711
-0.666
-1.653
-1.930
-1.438
-0.481
 0.183
-0.120
-0.454
-0.737
 0.164
 2.578
 0.877
 1.168
 0.492
 0.180
-0.184
 1.214
-1.009
-1.736
 0.837
-0.847
-0.969
-0.791
-1.127
-1.060
-0.649
-2.590
-1.076
-1.038
 0.577
-1.006
-0.769
 0.034
-1.838
-0.027
-0.683
-1.183
-0.905
-0.373
-0.121
 0.542
 0.351
-1.183
-1.098
-0.345
-1.803
-1.267
-1.063
-1.334
-0.911
-0.198
-0.706
-0.656
 0.037
-2.659
-2.383
-1.218
-0.674
-1.962
-0.926
-1.680
-1.853
-1.244
-0.602
-2.155
-2.305
-0.872
-1.083
-0.737
-0.266
 0.296
-0.480
-1.293
-0.514
-0.962
-0.707
-0.158
 0.799
-0.949
-0.387
-1.511
-0.600
-1.677
-1.292
-1.114
 0.427
 0.667
 1.884
 1.013
-1.007
-2.071
-1.292
-0.411
-0.918
-0.830
-1.623
 0.020
-2.811
-1.723
-0.435
 0.179
 0.344
-1.660
-1.829
-0.185
-1.957
 1.210
 1.038
 0.173
-0.744
-0.650
-0.009
 0.305
 1.328
-1.031
-0.330
-1.386
-1.614
-0.188
-1.200
 0.171
 0.851
 0.506
-1.101
 0.007
-1.381
-0.590
 0.139
-1.025
 0.287
 0.693
 1.375
-0.169
 0.823
 1.152
-0.003
 0.493
-0.463
-0.004
-0.247
-1.632
-0.834
-0.691
-1.540
 0.852
-1.117
-0.860
-1.123
-0.125
 0.841
-0.591
 0.181
 1.589
-0.067
-0.244
 0.229
 0.391
-0.190
 0.351
 0.377
 0.438
 0.731
-0.933
-1.095
-1.593
-1.257
 0.040
-1.055
 0.547
-0.055
-0.357
 1.083
 0.674
 1.746
 0.974
 0.776
 0.636
-0.007
-1.344
-0.419
-0.893
 0.239
-0.401
 0.193
-2.123
-1.006
-0.883
 0.621
 0.932
 2.079
 1.141
 0.218
 0.496
 0.293
-0.402
 0.010
 0.140
 0.321
-1.151
 0.390
 1.332
 0.545
-0.664
-0.432
-0.467
-0.894
-1.623
-2.209
-1.722
 0.392
-1.848
-3.086
-2.331
-0.168
-1.087
 0.570
 0.567
-1.002
-0.916
-0.432
-0.280
 0.228
-0.785
-0.340
 0.035
-1.756
 0.072
 0.602
 0.434
-0.835
-0.389
 1.973
-0.018
 0.737
-1.293
 0.198
 0.655
-0.301
 1.540
 0.010
 0.238
 0.920
 0.660
 1.797
-0.011
 1.654
 1.170
 1.839
 1.146
 0.421
 1.618
 0.480
 1.935
-1.290
-1.276
 1.062
 1.565
 1.614
-1.547
-0.218
 0.135
-1.022
-1.592
-0.729
 0.696
 0.075
-1.347
-1.514
-0.420
-0.790
 1.159
 1.201
-0.376
-0.924
-0.710
-2.661
-0.630
-1.222
-1.144
-1.249
-1.367
-1.040
-0.872
 0.995
-0.637
 0.883
 0.320
-2.062
-1.666
-1.164
-1.619
-1.671
-0.282
-0.265
-1.547
-0.279
-0.891
-1.504
 0.608
-1.631
-1.427
 0.229
 0.964
 0.713
 0.099
 0.198
 0.961
 0.053
-0.093
 0.683
-0.439
-0.434
 0.757
 0.696
-0.005
-0.648
 1.202
 1.471
-0.570
-1.235
-1.189
-0.582
-1.524
-0.836
 0.723
-0.022
-1.056
 0.661
-1.191
-0.925
-1.505
-0.643
-0.559
-1.203
-0.803
-0.672
-0.645
 0.764
 0.669
 1.224
 1.448
 1.113
 0.057
-0.825
-0.295
 0.778
-0.302
-0.269
 1.312
-0.189
-0.140
-0.171
-0.770
 0.060
-1.905
-1.868
-0.694
-0.245
-0.683
-1.688
-0.195
-2.355
-0.964
-0.713
-1.779
-1.421
 0.829
 0.729
 0.296
-0.562
-1.642
 0.415
 0.345
-0.722
 0.346
-0.788
 0.800
-0.681
-0.433
-0.217
-2.193
 0.637
-0.780
-0.639
 0.786
 0.574
-0.412
-0.667
-0.163
-1.283
-1.110
-0.143
-0.570
 0.116
 1.359
 1.427
 1.860
 0.421
 0.671
 0.749
 0.445
-0.851
 1.037
-0.757
 0.385
 0.341
 0.506
 0.542
 0.372
 1.267
-0.105
 1.396
 0.821
 0.081
-0.073
-1.836
-0.468
 0.366
 0.677
 2.582
 0.629
 1.208
 1.503
 0.236
-0.928
-0.337
 1.550
 1.700
-0.402
-0.002
 0.900
-0.064
 0.064
 0.815
 1.465
-0.128
-0.201
 0.646
 0.966
-0.004
 0.191
-0.097
-0.058
-0.992
 0.636
-0.022
-1.108
-1.029
-0.779
-0.952
-1.134
-0.709
-0.537
-1.718
-1.232
 0.183
-1.872
-0.227
 0.233
-1.293
 0.755
 0.442
-0.144
-0.582
 0.368
 0.344
-0.395
 0.917
 1.130
-1.025
-0.484
-0.805
 0.558
-0.102
-1.634
-0.013
 0.229
 0.267
-0.628
-0.632
-0.083
-1.846
-1.256
 0.540
-2.023
-0.982
-0.273
-0.989
 0.359
 1.837
-1.118
-0.596
-0.845
-1.569
 0.347
 0.117
-0.884
-1.211
-0.801
-1.693
-0.068
-1.523
 0.242
 0.063
-0.457
-0.602
 0.052
 1.790
 0.125
 0.674
 1.298
-0.423
-1.181
 1.090
 1.155
 2.060
 1.615
 0.259
 0.656
 0.280
-0.315
-0.023
 0.777
 0.251
 0.791
 0.585
 1.406
 0.406
 0.787
 1.230
-0.863
-0.026
 0.056
 0.339
 0.245
-0.357
 0.425
 0.583
-0.637
-0.023
-0.146
 0.638
-0.105
 0.894
 0.596
-0.158
-1.010
-0.955
-0.844
-0.078
 0.455
 0.395
 0.506
-0.546
-0.383
 1.602
 0.810
 0.150
-0.097
-0.401
-0.757
-0.555
-0.046
 0.895
 1.862
 0.335
-0.754
 0.651
 1.061
-0.593
 0.488
 1.122
 0.828
 1.548
-0.185
-0.936
-0.585
 0.837
 0.575
 0.868
 0.009
 0.960
 0.099
-1.001
-0.224
 0.435
 0.764
 0.628
 0.400
 1.201
 0.667
-0.064
 0.780
 0.292
 0.034
 0.845
 0.247
 0.912
 1.117
 0.341
 0.217
-0.626
-0.516
-1.129
-0.644
-0.351
-0.893
-1.435
 0.178
-0.776
 0.371
 1.275
-0.416
 1.313
 0.361
 1.345
 0.796
 1.408
-0.724
-1.293
-1.238
-1.316
-1.711
 0.386
 0.623
-0.715
 0.041
-0.596
-0.251
-0.526
-1.004
-0.859
-1.409
-0.712
-0.530
-1.231
 0.534
 0.747
-0.397
-0.930
-0.625
 0.326
 0.069
 0.562
 0.134
-0.599
 0.234
 0.536
-0.917
 0.433
-1.419
 0.563
-0.761
 0.764
 0.449
 0.428
 0.403
 1.478
-1.232
 0.751
-0.022
 1.029
-1.328
-0.533
-0.641
-0.229
 0.608
 1.115
-0.727
-0.893
-1.068
 0.171
-0.412
-1.518
-0.286
-0.550
-0.716
-0.085
 1.053
-0.621
-0.309
-0.491
-0.549
-0.478
-1.046
 0.263
 0.083
 0.461
 1.357
-1.121
 0.407
 0.196
-1.331
-1.380
-1.310
-1.441
 0.001
-1.429
-0.919
 0.121
-0.320
-1.448
 0.191
 1.459
 1.315
-0.194
-1.507
-1.088
-0.067
-0.949
 0.508
-0.236
-0.812
 1.039
-0.540
-1.344
 0.434
-0.247
-0.743
-0.205
 0.364
-0.587
-0.952
-1.026
-0.241
 0.101
-0.342
-0.421
 0.309
-2.194
 0.041
 1.161
-1.292
-1.096
-0.247
 0.931
-0.366
 0.747
-0.505
 0.295
-0.058
 0.338
-0.625
-0.976
-1.152
-0.566
-1.558
-0.764
-2.338
-0.256
-0.025
 0.644
 0.848
-1.386
-1.092
-0.655
 0.945
 1.300
-0.635
 0.337
-1.525
-0.459
-0.529
-0.277
 0.499
 0.627
-0.491
-1.054
-0.932
-1.689
-0.729
-0.326
-2.033
-0.982
 0.071
-0.424
 0.928
 0.389
 0.590
 1.990
 0.242
 0.198
 0.737
 0.328
-0.092
 1.082
-0.284
-0.441
-0.277
-0.919
 1.615
-0.149
-0.932
 0.697
 1.053
 0.427
 0.004
 0.169
-0.513
-0.576
-1.007
-1.377
-1.009
-1.338
-2.022
-1.348
-0.930
-0.134
-0.753
-1.730
-0.870
-0.673
-0.488
-0.846
-1.185
-0.129
 1.216
-1.797
-1.675
 0.000
-1.907
-2.171
-1.595
 0.514
-0.313
-0.574
 0.210
-0.955
 0.504
-0.072
 0.608
-0.266
-0.269
-0.470
-0.732
-0.928
-0.136
-0.984
-0.231
-0.311
-0.024
-0.223
-0.334
-0.724
 0.045
 1.146
 1.238
-0.087
-0.399
 0.535
-0.991
-0.360
-0.493
-0.379
 0.278
 1.126
 0.123
 0.222
-0.650
 0.439
 0.063
 1.527
 0.511
-0.026
-0.825
 0.028
-0.252
 0.227
 0.442
 0.067
-0.788
-1.215
-0.509
 0.339
-0.183
-0.552
 1.526
 0.929
 1.469
 0.661
-0.651
-1.327
-1.542
-0.656
-1.577
-0.971
-1.372
-1.348
-0.449
-0.636
-0.613
-1.303
 1.218
-0.977
-0.262
 0.325
-1.190
-0.216
-0.197
-2.152
-0.557
 0.035
-0.310
-0.861
-0.341
 0.439
 0.834
-0.593
-0.585
-0.182
-1.161
 0.278
-1.026
-0.853
-1.251
 0.068
-0.100
-0.355
-2.098
-0.488
 0.547
-1.120
 0.799
-0.593
-0.744
-0.011
 0.581
 0.506
-0.593
-1.184
-1.068
-0.298
 1.002
 0.579
 1.037
 0.077
 0.431
 0.204
 0.553
 1.579
 0.200
-0.734
 0.137
-0.982
 0.741
 0.161
-1.441
 0.158
-0.599
 0.182
-1.583
-0.254
 1.240
 0.913
 0.369
-0.147
 0.392
 1.014
-0.536
-0.209
 1.065
 0.124
-0.881
-0.268
 0.286
-0.447
 0.371
-0.038
-1.003
-0.716
-0.926
 0.031
-0.066
 0.468
-0.339
 0.057
 0.600
 1.318
 0.454
 2.018
 1.918
 1.582
 0.598
 1.265
 1.475
-0.005
 0.806
-1.630
 0.989
 1.346
 1.156
-0.121
-0.201
-0.030
 0.339
 0.902
 0.443
 1.052
 0.065
-0.283
 0.250
 0.542
 1.603
-0.342
 0.029
 0.194
 0.260
 0.183
-0.437
 0.190
 0.553
-0.812
 0.363
 0.544
 0.155
-0.979
-0.145
-0.164
 0.314
 1.002
 1.507
-0.145
 0.471
 0.413
-1.643
 0.287
-0.156
 1.046
 2.614
 1.292
-0.433
-1.097
-0.929
-0.449
 0.242
 0.082
 0.132
 0.246
-0.886
 0.197
-0.531
 0.063
-0.249
-0.140
 0.236
 0.842
-0.336
 0.062
-0.604
-0.626
-0.713
-1.247
-0.241
-1.378
-1.415
 0.198
-0.688
-0.078
-0.466
 0.087
 0.077
-0.137
 0.358
 0.279
 0.188
 0.441
-0.643
-0.394
-0.887
-0.916
 0.158
-2.141
-1.892
 0.517
-1.431
-0.458
-0.655
-0.497
-0.458
 0.139
 0.398
-1.032
-0.918
-0.778
-1.804
 0.270
-0.039
-0.704
 0.874
-1.122
 0.237
 0.821
 1.221
 0.091
 0.124
-1.621
-1.690
-1.748
-1.031
 0.093
-0.025
-1.494
 0.473
 0.316
 0.477
-1.324
-0.803
-0.689
-1.965
-1.073
-0.669
-0.759
-1.750
-0.949
-1.542
-1.485
-1.549
-1.606
-2.076
-0.392
-0.516
-1.779
-1.148
 0.377
-0.143
 0.865
-1.585
-0.956
-0.020
-1.027
-1.203
-0.835
-0.194
-1.562
-1.907
-1.202
-1.149
-0.840
-2.198
-1.318
-0.590
-1.474
-0.052
 0.188
-1.443
 0.188
-0.047
-0.209
-2.781
-1.032
-0.313
-1.357
 1.388
 0.315
 0.012
-0.110
-1.329
 0.154
 0.653
-0.341
-1.823
-1.297
-2.165
-1.465
-1.159
-0.807
-2.230
-0.796
-2.465
-3.146
-1.588
-1.718
-1.545
-3.395
-3.819
-1.425
-0.422
-1.919
-1.072
 0.398
-0.820
-0.848
 0.019
-0.189
-0.848
-1.110
 0.077
 1.533
-0.024
 0.470
-0.789
-0.942
-1.607
-1.420
-1.769
-1.011
-1.773
-0.401
-1.536
-0.853
-1.391
-0.759
-1.548
 0.457
-0.909
-0.700
-0.567
-0.385
-1.582
-0.799
-1.487
-0.021
-1.369
 0.549
-0.043
-0.387
 0.221
-0.929
 0.367
 0.535
 0.520
 0.905
 0.259
 0.282
-0.106
-1.335
 0.528
-0.645
-2.346
-0.518
-1.324
-0.106
 1.068
-0.295
-0.877
-0.887
 0.651
 0.631
 0.870
-0.080
 0.943
 0.058
 0.580
-0.365
 0.213
 0.874
 2.016
 1.267
-0.208
-0.015
-1.417
-0.017
-0.903
 0.231
 0.049
-0.707
 0.795
-0.001
-1.339
 0.178
-1.192
 1.300
 0.675
 0.767
-0.305
 0.311
-0.380
-0.723
-0.508
 0.295
-0.495
 0.535
-0.918
-0.966
-0.869
 0.823
 0.048
-0.148
 1.290
-0.858
-0.739
 0.514
 0.679
 0.243
-1.599
-0.753
-0.198
-0.195
-0.124
 0.272
 0.056
-1.778
-1.493
-1.488
-0.440
 0.442
 0.056
-0.532
-2.712
-0.999
-2.279
-0.927
-1.104
-1.273
-0.882
 0.256
-0.270
 0.022
 1.380
 0.003
-1.570
-0.768
-1.817
-1.325
-2.226
-1.159
 0.496
-0.601
-1.090
 0.653
-0.744
 0.643
 0.279
 0.247
-0.979
-0.102
-0.150
 0.834
-0.892
-1.045
 0.395
-0.518
 0.490
 0.635
 0.790
-0.330
 2.021
-0.224
-0.192
-0.881
 1.212
 1.610
-0.530
 0.106
 0.320
-2.352
-0.763
-0.634
-0.574
-0.887
-0.813
-0.387
-0.299
-1.145
-0.233
-0.556
-1.128
 0.424
-1.090
-0.595
 0.256
-0.957
 0.021
-0.960
-0.898
 0.340
 0.986
 0.491
-0.471
-0.097
 0.345
-0.647
 0.714
 0.221
-0.518
 0.767
-1.150
-0.526
 0.488
 1.184
 0.344
-0.143
 0.611
 0.393
 0.297
-0.212
-1.371
-0.631
-0.307
 0.508
-0.532
 0.232
 0.746
 1.272
 0.940
-0.661
 0.172
 0.298
 0.656
 1.459
 0.722
 1.088
-0.630
-0.646
 1.531
 0.261
 0.557
-0.019
-0.551
 1.264
 1.562
 0.326
-0.375
-0.583
 0.494
 1.400
 1.594
 0.538
 0.408
 0.994
 1.521
 0.271
-0.279
 1.069
-0.047
 0.093
 0.703
 0.820
 0.792
 1.161
 1.714
 0.266
 0.913
 1.089
 0.234
 0.720
 1.110
 0.137
 0.402
-0.276
-0.185
-1.080
-1.164
 0.049
 0.902
-0.363
-0.848
-1.437
-0.580
-0.661
 0.086
 0.550
 0.325
-0.679
-1.157
 0.156
 0.766
-1.412
-0.031
-0.020
 0.735
-1.174
-0.662
 1.220
-0.586
 0.156
-0.457
-0.093
-0.573
 0.972
-0.478
-0.866
-0.950
-0.959
-0.490
-0.324
 0.010
-1.075
 0.123
-0.721
-0.284
-0.843
-0.588
-2.514
-1.254
-2.665
-1.387
-3.101
-1.333
-0.458
-0.919
-0.590
-0.659
-1.705
-2.624
-1.003
-1.134
-0.501
-0.463
 0.738
 2.031
 0.569
 1.331
 0.983
 0.505
 1.101
 1.743
 0.895
 1.240
-0.729
 0.163
-1.521
-1.285
-0.172
-0.854
 0.489
-0.757
-0.032
-0.215
 0.758
-0.317
 0.138
 0.454
 0.790
 1.234
 1.347
-2.397
-0.936
-0.968
-0.153
-0.321
 0.350
-1.517
 0.830
-1.050
-1.973
-1.131
-0.835
-1.540
-0.155
-1.626
-2.441
-2.463
-1.742
-0.910
-1.285
-2.111
-0.685
-0.367
 0.117
-0.292
 0.615
 0.182
-0.385
-0.962
-1.003
-0.505
 0.150
-0.514
 0.518
-0.343
 0.160
-1.134
-0.489
 1.372
 0.678
 0.096
-0.136
-0.563
 0.672
-0.283
-0.063
-1.564
 0.458
 0.236
 0.463
-1.340
 0.094
 0.149
-0.137
-1.109
 0.005
 0.441
 0.674
 0.942
-0.771
-1.043
 0.854
-0.148
 1.244
-0.794
 0.449
 0.313
 0.224
-2.011
 0.403
-0.503
-0.063
 1.206
-0.622
-0.977
-0.040
 1.288
-0.731
-1.159
 0.300
 0.297
 0.969
 1.184
 1.799
 0.984
 0.010
 0.624
 1.207
 0.850
-0.199
 0.862
-1.640
-2.293
-0.530
-1.314
 0.200
 1.894
 1.133
-0.214
 0.727
 0.614
-0.337
-0.818
 1.458
 0.041
 0.881
 0.616
 0.953
-0.708
 0.006
 0.526
 0.336
 1.127
 1.736
 0.965
 2.289
 0.454
-0.877
 0.973
 0.312
-0.650
 0.693
-0.305
 0.754
 0.526
-0.322
 0.738
 1.339
 0.871
 0.063
-0.171
 0.335
 1.578
-0.212
-0.609
-0.567
-0.648
-0.332
-0.102
 0.836
 0.976
 0.976
 0.197
-0.395
-0.360
-0.378
-0.383
 0.686
 0.330
 1.175
-0.598
 0.107
 1.180
-0.800
-1.117
-1.935
-0.100
-0.500
 0.209
 0.171
-0.328
-0.007
 0.220
 0.050
-1.613
-1.487
 0.194
-0.795
 1.368
-0.833
-0.207
-1.123
-1.145
-1.540
-0.822
-1.052
-1.547
-0.459
-0.628
 0.337
-1.347
-0.600
-0.604
-0.010
-1.387
-1.103
-1.104
-1.025
-2.192
-1.133
-0.575
-1.449
-0.450
-1.028
-0.496
-0.128
-0.354
-0.113
 0.031
-0.721
-0.759
-0.133
-0.464
 0.576
-0.294
-2.408
-1.117
 0.189
 0.201
-1.357
 0.662
 0.158
-1.483
-0.899
-0.961
-1.012
-0.266
-1.691
-1.296
 0.674
-0.536
-1.957
 0.217
-0.963
-1.153
-0.256
-0.332
 0.150
 0.380
 0.344
 1.235
-0.194
-0.643
-1.283
-0.907
-1.673
 0.451
-0.322
 1.760
-0.001
 0.386
 0.686
 0.232
-1.885
-0.891
-2.256
-2.627
-0.628
-0.559
 0.231
 0.328
-0.041
-0.125
 0.823
 0.873
 1.384
 1.160
 0.368
-1.157
 0.274
-0.219
-0.935
-0.234
 0.705
 0.811
 0.728
 0.874
-0.615
 0.563
 1.744
 0.919
-0.528
 0.480
 0.612
 0.184
 0.272
 0.006
 0.974
-1.643
-0.691
-0.810
-0.600
 1.375
-1.766
-0.389
-1.757
 0.470
 1.064
 0.227
 1.341
 1.732
 1.894
 1.666
 1.101
 0.221
 0.251
 0.565
 0.404
 2.541
 0.437
-0.198
-1.385
-2.431
-2.916
-0.836
-1.375
-2.787
-2.654
-0.992
 1.511
-0.666
 0.054
-0.158
-1.205
 0.362
-0.935
 0.352
-0.035
 0.245
-0.464
-0.614
-1.527
-0.272
 0.180
 1.133
-0.543
 0.435
-1.049
 0.336
 0.405
-0.487
 0.433
-0.887
-0.335
 0.294
 0.682
 1.074
-0.301
 0.532
 0.040
 0.015
-0.286
 0.084
 0.174
-0.012
 0.182
-0.289
-1.621
-0.717
 0.130
-0.012
-1.088
-1.083
 0.420
-0.472
 0.389
-0.212
-0.764
-0.262
-0.052
-0.219
 1.101
-0.070
-0.375
 0.310
 0.167
 0.021
-0.225
 0.273
 0.399
-0.114
-1.217
-1.011
 0.279
-1.557
 0.797
 0.391
 1.318
 0.498
 1.122
 1.104
-0.158
 0.210
 0.234
 0.833
 0.457
 1.085
 0.812
 0.771
 0.928
 0.677
 1.663
 0.728
 0.796
 0.377
-1.049
-0.782
-0.871
-0.998
 0.672
 0.553
-0.977
 0.329
-0.330
-0.515
-1.322
-0.001
 0.448
 0.438
-0.379
-1.712
 0.087
-0.948
-0.030
-0.226
-0.472
-0.979
-0.878
 0.633
 0.182
-0.036
 1.090
 0.109
-0.448
-0.077
 1.503
 1.377
 0.604
 2.000
 1.127
-0.251
 0.267
 0.673
 0.515
-1.334
 0.192
 0.336
 1.342
 2.435
 2.199
 1.229
 0.390
 0.790
 2.080
 0.078
 1.412
 1.660
 0.369
-1.055
 0.172
 0.150
 1.230
 0.549
-0.199
-0.573
 0.060
-0.563
 1.126
 2.693
 1.521
 0.968
 0.667
 0.911
 0.288
 1.905
-0.764
 1.047
 1.547
 1.607
-0.864
 2.422
 2.079
 0.997
 1.809
 0.965
 0.928
 0.307
 1.267
 0.900
 1.479
 1.487
 1.387
 1.841
 1.585
 0.843
 1.524
 1.400
 2.268
 1.222
 2.068
-0.027
 0.424
 0.600
 0.758
 0.913
 1.121
 2.760
 1.354
 1.033
 1.052
 1.987
 0.635
 2.093
 1.086
 0.211
 1.997
 1.365
 0.270
 0.869
-0.515
-0.489
-0.252
 0.304
 2.776
 2.159
 1.340
 1.283
 2.029
 2.383
 1.487
 1.888
 2.375
 1.184
-0.629
 0.136
 1.047
 2.476
 0.326
 0.169
 1.617
 1.766
 1.485
 2.435
 1.715
 1.370
 0.523
 0.968
 2.605
 0.927
 1.136
 0.445
 0.826
 0.488
 1.829
 0.464
-0.357
 0.029
 0.231
 0.557
 0.425
 0.019
 0.984
 0.450
 0.804
 0.480
-0.539
-0.139
 0.350
 0.410
 0.970
 0.456
 0.519
 0.898
-0.424
-0.763
-0.594
-0.155
 0.323
-0.237
-0.788
-1.024
-0.133
-0.562
-0.023
 0.948
-0.900
 0.386
 0.874
 0.366
 0.003
 0.925
 2.110
 1.665
 0.957
 1.828
 1.071
 0.554
-0.536
 0.026
-0.887
 1.025
-0.429
-0.833
-0.544
 0.271
 2.821
 2.191
 1.319
 0.669
 1.176
 1.357
 2.970
-1.065
 1.096
-0.047
 0.386
 0.439
 0.890
 1.570
 0.182
-0.634
 0.053
-0.241
 1.783
-0.007
 1.910
 1.874
 0.452
 0.807
 0.526
 0.803
 0.554
 0.315
 0.749
 1.094
 0.622
-1.312
 0.055
 0.289
-0.362
-1.441
-1.334
 0.350
-1.051
 0.575
 1.417
 1.018
 1.514
 1.300
 1.711
 1.290
-0.011
 1.241
 1.607
 1.225
 2.719
 1.875
 0.675
 2.553
 0.655
 0.714
 1.002
 0.416
 1.110
 0.255
 0.749
 1.716
 1.166
 1.800
 0.721
-0.532
-1.012
-0.221
 0.130
 2.014
 0.644
 0.734
 1.930
 2.842
 1.951
 1.302
 0.020
 0.211
-1.237
 0.807
 0.555
 1.802
 1.222
 1.258
 0.326
 2.157
 0.027
-0.361
-0.384
 0.102
-0.051
 0.655
 1.109
-0.770
-0.393
-0.335
-0.795
-0.213
 0.189
 1.498
 1.758
 1.367
 0.486
 1.730
 0.298
 0.404
-1.283
 0.569
 0.323
-1.186
-2.400
 0.014
-0.949
-0.376
-0.024
-0.086
-0.876
-0.684
 0.183
 0.059
-0.203
 0.156
-1.243
-0.728
-1.844
 0.074
 0.215
 0.413
-0.654
-0.536
 1.332
 0.053
-2.131
 0.316
-0.794
-1.544
-1.255
 0.696
 0.086
 1.056
-0.340
 0.330
 0.680
 0.166
 0.003
 0.671
-0.561
 0.871
-1.126
-1.547
-1.498
-0.936
-1.025
-1.931
-0.835
-1.280
-0.812
-2.453
-0.571
-0.685
 0.447
-0.449
-0.132
-0.620
 0.573
-0.433
 1.576
 0.496
-1.094
-0.352
-0.068
-0.952
-1.771
-0.607
-0.239
-0.673
-0.530
-1.313
-1.187
 0.146
-0.292
-1.621
-0.683
-1.869
-1.886
-0.702
-0.640
 0.693
-0.603
-0.408
-0.069
-0.310
 0.006
-0.438
-1.375
 1.433
-0.679
-0.380
-0.102
 0.168
 1.038
-0.448
 1.378
 1.018
-0.293
 0.742
-0.059
-0.022
-1.243
 0.990
 1.546
-0.021
-1.065
-1.098
 0.378
-0.729
-0.243
-0.216
-0.111
 0.415
-0.803
 0.013
 1.170
 2.094
 0.810
-0.339
 0.021
-0.260
-1.301
-0.666
-0.629
 1.364
 1.676
 2.073
 0.005
-0.370
 0.346
-0.795
-0.982
 1.010
-0.643
-0.542
-1.120
-1.125
-0.474
 1.094
 0.476
-0.102
 0.717
 0.845
 0.341
 0.359
 0.254
 0.010
 0.634
 0.900
 1.099
 0.151
-0.704
-0.110
-1.073
 0.387
-0.118
-1.733
 0.869
 0.774
 1.324
 0.630
 1.018
 0.491
-1.019
 1.136
-0.311
 1.523
-0.166
 1.365
-1.633
 1.293
 0.369
-1.283
-0.335
 0.324
 1.109
 1.709
 0.501
 0.723
-0.828
 0.546
 1.386
 0.535
 0.327
 0.456
-0.818
 0.240
 0.761
 1.086
 0.466
 0.515
 1.805
 0.428
-0.182
 0.319
 0.220
 0.415
 0.193
-0.829
 0.517
 0.783
 0.291
-0.935
-0.105
 0.920
-0.351
-0.019
 1.437
 0.169
-0.795
 0.052
-0.012
-0.274
-0.977
 0.812
 0.447
 1.136
-0.583
 0.252
 0.675
-0.587
 0.878
-0.259
 0.070
 0.246
-0.205
 0.861
 0.470
-0.373
-1.600
-0.701
-0.870
-0.735
-0.846
-0.860
-0.419
 0.400
-0.596
-0.685
-1.006
 0.108
-0.155
-1.007
-1.500
 0.376
-1.693
-1.029
-0.826
 0.427
 1.382
-0.501
 0.376
 0.993
 0.635
-0.226
-0.319
-0.382
-0.149
-1.304
-1.006
-0.609
-0.426
 1.062
-0.085
-0.571
-0.212
-0.949
-1.971
 0.184
 1.113
-0.113
-0.965
-0.581
-0.244
 0.188
-0.194
-0.748
-0.096
-1.119
-1.255
 0.559
 1.455
 1.345
 0.441
-0.191
 1.160
 0.107
 0.048
 0.281
-0.554
-0.228
-0.163
 0.421
-0.573
 1.343
 1.204
 0.294
 1.611
 1.527
-0.144
-0.415
 1.120
-0.428
 0.180
 1.215
 2.730
 0.668
 0.408
-0.536
-1.348
 0.493
 0.723
 0.085
 0.516
-0.947
-1.084
 0.791
 0.401
 0.884
-1.438
-0.807
 0.514
-0.194
 0.658
 1.002
 0.447
-1.501
-0.146
-0.632
 2.136
 0.195
-0.407
 1.126
 1.215
 0.658
 0.651
 0.924
 1.290
 0.125
-0.090
 1.203
 1.958
 0.821
-1.512
-0.982
 0.099
-0.631
 0.022
 0.189
-1.894
-0.192
-0.097
 0.226
 0.113
-0.050
 0.482
-0.029
 0.019
-0.338
 1.267
 1.309
 1.147
-0.883
-1.377
 0.228
 1.620
 1.259
 1.821
 1.662
 1.139
 0.339
 0.494
 0.470
 0.418
 0.657
 1.275
-0.708
-0.432
-2.253
-0.335
 0.925
-0.235
-0.291
-0.691
-0.630
-0.318
 0.482
-0.908
-0.950
 0.037
 0.597
 0.801
 0.571
-0.016
-0.812
 0.705
 0.322
-0.003
 0.710
-0.126
 0.660
 1.153
 1.388
 1.181
 0.740
 0.458
 2.458
 1.795
 1.316
 0.778
 0.969
 1.944
 1.735
 0.302
 1.019
-0.592
 0.297
-0.463
 0.016
 0.163
 1.315
 1.193
 1.847
 0.160
 1.239
-0.022
 0.002
-1.154
-0.132
 1.039
 1.334
-0.224
 1.788
 1.019
-0.980
-0.004
 0.974
 1.008
 0.435
 0.225
-0.692
-0.921
 0.539
-0.367
-0.451
 0.560
-0.620
-1.505
-2.455
-0.526
-0.586
 0.577
-1.664
-0.657
-0.005
 1.174
 2.286
-1.238
-0.272
 1.037
 0.209
-0.204
 0.513
 0.038
-0.918
-0.638
 0.650
 0.559
-1.166
 0.010
-0.265
 1.122
-0.490
 1.629
 0.749
 0.639
 0.349
 0.425
-0.427
 0.870
 1.082
 3.296
 0.978
 1.345
 1.041
 0.988
-0.097
 0.784
 0.386
 1.861
 2.645
 1.033
 1.593
 0.592
 1.100
-0.580
-0.919
 1.093
 0.623
 0.611
 1.255
 2.063
 0.366
 0.150
 1.278
 1.036
 0.000
 2.031
 2.792
 0.613
 2.484
 1.944
 1.525
 0.988
 1.475
 0.601
 0.634
-0.634
 0.865
 1.476
 0.913
 0.502
 1.260
-0.710
-0.487
-1.489
-1.279
 0.455
-0.018
-0.762
 1.479
 0.949
 0.637
 1.017
 1.075
 0.215
 0.346
-0.119
 0.685
 0.355
-0.190
-0.959
 1.251
 1.323
 0.999
-0.670
-0.577
 0.294
-0.235
 0.667
 0.950
-0.829
 0.399
 0.340
 0.565
-0.625
 0.005
 1.038
 0.354
 1.096
-0.644
-0.998
-1.074
-1.058
 0.933
 1.097
-0.322
 0.854
-0.982
 0.456
 0.544
-0.038
 0.418
 0.924
 0.143
-0.110
-0.598
-0.025
 1.490
 0.693
-0.723
 0.882
 0.094
 0.520
 0.315
-1.069
 1.612
 1.149
 2.456
 1.615
 0.308
 0.531
 0.232
-0.421
-1.171
 0.417
-0.719
-0.074
 0.014
 0.940
-0.785
-1.103
-0.606
-0.399
-0.403
-0.790
-0.247
-0.139
-0.566
-0.703
 0.894
-1.627
-1.012
-1.588
-1.273
-1.967
-1.750
-1.491
-1.161
 0.135
 0.474
 0.639
 0.171
 1.107
 0.485
 1.220
-0.775
 0.305
 0.401
-1.725
-0.059
 0.588
 0.202
 0.288
-0.427
-2.326
-1.336
-0.352
-1.625
-1.112
-0.251
-0.223
-1.880
 0.046
-0.595
-1.289
-0.048
-1.756
 1.351
-0.760
-0.179
-0.953
 0.603
-0.788
-1.064
-1.451
-0.898
-1.390
-1.161
 0.408
-1.702
-0.776
-1.115
-1.253
-1.112
-0.353
-1.442
-1.470
-1.321
-2.758
-2.210
-1.557
-0.006
-0.184
 0.738
 0.917
 0.749
 0.277
-1.003
-0.026
-0.214
-0.868
-0.501
 0.025
-0.146
-0.691
 0.330
 0.676
-0.579
 0.455
-0.717
-0.963
-1.856
-0.905
-0.886
-1.702
-0.963
-1.583
-1.624
-1.232
-1.426
-0.216
-0.116
-1.540
-2.099
-3.284
-0.898
-0.646
-0.486
-3.509
-2.709
-3.058
-1.786
-0.753
-1.759
-1.378
-1.355
-1.455
-0.149
-0.263
 0.220
-0.448
-1.589
-0.475
 0.095
 0.995
-0.449
-1.576
-0.445
 0.034
 0.129
-1.842
-2.286
-0.922
-0.706
-1.584
-0.816
-0.174
-0.310
 0.305
 0.697
 1.466
-0.500
-1.713
-0.514
-0.932
-0.235
-0.525
 0.017
-0.778
-0.461
-1.151
 0.492
-0.921
-0.235
 0.462
 0.701
-1.324
-0.443
-0.597
-1.342
-1.391
 1.978
 1.061
 1.149
-0.044
 0.587
-0.625
 0.768
-1.292
-0.776
-1.161
 0.166
 0.664
-0.064
-0.538
-1.102
-0.781
-1.575
-0.705
-1.807
-0.617
-0.707
-1.553
 0.881
-1.228
-0.956
-0.601
-2.225
-2.302
-2.067
-0.919
-1.864
-1.488
-0.436
-0.455
 0.550
 0.813
 0.244
-0.164
-0.338
-0.380
 0.984
 1.287
 0.322
 1.144
-0.172
-0.695
 0.479
-0.608
 0.331
-0.142
-0.297
 0.521
 0.426
-0.607
 1.045
 0.738
-0.018
-0.802
-1.319
-1.628
 0.519
 0.036
 0.314
-0.293
 0.069
 0.132
-0.565
 0.352
-0.847
-0.061
-0.924
-0.133
 1.487
 0.480
 0.605
-0.141
-0.435
 0.636
 1.147
 0.156
 1.031
 0.933
-0.156
 0.391
 0.323
-0.044
 0.223
 1.026
 0.549
-0.803
-0.051
-0.330
-1.572
-0.618
-0.398
 0.160
-1.016
-1.006
-0.137
 0.142
-1.582
 0.338
-1.755
 0.166
 0.170
 0.679
 0.282
-0.752
-0.897
-0.131
 0.892
 0.966
-0.941
 0.035
-0.506
-0.656
-1.304
-0.865
-1.684
-2.141
-1.241
-0.314
-0.177
 0.195
-0.554
-0.144
-0.832
-1.236
-0.971
 0.236
 0.777
-0.723
-0.526
 0.220
 0.523
-0.879
-0.595
-1.817
-0.409
 0.415
-0.732
-0.163
-1.378
-1.250
-0.761
 0.664
-0.651
-0.609
 1.168
 0.528
-0.456
 0.225
 0.837
 0.749
-0.461
 1.305
-0.093
 0.702
-0.375
 0.024
-0.866
 1.116
 0.649
-1.270
-1.506
-1.225
 0.122
 0.328
-0.127
-0.595
-0.999
-1.949
-1.981
-0.844
-0.728
-0.921
-3.119
-1.571
-1.691
 0.228
-0.346
-0.570
-0.014
-0.533
-1.913
-1.154
-1.479
-0.270
-1.636
-1.892
-1.430
-0.437
-0.361
-0.355
-1.729
-0.229
 0.491
-1.049
-0.388
-0.678
-0.383
-0.127
 0.536
-0.274
-2.269
-1.938
-1.762
 0.954
 0.926
 0.512
-1.455
-2.133
-0.849
-1.236
-0.794
-0.013
-0.526
 0.053
 0.184
 1.843
 0.550
-0.330
 0.602
-1.020
-1.377
-1.021
-1.482
-1.229
-0.415
-0.358
-0.968
-0.745
-0.714
 0.188
-0.296
-0.636
-2.664
-1.611
-1.542
-1.428
-2.286
-1.849
 0.540
-1.202
-0.279
 0.379
 0.348
 0.041
 0.108
-0.400
 0.148
-0.174
-2.353
-1.717
-1.803
-0.575
-0.134
 1.226
-1.709
-0.821
-1.805
-1.362
-1.891
-1.353
-0.357
 0.330
-0.491
 0.190
-2.529
-1.508
-0.325
-0.538
-1.311
-0.613
-2.195
-1.704
-1.301
-0.841
 0.521
 0.548
-1.102
-0.762
-0.849
 0.225
 0.431
-0.657
 0.202
-0.267
-0.552
-1.406
 0.578
 0.115
 0.392
-1.122
-1.248
-1.653
-2.557
-0.286
-2.193
-0.697
 0.014
-0.135
-0.339
 0.595
-1.120
 0.086
-0.989
-1.614
-0.765
-0.448
-0.853
-0.470
-0.708
-0.708
-1.218
-0.945
-0.216
 0.367
-0.554
-0.915
-0.067
-0.799
-0.041
-0.590
-0.645
-0.418
-0.607
-0.133
-0.905
-0.139
-0.936
-1.007
-1.679
-1.286
-0.700
 1.856
-0.290
-0.481
-1.881
 0.388
-0.180
-0.071
-0.407
 0.692
-1.699
-2.140
-0.544
-1.181
-0.704
-0.393
-0.277
-0.311
 0.959
 0.961
-0.047
-0.212
 0.194
-1.471
-1.619
-1.307
 0.248
-0.341
-0.875
-0.876
 0.112
 0.865
 0.933
 0.892
 1.284
-1.044
-1.071
-1.046
-2.053
-0.188
-0.956
-0.954
-0.013
 0.259
-0.464
 0.558
-0.907
 0.394
-0.289
-0.118
 1.787
-0.735
 0.275
 0.241
-0.757
-1.117
-0.920
 1.111
 0.956
 0.416
-1.428
-0.375
 0.515
-1.027
-0.361
-0.451
-0.642
-1.015
 0.799
 0.197
-1.191
 0.207
-0.519
 0.064
 0.043
-0.293
-1.272
-0.462
-0.448
 1.301
 0.361
-1.054
-0.497
-0.074
 0.463
-0.368
-1.095
-2.050
-0.602
-0.206
-0.064
-0.530
-1.474
-1.469
-0.189
-0.988
-2.512
-1.257
-1.564
-0.633
-2.777
-1.796
-1.670
-1.840
-1.380
-0.780
-0.209
-1.741
-2.313
-0.925
-1.477
-1.043
 0.008
-1.039
-2.702
-1.651
-0.082
-1.373
-0.614
 0.347
-2.482
-1.893
-0.678
 0.153
-1.299
 0.215
 0.054
-1.337
-1.726
-1.253
-1.927
-1.154
-1.254
-0.059
-1.558
-0.432
-0.106
-0.614
 0.419
 0.116
 0.157
-0.664
-0.119
 0.884
 0.148
-0.396
-0.875
-0.941
-1.542
-0.089
 0.191
 0.008
-0.304
 1.187
 1.541
 0.573
-0.021
 1.899
 0.395
 0.352
-0.149
-0.294
 1.991
 0.093
-1.420
-2.268
-0.183
-0.254
-0.326
 0.059
-1.206
 0.283
-0.693
-0.975
-0.873
-0.458
-1.206
-1.478
-1.211
 0.427
 0.456
-1.812
-1.580
-1.523
-0.476
 0.498
 1.149
 0.191
-0.422
 1.015
 1.841
 1.407
 1.073
-0.578
 0.127
-0.661
-0.543
-0.915
-0.562
-0.734
 0.731
-0.764
 0.768
-0.633
-0.047
-0.330
 1.083
-0.160
 0.301
-0.899
-0.283
 0.659
-0.426
-0.714
-0.108
 0.111
 0.236
 0.649
 1.639
 0.450
-0.353
-0.745
-0.001
 0.865
 0.589
 0.578
 0.014
 0.294
-0.399
-0.657
-0.309
-0.043
-0.458
 0.647
 0.842
 0.730
-0.388
-1.785
 0.363
 1.045
 0.541
 0.408
 0.002
 0.301
 0.647
 1.379
 1.066
 1.400
 0.919
 1.006
 2.521
 1.110
 1.033
 0.524
 1.958
-0.143
-0.525
 1.358
 0.207
 0.623
-0.224
-0.725
-1.414
 0.217
 0.440
-0.203
-0.426
-0.120
-1.400
-1.419
-0.895
 0.177
-1.278
-1.228
 0.533
 0.437
-0.041
-1.329
-0.810
-1.062
-0.898
-1.588
-2.467
 0.504
 0.453
 0.169
 0.122
 1.013
-1.295
-0.184
-0.264
-1.403
 0.176
-0.286
-0.614
-2.175
-0.306
-0.811
 0.409
-0.631
-0.612
-0.666
-2.017
-0.973
-1.269
-1.349
-2.388
-3.183
-1.433
-0.231
-0.932
-0.487
-1.109
 0.185
-0.888
 0.324
-0.101
-0.227
-0.318
 0.012
-0.244
 0.785
-0.369
-0.109
 0.067
-0.843
 0.363
-0.016
-0.279
 0.011
-0.656
-0.760
-0.212
 1.657
 1.679
 0.372
 1.432
 0.959
-0.474
 1.272
 0.182
 0.458
 1.194
 0.815
-0.459
-1.215
-0.804
 0.693
 1.136
 1.991
-0.440
-0.069
-0.371
 0.992
 0.720
 0.463
 0.170
-1.109
-0.523
-0.077
 0.118
-0.627
-0.473
-1.041
-0.072
 1.254
 1.200
-0.021
-1.283
 0.347
-0.013
 0.325
-0.268
 0.308
-0.637
 0.544
 0.114
 1.038
 0.843
 0.544
 1.796
 0.699
-0.931
-0.687
-1.404
 0.845
 0.474
 0.344
 0.586
-1.036
-1.841
-1.791
-0.719
-2.064
 0.497
-0.912
-0.411
-1.338
-2.136
-0.964
-0.719
-1.633
 0.577
-2.137
-1.142
-1.482
-0.327
-0.580
-0.030
-0.124
 0.082
-0.898
-1.387
-0.592
-0.212
 0.310
-0.352
 0.390
 0.361
 0.182
-0.533
 0.607
 0.473
 1.401
 0.319
 0.770
 0.418
-1.223
 0.495
 0.555
-0.825
 1.121
-1.314
-0.762
-0.615
 1.537
-0.088
 0.706
 0.521
 0.936
 1.409
 1.576
 1.673
 0.670
 0.144
 0.325
 1.533
-0.182
-1.161
-0.942
-0.311
-0.240
-0.125
 1.009
 1.747
 2.735
 1.468
 0.806
-0.768
-0.135
 1.500
 0.330
-0.462
 0.173
-0.050
-0.043
 1.477
-0.301
 0.803
-0.159
-0.516
-0.694
 1.939
 1.385
 1.437
 1.306
 2.338
 1.295
 1.652
 1.491
 2.332
 2.742
 1.559
 1.694
 2.797
 1.859
 1.539
 0.886
 2.956
 2.203
 0.734
 0.746
 0.625
 1.322
-0.088
 0.739
-0.209
 0.862
 2.033
 1.105
 0.500
-0.467
 0.729
 0.646
 1.236
 0.492
 0.308
 0.572
 1.520
 1.948
-0.101
 0.168
-0.176
-0.237
-0.217
 0.374
 0.402
 0.635
 0.051
 0.229
 0.336
-0.568
-0.361
-0.852
-0.602
-1.811
-2.160
-1.388
-0.533
 0.455
 0.406
-1.775
 0.082
-1.050
-0.528
-0.180
 0.441
-1.381
-0.175
-0.255
 0.637
 1.074
-0.533
 0.587
-1.253
-0.486
-0.357
-0.395
-2.266
-2.254
-1.146
-0.867
-0.255
 0.839
 0.070
-0.157
 0.202
 0.880
-1.484
-0.530
-0.114
 0.653
 0.941
 0.050
-0.535
 0.692
-1.199
-0.429
 0.451
-1.508
 0.147
-0.865
-0.631
-0.632
 0.098
-0.001
 0.592
 0.024
-1.596
-0.552
-1.235
-1.433
-0.780
-0.821
-0.643
-0.714
-0.325
-1.169
 1.078
-0.357
-0.472
-2.408
-2.251
-1.406
-2.384
-0.065
 1.321
-0.931
 0.992
-0.151
-0.505
-0.630
 1.517
 0.038
 0.078
 0.578
 0.203
 0.238
 0.153
 0.152
 0.366
-0.974
-0.369
-0.505
 0.325
-1.055
-1.083
-0.915
-0.387
-1.388
-1.842
-2.533
-1.748
-3.070
-2.998
-1.870
-1.460
-0.414
-0.847
-0.148
-0.519
 0.475
 0.100
-0.922
-0.531
-0.973
-1.403
-1.117
-1.270
-0.621
-0.986
-2.455
 0.201
 0.079
-1.750
 0.047
-1.026
-0.239
-0.143
 0.332
-0.489
 0.933
-0.782
-0.086
-0.047
 0.863
-0.604
-0.847
 0.292
-1.298
-2.443
-2.986
-3.272
-1.779
-1.300
-0.261
-1.787
-1.017
-0.983
-2.139
-0.859
-1.284
-2.462
-1.025
-1.762
-1.492
 0.077
 0.000
-0.255
-1.917
-1.030
 0.816
-0.083
 0.244
-0.015
-0.432
-1.444
 0.288
-0.974
-1.920
-1.219
-0.327
-0.452
-1.148
-1.870
-2.194
-0.138
-0.095
-0.600
 0.150
 0.323
 0.496
-0.142
-0.598
-0.824
 1.280
 0.451
-0.591
 0.061
 0.903
 0.923
 0.674
-1.123
-1.261
-0.329
-0.781
 0.838
 0.222
-0.593
 0.440
-0.116
 0.549
 1.971
-0.130
-0.775
-0.552
 1.175
-1.106
-0.876
-0.754
-0.523
-0.135
-0.073
-0.191
 0.569
-1.285
 0.240
-0.237
 0.698
-0.474
 0.257
-0.732
-0.003
-0.649
-0.307
-1.346
-0.870
 0.324
 0.801
-0.045
 0.235
 0.859
-0.482
-0.699
-0.662
-0.899
-1.778
-1.048
-0.256
-0.939
-0.461
-2.240
-1.013
-1.020
 0.315
-0.980
-1.446
-0.045
 0.020
-0.534
-1.845
-0.382
-0.653
-1.055
 0.446
-1.880
-1.133
 0.337
 0.311
-0.051
-0.059
 1.192
 0.142
 0.742
-0.143
 1.930
 0.334
-1.521
-1.050
-0.865
-1.269
-1.074
-0.040
-0.284
 0.705
 0.566
-0.134
-0.195
-0.102
-1.302
 0.267
 1.532
-0.073
-0.315
 0.994
 1.237
 1.497
 1.112
-1.761
-1.305
-0.381
-0.281
-1.458
-0.392
 0.078
-0.707
-0.536
-1.047
-0.580
-0.667
 0.880
 1.347
-0.627
-0.562
 0.008
-0.530
-2.426
-0.641
-2.204
-0.957
-0.815
-0.723
-2.883
-1.237
-2.042
-0.798
-1.338
-1.160
-1.298
-0.867
-1.282
-1.065
-0.301
-0.137
-0.677
 0.333
-1.172
-0.211
-1.255
-2.477
-1.838
-0.922
-0.920
-1.006
 0.119
-0.676
-0.337
-0.819
 1.355
 0.566
-0.491
-1.892
-1.481
-2.216
-1.159
-0.343
-0.389
 0.175
 0.117
-0.268
 0.006
-0.108
-0.420
 0.331
 0.858
 1.871
 0.206
-0.437
 1.259
 0.698
 0.901
 0.933
 0.377
 1.436
 0.633
 1.688
 0.851
 0.019
 0.259
 0.904
 0.094
 1.570
 2.769
 1.337
-1.115
-0.112
 1.029
 1.162
 1.258
-0.979
-0.512
-0.605
 0.951
 1.419
 1.325
 1.671
 0.719
 0.628
 0.217
-1.624
-1.264
-0.190
 0.185
-1.379
 0.271
 0.724
-0.646
 0.169
-1.972
-0.540
 0.193
-0.418
-0.699
-1.153
-0.206
 0.539
-0.596
-1.795
-1.859
-0.673
-0.991
 0.341
 0.509
 1.614
 0.371
-0.090
 0.094
 0.847
 1.257
-0.310
 0.030
 0.005
 0.077
 0.458
-0.499
 0.520
 0.303
 1.349
 1.284
 1.486
 0.652
 0.792
 1.416
 0.368
 0.601
-0.202
-0.971
 0.267
 0.134
-0.460
-0.275
 0.100
 1.181
 1.291
 1.297
 0.859
 0.001
 0.492
 0.138
 0.549
 0.983
 0.958
 0.567
 2.229
-0.370
 1.572
 1.668
 1.730
 0.291
-0.344
-0.715
-0.644
 0.781
-0.013
-1.458
-1.303
-0.428
-0.176
 0.991
 1.336
 0.101
-0.752
-2.530
-0.200
 0.239
-0.016
 0.886
 1.452
 1.859
 1.013
 0.286
 0.222
-0.216
-0.258
-0.888
-0.254
-1.375
-0.894
 1.595
 2.104
 0.539
-0.374
-0.712
-1.522
-0.939
-1.164
-0.133
 0.438
 0.092
-2.027
 0.112
-0.909
-0.002
 0.240
-0.194
-0.671
 0.555
 1.860
 0.486
-0.281
-0.069
 0.394
 0.608
 0.159
-0.929
-0.343
 0.531
 0.689
-1.336
-0.338
 0.714
 1.688
 1.227
 0.179
 0.567
-0.378
 0.882
 0.120
-1.379
-0.740
-0.796
 0.090
-0.703
 0.495
-0.446
-0.829
 0.306
 0.167
 0.024
-0.739
-0.549
-2.121
-0.935
-1.025
-0.701
-0.996
-1.371
-0.573
-0.756
-0.880
-0.321
-0.231
 0.338
-0.090
 0.382
 0.622
 1.040
-0.234
 0.654
 1.138
-0.132
 0.742
 0.599
 0.240
 0.375
 1.220
 1.404
-0.721
-1.295
-2.716
-0.504
-0.624
-1.938
-0.259
 0.336
 0.314
-0.456
-1.093
-1.376
-1.145
-1.373
-0.857
-0.119
 0.832
 0.170
 0.229
-0.497
-0.105
-0.585
-0.486
 0.344
 0.991
-0.597
-0.726
 0.055
 0.840
 0.156
-0.471
-0.494
 0.524
-1.889
-0.792
 0.654
 0.430
 1.213
 1.223
-0.843
-1.203
 0.742
 0.265
 1.321
 0.633
-0.245
-1.231
-1.583
-2.405
-0.743
-1.193
-0.886
-0.525
-1.794
-1.315
-2.328
-2.290
-1.524
-1.066
-2.310
-1.880
-2.778
-0.954
-1.257
-0.544
-0.344
-0.643
 1.301
-0.270
-0.645
 0.080
-2.681
-1.421
-1.723
-0.897
-0.382
 0.554
-0.186
-0.072
-0.495
-0.602
-1.967
-1.456
-1.582
-1.069
 0.093
 0.807
-0.185
-1.154
 0.443
 0.274
 0.545
 0.446
 1.194
-0.034
-0.905
 0.465
 0.310
-0.248
-0.285
 0.177
 0.701
-1.273
 0.358
-0.432
 1.409
-1.100
-1.591
-1.444
-0.055
 0.696
 0.098
-0.407
 0.247
 0.497
-0.343
 0.670
 1.103
 0.659
 1.317
 0.271
 0.826
 1.394
 0.644
 0.652
 0.510
 0.638
-1.221
 0.060
-0.306
-1.576
-0.355
 1.250
 0.595
-1.080
 0.473
-0.487
-0.612
-0.743
 0.389
-1.103
-0.816
-0.377
-0.914
-0.910
-1.396
 0.698
-0.274
-0.729
 0.246
 0.829
-0.714
 0.207
-0.744
 0.804
 0.708
 0.031
 0.542
-0.554
-0.271
 0.946
-0.460
 1.718
 2.582
 2.445
 2.164
 0.976
 1.560
-0.316
 0.187
-0.432
 1.709
 0.953
 0.715
 0.286
 1.166
 0.569
 0.159
-0.249
-0.941
-1.023
-0.821
-1.779
-0.822
 1.172
 0.186
 0.671
 0.073
-0.235
-1.034
 0.652
 0.983
 0.095
-1.213
-1.569
-0.041
-1.046
-1.153
-1.462
 0.825
 0.398
-0.242
-0.505
-0.994
-0.346
 0.901
-0.362
 0.959
-0.874
-0.870
-1.415
-3.092
-2.306
-2.381
-1.761
-1.482
 0.282
 1.283
 1.485
 1.096
 0.868
 0.080
-1.143
 0.129
-1.003
 0.892
 0.586
 1.899
 2.289
 1.217
 0.037
 1.489
-0.699
 0.482
-1.260
-1.692
-1.004
-1.217
 0.621
-0.594
-1.320
-0.175
-2.089
 0.077
 0.261
 0.018
-1.006
-0.592
-1.138
-0.138
-0.405
 0.900
 0.885
 1.541
 0.251
 0.855
-0.141
 1.264
-0.034
 1.100
 0.340
-1.362
-0.558
-0.415
 0.465
 0.494
 0.170
 0.479
-0.440
-0.122
-0.135
 0.573
 1.815
 1.636
-0.544
-1.121
 0.087
 0.734
 2.423
 1.133
 0.551
-0.443
-0.270
 1.360
 1.294
 0.104
-0.097
-0.259
-0.286
-0.271
-1.996
-1.374
-1.028
-0.065
-0.707
-0.273
-0.991
 0.284
-0.171
-0.464
 0.049
-0.329
 0.062
-0.495
-1.104
-0.586
 0.309
 0.965
 0.019
 0.738
-0.207
-0.100
-1.134
-0.117
-0.906
 0.291
-0.791
 0.563
-0.559
 1.718
-0.490
-0.896
-0.593
-1.267
-0.267
-1.159
-1.740
-0.850
-0.926
-0.030
 0.150
-0.380
-1.394
-2.439
-0.182
-2.305
-1.005
-1.397
 0.601
-0.120
 0.416
-1.255
-0.320
-0.202
-0.854
 0.026
 0.973
 1.115
-0.328
 0.880
 1.773
 1.490
 0.217
 1.211
 1.114
 0.820
 0.096
 0.310
-0.019
 0.501
 2.705
 2.726
 0.049
 0.768
 0.807
 1.810
 0.047
-0.029
 1.061
 0.816
 0.835
 0.518
-0.778
-0.640
-0.114
 1.188
 0.138
 0.458
 1.709
 1.017
 0.308
-0.508
-0.950
-1.663
 1.109
 1.353
 0.132
-1.104
 0.350
 0.173
 1.060
 1.062
 1.504
 0.976
 1.051
 1.530
 0.246
 0.747
-0.071
-0.148
 0.232
-0.086
-0.989
-0.480
 0.263
-0.380
-0.867
-0.564
-2.192
-0.645
-0.027
-0.966
-0.797
-0.707
-0.074
 0.885
-0.157
-0.632
-1.403
-0.197
 0.368
-0.124
-0.542
-1.289
-0.357
 1.218
 0.180
-0.214
-1.942
-1.524
-0.728
-2.267
-0.143
 0.621
 0.433
 1.013
 0.005
 0.333
 0.280
 0.473
-1.034
 0.322
-0.118
-0.551
-1.365
-0.291
-0.710
-1.366
-0.417
 0.407
-0.071
-0.406
-0.097
-0.975
-0.304
-1.488
 0.906
-0.309
-0.054
 0.128
 0.581
 0.325
 1.759
 1.902
 1.180
 0.123
-0.804
 0.075
-1.508
-0.387
-0.059
-0.887
 0.020
 1.212
-0.271
-1.104
-2.009
-0.725
 0.046
-0.439
-0.434
 0.251
 1.173
 0.314
-1.594
 0.379
-0.223
 0.321
-0.703
-1.472
-0.574
 0.445
-0.857
-1.247
-0.529
-0.619
-0.351
-1.084
-1.380
 0.180
-1.209
-0.531
-0.643
-0.333
-0.436
-0.730
 0.094
-0.766
 0.314
 1.158
-0.419
-0.387
-1.320
-0.272
-0.320
 0.453
-0.474
-0.524
-0.526
 0.236
 0.349
 0.203
-0.063
-0.975
-0.432
 0.405
-0.033
 1.136
-0.226
-1.341
-1.748
 0.026
-0.145
 0.255
 1.337
 2.297
 0.436
 0.827
-0.246
-0.572
-0.069
-0.459
 0.136
-0.979
-1.311
-1.535
-0.905
-0.947
 0.206
-0.144
-0.747
-0.424
-1.982
-2.760
-0.692
-1.204
-2.657
-1.474
-2.613
-2.038
 0.515
-1.740
-0.596
-0.201
-1.329
-0.757
-0.627
 0.201
-0.108
 0.056
-0.120
-1.884
-0.439
-2.256
-2.338
-1.302
-0.728
-0.494
 0.598
-0.553
-2.273
-0.836
-0.561
-0.847
-2.272
-1.256
-0.470
-0.177
 1.216
 0.708
 0.141
-1.011
 0.067
-0.187
-0.881
-1.406
-1.721
-0.538
-1.394
-0.492
-1.877
-1.297
-0.430
-1.025
-0.664
-2.659
-1.857
-0.140
-0.846
-0.216
-1.205
 0.628
 0.321
-0.253
-0.437
-0.134
-0.308
-0.022
 0.194
-0.155
-1.534
-0.532
 0.403
 0.434
 0.370
-0.921
-0.084
 0.718
 0.154
 0.468
-0.881
-0.363
 0.621
 0.369
-0.336
-1.510
-0.290
 0.579
 0.192
-1.104
-0.996
 0.185
 0.919
 0.837
 0.907
 1.154
 0.035
-0.330
 0.649
-0.718
-0.075
-0.845
-1.215
 0.040
 1.289
-0.438
-1.042
-1.079
-1.255
-0.316
 0.468
-0.881
 1.179
-0.178
-0.019
 0.157
 0.253
 1.883
 0.565
 1.398
 0.258
-0.771
 0.076
-0.179
 0.244
 1.733
 2.178
-0.736
 0.473
-1.417
-0.428
-0.914
-0.608
 1.886
 0.648
 0.760
-0.260
 0.082
 1.247
 0.465
-1.053
 1.377
 0.127
 0.674
-0.724
 0.801
 0.223
 0.788
-0.102
 0.068
-0.248
 0.086
-0.802
 0.454
 1.123
 0.527
-2.295
 0.066
-0.029
 0.748
-0.396
 0.204
 0.296
-0.417
 0.024
 0.326
 0.571
-0.568
 0.103
-0.155
-0.345
 0.012
-1.142
-1.667
 0.289
 0.620
-0.064
 0.163
-0.952
-1.832
-1.218
 0.304
-0.146
-1.394
-0.379
 0.806
 0.553
-0.353
 0.323
 0.961
 1.060
 1.479
-0.257
-0.130
 0.922
-0.349
-0.834
 0.478
-0.677
-0.207
-0.599
-0.161
-1.485
 0.537
 0.649
-0.235
-1.096
-0.897
-0.538
 0.025
 0.202
-0.852
 0.639
-0.580
-0.389
 0.566
 0.748
-0.447
 0.596
 0.500
 0.804
-0.708
 0.763
 0.731
-0.250
 0.130
 0.554
-0.153
 0.523
-1.660
-0.571
 0.262
 0.938
-0.606
-0.734
-0.817
 1.101
-0.228
-0.354
 0.287
 0.107
-0.535
-0.529
-1.339
-0.407
-0.402
 0.031
 0.357
-0.765
-1.011
 0.966
 0.708
-0.361
 0.926
 0.640
-1.119
-2.359
 0.360
 0.194
-0.029
-0.040
 0.529
-0.894
 0.139
 0.784
-0.118
-0.363
 0.505
 0.057
 0.056
-0.134
-0.939
-0.706
 0.036
-0.105
 0.313
 0.007
-1.505
 0.362
-0.201
-0.496
 0.590
-0.833
-0.292
-1.002
-0.802
-0.203
 1.440
 2.502
 1.689
 1.028
 1.470
-0.564
-1.339
-0.584
 0.085
-0.126
 0.161
 0.131
 0.504
 1.613
 1.010
-0.158
 1.193
-0.554
-1.515
 0.040
 0.136
 0.714
-0.011
-0.538
 0.400
 0.280
-1.397
-1.276
-1.194
-1.831
-1.495
-0.447
 0.924
-0.455
-0.206
 0.715
 1.665
 1.878
-1.207
-0.122
-0.638
 0.298
 0.571
 1.282
 0.857
 0.371
-1.052
 0.683
-1.182
-0.433
 0.200
 0.458
 1.158
 1.142
 0.521
-0.860
 0.719
 1.538
 1.164
 2.147
 0.916
 0.261
 1.276
-0.485
 1.207
 1.264
 0.598
 0.254
-0.267
-0.102
-1.283
 0.119
 0.962
-1.173
 0.208
-0.226
 0.414
 0.020
 0.826
 1.478
 0.808
 0.230
-0.606
 1.421
 0.332
-0.699
 0.302
-0.883
-0.648
-0.522
-0.634
 0.334
-1.078
 0.050
-1.121
-0.174
 0.663
 0.567
 0.386
 0.978
-0.998
-0.739
-0.289
-1.374
-0.729
 0.036
-1.763
-1.148
-0.479
-0.152
 0.340
-0.047
-0.333
 1.891
-0.380
-0.791
-1.697
-0.883
-0.485
-0.052
-0.649
-1.362
 0.303
-0.326
 0.312
 0.232
 1.737
 1.018
 0.296
-0.092
-0.201
 0.007
 2.106
 0.557
 0.616
 0.066
-0.092
-0.046
 0.023
 1.010
 0.431
 0.583
-0.162
 0.299
-0.167
 0.904
-0.457
 0.072
 0.974
 2.064
 2.043
 1.372
-0.079
-0.312
-0.769
 2.441
 1.281
 1.819
 0.634
 1.882
 1.595
 0.884
 0.649
-0.754
-0.950
-0.680
-1.169
 0.020
 0.619
 0.265
-0.474
-0.043
-0.077
-0.315
 0.015
 0.228
 0.028
 0.970
 1.139
-1.248
 0.283
 0.457
 0.941
 1.599
 0.950
 0.779
 1.842
 1.658
 0.291
 0.779
 1.086
 0.357
 1.259
-0.887
 0.222
 0.491
 0.354
 0.349
 1.971
 0.514
-0.403
 1.128
 1.093
-0.435
 0.855
 1.896
-0.203
 0.480
-0.304
-1.306
-0.455
-0.183
 0.728
 2.665
 1.397
-0.066
 0.307
-0.365
-0.355
-0.015
 1.149
-0.296
 0.783
-0.837
 0.758
 1.523
 0.571
 0.546
-0.468
-0.216
 0.285
-0.374
 1.018
-1.690
-0.801
-1.017
 0.340
-0.535
-0.999
-0.963
-1.484
-1.789
-0.695
-0.971
 0.107
-0.029
 0.149
 0.309
 0.519
 0.346
-0.160
 0.771
 2.192
 2.650
 0.848
 1.557
 0.297
 0.474
-0.176
-0.763
-0.108
 0.987
-0.658
 0.303
-1.819
-0.389
-0.007
 0.798
 0.361
 0.456
 0.071
-0.296
-0.057
 1.123
 0.185
-0.280
 1.003
 1.159
-0.497
 0.259
 0.860
 0.661
 0.727
 0.262
 0.414
 0.333
 0.248
-0.359
-0.665
 0.919
 0.027
-0.687
 0.238
 0.975
-0.090
 0.788
 0.670
 0.388
 1.054
-0.265
 0.974
 0.436
-0.675
-0.707
-1.020
-0.786
-0.590
 1.003
-0.440
-0.650
-0.352
-1.519
-2.482
 0.382
 0.831
 0.768
 2.008
 1.849
 0.505
 1.391
 0.961
 0.845
 0.812
 1.255
 0.695
 1.428
-0.162
 0.624
 0.053
-0.343
 1.454
 1.912
 1.614
 2.266
 0.728
 1.159
 1.556
 2.869
 2.093
 1.255
 2.132
 2.036
 1.515
 0.680
 1.128
 0.477
 0.609
 0.523
 0.384
-0.606
-0.569
 1.702
 0.989
-0.197
 1.880
 0.770
 0.475
-0.540
-0.061
 1.080
 2.111
 1.511
 0.998
 1.223
 2.087
 1.516
 0.547
 0.466
 0.011
-0.275
 0.431
-1.004
-0.712
-0.047
 1.375
 2.068
 0.153
 2.441
 2.277
 0.627
 1.302
 0.733
 0.514
-0.375
 0.728
 1.007
 0.516
 1.017
 2.138
 1.838
 1.993
 1.264
 0.920
 1.900
 2.070
 1.501
 2.136
 2.726
 2.155
 3.905
 1.848
 1.039
 2.222
 2.308
 0.610
 3.800
 0.683
 1.567
 2.656
 0.040
 0.838
 0.240
 0.359
 0.759
 1.009
 0.571
 0.443
 1.944
 1.491
 1.517
 0.821
 2.321
 0.454
 1.487
 2.053
 1.733
 0.901
 1.405
 0.017
 0.609
 0.208
 1.460
 1.381
 0.597
 1.105
 1.777
 2.469
 0.594
-0.139
-0.169
 0.558
 0.595
 0.192
-0.540
-0.560
 1.491
 0.324
 1.177
 1.798
 1.665
 2.523
 1.408
 1.965
 1.774
 1.851
 0.715
 1.901
 1.914
 1.385
 1.361
 0.410
-0.328
 0.678
 0.428
 2.086
 0.512
 1.076
 0.733
 1.715
 2.457
 0.716
 0.980
 1.195
 3.019
 0.439
 0.785
 0.561
 1.099
 0.899
 0.469
 1.567
 0.713
 1.197
 1.765
 0.216
-0.411
 0.395
 0.566
-1.908
-1.119
 0.432
 0.107
-0.318
-0.141
 0.878
-0.424
 0.567
 0.406
-0.095
-1.093
 1.204
 1.527
 0.035
 1.228
 1.135
-0.058
 0.335
 0.898
-0.438
-0.262
 1.044
 0.516
-1.206
 0.874
 1.538
-0.840
-0.972
-0.298
 0.911
-0.141
-0.937
 1.020
 0.174
-0.048
 0.608
 0.675
 1.245
 0.951
 0.703
 0.980
 1.236
 2.457
 2.934
 2.151
 1.995
 0.560
 0.817
 1.949
 2.853
 1.687
 1.769
 1.623
 0.148
 1.993
 1.938
 2.504
 1.003
 0.788
 1.312
 1.780
 2.114
 1.639
 2.382
-0.168
 0.212
 0.902
 1.540
 1.626
-0.599
 0.602
-0.287
-0.140
 1.154
 0.857
 0.555
 1.267
 1.283
-0.017
 0.443
 0.569
 1.023
 0.841
 0.763
 0.959
 1.605
 1.691
 2.530
 2.160
 0.813
 0.507
 0.401
 1.232
 0.531
 0.323
 1.353
 2.385
 1.092
 0.985
 1.950
 1.509
 0.063
 1.531
 0.206
 1.014
 0.843
 0.958
 2.486
 0.504
 0.446
 0.722
-0.575
 0.427
-0.881
-0.618
-0.430
 0.311
 0.603
 1.617
-0.267
 0.838
 1.325
-1.428
-1.149
-2.117
-1.874
-0.770
 0.689
-1.013
 0.689
 1.676
-1.154
-0.580
-0.524
 0.179
 1.044
 0.928
 2.438
 1.937
-0.105
 2.039
-0.442
 0.556
 1.104
 0.302
-1.605
 0.074
-1.489
-0.126
-0.910
-0.191
 0.388
 0.156
 1.083
 1.289
-0.668
 2.123
 1.255
 1.527
-0.375
-0.081
 0.469
-1.674
-0.379
-0.029
-1.209
 0.339
-0.508
 0.793
 0.112
-0.576
 1.224
 0.778
 1.042
 1.782
 0.472
 0.012
 0.142
 0.387
 1.423
 0.931
 0.080
 0.028
-1.428
 0.124
 0.511
-0.571
-0.540
-0.703
-0.288
-1.460
-0.451
-1.633
-1.031
-2.033
-1.852
 0.435
-0.335
-0.353
-0.304
 0.066
 0.201
 0.390
 0.820
-0.205
-0.563
 0.021
-0.553
-0.352
-0.227
 1.322
 0.052
-0.530
-1.376
 0.025
 1.057
 0.913
 1.086
-0.408
 0.380
 0.066
-0.243
-0.170
 0.181
 0.851
 0.477
 1.708
 0.166
-1.025
 0.544
-0.160
 0.706
-0.283
-1.062
 1.460
 0.063
-1.206
-0.550
-0.746
 1.257
-0.401
-0.709
 0.081
 0.161
 0.636
 0.093
-0.616
 0.062
 0.014
-0.141
 0.224
-0.370
 0.445
 0.337
 1.413
 0.659
 0.550
 0.347
 1.343
 0.818
 1.434
 0.072
-0.030
-0.367
-0.157
 0.816
 0.834
 0.751
 1.409
 0.402
 1.113
-0.356
 0.241
 1.487
 0.569
-0.536
 0.931
 0.038
 0.949
 1.713
 0.810
 1.803
 1.526
-0.125
 0.826
 0.081
 1.689
 1.708
 0.830
 0.606
 1.056
 1.664
 1.481
 1.309
 1.428
 1.154
 2.127
 2.044
 1.079
-0.082
 0.543
 1.079
 1.465
 0.554
 1.106
 1.240
 0.235
 0.897
 0.674
 0.835
 1.311
 0.145
 0.988
 1.496
 0.998
 1.896
 1.065
 0.199
-1.568
-0.219
 0.144
-0.316
-0.131
 1.282
 0.826
 0.939
 1.145
 0.496
 0.493
 0.087
 0.610
 1.945
 0.921
 1.218
 0.561
 0.898
-0.066
 1.404
 0.689
-0.152
-0.227
 0.148
 1.014
 1.206
-0.316
-0.692
-0.955
 0.251
-0.957
-0.489
-0.214
-0.171
 0.746
 0.100
 0.421
 1.974
 0.582
 0.656
 1.977
 2.496
 1.435
 1.486
 1.609
-0.027
 1.579
 1.207
 0.974
-0.462
 0.940
 1.714
 0.599
-0.236
-0.410
 0.102
 0.714
-1.181
-0.627
 1.523
 0.990
 1.102
 0.266
 1.499
 0.696
 1.003
 0.263
 0.664
 0.718
 0.046
 0.743
 0.535
 0.304
 0.416
 1.196
 1.587
 1.298
 0.483
 2.121
 1.128
 0.290
 1.171
 0.905
 1.981
 1.169
 1.880
 0.674
 0.771
 1.058
 1.092
 0.058
 0.696
 0.989
 1.450
-0.045
 1.250
 1.502
 1.630
-0.436
 1.562
 1.836
 0.125
 0.974
 1.150
 2.226
-0.261
-0.007
 1.798
 0.222
-0.558
 0.048
 0.931
 1.174
-0.330
 0.677
 0.616
 1.183
-0.713
-1.409
-0.866
 0.519
-0.691
-0.861
-0.209
 0.907
 0.207
 0.443
-0.691
-0.998
 0.545
-0.239
 0.856
 0.297
-0.638
 0.697
 1.099
-0.458
 0.513
-0.004
 1.317
 2.422
 0.929
 1.989
 1.393
 0.335
 0.497
-0.783
-1.907
-1.107
 1.447
 0.259
-0.320
 0.189
 0.105
 0.113
-0.366
 0.369
-0.132
 1.057
-1.104
-0.080
-0.131
-1.578
-1.209
-1.658
 0.050
-0.232
-0.073
 1.592
 1.377
 0.157
-0.821
-1.072
-0.418
-0.594
 0.188
-0.624
-0.690
-0.596
-0.422
 0.399
 1.597
-0.872
 0.221
 1.465
 0.317
-0.782
 0.601
 1.479
 1.129
-0.579
 1.148
 0.531
-0.578
 1.276
 0.855
-0.683
-2.120
-0.675
 0.418
-0.324
-1.315
-0.860
-1.042
-1.388
-0.554
 1.206
 1.042
 1.266
 0.403
 1.475
 0.463
 1.107
 1.792
 3.773
 1.598
 1.625
 1.139
 0.684
 0.676
 1.668
 1.006
 2.325
 1.067
 2.227
 0.445
 0.918
 0.797
 1.242
-0.476
-0.573
 0.544
-1.609
 1.492
 0.144
 0.739
 0.578
 1.871
 1.186
 1.339
 0.349
 1.396
 0.596
 2.296
 1.381
 1.913
 0.930
 0.687
-1.781
-0.402
 0.367
-0.220
-0.586
-0.839
-0.904
-0.924
 1.075
-1.078
-0.572
 0.382
-0.162
-0.125
-0.675
 0.227
 1.003
 0.510
-0.164
-0.006
-0.843
-1.159
 0.150
-0.457
-0.666
-1.402
-1.094
-1.465
-1.367
-0.374
-0.743
-0.504
 0.882
 0.454
 0.363
 0.930
-0.871
 0.729
 0.560
-1.520
-1.445
 1.460
 1.102
-0.302
 0.175
 0.406
 0.583
-0.382
 1.017
 0.861
-0.139
 0.386
-0.706
-0.888
 0.524
-0.812
-1.194
-0.408
-0.593
 0.086
-0.301
-0.643
-0.280
-0.079
-0.336
-1.931
-0.810
-1.138
 0.372
-0.554
 0.845
 0.041
-0.586
-0.835
-0.447
 0.046
 1.063
-0.124
-0.669
 0.243
 0.908
 0.770
-0.658
-0.883
-1.307
 0.562
 1.098
-0.290
-0.424
 0.426
-0.151
 0.083
-1.600
-0.997
 0.204
 0.164
 0.218
-0.061
 0.816
 0.092
-0.174
 0.040
-0.288
-0.779
 0.953
-0.685
 0.197
 1.134
 2.137
-0.266
 0.209
-1.050
-1.258
-0.945
-1.957
-0.027
-0.763
-1.573
-0.459
 0.228
 0.258
 0.600
-0.291
 1.929
 0.139
-0.929
-0.406
 0.346
 0.830
 0.725
-0.095
 1.138
 1.958
 1.162
-0.004
 0.208
 1.541
-0.039
-0.714
-0.727
-0.410
-1.540
-0.528
 1.090
-1.047
-1.808
-0.530
-1.150
-0.951
 0.289
-1.127
-0.577
 0.533
-0.155
 0.669
 0.875
 0.004
-0.845
-0.285
 0.718
 0.181
 0.724
 1.134
-0.310
-0.081
 0.632
-0.322
-0.624
 1.730
 0.558
 1.020
 0.210
 0.303
-1.959
 0.094
 0.266
 0.586
 1.265
 0.014
-1.458
 0.609
-0.181
 0.565
 1.532
 0.617
 0.419
 0.890
 1.899
 0.170
 0.841
 2.263
 1.303
-0.440
 1.890
 2.035
 1.560
 1.521
 0.302
 0.084
-0.043
-1.767
-0.846
 1.348
 0.968
-1.321
 0.080
-0.979
 1.149
 0.871
-0.383
-0.421
 1.051
 1.933
 0.993
 1.281
-0.268
 0.753
 0.404
 0.003
-0.624
-1.011
-0.157
-0.398
 1.101
-1.560
 0.371
 0.352
-0.224
 0.584
-0.142
-0.482
 1.294
 0.500
 1.868
 0.281
 0.669
 0.520
-1.480
-1.185
-1.413
-1.034
-1.439
-0.019
-0.362
 0.438
 1.894
 0.898
-1.643
-0.211
 0.643
 0.600
-0.754
 0.159
 0.840
-0.062
 0.182
-1.242
 0.407
-0.195
-0.479
-1.461
-1.497
-2.937
-1.852
-0.382
 1.175
-0.804
 0.272
 0.564
-0.610
 0.161
-1.484
 0.057
 0.144
-0.208
-0.917
 0.649
-0.197
 1.050
 2.340
 2.153
-0.108
-0.617
-0.468
-0.165
 0.526
 0.854
 1.343
 0.592
 2.600
 1.422
-0.501
 0.993
 2.110
 0.650
 1.117
 0.195
-0.130
-0.447
-0.869
-0.208
 1.016
-0.454
-0.523
 0.198
 2.047
 2.838
 2.668
 1.776
-0.073
 0.807
 0.306
 0.293
 1.067
 0.076
 1.019
 0.563
 0.558
 0.880
-0.690
 0.475
 0.351
 0.215
 0.220
 0.191
-0.946
-1.028
 1.361
 0.300
-0.833
 0.594
 1.625
 0.631
-1.317
 0.518
 0.694
-1.332
-1.362
 1.511
-0.588
-0.331
 1.120
-0.134
-0.158
 1.861
-0.949
 0.687
 1.223
 1.191
 0.148
 1.113
 1.583
 0.415
 0.263
 0.458
-0.830
-0.596
 0.509
 1.450
 1.449
 0.966
 1.552
 0.508
 0.925
-0.798
-1.189
-0.524
-0.313
-0.248
-0.256
 1.238
 1.264
 1.452
 0.540
-0.006
-0.379
 0.593
 1.628
 1.036
 0.860
-0.478
-0.932
 0.057
 0.750
 0.031
 0.669
 0.487
-0.161
-0.054
 0.356
-0.526
-0.649
-0.730
-0.572
 0.945
 0.369
 0.224
 0.805
 1.256
 1.050
-0.217
 0.219
 1.588
 1.201
 1.382
 0.565
 0.879
 0.178
-0.538
-0.254
 0.361
-0.009
 0.505
-0.111
-0.750
-1.147
-0.551
 0.371
 0.379
-0.055
-0.290
 0.197
 0.687
-0.367
-0.518
 0.463
 0.048
 1.228
 0.739
 0.608
 0.764
-0.729
-0.422
-0.038
 0.367
 0.948
 0.471
-0.075
 0.981
 1.162
-0.070
-0.656
 0.373
 0.993
 1.403
 1.304
 0.101
 0.137
 0.116
-1.266
-0.391
-0.605
 0.153
-0.282
 1.231
 1.065
 0.624
 0.368
-0.143
-0.690
-0.034
 0.417
-0.109
-1.157
 0.330
-0.085
-0.109
 0.907
 0.443
 0.383
 0.448
 0.833
 1.014
 0.636
 0.073
 1.105
 1.578
 1.082
 2.040
 1.568
 1.771
 1.129
-0.895
 1.024
 1.920
 1.689
 1.201
 0.759
 1.241
 1.725
 1.518
 1.725
-0.015
 0.638
 0.215
-0.141
-0.222
 0.778
 0.941
 2.764
 2.857
-0.501
 1.164
 1.608
-0.141
 1.158
-0.147
 1.227
-0.107
-0.815
 0.884
 1.756
 1.188
 1.604
 1.620
 0.767
 1.237
 0.945
 1.391
 1.477
 0.976
-0.045
 1.299
 0.425
-0.206
 1.556
-0.420
-0.271
-0.519
 1.169
 2.637
 0.297
-0.178
-1.088
-0.269
 0.623
 0.775
 0.231
 0.026
 0.494
-0.630
 0.156
-0.020
 1.122
 0.540
-0.434
-0.188
 0.885
 0.823
-0.016
 1.750
-0.067
 0.338
-0.704
-0.318
 1.334
 0.290
 0.120
 1.632
 1.308
 0.934
 0.208
 0.518
 0.791
 1.859
 1.665
 0.612
 0.115
 1.871
 1.257
 0.838
 1.040
 0.916
 2.808
 2.900
 2.404
 3.376
 0.412
 1.080
 0.653
 1.073
 0.957
 1.154
 0.722
 0.014
 0.100
 0.737
 0.319
-0.622
 0.471
 2.057
 1.519
 0.490
 1.736
 0.899
 1.431
-0.800
 1.483
 0.285
 0.079
 0.579
-0.305
-0.252
 1.295
 0.123
-0.406
 0.863
 0.835
 0.395
-0.697
 0.562
-0.625
 0.624
 0.505
 1.086
-0.130
 1.215
 0.391
 1.044
 1.197
-0.659
-0.248
 0.998
 0.362
 1.475
 2.053
 1.219
 0.678
 0.355
-0.641
 0.703
 1.731
 0.368
-0.046
 0.693
 0.277
 0.790
-0.019
-0.734
-1.647
 1.196
-0.115
-0.412
 0.312
 1.401
 1.134
-0.588
-0.522
 1.590
 0.367
-1.034
-0.654
-1.635
-0.735
 0.366
 0.448
 1.483
-0.522
-1.740
 0.266
 0.075
 1.495
 0.193
-0.234
 1.503
 0.902
-0.316
 0.110
-0.175
 0.533
 0.423
 0.139
-0.445
-0.102
 0.404
-0.350
-0.387
-0.755
-1.657
-1.465
-0.240
-0.252
 1.720
 0.520
 0.935
 0.071
 0.305
 2.823
-0.381
-0.637
-0.844
 0.676
-1.393
 0.177
-1.244
-0.166
-2.420
-1.881
-2.063
-1.478
-1.343
-1.735
-0.893
-1.242
-0.149
 0.145
 0.655
 0.836
 0.077
-0.459
 0.022
 1.358
-0.735
-0.149
-1.590
 0.581
-0.293
-0.114
-0.420
-2.413
-0.919
-1.173
-0.137
 0.768
 0.092
 0.263
-0.541
-0.320
-0.629
-0.763
 1.302
-2.699
-0.150
 0.254
 0.490
 0.779
-0.610
 0.003
-1