
 1.116
 1.365
 0.100
-0.757
-0.020
-0.137
 0.285
 0.209
 0.221
 0.148
 0.549
 0.044
-0.162
 1.442
-0.684
 0.659
-0.111
-0.317
-0.936
-0.777
 0.074
-1.667
-2.919
-0.953
-0.767
-1.466
-0.069
-0.803
-1.549
-0.643
 0.167
-0.977
-0.050
-0.791
-0.711
-1.412
-0.103
-0.273
-0.208
 1.273
-0.689
 1.175
-0.864
-0.799
-0.051
 0.347
 0.511
 0.351
 0.831
-0.501
 0.064
-0.172
-1.131
 1.294
 0.165
 0.997
 0.071
-0.855
-0.486
-0.251
-1.178
 0.783
-0.236
-0.587
 0.062
 0.691
-1.079
-0.650
 1.574
-0.519
 0.283
-1.356
-1.546
-0.902
-0.188
 0.041
 0.482
 1.122
 0.890
-0.495
 1.218
 1.044
-0.463
 0.053
-0.507
-0.626
-0.649
-0.955
 0.243
 0.453
 0.211
 0.761
 0.845
-0.163
-0.205
 0.972
 0.127
 0.434
-0.679
-0.391
 0.937
 0.028
-0.867
 0.379
 0.289
 0.410
 0.350
 1.822
 0.764
 1.419
 1.035
 1.794
-0.422
-0.670
-0.744
 0.024
-0.442
-0.085
 0.498
 0.223
-0.496
-0.794
-0.816
-0.900
-1.040
-0.248
-1.358
-0.383
-0.095
-0.006
 0.176
-0.224
-1.582
 0.001
-1.309
-1.059
 0.990
 1.471
 0.230
 0.115
-0.026
 0.043
-0.168
-1.050
-1.002
 0.516
 0.934
 0.960
 0.383
 0.314
 0.265
-0.890
-0.454
-0.520
-0.735
-2.757
-2.053
-2.241
-1.531
-2.043
-0.964
-1.259
-1.131
 0.195
-0.547
-1.204
-1.198
-2.344
-0.419
-2.347
-2.799
-1.129
-2.669
-1.219
-2.493
-0.441
-1.081
-1.102
-0.689
-1.636
-0.545
-1.511
-2.573
-0.291
 0.201
-1.691
-2.442
-0.405
 0.338
 0.278
-0.350
-0.526
 0.294
-0.602
-0.317
-1.918
-0.260
 1.527
-0.119
 0.515
 0.058
 0.988
 0.010
-0.068
 1.161
 0.276
-0.787
 0.284
 0.864
-0.494
-0.356
-0.601
-1.565
-0.612
-0.570
-2.613
-1.165
-1.142
-0.666
-2.094
-0.685
 0.494
-0.642
-0.956
-0.820
-1.107
 0.117
-0.544
 1.386
 0.404
-0.375
-1.261
-1.170
-1.709
 0.758
-1.563
 1.046
 0.338
-1.245
 0.583
 0.223
-0.882
-1.040
-1.261
-1.238
-0.958
-1.368
-1.768
-0.644
 0.154
-0.560
-1.290
-0.024
-0.726
 0.698
 1.483
 0.308
 0.375
 1.196
 1.001
 0.291
 1.293
 1.351
 0.351
 1.270
 1.288
 1.077
 1.719
 1.609
 1.973
 1.133
 0.442
 2.420
 1.610
 1.566
 2.212
-0.178
 0.783
 0.463
 0.644
 3.305
 1.444
 0.486
 1.812
 1.668
 2.456
 2.296
 0.991
 0.209
 0.796
 2.787
 2.535
 1.984
 2.876
 1.912
 1.525
 1.818
 0.392
 1.346
 1.402
 1.838
 0.044
 2.150
 2.746
 2.602
 1.960
 1.095
 0.646
 0.890
 1.569
 2.185
 1.864
 2.174
 1.456
 0.822
 0.332
 1.097
 1.503
 1.641
 0.106
-0.142
 0.356
-0.071
-0.015
 0.468
-0.021
 0.462
 1.943
 1.053
 1.488
 0.552
 0.743
 0.138
 0.965
 0.369
 0.307
-0.106
 0.586
 1.084
-0.639
 0.716
 1.140
 0.456
 1.203
 2.295
 1.017
 0.818
 0.702
-0.295
 0.237
 0.982
 0.541
-0.247
-0.155
 0.486
 0.064
 0.236
 0.562
-0.384
-0.388
 0.062
 0.082
-1.767
 0.309
 0.315
-1.031
-0.296
 0.310
-0.027
-0.074
 0.307
-0.405
 0.333
-0.421
 0.275
 0.384
 0.339
 0.686
-0.169
-0.448
-0.668
-1.351
-0.482
-0.450
-0.843
-0.097
 1.078
 1.045
 1.144
 0.686
 0.417
 0.756
 0.229
 0.358
 0.291
 0.253
 0.223
 1.300
-0.383
-0.865
 0.745
-0.811
 1.128
 1.140
 0.383
-0.689
 1.122
-0.053
-0.356
-0.289
-0.866
-0.318
-1.751
-1.454
-0.254
-0.617
 0.311
-0.014
 0.582
-0.744
-1.819
-1.837
-0.138
 0.576
 0.021
-0.200
 0.898
 0.670
-0.467
-0.233
-0.166
 0.275
-0.570
-0.289
-0.457
 0.385
 1.300
 2.549
-0.037
 0.521
-0.616
-0.949
 0.729
 1.345
-0.159
-0.254
-1.280
-0.419
 0.341
-0.343
-1.214
-0.805
 0.916
-0.147
 0.247
-2.751
 1.222
 0.481
 1.361
 0.585
-0.827
 1.942
 1.276
 0.718
 0.262
-0.247
 0.175
 0.120
 0.189
 0.069
 0.215
 1.137
-0.785
-0.243
-1.116
 0.539
 0.108
 0.654
-0.802
 0.725
-1.085
 0.943
-1.731
-0.701
 0.580
 0.070
-0.230
 0.552
 1.586
 0.910
-0.995
 0.106
 0.151
-0.858
 0.106
-0.685
-1.346
-0.363
 0.301
 0.942
 2.229
 0.114
 0.351
-1.350
-0.292
-1.691
-0.687
-1.056
-0.117
 0.272
-0.180
 0.786
-0.363
-0.568
-0.691
-0.826
-0.846
-0.250
-0.979
-1.112
-0.178
-0.492
-0.267
-0.300
-0.383
 0.710
 0.474
-1.036
-0.297
 0.369
 0.217
-0.622
-0.031
 1.482
-0.426
-0.149
 0.096
-0.245
-0.116
 0.641
 1.007
 0.640
 1.554
 0.402
 0.052
 1.203
 0.671
-0.779
-1.199
-0.403
 0.693
 0.404
-0.335
-1.266
-0.262
-2.424
-0.965
-0.647
-0.917
-0.341
-1.829
 1.665
-0.908
 0.178
 0.240
 1.951
 0.277
 0.777
 0.665
 0.640
-0.555
 0.390
-0.551
-0.165
-0.069
-0.324
-0.744
-0.829
-1.319
 0.117
 0.115
-0.255
-0.239
-0.439
 0.770
 0.017
 0.062
 0.345
 1.492
 0.220
 1.334
 1.358
 1.166
 2.248
 2.658
 1.476
 1.015
-0.178
 1.095
 2.662
-0.115
-1.062
 0.963
 0.321
 0.531
-0.706
-0.939
 0.688
 0.739
 0.364
-0.101
 0.569
-1.154
-0.395
-0.661
 0.596
-0.035
-0.193
-0.124
-0.211
 0.081
-1.026
-0.164
 0.982
 0.570
 0.336
 0.146
-0.200
-0.182
 1.864
 1.547
 0.360
-0.292
-0.788
-1.524
 0.282
 0.636
 0.672
 1.527
 1.015
-0.624
 0.675
-0.384
-0.329
 1.014
 0.377
 1.100
 2.039
 1.766
 0.939
-0.374
 0.267
 0.310
-0.472
-0.069
 1.599
-0.167
 0.356
 1.012
 0.472
 1.247
 0.254
 0.630
-0.968
-0.911
-0.924
 0.795
-0.295
-1.019
-1.155
 0.068
 0.904
 0.872
 0.358
-0.212
-1.214
-0.030
-0.662
 2.134
 0.103
 0.116
 0.432
 1.503
 0.822
 0.402
 0.166
-0.725
-0.328
-0.879
-1.266
-0.833
 1.647
 0.294
-0.354
 0.022
-0.267
 0.713
 0.485
-0.115
 1.445
-1.956
-1.870
-0.268
-2.251
-1.219
-0.225
-1.220
-0.233
 0.104
 0.962
 0.833
-1.028
-1.100
-1.600
-0.691
-2.016
-1.690
-2.052
 0.266
-0.770
-0.583
-0.424
 0.050
-0.321
-0.015
-0.475
-0.646
-1.558
-1.867
-0.719
-1.019
 0.792
 0.515
-0.586
-0.377
-0.815
 0.102
-0.108
-2.314
-2.661
-2.124
-1.816
-0.588
-0.489
-2.065
-1.690
-0.472
-1.244
-0.067
-1.686
-0.308
-0.628
-1.166
-1.173
-0.350
-0.539
-0.570
-1.181
-1.225
 1.045
-0.235
 0.368
 1.257
-0.308
-0.716
-0.276
 1.144
 0.730
 0.707
 0.595
 0.297
-0.561
 0.216
 0.845
-0.798
 0.188
 0.331
 0.277
 1.135
 1.205
 1.356
-0.118
 0.558
-0.519
 0.202
 1.185
 0.032
-0.976
-0.582
-1.176
-0.069
-0.065
-2.231
-1.589
-1.646
-1.589
-0.634
 0.073
-0.570
-0.817
-0.608
-1.527
 1.094
-1.292
 0.457
-0.760
-0.309
-1.152
 0.129
-0.735
 0.541
-0.900
-0.388
 0.662
-0.098
 0.651
 1.368
 1.708
 0.789
 2.043
 3.155
 1.750
 0.752
 0.502
-0.092
 1.065
-0.031
 0.413
 1.344
 1.679
 1.363
-1.052
 0.354
-0.229
 1.471
 2.597
 1.125
 0.403
-0.021
 0.146
-0.420
-0.680
 1.452
 0.810
 0.917
 1.649
 1.921
 0.045
 0.475
-1.004
-0.824
-0.468
 1.369
 0.513
 0.605
 0.532
-0.221
 0.180
-0.601
-0.939
-1.810
-0.703
 0.178
 1.431
-1.056
-0.693
 0.527
 0.602
 0.448
 0.228
-0.918
-1.875
-0.174
-2.123
-0.636
 0.206
-0.768
-1.319
 0.044
 0.587
-0.858
-0.392
-0.860
-0.265
-1.096
-0.031
-1.759
-0.526
-1.170
-0.017
 0.851
 0.905
-0.571
-1.333
-0.247
 0.638
-0.791
-1.555
-0.377
 1.092
 0.916
 0.567
 0.588
-0.089
-0.894
 0.001
 0.280
 0.851
-0.374
-1.351
-1.058
-2.435
-1.281
-1.246
-1.559
-0.857
 0.321
 0.513
 1.239
-0.275
 0.617
-1.113
-0.048
-0.215
-0.986
-0.142
 1.283
-1.351
 0.845
-0.506
-0.568
-0.328
-1.157
 0.705
 0.968
-1.421
-0.520
 0.135
-0.604
 1.245
 1.470
 0.717
-0.017
 0.293
 0.318
 0.385
 0.603
 1.323
 0.600
-0.391
 0.360
-1.234
-1.501
-0.613
-1.579
-1.447
-0.352
-0.655
 0.491
-2.089
-1.511
-0.841
-1.610
 0.206
-0.169
 1.076
-0.293
-1.361
-2.003
-1.980
-1.552
-1.582
-0.852
-0.011
-1.406
-2.159
-1.503
-0.928
-0.465
 0.813
-1.071
 0.701
-0.332
-1.032
-0.929
-0.347
-1.139
-0.512
 0.851
-0.976
-0.635
 1.401
 0.018
-0.869
 0.315
 0.952
-0.142
 1.425
 2.184
 0.478
 0.314
 0.373
 0.516
-0.170
 0.598
-0.711
-1.286
-0.513
-1.264
 0.717
-0.282
-0.046
-0.520
 0.476
 0.311
-0.171
-1.184
 0.425
 0.735
 0.546
 0.095
-0.005
 1.088
 0.127
 0.180
-0.614
 0.530
-0.857
-0.660
 0.120
-0.894
 0.432
-1.391
-1.085
-0.260
 0.473
-1.473
 0.285
-1.261
-0.181
 1.478
 0.966
 0.761
-0.392
 1.304
 0.451
-0.057
-1.315
-1.295
-0.001
-0.474
 0.587
 0.481
 0.428
 1.267
 0.477
-0.270
 0.041
 1.160
-0.362
-0.286
 0.188
-0.449
 0.606
-0.392
-0.092
-0.702
-0.426
-0.500
-0.104
-0.484
-2.917
-1.701
-2.367
-0.634
-1.525
 0.264
 0.958
-0.890
-1.432
-0.720
 1.039
-0.416
-1.531
-1.396
-1.582
-0.254
 0.094
-0.473
-0.720
-0.314
-0.473
 1.396
 1.459
 1.082
 0.928
 0.216
 0.484
 0.521
-0.150
-0.735
-0.885
-0.199
 0.495
-1.175
-0.193
 1.606
-0.086
 0.641
 1.148
-0.670
 0.759
-0.913
 1.311
-0.646
-1.179
-0.780
-0.813
 0.162
-1.060
-1.632
-2.329
-1.574
-0.167
-1.628
 0.011
-0.236
-0.880
 0.380
-1.284
-0.801
 0.657
-1.008
 0.175
 0.781
-1.452
-0.458
-0.973
-1.792
-1.107
-1.278
-0.918
-0.746
-1.379
 0.179
-0.433
 0.007
 0.120
 1.082
 0.718
-0.430
-0.762
-0.248
-0.793
-0.405
-1.242
-1.086
-0.772
 0.168
 0.486
-0.283
-1.090
-0.370
-1.214
-0.461
 2.140
 1.300
-0.546
 0.413
 0.919
 0.313
 0.142
-0.131
 0.968
 1.605
 1.682
-0.252
-1.013
 0.158
 1.420
-0.919
-0.564
-0.440
 1.084
 1.162
-0.034
 1.222
 0.797
-0.572
-0.833
-0.398
 0.235
-0.429
 0.144
 1.095
-0.124
 0.409
 0.363
 1.948
 1.801
 1.340
 0.485
 0.044
 1.635
 0.116
 0.090
-0.485
-0.459
-0.642
 0.890
 0.037
 0.028
 1.279
 0.497
 1.812
 2.369
 2.430
 2.139
 0.027
 0.365
 0.295
 0.712
 1.654
-0.094
-0.171
 0.206
 0.096
 0.094
-0.520
 2.173
 1.506
 2.016
 1.803
 1.497
-0.383
-0.195
 0.268
 1.998
 2.113
 1.387
-1.304
-0.582
-0.047
 1.973
 0.626
 1.314
 0.293
-0.401
 0.057
-0.386
 0.055
 0.432
 0.499
 2.259
-0.121
 1.203
 1.274
-0.480
 0.288
 0.297
 0.122
 0.333
 0.200
 1.211
-0.709
-1.843
-0.688
-0.226
 0.834
 1.926
 1.110
-0.061
 1.333
 0.470
 1.954
 1.798
 1.428
-0.116
 0.318
 1.083
 0.182
 0.622
 0.832
-2.384
-0.655
 0.401
-1.332
-0.865
 0.362
-0.383
 0.639
 0.311
 0.428
 0.350
 0.147
 1.662
-0.062
-0.420
 0.843
 2.525
 0.673
 0.347
 0.469
 0.338
 1.399
 0.838
 0.970
 1.301
 1.007
 1.926
-0.043
 0.153
-0.605
-0.370
-1.329
 0.023
-1.223
-0.380
 0.241
 0.671
 1.337
-1.829
-0.370
 0.456
-1.624
 1.165
 1.805
-0.218
 0.133
-0.393
-0.936
 0.378
-1.974
-1.904
-1.330
 0.175
-0.552
-0.796
-0.779
 0.007
 0.788
 0.922
 1.463
 1.110
 1.003
-1.462
-0.450
-1.193
-0.325
-0.201
 0.700
-0.819
-0.678
-1.161
-0.689
-1.100
-0.883
-1.233
-1.702
-1.456
 0.248
-0.833
-0.306
 1.090
-0.407
-1.083
-1.163
-0.821
-0.127
 0.003
-0.485
 0.846
-1.377
-1.274
-1.942
-0.804
-0.621
-1.781
-0.381
-0.229
-0.640
-1.435
-2.076
-0.670
 0.113
-0.150
-0.927
-0.952
 0.456
 0.540
-0.824
-1.582
-1.714
-1.932
-1.037
-0.466
-0.133
 0.505
-0.076
 1.196
 0.763
-0.344
-1.301
-0.346
 1.437
 0.305
 0.890
 0.499
 0.486
 0.648
 0.436
-0.126
-0.499
-0.351
-1.430
-1.132
-0.393
-0.735
 1.346
 0.249
 0.492
 2.162
 1.908
 1.258
 0.114
-0.207
-0.396
-0.203
-0.417
-0.621
-0.355
-1.215
 0.130
-1.319
 0.581
-1.208
-0.884
-0.975
 0.787
-0.663
-1.888
-3.245
-0.976
 0.776
-0.099
 1.039
-0.409
-1.560
-0.741
 0.257
 0.991
 0.498
-0.526
 2.301
 1.698
 0.650
-0.488
 0.430
-0.176
 0.890
 0.690
 1.177
-0.239
-0.698
 0.756
 1.283
 1.646
 0.159
-0.314
-0.368
-1.010
-3.028
-0.778
-1.152
-0.487
-0.922
-1.111
-0.372
 0.718
 0.953
-0.024
-1.225
-0.508
-0.106
-0.406
-0.575
 0.423
 0.187
-0.264
-0.243
 0.072
-0.008
 1.141
 1.052
-0.638
-1.424
-0.203
 0.722
-1.550
-0.461
-0.415
-1.037
 0.381
-0.512
-1.379
-0.980
-0.249
-1.135
-1.186
 0.113
 0.422
-1.191
-0.695
-0.992
-1.125
-1.179
-1.534
-0.261
-0.305
-0.624
 0.848
 1.579
 1.603
 0.027
-0.097
-0.368
-0.673
 0.109
 0.268
 0.498
 2.207
 1.540
 1.044
-0.490
 0.148
 0.270
 0.359
-0.087
 0.339
 1.622
 1.623
 1.701
 0.342
 0.775
-0.571
 0.412
 1.567
-0.902
 0.574
 0.672
-0.047
 0.257
 0.315
-0.947
-0.005
 0.854
 0.325
 0.344
-1.164
-0.880
-0.847
-0.309
-3.048
-1.968
-0.636
-1.823
-1.065
-0.488
-0.612
-0.241
 0.243
 0.971
-2.817
-0.233
-0.822
-0.285
 0.729
 1.311
-0.347
 1.630
-0.297
-0.962
-0.377
-0.997
 0.977
 0.030
 0.330
 0.298
 1.355
 1.049
 1.535
 1.975
 2.883
 0.488
 0.621
 0.681
-0.309
 0.240
 0.195
 0.993
-0.132
 0.310
 0.244
-0.094
 0.944
-0.511
 0.191
-0.276
 0.042
 1.265
-0.061
 0.477
 1.728
 1.162
 0.674
-0.433
 0.381
 0.008
-0.322
 0.314
-0.616
-0.359
 0.448
 0.345
 1.120
-0.152
-0.688
-0.464
-0.845
-0.625
 0.210
-1.348
 0.484
 0.454
 0.298
-0.581
 0.290
 0.768
 0.868
-0.626
 0.226
-0.274
-0.020
 0.178
 1.053
 0.656
 0.127
-0.576
 1.216
 0.511
-0.667
 0.589
-0.585
 1.230
 0.101
-1.426
-0.078
 0.769
-0.844
 0.082
-0.872
 0.150
-0.510
 1.535
 0.699
 0.318
-1.334
-0.778
 0.264
-0.314
-1.002
-1.037
 0.473
-0.864
-0.336
-0.494
-0.286
-0.724
-0.715
-0.788
 0.643
-0.220
 0.368
-0.892
 0.109
 0.202
 0.756
 0.317
 0.478
 0.827
 0.752
-0.038
 0.620
-0.154
-0.005
 0.793
 0.466
 1.817
 1.270
 1.252
 1.988
 1.008
 1.333
 1.191
-0.452
-0.711
-0.867
-1.564
-0.541
 0.261
 0.065
 1.269
 0.193
 0.403
 1.014
-0.107
 0.219
 0.302
-0.166
 0.812
-0.116
 0.120
-1.080
-0.530
 0.175
-1.261
-2.581
-0.941
 0.159
-0.679
-1.503
-0.039
 0.205
-0.354
 0.114
-0.252
 0.984
 0.059
-0.104
 0.459
 1.307
-0.125
-0.739
-0.660
 1.566
 0.392
 0.402
-0.108
 0.092
-0.618
-0.696
-0.911
-2.289
-0.871
-1.194
-0.167
 0.139
 1.021
 0.553
 0.868
 0.667
 0.120
 0.305
-1.121
-0.913
-0.894
-0.682
 0.521
-0.230
 0.492
-0.167
 0.250
 1.350
 0.833
 1.192
 0.615
 0.119
 0.649
 0.503
-0.374
 0.639
 0.857
 1.406
 0.545
 1.003
 0.862
 0.080
 0.305
 0.038
-0.330
-0.216
-0.021
 1.123
 0.802
-1.329
-0.528
-0.823
-0.680
 0.922
 0.063
 0.141
 0.254
 1.231
 0.360
 0.141
 0.481
 1.394
 1.464
 0.644
-0.199
 0.692
-0.097
-0.053
 1.262
 0.426
 0.763
 0.993
 0.071
 1.229
 0.875
 2.520
 1.196
 1.867
 0.319
 0.343
 0.365
 0.964
 0.378
 0.119
 0.416
 0.344
 1.373
 0.296
 1.937
 0.001
 1.506
-0.078
 0.085
-0.266
 0.070
 0.181
-1.510
 0.151
 1.054
 0.569
-0.813
-0.875
 0.645
-0.801
-0.364
 0.009
-0.882
-0.203
-0.242
 0.578
-0.171
-0.316
-0.389
 0.360
 0.030
 0.202
 1.446
 0.170
 0.691
-0.126
-0.175
-0.862
 0.600
-0.695
 0.875
 0.206
 1.348
-0.570
 0.980
 0.149
-0.192
-0.369
-0.921
 0.229
 0.670
 0.312
 1.274
 1.605
 0.399
 0.445
 2.573
 1.406
-0.008
 0.913
 1.850
-0.121
 0.342
 1.119
-0.934
 1.851
 0.913
 0.882
 0.502
-0.276
 0.972
 0.195
 0.018
 0.600
 1.494
 0.988
 1.520
-1.230
 1.438
 1.022
 1.089
 2.301
 1.801
 1.987
 1.679
 2.012
 1.202
 0.751
 1.111
 1.469
 0.126
 0.276
 0.696
-0.162
 0.863
-0.162
 1.824
 1.938
 2.453
 1.043
 1.508
 0.675
 1.257
 0.958
 0.567
 0.655
 2.156
 1.104
-0.018
 1.040
 1.089
 0.857
 0.320
 1.354
 1.114
 0.144
-0.512
-1.229
 0.658
 1.539
-0.670
 1.253
 0.108
 0.060
 0.823
 1.471
-1.038
 2.821
 2.096
 1.969
 0.808
-0.044
 0.908
-0.549
 0.401
-0.501
 0.148
 1.163
 1.122
 1.227
 0.726
 0.821
-1.432
-0.309
-1.083
-1.755
-0.625
 0.034
 0.225
 1.115
 0.033
 0.440
-0.977
-0.671
-0.467
 0.565
-0.292
-0.151
-0.429
-0.242
-0.444
-0.097
 0.546
 0.006
-0.492
-0.554
-0.537
-0.031
-1.327
-1.060
-1.024
 0.074
-0.432
-1.007
-0.940
 0.207
 0.459
-0.142
 0.625
-0.226
 0.967
-0.202
-1.735
-0.123
 0.161
 0.418
-0.272
-0.409
-0.690
-0.262
 1.476
-0.280
 0.333
 0.291
 0.095
-0.576
-0.316
 0.217
 0.961
-0.429
 0.541
 1.768
 0.181
 0.640
 0.940
 1.560
 1.691
 1.901
 2.277
 1.260
 0.851
 0.234
 0.736
 1.229
 1.816
 0.722
 1.197
 2.063
 1.083
-0.238
-0.758
 0.756
 0.086
-0.788
-0.936
 0.672
 0.121
-0.320
 0.422
-0.396
 0.606
-0.002
 0.333
-0.767
 1.486
 0.374
-0.171
 1.373
 0.720
 0.315
 2.233
 1.497
 1.688
 0.513
 0.351
 1.373
 0.435
 1.177
 1.481
 0.741
 2.470
 0.853
 2.666
-0.529
 0.057
 0.154
 0.815
 1.758
 0.282
-0.431
-1.900
 0.297
 0.795
 0.687
 0.760
-0.292
 1.631
 1.003
 1.796
 0.694
 1.962
 1.568
 2.084
 0.888
 0.463
 1.694
 0.748
 0.817
-0.051
 0.309
 0.506
-0.308
 0.379
 0.369
-0.195
 0.424
-0.270
 0.790
-0.049
-0.061
 0.983
 0.673
 0.438
-0.607
-0.183
-0.598
-1.223
-0.654
-0.556
 1.046
 0.833
 0.700
 0.711
 1.014
-0.697
-0.209
-1.191
 0.212
-0.291
-1.677
-1.060
-1.296
 0.432
-0.446
-1.772
-1.510
-1.441
 0.536
-0.315
-0.709
-0.155
 0.315
 0.658
-0.349
 0.491
 1.223
-0.451
 1.325
 0.832
 0.286
-0.856
-0.125
-0.501
 0.644
-0.512
 0.024
-0.518
-1.107
-1.133
-1.950
 0.745
-0.636
-0.118
-1.740
-0.507
-0.911
 0.612
-0.724
-0.325
 0.453
 0.468
 0.672
 2.394
 3.136
 1.048
-0.565
-0.477
-0.801
 0.400
-0.798
 0.405
 1.404
 0.321
 0.756
 0.218
-0.159
-0.071
-0.482
 1.075
 2.420
 0.716
 0.544
 0.942
 1.177
 1.283
 0.937
 0.463
 1.046
 0.357
 0.248
 0.508
 0.032
 0.709
-0.914
 0.754
 0.111
 1.218
 1.397
-0.161
 1.480
-0.522
 0.174
-0.493
-0.766
-0.342
 0.399
-0.541
-0.391
-1.101
-0.131
-0.426
-1.260
 0.380
-0.525
-0.735
-1.224
-0.715
-0.139
-0.458
 1.566
 1.270
 1.180
 0.512
 1.466
-0.247
 0.664
 2.558
 0.096
 0.799
 1.478
 1.106
 1.649
 1.371
-0.122
 0.605
-0.647
 0.129
 0.430
 0.542
 0.613
-0.081
 0.256
 0.255
-1.031
 0.463
 0.518
 0.546
-1.596
-1.169
-1.591
-1.006
 1.623
 0.150
 0.011
 0.503
-0.497
-1.046
-0.012
-0.989
-0.644
 1.669
 1.355
 1.977
 1.960
 0.222
 0.708
 0.786
-0.531
 0.622
-0.040
-0.038
 0.606
 2.317
 0.543
 1.063
-0.118
 0.796
-1.552
 0.583
-0.845
-0.368
 0.884
 1.155
 1.807
 0.872
 0.412
-0.187
 1.150
 1.173
 0.863
 1.220
 2.032
 0.840
 0.743
 0.584
 2.463
 0.622
 1.371
 1.428
-0.586
 0.393
 1.213
 0.454
-0.375
 0.109
-0.541
 0.145
 1.475
 1.431
 1.577
-1.608
-0.363
 0.431
 0.629
 0.526
 1.297
 0.689
 0.013
 0.466
 0.694
-0.479
 0.148
 0.058
-0.894
-0.991
-0.634
-0.650
-0.382
 0.016
-0.641
-0.120
-0.751
 0.786
 1.827
 0.100
 0.128
 0.635
 0.034
-1.085
-0.269
 0.834
 0.998
 0.452
-1.527
 0.624
 0.803
 1.880
-1.268
-1.013
-0.650
 2.141
 0.828
 0.793
-0.298
-0.631
-0.169
-0.562
 0.000
 0.708
-1.136
-0.196
 1.088
-1.496
-0.764
 0.388
 0.740
 1.187
 2.050
 1.697
 1.403
 0.102
-0.120
-0.766
-0.650
 1.420
 1.888
 0.551
-0.852
 0.712
-0.075
-0.369
 0.319
 0.285
 0.112
 0.952
-0.488
-0.372
-0.558
-0.275
 1.115
 1.092
-0.225
 1.384
 1.608
 2.886
 0.091
-1.530
-0.115
 0.310
 0.212
 1.043
 0.568
 1.673
-0.296
 1.336
 0.624
 0.023
-0.549
-0.807
-0.174
 1.137
 1.172
 2.371
 0.232
 0.583
 1.384
-0.421
-0.007
 2.254
 1.606
 0.393
-0.100
 0.704
 0.337
 0.034
-0.156
 1.053
 1.377
-0.154
 0.270
 0.690
 0.518
 0.775
 1.360
 0.787
-0.090
 1.165
-0.372
-0.453
 0.195
-0.020
-0.734
-1.005
-0.553
-1.055
 0.003
 0.382
-0.561
-0.485
-0.881
-0.360
-0.002
 1.555
 0.813
 0.883
 0.685
 1.439
 0.359
 0.283
 1.284
 1.081
-0.081
 1.343
 1.201
 0.594
-0.198
 0.578
 0.123
 1.908
 1.484
 0.570
 0.808
-0.363
 1.695
 0.585
-1.187
 0.110
 1.083
 0.211
 1.104
 0.120
 1.692
 1.792
 0.495
 0.515
-0.053
 0.706
 2.251
 1.018
 1.604
 0.604
-0.486
-0.373
 0.172
 0.031
-0.743
-1.141
-0.837
-0.297
-0.812
-0.285
 0.382
 0.444
 0.817
-0.110
-0.322
-0.099
-0.039
-0.123
-0.040
-1.733
 0.272
-0.367
-2.179
-2.026
 0.268
-0.717
-1.429
-1.779
-0.735
-2.224
-1.345
 0.899
-0.076
-0.350
-0.011
-0.427
-1.526
 0.014
-0.113
 0.197
 1.153
 0.404
-0.826
 0.062
 0.387
-0.286
 0.471
-0.117
-0.758
 1.174
 1.032
 0.149
-0.495
 0.844
-0.857
 0.092
 0.502
-1.851
-0.886
-2.467
-1.961
-1.419
-1.392
 0.882
 1.023
 2.101
 0.946
 0.468
-0.230
 0.216
-1.438
 0.516
-0.384
 0.126
-1.588
-0.098
-1.472
 0.174
 0.139
-0.723
-0.629
-1.082
-0.287
-0.315
-0.523
-1.132
-0.968
-2.546
-0.830
-1.364
 0.311
-0.577
-2.176
 0.141
-1.027
-1.071
-0.574
-1.190
 1.062
 0.426
-0.499
-0.572
-0.043
-1.030
-1.922
-0.289
-0.744
 0.767
-0.083
-1.022
-1.110
-0.503
 0.301
-1.300
-0.657
 0.302
-0.330
 0.030
-0.213
 0.532
 1.517
 0.882
 0.177
 0.135
 0.552
-0.460
-0.571
 1.506
 0.557
-0.206
-0.693
 1.174
-0.551
-0.976
-0.592
-1.706
 1.004
-0.538
-0.106
-0.049
-0.325
 1.044
 0.873
 0.675
-0.099
-0.291
-1.497
-0.701
-0.118
-0.042
 0.936
 1.485
 0.323
-0.531
-0.020
-0.354
 1.497
 0.829
-0.164
 0.577
 0.578
 0.592
-0.136
-0.032
-1.208
-0.649
-0.046
 0.585
 1.525
 0.475
-0.835
-0.644
-0.222
-1.294
-0.789
-1.134
-0.281
-1.660
-0.694
 1.087
 1.256
-0.371
-1.956
-0.118
 0.485
-0.031
 1.022
-0.232
-0.668
-0.893
-0.431
-1.913
-0.447
 1.065
-0.265
-0.685
 0.658
 1.755
 0.246
 0.967
 0.224
-0.785
-1.168
-0.099
-0.716
-0.714
-0.794
-1.161
-0.138
 1.769
 0.513
 0.121
-0.429
-1.702
-1.418
 0.782
 0.585
 0.737
 0.471
-0.398
-0.501
-1.373
-0.992
-0.827
-0.870
-2.872
-1.165
-1.640
-0.703
-0.157
-0.555
-0.983
-0.175
-1.083
-1.463
-0.616
-0.672
-0.688
-0.865
-2.171
-0.169
 1.407
 0.252
-0.424
 0.532
 0.134
-1.304
 0.455
-0.712
-1.244
-0.950
-1.775
-0.230
 1.285
 0.754
 0.529
 0.559
 1.293
 1.349
 1.508
 0.498
-1.466
 0.256
-1.039
-0.181
 0.718
-2.042
-0.809
-1.364
-0.765
-0.089
-1.398
-0.450
-1.672
-0.093
 1.304
 0.637
-0.154
-0.927
-1.551
-1.647
-1.216
 0.731
-0.518
 0.457
 1.189
-0.117
-0.752
 0.684
-2.052
 0.054
-0.482
-0.200
 0.283
-1.307
 0.736
-0.976
-0.155
 0.250
-1.374
-0.193
-0.071
-0.024
-0.526
-0.726
 0.515
 1.174
-0.321
-0.377
-0.023
 0.695
-0.281
-0.532
 0.014
-1.395
-0.236
-0.824
-0.647
 0.754
-0.579
 0.891
-0.286
 0.613
-0.597
-1.242
-1.112
 0.073
-0.272
 0.207
 0.473
-1.175
-1.297
-0.906
-0.134
 0.510
-0.086
 0.556
 0.247
-0.722
-0.707
-0.148
 1.288
 0.784
-0.103
 1.481
 0.293
 1.024
 1.091
 1.758
 2.445
 1.386
 1.073
 0.310
-0.254
-0.238
 1.998
 0.221
 1.579
 1.733
-0.026
 1.885
-0.161
-0.496
 0.283
-1.393
 0.681
-0.742
-1.343
 0.206
 1.162
 1.475
 0.899
-0.389
-0.654
-0.831
-0.078
-0.379
-0.853
 0.428
 0.305
-0.829
-0.702
-0.237
 0.071
-0.155
-0.731
-1.381
-0.219
-0.434
 0.692
 0.172
-0.623
 0.171
 0.025
-1.312
-0.588
 0.611
 0.366
-0.063
 0.394
-0.809
 0.831
 1.496
 2.235
 0.141
-0.917
 0.892
-0.070
 1.248
 1.583
 1.446
 2.248
 1.371
 1.731
 0.614
-0.643
 0.720
 1.972
-0.064
 2.393
 2.231
-0.334
-0.223
 0.740
-0.139
-0.074
-0.965
 1.089
-1.193
-1.990
-0.465
-1.130
-1.421
 0.614
 1.444
-0.316
 0.513
 0.970
 0.076
-0.968
-0.635
 0.837
-0.633
-0.146
-0.949
-0.937
-0.044
-0.384
 1.182
 1.673
-0.827
-0.162
-0.694
-1.227
 1.074
 1.168
 0.566
 1.212
 2.047
-0.446
-0.678
-0.468
-0.868
 0.098
 0.414
-0.818
-0.204
 0.619
 0.242
 0.049
 0.787
-0.129
 0.498
 1.145
 1.514
-0.139
 1.848
 0.671
 1.118
 2.986
 1.612
 0.585
 1.190
-0.825
-0.680
-0.621
 0.291
 0.234
 1.648
 2.171
 0.635
 2.051
 1.335
-0.652
 1.328
 1.180
 1.110
 2.238
 0.698
-0.353
 0.928
 1.561
 1.826
 1.760
 0.536
-0.256
 0.497
 0.745
 0.129
 1.640
 1.057
 0.664
-1.411
 0.351
-0.058
 0.783
 0.092
 1.077
 1.618
 1.764
 0.915
 2.168
 0.899
 0.820
 1.160
 1.079
 1.002
 0.182
 0.590
 0.492
 1.503
 0.972
 0.791
 1.538
 0.633
-0.092
-0.523
-0.185
 0.461
 1.752
 0.867
 1.597
-0.358
 0.010
 0.814
-0.574
 1.735
 0.381
 0.675
 1.024
-0.461
 0.295
-0.128
 0.292
-0.889
 0.885
-0.771
-0.383
-0.745
 0.596
 0.013
 1.044
 0.005
 0.450
-0.230
 1.379
 1.660
 0.441
 1.001
 1.065
 0.981
 0.782
 2.067
 2.438
 2.330
 0.941
 2.165
 1.922
 1.269
 0.538
-0.025
 1.292
 1.720
-0.051
 1.128
 1.561
 0.025
 1.022
 1.465
 2.348
 0.793
-0.355
 1.883
 0.580
-0.074
 0.816
 0.894
 0.613
 1.014
-1.381
 0.973
 0.805
-0.525
 2.542
 0.727
 0.539
 1.081
 0.570
 1.998
 0.825
 1.191
 2.299
 1.069
 0.741
 0.763
 2.519
 3.067
 0.139
 0.899
-0.349
-0.006
 1.566
-0.019
 1.247
 1.092
-0.660
 0.324
-0.053
-0.107
-0.524
 0.909
 1.621
 2.053
 0.951
 1.219
 1.097
 0.182
 0.297
-0.765
-1.267
-0.724
-1.842
-1.509
-1.036
-0.141
-0.287
 0.806
 0.760
-1.516
 0.117
 1.706
 1.623
 0.141
 0.878
 1.979
 0.167
 1.210
 0.999
-0.061
-0.695
-0.548
-0.526
-1.317
-1.534
 0.341
-0.357
-0.615
-1.045
 0.198
-0.700
-0.433
-0.203
-1.938
-1.507
-1.882
 0.199
-0.431
-1.298
 0.496
 0.110
 0.925
 0.132
 0.047
-0.888
 0.003
 0.171
-0.268
-0.786
-1.063
 0.489
-0.280
-0.598
-1.119
 0.133
 0.260
 2.278
 0.673
 1.030
-0.190
-0.768
-0.387
-0.128
 0.263
-0.426
-0.659
-1.101
-0.286
 0.378
-0.923
 0.231
 1.268
 0.753
-1.144
 2.050
 1.557
 1.907
 0.916
 1.921
 1.043
 0.845
 1.032
 1.946
 1.052
 0.249
-0.146
 0.829
 1.323
 1.087
 0.803
 0.533
 4.058
 2.620
 1.114
 0.479
 1.501
 0.560
 1.079
 0.136
 0.238
 0.158
 0.279
 1.755
 1.392
 2.416
 1.402
-0.276
-0.536
-0.242
-0.878
 0.065
 1.871
 1.601
 1.310
 0.496
 2.000
 0.332
-0.744
 1.119
 0.411
 0.961
-0.517
-1.174
-0.125
 2.079
 0.644
-0.373
 0.659
 1.053
 0.471
 0.273
 0.510
-0.095
-0.590
-0.406
 0.979
 0.277
 0.132
 0.452
 0.096
-0.611
-0.352
-0.660
 1.006
 0.983
-1.048
-1.357
-0.418
-0.375
-0.112
 0.158
 0.342
 0.756
-0.570
-1.740
-0.816
-2.050
-0.683
-1.153
-0.914
-1.667
 0.105
-1.294
-0.328
-1.145
-1.495
-0.750
-1.454
 0.381
 1.390
-0.553
 0.148
-1.432
 1.106
 0.669
 0.415
 1.188
 0.810
-0.211
 1.845
-0.530
 0.726
 0.714
 0.352
-0.767
-0.183
-0.240
 0.335
 0.781
 0.216
 0.083
 0.844
 0.875
 1.470
 1.609
 1.533
 0.114
-0.837
-0.357
 0.527
 1.557
-0.179
 0.094
 0.896
-0.067
 0.833
 0.679
 0.093
 0.581
 0.870
-1.728
-0.924
-0.140
 0.173
 0.365
-0.038
-0.941
-0.668
 0.452
-0.336
-1.677
 0.323
-0.681
-1.147
 0.049
 0.264
 0.108
 0.167
 1.750
 0.822
-0.993
-0.987
-2.167
-2.070
 0.975
 0.989
 0.527
-0.101
 0.313
-0.703
-0.786
-0.965
 0.140
-1.064
-0.784
 0.117
 0.456
-1.464
 0.933
 1.256
 1.684
 2.090
 0.831
-0.221
 1.393
 0.293
 1.555
-0.147
 0.657
 1.508
 1.047
 0.676
-0.323
-1.715
-1.027
 0.122
-0.114
-1.221
-1.041
 1.079
 0.407
 0.289
-1.236
 0.264
 0.471
 0.457
-0.259
-0.142
-1.300
-0.123
-0.284
 0.058
-0.485
-0.888
 1.224
-0.979
-0.010
 0.866
-0.298
-0.084
-0.724
-0.242
-0.075
-0.125
 0.140
-0.087
-0.641
-1.056
-0.704
 0.828
-0.145
 0.174
 0.274
-0.729
-0.802
-1.008
-2.411
-0.225
-0.543
-1.497
-0.783
-1.985
-0.510
-1.343
-1.670
-1.346
-1.149
 0.069
-0.987
-2.454
 0.759
-0.141
-0.235
-1.059
-1.215
-1.277
-0.511
 0.103
-0.308
-0.850
 0.616
 0.112
 0.254
-0.203
-0.262
-0.860
-1.221
-1.112
-1.634
-0.578
-2.085
-2.172
-1.028
-0.730
-0.233
-1.126
-1.649
-0.480
 0.083
 0.285
 0.187
 0.058
 0.124
 0.830
 1.553
 1.216
 1.327
 0.134
 0.525
-0.916
 1.479
 1.201
 0.565
-0.292
-0.219
 0.644
-1.006
 0.168
 0.093
-0.407
 0.683
 0.065
-0.032
 0.960
 0.836
-0.240
 1.639
 0.003
 0.257
 1.875
 0.450
 0.161
 0.008
 0.090
 0.920
 0.517
 0.966
 0.450
 0.587
 1.545
-0.279
-0.988
-1.088
-0.621
-0.737
 0.310
-0.963
-0.235
-0.778
 0.951
 0.516
 0.972
-0.560
 0.218
-0.175
-0.305
-0.148
-0.560
-0.194
-0.842
-0.174
 0.379
 0.322
-0.291
-0.689
 0.244
 1.386
-0.140
 0.725
 0.381
 0.050
-0.636
-1.636
-0.097
 1.244
 0.451
 0.880
 1.088
 0.553
 0.409
-1.090
-1.103
-0.535
 0.662
 0.036
 1.439
 0.920
-0.220
-0.660
-0.432
-0.855
 1.105
 0.470
 0.139
-1.123
-0.710
 0.256
-0.127
 1.104
 1.342
 1.533
 1.474
-1.021
 0.415
-2.088
 0.139
 0.072
 0.954
 0.039
-0.008
 1.620
-0.868
 1.417
 0.948
-0.439
-2.729
-1.943
-0.405
-1.673
-1.338
-1.762
-0.215
-0.644
 0.338
-1.580
-0.998
-0.854
-0.468
-0.297
 0.903
-0.758
-0.306
-0.627
 0.048
-1.376
 0.506
 0.774
-0.491
-1.470
 1.531
-0.599
-0.486
-0.341
-0.018
-1.038
-1.404
-0.392
-1.507
-0.854
-0.102
 0.760
-0.698
 0.591
 0.090
 0.623
-0.730
 0.553
 1.016
-0.977
-1.376
-1.171
-2.246
-0.565
-0.270
-0.097
-0.348
 1.078
-0.093
-0.814
-1.366
 0.623
 0.099
-0.463
-0.950
 0.656
-0.029
 0.146
-0.163
-0.030
 0.707
 1.222
 3.134
-0.321
 0.004
-0.036
-0.644
-0.973
 0.197
 0.308
-1.445
-0.557
-0.193
 0.583
 0.585
 0.082
-0.746
-0.791
 0.383
 0.458
-0.009
-0.068
 1.437
-0.078
-0.205
 1.075
 0.649
-0.767
 0.055
 1.676
 0.374
 0.233
 0.861
 1.859
 1.748
 0.798
 1.619
 0.337
-0.078
 0.666
 0.620
-0.487
-0.454
 0.106
-0.106
-0.901
-0.538
 0.583
 1.053
 0.997
-0.926
-0.743
-1.329
-0.415
 0.967
 1.164
 1.243
 1.020
 1.469
 0.097
-0.891
 0.245
 0.929
-0.581
-0.747
 0.130
 1.051
 1.094
 1.099
 0.676
 1.059
 0.766
 0.268
 0.274
 1.915
 2.947
 1.345
-0.773
 0.229
 0.958
 1.306
 0.143
 0.469
-1.677
-1.381
-1.337
-1.321
-2.888
-1.336
-0.786
 0.430
-0.680
 1.307
 0.308
 1.600
 0.946
 0.952
 0.397
-0.851
 0.576
 1.489
 2.150
 1.005
 1.012
 0.256
 1.403
-0.563
 0.374
-0.077
-0.304
 1.206
 1.337
-1.192
 0.718
 0.983
 0.047
 0.928
 0.987
 0.591
 1.144
 1.542
 0.472
-0.027
-0.714
-0.786
-0.218
-0.152
-0.539
-0.472
-1.250
-0.684
 0.442
 0.806
 1.448
 0.140
 1.620
-0.699
-1.550
-1.455
 0.232
 0.532
 1.544
-0.897
-0.094
-0.391
-0.384
-0.348
-1.192
-1.144
-1.397
-0.755
-0.058
-0.142
-0.767
-0.066
-0.339
 0.882
-0.031
 0.725
-0.514
-1.373
-0.195
-0.035
 0.416
 1.331
 1.576
 1.037
 0.461
 1.143
-0.396
-0.228
 0.608
 0.108
-0.504
 0.808
 0.132
-0.228
-0.248
-0.149
-1.147
-0.156
-1.303
 0.335
 0.581
-0.518
 0.510
 1.481
-0.695
 0.458
-0.212
 0.560
 0.173
 1.217
-1.126
 0.293
 0.810
 1.925
 1.352
 0.372
 1.383
 0.483
-1.195
-1.212
 0.937
 1.840
 1.630
 2.554
 2.407
 2.154
 1.127
 1.998
 0.963
 1.429
 1.944
 0.467
 0.631
 0.001
 1.370
 0.978
 0.299
 1.914
 1.676
-0.691
 1.341
 1.165
 1.052
 0.756
 1.424
 1.114
 2.248
 0.649
 0.143
 1.641
 1.679
 0.983
 1.232
 1.547
-0.603
 1.288
 0.070
 0.558
 1.883
 1.102
 1.107
 0.016
 1.288
 0.868
 2.035
-1.074
 0.249
 1.332
 0.924
 0.998
 2.165
 0.161
-0.457
 1.537
 0.488
 0.641
 0.388
 1.139
 1.667
 1.009
 2.187
 2.238
 0.877
-0.061
 0.212
 0.238
-0.315
 0.895
 1.219
 1.157
 0.253
 0.517
 0.814
 0.305
 0.471
 0.792
-0.558
 0.433
 1.850
 1.081
 0.710
-0.459
 0.818
 1.651
 0.424
 0.227
-1.558
-0.722
 0.429
 0.608
 0.840
 0.499
-0.488
-1.262
 0.656
-0.784
 0.849
-1.675
-1.504
-0.340
-1.644
-0.805
-0.714
-0.334
-1.320
-1.184
-0.051
-0.643
-1.468
-0.754
-0.801
 0.135
-0.441
-0.284
 0.616
-0.475
-0.634
 0.168
-0.585
-1.238
-0.867
-0.041
 0.259
-0.339
-0.648
-0.526
 0.257
 0.618
 0.400
 1.101
 0.848
-0.101
-0.105
 1.159
-0.192
 0.509
 0.609
-2.327
-1.552
-1.380
 0.399
-0.677
 0.244
-0.597
-0.191
 0.287
 0.353
-0.665
-0.265
-1.041
-0.444
-1.097
-0.251
-0.088
-1.383
-0.008
 0.300
 0.315
 0.024
-0.775
-0.242
 1.461
 0.134
-1.400
-1.445
 0.278
-0.199
 0.426
 1.193
 0.101
 0.628
 0.780
 0.420
-1.235
-0.050
-0.029
 0.472
-0.263
 0.280
-0.256
 0.399
-0.764
-0.823
-0.500
-1.524
 0.724
 1.212
 1.641
 1.087
 1.590
-0.384
-0.198
 1.331
-0.676
 0.788
 0.263
-0.269
 1.371
-0.073
 2.142
 2.341
 1.784
-0.071
 0.796
 1.436
 0.527
 2.499
 0.680
-0.276
 0.786
 0.435
-0.723
-0.375
-0.097
-0.704
-1.365
 1.075
-0.466
-0.770
-0.334
 0.375
 0.383
 0.734
 2.172
 1.297
 0.987
 1.106
 2.583
 1.723
 1.796
 2.156
 0.454
 0.106
 1.488
 2.170
 1.556
-0.050
 0.075
 0.862
 0.087
 2.193
 1.524
 1.450
 0.091
 0.720
 1.118
 0.059
 0.309
-0.143
 0.552
 1.522
-0.277
 1.493
 0.322
 1.174
 1.538
 2.203
-0.206
-0.211
-2.155
-0.867
-0.378
 0.470
 0.917
 0.727
 0.948
 1.346
-1.300
-0.676
-0.120
 1.486
 0.771
-0.212
 0.101
-0.300
 0.191
 0.556
 0.383
 1.837
-0.089
 1.007
 0.188
 0.799
-0.492
-0.426
-0.345
 0.891
 0.234
 2.455
 0.891
 0.505
 0.947
-0.427
-1.925
-0.973
-0.610
-1.432
 0.929
 0.124
-1.235
-0.026
-1.306
 0.229
-0.355
-0.560
-0.169
-1.111
-0.128
-0.318
-1.215
 0.794
 1.288
-0.277
 0.228
 1.244
-0.705
 0.102
 0.270
 0.610
 0.157
-1.109
-1.017
-2.093
-0.802
-0.923
-0.809
-2.474
-0.958
-0.832
-0.444
-0.184
 0.024
-0.479
-0.826
 0.548
-0.925
 0.088
 1.408
 0.140
 1.368
 0.121
 0.153
 0.755
 3.082
 1.824
 0.421
 1.768
 2.045
 2.590
 3.389
 0.945
 1.756
 0.153
 0.067
 0.035
-0.263
 0.377
-0.272
 0.921
 2.155
-0.501
 0.253
-0.762
 0.533
-0.024
-0.306
-0.633
 1.191
 0.602
 0.380
-0.208
 0.303
-0.563
-0.133
-0.514
 2.289
 3.552
 1.348
 0.786
 0.341
 0.591
 0.976
 0.984
 0.357
 0.867
-0.339
-1.291
-1.696
-0.378
 0.316
 1.510
 1.492
 0.018
 0.791
 2.073
 1.045
 0.998
 0.116
 0.237
 0.185
-0.518
-0.268
-1.766
-0.815
 0.064
-0.382
 1.979
 1.774
 1.255
 1.565
 1.107
 1.403
 0.139
 0.470
 0.362
-1.493
-1.667
 0.491
 0.938
 0.317
 0.105
 0.082
 0.540
 1.738
 0.656
 0.619
 0.367
 0.345
 1.107
 0.212
-0.659
 0.944
 0.431
 0.930
 1.302
 1.168
-0.025
 0.086
 1.307
 0.788
 1.946
 0.909
-1.225
 1.017
 0.459
 0.673
 1.620
 1.991
 1.545
 1.893
 1.115
 2.002
-0.174
 0.659
 1.729
 0.838
 1.423
 1.401
 1.820
 0.132
 1.091
 0.578
 1.442
 1.564
 1.386
 0.694
 0.351
-0.618
 1.159
 0.818
 0.211
-0.788
-1.172
-0.127
-0.170
-0.031
 2.321
 0.193
 1.135
 0.567
 0.166
 0.439
-0.212
 1.430
 1.621
 2.152
 0.508
 2.186
 2.005
 0.356
 0.089
 0.681
 2.431
-1.120
-0.189
-0.101
 0.138
 0.310
-0.265
-1.101
 0.495
-0.875
-0.856
-1.122
-1.176
-1.246
-0.498
-1.862
 1.054
-0.045
 0.662
-1.323
-1.303
-1.079
-0.512
-1.350
 1.115
 0.318
-2.291
-1.454
-0.325
 0.549
-0.061
 0.910
 0.137
 1.781
 1.832
 2.481
 1.342
 0.840
 1.616
 1.901
 1.124
 1.874
 1.605
-0.067
-1.265
 1.205
 0.983
 2.200
 0.862
 0.606
 0.352
 0.517
 0.596
-0.096
 0.947
-0.982
 0.204
 1.021
 0.078
 1.360
 1.014
 0.552
 1.541
-0.711
 1.698
 1.338
 1.286
 1.808
 1.372
 1.255
 0.245
 0.129
 0.818
-2.219
-1.314
-0.579
 0.849
 0.097
 0.681
 0.906
 1.386
 1.631
 1.607
 2.271
 1.303
 0.887
 1.052
-0.140
 0.396
 1.634
 1.102
-0.504
 1.420
 0.263
-1.107
-0.648
-0.204
 0.042
 0.519
 0.198
-0.556
-0.465
 0.514
-0.362
 0.358
 1.196
 1.085
-0.557
-0.293
 0.493
 0.970
 1.581
 2.110
 0.248
-1.379
 0.128
 0.969
 1.649
 0.552
 1.326
 0.663
 0.869
 0.929
 1.363
 0.541
 0.785
-1.175
 0.921
 2.220
 1.095
 1.460
 1.604
 1.184
-1.947
-0.220
-0.756
 0.624
 2.105
 0.199
 0.778
 0.329
 1.974
 2.314
 0.459
 1.482
 0.735
 0.742
 2.216
 1.282
 1.139
 1.288
 1.856
 0.614
 1.432
 0.602
 0.713
 0.488
 0.262
 0.221
-0.135
-0.731
 1.366
 0.022
-0.091
 0.755
-0.261
-0.533
-1.017
 0.654
 0.407
 0.181
-0.699
 0.350
 1.367
 0.332
-0.053
 1.111
 0.974
 1.586
 0.553
 0.161
 1.344
 1.618
 0.142
 1.417
 0.988
 0.763
-0.149
 1.455
 2.665
 0.069
 0.916
-0.519
 1.029
 0.121
 1.360
 0.369
 0.804
 0.130
 0.513
 1.812
 1.005
-0.259
-0.344
-1.011
-0.740
-0.639
-1.442
-0.716
-0.174
 0.162
 1.203
-0.789
-0.716
-0.225
 0.304
-1.616
-1.386
-0.307
 0.427
 1.205
 0.349
-1.275
-1.293
 1.230
 0.584
-0.748
-1.125
-0.634
 1.106
 1.071
 0.327
 0.716
-0.430
-1.250
-1.228
-0.024
 0.464
-1.137
-0.275
 1.339
 0.398
 1.529
 1.267
 0.868
 1.536
 1.452
 2.453
 0.523
 0.933
 1.195
 0.486
 0.499
 0.966
 0.079
-1.111
 1.393
-0.525
-0.684
-0.166
 0.735
 0.853
-1.602
 0.088
-0.348
-0.157
-1.423
-1.541
 0.084
 0.558
 0.589
 1.001
-0.676
-1.059
 0.377
-0.291
 1.632
-0.589
-1.439
-0.562
-1.243
 0.328
-0.961
 1.103
-0.475
-1.664
 0.278
 0.162
-0.472
 0.775
 0.348
 0.977
 1.032
 1.199
 1.077
 0.036
-1.665
-0.197
 0.315
-0.014
-0.177
 0.141
 1.122
 1.209
 1.077
-0.772
-0.871
 0.380
-0.702
 0.131
-0.035
 0.674
-0.252
 0.083
-0.417
 0.347
 0.275
 2.551
 1.236
 0.385
 0.499
 0.831
 0.467
 1.532
 0.832
 0.501
 1.396
 1.161
 0.177
 2.529
 1.307
 0.177
 0.717
 0.574
 0.768
 1.201
 0.485
-0.167
-0.374
-0.484
 0.070
 2.451
-0.047
 0.286
 1.865
 2.630
 1.574
 0.905
 1.414
 0.344
 0.227
-0.368
-0.053
 0.400
 0.925
-0.982
 0.354
-0.052
 0.223
-0.511
-0.879
-0.180
-0.508
-0.301
 0.553
-0.642
-0.014
-0.147
-0.107
 1.248
 1.135
 0.233
-0.034
 1.155
 0.921
 1.621
 0.598
 1.599
 1.135
 0.134
 0.810
 1.223
 0.578
-0.459
-0.230
-0.157
 0.331
 2.573
 3.236
 1.435
-0.237
 1.346
 0.917
-0.367
-0.323
-0.168
 0.351
-0.224
-0.959
-1.619
-0.160
-0.177
 1.037
 0.574
 1.632
 0.542
 0.149
-0.737
 1.016
-0.158
 0.591
-0.356
-0.448
-0.019
-0.273
 0.494
 1.101
 1.167
 0.797
 0.511
 0.066
 0.594
-0.999
 0.027
-0.377
-0.028
 1.752
-0.259
-0.450
-1.184
-0.267
-0.592
-0.707
-1.149
 1.044
-0.064
 0.994
 0.202
 0.674
 0.514
 0.000
-0.261
-0.604
 0.006
 0.731
 2.382
 1.710
 1.421
 0.013
 2.226
 1.928
 0.917
 1.882
-0.046
 1.471
 1.137
 1.332
 0.220
-0.085
 2.164
 1.927
 0.610
-0.463
-0.078
 0.390
-0.758
 1.138
-0.519
-1.871
-1.103
-1.130
 1.610
 0.875
-0.468
 1.227
 1.463
 0.828
 0.310
 0.270
 0.467
-1.138
 0.126
 1.084
 0.378
-0.600
-0.836
 0.089
 0.654
-0.011
-0.349
 0.334
-0.034
 0.204
-0.548
 0.671
-1.144
-1.259
-0.362
 0.360
 0.695
-0.976
-0.289
-0.811
-1.910
-2.157
-1.768
-1.241
-0.672
-0.399
 0.719
-0.746
-0.256
-0.357
-0.676
 0.263
 1.361
 0.155
 0.272
-0.600
-1.446
-1.944
-2.084
-0.236
 0.020
-1.054
 0.240
-0.474
-0.239
 0.257
 0.105
-0.050
 0.460
 0.536
 0.145
-0.523
-0.611
-0.995
 0.049
 1.051
 1.039
 2.007
 0.899
-0.105
 0.722
 0.978
 0.994
 0.179
 0.597
 0.397
-0.180
 0.661
 0.569
-0.374
-0.247
 0.300
-0.618
 0.604
 1.095
 1.165
 0.663
 0.958
 0.877
 1.846
 1.469
 1.193
 0.694
 0.302
 1.250
 0.697
-0.301
 0.871
-0.152
 0.932
 0.673
-0.318
 0.800
-1.803
-0.444
 1.342
 0.275
-0.876
-1.887
-0.578
-0.163
 0.118
-0.990
-0.574
 0.572
-0.291
-0.152
-0.472
-0.159
 1.325
-0.174
-0.508
-1.058
-0.083
-1.505
 0.137
 0.018
-0.666
-0.276
 0.911
-0.856
-0.596
 1.116
 1.530
-1.600
-0.202
-0.359
 0.321
-0.848
 1.122
 0.730
 0.199
 0.744
 0.949
 0.151
-0.830
 0.106
 0.447
 0.900
 0.757
 1.704
 0.143
-0.413
 0.590
-1.408
 0.109
-1.292
 0.831
-0.058
-0.407
-0.025
 0.405
 1.307
 0.771
-1.310
 1.249
 1.682
-0.719
-0.082
 0.232
-0.459
-0.193
-0.389
 0.350
-0.724
-1.070
-1.489
-1.195
-3.292
-1.724
 0.088
-1.428
-2.002
-0.859
-1.486
-0.324
 0.039
-0.393
-1.137
-1.045
-0.009
 0.655
 0.110
 1.644
 0.855
 0.295
 0.593
 0.546
 1.112
 0.126
-0.738
-0.661
 0.127
 0.225
 0.085
 0.867
-2.178
-1.809
-0.449
-0.010
-0.842
 0.007
-0.977
-0.248
-0.259
 1.297
 0.527
 1.325
 0.934
 0.102
 1.025
 0.682
 0.781
 0.616
-0.403
 0.623
 0.395
-1.060
-0.976
-1.102
 0.558
 0.337
-0.071
 0.875
-0.250
 1.033
 0.372
 0.694
 0.671
-1.132
-1.999
-0.232
-0.844
 0.330
-0.189
-1.488
-0.800
-0.509
-1.818
-1.114
-1.103
-1.619
-1.357
-1.466
-1.745
-0.041
-0.101
 0.275
-1.411
-1.775
-2.370
-1.285
-1.048
-1.085
-1.381
-0.432
-2.326
-2.252
-0.067
-1.026
-0.199
-0.448
 0.060
-0.764
-0.756
-0.536
-1.945
-0.553
 0.729
-1.420
-0.627
-1.008
 0.723
 1.455
-0.746
-0.181
 0.665
 0.966
 0.262
 0.134
 0.099
-0.276
-0.229
-0.844
-1.097
-0.864
-0.580
-0.205
-0.030
 0.754
-0.596
-0.483
 0.046
-1.331
-2.137
-2.368
-2.465
-0.907
-1.093
-0.911
-1.894
-2.234
 0.587
-0.666
-1.801
-2.796
-2.097
-2.604
-1.933
-1.733
-1.415
-0.981
-1.082
-1.274
-1.537
-0.416
-2.276
-2.452
-0.892
-0.122
-2.507
-1.476
-0.030
-0.316
-1.199
-0.494
-1.872
-1.501
-0.829
-2.314
-1.316
-1.492
-0.944
-1.476
 0.837
 0.515
 0.204
 1.028
-1.033
-1.160
-2.966
-1.306
-1.635
-2.431
-0.770
-0.038
-0.543
 0.048
 0.145
 0.067
-1.093
-0.156
-1.752
-2.682
-2.223
-1.400
-0.448
 0.086
-1.549
-1.198
-0.209
-2.718
-1.521
-0.693
-0.738
-1.148
-2.021
-2.262
-2.540
-1.496
-1.114
-2.471
-1.065
-1.082
-1.617
-1.106
-1.213
-2.307
-0.786
-0.833
-1.141
-1.782
-2.047
 0.094
-1.714
-0.675
 1.464
 0.318
-1.172
-1.010
 0.491
-1.488
-0.273
-1.621
-1.679
-1.449
 0.056
-0.473
-0.655
 0.574
 0.003
 0.721
-1.031
 0.095
-0.793
-0.771
 0.562
-0.900
-1.697
-1.583
 0.042
-1.419
-2.218
-1.365
-0.187
-1.059
-1.154
-0.627
-0.054
 0.903
 0.169
 1.406
-0.433
 0.929
 0.955
-0.117
 0.317
-0.230
-1.669
 0.058
 0.067
 1.134
-1.121
-1.793
-0.813
-0.053
-0.260
-0.057
 1.405
 0.874
 1.540
 0.466
 1.517
 0.181
 0.808
 0.075
-0.821
-0.431
-0.734
 0.025
 0.629
 0.604
 1.320
 1.508
-0.178
 0.246
-0.020
-0.997
-0.565
-1.078
 0.363
 1.162
 0.299
-0.838
 0.438
 0.627
-0.613
-0.329
-0.386
-0.957
-0.891
-0.573
-0.762
 0.239
 0.463
-1.414
-0.028
-0.629
 0.948
 0.263
-0.411
 0.354
-1.221
 0.824
 1.249
-0.255
-0.075
 0.172
-0.343
 0.130
-1.535
-0.915
-0.196
-0.947
-1.149
 0.152
 0.929
 1.046
-1.066
-1.597
 0.191
-0.812
-0.766
-0.668
 0.209
 0.080
-0.970
-1.040
-0.512
-0.533
-1.268
-0.682
 0.329
 0.486
-0.949
-0.721
-0.626
-0.745
-1.521
-1.036
 0.049
 0.448
 0.805
-0.661
 0.669
 0.236
-0.032
-1.579
-1.038
-1.839
-0.829
-0.715
-0.739
-1.350
-1.811
-0.675
 0.974
-0.202
-0.572
-0.031
-0.605
-0.877
-2.036
-1.861
-1.765
-3.011
-0.438
-0.137
-0.988
 1.188
 0.790
 0.361
-0.128
-0.358
-0.093
 0.623
-1.349
-1.471
-0.594
 0.290
-0.159
 0.162
-1.815
 0.760
-0.007
 0.043
-0.051
-0.311
 0.016
 0.636
-0.352
-1.871
-1.290
-0.361
-0.392
-1.873
 0.284
-0.335
-0.288
-0.281
 0.070
-0.667
-0.303
-1.537
-0.793
 0.266
 0.571
-0.650
-0.855
-1.306
-1.398
-0.918
-1.863
-2.067
-2.309
-1.385
-0.212
-0.180
 0.051
-0.692
 0.709
 0.015
-2.197
-1.102
-1.089
-0.248
-0.077
-0.134
-1.749
 0.422
 0.397
 0.325
-1.078
-0.228
-0.928
-0.093
 0.552
-1.860
-0.730
 0.369
-2.007
-0.510
 0.550
 0.849
-0.634
 0.185
-0.047
 0.218
-1.349
-0.428
-0.154
-0.282
-0.043
-1.397
-0.120
 0.054
 0.870
 0.880
 0.447
-0.437
 0.318
 0.496
-0.644
-0.982
 0.120
-0.027
-0.257
 0.101
-0.478
 0.173
 0.082
 0.663
-0.810
 0.336
-1.352
-0.802
 0.156
-0.943
 0.071
-0.261
-0.743
-0.388
 0.161
 0.113
-1.282
-1.135
-0.416
-0.323
 1.206
 1.117
 0.266
 1.314
 1.582
 0.947
 1.245
 1.419
 0.481
 0.775
-0.756
-0.250
-1.234
-0.058
-0.906
-0.038
 0.279
-1.181
-0.302
-0.725
-0.173
-1.004
 0.190
-0.476
-1.372
-0.674
-2.510
 0.577
-1.888
-2.094
-0.993
-0.579
-0.685
-0.479
 0.219
-0.791
-0.871
 0.094
-0.033
 0.498
-0.104
 0.180
-0.609
-0.901
-0.352
-0.167
-1.069
 0.816
 0.497
 0.521
 0.473
 0.609
 0.490
-1.122
 1.298
 0.561
 0.221
-0.735
 0.441
 0.094
-0.512
 0.715
 0.522
 0.552
-0.604
-0.895
-1.493
 0.486
-1.208
 0.570
 1.566
 0.998
 1.321
 1.231
 1.509
 0.989
 0.821
-1.000
-1.326
-0.490
-0.626
 0.603
-0.563
 0.880
-0.445
-0.572
-1.113
 0.675
-0.029
-2.277
-1.047
-0.188
-0.751
-0.499
-1.969
-0.168
 0.209
-1.691
-0.970
-1.671
-1.716
 0.020
-0.360
-0.923
 0.163
-1.702
-1.005
-0.902
-0.691
 0.200
 0.183
 0.265
 0.037
 0.550
 0.340
-1.373
 0.733
 1.489
-0.180
-0.450
-1.390
 0.166
-1.281
 0.603
-0.075
-0.496
-0.529
-0.380
-0.728
-0.818
-0.715
 0.436
 0.131
-0.493
-0.619
-1.295
-0.241
 0.416
-1.774
-1.702
-1.953
-1.524
-0.322
-0.976
-1.195
-1.086
-1.743
-0.726
-2.256
-1.350
-1.889
-0.965
-0.447
-0.888
-1.075
-1.758
 0.626
-0.338
-0.397
-0.950
-1.935
-1.389
-0.471
-1.603
-0.336
 0.813
 1.565
 1.295
 0.127
 0.251
-0.810
-1.120
-0.488
-0.058
 0.176
 0.160
 0.395
 0.341
-0.799
-0.646
-1.111
 0.516
-0.614
 0.998
 1.759
 0.366
-0.263
-0.611
-0.385
-0.745
-0.726
-0.499
-1.269
-0.898
-1.875
 1.394
 0.240
-0.891
-2.165
-0.880
-1.833
-0.746
-0.021
-0.731
-0.444
-0.860
-1.006
-0.935
-1.744
-0.510
-0.674
-0.143
-1.503
 0.062
-0.319
-0.241
 0.563
 0.128
 1.033
-0.728
 0.025
-0.347
-0.495
-1.346
-0.647
-1.999
 0.075
-0.146
-0.194
-0.954
-1.003
-0.636
-0.410
 0.141
-1.277
 0.658
-0.053
-1.091
-0.058
 0.293
-0.266
 0.062
 1.023
 1.595
 0.068
-0.380
-0.833
-0.339
 1.267
-0.911
-0.744
 0.144
-0.269
 0.200
 0.093
 1.078
 1.742
 0.396
 0.150
 0.004
-0.539
 0.042
 0.207
-0.415
 1.322
-0.917
 0.344
-1.182
-1.084
-1.599
 0.054
-0.796
 0.767
 1.062
 0.733
 0.527
 0.229
 1.177
 0.162
-0.106
-0.363
-0.146
 1.196
 1.185
 0.371
 0.297
 0.232
 1.131
 1.090
 0.783
 0.425
 0.449
-0.669
 0.328
-1.189
-0.229
-1.832
-0.776
 0.753
 0.462
 0.221
-0.257
-0.436
-0.295
 0.212
-0.652
-0.950
 0.113
 0.045
 1.086
 0.181
-0.239
-1.189
-2.007
 0.078
 1.167
 0.233
-0.376
 0.246
 0.317
 0.568
 0.093
 0.001
-0.204
-1.086
-1.607
 1.448
-0.459
-0.178
 0.123
-0.095
-1.628
 0.935
 0.685
-0.109
 0.109
-0.479
 0.620
 0.798
 0.785
 0.295
 0.849
 1.529
 1.113
 1.684
 1.138
-0.074
-0.357
-0.585
 0.557
 0.097
-0.240
-0.925
-1.216
-0.679
-1.210
-0.655
-1.392
 0.478
-1.911
-1.444
-1.287
-1.861
-0.441
-0.107
-1.564
-1.121
-0.427
-0.098
 0.911
 0.572
 0.480
 0.897
 0.700
 0.066
-0.096
 0.336
 1.710
-0.547
 0.522
-1.262
-1.217
 0.079
 0.209
 0.975
 1.854
 0.903
 1.105
 0.073
-0.125
 1.009
 0.395
-0.003
-0.285
 0.112
-0.326
-1.187
-0.448
-0.304
-0.611
 1.781
 0.282
-0.188
-0.142
-0.036
 0.692
 0.922
 0.365
 0.948
 1.793
 1.573
 0.149
-0.096
-1.243
-0.761
 0.135
 1.038
 0.100
 0.190
-0.902
-0.219
 0.510
 0.531
 0.487
-1.132
-1.330
-1.310
-0.458
-1.372
-0.730
-0.200
 1.240
 0.399
 1.163
-0.013
-1.199
 1.508
-0.439
 0.497
 0.575
-0.118
 0.096
 0.608
 1.173
 0.256
 1.151
 1.509
 0.246
-0.538
 0.037
-0.508
 0.405
-0.278
-0.283
 0.021
 0.633
-1.205
 0.550
-0.193
 1.454
-0.394
 0.767
 1.425
-0.227
-1.394
-1.498
-1.585
 0.266
-0.781
 1.092
-0.214
 0.360
 2.018
 0.352
-0.493
-2.790
-1.061
-0.416
-0.398
-1.464
-2.266
-1.185
-0.874
 0.095
 0.924
-0.065
-2.111
-1.458
 0.281
 0.273
 0.568
 0.131
-0.149
 0.390
 0.618
 0.394
 0.152
-0.338
 1.039
-0.272
-0.160
-0.571
-0.209
 1.579
 0.615
-0.772
-0.125
 1.140
 1.095
-1.206
 0.333
-0.069
 0.305
 0.143
 0.921
 0.113
 0.210
 1.236
 2.142
 0.101
 0.547
 0.085
 0.126
 1.091
 1.813
 0.357
 0.918
 1.527
 1.274
 1.109
 1.361
 0.111
 0.304
 0.860
 0.255
-0.189
 0.496
 0.078
 0.239
 0.232
 1.924
 1.192
-1.182
 1.422
 0.075
 0.306
 0.556
 1.125
 1.295
 2.280
 2.751
 2.499
 0.777
 0.701
 0.322
 1.518
-0.183
-0.221
 0.972
-0.136
-0.214
 1.446
 0.761
 0.969
-0.155
-0.530
-0.984
 0.061
-1.195
-2.322
-0.407
 0.351
-0.502
-0.017
 0.910
 0.695
 0.255
-0.070
 0.017
-0.111
-0.260
 0.095
 1.417
 0.710
 0.971
 0.102
 0.008
-0.226
 0.416
 1.592
 0.565
-1.405
 0.597
 1.288
 0.762
-0.449
 1.391
 1.335
 1.331
 0.890
 0.818
 0.195
 0.349
-0.518
 0.006
 0.938
 0.663
-0.212
-0.770
 0.873
 0.832
 1.596
 0.667
-0.689
-0.807
-1.064
 0.369
 0.596
 1.095
 0.156
 0.038
 0.111
 0.429
 0.505
 0.709
-0.808
-0.171
 1.126
-0.408
 0.419
-0.221
-0.060
-0.310
 0.309
 1.561
 1.079
 0.904
 0.578
 1.136
 0.868
 1.658
 0.944
 1.620
 0.317
 0.698
 0.737
-0.201
 0.493
 0.363
 0.013
 0.316
-0.243
 1.461
-0.837
 0.265
 0.101
-0.331
 0.252
 0.020
-2.485
-2.051
-0.776
-0.447
 0.193
-1.866
-2.144
-1.320
-0.823
-0.254
 0.993
-0.825
 0.029
 0.218
 0.263
-0.278
-0.567
-0.517
-1.130
-0.209
-0.910
 1.198
-0.208
 0.372
-0.047
-0.745
-2.014
-0.546
-0.516
-0.974
-0.198
-0.782
-0.822
-0.906
-1.250
-1.706
 0.660
-0.294
 0.932
 0.577
 1.154
 1.221
-0.910
-0.561
 1.545
-0.648
-0.591
-0.932
-0.568
-1.472
 0.559
-1.132
-0.167
 0.223
 1.003
-1.557
-1.195
-0.287
 1.408
-0.094
-0.537
-0.788
-0.350
-1.170
 0.540
 0.065
-0.195
 0.016
-0.449
 0.090
-2.837
-1.540
 0.048
-1.670
-0.191
-0.436
-0.924
 0.810
-0.473
 0.052
 0.655
-0.790
 0.763
 0.073
 1.177
-0.857
 0.580
-0.136
-1.266
-1.135
-0.800
-2.023
-0.094
 0.378
-0.906
 0.962
-0.010
-0.732
-0.427
-0.088
-0.430
 0.552
-0.549
-0.299
 0.113
-0.582
 0.696
 0.203
 0.625
 1.828
 1.734
-0.573
 0.360
-0.470
 0.511
-1.183
-1.331
-0.854
 0.284
-0.697
-0.625
 0.492
 0.970
 0.240
-0.471
-1.865
 1.055
 0.460
 0.132
 1.209
-1.282
 0.765
-0.170
 1.473
 2.242
 1.008
-0.359
-0.657
-0.976
-1.544
-0.651
-0.676
 0.562
 1.602
 0.874
-0.241
 0.274
 0.703
 0.691
-1.516
 0.563
-1.137
 0.100
-0.841
-0.245
-1.350
-0.187
 1.728
 0.992
-0.012
 0.117
-2.124
-1.707
-0.478
-0.546
 0.113
-0.807
 0.277
-0.494
 0.702
 0.524
-0.465
-1.417
-0.058
 0.203
-0.618
 0.153
 0.379
-1.293
 1.629
 0.437
 0.200
-1.260
-2.717
-0.284
-1.289
-0.492
-1.774
-0.236
 0.548
 0.514
 1.277
-0.141
 1.814
 0.408
-0.467
 1.060
-1.318
-0.183
 0.981
 1.915
 1.167
 0.330
 0.419
 0.618
-0.206
 0.283
 0.167
 0.944
 0.036
 0.707
-0.741
 1.478
-0.193
-0.970
 1.128
 1.387
 2.127
-0.118
-0.418
 0.020
 0.700
 1.768
 1.104
-0.244
 1.213
-0.184
-1.448
-0.749
-0.333
-0.526
 0.128
-1.349
-0.047
-0.110
 0.786
-0.598
 0.056
 0.322
-0.519
-0.962
-0.007
-1.562
-1.494
-0.126
 0.258
-0.072
 0.202
-0.275
 0.021
-0.542
-0.452
-0.986
 0.745
 1.327
-0.133
-0.502
 0.096
 0.122
-0.474
-1.108
-0.914
-0.777
-0.512
 0.174
 0.372
 0.558
-0.302
 1.165
-0.034
 0.257
-2.015
-0.711
-0.552
-0.235
-0.041
-0.478
 0.491
 0.022
 0.397
-1.511
 1.314
 0.886
-1.142
-0.187
 0.043
 1.223
 0.437
-0.006
 1.568
 0.146
 0.464
 0.747
 0.063
 0.155
 1.173
 0.922
-0.296
-0.368
-0.149
-0.574
-0.619
-0.364
-0.332
-0.012
-0.576
-0.696
 0.388
-0.148
 1.621
 0.692
 0.103
 0.532
 1.192
-0.258
-0.703
 0.831
 1.015
 0.606
 1.065
 0.050
-0.589
-0.129
 1.415
 0.654
 1.735
 0.394
 1.964
-1.293
 0.413
 0.197
-0.617
 0.085
 0.307
 0.294
-0.177
-0.383
-0.915
 0.295
-1.338
-0.381
-1.546
 0.785
 0.274
 2.251
 0.766
 2.603
 2.259
 2.093
 0.688
 0.338
 1.846
 2.414
 1.860
 0.290
 1.787
 2.745
 1.745
 2.189
 1.481
 1.684
 1.262
 0.000
 0.310
 0.105
-0.438
 0.312
-1.159
-0.657
-1.652
 0.465
-1.280
-0.526
 0.811
 0.488
 1.817
 1.270
 1.382
 0.692
 1.491
 0.492
-0.263
 1.029
 2.179
 0.629
 0.701
 1.719
 1.433
 1.735
 1.135
 2.308
 1.691
 1.248
 1.410
 3.095
 1.644
 1.888
 0.196
 0.491
 1.035
 0.444
 0.451
 0.802
-0.104
 2.240
 0.598
 2.759
 1.320
 0.841
-0.191
-0.602
 0.703
 0.816
 1.644
 1.114
 1.969
 0.009
-0.510
 0.256
 0.968
 0.537
 0.278
 2.071
 0.588
-1.068
 0.280
 0.129
 0.086
-1.237
-1.822
-0.002
 0.030
 0.299
-0.520
-0.628
-0.047
 0.536
 0.674
-0.503
 0.915
 0.379
 1.602
 0.770
 0.610
 0.501
 0.146
 0.651
-0.422
 1.012
-0.571
 0.720
 0.137
 1.159
 1.266
 0.360
-0.554
 1.458
 0.829
 1.202
 1.347
 2.844
 1.675
 0.228
 1.252
 0.924
 2.060
 0.199
-0.208
 0.076
-0.188
 1.508
-0.195
 0.234
-0.237
 0.246
 1.022
 1.053
 2.170
 1.952
-1.042
 0.864
-0.267
-0.152
-1.018
-1.367
-1.849
-2.159
-0.507
-0.313
 1.143
 1.355
 0.555
-0.383
 0.395
 0.037
 0.739
 0.331
-0.110
 0.369
 0.200
-0.220
 0.918
-1.177
-0.276
-0.117
 0.611
-1.134
 0.724
 1.111
 0.873
-0.432
 0.994
-0.273
 1.091
 0.825
 1.477
 0.165
 1.435
 0.218
 0.390
 1.088
 1.120
 0.204
 0.254
 0.259
-0.430
 0.457
-0.967
-1.853
-1.039
-1.050
 0.122
-1.246
 0.001
-0.963
 0.286
 0.702
-1.118
-1.345
 0.714
 0.032
 0.666
 0.979
 1.279
 0.279
 0.505
 1.353
 0.201
-0.462
 1.400
 0.512
 1.657
 0.361
-0.563
 1.034
-0.127
 0.250
 0.828
 2.648
-0.112
-0.195
-0.973
 0.512
-0.271
-0.589
-0.815
-0.006
-0.471
 0.280
 0.367
-0.544
-0.369
 0.937
 0.812
-0.008
 0.120
 0.190
 0.779
-0.810
-0.539
-0.167
-0.208
 0.751
-0.207
 0.441
 0.019
-0.445
 0.358
-1.472
 0.297
 0.060
 0.726
-0.109
-0.402
-0.583
 0.504
 0.317
 0.264
-0.443
 0.270
-0.769
 0.171
-0.738
 0.658
-0.497
 0.809
 1.246
 0.294
 0.150
-0.427
 0.265
 0.337
-0.126
-0.692
-0.371
 0.732
 1.822
 1.136
-0.161
 0.215
-0.454
 0.065
 0.734
-0.644
 0.550
 0.274
-0.077
-0.632
-0.231
 0.836
-0.439
-0.478
 0.436
-0.220
 0.615
 0.399
-0.215
 0.417
 0.741
 0.001
 0.498
-0.399
 0.741
 1.735
 0.239
 0.935
 1.359
-0.188
-0.620
-1.335
-0.284
 0.132
-0.761
-0.165
 0.913
 0.399
-0.337
-0.157
-0.115
-0.103
 0.432
 0.277
-0.168
 0.164
 0.571
 1.583
 1.123
 0.341
-0.052
-1.617
-0.950
-0.489
 0.659
-1.245
-0.957
 0.782
 0.450
 1.060
 1.520
-0.281
 0.894
-0.587
-1.066
-0.919
 0.168
 0.680
 0.683
-0.235
-0.953
-0.324
-0.098
-0.312
-1.843
-1.039
-1.334
 0.813
-0.202
-1.387
-1.423
 0.191
 0.198
 0.539
 0.535
-0.027
 1.092
 0.758
 1.965
 0.540
 1.414
-0.632
-0.900
-0.782
-0.250
-0.823
-1.476
 0.009
 0.326
 0.420
 0.605
 0.994
 1.016
-1.408
-0.267
-0.741
 0.345
-1.087
-0.366
 0.115
-0.932
-0.395
 0.276
 1.221
 0.507
 1.457
 1.222
 2.704
 1.970
 1.419
 0.691
 0.004
-0.298
-0.661
-2.262
-1.098
-0.217
-0.535
-1.488
 0.312
 0.708
-0.123
 0.716
 1.389
 0.778
 0.854
-2.058
-0.976
-0.208
-1.035
-1.838
-0.510
-0.173
-1.025
-0.226
 0.252
 0.058
-0.863
-1.277
-0.050
-1.481
-1.158
 0.777
 1.289
 1.605
 0.045
-0.260
-0.269
 1.333
 0.748
 1.110
-0.200
-0.946
-0.655
-0.766
 0.396
-1.498
-0.435
-1.361
-1.928
-1.403
-1.544
-2.046
-3.628
-0.649
-1.870
-2.195
-0.801
-1.660
-1.963
-0.671
-1.876
-0.347
-1.104
-1.341
-0.459
 0.414
-0.901
 0.285
-1.032
-2.040
 0.268
-0.358
 0.822
 0.264
 0.918
 0.154
 0.706
 1.115
-0.100
 0.625
-0.100
-0.710
-0.098
-1.257
-0.761
-0.491
 0.721
 0.641
 0.748
 0.024
 0.025
 1.113
-0.243
 1.403
 0.026
 0.591
 1.311
 0.782
 1.325
 1.378
 0.458
-0.207
 0.903
 0.048
-0.435
 0.334
-0.054
-0.995
-0.013
-0.061
 0.000
 0.479
-1.792
 0.414
-0.776
-1.540
-0.299
-1.621
-0.254
-0.645
 0.114
 0.728
 0.840
 0.208
 1.660
-0.520
-1.869
-0.073
-0.907
 0.353
-0.827
-0.193
 0.687
 0.174
-0.223
-0.448
 0.034
-0.572
 0.841
 0.304
-0.101
 1.420
 0.838
-0.480
-0.841
-0.105
 0.158
-0.943
-0.799
 0.106
 0.188
 0.502
-0.300
-1.138
-0.449
-1.774
-1.118
 0.341
 0.039
-1.797
-1.862
-1.368
 0.464
-0.273
 0.328
 0.937
-0.501
-1.543
-0.736
 0.071
-1.520
 0.734
 0.696
-1.187
-1.908
-2.059
-0.911
-1.595
-1.905
 0.731
-0.284
 1.279
 1.311
 1.091
 0.608
-0.948
 1.177
 0.628
 0.711
-0.133
 0.258
 0.497
-0.314
 0.393
 2.950
 1.569
 0.166
-0.705
 0.215
-0.511
 0.316
 0.036
 0.715
 0.675
 0.379
 0.513
-0.299
 0.685
 0.527
 0.562
 1.226
-1.907
-1.251
-1.641
 0.713
-0.869
 1.044
 0.335
-0.154
-0.418
 0.357
 0.473
 0.046
-1.115
-0.385
-0.991
 0.733
 0.713
-0.398
 1.503
 2.149
 0.948
 0.449
-0.874
-0.829
-0.492
-0.679
-0.740
-0.824
-0.393
 0.140
-1.342
-0.908
-1.047
-1.424
-0.654
-0.052
-0.591
 0.095
-1.609
 0.642
 1.046
 0.559
 0.590
 0.198
-0.394
 1.444
 0.078
 1.459
 0.202
-2.601
-1.473
-0.521
-0.405
-0.512
-0.323
-1.097
-1.280
-2.242
-1.664
 0.099
-1.044
 0.147
-0.646
 0.684
-0.204
 0.657
 1.133
-0.115
 0.777
-0.582
-0.170
 0.856
 0.751
-0.325
 0.775
 1.961
 2.532
 1.119
 2.022
-0.196
-0.005
 0.611
-1.710
 0.197
 0.838
-0.216
 0.189
-0.974
-1.534
-1.103
-1.203
-0.216
-0.851
-1.603
-0.541
-1.448
-0.368
-0.630
-1.222
 0.026
-0.724
 0.568
 0.036
-0.087
-0.460
-0.725
-0.042
-0.959
-0.377
 0.441
 1.599
 0.009
-0.777
-1.034
-0.167
-0.713
-0.420
 0.720
 0.605
 1.640
 2.698
 1.384
 1.914
-0.410
-1.280
 0.070
 0.940
 1.807
 1.863
 0.052
-0.619
-0.823
 0.151
 0.315
-0.267
-0.688
 0.773
-0.916
 0.505
 0.413
 0.011
 0.578
-0.308
 0.172
 0.032
 0.974
-0.118
-1.513
-0.987
-0.651
-1.518
-0.940
-1.036
-0.426
-1.620
-1.823
-1.612
 0.697
-0.484
-2.393
 0.021
 0.310
-1.899
-1.238
-0.839
-1.280
-1.134
-1.093
 0.488
-0.336
 0.188
 0.360
-0.184
 0.903
 0.776
-0.116
 0.163
 1.690
 0.936
-1.357
-1.601
-0.855
 1.113
-1.176
-0.263
 0.439
 0.121
 0.802
-0.184
-0.538
 1.124
 0.944
-0.255
-0.373
 0.057
 1.489
 2.077
-0.696
-1.082
-0.651
-0.647
-1.157
-1.358
-2.153
-1.134
-1.125
-2.178
-0.964
 0.657
 0.800
-0.906
 0.668
-0.674
-0.019
 2.332
 1.010
-0.659
-0.904
-0.466
-1.535
-0.553
-1.672
-1.132
-0.305
 1.101
 3.310
 0.831
-0.549
 0.634
 0.363
 0.040
-2.025
-0.891
-0.346
-1.108
 0.069
-0.767
-1.770
-0.925
-2.161
-1.715
-0.619
 0.883
 1.434
 0.015
-0.110
-0.092
 0.668
-0.855
-1.312
-0.721
 0.968
 0.817
 1.123
-0.139
-0.539
-2.192
 0.137
 1.314
 1.186
-0.444
-0.270
 0.592
 0.340
 0.591
 0.417
-0.406
 0.362
 0.557
-1.020
-0.415
-0.504
-0.433
 0.144
-0.720
 0.313
 0.071
 0.846
-0.428
-2.020
-0.580
 0.773
 0.591
-0.767
-1.358
-0.304
 0.885
-0.041
 1.485
 1.039
 0.379
 0.712
-1.110
-0.829
 0.650
 0.301
-1.347
-0.781
 0.688
 1.339
 0.543
-0.786
-0.681
 0.556
 2.129
 0.077
-0.381
-0.282
-0.094
-0.834
 1.266
 1.386
 0.867
 0.350
 1.250
 1.589
 2.068
-0.203
-1.510
-1.630
 1.303
 1.527
 1.556
 0.078
 1.138
 0.992
 0.998
 0.871
 2.204
 1.652
 2.069
 1.187
 0.737
 0.071
 0.079
 0.697
 0.732
-0.460
-0.820
-0.272
 1.119
 0.722
 0.845
 0.311
 0.519
 0.479
 0.029
-1.707
-0.074
-1.739
 0.338
 0.015
-0.067
 1.576
-0.480
-0.428
 0.454
 0.525
-0.111
-0.728
 0.380
 1.376
 1.141
 2.917
 1.620
 2.553
 3.239
 1.220
 1.207
 2.020
 2.449
 2.145
 1.322
 2.135
 2.719
 1.476
 2.206
-0.329
-0.705
-0.746
 2.342
 0.525
-0.424
 0.178
-1.168
-0.291
-0.035
 0.824
 0.801
-0.419
-1.364
-0.112
 1.331
-0.277
-1.293
-0.269
-0.935
 0.591
-0.835
-0.260
-1.111
-1.272
 1.028
 0.651
-0.469
 1.083
 0.413
 0.606
 1.378
 0.074
-1.084
 0.919
 0.674
-0.872
-0.024
-0.779
-0.023
-0.887
 0.126
 0.178
-1.938
-1.527
-0.469
-0.226
-0.028
 0.085
-0.683
 0.408
-0.237
 2.022
 1.412
 0.333
 1.628
 0.486
 1.246
 0.678
-0.285
-0.784
 0.329
-1.172
-1.665
-2.239
-0.709
-0.505
-1.218
 0.753
 0.775
-0.073
-0.763
 0.210
-0.903
-0.134
-0.025
-0.405
-0.013
-0.712
-0.591
 1.352
 1.813
 0.137
 1.121
-0.242
 0.002
 0.698
 0.964
-0.994
-2.434
-1.048
-0.227
 0.202
 0.205
 0.205
-0.179
 0.577
 1.806
 1.252
 2.357
 1.686
-0.360
-0.100
 1.350
 1.049
-0.117
 0.012
 0.141
 0.122
 0.197
 0.388
 0.632
-1.210
-0.096
-0.780
-1.819
 0.000
-0.290
-0.820
-0.423
-1.617
-0.712
-0.197
-0.325
 0.215
-1.258
-1.329
-0.061
-0.851
-2.336
-1.385
 0.348
-0.560
-1.158
-0.759
-0.184
 1.291
 0.403
 1.010
 0.037
-0.615
-0.338
-0.025
-0.289
-1.267
-1.479
-0.449
 0.418
 0.205
 0.532
 0.708
 0.457
 0.352
 1.088
 1.030
 0.393
 0.740
-0.805
 0.114
 0.480
 1.306
 0.096
 0.237
 0.613
 0.041
-0.779
-0.816
-1.122
-0.518
 1.206
 0.964
-0.061
 0.529
-1.392
-0.490
-1.150
 0.553
 0.478
-0.270
 1.744
 0.120
-0.996
 0.170
 1.716
 0.661
 0.606
 1.101
 0.669
-0.140
 0.326
 0.017
 0.825
 0.032
-1.174
-0.451
-1.010
-1.244
-0.748
-0.501
 1.300
 1.309
-0.646
-0.460
 0.612
-0.368
-0.407
-1.165
-0.743
 0.966
-0.035
 1.406
-0.525
-1.976
-0.734
-0.214
-0.421
 0.093
-1.173
-0.914
-1.618
-0.052
 1.326
-0.513
-0.618
 2.320
 0.100
-1.132
-0.077
-0.115
-2.173
-1.188
-1.352
-0.208
 0.208
 0.825
 0.323
 0.137
-0.833
-0.546
-0.302
-0.703
-0.259
 0.444
 2.881
 1.750
 0.030
 0.763
 1.423
 0.250
 0.791
-0.647
 1.241
-0.046
 0.335
 0.779
-0.634
-1.089
 1.427
 1.099
 1.690
 1.489
 1.554
 1.490
 0.783
-0.385
 0.091
 1.075
 0.943
 0.507
-0.281
 0.424
 1.459
 1.049
 1.301
 0.171
 2.101
 1.138
 0.362
-0.522
 0.474
-0.254
 0.876
 0.707
-1.276
-0.172
-0.130
-0.220
 0.315
 1.603
-0.108
-0.698
-0.750
 0.471
 0.266
 0.936
 1.802
 0.131
 0.710
 0.583
 1.831
 1.148
 1.659
 1.444
 2.129
 0.400
-0.610
-0.876
-1.308
 0.997
 1.070
 2.294
 1.585
 1.761
 1.886
 0.080
 1.329
 0.417
 0.989
-0.938
-0.181
 1.365
-0.076
 0.495
 0.785
 0.117
 1.354
 1.864
 0.211
 0.055
-0.041
-0.136
-0.868
 0.232
-0.706
 0.491
 0.907
 0.433
-0.143
 0.871
 0.581
 1.178
 1.451
-0.682
-0.186
-0.102
 0.382
-0.529
 1.600
 0.959
 0.163
-0.304
-0.016
 0.331
 0.613
 0.288
-1.514
 0.531
-0.432
 0.344
-0.307
-1.273
-1.208
 0.654
-0.626
 0.012
-1.107
 0.123
 1.123
 0.310
 0.642
-1.086
-1.495
 0.459
 1.657
-0.436
-1.214
 0.361
 0.111
 2.631
 1.504
-1.057
-0.143
 0.429
 1.008
-0.318
 0.508
 1.779
 1.468
-1.186
-1.000
 0.559
-0.494
 0.020
 0.926
 0.491
 0.563
-1.047
-0.963
-0.751
-0.253
 0.992
 0.957
 1.588
 1.133
 1.859
 0.575
 0.629
 1.792
-0.004
 0.234
 0.923
 0.402
 0.294
 0.234
 1.799
 1.837
 0.354
-0.221
-0.540
 0.446
 0.359
 0.875
-0.291
 1.741
 0.462
 0.673
 0.150
 1.484
 2.038
 1.350
 1.014
 0.366
 0.749
-0.376
 0.139
-0.050
 0.674
 0.880
 1.220
 0.322
-0.383
 0.471
 0.174
-0.629
-1.039
-0.552
-0.130
-0.109
 0.505
-0.395
-0.572
-0.544
-0.214
-1.813
-0.181
 0.050
-0.048
-1.564
-0.390
-0.486
-1.548
 0.594
 0.275
-0.475
-0.390
 0.373
 0.141
-0.558
-0.511
-0.480
 0.524
-1.524
-0.238
-0.727
-0.987
 0.041
 0.107
 0.675
-0.997
-0.416
-0.180
 0.040
-1.693
-1.061
-0.758
 0.558
 1.972
 0.224
-0.533
 0.415
 0.977
-0.496
 0.677
 0.233
 0.409
 0.389
 0.265
-0.434
-0.254
-0.451
 1.184
 0.257
 1.067
 0.902
-0.625
-0.127
-0.362
-1.743
 1.313
-0.024
-0.239
 0.638
 0.103
 0.877
 0.053
-0.068
-0.661
-0.230
 0.981
 0.774
-0.904
 0.203
 1.545
 0.662
 1.168
 1.635
 0.494
 0.907
-0.344
-0.517
-0.869
-0.358
-0.398
-1.129
-0.275
 0.146
-0.370
-0.282
-0.848
 0.280
 1.512
-0.895
 0.201
 0.243
-0.941
 0.413
 0.275
 0.933
 0.322
-0.129
 0.658
-0.851
-0.773
 0.399
-0.250
 0.123
-1.803
-0.633
 0.537
-0.288
 1.179
 1.741
 0.855
 0.965
 0.179
-0.299
-0.407
-0.138
 0.322
-0.593
-0.908
-1.569
-0.439
-0.568
-1.327
-0.864
 0.306
-0.930
 0.977
-0.909
 0.513
 0.591
 0.009
-1.578
 0.579
-0.074
 1.184
 0.361
 0.947
 0.640
 1.266
 0.617
 1.143
 1.174
 0.685
-0.165
-1.251
 0.239
-0.160
 0.324
-0.642
 0.025
 1.658
 0.345
 1.573
 0.107
-0.056
 0.858
 0.325
 2.028
 1.363
 0.165
-0.358
 0.575
-0.924
 0.084
 0.184
 0.507
-0.362
 0.211
-1.180
-0.734
-0.276
 0.127
-1.167
 0.210
 0.901
 0.198
 0.299
-0.259
 0.713
-0.124
 0.846
 0.189
 0.762
 1.929
 0.569
 2.031
 1.692
 2.406
 2.131
 2.212
 1.122
-0.423
 0.600
 1.482
 0.247
 0.407
-1.357
-0.503
-0.674
 0.181
 0.225
 0.155
-0.466
-1.165
-0.918
-1.472
-1.258
-0.628
-1.630
 0.011
-2.076
-0.813
 1.540
-0.304
-1.578
-0.212
 0.418
-0.463
 0.230
 1.220
-1.077
-0.650
-0.384
 0.181
-0.172
-1.141
-0.640
-1.052
-0.947
-1.986
-1.704
-1.470
 0.096
-0.543
-1.423
-0.705
-0.524
-0.437
 0.239
-0.150
-0.203
-1.254
-1.201
-1.257
 0.099
-1.286
-0.324
-1.051
-0.283
-0.935
-1.257
-1.013
 0.016
-1.182
-1.932
 0.067
-1.119
-0.043
-1.151
-0.225
-0.687
 0.392
-0.589
-0.226
-0.461
 0.270
-0.584
 0.318
-1.143
-0.643
-0.725
-1.389
-1.465
-0.877
 0.762
 0.650
 0.811
-0.277
-1.178
-0.468
-1.062
 0.228
 1.337
 1.601
-0.265
-0.128
-0.548
 0.282
 0.172
-1.495
 1.288
-0.229
-0.262
 0.154
-0.358
 0.039
 0.121
 0.573
-0.363
 0.315
 0.181
 0.172
-0.039
 0.007
-0.103
-1.481
-1.400
-1.193
 0.866
 0.178
 1.456
 1.276
 0.151
 0.211
 0.003
-0.016
-0.706
 0.654
-0.170
-1.272
-0.485
-1.971
 0.394
 0.030
-0.475
 0.762
 0.202
-1.220
-1.077
-0.169
 1.623
-0.476
-0.711
-0.902
-0.572
-1.476
-0.965
 0.360
-1.334
-1.633
-0.981
 0.206
-1.086
 0.451
-0.218
 0.748
-0.614
 1.041
 1.412
 0.010
-0.876
 0.199
 0.507
 0.295
-0.447
 0.886
 0.364
-1.097
-0.376
-0.243
 0.145
 0.455
-0.454
-1.237
-0.015
 0.503
-0.090
-0.785
-0.761
-1.152
-0.124
 0.238
 0.607
-0.064
 0.796
-0.529
 0.575
-0.369
-0.427
-0.030
 0.420
-0.115
-0.173
-0.014
-0.161
-0.168
-0.534
 1.190
 1.799
-0.580
 0.004
-0.897
-0.094
 0.971
 1.357
 0.980
 0.247
-0.449
 0.544
-0.646
 0.830
 0.492
-0.211
 0.435
 0.005
-0.084
 0.783
 1.895
 1.682
 1.719
 0.254
 0.223
-0.109
-0.517
 0.050
 0.338
-0.597
-1.319
-0.523
-0.399
-0.423
 0.512
-0.789
 0.003
 1.547
 0.225
-0.743
-0.792
 1.875
-0.164
 1.194
 2.139
-0.252
 0.630
 1.434
 1.792
 0.383
 1.089
 2.062
 0.680
 0.955
 0.298
 0.614
 0.854
 1.472
 2.440
 1.077
 1.581
 1.556
-0.341
 0.098
 0.791
-0.520
 0.056
-0.417
-0.843
 1.097
 0.545
-0.043
-0.295
 0.606
-0.041
 0.677
 1.307
-0.564
 0.370
 1.623
-0.046
 0.507
 0.939
 2.122
 1.018
 1.979
 0.942
 1.239
 2.037
-0.214
 0.497
 0.125
 0.947
 1.050
 0.263
 1.215
 0.180
 0.668
 1.657
 0.884
 0.728
 0.653
 0.403
 1.973
 1.296
 0.154
 1.864
 2.383
 1.326
 2.873
 1.983
 1.478
 2.154
 1.256
 2.331
 1.439
 2.098
 1.997
 1.615
 2.988
 0.455
 0.853
 0.585
-0.674
-0.007
-0.490
-1.150
-0.977
-0.667
-0.205
 0.430
 1.044
 1.232
-0.691
-0.637
-0.268
-0.002
-0.549
-0.360
-0.559
-0.710
-0.949
-0.691
 0.310
 2.288
-0.032
 1.168
 0.867
 0.918
-0.318
-0.432
-0.012
-0.472
-0.245
-1.812
-0.105
-0.372
 1.703
-0.692
 0.223
-0.459
-1.582
-0.173
 1.223
-2.058
-0.571
-1.041
-0.930
-0.596
 0.331
-0.750
-0.633
 0.960
 0.168
 0.821
-0.044
 0.650
-1.321
-1.023
-0.381
 1.299
-0.203
-1.047
-1.352
-1.498
 1.124
 1.018
 0.392
-0.641
-0.775
-1.054
-1.738
-0.458
-1.460
 0.641
 1.453
 1.321
 1.046
 0.771
 0.484
 0.203
 0.346
 0.312
 1.008
 0.750
-0.304
 0.086
-0.505
-1.411
-0.276
-0.434
-0.105
 1.208
 0.361
-0.161
-0.250
-0.060
-0.260
-0.074
 0.693
-0.037
 0.346
 0.541
 0.301
-0.237
-0.778
-1.788
-2.331
-0.452
-2.846
-0.197
-0.791
-0.709
 0.039
-0.234
 0.461
-0.332
-2.571
-2.061
 0.062
-1.303
-1.228
-1.104
 0.138
-0.843
-1.133
-2.409
-1.872
-2.127
 0.740
-2.349
-1.061
-1.334
-1.439
-1.851
 0.026
-0.204
 0.052
-0.023
-1.291
-0.224
-0.200
 0.150
-0.049
-0.514
 0.824
-0.031
-1.111
-0.054
 0.682
 0.040
 0.876
 1.412
 0.767
 1.203
 0.230
 0.783
-0.908
-1.694
-0.302
 0.439
 0.022
 1.371
-2.056
 1.836
 1.291
 1.555
 0.139
 0.365
-0.556
-0.973
-0.816
 0.930
-0.127
 1.399
 0.677
-0.975
-1.857
-0.470
-0.933
-0.839
 0.490
 0.124
-0.666
 0.509
-0.157
-0.201
-0.833
-1.670
-1.131
-0.570
-1.921
-0.811
-1.642
-1.887
-0.458
-0.664
-0.444
-0.426
-0.950
 0.702
 1.561
 1.425
 1.179
 0.226
 1.272
 0.105
-0.677
 0.887
-0.073
-0.470
-0.280
 1.774
 0.108
 1.173
 0.577
-0.291
 0.594
 1.769
-1.630
 0.825
 1.248
 0.049
-1.587
-0.459
 0.049
-1.001
-3.498
-0.589
-0.087
-1.206
-1.236
-1.860
-0.183
-1.353
-0.868
-1.698
-0.949
 0.323
 0.532
 0.140
 0.851
 0.605
-0.439
 0.264
-1.252
-0.968
-0.438
-0.969
-1.959
-0.510
-0.842
 1.114
-0.175
 1.148
 0.555
 0.474
 0.933
 0.915
-0.555
 0.709
-1.351
-0.644
-1.064
 0.206
-0.362
-1.033
-0.203
 0.197
-1.492
-0.117
 0.100
-1.624
-1.595
-1.258
-0.267
-1.257
-0.883
-1.288
-0.623
-0.193
-1.265
-0.363
 0.143
 0.675
 0.470
-0.172
-0.088
-0.061
-1.442
-1.694
-0.553
-0.446
-1.334
-1.266
 0.912
 1.265
 0.830
 1.385
-0.128
-1.208
 0.548
 0.678
-1.026
-0.271
 0.983
 0.064
 0.277
-1.673
-1.630
 0.255
-0.376
-0.481
-1.611
-0.976
-0.348
 0.675
-0.172
 0.874
 2.130
 1.653
-0.070
 1.611
 0.026
 0.544
-0.029
 0.149
-0.213
-0.594
-0.373
-0.102
-1.299
-1.989
 1.187
 0.800
-0.698
 1.481
 1.258
-0.439
 0.085
 0.750
-0.402
 1.097
-0.768
-0.397
-0.743
 0.588
-0.624
-0.655
 0.173
-1.097
-0.555
-0.811
-1.122
-0.107
-0.641
 0.373
-1.358
-0.762
-1.123
 0.550
-0.090
-0.614
-0.904
-0.052
-0.054
 0.885
-1.075
-0.912
-0.389
-1.475
-0.504
 0.701
 0.249
 1.738
-0.160
 0.248
-0.574
-1.053
-0.114
 0.530
 0.463
 1.942
 0.906
-0.049
 0.276
-1.715
 0.089
-0.356
 0.273
-0.544
 0.236
 0.242
 0.789
-1.022
-0.156
 1.358
 1.740
 0.605
-0.254
-0.804
 0.450
-0.195
-0.937
-0.167
 0.011
 0.266
 0.120
-0.951
-0.856
 1.072
-0.174
-0.200
-0.591
-0.930
-0.108
 0.922
 0.813
 1.396
 1.854
 1.364
 2.262
 3.126
 0.302
 1.834
 1.232
 0.669
-0.620
 2.071
 1.902
 2.045
 0.760
-0.608
 0.001
 1.655
 0.802
-0.022
-0.575
 0.673
 1.396
 0.681
 1.560
-0.027
 1.251
 0.457
 0.778
 0.955
 1.070
-0.131
 1.173
 1.398
-0.178
 1.073
 1.478
 1.428
 0.409
 1.038
 1.428
 0.609
 1.494
 0.972
 0.069
 1.479
 1.213
 1.234
-0.192
 0.535
 0.985
-0.768
 0.389
-1.066
-1.761
-0.042
-0.180
-1.327
 0.136
-1.109
 0.196
-0.887
-0.574
-0.466
 0.467
-2.566
-1.229
 0.187
-1.520
-1.805
-1.623
-2.356
 0.067
-0.321
-0.777
 1.140
-0.265
 0.039
 0.820
 0.324
-0.586
 0.344
-0.862
-0.033
-0.594
-2.368
-0.229
-0.218
-2.526
-0.851
-0.743
-0.400
-1.409
-0.654
-0.072
 0.090
-1.132
-0.304
-0.753
 0.131
 0.147
-0.518
-1.317
-0.134
 0.002
 1.068
 0.242
 0.309
-0.079
-0.438
-0.127
 1.495
-0.035
-0.209
-2.202
-1.715
-1.778
-0.087
-2.054
-1.989
-1.350
-1.005
-2.280
-2.487
-1.683
-2.100
-2.360
-0.151
-0.905
-1.943
-1.531
-0.764
-1.665
-0.523
-1.714
 0.083
 0.949
 0.285
-0.717
-1.620
-0.948
 0.333
-0.195
 1.388
 0.019
-1.501
-0.812
 0.099
 0.035
-0.610
-1.008
-0.980
-2.563
-2.177
-0.766
 0.337
-0.749
 1.445
-0.478
-0.437
 1.561
-0.741
 0.406
 0.977
 2.180
 2.905
 1.534
-0.208
 0.013
 0.998
 0.235
 0.225
 0.097
 0.187
-0.367
 0.189
 0.788
 0.531
 0.007
-0.418
 1.258
-1.209
-0.914
 0.012
-0.549
-0.742
-0.795
-0.183
-2.100
-0.561
 0.600
-0.087
-1.155
-0.258
 1.217
 1.001
-0.233
-0.467
-0.210
-0.277
-0.673
-2.420
-1.442
-1.515
-1.071
 0.433
-1.530
 0.346
-0.682
 0.396
 0.544
 1.184
 1.351
 0.184
 0.916
-0.095
 0.227
 0.605
 0.535
 0.516
 1.300
 0.953
 0.982
 2.449
 0.191
 0.921
 2.298
 1.708
 2.364
 1.877
 0.098
 0.533
 1.797
 0.632
 0.974
 0.329
-0.120
 0.835
 1.167
-0.227
-0.477
-1.818
-1.526
-1.079
-1.176
 0.739
 0.290
 0.287
 0.499
-0.201
-0.137
-0.295
-0.398
-0.558
 1.076
 0.359
-0.059
-0.474
-0.522
 0.570
-0.129
 1.170
 0.343
-0.210
 1.330
 0.905
-1.156
-0.862
 0.990
 1.072
-0.600
 0.070
 0.953
-0.349
 0.651
-0.504
-1.329
 0.483
-1.042
-0.856
-0.598
 0.421
 0.195
 0.638
 0.074
 0.334
 1.244
 0.086
-0.057
-0.052
-0.763
-0.911
-0.220
-0.088
-0.572
 0.382
-0.383
-0.881
-0.692
-0.806
-0.631
-1.362
-1.305
-1.447
-2.011
-0.664
-0.727
-0.311
 0.444
-0.540
 0.294
-0.186
 0.272
-0.441
 0.094
 0.092
 0.939
 1.432
-0.054
 1.447
 0.632
-0.150
-0.181
 0.116
-0.010
 0.770
-0.319
-0.322
-0.289
 0.365
-0.570
 0.051
 0.540
 0.364
-0.884
 0.156
-0.768
-1.788
-0.305
-1.402
-0.442
 0.329
 0.938
 0.949
-0.066
-0.614
 0.815
 0.227
-0.447
 0.058
-2.573
 0.805
-0.259
-0.175
-0.020
-0.340
 1.150
 1.948
 1.742
 1.959
 1.090
 1.504
-0.161
 0.765
 0.210
 0.011
 2.006
 1.650
-0.375
 0.084
 1.306
 1.413
 1.321
 1.407
 1.723
 3.204
 2.486
 0.739
 0.179
 1.583
 0.500
 0.620
-0.882
 0.271
 0.970
 1.699
 0.271
 0.711
 0.709
 1.000
 1.501
 1.813
 2.008
 1.441
-0.064
 0.621
 0.543
 1.257
 1.105
 1.597
 2.619
 0.664
 1.637
 1.469
 0.758
 1.248
 1.399
 0.596
 1.679
 0.761
 1.043
-0.270
 0.270
-0.657
 0.240
-0.172
 0.081
-0.459
-0.584
-0.916
-0.518
 0.028
 1.681
 1.801
 0.476
 0.736
 0.736
 0.398
 1.525
 0.454
 0.134
 0.521
 0.527
-2.234
 0.522
 0.648
-0.103
 0.636
 0.622
-1.016
 0.092
-0.256
-1.194
-0.863
-0.805
-0.978
-0.582
 0.356
-1.226
 0.052
-0.666
 0.125
 0.958
 1.532
 0.762
 0.225
 0.701
 1.425
 0.238
-0.906
 1.175
 0.851
 1.321
 0.695
 1.018
 0.143
-0.203
 1.166
 0.902
 1.433
 1.343
 0.430
 1.176
 0.483
 0.919
 1.420
 1.466
 1.124
-0.202
 0.769
 1.297
 0.770
 0.944
 0.602
 0.651
 0.283
 1.664
 0.945
-0.757
 0.996
-0.705
-1.425
-0.346
 2.414
 0.346
 0.461
 0.385
 0.823
 0.601
 0.115
 0.969
 0.216
 0.746
 0.838
 0.425
 0.085
 0.566
 0.636
-0.161
 0.029
-0.085
-0.588
-0.311
 0.970
 1.294
-0.648
 1.203
-0.216
-0.074
 1.438
 1.139
 0.340
 0.103
 0.651
 1.133
 0.775
-1.607
-1.825
 0.807
 1.639
 1.366
 2.104
 1.093
 1.389
-0.202
-0.622
-0.231
 0.118
 0.026
-0.360
 0.004
 1.031
 1.228
 0.715
-0.539
-1.440
 0.234
 0.215
 1.413
 1.093
 0.401
-0.811
-0.309
-0.128
 0.959
-0.681
-0.376
 0.169
-1.386
 0.856
 1.707
 0.616
-0.712
-1.238
 0.795
-1.056
 0.009
-0.298
 0.384
 1.676
 0.261
-1.197
-1.487
-0.674
 0.565
 0.666
 0.239
-0.344
 0.782
 0.799
-0.443
-0.273
-0.072
 1.922
 0.542
-1.714
-0.477
-0.958
 0.701
-0.540
-0.734
 1.447
 0.779
-0.026
 0.207
 1.054
-1.097
 1.413
 0.056
-0.006
-0.032
 0.376
 0.771
 0.861
 0.361
-0.519
-0.218
 0.173
-2.117
-0.706
 0.005
 0.007
-1.698
-1.792
 0.036
 1.635
 0.297
 0.457
-1.170
-0.839
-0.146
 0.158
 1.122
 1.919
 0.662
 2.092
-0.602
 0.093
 0.403
 0.057
-0.072
-2.500
-0.566
-2.015
-1.978
-1.723
-0.716
 0.888
-0.412
-1.274
-1.065
-1.152
-0.555
-0.796
-1.616
 0.510
-0.503
-0.718
-1.902
-1.766
-1.176
 0.434
-1.070
-0.791
-0.456
-1.252
 0.090
-0.235
-0.445
 1.436
-0.633
 0.914
-0.143
 0.256
-0.660
 0.481
 0.890
 1.504
 1.655
 0.748
 1.544
 1.085
-0.555
-0.591
 1.186
-1.321
 0.307
 0.210
-0.032
-0.468
-2.069
-1.017
-0.784
-0.109
-1.655
-0.418
-0.756
-2.678
-3.519
-2.615
-2.639
-0.591
-0.860
-0.865
-0.736
 0.513
 0.620
-1.270
-0.699
-0.976
 0.319
-1.065
-1.319
 0.261
-0.947
-0.857
-0.980
-1.067
-1.529
-1.442
-1.005
 0.281
-1.272
-1.166
-1.667
 0.222
-0.207
-1.119
-1.512
-0.655
-1.863
-1.430
 0.138
-0.737
-0.573
-0.178
 1.571
 1.916
 2.697
 1.552
 0.073
 0.799
 0.508
-0.266
 0.275
 0.390
 1.002
 0.716
 0.657
 0.435
-0.262
-0.095
 0.162
-1.248
 0.076
-0.412
-0.430
-2.280
-1.321
-1.928
-0.730
-1.301
-0.509
-0.907
-0.005
 1.281
-0.036
-0.107
 0.237
-0.015
 0.642
 0.297
-0.623
 0.086
 0.152
-1.358
-0.577
-0.264
 0.498
-0.615
 1.003
-0.031
 0.120
 0.239
-1.134
-0.796
-0.267
 0.066
 1.906
 2.547
 0.286
 0.346
 1.145
-0.180
-0.559
 0.175
-1.121
-0.301
-1.210
-0.687
-0.977
-0.981
-1.328
-0.625
-0.954
-0.688
-0.025
-1.678
 0.092
-0.317
-1.339
-0.245
-1.362
-0.303
-2.276
-0.973
-1.360
-0.126
-0.775
-0.723
-0.301
-0.079
-0.329
 1.396
 1.513
 1.950
 0.931
-1.463
-0.929
 0.114
-0.140
-0.332
-1.354
-0.194
-1.039
-1.836
-0.848
-0.329
-0.607
-0.720
-2.417
-1.920
 0.182
-0.053
 0.647
-1.342
-1.099
-0.566
-0.107
-0.444
-0.192
-1.105
 0.176
 0.347
 0.686
-1.543
-1.919
-0.361
-1.580
-2.620
-1.008
-0.114
-1.047
 0.607
 0.531
 0.950
 0.922
-0.329
 0.773
 0.091
 0.172
 0.305
 0.321
-0.188
 1.319
 1.242
-0.220
 0.074
-1.911
-0.463
-0.108
-0.628
-1.659
-0.505
-2.130
-2.286
 1.136
 0.796
 1.153
-0.984
-1.854
-1.677
-1.038
-1.575
-2.580
-2.718
-1.234
-0.312
-0.391
 0.097
-0.619
 1.008
-1.159
-0.399
-1.054
-0.063
-2.123
-1.254
-1.050
-2.062
-0.230
 0.017
-1.319
-0.489
-0.055
 0.263
-1.579
-1.247
-0.417
-0.543
-0.113
-0.191
 0.219
 0.949
 0.716
-0.350
-0.100
 0.073
-1.293
-0.932
-0.829
-0.354
-0.025
 0.392
-0.019
-1.181
-0.451
 0.048
-1.433
 0.190
-2.092
-1.814
-0.329
-1.527
 0.332
-1.044
-0.687
-0.197
-1.930
-0.929
-1.119
 0.481
-0.639
-1.282
 0.584
-0.368
-1.516
-0.161
 0.238
-0.056
-0.305
 0.100
-0.235
 0.199
-0.018
-0.089
 0.267
-0.584
 0.449
 1.084
 0.688
-0.080
-0.357
 0.396
 0.551
-0.528
-0.183
-0.635
-0.412
-0.420
-0.142
 0.355
 0.324
-1.090
-1.362
-1.113
-2.454
-1.360
-1.020
-1.237
 0.383
 1.378
-1.166
 1.292
 0.548
 1.820
 0.858
 1.019
-0.082
 2.003
 1.516
-0.103
 0.675
-0.444
 1.120
 0.443
 0.815
-1.371
 1.446
 0.027
 1.933
 1.941
-0.133
-0.226
-0.198
-1.236
-0.373
-0.358
-1.028
 1.385
 1.214
 0.289
-0.571
-1.107
-0.462
-1.550
-1.429
 0.008
-1.527
-0.497
-0.031
 0.285
-1.468
-0.299
-1.881
-0.855
-0.420
-0.348
 0.061
 1.143
 0.494
 0.099
-0.460
-0.351
 0.523
-0.982
 0.210
 1.372
-0.614
-0.988
-1.316
 0.728
-0.702
 0.179
 0.068
-0.697
 1.392
 0.742
-0.357
-0.750
-1.545
 0.350
-0.070
 0.711
 1.040
 0.075
-0.128
-0.704
-1.009
 0.813
 0.749
-0.800
-0.936
-0.773
 0.038
 0.750
-0.784
-0.511
-0.784
-0.798
-1.755
-1.314
 0.437
 0.369
 0.699
 1.474
 0.192
-0.816
-0.781
-1.952
-0.035
 0.053
-1.825
-1.659
-0.436
 0.915
 1.014
 0.928
 0.869
-0.220
 1.059
 0.556
 0.717
 0.365
 0.694
-0.036
-0.059
-0.373
 0.670
-0.297
-2.065
-1.379
 0.246
-0.175
 1.210
 1.446
-0.669
 0.681
 0.580
 1.903
-0.107
 1.016
-0.740
 0.996
 0.827
 0.750
 1.192
 0.746
 1.013
 0.885
 0.876
 1.450
 0.410
-0.831
-0.027
-0.241
-2.241
 0.517
 0.405
-0.916
-0.438
-0.840
 0.192
-0.606
 0.695
-0.292
 0.812
 0.523
 1.404
-0.239
 0.224
 1.258
-0.550
 1.093
-0.634
 0.225
 0.670
-0.291
 0.602
-1.321
 0.426
 0.000
 0.590
-0.824
-0.834
 0.180
 0.447
 0.921
-0.397
-0.796
-0.742
-0.607
-0.104
 1.654
 1.195
-0.035
 1.217
 0.203
-1.202
-1.269
 0.785
 0.086
-1.404
-0.029
-0.025
 0.362
 0.678
 0.874
 2.320
 0.807
 0.256
 0.629
 1.394
 1.813
 0.936
 2.182
 2.330
 1.007
 0.221
 0.829
 0.540
 1.134
 1.520
 0.315
 0.209
 1.212
 0.251
-0.326
 0.284
 0.105
-1.046
-0.767
-1.341
-1.296
-0.372
-0.057
-0.749
 1.120
 0.106
 0.291
 1.149
 0.120
 0.898
-0.097
-0.183
-0.026
-0.478
-1.694
-1.707
-1.720
-0.747
-0.283
-0.478
-0.552
-0.320
 0.194
 0.528
 0.723
 1.357
 0.055
 0.155
 0.479
 1.642
 0.953
 0.768
 0.874
-0.476
-0.361
 0.880
 0.842
 0.736
 0.367
-0.511
-0.441
-0.112
 0.108
 1.713
 0.164
-0.889
 0.605
 2.570
 0.968
 0.009
 0.784
 1.686
-1.226
-0.759
 0.287
 1.650
 1.129
-0.410
-0.312
-0.815
 0.644
 0.831
 0.215
 0.178
 2.098
 1.664
 0.949
 1.798
 0.182
-0.696
-0.397
 0.191
-0.082
-0.118
-1.845
 0.511
 0.094
-0.074
-1.210
-1.540
-0.480
-0.833
-0.702
 1.123
-0.713
 0.257
-0.046
-0.840
 0.613
 1.221
-0.474
-0.187
-1.208
-0.510
-0.344
-0.271
-1.757
-1.882
-0.659
-1.192
-1.698
-1.554
-1.606
-1.427
-0.897
-1.469
-1.864
-1.551
-0.302
 0.320
-0.201
 0.857
-0.452
-1.045
-0.699
-0.906
-0.699
-1.681
-0.510
-1.115
-0.613
-0.336
-1.534
-0.968
-0.667
-0.895
-0.454
-1.668
 0.561
-0.063
 0.008
 1.019
-0.320
-0.615
 0.014
 0.824
 1.369
 0.203
-0.964
-0.376
 0.540
 0.439
 0.287
 0.673
 0.662
 1.226
 1.005
 1.283
 1.284
 0.971
-0.192
 0.922
 1.098
 0.661
 0.497
-0.690
 0.768
 0.359
-0.013
 0.585
-0.839
 1.128
 2.451
 0.737
-0.183
 1.146
-0.980
 0.559
-0.971
 0.229
 0.436
-0.609
 0.214
 0.749
 0.246
 0.663
 1.206
 0.260
-0.507
-0.165
 1.920
 0.836
-0.199
-0.991
 0.478
-0.930
 1.095
-0.497
-0.256
-0.653
-0.680
-0.439
-0.560
-0.488
-1.164
-1.190
-1.827
-2.112
-1.660
-2.496
-2.179
-1.612
-0.947
-0.796
-1.329
-0.309
-1.330
-2.026
 0.013
 0.944
 0.531
-0.261
-0.332
 0.393
-0.137
-0.262
-0.893
-2.357
-0.304
-1.431
-0.811
-1.754
-2.039
-0.648
-2.344
-1.059
-1.115
-0.034
 1.045
 0.821
 1.079
 0.997
 0.135
-1.065
 0.422
 1.172
 1.001
 0.925
-0.770
 1.109
 0.232
 0.398
-0.791
 0.291
-0.856
-0.975
 0.047
-0.501
-1.882
-0.392
 0.993
 1.228
 0.522
-0.804
-0.531
-0.274
-0.820
-0.615
-1.585
-0.521
-1.170
-1.210
-0.267
 0.501
-0.417
 0.025
-1.226
-0.403
 0.002
-0.034
-0.131
-0.454
-0.622
 0.074
-0.749
 1.989
 0.495
-0.840
-0.868
 0.841
 0.452
 0.512
-0.437
 0.146
 0.986
 1.950
-0.298
-1.370
-0.752
-1.623
-2.799
-2.634
-0.345
 1.669
-0.443
-0.235
 0.545
-1.597
-1.269
-1.321
-1.271
 0.204
-2.716
-2.429
-0.851
-1.322
-0.935
-0.847
-0.636
 0.643
-0.444
-0.184
-0.054
-0.198
-0.672
-0.512
-0.334
 0.383
 0.555
 0.390
-0.612
-0.675
 0.220
-0.640
-0.680
 0.133
-0.043
 0.849
 1.033
 0.930
 0.819
 0.755
 0.288
 0.604
-0.144
 2.295
 1.639
 0.704
-0.098
-0.014
-1.594
-1.813
 1.133
 1.057
-0.701
-0.263
-0.615
 0.804
-0.639
 0.822
-0.748
-1.257
 0.072
-1.368
-1.642
-0.920
-1.783
-1.599
-0.498
-0.771
-0.561
-0.453
-0.390
 1.375
-0.469
 0.210
-0.586
-0.171
 1.113
 0.323
 1.803
 0.520
 0.218
-1.954
-0.706
-1.080
-1.060
 0.169
 1.202
 1.748
 1.773
-0.521
 1.421
-0.940
-0.052
 1.550
 0.134
 0.680
 1.693
 0.108
 1.374
 1.586
 0.259
 0.574
-0.416
-0.204
 0.1