
 1.660
 2.022
 2.391
 0.335
-0.220
 0.330
 0.755
 0.605
 2.406
 2.687
-0.281
 2.671
 1.774
 1.616
 1.438
 1.256
 2.285
 2.356
 0.760
 0.210
 0.044
 0.321
 0.437
 2.137
 1.912
 2.290
 0.422
 1.839
 0.706
 1.128
 1.508
 1.459
 1.285
-0.143
 1.133
 1.958
 1.304
 0.762
 1.054
 2.086
 1.669
 1.025
 0.991
 1.337
 0.563
-0.041
 1.241
 1.437
 1.166
 1.922
 1.030
 1.516
 1.487
 0.701
-0.015
 0.432
 1.012
 0.341
 0.098
-0.924
-0.005
-1.024
-1.059
 0.337
 0.605
-0.417
-0.751
-0.400
-1.884
 0.665
-0.543
 1.126
 0.810
 1.165
 0.536
-0.139
 1.399
-0.014
 1.589
 0.052
 1.569
-0.554
 0.197
 1.038
 0.831
 0.852
 0.096
-0.074
 0.305
-0.675
 0.281
 0.285
 0.812
 0.978
 0.061
 1.402
-0.812
 0.081
-0.239
 0.512
 0.614
 2.037
 1.109
-0.063
 0.394
 2.562
 0.886
 0.821
 1.057
 1.223
 1.180
 1.149
 0.542
 0.879
 1.577
 0.843
 1.823
 1.636
 0.703
 1.332
 0.945
 0.722
 0.489
 0.559
 0.254
 1.036
 0.313
-0.838
 0.040
 1.163
 1.051
 0.856
-0.063
-0.375
 1.408
 1.504
 1.425
 0.445
 0.493
 0.999
-0.959
 1.173
 1.641
 2.800
 1.084
 2.553
 0.661
-0.127
 1.733
 2.756
 1.321
 1.290
 2.336
 1.186
 1.584
 0.079
 0.822
-0.672
 0.752
-0.236
 0.310
 0.106
-0.019
 0.663
-0.220
-0.407
 0.309
 1.479
 0.070
-0.646
 0.487
 0.152
 0.781
 0.550
 1.627
 1.225
 0.636
 0.644
 0.139
 2.463
 2.048
 0.598
-0.464
 0.594
 2.415
-0.726
-0.729
 2.367
 0.264
-0.798
-1.177
-0.136
-1.288
-1.481
-0.071
 0.229
 1.004
-0.282
 0.189
 0.693
-0.210
 1.007
-1.778
-1.073
-0.957
-1.028
-0.406
-0.354
 0.582
 1.454
 2.444
-0.260
 0.771
 1.980
 0.807
 1.124
 0.515
-0.216
 1.783
 2.089
 1.146
 0.300
 1.427
 1.141
 1.850
 0.566
 2.479
 1.138
 1.174
 1.961
 1.139
 1.033
 1.051
 0.226
-0.360
 1.160
 1.282
 2.603
 1.267
 1.184
 0.691
-0.869
-1.047
 1.181
-0.029
 1.448
 1.200
 0.755
-0.015
 0.649
 0.164
 0.416
-1.167
 0.253
 0.051
 0.880
-0.104
 0.842
-0.294
 0.892
-0.330
 0.695
-1.339
-1.161
-0.796
 0.231
 0.259
-0.177
-0.287
 2.197
 1.843
 0.363
 0.393
 0.284
 1.975
 3.949
 1.421
-1.025
 0.788
-0.327
 0.176
 1.336
 0.007
 1.622
 2.002
 1.887
 0.724
 1.372
 0.713
-0.299
 1.040
 1.871
-0.265
 0.312
 0.751
 1.429
 0.148
 0.011
 0.337
 0.105
 0.534
 1.771
-0.746
 0.377
 0.465
 0.498
-0.421
 0.281
 1.510
-0.146
 0.666
 0.013
 0.208
 1.042
 2.251
 2.259
 1.697
 0.830
 0.771
 0.762
 2.247
 1.007
 0.236
 1.241
 0.529
 1.594
 0.769
 1.681
 0.027
 0.879
 2.234
 0.409
-0.310
 0.237
 2.422
 2.065
 1.259
 2.944
 1.972
 1.781
 0.973
 1.681
 1.451
 0.847
 0.772
 2.119
 2.638
 2.027
 2.543
 0.338
-0.296
 0.639
 0.702
-0.113
-0.846
-0.108
 0.731
 0.662
 1.400
 2.469
 2.144
 1.571
 1.534
 1.376
 0.922
-0.024
 0.645
 0.979
 1.934
 1.469
-0.354
 0.952
 1.657
 1.151
 0.802
 0.506
 0.134
 0.884
 0.282
 1.381
 1.296
 2.668
 2.778
 2.088
 2.405
 0.680
 0.406
 0.474
 3.114
 0.534
 0.632
 0.823
 0.297
 1.387
 0.495
-0.207
-0.510
 0.257
 0.229
 1.785
 1.364
 0.784
 0.803
 2.346
 0.383
 1.033
 1.430
 0.072
-0.150
-1.499
 0.788
 0.108
-0.357
 0.259
-1.696
-1.131
-0.130
-1.127
-0.964
 0.814
 0.627
 1.210
 0.072
 0.982
 0.573
 0.214
 1.596
 0.573
 0.397
 1.094
 0.439
-0.170
-0.066
-0.336
 0.537
-0.010
-0.775
 0.477
-0.902
-0.279
 0.378
 0.426
 0.627
 1.075
 0.214
-0.597
-0.002
-0.894
 0.212
-0.128
 1.090
 0.326
-0.663
 0.124
-1.000
-0.585
-0.444
 1.022
 0.134
-1.203
 1.131
 1.116
 0.807
 1.333
 1.402
 0.647
 1.395
 1.648
 0.358
 1.694
 1.766
 3.249
 1.634
 0.947
 1.978
 0.575
 1.299
 0.264
 0.744
 1.951
 1.308
-0.276
-0.147
-1.334
-0.739
 0.840
 0.346
-0.698
 2.220
-0.055
-1.265
-0.553
 0.881
 0.256
-0.016
 0.057
-1.648
-0.516
 0.772
 0.810
 0.406
-0.091
-0.583
-0.153
 1.318
 0.675
 0.379
-1.143
-2.528
-0.845
-0.232
 0.071
 0.236
 0.550
 1.469
 0.056
-0.023
 0.350
 0.496
-0.084
 0.315
 0.990
 0.700
 1.134
 0.382
 0.799
 2.060
 0.606
 0.637
 2.841
 0.637
-0.643
-0.172
-0.894
 0.322
 1.160
-0.550
 1.096
 0.070
-0.016
-0.236
-0.866
-0.933
-0.818
 0.557
-1.339
-0.204
 0.384
-0.732
-0.102
 0.568
-0.466
 1.122
 2.427
 0.034
-0.156
-0.114
 0.500
 0.779
-0.029
 0.281
-0.939
-0.836
-0.461
 0.116
 0.029
 0.627
 1.378
 1.041
 1.879
 0.721
 0.766
 0.380
 0.761
 0.280
 0.017
-0.205
 0.346
 0.536
-0.126
 1.264
 1.072
 0.059
-0.282
 0.495
-0.635
 0.745
 1.258
 0.987
 1.274
 1.374
 0.720
 0.377
 0.061
-0.454
 0.420
 0.480
 1.091
 0.746
 1.926
-0.111
 0.052
 1.252
 0.934
 0.617
 0.292
-0.548
-1.030
-1.984
 1.308
 0.549
 0.214
-0.060
 0.844
 1.088
-0.260
 0.208
-1.527
-0.287
-1.157
-1.701
-1.869
 1.740
 2.229
 0.552
 1.469
 0.837
 1.036
-0.178
-0.541
 0.328
 2.080
 1.760
 0.938
 0.633
 0.868
-0.183
 0.963
-0.045
 1.833
 0.148
 0.773
 1.274
 0.816
 2.079
 1.361
-1.030
-0.358
 0.081
-0.362
 0.116
 0.116
-0.504
 0.716
-0.076
-1.293
 0.539
 1.069
 0.663
 0.752
 0.512
 1.321
 0.835
 0.492
 0.152
 0.378
 0.771
 0.732
 2.794
 0.830
 1.249
 1.277
 0.979
 1.149
 1.358
 0.957
 0.146
 0.928
 2.757
 0.301
 0.839
-0.933
-0.028
 0.648
 1.842
 1.020
 2.620
 1.323
 1.448
 0.148
 0.962
 0.971
 0.658
 1.229
-0.051
 1.258
-0.768
-0.243
 0.511
-0.744
 0.044
 0.491
-0.752
 0.539
 0.274
 1.531
 0.015
 0.910
 0.526
 1.045
 1.263
 2.834
 1.362
 1.235
 0.087
 0.854
 0.385
 0.304
 0.523
 0.935
 0.536
 1.083
 1.141
-0.151
 0.031
 0.397
 0.250
 0.793
-0.346
-0.537
 0.198
-0.227
 0.067
-0.045
-0.687
 0.616
 1.687
 0.064
 0.490
 0.469
 1.204
 1.318
 0.356
 1.682
 0.203
 1.133
 3.677
 2.887
 2.035
 0.714
 1.325
 1.396
 2.146
-0.026
-1.008
 1.346
 2.009
 0.594
 1.869
 1.487
-1.007
 1.087
 0.263
-0.685
-0.365
-1.609
 0.675
 0.401
-0.382
 0.806
 0.711
 1.436
-0.912
-0.719
 1.214
 0.453
-0.125
 0.024
 0.940
-0.588
-0.095
 0.088
-0.793
 0.086
-0.127
 0.972
 1.804
-0.504
 0.819
 0.836
 1.687
 0.878
 0.391
 0.715
 0.982
 0.225
-0.658
-0.425
 0.041
-0.067
 1.443
 0.642
-1.525
 0.400
-0.252
-0.993
 0.765
 0.323
 2.340
 0.440
-0.360
-0.949
-0.298
-1.317
 0.221
 0.139
 1.069
 1.277
 0.706
 2.350
 3.217
 1.863
 0.453
 0.861
-0.199
 1.379
 0.900
 0.899
 1.538
 1.829
 1.052
 1.508
-0.624
-0.373
-0.720
-0.247
-1.919
 0.313
-1.000
-1.029
-0.662
-0.310
-0.884
 0.487
 2.177
 1.854
 1.239
-1.382
-0.153
 0.874
 0.428
 0.224
 0.207
 1.417
 0.546
 2.154
 0.780
 0.202
 1.917
 0.563
 0.476
 1.169
-0.345
 1.259
 0.929
 1.069
 1.472
 1.627
 0.341
 0.873
-0.002
 1.260
 1.876
 1.294
 0.246
 1.378
-0.140
 1.328
 1.361
 0.673
 1.131
 0.096
 2.188
 0.151
 2.304
 0.754
 0.815
 2.154
 0.807
 0.772
 0.530
 0.467
 0.000
 0.672
 0.309
 0.261
 1.689
 1.433
 1.504
 0.443
-0.086
 0.826
 2.545
 1.292
-0.703
-0.327
 0.793
 1.068
 0.378
 0.772
-0.370
-0.114
 1.688
 0.194
 2.546
 2.415
 1.490
 1.837
 2.538
 1.327
 1.658
 0.889
 0.892
 0.359
 1.515
 0.344
-0.465
-0.296
 0.566
 0.670
 0.430
-1.054
 0.026
 1.679
 0.261
 0.420
-0.128
 0.358
 1.237
 1.219
-0.701
 1.521
 1.300
-0.738
 1.339
 1.455
-0.039
 0.272
 0.842
 0.765
 1.636
-0.607
 0.937
 0.781
 0.747
-1.463
-1.615
-1.076
-0.006
-0.937
-0.019
 0.333
 0.573
-0.193
 0.026
 1.705
 2.803
 2.364
 2.257
 1.490
 1.423
 0.656
 0.577
 0.907
-0.338
 0.278
 2.342
 2.682
-0.194
-0.984
-0.025
 0.002
-0.982
-0.459
 0.318
-1.278
 1.106
 2.605
 1.902
 2.003
 1.059
 0.222
 1.100
 0.169
-0.818
 0.161
 1.397
 0.060
 0.615
 1.220
 0.561
-2.421
 0.514
 1.197
 1.534
 0.934
 0.994
 1.021
 1.195
 0.263
 0.528
 0.352
 0.864
-0.104
-0.022
 2.053
 0.243
 0.146
-1.092
-0.482
-2.022
-0.951
 0.170
 1.739
 1.939
 0.980
 0.477
 1.626
 1.506
 0.330
 0.924
-0.209
 0.051
 1.591
 0.545
 1.097
 0.005
 0.303
-1.159
-1.021
-0.026
-0.108
 0.083
 0.920
 2.004
 1.428
 0.336
-1.138
-0.673
 0.095
-1.101
-0.445
-0.402
-0.644
-0.226
-1.549
-0.119
-0.168
-1.038
 0.415
 0.687
 1.170
 1.512
 1.444
 1.307
-0.523
 0.569
-2.281
-1.457
-0.656
-0.988
 1.165
-0.794
 0.276
 1.697
 0.457
-0.022
 0.185
 0.623
 0.128
-0.842
-0.363
-0.101
-1.774
-1.377
-0.461
-0.356
-0.639
-2.575
-1.710
-0.852
-1.216
-0.172
-1.588
-1.002
 1.559
 1.572
-1.099
-0.715
 1.562
 1.708
 0.318
-0.383
-0.407
 0.190
 0.114
-0.159
-0.441
-0.036
 1.640
 1.337
-1.485
-0.620
 0.383
-0.143
 0.733
 1.138
 0.620
 0.070
-0.417
 0.416
 2.406
-0.054
 0.306
 0.253
 0.644
-0.427
 0.332
-1.052
-0.019
 0.291
 0.935
 0.738
 0.199
 0.497
 1.048
 0.362
 0.073
-1.550
-0.019
 0.897
-0.033
-0.750
-0.628
-1.026
-0.103
 0.122
 0.478
 0.447
 0.098
 1.284
 0.430
 1.427
 1.050
-0.427
 0.241
 0.901
 0.305
-0.283
 0.193
-0.158
 0.198
 0.878
-0.328
-0.803
 0.869
-0.139
-1.757
 1.309
 0.792
-1.006
 0.712
 1.450
 1.870
-1.322
-0.804
 0.095
-0.577
 0.286
-0.788
-1.764
-1.317
-2.536
-0.521
 0.023
-0.213
-1.086
 0.581
 1.186
-0.674
-0.785
-1.503
-0.677
-0.254
 1.167
-0.362
-2.120
 0.630
 0.308
 0.172
-0.718
-0.034
 1.951
 1.264
-0.444
 0.842
 0.374
-1.247
 0.507
-1.338
-0.280
-0.157
-0.974
 0.284
 0.747
-0.204
-0.671
-0.108
-0.500
-0.533
 0.430
 1.491
 1.071
 2.681
 1.283
 0.828
 1.007
-0.481
-0.160
 1.036
 1.531
 0.487
-0.158
 0.302
-0.697
-0.236
 1.731
 1.817
-0.760
-1.473
-1.555
-0.013
-2.023
-2.318
 0.152
-1.003
-1.921
 0.153
-0.555
-0.933
-0.761
-1.194
-0.920
-0.556
 0.770
 1.383
 1.693
 0.620
 0.653
 0.175
 0.852
 0.567
 2.146
 2.538
 2.413
 1.528
-0.122
 1.045
 0.394
-0.120
 0.093
-0.404
 0.619
 0.411
 1.265
 0.496
 0.925
 1.015
 0.966
-0.032
-0.113
 1.210
-0.520
-0.994
 0.678
 0.641
 0.107
 0.216
 2.118
 0.341
 1.314
 2.171
 1.305
 0.535
 0.072
 0.910
-0.128
 0.977
 0.551
 0.249
 0.808
 0.148
 2.782
 1.772
 0.526
 1.017
 1.578
 2.140
 0.912
 1.072
 0.078
 0.772
 1.743
 1.637
 1.167
 2.080
 0.692
 1.047
-0.103
 0.483
 0.801
 0.081
 1.355
 0.840
 0.834
-0.157
-0.154
-0.568
-1.186
-0.485
 0.130
-1.416
 0.956
-0.894
-0.788
 0.582
-0.448
-0.333
 1.231
 1.978
 0.979
 0.694
-0.243
 0.786
-0.711
 1.300
 0.479
-0.284
 0.153
 1.330
-0.013
 1.176
-0.656
 0.367
-0.618
 0.931
 1.096
 2.142
-0.286
 0.439
 0.343
 1.612
 1.205
-0.343
-0.152
 0.400
-1.480
 0.491
 1.095
 0.156
-2.495
-2.455
-1.933
-1.838
 0.692
-0.707
-0.506
 0.424
-1.090
-1.406
 0.646
-0.661
 1.062
 1.160
 0.816
 0.450
 0.177
 0.510
 1.887
 0.241
 1.223
 0.701
-0.045
 0.029
-0.743
-1.218
-1.171
-1.143
-1.606
-0.880
-0.818
 0.415
-0.174
 1.016
 0.451
 0.943
 0.288
-0.623
 0.348
-0.131
-0.279
-0.637
-0.621
-1.421
-0.127
-1.588
-0.375
 1.098
-0.734
-0.627
-0.031
 1.025
 0.242
-0.407
 0.752
 0.531
-0.061
-0.258
 0.553
 0.611
 0.588
 1.027
-0.212
-0.396
 0.184
 0.252
 0.105
 0.532
 1.689
 0.492
 0.462
 0.161
 0.525
 0.952
-0.540
-0.322
 0.586
 0.173
 0.905
-0.078
 0.021
 0.432
 0.120
 1.547
 0.805
 1.456
-0.953
-0.586
-0.127
 0.460
-0.234
-0.237
-0.014
-0.373
-0.270
-1.185
 0.503
 1.660
 0.013
 1.112
 0.477
 1.801
 1.844
 0.483
-0.644
-0.375
-0.164
-0.464
 0.492
 1.093
 1.529
 0.831
 1.847
-0.595
-1.211
 0.998
 1.538
 2.105
 0.763
 1.704
-0.200
 2.153
 0.433
-0.674
 0.584
 0.824
 0.932
 0.382
 0.397
-0.532
-1.027
 0.664
 0.461
 1.061
 1.538
 0.258
 2.104
 0.235
 1.585
 1.146
 0.975
 1.243
 1.246
 0.538
 0.396
 0.120
-1.131
 0.846
-0.363
-0.840
 0.676
 0.958
 1.607
-0.029
 0.178
 0.464
 1.003
 2.580
 1.838
 1.005
 1.213
 0.702
 1.180
 1.790
 0.569
 1.767
 1.914
 0.420
 1.055
 1.789
-0.421
-0.634
-0.759
-1.033
-0.426
-0.428
-0.007
-2.095
 0.092
 0.892
 0.123
 0.346
-0.394
 1.221
 0.387
-1.111
-1.349
-2.002
-0.420
-0.307
 0.433
 0.863
 0.245
 0.473
 0.834
 0.441
 0.512
 1.217
 0.594
 0.247
 1.627
 1.721
 1.559
-1.064
 0.375
 0.785
 1.403
 2.354
 1.032
 0.511
 0.920
-0.410
-0.207
 1.850
 0.549
 0.406
 2.361
 1.080
 0.651
 0.947
 2.471
 2.327
 1.365
 0.134
 1.539
 0.554
 0.179
 1.419
 0.466
-0.532
-1.193
-0.421
 1.287
 0.180
 0.592
 0.936
 1.178
 1.565
 1.454
 1.622
 0.566
 0.731
 1.241
-0.147
 0.402
 0.640
 1.746
 1.175
 1.118
 0.645
 0.910
 2.112
 2.086
 1.732
 1.468
 2.056
 1.476
 0.334
-0.184
 1.022
 1.572
 1.934
 2.691
 3.281
 1.707
 1.333
-0.404
 0.503
 2.744
 2.675
 0.410
 0.201
 2.320
 1.957
 2.460
 1.324
-0.046
 2.394
 0.220
 0.311
 0.012
-0.205
-0.661
 1.311
 1.080
 0.784
-0.730
-1.797
 0.933
 0.116
 1.574
 2.238
 1.568
 0.664
 1.161
 2.189
 2.381
 0.763
 1.842
 1.593
 1.397
 1.287
 1.087
 0.276
 0.972
 0.017
 0.374
-0.339
 1.825
 2.004
 3.136
 2.033
 1.642
 1.329
 0.272
 0.786
 0.471
 0.713
 0.805
 0.917
 0.944
 1.267
 1.767
 0.579
 1.247
 1.213
 0.787
 1.353
 0.817
 0.548
 0.919
 0.628
 1.044
 1.218
 1.192
 1.888
 2.087
 2.395
 0.653
 0.214
-0.598
 0.827
 0.250
 1.243
 0.331
 0.997
 0.029
 0.174
-0.481
-1.249
-1.427
-0.769
-1.465
-1.326
-0.957
-0.370
 0.146
-0.456
-0.047
-0.420
-1.676
-1.372
-0.774
 0.619
 0.471
 0.813
 0.379
 1.777
 2.604
 0.482
 1.123
 1.614
 2.991
 1.940
-0.001
 1.755
 0.907
 0.969
 1.728
 2.278
 0.494
-1.108
 0.707
 0.736
 1.463
-0.176
 1.036
-0.018
-1.049
 0.647
-0.086
-0.293
-0.312
 0.227
-0.986
 0.798
-0.305
 0.310
 1.379
 1.727
 0.710
-0.289
 0.763
 1.032
 0.088
 0.915
 0.217
-0.126
 0.224
 0.458
 0.387
 1.725
 2.061
 1.874
 2.217
 1.822
 0.898
-0.110
 1.347
 1.859
 0.914
-0.073
 1.042
 0.366
 0.034
-0.308
 0.440
 0.610
-1.066
-1.064
-1.451
-0.574
-1.219
 0.417
 1.466
 0.989
 0.080
 2.213
 1.587
 0.792
 1.456
 0.848
 2.554
 1.614
 2.494
 0.868
 1.710
-0.309
 0.649
 0.058
 1.075
 1.063
 1.087
 0.730
 0.741
 1.401
 1.346
-1.206
 0.698
-1.089
 0.145
 1.341
 0.230
-0.729
-0.170
 0.511
 1.384
 0.197
 0.056
-0.543
 0.122
 0.296
-0.821
 1.231
 0.657
 1.506
 0.561
 0.426
-0.485
 0.703
 1.050
 0.604
 0.869
 0.241
-0.130
-0.449
-0.694
 0.182
 1.643
 3.158
 0.714
-0.062
-0.149
 1.533
 0.641
 0.416
 0.483
 0.859
 0.296
 0.188
 1.247
-0.232
 1.397
-0.582
-0.190
-0.482
 0.274
 0.057
-0.353
 0.957
 0.026
 0.250
 0.153
 0.235
-0.284
 0.059
 0.827
 0.361
-0.309
 2.496
 2.061
 0.977
 1.813
 1.541
-0.078
 1.304
 0.534
 2.006
 0.097
 0.307
 0.047
-0.846
-0.486
 1.077
-0.081
 0.003
-1.069
 0.266
 0.889
 0.858
 0.269
 1.236
 1.757
 1.110
 0.646
 0.753
 0.328
 0.024
 0.778
-0.278
 0.909
-1.101
-0.489
 0.426
 0.139
 0.222
-0.811
-1.707
 0.071
 0.052
-0.061
 0.572
 0.508
 0.578
 0.517
-0.126
-0.472
 0.655
-0.706
-0.792
-1.065
-0.174
 0.913
-0.362
 1.235
-1.380
 0.063
-0.726
-0.875
 0.882
 0.278
-0.399
 1.459
 0.147
 1.910
 0.730
 1.923
 1.274
 1.253
 1.526
 1.789
 0.811
 2.120
-0.711
-0.431
 0.381
 0.725
 1.252
 1.356
 1.821
 1.471
 0.980
 0.061
 1.620
 1.636
-0.011
 1.521
 0.761
-0.267
 0.346
-0.191
-0.377
 1.683
 1.550
 1.177
-0.596
 0.459
 0.560
 1.130
-0.002
 0.275
 0.891
 0.787
 0.861
 0.322
-0.402
 1.282
 0.997
 0.531
 1.473
 1.741
-0.069
-0.051
 0.223
 1.693
 0.375
 0.645
 0.576
-1.080
-0.293
 0.876
 0.167
 0.049
 1.759
 1.579
 1.201
 1.051
 1.052
 0.233
 1.460
 1.484
-0.633
 0.540
 0.060
-1.276
 1.818
 1.326
 1.118
 2.106
 0.705
 1.892
 0.214
-0.595
 0.486
 0.167
-0.076
 0.375
 0.984
-0.923
-0.149
 0.250
 0.396
 0.301
 0.554
 1.182
 0.702
-1.596
 0.163
-0.096
 0.481
 0.500
-1.145
-0.116
-0.249
-0.491
 0.437
 0.987
 0.780
 0.406
 0.917
 1.681
 1.171
 1.646
 1.793
 0.331
 1.017
 1.697
 0.660
 1.029
 0.267
 0.018
 1.125
 0.537
 3.908
 2.455
 0.795
 0.568
 0.606
 1.284
 2.797
 2.524
 4.489
 2.236
 2.773
 1.210
 1.447
 0.492
 0.360
 1.427
 0.593
 1.948
 1.508
 1.495
-0.507
 0.193
-0.187
 0.648
 0.703
 0.567
 1.995
 0.078
 0.059
-0.575
 1.046
 2.305
 0.963
 1.869
 0.905
 0.656
 0.080
 0.857
 1.453
 1.778
 0.995
 0.016
 0.006
 1.095
 0.946
 1.690
 1.819
-0.269
 1.205
 1.169
 2.013
 1.866
 0.834
 0.692
-0.215
 3.177
 1.725
 2.730
 0.583
 1.684
 2.717
 2.224
 0.401
 0.646
 0.483
 1.003
 1.419
 1.581
 0.094
 0.832
 0.913
 1.410
 1.425
 2.664
 2.278
 3.797
 3.185
 0.626
 2.217
 1.438
 0.314
 0.902
 2.105
 2.009
 1.627
 1.201
 0.734
 1.370
 0.418
 2.109
 1.950
 0.218
 1.049
 1.215
 0.859
 1.042
 1.036
 2.458
 1.707
 3.238
 2.198
 1.175
 1.264
-0.495
 0.746
 0.882
 0.202
 0.197
 0.173
 1.193
 1.553
 1.566
 1.614
 0.976
 0.236
-0.355
-0.142
-0.053
 2.420
 1.811
 0.741
 0.557
 0.220
 0.337
 1.525
 0.434
-1.716
 0.295
 0.866
-0.481
-0.852
 0.337
 1.598
 1.233
 2.270
 0.161
 0.598
-0.399
 1.056
 0.290
 1.705
 0.510
 0.558
-0.960
 1.029
-0.904
 0.642
-0.430
 0.631
 0.070
 0.322
-0.036
 0.231
 1.224
 2.256
 2.178
 1.561
 0.578
 2.145
 2.820
 1.673
 1.926
 1.161
 2.268
-0.205
-0.889
 0.638
 1.165
 1.400
 1.219
 1.729
 1.725
-0.153
 2.298
 3.208
 1.428
 2.169
 2.586
 1.554
 1.962
 0.178
 1.632
 1.497
 0.709
 2.009
 1.732
 1.556
 0.768
-0.234
 1.112
 1.414
 1.586
 2.427
 2.941
 1.215
 0.745
 1.229
 1.727
 1.171
 1.364
-0.083
 0.786
 1.988
 0.536
 0.893
 2.264
 1.305
 0.784
 0.483
 1.636
 0.496
 0.157
-0.690
 0.355
-0.052
 0.640
-0.642
 0.456
 0.844
 1.035
 0.205
 0.839
 0.922
-0.052
-0.022
 0.466
 1.520
 0.919
 2.429
 1.340
 1.799
 0.142
 1.713
 0.446
 0.024
-0.595
 1.221
 1.758
-0.050
 0.049
 0.240
 0.618
 1.048
 1.946
 1.708
 2.245
 1.146
 0.432
 0.278
 2.075
 1.117
 2.745
 1.782
-0.141
 1.615
 0.312
 0.350
 1.451
 1.585
-0.364
 0.479
 0.435
 1.055
 1.206
 1.104
 0.383
 1.932
 1.588
 0.767
 0.176
 0.951
 0.959
 0.444
-1.974
-0.747
 1.984
 0.847
 0.419
-0.841
 0.364
-0.200
-1.454
 0.637
 1.121
-1.176
 0.852
-0.369
 0.677
-0.031
 1.051
 0.084
 0.002
 0.082
 0.991
 0.410
 1.519
 0.839
 1.390
 1.088
 0.168
 1.026
 0.995
 1.211
 0.028
 1.149
 0.097
 0.259
 0.027
 1.854
 0.999
 1.318
 1.279
 0.867
 2.334
 0.508
 2.037
 2.362
 1.792
 0.038
 0.976
 1.349
 1.356
 1.297
 1.189
 1.971
 2.290
 1.956
 1.407
 2.239
 1.856
 2.141
 1.192
-0.667
 0.484
 1.613
 0.915
 0.113
 0.951
 1.743
 1.840
-0.282
 0.960
 1.439
 0.903
 0.155
-0.088
 0.159
 0.353
 0.805
 0.384
 0.572
 1.229
 0.611
 0.011
 0.099
 0.063
 1.686
 0.989
 1.333
 1.872
 1.480
 0.092
 0.853
 1.682
 1.822
 1.525
-0.384
 0.838
 1.080
 1.351
 1.937
 1.998
 0.904
 0.776
 2.088
 1.393
 0.591
 1.141
-0.051
 0.490
 1.461
 0.744
-0.063
 1.929
 0.321
 0.595
 0.983
 0.393
-0.167
 2.421
 1.663
 1.382
 1.472
 1.026
 1.085
 2.576
 1.304
 0.772
 1.824
 0.433
 0.053
 0.403
-0.077
 0.791
 1.647
-0.031
-1.623
-0.573
 0.441
-0.079
 0.032
 0.329
 0.716
 1.030
-0.470
 2.098
 1.896
 0.502
-0.121
-0.221
 0.768
 1.682
 1.179
 1.657
-0.484
 0.959
-0.140
 0.915
-0.232
 0.457
 0.302
 0.033
 0.195
-0.286
 0.230
 1.314
 1.878
 0.455
 1.212
 2.407
 1.804
 1.866
 0.281
 0.474
 1.621
 0.965
 2.103
 0.617
 0.173
 0.482
-0.442
 0.248
-0.407
 0.764
 0.342
-0.026
-0.655
 2.234
 1.510
 1.075
-0.164
 0.459
 0.750
-0.488
 0.879
-0.318
 0.665
 2.923
 2.313
 1.756
 1.106
 0.751
 0.617
-1.554
-1.298
-0.964
 1.705
 1.794
 0.819
-0.911
-0.390
-1.617
-1.526
 1.203
 0.370
 1.108
 1.022
-0.003
-0.009
 0.651
 1.505
-0.161
 0.274
 1.738
-0.015
 0.392
 0.455
 1.074
 1.108
 0.267
 0.218
 0.297
 0.748
-0.189
-0.653
 0.928
-0.067
 0.027
 0.880
 0.283
 0.991
 1.507
 0.850
 1.246
 2.348
 0.614
-1.233
-0.128
 0.175
-0.144
-0.795
-0.389
 0.478
-1.886
-0.816
-0.050
-0.355
-0.436
 0.527
-0.329
 0.451
-0.092
 0.578
-0.460
 1.691
 0.928
 1.225
 0.898
-1.701
 0.113
 1.401
 0.273
 1.198
 1.115
 0.410
-0.202
-0.978
 0.662
 0.351
 1.048
-0.398
 0.628
-0.531
 0.138
 1.440
 2.268
 0.622
-0.407
 0.800
-0.229
 0.284
 0.752
 1.299
 1.212
 0.484
 0.930
 0.515
 0.389
 0.162
 0.875
-0.049
 0.003
 0.310
-0.712
-0.759
 0.171
-1.571
-0.318
 0.586
 0.738
 0.692
 1.701
 1.000
 1.707
 1.807
 1.846
 0.566
 1.294
-0.020
 0.317
-0.470
 1.018
 0.285
 0.604
 2.156
 1.582
 0.497
 0.835
 1.591
 0.360
 1.468
 1.797
 1.023
-0.210
 0.838
 1.696
 0.969
 1.612
 1.274
 1.008
 0.135
-1.249
-0.414
 1.050
-0.099
-0.769
 1.325
 1.101
 1.306
 1.943
 1.642
 0.606
-0.359
 1.234
-1.002
 0.363
-0.283
-0.246
 0.463
 1.117
 1.355
 0.010
-1.729
 0.561
 0.007
-0.078
 0.652
-0.484
 1.245
 1.188
-0.026
 0.351
 0.328
 1.547
 1.533
-0.763
-0.769
 1.130
 1.701
 0.045
-0.188
-1.698
-0.112
 0.436
 0.619
-0.678
-0.534
 0.374
 1.130
-1.014
-1.530
 1.152
 1.194
 0.665
 1.735
 1.730
 1.597
 1.296
 0.755
-0.908
-0.342
 0.093
 0.646
 0.688
-0.234
-1.198
-1.505
 0.059
 0.506
 1.237
 1.498
 0.312
 1.253
 0.735
 0.530
-0.984
-0.739
 0.004
 0.907
 0.709
 1.859
-0.275
-0.231
 0.096
 0.180
 0.869
 0.611
 1.020
 0.322
-1.109
 0.262
-0.529
 0.682
-0.310
-0.456
 0.276
 1.398
 0.623
-0.187
-0.845
 0.050
 0.621
 1.404
 0.595
 2.472
 1.771
 0.582
 2.016
 2.049
 0.471
 0.467
 1.355
-1.867
-0.007
 0.041
 0.497
-0.283
 0.128
-0.126
-0.519
-1.949
-1.581
-1.352
-0.651
-0.610
 0.766
 0.179
-1.015
-0.912
-1.494
 1.184
-0.425
-1.480
 0.837
-0.862
-0.951
-0.990
 0.180
-0.288
 1.105
-0.169
-0.072
 0.489
 0.145
-0.858
-1.028
-0.149
 0.243
 0.049
 0.071
-0.380
-0.705
 0.614
-0.156
-0.031
 0.361
 0.450
 0.314
 0.546
 1.399
 0.583
 0.003
-0.021
-0.170
-0.544
-1.134
-0.739
-0.028
-0.873
-0.253
-0.727
-1.112
-0.144
-1.962
 0.127
-0.057
 0.030
-0.509
 0.479
 0.511
 0.463
-0.712
 1.227
 1.561
-0.432
 0.954
-0.322
-1.181
-0.492
 0.809
 1.758
-0.284
 0.236
-0.172
-0.876
-0.078
-1.723
-1.096
-0.963
-1.509
-0.995
 0.110
 0.714
-1.841
 0.535
 0.648
 0.142
-0.998
-0.244
-1.077
 0.040
-0.413
 0.538
 1.423
-0.541
 0.580
 0.391
 0.262
-0.874
 0.346
-0.840
-1.279
-1.358
-0.673
-1.021
-0.368
-0.341
-0.113
-0.432
-0.054
 2.003
 0.055
 0.887
 0.328
 0.262
 0.438
 0.077
-0.552
-0.846
-1.616
-0.442
-0.803
-0.228
 0.145
-0.776
-1.641
-0.208
-0.792
-0.731
-0.402
 0.569
 0.022
 0.673
 1.590
 0.158
 1.428
 0.241
-0.031
-0.064
 0.395
-1.072
-0.043
-0.162
 0.567
 0.469
 0.716
 0.686
 1.140
 0.742
-0.030
-0.260
-0.450
 0.596
-0.278
-0.608
 0.957
 1.397
-0.413
-0.830
-0.248
-2.032
-0.565
-0.389
 2.016
 0.934
 0.948
-0.339
 1.555
 0.173
 0.076
 0.844
 0.554
 0.689
 1.412
 1.038
 1.836
 1.349
 1.694
 2.116
 1.110
 2.271
 2.018
 2.919
 2.581
 2.539
 0.520
-0.746
-0.745
 0.267
-0.199
 0.003
-0.443
-1.172
-0.069
 0.484
 0.151
-1.518
-0.296
 0.114
 0.012
 0.738
 0.340
 0.823
-0.582
-1.248
-1.006
-0.590
-1.235
 1.586
 0.384
 1.651
 1.004
 0.130
-0.931
 0.299
 0.496
 0.534
-0.094
 0.321
-0.829
-1.379
-0.848
-0.588
 0.562
-0.692
 0.331
 1.762
 1.355
 0.188
 1.664
 1.240
 0.106
 0.698
 0.439
 1.367
 1.839
 0.325
-0.407
 1.493
 0.105
 0.234
 0.761
 0.983
 0.547
-0.612
 0.086
 0.570
-0.366
 0.874
 0.369
-0.334
 0.351
 0.357
 1.787
 1.509
 0.070
 0.758
 0.129
 0.454
-1.247
-0.503
-1.940
-1.038
-0.076
-0.833
-1.080
-0.952
-1.049
-1.226
 0.491
-2.149
-1.113
-0.961
-0.182
 0.640
 1.231
 1.296
 0.977
 1.091
 0.092
-0.295
-0.163
 0.957
 0.456
-0.614
 1.058
-0.065
 0.298
 1.696
-0.669
 0.311
 0.619
-0.045
 0.093
 0.685
 1.177
-0.646
 1.009
 0.425
 1.089
-0.065
-1.064
-0.182
-1.306
 0.313
 0.182
 0.478
-0.097
 0.000
 0.179
-0.538
 0.087
-0.257
 0.372
 1.061
-0.011
-0.227
-0.465
 0.871
-0.702
 0.883
-0.843
-0.157
-0.302
-0.900
 0.251
 2.281
 1.042
 0.136
 1.091
 2.713
 3.166
 1.664
 2.647
 1.308
-0.296
 0.752
 1.267
 0.625
 1.397
 1.453
 1.192
-0.167
-0.305
 0.933
 0.832
 1.757
 2.299
 1.694
 1.258
-0.471
 0.306
 1.226
 1.667
 0.569
 0.550
-0.093
 0.099
 1.048
 0.131
 0.300
 0.279
-0.391
-0.058
 1.272
 1.075
-0.923
 0.828
 0.378
 0.869
 1.321
-0.082
 0.002
 1.398
 1.220
 1.760
 1.374
 0.633
 2.019
 1.183
 0.779
 1.636
 0.084
-0.524
 0.602
 0.684
 0.919
-0.586
-0.927
-0.331
 0.811
 0.560
 0.710
 0.651
-0.498
-0.152
 0.171
-0.663
-1.656
-0.916
-0.449
 0.847
-0.048
 0.088
-0.043
-0.567
-1.647
-0.761
 0.768
 0.487
-0.111
 0.418
 1.298
 0.349
 0.138
 0.122
-0.240
 0.163
 0.065
 0.812
-0.047
-0.731
-0.879
 0.517
 0.140
-0.134
-0.263
-0.736
-0.015
 0.813
-0.651
-1.464
 0.305
-0.650
 0.088
 0.196
-0.649
-1.321
 0.575
 0.302
 0.067
-1.887
-1.088
-0.938
-0.401
-0.105
-0.925
 0.090
-0.040
 0.696
 0.552
 2.368
 0.757
-0.167
-0.861
-0.461
 1.016
 0.131
 0.408
 0.985
-0.052
 2.135
-0.236
 0.114
 0.614
 0.534
 3.416
 0.618
-0.416
-0.717
-0.632
 0.164
-1.603
 0.849
 0.026
-0.305
-0.778
-0.699
 0.383
-1.221
-1.399
-0.958
-1.689
-0.860
-0.957
-1.071
-0.222
 1.203
-0.127
 0.552
 1.095
-0.634
-0.705
-0.040
-1.507
-2.188
 0.113
 0.160
-0.228
-2.544
-1.631
-0.729
-1.717
-1.057
 0.982
-0.969
-1.300
-0.925
 0.107
 1.451
-0.585
 1.808
 1.760
 0.886
 1.288
 1.285
 1.509
-0.012
 0.843
 0.437
 0.845
 0.187
 0.755
 1.114
-0.404
-0.405
-1.730
-0.769
-0.343
 0.042
 0.422
 1.346
-0.534
 0.309
 0.036
 1.200
 0.039
-1.286
-0.498
-0.934
-0.277
 1.023
-0.501
 0.598
 1.577
 0.628
 0.042
 0.202
 1.228
 0.619
 1.497
 1.366
 0.626
 1.064
-0.293
-0.742
-0.154
-0.363
 1.735
 0.674
-0.368
 2.018
 0.613
 0.675
 0.572
-0.339
-0.599
 0.098
 0.610
 0.328
 0.649
 1.002
 1.006
-0.330
 0.881
 1.019
-1.564
-0.721
 0.193
-0.965
-0.955
 0.191
 0.940
 0.331
 0.206
-0.030
 0.655
 0.186
 0.015
-0.162
-0.795
 0.330
 0.158
 0.129
-0.740
-1.212
-0.353
-1.052
-1.307
-0.562
 0.522
-0.654
-0.583
-0.810
-1.401
-0.183
-0.405
-1.515
-1.033
-1.325
-2.620
-2.035
-1.487
-1.838
-0.855
 0.361
 0.616
-0.430
-0.294
-0.252
 0.004
 0.959
 0.546
 0.483
 0.057
 0.478
-0.239
 0.138
-0.006
-0.557
 0.397
 0.422
-0.010
-1.467
-1.090
-1.340
 0.170
 0.307
-0.598
-1.288
 0.471
-1.314
-1.101
-0.314
 0.214
-0.294
-0.281
-0.150
-0.015
-0.131
-0.810
-1.252
-1.878
-1.968
-1.722
-0.988
-1.655
 0.344
-1.037
-0.521
-1.756
-0.542
 0.113
-0.374
-0.591
-0.285
-0.960
-1.449
-1.298
 0.065
-0.186
 0.510
 1.158
-1.574
-1.478
-2.640
-1.557
-1.013
-1.431
 0.204
-0.155
-0.344
-2.335
-0.136
 1.290
-0.054
 1.372
-0.552
 0.736
-0.844
-2.033
-0.438
 0.469
-0.549
 0.009
 1.294
-0.597
-0.582
 0.058
 0.158
 0.945
 0.519
-0.519
 0.424
-1.160
-0.022
-0.797
-0.975
-0.563
 0.058
 0.171
-0.622
 2.421
 1.084
 2.228
 1.738
 1.090
 1.097
-0.738
-1.728
 0.316
-0.303
-1.520
-1.270
-0.941
-0.909
-0.750
-1.260
-2.398
-1.067
-0.257
-0.289
 0.356
 0.556
-0.282
-0.827
-0.948
 0.087
-0.828
 0.390
-1.237
-0.669
 0.522
 0.122
-1.583
 0.661
 1.478
 0.825
 0.032
 0.742
-0.329
 0.373
-0.249
-1.198
 1.536
-0.189
-1.654
 0.069
-0.441
 0.460
-0.138
-1.148
 0.042
-0.062
-0.150
 0.869
-0.060
-0.122
-0.332
-0.766
 0.113
 0.976
 0.908
 0.408
 0.241
-0.234
 2.329
 1.143
 0.165
-1.935
 0.677
 0.875
 0.490
 0.080
 0.035
-0.731
-0.420
 1.116
 0.158
-0.716
 0.407
 2.550
 0.956
-0.357
 0.132
-1.566
-1.052
 0.036
 1.207
 0.648
-0.601
-0.043
-0.471
 0.101
-0.979
-2.255
-0.994
-0.348
-0.370
 0.713
 0.496
 0.880
-0.032
 0.729
 0.532
 0.703
-0.062
 0.014
-0.248
 1.094
 0.196
-1.573
-1.060
 0.641
 0.024
-0.541
-0.369
-1.102
-0.840
 1.048
-2.291
 0.223
 0.105
 0.539
 0.689
 0.442
-0.433
 1.005
 0.614
 1.046
 0.147
-0.255
-0.663
 0.556
 0.296
-0.970
-1.942
 0.346
-1.409
-0.903
 0.962
 1.961
 1.378
-1.432
-0.875
-0.953
-1.842
-2.233
-2.121
 0.331
-0.981
-1.054
-0.488
-1.034
 0.447
 0.545
 1.576
 0.936
-0.190
-0.437
 0.159
-2.094
-2.416
-1.339
-1.138
-1.325
-2.198
-2.292
-0.608
-2.723
-0.332
 0.062
-1.535
-1.123
-0.529
-1.506
-0.753
-0.543
-1.762
-0.418
-1.582
-0.879
-0.223
-1.082
-1.688
-1.426
-0.188
 0.242
-0.974
-0.132
-0.067
 0.583
 0.117
-0.708
-0.529
 0.273
-0.084
-0.406
 0.767
 0.021
-0.136
-1.415
-0.950
-0.834
-1.241
-1.817
 0.501
-0.725
 0.169
 0.489
-0.357
-1.308
-1.346
-0.149
-1.672
-0.018
-1.019
-0.512
-0.237
-1.237
-0.306
-0.595
-0.401
 0.832
-0.082
-0.633
-0.138
 1.051
 0.320
 0.398
 0.049
-0.966
 0.101
-0.175
-0.803
 1.299
 2.356
 1.439
 1.930
 0.802
 0.204
 1.799
 2.927
 0.922
 0.678
 1.380
 0.848
-0.269
 1.119
 2.283
 1.956
 2.414
 1.845
-0.182
 0.240
-0.539
 0.123
-0.487
 1.682
 0.057
 0.753
 0.288
 0.475
 0.908
 0.391
 1.158
-0.123
 0.243
 0.360
 1.350
-0.413
-0.048
-0.718
 0.171
-0.454
-1.248
 1.563
 0.390
-0.768
 0.455
 2.001
 2.017
 0.560
-0.982
-0.271
 0.303
-0.243
 0.124
 0.976
 1.064
 0.153
-0.881
-1.321
-0.581
-1.135
-1.022
-1.415
-0.529
-0.199
 0.055
-0.926
-1.495
 0.046
-0.780
-0.154
 0.239
-0.869
-1.016
-1.442
-0.070
 1.774
 0.881
 1.800
 1.324
-0.974
-0.249
-0.183
 1.042
-0.431
 0.353
 0.678
-0.023
-0.830
-0.206
 0.679
 0.781
 1.545
 1.027
 0.556
-1.575
-1.168
 0.033
-2.271
-0.874
-0.798
-0.561
-0.017
-0.458
-0.114
 0.710
-0.757
-1.303
-1.039
-0.194
-0.468
-1.066
-1.433
-0.777
-0.589
-0.962
 0.078
-0.273
-0.247
-1.801
-1.250
-0.915
-0.480
-0.876
-0.747
-0.653
-1.741
-0.725
-0.546
 0.194
 0.645
-1.425
-1.392
-0.901
-1.052
 0.613
-0.019
-0.478
 0.652
-0.534
-0.793
-0.436
-1.294
-0.856
-1.082
-0.270
-0.222
 0.805
-0.062
-0.375
-1.305
-0.401
-1.315
 0.679
-0.306
-0.650
-0.091
-0.751
 0.281
 0.115
 0.290
-0.201
-0.020
 0.719
 0.194
-0.316
-1.047
 0.468
-0.037
-0.103
 0.103
 1.163
 1.286
 1.857
-0.120
-0.549
-0.200
-0.131
-1.048
 0.110
 0.865
 0.647
-0.771
-0.397
-0.642
-1.180
-0.147
-0.266
-0.202
 2.064
 1.600
-0.857
-0.688
 0.491
-0.763
 0.194
 0.099
 0.539
-0.763
 0.460
 0.841
 0.052
-0.950
-0.032
-0.806
 0.076
 0.380
 1.761
 0.986
-1.969
-0.539
-0.346
-0.231
 0.954
 1.173
 0.194
 1.394
 0.944
-0.536
 0.194
 0.908
 1.141
 0.786
-0.024
 0.233
-0.815
-2.260
-1.979
-2.081
-0.731
-1.517
-0.624
-1.542
-0.012
 0.333
-0.373
-0.091
 0.155
 0.850
 0.725
 0.732
 0.155
 0.602
-0.551
-0.530
-0.079
-1.383
-0.778
 0.821
 0.603
-1.056
-1.066
-0.014
-0.045
-1.522
-0.226
-1.483
 0.139
-0.017
-1.032
 1.089
 1.377
 1.032
-0.745
-0.183
-0.309
 0.058
-1.209
-1.089
-0.800
-0.369
-1.658
-1.259
 0.001
 1.374
 0.565
-0.622
 0.387
-1.175
 0.338
-0.654
-1.052
-0.357
 0.629
 0.291
 1.238
 2.267
-0.006
 1.166
 0.774
 0.991
 2.327
 1.289
 1.140
 0.802
-0.785
 1.566
 0.362
-1.597
 0.953
-0.400
-0.540
-1.277
-0.187
-1.619
-0.863
 0.815
-0.598
-0.254
-0.483
-0.255
-0.716
-0.394
 0.123
 0.340
 0.960
 0.200
-0.517
 0.833
 0.352
-0.171
-2.266
-0.402
 0.461
-0.143
-1.020
-0.640
 0.437
-0.319
 0.175
-1.034
-0.016
-1.185
-1.714
-0.827
-1.391
-0.814
 1.062
 0.903
-0.570
-0.517
 0.087
-0.214
 0.093
 0.949
 0.232
-1.824
-0.627
 1.046
 0.431
-0.063
 0.174
 0.109
-0.083
 0.321
-0.864
 0.278
 0.251
 1.194
 0.805
 0.174
 0.689
-0.195
 0.880
 1.664
 1.405
 0.663
 0.351
 1.204
 1.320
 1.625
-0.075
 1.107
-0.093
-0.605
 0.659
 0.578
 2.198
 2.380
-0.358
 0.263
-0.046
-0.022
-0.693
-1.014
 0.069
-0.910
-1.572
-0.790
-2.045
-0.854
-0.702
-1.614
-0.501
-0.619
 0.070
-0.310
 0.438
 0.782
-0.320
-0.162
-1.155
 0.060
 0.580
-0.248
-0.531
-0.733
 0.251
 0.848
-1.653
-1.906
-0.264
-1.326
-2.152
-0.990
-2.678
-1.663
-0.408
-0.696
-1.421
 0.000
 0.743
-0.701
-1.542
 0.116
-1.162
-0.647
-1.614
-0.843
 0.555
 0.301
-0.034
-0.171
-0.712
 0.227
 0.152
-1.322
-0.522
-0.202
 0.415
-0.641
 0.892
-0.766
-0.725
-0.299
-2.367
-0.551
-1.166
-0.643
-0.534
-1.145
-0.885
 0.871
-1.352
-0.323
 1.161
-1.264
-0.853
-0.864
 0.286
 1.305
 0.230
 1.319
 0.870
-0.155
 0.039
 0.283
 1.096
 0.739
 0.278
-0.367
 0.727
 1.771
 1.126
 2.391
 1.476
 1.120
-0.139
-0.179
 0.750
 1.667
-0.011
 1.912
-0.394
-1.502
 0.098
 0.222
 1.880
 1.475
 0.861
 2.274
 3.364
 1.865
 1.412
 0.969
 0.461
 0.072
 1.095
 0.299
 0.928
 1.135
-0.192
 0.995
 0.617
-0.717
-0.804
-0.812
 0.631
 0.891
-1.022
 1.149
 0.361
 0.754
 0.314
-0.694
-0.828
 0.348
 0.785
-0.939
-0.853
-0.368
 0.320
-0.389
-1.728
-0.227
 0.237
 1.069
 0.248
 0.261
 0.630
-0.013
 0.911
 1.271
 0.185
 0.086
 0.047
-0.083
-0.346
-0.353
 0.791
-0.143
 1.992
 1.286
 0.435
 1.502
 0.316
 0.626
-0.920
 0.528
-0.292
 0.270
 0.189
-1.668
-1.094
 0.031
 1.283
 0.555
-2.006
-0.345
-0.327
 0.508
-0.444
-0.568
 1.001
 0.085
 0.002
-0.567
-0.531
 0.908
 1.044
-1.415
-1.537
 1.261
 0.778
-1.328
 0.532
-0.427
-0.374
-0.945
 1.723
 1.876
-1.103
 1.562
 0.171
 1.311
 1.368
 0.313
 0.336
 0.207
-0.698
-0.922
 0.468
-1.335
-1.624
 0.170
-0.552
 0.203
-0.452
 0.673
-0.234
 1.563
 1.495
 0.372
 0.206
-0.903
-0.548
-0.493
-0.480
-1.412
-1.239
 0.001
 0.715
-1.167
-0.152
-0.161
-0.279
 0.284
-0.289
 0.130
-0.384
 0.181
 0.992
-0.372
 0.303
 1.257
 0.974
 0.147
 1.078
-0.657
 0.329
-0.058
-0.883
-0.691
-1.078
 0.032
 1.606
-0.350
 0.402
 1.341
 0.465
-0.216
-0.194
 2.769
 0.502
 0.444
 0.315
 0.957
 0.754
 0.349
-1.059
 0.781
 0.541
-0.477
-1.527
 0.293
 0.163
-0.230
-0.395
 1.155
 0.918
-1.084
 0.607
-0.398
-0.204
 1.200
-0.426
-0.320
 0.625
-0.410
 0.651
 1.463
-0.323
-1.383
-1.042
-2.141
-1.277
 1.420
 0.967
-0.291
 0.577
-1.152
-2.664
-2.589
-1.321
-1.797
-0.498
-0.004
 0.863
-0.075
-0.051
-0.651
 1.048
 0.122
 0.175
-0.833
 1.287
 0.999
-0.198
-1.668
-0.677
 0.064
-0.968
-0.874
-0.735
 0.380
-0.359
 0.273
 0.761
 1.233
-0.799
-0.760
-1.694
-2.532
-2.040
-0.969
 0.171
 1.330
 0.019
-1.268
-1.138
-0.912
-1.129
 0.267
 0.348
-0.078
-0.744
 0.814
 0.344
 0.393
-0.772
-1.286
-2.078
-1.315
 0.153
-0.999
-0.198
 0.471
-0.728
-0.986
-0.360
-2.075
-0.229
-1.533
 0.454
-1.524
 0.863
-0.003
 0.912
-2.259
-0.406
-0.963
 0.875
 0.096
-2.279
 0.538
-1.353
 0.315
-1.143
-0.951
 0.317
 0.918
 0.731
 0.274
-0.070
 0.168
-0.303
 0.465
 0.527
-0.329
 1.502
 0.862
 1.102
 0.603
-0.017
 0.946
 0.052
-0.992
-1.509
-1.170
 1.490
-1.016
-1.320
-0.286
-1.791
 0.805
-0.397
-0.856
-0.603
 0.035
-1.115
-1.079
 0.552
-0.043
-0.398
 0.918
 0.476
-0.765
 1.050
 0.754
-0.450
 1.634
 0.091
 0.512
-0.582
 2.275
 3.220
 0.188
 0.334
 0.474
 1.874
 2.700
 1.469
 0.647
 1.401
 0.515
 0.166
-0.742
 0.192
-0.255
 1.893
 1.518
-0.479
 1.283
 1.323
 1.025
 2.674
 1.403
-0.096
 1.235
-0.400
 1.249
 0.905
 1.001
 0.854
 0.068
 1.015
-0.580
 0.697
 1.546
 0.674
 1.869
 1.936
 1.984
 2.411
 1.630
 1.668
 1.281
 1.224
 1.363
 0.309
 1.382
 1.963
 1.945
 1.527
 1.503
 1.642
 2.164
 0.052
 1.297
 0.937
 1.588
 1.527
 0.990
 1.012
 0.044
 0.551
-0.651
 0.953
 0.685
-0.743
-0.075
 0.927
-0.476
 0.403
 1.253
 0.311
 1.720
 0.740
 1.340
-0.417
 0.567
 0.683
 0.400
-0.071
 0.230
 0.282
-0.986
 0.258
 0.646
-0.205
 1.198
 0.916
 0.475
 0.608
 1.771
 0.327
 1.198
 1.313
 0.673
 1.829
 0.965
 0.463
-0.853
-1.571
 0.066
-0.368
-0.441
 0.020
-0.277
 0.511
-0.819
-0.234
-0.601
 0.532
 1.383
 0.041
 1.203
-0.931
-0.079
 0.715
 1.329
-1.187
-1.530
-0.374
-0.757
-0.700
 0.261
 0.313
 0.312
-1.296
-1.892
 0.559
 0.026
 0.071
 0.178
 0.063
 0.760
 0.677
-0.715
-0.629
 0.305
 2.163
 1.694
 0.905
-0.246
 0.499
-0.636
 0.848
 1.020
 0.484
 0.767
 1.296
 0.693
 0.272
 0.420
 0.653
 0.936
-0.763
 0.557
 1.644
-0.245
-0.457
-0.940
-0.766
-0.133
-0.065
 1.316
 0.225
-0.935
-0.507
 0.276
 0.604
 1.507
-0.227
-0.507
 0.774
-0.098
-1.147
 0.749
-1.343
-0.666
-0.151
-0.713
-1.282
 0.900
 1.248
-0.157
 1.529
 1.394
 0.878
 0.963
 0.327
 1.970
 1.303
-0.348
 0.479
 0.452
 1.601
-1.562
-0.865
-0.405
-0.555
-0.998
-0.824
 0.243
 1.173
 0.669
 0.015
-0.662
 0.034
-1.101
-1.712
-0.363
-1.627
 0.016
-0.159
-0.207
 1.139
-0.914
 1.611
 0.829
 2.622
 1.527
 0.875
 0.307
-0.704
-0.955
-0.198
 1.128
-0.097
-0.836
-0.802
-0.529
 1.414
 0.444
-0.198
 0.700
 1.454
-1.130
 0.804
 0.791
 1.222
 0.772
-0.905
-0.405
-0.157
 0.493
 1.337
 2.079
-0.382
 0.104
 0.923
 1.544
 0.045
 1.042
 1.620
-0.118
-0.747
 1.312
 0.651
 2.307
 1.804
 1.523
 1.079
 0.858
 0.084
 1.127
 0.850
 1.432
 0.989
 1.150
 0.970
 0.404
 0.752
-0.081
 0.155
 0.467
-0.156
-0.175
 0.852
 0.715
 1.482
-0.096
 0.412
-0.724
 0.457
 0.036
-0.178
 0.318
-1.209
-0.583
-1.024
-0.995
-0.067
-0.695
 0.000
 1.070
 1.548
 0.976
 0.874
-0.345
 0.937
-0.277
-0.898
-0.705
 1.915
-0.148
 0.391
 0.078
 2.238
 0.596
 0.576
 0.049
 1.917
 1.470
 0.454
 1.426
 1.405
 2.009
 1.194
-0.143
-0.485
 0.390
 0.806
 0.499
 0.400
-1.096
 0.669
 0.253
 0.697
 1.399
 3.021
 2.493
 2.319
 1.338
 0.850
 0.738
 0.272
-0.395
 0.562
-0.587
-1.706
-0.002
 0.414
 0.096
 0.072
 0.155
-0.418
 0.771
-0.387
 1.221
 1.269
 1.278
-1.220
-1.243
-1.522
-0.483
 0.046
 1.256
 1.086
 0.987
 2.679
 2.027
 1.257
 0.457
 0.150
 0.063
 1.068
 0.732
 1.128
-1.481
 0.766
-1.453
 1.114
 1.607
 2.612
 3.230
 1.663
 0.927
 1.719
 0.520
 1.372
 0.691
-0.679
 0.441
 0.337
 1.786
 1.481
-1.423
-0.463
-0.427
-0.629
 0.276
 1.114
 1.223
-1.027
 0.764
 0.350
 1.197
 1.194
 0.141
 0.108
-0.230
 0.825
-0.115
-0.180
-0.760
 0.644
-0.399
-0.707
-0.047
-0.065
 0.269
 0.394
 1.483
 1.540
 2.057
 1.142
 1.097
 0.213
 1.434
 0.858
 0.707
 0.701
 1.560
 0.580
 1.687
 0.853
-0.881
 0.720
-0.584
-1.549
 0.413
-0.273
-0.916
 0.222
-0.655
-0.579
-0.963
 0.691
 0.975
-1.309
-0.957
-0.455
 0.165
-0.588
-1.585
-0.269
 0.465
 0.315
 0.422
 1.740
-1.256
 0.314
 0.595
 0.931
 0.075
 1.194
 1.038
 0.753
 1.238
-0.342
-1.221
-1.357
-0.613
 0.328
 0.905
 0.567
 0.486
-0.627
-0.125
 0.046
 0.936
 0.163
-0.667
-0.526
 0.274
-0.240
 0.500
 1.067
 0.993
 1.145
 2.471
 2.453
 1.029
 2.823
 2.273
 0.556
 0.980
-0.684
 0.938
 0.076
 0.454
 1.081
 1.700
 0.466
 0.508
-0.043
-0.896
 0.505
-0.374
 0.207
 1.654
 0.738
 0.443
-0.118
 1.755
 1.978
 2.241
-0.149
-0.185
 1.945
 1.911
 1.586
 1.903
 1.931
 0.857
 1.678
 1.359
-0.072
-0.339
 0.696
-0.096
 1.177
 0.434
-1.624
 0.796
 0.573
 0.987
 1.899
 1.385
-0.338
 1.301
 1.137
-0.349
 0.965
 2.942
 0.650
 0.476
 1.175
 0.921
 0.892
 0.877
 0.762
 1.458
 2.279
 0.945
 0.639
 1.847
 2.061
-0.349
 0.732
-0.245
 0.084
 1.163
 0.233
 0.444
 1.427
 0.005
 0.157
 0.753
 0.545
 0.762
 0.688
 1.768
 1.219
-0.555
 0.302
 0.887
-0.017
 0.057
 0.703
-0.773
 0.621
 1.624
 1.743
 0.777
-0.804
 0.288
-0.351
 0.093
-1.259
-0.629
-1.422
-0.127
 0.648
 1.212
-0.667
-1.034
-1.860
-0.275
 0.541
 1.029
-1.029
-0.851
-0.456
-0.009
-0.437
-1.064
 0.641
 0.503
 0.030
 1.039
 0.515
 0.339
-0.253
 0.480
-0.250
-1.171
-0.022
 0.355
 0.839
 0.484
 1.305
 2.159
 1.760
 0.707
 0.130
-0.415
-0.173
-0.440
-1.075
-1.695
 0.193
-1.400
-1.109
-0.662
-1.032
-0.986
-0.032
 1.464
 0.208
-0.993
 2.047
 0.781
 0.566
-0.644
-1.360
-1.374
 0.122
-1.215
-0.007
 0.909
 0.827
 1.244
 0.357
 0.172
 0.736
 1.177
 0.009
-1.225
-0.438
 0.347
 2.579
 1.993
 0.677
 0.634
 0.972
 1.065
-0.808
 0.454
-0.975
-0.504
 0.639
 1.437
 1.677
 1.102
 1.271
 0.678
 0.504
 0.521
 1.659
 0.193
-0.094
-0.357
 0.769
 0.421
 0.634
 1.045
 1.801
 0.697
 1.177
 0.258
 0.235
 1.689
 0.158
 1.260
 1.737
 0.012
 0.924
 1.755
 2.319
 1.971
 1.271
 0.980
 1.629
 0.314
 1.033
-0.246
 0.594
-0.812
 0.648
 2.478
-0.015
 0.106
-0.122
-0.532
 0.054
 0.950
 0.010
 0.151
-1.499
 0.132
 0.145
 0.481
 0.844
 0.200
 0.257
 0.246
 2.343
 1.139
 1.714
 1.841
 1.630
 1.452
 0.815
 2.119
-0.427
 0.382
 2.448
 1.940
 0.581
-0.016
-0.547
 0.102
 1.695
 0.966
 2.560
 1.309
 0.218
-0.707
-0.101
-1.229
 0.562
-0.978
 1.727
 0.102
-0.885
-0.628
 1.382
 1.272
 1.905
-0.659
 1.173
 1.068
-0.562
 0.081
-0.351
 0.206
-2.312
-1.812
-0.018
-0.537
-0.108
-0.901
 0.562
 0.567
-0.213
-0.091
-0.888
 0.990
-0.535
-0.397
 0.480
 0.678
-0.721
-0.249
 0.657
 0.020
 0.437
-1.502
 0.048
 0.748
 0.004
 1.793
 0.922
 1.103
 0.186
-0.514
-0.302
 0.939
-0.286
 0.016
-0.216
-0.966
-0.278
-1.923
-0.765
-0.428
 0.181
 0.827
 0.191
-0.486
-0.881
-1.370
-0.238
-1.784
-0.290
 0.271
-0.404
 0.019
 1.622
-0.131
 0.275
 0.158
-0.138
 0.257
-0.694
-0.617
-0.344
 0.356
 1.116
 1.284
 0.853
-1.046
-1.158
-0.446
-0.380
 0.365
-0.287
 0.294
 0.395
 0.929
 1.366
 0.335
-0.480
-0.145
 0.017
 0.249
 1.315
 0.637
 0.858
 1.510
 1.021
 1.065
 1.262
-0.091
 2.141
 1.654
 0.251
 1.763
 1.385
 1.400
 1.252
 0.052
 0.201
 0.497
 1.012
 0.980
 0.462
 1.582
-0.211
 0.190
 0.629
-0.886
-0.743
 0.417
 1.057
-1.297
 1.483
 0.480
-0.024
 0.147
-0.734
-1.114
 0.069
-1.056
-0.772
 0.417
-1.038
 0.735
-0.419
-0.561
 0.166
 0.979
 1.217
-0.769
-0.687
 0.189
 0.991
 1.043
-0.690
-0.627
 0.552
-0.049
-0.471
 0.819
 1.492
-0.689
-0.143
 0.362
-0.089
-0.827
-1.106
-1.803
-1.264
-0.879
-2.216
-1.192
-0.060
-0.294
 0.968
 0.362
-0.486
 1.679
 1.337
-0.739
-0.244
-1.042
-0.672
-0.301
-1.572
-0.555
-1.337
-1.393
 0.918
 0.257
 0.133
 0.480
-0.325
-0.435
-1.053
-0.786
-0.476
 2.776
 0.338
 1.250
-0.194
 0.803
 0.814
-0.114
-0.275
-1.118
-0.170
 0.206
-0.202
 0.779
 1.057
 0.502
 1.104
 0.877
 1.055
 1.068
 0.976
 0.784
 0.639
-0.092
 0.016
-0.309
-0.621
 0.881
 0.375
 0.869
-0.904
-0.179
-0.562
 1.593
 1.250
 1.124
 0.459
-0.820
 0.608
 0.445
 1.087
-0.020
-0.876
-0.608
 0.849
 0.133
-0.460
 0.347
 0.063
 1.588
-1.334
-1.106
 1.171
 0.375
-0.225
-0.036
 0.197
-0.781
-1.518
-0.069
 0.411
 0.858
 0.725
-0.521
 0.151
 0.257
 2.129
 1.954
 1.188
-0.131
 0.441
-0.026
 0.456
-1.870
-0.192
-1.336
-0.531
-0.998
-0.632
-0.625
 0.103
 1.121
 0.335
 0.419
 0.740
 1.321
 1.757
-0.661
 1.266
-0.892
-0.021
-0.277
-0.184
 0.036
-0.474
-1.405
 1.021
 0.532
-0.113
 0.084
 0.695
-1.707
-0.591
-0.270
 0.315
 0.392
-0.752
-0.346
 0.946
 0.737
 1.559
 2.996
-0.311
-0.817
 1.113
-1.182
 0.599
 0.220
-1.640
-0.086
-0.616
 0.787
-0.089
 0.493
 1.540
-0.586
-0.866
 0.114
-0.152
-0.176
 0.533
 0.763
 0.522
 0.600
 1.778
 0.174
 0.324
 0.262
-0.389
 0.472
 0.630
 1.625
 0.551
 1.693
 1.048
 1.050
 1.444
 1.385
 1.110
 2.070
 2.053
 0.526
 0.678
 0.671
 1.273
 0.867
-0.008
-0.106
 0.186
-1.505
 0.390
 0.676
 0.001
 0.090
 0.541
 0.472
-0.646
-0.949
-2.624
 0.121
-1.245
-0.503
-0.350
-0.708
 0.048
-0.709
 1.172
 1.638
 0.010
-0.384
 0.175
-1.181
-0.080
-0.696
 0.549
 0.738
 0.985
 0.751
-1.360
-0.665
 0.334
 0.867
-1.592
-0.634
-1.578
-0.111
-0.193
-0.058
-2.544
-0.716
-1.133
-0.131
-2.008
-2.384
-1.581
-2.018
-1.891
-1.224
-1.212
-0.383
-1.266
-0.499
-0.098
-0.091
-0.229
-0.586
 0.556
 0.260
-1.064
-1.117
-0.530
-1.157
-2.285
-1.291
-1.066
-0.714
-0.819
-0.429
-0.434
-0.344
 0.868
-0.936
 0.073
 1.435
-1.677
-1.679
-1.391
 0.246
-0.032
 0.120
-1.408
-1.820
 0.251
 0.485
-0.376
 0.522
-0.532
 0.138
 0.954
-0.224
 0.794
 0.239
 0.788
-1.338
-0.167
-0.163
 0.895
 0.275
-1.381
 1.992
 0.652
-0.313
-0.330
 0.512
-0.725
 0.841
-0.601
-0.589
-2.751
-0.345
 0.602
-0.769
-0.152
-0.408
 2.565
 0.135
 0.081
 0.496
 0.001
 1.647
-0.824
-0.215
-0.495
 0.294
 1.453
 1.293
-0.280
-0.103
 0.684
 0.207
-0.220
-0.373
 0.894
-0.321
-1.195
 0.371
-0.667
-1.376
 0.082
 1.658
 0.358
 1.326
-0.701
-0.422
 0.682
 0.738
 0.044
 1.160
 0.838
-0.640
-1.878
-2.087
-1.259
-0.732
-1.049
-0.632
-1.728
-0.728
-1.087
 0.138
-1.756
-1.367
-0.181
 0.818
 0.559
 0.624
 0.570
-0.162
-0.131
-0.620
-0.277
-1.747
-0.477
-2.692
-1.494
-0.273
-0.082
-1.147
 0.928
 0.225
-0.585
 0.641
-1.240
-0.355
 0.805
-0.759
-0.120
-0.465
-0.639
-1.549
-1.257
-0.477
 0.034
-0.172
-0.893
-0.153
-0.418
 0.047
 0.510
 0.247
 0.223
 2.048
 0.679
-0.064
 0.409
 0.650
 0.128
 1.784
-0.734
-0.802
-0.820
-0.913
-1.433
-1.183
 0.308
 0.133
-0.444
 0.132
-0.512
-1.072
-0.831
-1.420
-2.031
-1.015
-0.925
-0.829
-1.354
 0.059
 0.469
 1.403
 0.131
-0.115
 1.190
-0.191
-0.211
 0.354
-0.133
 0.824
 0.322
 0.371
-1.001
-1.378
 0.285
-1.531
-1.430
 0.075
-1.117
 1.125
-0.275
 0.396
 0.458
 0.000
-1.173
-1.258
-1.097
-0.131
 0.574
 1.098
 1.393
 1.093
 0.238
-0.673
 0.605
 0.973
 0.912
 0.219
 0.201
-1.055
-1.515
 0.870
-0.362
 0.660
 0.527
 1.164
 1.471
 0.486
 0.314
 0.587
 0.133
 1.158
-0.007
 1.085
-0.142
-0.273
-1.171
-0.782
 0.363
 0.035
-0.444
-0.014
-0.095
-0.757
 0.650
-0.739
-0.373
 0.047
 0.392
 0.123
 0.377
-0.464
 0.387
-0.241
-0.450
-0.191
-0.166
 0.526
 1.696
-0.459
 0.604
 2.901
 2.037
 2.129
 3.016
 2.217
 1.927
 1.317
 1.751
 0.377
 0.752
 1.378
 1.146
 1.339
 1.436
 0.905
 0.651
-0.045
 1.095
 1.521
 1.634
 0.718
 0.820
 0.592
 1.356
 0.801
 0.649
 1.989
-0.402
-1.228
 0.372
-0.477
 0.235
 0.924
 0.293
 0.831
 0.267
-0.850
 0.167
 1.318
 0.459
-1.038
 0.609
-0.860
-0.222
-0.619
-0.746
 0.917
 1.071
 0.998
 0.530
 0.320
-0.238
 0.431
 0.057
 0.179
-0.218
 0.148
 2.301
-0.455
-0.567
-0.941
-2.447
-0.542
-1.531
-0.612
 1.367
 1.747
 0.833
 0.395
 0.808
-0.183
 0.208
 1.415
-0.798
 0.819
 0.271
 0.629
 1.728
 0.014
 0.803
-0.315
-0.013
-0.999
 0.004
 0.537
 0.021
 0.376
 0.246
-0.029
 0.800
 1.417
 0.726
-0.115
 0.450
 0.787
 0.434
 0.656
 1.242
 0.628
 0.889
 0.126
-0.112
 0.839
 1.959
 1.412
-1.659
-1.427
-0.370
-0.284
 1.232
 0.233
 0.025
 0.531
-0.253
 0.346
-0.181
 0.757
 0.195
 0.330
 0.859
 0.894
 0.494
 1.237
 1.470
 0.155
 1.446
 2.159
 3.259
 1.797
-1.096
-0.466
 1.265
 0.480
 1.195
 1.043
 1.978
 0.553
 0.008
-0.122
-0.118
-0.793
-0.604
 0.156
 0.214
-0.188
 0.751
 1.167
 0.459
-0.516
 0.289
 1.953
 0.176
 0.110
 0.205
 0.348
 0.283
 1.730
 1.737
-0.023
 0.045
-0.588
 0.300
 0.359
 0.258
-0.156
 0.960
-0.580
-1.178
-0.471
-0.671
-0.558
-1.746
-0.636
-0.797
-1.258
-0.047
 1.198
 1.321
 0.763
 0.029
-0.628
-1.460
-0.401
-0.633
-0.480
 0.596
 0.466
 0.326
-1.490
-0.879
 0.138
-0.133
 1.202
 0.940
 0.574
 0.240
-0.972
 1.870
 1.008
 0.103
-0.925
-1.399
 1.326
 1.393
 1.910
 1.402
 0.091
 1.517
 0.596
 0.437
-0.672
-0.386
 0.316
 1.477
 1.130
 0.228
 0.860
 0.490
 0.009
-1.999
-2.459
 0.567
 1.599
 0.369
 1.754
 1.474
 0.882
 0.694
 0.299
 1.491
 1.908
 1.773
 1.830
-0.024
-0.386
 0.884
 1.064
-0.503
 1.483
-0.459
-1.789
 0.862
 1.144
-0.297
 1.038
 1.097
 0.073
 0.513
-0.786
-0.646
-0.806
 0.213
 0.743
-0.013
-0.303
-0.028
-1.419
-2.240
-2.445
-1.336
-1.288
-0.360
 1.666
 1.315
 1.098
 0.942
-0.338
 0.707
 1.157
 2.206
 2.289
 0.320
 1.951
 2.050
 0.915
 1.812
 0.016
-0.279
-0.686
-0.505
-0.312
 1.246
 0.154
 0.325
 0.091
-0.319
 0.354
-0.561
-0.091
-0.314
 1.134
 1.087
 0.118
 0.224
 0.208
 0.233
 2.075
 2.880
 0.674
 1.038
-0.103
 0.292
 0.938
 0.054
 1.074
 0.272
 1.461
 0.755
 1.495
-0.350
-0.506
 0.963
-0.502
 0.621
-0.126
 1.601
 1.066
 2.237
 0.103
 1.600
 0.088
-0.386
 0.251
-0.256
-1.087
 0.145
 0.114
-0.208
 0.471
 1.770
 1.814
-0.918
-0.640
 0.497
 1.385
-0.076
 0.284
 0.044
 0.261
 0.510
-0.280
-2.090
-0.145
-0.309
 0.572
-0.063
 0.272
 0.969
 0.254
 1.375
-0.020
 0.032
 0.303
 1.870
 0.903
 0.003
-0.480
 0.236
 0.222
 0.291
-0.025
-0.560
-0.518
-0.135
 0.081
 0.263
-0.043
-1.934
 1.387
-0.660
 0.327
-0.252
-0.266
-0.404
-0.203
 0.539
 1.047
 2.204
 0.554
 0.198
 0.699
 0.063
 1.312
 1.637
 1.154
 1.094
-0.472
-1.272
-2.707
 0.175
 0.110
-0.643
-1.688
-0.922
-0.599
 0.197
 0.166
 0.203
 0.939
-0.523
 0.676
 0.915
 0.228
 0.203
 0.775
-0.714
 0.411
 0.919
 0.293
-0.733
-0.946
-0.586
 0.656
-0.095
-0.274
-1.011
 0.469
-0.433
 0.087
 1.392
 0.726
 0.492
 0.321
 0.249
-0.493
 0.059
 0.899
 2.114
-0.008
 0.407
 0.158
-1.441
-0.234
 0.532
 0.424
 0.748
 0.946
-0.394
 1.684
 0.678
-1.031
 0.048
-0.933
-1.612
-0.017
 0.027
 1.301
 0.540
-0.651
-0.149
 1.022
-0.766
 0.280
 0.169
 0.582
 2.148
 1.425
-0.697
-0.418
 0.561
-0.560
 0.485
 1.718
 0.809
 1.845
-0.504
 0.515
-0.059
-0.486
 0.083
 1.316
-0.337
 1.602
 1.308
 0.700
 0.920
 1.570
 1.831
 1.424
 1.705
 1.725
 1.323
 0.654
-0.065
 0.894
 1.630
 0.818
-0.220
-0.334
-0.178
 0.623
-0.462
 0.806
 1.496
 2.307
 0.296
 0.419
 1.759
 1.719
 0.790
 1.879
 0.367
 1.225
 0.796
 1.530
 2.464
 1.898
-0.096
 1.030
 2.173
 1.351
 1.361
 0.333
 0.346
 0.665
 0.749
 1.028
 0.850
 0.118
 0.396
 1.473
 0.049
 0.012
 1.202
 1.262
 1.390
-0.148
 0.918
 1.044
 1.591
 0.393
 1.466
-0.075
 0.648
-0.260
 0.889
 0.886
 0.899
 2.220
-0.514
 1.381
-0.143
 0.522
 0.193
 0.300
-0.222
 0.290
 0.274
 1.408
 2.762
 1.388
 1.608
 1.951
 1.983
 0.048
 1.416
 1.843
 1.780
 1.194
 1.680
 1.226
 1.474
-0.264
 1.245
 0.373
-0.615
-0.155
 1.258
-1.017
 0.426
-0.378
 0.195
-1.052
-1.248
-1.923
-0.992
-1.303
 1.230
 0.829
 0.622
 1.438
 1.584
 1.448
 1.296
 1.812
 1.047
 0.690
 0.306
 0.683
 0.883
 1.676
 1.033
 0.660
 0.641
-0.019
 1.042
 0.617
 1.039
 0.946
 0.127
 1.239
 0.342
-0.942
 0.375
-0.507
 1.003
 1.234
 0.447
-0.775
 0.184
-0.660
-0.039
-0.877
 0.898
-0.643
-0.328
 0.076
 0.552
 0.567
-0.155
 1.971
 0.254
 0.591
 1.015
-0.103
-1.415
-0.062
-0.190
 0.748
-0.418
 0.633
-0.085
 0.089
 0.195
 1.955
-0.850
-0.645
 0.124
-0.253
 1.231
 1.530
 1.845
-0.036
-0.445
-2.173
-0.821
-0.834
 1.558
 1.014
 1.146
 0.689
 0.067
-0.239
-0.496
 0.553
 0.153
 1.068
 2.252
 0.201
 0.310
-1.071
 0.958
 1.044
 0.899
 0.437
 0.531
 0.594
-0.831
-0.608
-0.313
 0.346
-0.001
-0.770
-0.561
-0.596
 0.954
 0.545
-0.640
 0.056
 2.149
 1.782
 2.821
 1.250
 1.273
 2.113
 1.352
 2.231
 1.527
 1.284
 0.376
 1.428
 1.744
 1.017
 0.401
 2.003
 2.082
 1.130
 1.059
 1.779
 1.313
 2.191
 0.922
 0.331
 1.753
 1.844
-0.333
-0.759
 1.566
 2.553
 1.171
-0.290
-0.712
-0.356
-0.177
 0.353
 0.662
 0.516
 1.124
 2.467
 1.318
 0.818
 1.591
 0.153
 1.108
-0.698
-0.349
 1.057
-0.022
 0.122
 0.323
 1.705
 0.306
 1.345
 0.334
 0.842
 1.733
 1.636
 1.371
 1.428
 0.948
 1.279
 0.814
 0.707
 0.997
 0.952
 1.344
 1.504
 0.053
 0.272
 0.433
 0.414
 0.979
 0.144
-1.252
-0.547
 0.467
 0.175
 0.278
-0.092
-0.886
 0.933
 0.291
 1.626
 1.369
 1.299
 0.951
 1.672
 0.104
 0.486
 0.748
-0.237
 0.055
 1.382
 0.411
 0.765
-0.117
 0.455
 0.561
-0.363
 0.466
 1.630
 1.143
-0.501
-0.578
-0.298
 0.139
 0.264
 0.302
 0.588
 2.092
 1.350
 1.456
 0.925
 0.622
 0.426
-0.502
 1.492
 0.903
-0.413
 0.211
 0.489
 0.814
 1.372
 0.593
 0.675
 1.800
-0.586
 0.220
-0.296
-0.117
-0.546
-1.258
-0.722
 2.248
 0.655
 0.927
-1.088
 0.228
 0.792
 1.295
 0.578
 0.654
-0.621
 1.155
 0.880
 1.641
-0.326
 0.457
 0.004
-1.205
 0.932
 1.280
-0.286
 0.965
-0.547
 1.140
 2.322
 2.209
 1.782
 0.888
 1.084
 0.861
 1.042
 0.831
 2.411
 1.176
 1.083
-0.523
 1.955
 0.311
 1.465
 0.868
 2.280
 1.654
 1.751
 0.053
 0.869
 1.178
 1.247
 1.908
 0.393
 0.983
 0.347
 1.155
 0.446
 1.796
 1.227
-0.829
 0.685
 0.108
 2.109
 1.580
 2.044
-0.148
-0.146
-1.137
-0.025
-0.562
-0.221
-0.211
 0.693
 0.115
 0.925
 0.706
 1.219
 1.518
 1.127
 1.542
 0.697
 0.771
 0.386
 1.058
 0.498
 1.130
 1.129
 0.492
 1.138
 0.092
-1.055
 0.825
 0.919
 0.871
-0.621
-0.253
-0.750
 0.100
 1.258
 0.234
 0.845
 1.947
 0.738
-0.369
 0.421
-1.016
-0.844
-0.814
 0.323
-0.852
-0.873
-0.219
 0.196
 1.045
 0.830
 0.189
-0.139
 0.486
 1.054
-0.575
-1.090
-1.093
-1.194
-0.569
-1.806
-1.379
 0.106
-1.469
-0.740
-0.646
 0.050
-0.481
-0.752
-1.009
 0.039
-0.948
-1.741
-0.464
-1.281
-0.367
-1.306
 0.656
-0.343
-0.060
-0.533
-0.090
 0.356
-0.086
 0.388
 0.077
-1.503
 0.532
-0.131
 0.177
-0.674
 0.210
 1.385
 0.985
 1.261
-0.940
-0.062
-0.249
-1.073
-2.273
-1.707
-1.531
-1.193
-1.024
-0.058
 0.754
-0.173
-1.943
 0.373
 0.394
 0.587
 0.203
-0.264
-0.066
 0.487
-0.981
 0.625
 2.272
-1.144
 0.040
-1.739
-2.774
-1.933
-0.590
-0.829
-0.533
 0.100
-1.608
-0.015
-1.684
 0.208
-0.530
 0.832
-1.711
-0.616
-0.437
 1.707
-0.323
-1.033
-0.153
-0.646
-0.778
-1.380
 0.720
-1.342
 0.194
-0.915
-0.412
-0.434
-0.027
-0.152
-1.623
-0.527
 0.631
-0.099
-0.825
 0.436
-0.603
-1.276
-0.936
-2.294
-0.923
-0.612
-0.231
-1.001
-0.036
-0.284
-0.322
-0.854
-1.419
-0.929
-0.386
-0.235
 1.119
 0.478
 0.454
 1.564
 0.229
 1.217
-1.393
-0.444
 0.844
-0.455
-0.701
-0.120
 0.559
 0.296
-0.544
-0.090
 0.017
-0.468
-0.018
 0.338
 1.254
 0.105
-0.683
 1.166
 0.726
-0.850
-0.251
 1.068
-0.994
-0.731
-0.623
-0.146
-0.514
-2.150
-0.830
-2.620
-1.186
-1.516
-1.185
 0.210
-1.402
 0.123
-1.030
-1.426
-1.413
-1.399
 0.059
-0.203
-0.009
-0.506
 0.234
 0.289
-1.008
 0.361
 1.011
-0.684
-0.899
-0.851
 0.678
 0.561
-0.338
 0.091
 0.170
 0.264
 0.821
 0.626
 0.405
 0.344
 0.018
 1.336
 0.338
 0.331
 0.642
-0.161
 0.394
-0.933
-1.287
-2.752
-1.880
-1.350
 0.492
-0.184
-0.091
-0.722
 0.208
-0.445
-0.914
-0.442
-1.600
-1.593
-0.326
-0.988
 1.316
-0.004
 0.556
-0.462
-0.837
-0.856
-0.516
 1.833
 0.228
-0.871
 1.177
 1.039
 0.933
 0.221
-0.148
 0.807
-0.741
 0.583
-0.457
 0.419
 1.394
 1.761
 1.932
 1.148
 0.878
 1.374
-0.582
-0.799
-0.222
-0.130
 0.751
-1.011
-0.093
 0.760
 1.349
 0.055
-0.909
-1.102
-1.528
-0.535
-0.186
 0.101
-0.014
-0.013
-0.475
-1.147
-1.442
-1.459
-0.634
-1.044
-0.738
-1.336
-1.328
-0.438
-0.323
-0.435
-0.694
-0.648
-0.255
-0.325
 0.380
-0.069
 0.359
 0.643
-0.132
-0.818
-0.861
 0.028
 1.864
 0.823
 0.534
 1.691
 1.507
 0.541
 1.803
-0.335
 0.046
 1.051
-0.362
-0.571
-0.050
 0.939
 1.350
 1.090
 0.726
 0.130
 0.244
-0.725
 0.544
-1.143
-1.057
-1.782
-0.907
 0.374
-1.401
-0.894
 1.499
-0.019
 1.025
 0.704
 1.204
 0.431
-0.647
 0.289
 0.017
-0.594
-0.204
-0.636
-0.205
 0.486
-1.291
 0.095
 0.544
 1.499
 0.894
-0.663
 0.487
-0.630
 0.210
 0.195
 0.459
 0.801
-0.871
-2.144
-0.232
-1.207
-1.181
 0.458
 0.682
-0.844
-0.712
-1.058
-0.380
-1.590
 0.058
-0.721
-1.004
-0.253
-0.308
-0.513
 0.392
-1.183
-1.989
-1.126
-2.248
-1.079
-2.120
-0.683
-1.166
-0.443
 0.149
-1.221
-1.208
-0.366
-0.972
-0.387
-0.015
-0.023
-0.913
 0.564
-0.563
 0.255
 1.609
 0.828
-0.228
-0.502
-0.074
 0.617
-0.821
-1.262
-0.690
-0.599
-0.184
 0.274
 1.054
 0.203
 0.599
-0.759
 0.135
-0.865
 0.541
 1.220
 0.591
 0.216
-0.753
-0.191
-0.220
-0.162
 0.021
-0.321
 1.476
 1.533
 0.773
 0.221
 0.437
 2.074
 2.211
 1.363
 0.910
 0.413
 0.508
-0.562
 0.207
-1.167
-0.109
-0.375
 0.598
-0.461
 0.985
 1.396
 1.999
 0.841
-0.296
-0.336
 0.602
 0.153
-0.334
-0.074
 1.205
-0.654
 0.914
-1.668
-1.129
-0.407
-0.025
 1.285
-2.139
-1.861
-1.081
-1.313
-0.575
 0.611
-0.244
-0.294
 0.838
 0.748
 0.033
 2.412
 0.674
 1.552
 0.062
 0.379
 2.251
 0.099
 1.018
 0.207
 1.267
-0.090
 0.122
-0.339
 1.879
 1.741
 0.670
-0.208
 1.368
 0.833
 0.722
 1.591
 2.434
-1.394
 0.969
 0.042
 0.447
-0.651
 0.541
 1.526
 0.447
-2.287
-0.721
-0.481
-0.094
 0.182
 0.363
 1.087
 2.103
 0.028
-0.996
 0.344
 1.948
 0.974
-1.077
 0.075
-0.062
-0.427
-0.775
-0.785
-0.572
 0.074
-0.631
-0.790
-0.526
 0.408
 0.374
-0.225
 0.408
-0.100
 0.905
-0.896
-1.848
 0.621
 1.156
 0.180
 0.800
 0.411
 0.515
-0.669
 0.387
 0.330
 0.003
-0.312
 0.421
-0.718
 0.208
 0.814
 0.126
 0.652
-0.024
-0.650
-0.222
-0.193
-0.843
 1.281
-0.616
 0.865
 1.501
 0.854
 0.181
-1.230
-0.616
 0.923
-1.154
 0.859
-0.510
 0.675
 0.796
 1.123
 0.693
 0.562
 0.947
-0.298
 1.280
 0.701
-0.162
 0.801
 0.877
 0.033
 0.896
 2.456
 0.480
 0.694
 0.022
-0.655
-1.735
 0.388
 0.012
 0.442
-0.534
 0.506
 0.035
 0.781
 0.976
-0.396
-0.999
 0.518
 0.653
 1.365
 1.112
 1.237
 0.981
-0.483
 1.534
 1.160
-0.541
 0.965
 0.637
 0.575
 0.967
 1.944
 0.048
 1.229
 0.761
 1.345
 2.444
 0.671
 0.342
 1.338
 2.792
 1.275
 1.034
-0.311
 1.309
 0.225
-0.287
 0.592
 1.802
 2.283
 2.588
 1.630
 2.536
 0.786
 0.501
-1.185
-1.909
 0.351
 0.600
 0.398
 0.347
 0.176
-0.277
-0.152
-0.380
-0.883
-2.483
-1.009
 0.379
-0.830
-1.264
-0.777
-0.437
 1.262
-0.835
-0.077
 0.137
 1.178
 2.027
 1.512
 0.676
 0.211
-0.878
-1.585
 0.133
-0.299
-1.568
-0.384
 1.405
 0.137
-0.456
-0.527
-2.061
-2.313
-1.545
-0.446
 0.534
 0.197
-0.152
 1.801
 0.947
-0.648
 0.693
 0.780
-0.611
 0.066
-2.283
-1.383
-0.239
 0.753
 0.000
 0.482
 0.761
 1.097
 1.018
 0.834
 2.604
-0.467
 2.311
-1.543
 0.159
 0.456
-0.639
-1.423
-1.838
-1.429
-0.548
-0.270
-1.482
-1.665
 0.621
 0.934
 0.564
 0.169
 0.723
-0.200
-0.444
-0.892
-0.627
-0.234
-1.152
-0.383
 0.476
 0.518
-0.138
-0.430
-0.207
-0.122
-0.098
-0.504
-1.587
 0.450
 0.652
 0.439
 0.677
-0.075
 0.371
-0.540
-1.073
-0.002
-1.720
-0.198
 0.232
-0.404
 0.248
-1.241
 1.584
 0.990
 1.383
 0.495
 2.182
-0.685
 0.500
-0.093
-0.016
 1.630
 1.743
 0.998
 0.446
 0.198
-1.083
-1.001
-0.894
 0.122
-0.874
 0.253
 0.235
-0.210
-0.924
 1.104
 0.457
 0.709
 0.021
 1.304
-0.129
-0.443
-0.310
 0.612
-0.340
-1.351
-0.672
-2.160
-0.597
-0.066
-1.200
-0.892
-1.788
-0.956
-2.339
-1.664
-0.479
-0.093
-0.144
 0.711
 0.577
 0.431
-0.815
 0.259
-0.582
-0.054
-0.013
 0.040
 0.181
 1.152
 1.468
 1.040
-0.498
 0.688
 0.381
 1.366
 1.204
 0.879
-0.085
 1.023
 0.136
-0.262
-0.715
 0.479
 0.221
 1.529
 1.689
 0.240
 0.525
 1.367
 0.243
 1.271
 0.627
-0.288
 0.636
 0.871
-0.544
-0.484
-0.681
-0.451
-0.499
-0.830
-1.199
 0.054
-1.017
 1.610
 1.306
-0.259
-0.479
-0.825
-1.269
-0.468
-0.350
 0.374
 0.079
-0.238
-0.326
-1.404
-0.255
-0.963
 0.402
-1.453
-0.642
-1.288
 0.062
 0.809
-0.031
 0.194
 0.899
-0.676
 0.914
 1.853
 0.384
 1.233
-0.427
-0.218
-0.981
 0.207
-1.354
-0.245
-1.533
-0.396
-0.074
 0.449
-0.196
 0.289
 0.185
-0.341
 1.240
 1.543
 0.164
-0.386
 0.277
-0.185
 0.220
-0.376
-0.741
-0.753
-1.588
-0.384
-0.739
 0.590
 0.030
 1.248
 1.185
 0.462
-1.505
-2.094
-0.766
 0.165
 0.201
-2.291
-1.002
-0.986
-0.642
 0.051
 1.088
 0.592
-0.746
-0.869
 0.402
-0.996
-0.873
 0.137
 0.656
 0.700
-1.144
-0.130
-1.398
-1.737
-0.854
 0.960
 1.407
 0.555
 0.150
 0.155
-0.016
 0.058
-0.028
 0.171
-0.508
-0.280
 0.552
-0.686
-0.976
-0.394
-0.369
 0.230
 0.089
-0.528
-1.759
-1.500
-1.344
-0.487
-0.546
-1.390
 0.244
-0.212
 1.005
 0.848
-0.190
-1.934
-1.395
-1.316
-0.140
-1.606
-1.427
 0.125
-0.236
 0.622
 0.192
 0.779
-0.368
-0.233
 0.109
-0.762
-0.561
-0.566
 0.315
 0.879
 0.315
-0.132
 0.312
-0.898
 0.694
 0.201
 0.439
 0.511
-0.369
-0.283
-0.879
 0.662
-0.905
 0.562
-0.797
-2.782
 0.326
-0.402
 0.568
-0.315
-0.442
-0.721
-0.404
-0.212
 0.272
-1.824
-0.089
 0.004
 0.716
-1.273
-0.308
 0.182
-0.186
-1.689
 0.139
-1.147
-1.560
 0.542
-1.923
-0.603
 0.068
-0.778
 0.126
-2.432
-1.093
-1.363
 1.043
 0.719
-1.510
-1.361
-1.071
-0.965
 0.764
-1.073
-0.389
-0.730
-0.545
-1.612
 0.107
 1.433
-0.430
 0.688
-0.339
-0.666
-2.480
-0.327
-0.329
 0.403
 1.056
 0.315
 1.634
 1.244
 2.051
 1.959
 0.593
 0.916
 1.097
 0.200
 0.634
-0.138
-0.109
-0.576
-1.357
-0.543
-1.023
 0.094
-0.314
 0.317
-0.331
 0.428
-0.011
-1.184
 1.075
-0.306
-1.792
-1.460
-0.727
-1.069
-0.252
-0.467
-2.229
 0.499
-0.386
-2.156
-2.329
-1.112
-0.216
-1.060
-1.003
-0.346
-2.321
-0.270
-1.836
-2.762
-2.173
-1.028
-0.347
 0.537
 0.249
-1.143
-0.668
 0.013
 0.027
 0.990
-1.663
-1.303
 0.360
-0.257
 0.308
-0.975
 0.317
-0.297
-1.208
-1.658
-0.796
 1.426
 2.141
 1.101
 1.125
 1.800
-1.261
-1.074
 0.176
 0.290
 0.476
 0.342
 0.530
-0.597
 0.102
 0.762
 0.200
-1.535
 0.703
 1.720
 0.506
 0.903
 0.191
-0.658
 0.818
 1.442
 0.070
-0.141
-0.269
 0.686
 0.062
-0.309
-0.215
-0.813
-0.722
 1.032
 0.325
 0.176
 0.266
-0.494
 0.496
 0.369
 0.482
 0.702
-0.031
-0.881
-1.435
-0.332
-0.333
-1.470
-3.001
-0.770
-1.802
-0.672
-1.541
-0.390
-0.029
-0.818
-1.397
-0.921
-1.079
-1.593
-0.225
-1.329
-1.902
-0.210
-1.173
 0.065
 0.315
-1.260
-0.463
-0.278
 0.780
-0.263
 0.006
-0.397
-0.177
 0.436
 0.379
-2.080
-0.825
-0.180
-1.251
-1.318
-0.833
-1.148
-1.442
-0.032
 0.801
 0.621
 0.009
-0.610
-0.362
-1.102
 1.219
-0.211
 0.784
 0.484
 0.051
 0.761
 1.670
 1.222
 0.673
 0.222
 1.582
-0.004
 0.311
-1.515
 0.553
-0.476
-0.020
 1.098
 1.668
 2.010
 2.212
 0.848
 0.924
 1.521
 0.572
 1.040
 0.762
 1.709
 1.125
-0.423
-0.549
-1.243
 0.927
 0.611
 0.536
 0.547
 0.986
 0.804
 0.957
-0.053
 0.774
 0.758
 2.599
 1.435
 2.012
 0.176
 0.511
 1.172
 0.229
 1.198
 1.444
 0.699
-0.344
 0.940
-1.016
 0.501
 0.166
-0.081
 0.943
-0.621
 2.497
 3.468
 0.461
 2.281
 1.068
 1.711
 0.383
 0.101
 0.843
 1.494
 1.307
 0.165
 0.494
-0.423
 1.012
 0.676
 0.353
 0.858
 2.619
 0.675
-1.319
 1.036
 1.044
 0.987
 1.405
 0.930
 0.985
-0.796
-0.491
 0.401
 0.097
 0.223
-1.095
-0.345
 0.632
 2.138
 0.794
 0.430
 0.359
-2.197
-0.627
 0.740
 0.104
 1.218
 1.228
 2.187
 1.016
 1.634
 1.172
 1.580
 1.126
 0.140
 0.495
 1.819
 1.153
 0.411
 0.982
 0.841
 0.005
 1.089
 0.740
 1.302
 1.874
 0.575
 1.219
 0.278
 1.906
 2.488
 2.114
 0.900
 0.839
 1.371
 1.760
 2.141
 1.092
 0.323
 0.996
 0.175
 0.625
-0.286
-0.499
-0.644
 0.904
 1.423
 0.602
-0.164
 0.335
 0.110
-0.136
 0.675
 0.390
 2.746
-0.214
 0.447
-1.195
-0.870
-1.054
-0.004
 0.190
-0.763
-0.321
-1.030
-0.306
 0.671
-0.170
 0.672
 0.216
 0.361
-0.918
-0.869
-0.173
-0.458
-0.855
 0.159
-0.209
 0.640
-0.095
-0.295
-1.078
 0.977
-0.606
 1.087
 0.781
 0.394
 0.759
 0.351
 1.569
-0.322
 0.760
 0.350
 0.554
-0.432
-0.123
 2.312
 1.697
 1.345
 0.572
 1.206
 1.038
 0.853
-0.663
 0.360
 0.304
 0.322
 0.012
-0.051
-0.152
 0.836
 0.006
 0.361
 0.345
-0.487
 0.071
 2.282
 2.032
 1.419
 1.219
-0.380
 0.348
 0.538
-0.361
-0.582
-0.707
 1.920
 0.955
 0.713
 1.136
-0.325
 0.352
-0.574
 0.766
 1.084
 2.180
 1.276
-0.044
 0.202
 0.478
 1.586
 0.643
 0.306
 0.243
 1.323
 0.624
 0.603
 0.167
 0.284
-0.171
 1.064
 0.528
 1.460
 2.469
 0.337
 0.018
-0.188
 0.421
-0.802
 0.877
 1.577
 1.624
 2.328
 0.790
 1.121
 0.686
 1.162
 1.058
 1.567
 1.133
 0.606
 0.046
-0.773
 0.819
 0.122
-0.354
-1.156
-0.493
 1.097
 3.345
 0.180
 1.912
 0.555
 0.877
 1.580
 2.229
-0.542
-0.788
 0.863
-0.993
-0.436
-0.637
-0.325
-0.283
-1.120
-0.168
 0.230
 1.245
 1.601
 1.149
 0.503
 0.420
 1.147
 0.275
-0.445
-0.427
-0.380
 0.124
-0.461
 0.464
-0.823
 0.129
-1.347
-0.282
-1.040
 2.744
 0.182
-0.237
 0.945
 0.629
 0.275
 0.701
 1.204
 0.311
-0.109
 1.902
 0.726
 2.059
 0.774
 2.086
 2.055
 0.505
-0.724
 1.745
 1.072
 1.073
 1.329
 1.264
 3.437
 0.683
 1.838
 0.525
 0.553
 0.424
 0.530
-0.142
 0.403
 0.165
 0.488
 0.271
-0.908
-0.220
-0.508
 0.066
 1.679
-0.223
 0.161
-0.265
-0.219
-0.697
 0.133
 0.410
 0.549
-0.302
 0.221
 0.528
-0.368
 0.093
-0.031
-0.264
 0.649
 0.067
 0.151
-1.525
 0.605
 0.081
 0.266
 1.701
 1.403
 1.469
 1.131
 2.552
 2.407
 1.489
 0.995
 1.783
-0.427
 1.401
 0.277
 2.011
 0.288
 0.607
 0.186
 1.818
 1.433
 2.697
 0.851
 1.539
 0.513
-1.966
-0.218
 0.684
-0.013
 0.595
-1.160
-0.569
 1.634
-0.339
 0.504
 0.499
 0.207
-1.322
 0.499
 0.736
 0.135
-0.454
 1.269
 1.926
 0.670
 0.162
-1.570
-1.506
 0.984
 0.470
 1.059
 0.688
-0.272
-0.270
 0.748
 1.446
-0.606
-0.212
-0.969
-0.532
 1.508
 0.308
 0.321
 1.233
 0.103
 0.142
 0.021
-0.223
 0.686
 1.391
-0.028
 0.718
 1.034
 1.830
 2.274
 0.909
 1.360
 0.195
 0.072
-0.094
-0.924
-0.042
-0.699
-0.849
 0.504
 1.240
-0.563
 1.330
 0.363
-0.272
-1.617
-1.258
 0.278
-0.889
-1.571
-0.718
-1.040
 0.257
 0.517
 0.166
 0.361
-1.135
-1.769
-0.120
-1.377
 0.128
-0.304
-0.319
 0.761
 1.064
 2.303
 1.846
 0.821
 0.984
 0.431
 1.655
 1.196
 0.786
 0.056
-0.063
 0.936
 0.115
-0.499
-0.678
-1.019
 1.762
 0.785
 1.481
 0.333
 0.177
-0.303
-1.072
 0.409
-1.441
 1.314
 0.588
 0.174
 0.848
-1.253
 0.200
 0.773
 0.745
 0.201
-0.010
-0.263
 1.456
 0.573
-1.014
-0.298
-0.160
-1.473
-1.658
 0.663
-0.202
 0.363
 1.786
 0.393
-0.218
 1.657
 0.866
 0.241
 0.116
 0.485
 0.454
 0.713
 0.047
 0.902
 0.365
-0.093
-0.054
 0.614
 0.271
 1.289
-0.088
 0.992
 0.422
 1.508
 1.945
 1.055
 1.796
 0.692
 0.270
 0.364
 0.265
-0.277
 0.382
 0.167
-0.817
 0.760
 0.173
 1.217
-0.709
-0.832
 0.670
 0.074
-0.547
-0.861
-2.536
 0.253
 1.679
 1.438
 0.147
 1.582
 0.351
-0.252
-0.031
 0.493
 0.713
-0.544
 0.022
 0.590
 0.597
 0.481
 0.103
 0.059
-0.668
 0.484
 0.667
-0.342
 0.735
-0.749
 0.300
 0.624
 1.426
 2.336
 1.201
 0.616
 0.335
 0.079
 0.989
 0.960
 0.261
 0.370
 0.095
 0.244
 0.796
-0.393
-0.286
 1.619
 1.737
-0.244
-0.847
 1.116
 0.602
 0.319
 2.152
 0.951
-0.816
-0.083
-1.302
 0.701
 0.648
 1.761
-0.787
-0.841
-0.878
-0.872
-0.044
-0.198
 0.088
 1.142
-0.230
-0.466
 0.981
 0.920
 0.428
 0.378
 2.005
-1.696
-0.471
 1.437
 0.460
 0.636
 0.598
 0.564
 1.024
 1.805
 1.217
 0.520
-1.205
 1.227
 1.697
 0.505
 0.064
 1.099
-0.596
-0.953
 0.514
-0.168
 0.830
 1.720
 1.660
 0.730
-0.043
 1.841
 2.444
 2.913
 2.445
 2.274
 0.298
 0.363
 0.010
 0.388
 0.523
 0.040
-0.902
 0.642
-0.373
 0.440
 0.050
 0.405
-0.042
-0.006
-0.029
 0.219
-1.418
-1.806
-0.675
-1.201
-0.198
 0.500
 0.677
-0.945
-0.822
-0.689
-0.674
-2.628
-0.418
 0.791
-0.406
-0.777
-0.272
 0.142
 0.103
-1.406
 0.665
-0.246
-0.587
-0.442
-0.869
-0.715
 0.284
-0.950
 0.454
-0.015
 0.269
-0.697
-1.430
-1.178
 0.195
 0.431
 0.069
-0.008
-0.237
-0.127
 0.696
 0.212
 0.963
 0.597
 0.523
 0.571
 0.511
 0.145
 0.081
 0.163
 0.499
-0.414
-0.519
 0.619
-0.003
-0.780
 0.592
 2.744
 0.301
 0.707
 0.210
 0.306
 0.871
 0.035
 1.498
-0.169
-0.895
 0.355
-0.552
 0.421
-0.399
 0.530
-1.751
-0.382
-1.328
 0.153
 0.283
-0.917
-0.289
-2.509
-0.794
-0.648
-0.831
-1.081
-0.453
-0.920
-0.185
 0.423
 1.128
 0.984
 0.070
 0.039
-0.934
-0.435
-0.190
-1.089
 0.619
 1.002
 0.002
-0.479
-0.630
-1.298
-2.667
-1.044
 1.054
 0.523
 0.275
-0.655
-0.413
-0.992
-0.538
-0.623
 0.107
 0.760
-0.743
 0.261
-0.305
-0.144
-0.186
 0.061
-1.896
-2.372
 0.372
 0.682
-1.310
-1.321
-1.078
-1.136
-0.576
-1.192
 0.354
-0.167
 0.770
-0.580
 1.180
 1.034
-0.823
 0.451
-0.766
-1.340
-0.248
 0.259
 0.394
 0.131
 1.267
-0.556
 0.535
-0.061
 0.446
-0.040
-0.145
 0.343
-0.167
-0.462
 0.906
 1.668
 0.410
-1.114
-0.004
 0.523
-0.567
-0.230
-1.667
-1.328
-2.356
-2.099
-1.686
-1.659
-0.921
-0.578
-0.883
-1.112
-0.054
-0.310
 0.379
-0.705
-1.353
-1.286
-2.063
-1.108
 0.399
-0.535
-1.527
-0.196
-0.018
-0.804
-0.627
-0.258
 0.415
-0.178
-0.147
-0.097
 0.432
-0.390
-0.478
-0.688
-0.870
-0.031
-1.112
-0.701
-0.120
-0.385
-0.080
-0.150
-0.788
 0.435
-0.105
-0.386
-1.653
-1.384
-0.647
 0.545
 0.236
-0.980
-1.026
-0.498
-0.397
-0.283
 0.106
 0.273
 0.861
 0.492
-1.358
-2.149
-0.278
 0.444
-1.000
-0.127
-0.849
-0.190
-0.774
-1.154
 0.288
-1.037
-0.322
 0.397
-0.561
 1.087
 0.375
 0.242
-1.128
 0.589
 1.420
 0.212
 1.104
 0.643
 0.380
-0.497
-0.341
-0.457
-0.730
-0.982
 0.856
-0.279
 0.106
-0.901
-0.415
 0.246
-1.514
-1.687
 0.116
-0.612
-0.119
-0.157
-0.652
 0.814
-0.955
-1.296
-1.008
-1.707
-1.417
-1.667
-0.237
 0.063
-0.117
-0.019
 0.680
-0.791
-0.742
-1.675
-2.594
-1.194
-1.614
-2.421
-0.679
-0.527
-0.955
 0.173
-0.756
-1.198
-0.546
 0.109
-0.157
-0.094
-1.434
-0.228
 0.453
-0.439
-1.179
 0.186
-1.155
-0.867
-0.270
-0.427
-0.013
-0.201
-1.561
-0.447
 0.016
 0.688
-0.623
 0.223
 0.617
-0.769
 0.107
 1.039
 0.086
 0.612
 0.691
 0.323
 0.697
 1.998
 0.488
 0.523
 1.598
-0.384
-1.713
-1.152
 0.453
-0.500
 0.795
-0.333
-0.781
 0.761
 0.034
-0.142
-0.902
-0.076
-0.218
 1.425
-1.119
-0.309
 0.692
 0.558
-0.851
-0.537
-0.215
 0.975
 0.306
-0.788
 0.303
-2.153
 0.249
 0.704
 0.405
 0.055
 0.347
-1.268
 0.331
 0.412
 1.546
 0.162
 1.428
-0.495
 0.084
 1.063
-0.303
 0.420
-0.465
-0.408
-0.778
-1.195
 0.187
-1.258
-1.667
-0.969
-0.655
 1.865
 1.220
 0.717
-0.008
-0.023
 0.922
-0.182
 0.191
-0.148
-0.127
 0.290
-0.462
 0.502
-0.448
 0.756
 0.216
-0.247
 0.604
-0.435
-0.346
 0.223
-0.863
-0.160
-0.218
-0.161
-0.444
-1.578
 1.027
 0.594
 0.875
-0.809
-1.204
-0.103
 0.087
-0.774
 2.071
-0.550
-0.653
-0.240
-0.926
-0.219
-0.745
-0.729
-1.890
-0.407
-0.305
 0.147
 0.551
-0.444
-0.598
-0.273
-1.158
-0.082
-1.233
-1.700
-0.495
-0.376
-0.588
 1.151
 0.996
 0.632
 0.168
-1.468
 0.739
 0.008
-0.091
-0.020
-0.678
-0.104
 1.212
 1.220
 0.598
-0.133
-0.168
-0.800
-1.080
-0.205
-1.378
-0.630
 0.642
 0.258
-1.208
-0.286
 1.306
 1.776
 1.470
 1.276
 0.968
 1.853
-1.097
 0.104
 1.228
 0.947
-1.491
 1.244
-0.833
 0.813
 0.012
 0.581
-0.928
 1.043
 0.984
-1.739
-2.375
-1.597
-1.685
 0.458
 0.553
-0.305
-0.018
 2.047
 1.042
-0.305
 0.253
-0.164
-0.313
 0.370
-1.510
 0.755
 1.603
 1.317
 1.742
 0.294
-0.114
-0.032
 1.003
 1.778
 1.547
 0.859
 0.139
-0.329
-0.683
 1.617
-0.707
 0.356
 0.539
 0.849
-0.182
 0.454
 0.458
-0.415
 0.188
 0.197
 0.678
 0.065
 1.220
 0.146
-0.576
 0.870
-0.538
 1.128
 0.607
 0.234
 1.955
 1.233
 1.540
 3.311
 1.545
 0.062
 0.769
-1.009
-0.609
-1.696
-0.481
-1.502
 0.223
-0.497
 0.421
-1.213
 0.216
-0.367
-1.302
-1.077
 0.141
 1.047
 0.773
-0.036
-0.446
 1.502
 0.587
-0.696
 0.148
 0.370
-0.620
 0.777
-0.317
 0.497
 0.118
 0.055
 0.077
-0.610
-0.701
 0.073
 0.929
 0.518
 0.752
-0.474
 0.673
-0.125
 0.565
 0.689
-0.174
 0.323
-1.534
-0.932
-0.509
 1.005
-0.542
 0.399
-0.549
-0.909
-0.579
-1.316
-0.763
-1.867
 0.138
 0.288
-0.294
-0.088
-0.970
-2.001
-1.022
 0.295
 0.183
 0.941
 0.953
-0.309
 0.609
-0.541
-0.084
-1.084
-1.826
 0.644
-0.113
-1.183
-0.505
 0.450
 0.164
 0.145
 1.072
-0.561
 1.320
-0.126
 0.357
 0.114
-1.212
-1.939
-0.470
 0.038
-1.898
-0.920
-2.158
-1.080
-2.130
-1.084
 0.691
 1.968
 1.331
 1.191
 0.578
 1.086
-0.363
 0.872
 1.093
 1.485
 1.149
 1.968
 1.709
 1.872
-0.096
-0.768
-0.071
-1.066
-0.818
 1.754
-0.899
 0.374
 0.270
-0.465
 0.748
-0.573
-1.178
 0.095
 0.236
 1.313
 1.206
 1.234
-0.096
-0.512
-1.296
 0.446
-0.029
-1.045
 1.440
-0.089
-1.073
-0.303
 1.239
 0.807
 0.861
 0.447
-1.305
 0.682
 1.341
 0.218
-0.398
-1.091
-0.084
-0.194
-1.109
-1.252
-0.987
-0.399
 1.262
 2.724
-0.255
 0.246
 0.681
 1.057
 1.417
 1.850
 0.249
 0.287
 1.095
 0.346
-0.325
-0.253
-1.584
-0.569
-0.382
 1.581
 0.648
 0.254
-0.262
-1.568
-1.903
-0.257
 0.058
-0.373
-0.663
-1.483
-0.880
-1.790
 0.304
 0.308
 0.917
 0.693
 1.096
 1.101
 0.066
-0.232
 1.295
 0.497
 1.855
 1.621
 1.036
 0.832
 1.056
 0.561
 1.495
-0.652
 1.913
 1.395
 1.270
-0.159
-1.056
 0.262
 0.272
-0.131
 0.546
-0.035
-0.135
 0.064
 0.615
 0.604
-0.135
-0.083
 0.948
 1.148
-0.590
 0.577
-0.776
-1.457
-0.232
 0.374
 1.358
-0.017
 0.095
-1.109
-0.426
-0.498
-0.722
 0.645
-1.795
-0.470
-0.213
-0.532
 0.006
 0.245
-0.370
 1.009
-0.758
-0.981
 0.224
 0.195
-0.617
 1.480
 2.383
 1.214
 0.005
 0.933
 0.680
 1.466
 0.598
-0.446
 0.140
 0.770
 0.512
 0.220
-1.231
-0.983
 0.049
-0.091
 0.879
 2.044
 0.741
 0.102
 0.479
 1.664
 0.229
 2.197
 0.948
 1.743
 1.654
 2.830
 1.794
 2.416
 2.226
 1.405
 2.754
 1.681
 0.531
 2.375
 1.303
-0.189
-0.999
-1.877
 0.509
-0.943
-0.583
 0.802
-0.020
 0.251
 1.929
 1.045
 0.421
 0.506
 0.780
 0.268
-0.125
-0.109
-1.387
 0.044
 0.301
 0.710
-0.245
-0.065
 0.797
 1.021
-0.161
-0.354
-0.435
-0.425
-0.011
-0.035
 0.906
-0.906
 1.488
 0.730
 0.461
-0.283
 0.277
-0.301
 0.185
 0.782
 0.567
 0.604
-0.070
-0.362
-0.707
-0.314
-1.079
-1.095
 0.864
-0.341
 0.921
 0.344
 1.069
 0.853
 0.411
 0.705
 0.470
 0.664
 0.536
-1.157
-1.967
-0.615
-0.327
 0.167
-0.214
-0.703
-1.884
-0.260
-0.516
 0.654
-0.164
-0.750
-0.576
 0.571
 0.249
 0.597
 1.013
 0.062
 0.147
 0.693
-0.125
 1.644
 2.028
 1.362
 2.135
-0.147
 0.933
 0.333
 1.578
 0.597
 1.072
 0.047
 0.472
-0.325
-1.067
 0.154
 0.102
-1.402
-0.558
-0.419
-1.452
-0.112
 0.451
-0.508
 0.968
-0.454
-0.466
 0.643
-0.407
 0.538
-0.880
-0.277
-0.257
-0.310
-0.198
 1.010
 0.594
 0.138
-0.124
-0.333
-1.390
-0.754
-0.340
-1.001
-0.299
 0.960
 0.014
 1.252
-0.118
 1.885
-0.209
 1.125
-0.692
 1.192
-0.533
-0.756
 1.514
 0.542
 0.183
-0.265
 0.609
 1.305
 0.166
 0.096
-1.033
-0.252
 0.138
-0.388
 0.652
-0.993
-0.476
 0.921
-1.910
-2.392
-0.143
 0.527
-0.539
-1.498
-0.375
-1.350
-0.391
-1.571
-2.261
-0.726
-1.866
-0.018
 0.558
-0.738
-0.367
-0.119
-1.524
-1.048
 0.277
 0.555
-0.728
-1.439
-0.636
-1.273
-0.928
-0.266
-1.019
 0.864
-0.229
 0.809
-0.403
-0.892
-1.304
-1.136
 0.102
-1.761
-0.198
-0.512
-0.602
-0.147
-0.833
 0.357
 0.746
-2.005
-0.896
 0.472
-0.334
-0.111
-1.325
-2.004
-2.349
-1.392
-1.174
-1.339
-0.665
-0.124
-0.600
-0.556
-2.416
-0.604
-0.374
 1.426
 0.331
 0.851
 0.735
-0.029
-0.078
 0.793
 1.021
 1.129
 1.274
 2.371
 0.438
-0.633
 0.810
 0.648
-0.251
-0.839
 0.426
-0.853
-0.769
-1.625
-0.399
-0.874
-0.832
-0.590
 0.846
 0.589
 0.026
 0.205
 0.250
-0.867
-0.734
-1.264
-0.508
-1.181
-0.044
-0.215
-1.153
-0.867
-2.174
-1.411
 0.097
 1.525
-1.313
 0.962
-1.104
-0.843
-1.045
 1.867
-0.127
-1.078
 0.137
-0.120
-0.313
 0.114
-0.843
-0.625
-0.135
-0.704
 0.707
 1.865
 1.555
-1.191
-0.276
-2.673
 0.893
 0.881
-1.596
-0.979
-0.675
-0.327
 0.124
 0.514
-1.240
 0.709
 0.133
 0.435
-0.402
 0.214
-0.446
-1.094
-2.389
-0.770
-0.752
-2.871
-1.133
-0.554
 0.435
-1.552
-0.226
-2.089
-0.293
-1.193
-0.833
-1.376
-0.211
-1.292
-1.052
 1.098
 0.305
-1.052
 0.336
-0.198
-0.835
-0.650
 0.091
-1.595
-1.174
-1.075
-0.078
-0.535
-0.796
-1.321
-0.893
 0.624
 0.177
 1.509
 0.585
-0.405
 0.770
-0.629
 0.235
 0.431
 0.271
 0.149
-0.391
-0.290
 0.480
-0.050
-1.874
-0.644
-0.734
 0.624
 1.223
 0.939
 1.105
 0.740
 0.186
 0.369
 2.072
 1.062
-0.478
 1.416
 1.408
 0.224
-1.050
-0.148
-0.436
-0.862
-1.340
-0.920
-0.488
-1.519
-1.499
-0.355
 0.268
 0.715
-0.745
-0.381
 0.640
-0.108
-0.403
 0.069
-1.080
 1.050
 1.124
 0.711
 0.163
 1.611
 0.717
 0.340
 1.417
 0.165
 0.473
 0.670
 1.272
 1.317
 3.149
 0.995
-1.450
-1.425
-0.668
-0.700
 0.085
-1.046
-0.756
-0.689
 0.527
-0.067
 1.108
 0.182
-0.007
 0.385
 0.038
 0.595
 0.549
 1.641
 0.350
-0.482
-0.937
-0.110
 0.210
 0.239
 0.131
-1.351
-1.073
 0.434
 0.715
 0.582
 0.312
-0.500
-1.457
-0.254
 0.508
-0.558
-0.011
 0.420
-1.293
-0.948
-1.175
-0.317
 0.653
-1.174
-0.329
-0.524
-0.330
 0.850
 1.536
 0.674
 1.269
 0.381
 0.473
 0.357
-0.451
 1.416
 1.102
 0.647
-0.522
 1.059
 0.449
-0.254
-2.350
-0.501
 1.207
-0.305
-0.194
-0.983
 0.958
-0.961
 0.596
 0.363
 0.264
 0.007
-1.956
-1.226
-0.017
 0.052
-1.182
 1.062
-0.163
-0.940
-1.205
 0.028
-0.235
 0.998
 0.607
 0.389
 0.392
 0.658
-0.019
-0.822
-1.462
-0.710
-0.096
-1.136
-1.651
 0.609
-0.423
-0.776
-1.435
 0.073
 0.271
-0.257
-0.284
-0.425
-1.232
 0.080
-0.145
-0.099
 0.400
-0.156
 0.308
 1.129
 0.225
-0.274
 1.181
-1.434
 0.068
 0.916
-0.123
-1.786
-0.018
-0.236
 0.903
 1.610
 0.740
-0.668
 1.336
 1.217
 1.849
 1.675
 0.930
-0.480
 0.472
 0.384
 0.383
-0.400
 0.194
-0.380
-0.417
-0.929
-0.639
-0.112
-1.194
-1.364
 0.537
-0.517
 0.093
-2.787
-1.535
-0.872
 0.074
-0.600
-0.360
-1.186
-1.276
 1.541
 1.006
 1.397
-0.131
-0.100
-0.298
-0.659
-0.620
 0.058
 1.616
-0.637
-0.833
-0.732
-0.615
-0.757
 2.241
 0.902
 0.258
 0.607
-1.599
-1.615
-1.082
-1.533
 0.362
-1.067
-0.343
-0.402
 1.205
 0.544
 0.563
 0.282
 0.017
 0.380
 0.871
 0.234
-0.340
 1.414
 0.903
-1.155
 0.780
 0.312
 0.002
 0.602
-0.778
 0.490
 0.674
-1.050
-0.267
-2.355
-1.449
-1.716
-0.360
-0.458
-1.246
-0.941
 0.474
-0.776
-1.243
-0.742
-1.426
 1.182
 0.796
 2.331
 1.779
 0.655
 0.707
 1.139
-0.635
 1.401
 1.463
 0.393
-0.353
 0.115
-1.586
 0.676
 0.114
 1.975
 1.663
 2.077
 0.900
 0.497
 0.217
 0.766
 0.892
 0.160
-0.144
-0.844
-0.493
-0.504
-0.347
-0.897
 0.386
-0.026
 1.015
-1.019
-0.322
 0.022
 0.941
 0.041
-1.436
-1.947
-2.609
-2.129
 0.684
 0.384
 1.131
-0.510
-0.311
-1.007
 0.619
 0.253
-1.553
-1.277
-0.482
-0.498
 1.048
-0.570
 0.138
 0.275
-0.573
-0.033
 0.987
 0.661
 0.172
 0.316
-0.185
-0.726
-0.171
 0.201
 0.851
 1.013
-0.398
-0.954
-1.359
 0.239
-0.227
-0.393
-1.819
-0.195
 1.722
-1.271
 0.099
-0.175
-0.648
-0.685
-1.111
-1.061
-1.212
-0.474
-0.324
 0.748
 0.683
 1.526
 1.515
 2.159
 0.191
 0.485
-0.102
 0.569
-0.471
-0.049
-0.504
-0.755
-0.346
 1.024
 1.256
-0.076
-0.602
-0.261
 0.552
 0.341
 0.978
 0.526
-0.547
 0.140
 0.984
 0.525
 0.639
 1.109
 1.959
 1.420
 2.413
 0.211
 0.387
 0.323
 1.538
 1.623
 1.539
 0.791
 0.165
-0.877
-0.969
-1.339
-0.466
 0.175
 1.389
 1.096
-0.879
-0.327
 0.921
 0.088
 0.386
-1.483
-1.343
-0.237
 0.100
-0.094
 0.788
 0.391
-0.354
-1.359
 0.368
-0.142
 0.781
-0.400
-0.143
 0.452
 0.153
 0.349
-0.183
-0.211
 0.680
-0.654
 0.254
 0.167
-0.516
-0.079
 0.378
 0.412
-0.475
-0.212
-0.243
-0.167
-1.343
 0.094
 0.440
-0.041
 0.237
-0.562
-0.126
 0.213
-0.225
 0.567
-0.046
-0.160
 0.096
 0.303
-1.894
 0.218
-1.119
 0.590
-0.693
 0.207
-0.665
-0.431
-1.606
 0.350
 1.593
 1.569
 1.771
 0.906
 0.999
 0.501
 1.138
-0.097
 1.148
 0.080
 0.025
-0.228
-1.331
-0.486
 0.468
 0.388
 0.686
-0.400
 0.989
-0.069
-0.464
-0.768
-1.131
-0.563
-1.245
-0.487
 0.672
-0.034
-0.114
 1.052
-0.845
-0.371
 1.402
 1.015
-0.115
 0.571
 1.270
 0.429
 0.470
 0.689
-0.915
-0.347
 1.029
-0.304
 1.297
 1.402
 0.559
-0.223
 0.891
 0.528
 0.829
 1.409
 1.589
 1.416
 0.457
 0.180
-0.054
-1.031
-0.073
 0.553
-0.387
-1.472
-1.474
-2.260
-0.155
 1.170
 0.855
-0.084
 1.180
 0.551
 0.093
-1.243
-0.186
 0.369
 0.399
 1.595
 1.215
 0.867
 0.236
 0.866
-0.889
 0.285
 0.316
 0.481
-0.695
 0.883
-1.289
 0.241
-0.037
 0.148
 1.105
 0.665
 1.317
 0.495
 0.176
 0.363
 0.610
-0.639
 1.242
-0.311
-0.561
 0.212
 1.809
 1.130
-0.783
-1.144
-0.032
-0.139
 0.138
 0.016
-0.994
-0.328
 0.676
 0.105
-0.527
 0.0