 1.193
 1.037
 2.086
 2.083
 2.425
 0.289
 0.860
 1.271
 0.624
 1.004
 1.390
 2.431
 1.032
 0.957
 0.258
 0.150
-0.128
-0.195
 0.463
 0.266
-1.129
 0.725
 1.730
 1.027
 2.973
 0.733
 0.491
-0.394
 0.240
-0.584
-0.564
 0.451
 1.038
 1.101
 0.391
-0.098
 0.887
 0.866
 1.754
-0.271
-0.058
 0.242
 1.035
 0.248
-0.495
 0.027
 0.634
-0.254
-2.053
-0.590
-1.183
 0.622
-1.181
-0.137
 1.203
-1.901
 0.058
-0.258
-0.183
-0.815
-0.935
-1.917
-2.010
-0.132
-0.257
-0.618
-0.990
-1.074
-0.684
-1.314
-1.273
-0.092
 1.021
-1.530
 0.616
 0.795
 0.772
 0.751
-0.325
 0.085
 1.600
-1.300
-0.095
 0.388
 0.803
 0.880
 0.613
 0.634
-0.295
 0.123
-0.260
-0.855
 0.782
-0.349
 0.411
 0.464
 0.059
 0.926
 0.721
-0.533
 0.943
-1.587
-1.266
 1.176
 0.208
 0.855
 1.076
 0.260
-0.156
-0.807
-2.008
-2.307
-2.288
-1.403
-2.008
-0.163
-0.652
 0.487
 0.315
-0.167
-0.473
 0.025
 0.980
 0.137
 1.574
-0.368
-0.849
-0.758
-1.276
-2.054
-1.516
-1.322
 0.568
-0.139
-0.505
-0.008
 0.575
-0.297
 0.452
-0.367
-0.105
 0.422
 0.011
 0.428
 0.957
 0.893
 0.077
 0.653
 1.077
-0.360
-0.639
-0.869
-2.186
-0.760
-1.655
-0.588
-0.658
-0.936
-0.522
-1.353
-1.747
-2.027
-1.173
-0.648
 0.141
-0.644
 0.270
 0.443
-0.714
-0.245
-0.989
 0.532
-0.193
-1.268
-1.084
-0.399
 0.602
-0.839
 0.305
-0.828
-1.514
-0.520
-0.981
 0.367
-0.502
 1.761
 0.511
 0.142
-0.998
 0.469
 0.689
 1.035
 0.061
-0.236
-0.437
-1.744
-1.402
 0.611
-0.671
 0.530
 0.511
 0.568
 0.209
 0.000
 0.785
 0.664
 0.891
 0.541
 0.207
 0.352
 0.064
 0.501
-0.132
 0.095
 0.550
-1.343
-0.245
 0.888
-0.562
 0.535
-0.459
-0.775
-0.874
-2.475
-2.536
-0.875
 0.894
-0.471
-1.543
-1.022
-0.752
-1.697
 0.325
 0.756
 1.320
-1.174
-1.351
 0.215
-0.682
-0.998
-0.598
-1.427
-0.473
-1.867
-0.489
 0.109
-0.334
 0.111
-0.264
-0.348
 0.183
 0.398
-0.788
-0.469
-0.158
-0.001
-0.898
-2.316
-1.659
-1.294
 0.042
-0.768
-1.279
-0.852
 0.142
-0.728
-1.192
-0.392
-1.024
-0.578
 0.163
 0.496
-0.289
 0.500
 1.299
 0.295
-0.396
 0.415
 0.170
-0.008
-0.530
 0.094
-0.616
 1.151
-0.172
-0.895
 0.982
 0.533
 1.257
 0.941
-0.057
 0.988
 1.887
 1.028
 0.202
-0.029
 0.895
-0.200
-0.013
-1.588
-0.663
 0.083
 0.352
-0.025
 0.533
-0.018
-1.144
-1.349
-0.804
-1.939
-0.149
-0.884
-0.853
-0.686
-1.424
-0.101
-0.817
 1.131
 0.643
 0.656
-1.219
-0.015
 1.813
-0.554
 1.424
 0.080
 1.115
 0.012
 0.102
-0.704
-0.132
 0.411
-0.365
 0.002
-0.773
-0.745
-0.209
 1.262
 0.500
-0.806
-1.559
-0.014
-0.856
 0.316
-0.784
-1.728
-1.154
-2.594
-1.567
-0.872
-0.807
-1.477
-1.073
-0.248
 0.553
-0.136
-0.995
-1.338
 0.038
-0.581
-0.833
-0.345
-1.512
-1.469
-1.465
-0.926
-0.990
 0.082
-1.649
-2.724
-1.120
-2.238
-1.431
 0.255
-0.249
-2.178
-0.898
 0.679
 0.514
 0.551
 0.911
-0.089
-0.290
-0.681
-0.715
-1.161
-1.359
-1.713
 0.344
 0.828
-0.694
 0.665
-0.354
-0.303
-1.158
-0.062
-0.948
-0.318
 0.152
-2.406
-1.147
 0.055
-0.134
-0.500
-0.941
 0.891
-1.172
-1.518
 0.098
-0.845
-1.094
-0.437
-0.160
 0.040
-0.949
-1.374
-0.207
-0.781
 0.142
-1.249
 0.250
 0.638
 1.847
 0.344
-0.327
 0.423
 0.100
-0.465
 1.578
 1.209
-0.222
 0.215
-0.204
-0.517
 0.198
-0.642
 1.313
-0.561
 0.587
 1.392
-0.893
-0.897
-0.520
-0.035
-0.780
-0.690
-0.309
-0.641
-0.811
 0.170
-0.335
-1.244
 0.168
-1.050
 0.106
 0.714
-0.311
 0.806
 0.616
 0.957
 0.034
 0.679
 1.708
 0.141
 0.735
 0.048
-0.013
-0.876
-0.494
 0.853
 0.045
-0.298
-0.441
-0.238
 0.114
 1.714
 0.512
 1.285
 0.638
 1.941
-0.298
 0.059
 0.924
-0.312
 1.083
 2.331
 1.348
 1.250
 1.090
 1.928
 1.523
 1.138
 0.698
 1.276
 1.517
 1.416
 0.821
 2.104
 0.765
 1.558
 2.270
 2.174
 0.792
 0.784
 0.251
-0.949
 1.873
-0.254
 2.282
 2.052
 1.401
 0.622
 0.649
 0.186
 0.070
 0.828
-0.453
-1.422
 2.441
 1.194
 0.446
 1.480
 1.103
 1.220
 1.318
 1.264
 1.243
 1.382
 1.081
 1.090
-0.538
-0.874
 0.130
 0.847
 0.159
-0.238
 0.227
 1.229
 0.149
-0.076
-0.502
 0.635
-1.061
 0.792
 0.471
-0.647
 1.043
 0.805
-0.430
-1.317
 0.179
-0.509
-0.554
 0.070
 0.248
-0.358
 1.182
 1.284
-0.589
 0.433
 2.021
 0.011
 0.187
 0.422
-0.466
-0.564
-0.105
-0.646
-0.330
 1.050
 1.260
 0.768
-0.298
 0.037
-0.843
 0.472
 0.542
 0.478
-0.049
 0.598
-0.746
-0.447
 2.197
 0.566
 0.156
 0.091
-0.055
-1.111
-0.371
-0.446
-0.584
 1.352
 0.248
-0.551
-1.136
 0.693
 0.348
 0.101
 1.237
 0.158
 0.485
-0.408
 1.647
 0.648
 0.612
 0.607
 0.018
-0.719
 1.107
-0.385
-0.424
 1.377
 1.600
 1.162
 1.341
 0.588
-0.383
-0.416
 0.680
 0.425
 1.020
 0.577
-0.502
 0.535
 0.937
-0.831
-0.711
-1.279
-1.936
-0.152
-0.734
 0.490
-0.360
-0.810
-1.345
-0.456
-1.509
-0.287
-1.049
-1.259
-1.169
-0.432
-1.330
-1.663
-1.485
-2.409
-1.720
-0.085
-0.780
-0.214
-0.487
-1.518
-1.175
-0.627
-1.092
 0.418
-0.140
 1.070
-0.288
-0.736
 0.848
 0.580
 1.606
-0.994
-0.013
-0.022
 0.223
-1.312
-0.667
-1.568
-1.535
-0.140
-0.461
-1.654
-0.856
-0.769
-1.507
-0.074
-1.844
-0.112
-0.042
-1.474
-1.320
 0.204
 0.895
-0.912
-0.993
-0.146
-0.712
-0.501
 0.515
-0.032
 0.734
 0.021
-0.882
-2.396
 0.078
-1.061
-0.683
-1.029
-0.383
-0.845
-0.630
 0.650
-0.299
-0.195
 0.281
-0.886
-0.966
 0.926
-0.323
-1.674
-0.492
 0.090
-1.044
 0.028
 0.181
-0.796
-0.881
-0.224
 0.882
-1.630
-2.043
-1.512
 1.133
-1.428
 0.323
-1.802
-0.397
-0.232
 0.007
 0.163
-0.323
-1.422
-0.751
-0.865
 0.703
-0.498
-1.100
-1.445
-0.380
-0.571
 0.587
-1.029
-0.330
 0.223
 0.237
-0.345
-1.141
-1.353
 0.059
-1.668
-1.226
-1.360
-0.832
-0.768
 1.068
-2.044
-2.082
 1.267
-1.331
 0.816
 0.528
 0.120
-0.276
 0.062
-0.683
-0.523
-0.097
-0.146
 0.708
-0.457
 0.340
-0.992
 0.312
 0.311
 0.502
 1.250
 1.322
 0.508
 0.539
 0.929
-0.209
 0.153
-0.439
-0.330
 0.453
-0.055
 0.035
 0.812
-1.155
-0.809
-1.100
-0.438
 1.034
-2.423
-0.659
-1.366
-0.184
-0.228
 0.766
-0.238
-0.284
-0.029
 0.082
 0.766
 0.472
 0.105
 1.197
-0.225
 0.306
 0.243
 0.616
-1.622
-0.875
 0.489
 0.499
-1.154
-1.652
-0.846
-1.024
-1.149
-0.362
-2.219
-0.931
-0.296
-1.729
-1.670
-0.331
-0.299
-0.537
-1.423
-0.213
-1.429
-1.140
-0.049
-0.879
-1.240
-0.450
-0.925
 0.131
-0.463
-0.537
-1.177
-0.836
 1.172
 2.177
 0.459
 0.801
 1.740
 0.409
 1.114
-0.829
-0.406
-1.584
-2.208
-0.106
-1.011
-0.178
-2.135
-0.595
-0.793
 0.124
-0.557
 0.479
 0.600
-0.198
 0.740
 1.514
 0.237
-0.898
-1.850
-1.937
-0.694
-0.182
-1.336
 0.924
-0.490
-0.945
-2.086
-1.504
-1.190
-0.346
-1.308
-1.001
-0.445
-0.122
-2.032
-0.909
-1.183
 0.806
 0.026
-0.602
-0.490
-0.687
-1.299
-1.296
-0.904
-0.881
-0.137
-0.228
 0.097
 0.902
-0.114
 1.086
-0.983
-0.854
 0.458
 0.950
 1.118
-0.046
 1.897
 0.141
-0.345
-0.859
 0.214
-0.265
 0.868
-1.338
-0.502
 1.287
 0.725
 0.089
-0.367
 0.285
 1.246
 0.765
 1.576
-0.580
-0.250
 0.121
 1.198
 0.847
 0.029
 0.736
-0.887
-1.572
 0.248
-0.133
-1.612
-0.407
-0.382
-0.309
-0.856
-0.367
-0.487
-0.503
 0.575
 0.762
-0.835
 0.507
 0.607
 0.773
-0.096
-0.265
-0.013
-0.354
 0.835
-0.020
 0.417
-0.336
-0.091
-0.208
-0.054
 0.259
 1.998
 1.185
 0.058
 1.011
 0.502
 1.223
 0.952
 1.100
-0.110
 1.730
 1.248
 0.997
 0.303
 0.350
 1.631
 1.444
 0.787
-0.352
-0.428
-0.267
 0.643
 0.613
-0.834
 1.512
-0.053
-0.102
 1.253
 2.241
 1.448
-0.431
-1.021
-0.702
-0.019
-0.622
-1.819
-1.360
-0.568
-0.078
 0.579
 0.383
-0.167
 1.696
 1.056
 0.871
-0.656
 0.414
-0.445
-0.145
 0.108
 0.946
 0.199
 0.768
 0.091
 0.761
 0.813
-0.252
-0.443
-0.628
-0.414
-0.788
-1.637
-0.971
 1.185
-0.362
 0.026
-1.233
 0.143
-0.105
-0.996
 0.055
-0.555
-1.253
-1.427
-0.180
 0.912
-0.147
-1.153
 0.079
 0.430
 0.933
-0.519
-0.537
 0.003
-0.364
-0.520
 1.353
 0.152
-1.393
-0.843
-0.028
-0.065
 0.404
 0.185
-0.014
-0.172
-1.039
-1.647
 0.015
 1.730
 0.520
 1.600
 1.862
 1.401
 0.089
 0.651
-0.748
 0.510
-0.527
 0.112
-0.749
-1.144
-1.402
-1.983
-0.907
-1.847
-1.008
-1.194
-3.052
-3.216
-2.010
-2.096
-1.717
-0.396
-0.448
 0.268
-0.397
-1.089
 0.141
 0.136
-0.011
-0.379
 0.345
 0.269
-0.758
-1.271
 2.224
 1.071
 2.520
-0.846
 0.886
-0.305
 0.117
 0.913
 0.984
 1.723
 0.317
-0.023
 1.243
 0.555
-0.911
 0.011
-0.579
 0.270
-1.329
-0.317
 0.108
 1.244
 2.101
 1.499
 3.037
 1.016
 1.001
 0.898
-0.673
-1.131
 0.967
 0.010
 1.226
 0.808
 0.072
-0.220
 0.674
-0.723
-1.855
-0.564
-1.192
-1.943
-1.188
 0.194
-0.966
-0.656
-1.064
-0.407
 0.463
 0.831
-0.290
-0.627
 0.603
-1.371
 0.408
-0.393
-0.192
 0.665
 1.881
 1.125
 0.652
 0.912
 0.873
-0.109
-2.253
-0.102
 0.294
-0.334
-1.201
-3.062
-1.815
-0.740
-0.044
-0.568
-1.474
-0.751
 0.213
-0.761
 0.503
 0.080
 0.163
-0.706
-1.215
-0.077
 0.211
-0.244
 0.667
 0.382
-0.046
 0.858
 0.234
-0.155
-0.057
-0.364
 1.424
-0.487
-0.563
 0.404
 0.560
 0.609
 0.367
-0.182
 1.515
 0.274
 0.472
-0.761
 0.576
-0.783
 1.198
-0.465
 0.265
-0.393
 1.470
 0.099
 0.384
 0.709
 0.603
 0.015
 0.056
-0.762
 0.403
-0.184
 0.372
 1.826
 1.119
 0.281
 1.476
 0.887
-2.211
-1.928
-1.002
 0.353
-1.303
-0.629
-2.660
-0.917
-1.168
-0.617
 0.608
-0.369
-0.894
 1.885
-1.717
-1.072
-1.530
-1.332
-1.766
-2.592
-0.618
-1.260
-0.202
-0.613
-0.098
 0.494
-0.759
-0.093
 0.102
-0.087
 0.118
-1.073
-0.559
-1.021
 0.596
 1.906
 1.815
 0.201
 0.321
-0.114
 0.126
-0.422
-0.489
 0.098
 0.724
-1.146
-0.313
-2.697
-0.601
-0.777
 0.072
-0.440
 0.549
 0.696
 1.263
 0.882
 1.833
 1.102
-0.988
-0.716
-0.496
-0.844
-0.070
 0.206
 0.468
-0.472
 1.491
 0.390
-0.618
 0.294
 1.181
-0.945
-0.525
-1.241
-0.735
-1.872
-2.007
-1.995
-0.628
-1.016
-0.604
-0.909
-1.107
-0.348
 0.526
 1.198
-0.342
 1.240
 0.040
 0.457
 1.812
 0.843
 0.783
-0.289
 0.856
-1.398
 0.309
-1.042
 0.692
-0.662
-0.398
 0.520
-0.323
-2.321
-0.879
-0.417
-0.657
 0.360
-0.887
 0.628
-1.243
-0.456
-0.499
-0.093
 0.652
 1.126
 0.866
 0.996
 0.998
-0.076
-0.658
-0.424
-0.601
-0.042
-0.234
 0.189
-0.770
-1.669
-0.444
 0.467
 0.126
 0.584
 0.303
 0.802
 0.085
-0.781
-0.510
-1.079
-1.383
 1.773
 1.099
-0.386
 0.059
-1.230
-0.445
-0.985
-0.860
-0.847
 0.044
-0.734
-0.411
-1.622
-2.111
-0.650
-0.366
-0.113
-0.986
-0.293
 0.723
 0.469
-1.047
-0.754
-1.602
-1.168
-0.844
 0.618
 1.204
-0.054
-0.060
 0.181
 1.016
 1.617
 0.441
 0.909
 1.025
 1.347
 0.966
 1.535
 0.266
 0.737
-0.143
 0.422
 0.261
 0.113
 0.514
 0.175
 1.040
 0.342
 1.142
-0.058
-0.580
-1.872
-1.355
-0.374
-0.424
 0.523
 1.978
 0.565
-0.715
-1.519
-1.096
-0.259
-0.052
-2.022
-1.352
-0.515
-0.596
-0.424
-2.094
-0.021
 1.380
 1.411
 0.478
 0.586
-1.222
-0.015
-0.388
-2.883
-1.131
-1.447
 0.080
-0.957
-0.867
 0.421
-0.408
-0.500
 0.026
-0.954
-0.085
 0.034
-0.197
 0.981
 1.792
 0.714
 0.074
-0.444
-1.389
-1.072
-0.078
-0.148
 0.458
 0.105
 0.292
-0.857
 0.223
-1.918
-1.102
-0.844
-0.348
 0.202
 1.338
-0.907
 1.118
 0.204
-0.742
 0.428
 0.057
 0.271
 0.684
-0.146
 0.209
-0.351
-1.196
-0.909
-1.009
 0.122
-1.143
-0.246
-1.002
-1.137
 0.366
 0.016
-0.086
-0.991
 0.039
-0.511
-1.152
-0.201
-0.882
-2.039
-0.351
-2.586
 0.093
 0.698
-1.574
-0.755
-1.257
-0.558
 0.962
 0.518
 1.272
 1.338
-0.425
-0.034
 0.130
-0.394
-1.000
 0.417
-0.075
 1.093
-0.123
 0.469
-1.098
-0.127
 1.562
 0.224
-0.261
-0.338
 1.038
-0.920
-0.460
-0.173
-1.171
-0.082
-0.106
-0.665
-0.207
-0.562
-0.599
-0.805
-1.123
-0.485
-2.051
-2.290
-0.285
-1.066
-1.335
-0.736
 0.441
-1.482
 0.975
-0.186
 0.360
 1.062
-0.044
-1.251
-0.445
-0.628
-0.042
-0.940
-0.542
 0.525
-0.798
 0.911
-0.014
 0.004
 0.676
 0.189
-0.424
-0.345
 1.525
 0.948
 1.006
 0.309
 0.103
 0.378
 0.089
-1.827
-2.387
-0.029
-1.500
-1.754
-0.802
-1.443
-1.372
-0.800
 0.375
 0.414
 0.727
 0.218
-0.902
 0.887
-0.711
 0.101
 0.337
-1.122
-0.289
-0.161
-0.823
-2.259
 0.447
-1.327
-1.373
-2.202
-2.548
-1.239
-1.444
-1.970
-0.037
-1.087
-1.166
 0.461
 0.407
-1.193
-2.715
-0.937
 0.140
-0.625
-0.767
 1.019
 0.699
 0.150
-0.792
-1.502
-0.747
-0.538
-0.627
-1.382
-1.581
-0.020
-1.578
-1.623
-2.145
-1.406
-1.641
-0.163
-3.269
-0.413
 1.745
 1.391
 0.113
-0.635
-0.669
 0.569
 0.519
-0.508
-0.455
 0.951
-2.101
-0.986
-1.317
-2.657
-0.191
-2.026
-2.236
-2.356
-2.271
-0.451
-2.087
-1.648
-0.259
-1.100
-2.756
-1.944
 0.578
-0.197
 1.004
-1.375
-0.695
-0.426
-1.316
-0.255
-0.542
-2.113
-0.364
 0.228
 0.025
 0.045
-1.075
-0.066
-0.610
-0.772
-0.919
-1.098
-1.542
-1.769
-0.252
 0.107
-2.142
-1.618
-0.802
 0.412
 0.146
-0.062
 0.434
 0.473
 1.424
 0.611
-0.274
 1.031
 1.495
-0.038
-0.345
 0.058
 0.142
-1.394
-1.388
 0.270
 1.155
-0.399
-1.296
-0.175
-0.835
-1.800
-0.179
-0.190
-0.353
-2.008
 0.719
 1.245
 0.778
 0.343
-1.425
-0.981
-0.666
-1.348
-1.067
 0.587
-1.046
-0.838
-1.364
-0.963
 0.328
 0.906
 0.540
-0.007
 0.249
-0.074
-1.045
-0.701
-0.131
-0.686
-0.174
-1.927
-0.619
-0.562
-0.649
-0.355
-1.159
-1.486
 0.573
-0.175
 0.391
-0.364
 0.124
-0.141
 0.756
-1.046
-1.133
-1.320
-0.235
-0.694
 0.607
 0.139
 0.201
-1.629
-1.654
-0.008
-0.406
-0.764
-1.185
 0.633
-0.599
-0.449
-0.825
-0.461
 0.840
 0.726
 0.705
-0.049
-0.573
 1.468
-1.593
-1.159
-0.006
-0.812
-2.721
-0.917
-2.099
-1.236
-0.465
-0.016
-1.134
-0.726
-1.178
 0.811
-0.105
-0.613
 0.246
-0.609
-0.727
 2.068
 0.544
 0.728
 0.128
-1.268
 1.027
-0.588
-0.942
-0.693
-1.968
-1.443
-1.489
 0.171
-0.519
-2.222
 0.126
 0.464
-0.099
-1.289
-0.486
-1.376
 0.734
 0.717
-0.227
 0.550
-1.082
-0.205
-0.555
 0.259
 0.111
 0.719
 0.793
 1.047
 0.597
-0.424
-0.193
-0.055
 1.067
-0.951
-0.709
-0.124
-0.405
 0.111
-0.108
 0.953
-0.646
-0.234
-0.573
 0.506
-0.223
-0.964
-0.102
-0.218
-0.249
-0.827
-0.105
-1.867
-1.562
-1.141
-0.901
-0.568
 0.085
-0.228
 0.985
-0.640
-0.765
 1.170
 1.216
 0.514
-0.301
-0.770
-0.777
-1.306
-0.940
-0.019
 1.480
-0.278
-1.207
 1.162
-0.998
-1.863
-0.183
-0.421
-0.434
-1.324
-0.756
-0.234
-0.441
-0.982
 0.841
 1.215
 1.662
 1.255
 0.040
 0.769
 1.966
 0.180
 1.377
 1.125
 1.329
 1.254
 0.982
 2.577
 2.950
 1.749
 1.702
 1.800
 0.571
-0.500
 0.346
-0.517
 0.887
 0.399
 1.169
 0.984
 1.861
 0.046
 1.189
-0.423
 0.071
 0.264
 0.479
 0.435
 1.190
 1.306
 1.191
-0.303
 1.043
 1.506
 0.428
-0.316
 0.404
-0.129
-0.236
 1.273
 0.784
 0.973
 0.063
 2.265
 2.278
 0.886
 0.534
 0.259
 0.365
 0.129
-0.960
-0.112
 0.051
-0.193
-1.545
-1.406
 1.467
-0.300
-0.993
-0.037
-0.075
-1.207
-1.765
-0.119
-2.347
-0.717
-1.013
-0.852
 1.483
-0.917
-1.428
-1.570
-0.825
-1.395
-0.403
-0.302
-0.922
-0.402
-1.814
-0.188
 0.164
 0.893
-0.748
-1.073
-1.222
-1.332
-0.555
-1.485
-0.728
 1.123
-0.121
-0.197
-0.176
-0.296
-0.624
 0.843
-0.466
-0.981
-1.191
-0.844
-0.407
-1.465
 0.129
-0.013
-1.025
-0.561
-1.314
-1.258
 0.419
 0.090
-2.349
-1.027
-0.868
-0.537
-0.647
-0.152
 1.193
 0.624
 0.544
-1.392
 0.949
 0.004
 0.234
-1.267
 0.331
 0.431
 1.675
 1.341
 0.902
 0.090
-0.165
 2.570
 1.151
 1.058
 0.959
 1.409
 1.314
 1.157
-0.706
 0.044
 0.632
-1.049
-0.008
-0.681
-0.309
 1.316
 1.996
 2.173
 0.667
-0.093
-1.192
-0.448
-0.162
 0.584
-0.413
 0.031
 0.165
 0.913
 1.177
 1.289
-0.672
 0.466
 1.065
 0.498
-0.219
 0.005
-0.712
-1.440
-0.528
 0.475
-0.504
-0.862
-0.101
-0.186
-0.543
-2.557
-2.108
 0.098
-0.262
-0.871
 0.497
-1.197
 0.323
-0.268
-0.248
 0.553
 0.679
 0.544
-1.457
-1.801
 0.954
-0.883
-0.495
 1.006
 0.813
 0.298
 1.103
 0.975
-1.002
 0.892
 0.149
-0.166
-0.680
 0.580
 0.437
-0.273
 0.054
-0.373
-1.440
-1.040
 0.621
 1.381
 0.518
 1.939
-0.022
 0.118
-1.101
 0.243
-0.866
-1.585
-0.192
 0.567
-0.265
-1.915
-1.238
-1.217
-0.099
-0.151
-0.121
 1.968
 2.408
 0.936
-0.917
 0.589
-0.887
-1.005
-0.606
-0.028
-0.634
-0.300
-1.592
-1.691
-0.191
-0.560
-1.359
-0.391
-1.880
-1.083
-0.015
-0.451
-1.607
-0.438
 0.819
-1.392
-0.992
-0.680
 0.195
 0.001
 0.034
 0.185
 1.966
 1.105
-0.683
-0.927
-0.927
 1.706
 0.115
-0.945
-0.389
-1.047
-2.634
-0.807
 0.320
-1.632
-2.385
-1.573
-1.498
 0.371
-1.112
-1.245
 1.946
 0.131
 0.084
 0.693
 0.288
-0.402
-0.811
-0.261
 0.144
 0.304
-0.184
-1.039
 0.032
 0.473
-1.259
-0.300
 0.267
-0.433
-0.300
 1.057
-0.525
-0.291
-0.044
-0.293
-0.760
-1.385
-1.380
-0.356
 0.178
 0.147
 1.435
 0.420
-0.014
 0.657
-0.242
 0.525
 0.693
-0.484
-0.081
 0.320
 0.567
 2.052
 1.147
-0.892
-0.619
-0.492
-0.866
-2.207
-1.357
-0.133
 0.368
 0.584
 1.033
 1.071
-0.585
-0.713
-0.565
-0.096
 1.069
 1.025
 1.016
 1.154
-0.191
 0.233
 1.657
 0.614
-0.338
-0.399
 0.466
-0.190
 0.472
-0.149
-0.232
 0.011
 1.071
 0.314
 0.671
-0.097
 0.308
-0.332
-1.782
-0.816
-0.241
-1.045
-0.114
-1.129
-0.322
-0.206
 0.187
-0.273
 0.083
-0.133
-1.141
 0.360
-1.374
-0.683
-2.106
-0.881
-1.574
-1.330
-1.539
 0.552
-1.066
-0.288
-0.464
 0.783
 0.157
 0.040
-0.017
-1.743
-1.591
-1.736
-2.812
-2.406
-2.011
-1.374
-1.106
-1.632
-0.087
-1.700
-1.578
-0.243
-0.483
-2.151
-2.300
 0.109
-0.792
-1.527
 0.056
-1.541
-0.648
-0.762
 0.728
-1.036
 0.455
 0.547
 0.985
-0.557
-1.776
-0.399
-0.818
 0.241
-0.635
-0.566
-1.484
 0.294
-0.627
-0.024
-1.315
-0.711
-1.388
-1.073
-1.175
-0.481
-0.860
-2.536
-1.738
-1.013
-0.884
-0.461
-0.941
-0.610
 0.138
-0.882
 0.416
-0.471
-1.645
-1.626
-1.211
-1.963
-1.144
-0.784
-1.451
-0.165
-0.672
-2.458
-2.147
-2.440
-0.754
-2.010
-1.148
-0.424
-1.069
-2.790
-2.356
-1.763
 0.304
-0.548
-0.476
-0.683
-1.126
-0.461
-0.052
-0.886
 0.551
 0.321
-0.581
 0.773
 0.203
-0.763
-0.037
 0.225
 0.300
 1.729
 1.082
 1.895
 1.352
 0.854
 0.330
 1.772
 1.477
 1.250
-0.882
 1.111
-0.609
 0.973
 0.246
-0.885
-0.291
-0.212
 1.092
-0.204
 0.913
-0.084
-0.126
 0.907
 1.069
 0.103
-1.684
-0.604
 0.102
-1.918
-0.968
-1.326
-1.312
-0.646
-0.231
 0.128
-1.660
 1.006
 0.546
-1.014
-1.979
-0.640
 0.035
-0.708
 0.285
 0.780
 1.435
-0.480
 0.369
 0.298
 1.271
-1.185
-1.080
-0.345
-1.033
-0.480
-1.080
-1.067
 1.103
 0.816
 0.842
 1.132
 1.080
 0.437
 1.070
-0.275
-0.844
 1.370
-0.270
 0.051
 0.556
-0.224
 0.697
 0.867
 0.830
 0.334
-0.851
-0.942
-1.259
 0.544
-1.086
-0.651
-0.060
-1.514
-0.277
-1.403
-0.546
-0.002
-0.197
-0.857
-0.849
-1.229
 0.535
-0.343
 0.107
-0.761
 0.063
 0.515
 1.814
 0.154
-1.050
-1.069
 0.090
 0.353
-0.463
-0.602
-0.694
-0.906
-1.022
 0.144
 0.862
 0.740
 0.846
-0.670
-0.845
-1.857
-0.612
-0.836
-1.197
-1.767
-1.605
-1.356
-2.488
-1.831
-0.708
-0.302
-0.670
-1.242
-0.887
-0.811
-1.280
-0.543
-0.372
 0.298
-0.356
-0.082
 0.315
-1.922
-0.937
 0.785
-0.505
-0.422
-0.416
-1.854
-1.302
 0.174
-1.356
-0.713
 0.204
 0.398
 0.318
 0.529
-1.038
-1.099
-1.613
-1.817
-0.887
-0.413
-0.818
 0.256
-1.211
-1.266
-0.460
-1.741
-1.978
-0.344
-1.048
 0.072
-1.369
-0.066
-0.434
 0.953
-0.326
 0.198
 0.711
-0.293
 1.629
-0.213
-0.161
-1.234
-1.334
-0.971
-1.599
-1.487
-1.797
-0.631
-0.358
 0.046
-2.007
 0.103
-0.290
 0.808
 1.386
-0.460
 0.198
 0.020
 0.291
-0.687
 0.828
-0.819
 0.543
 0.529
 0.293
 0.813
 1.243
 1.543
-0.762
-0.612
-1.723
-1.173
 0.387
 0.583
 0.201
-1.108
 0.629
 1.136
 0.453
-0.102
 1.105
 1.688
 0.317
 0.301
 1.683
 0.508
 0.178
 0.816
 0.596
 0.582
 1.196
 0.908
-0.183
-0.701
-1.153
-1.214
 0.251
 0.560
 0.462
 1.079
 0.515
 1.118
 2.716
 1.382
-0.370
-0.013
 1.240
 2.129
 0.258
 0.198
 0.632
 1.042
 0.358
 0.056
 0.753
 1.131
 1.838
 2.111
 0.359
-0.180
-0.048
-0.973
-0.397
-1.568
-0.498
 0.585
 0.737
-0.695
 0.378
 0.619
 0.135
-0.176
-0.074
 0.813
 0.692
 0.386
-0.815
-2.032
-1.458
 0.901
-0.395
-1.479
 0.645
-0.251
-0.195
 1.591
-1.412
-2.282
-1.904
-1.776
-0.687
-2.124
-1.545
-1.538
-1.814
-0.242
 0.251
 0.686
-1.342
-1.051
-0.555
-1.384
-1.826
-2.643
-1.409
-0.485
 0.132
 0.649
 0.160
-0.822
-0.227
 0.182
 0.319
 0.377
 1.010
-0.836
 1.725
 0.833
 1.019
-0.952
-0.112
 1.801
-0.193
-1.076
 0.019
 0.229
-0.533
 0.404
 0.418
 0.080
-0.651
-1.197
 0.684
-0.216
 0.055
 0.737
 0.434
 1.766
 0.586
 0.180
 0.788
 1.349
 0.691
-0.684
-0.319
 0.532
 1.457
 1.221
 0.983
 0.391
 0.285
 0.682
-0.316
 0.740
-0.124
-1.255
 0.179
 0.614
-0.076
 1.156
-0.144
 0.599
-0.683
-0.899
-1.128
 0.322
 0.375
-0.177
 1.512
 0.551
 0.498
 0.132
 0.201
 1.087
 0.380
 0.128
 0.734
 0.469
 0.864
-1.218
 0.505
-0.289
 0.250
-0.536
 1.383
 1.849
 0.889
 0.120
-1.239
 0.256
 0.147
-0.200
 0.338
-2.053
 0.664
-0.142
 0.323
-1.222
-0.531
-0.769
-0.020
-0.226
-0.849
-0.861
-0.537
 1.304
-0.915
 0.701
-0.510
 0.888
-0.142
-0.250
 1.297
 1.090
 1.070
-0.585
-0.445
-0.084
-0.520
-0.619
 0.548
-0.854
 0.929
 0.652
-1.462
-0.631
 0.128
 1.344
 0.980
-0.076
 0.176
 0.589
 0.893
-0.109
 0.506
 0.693
 0.936
 0.998
 0.821
-0.335
-0.047
-1.064
-0.982
 0.133
-0.899
-2.010
-0.245
 0.721
-0.132
 0.942
-0.399
 0.640
 1.298
 0.045
 0.618
 1.294
 2.199
 0.598
 0.963
 1.360
 1.488
 1.028
 1.194
 0.032
-0.168
 1.184
 0.791
 1.098
 1.345
 0.310
 2.189
 0.696
 1.136
 0.001
-0.517
-1.293
-0.004
 0.904
 0.540
 0.824
-1.858
-0.602
 0.632
 1.427
 2.099
 1.196
 1.043
 1.629
 0.598
 1.288
 0.753
 0.076
 1.368
 0.146
 0.929
 2.150
 0.714
-0.701
 0.068
 1.353
 0.972
 0.709
 0.995
-0.036
 0.088
-0.605
 1.120
 0.171
-1.071
-1.312
-1.282
 0.052
-1.890
-0.361
-0.469
-0.155
-0.002
 0.448
-0.246
 0.087
-0.563
-0.046
-0.251
 0.745
 0.620
 0.971
-1.113
-0.197
 0.933
-0.723
 0.415
 0.539
 1.626
-0.348
 1.832
 2.226
-0.151
 0.340
 0.714
 0.983
 1.972
 0.518
-0.279
 2.354
 1.720
 0.614
 0.008
-0.327
-0.026
 1.172
 2.809
 0.118
 1.768
 0.103
 0.201
 1.543
 1.990
-0.098
-0.733
 0.594
 0.381
 1.379
 0.745
-0.590
 0.697
 0.574
 0.594
 0.593
 2.258
 0.853
 0.863
 1.273
 0.150
 0.216
 1.801
 0.922
 0.280
-0.049
 0.136
 0.697
-0.460
 1.266
 0.465
-0.782
-0.801
-0.414
-1.572
 0.343
 0.456
-0.774
 0.281
 0.816
 1.494
 0.185
-0.274
 1.811
 1.325
-0.007
-0.367
 0.149
 0.324
 0.200
 0.310
 0.258
 1.128
-0.206
 1.165
 0.919
 0.482
 0.810
-0.541
 1.537
 0.637
 1.931
 1.193
 0.793
 0.029
-1.290
-0.934
 0.073
 1.021
 0.669
 0.813
 0.773
-0.195
 1.787
 1.544
 1.251
 0.818
 0.591
 0.694
-0.363
 0.743
 2.734
 1.006
 1.241
 0.813
 0.465
-0.578
 0.273
-0.654
-0.678
-0.136
-0.589
-0.924
-0.813
-0.387
 0.427
-0.647
-0.132
-0.668
-1.382
-0.704
-0.379
 0.805
-0.656
-0.818
 0.100
 1.051
 1.009
 0.046
-0.412
 0.492
 0.555
-0.388
 0.179
 0.010
 0.719
 0.152
-0.198
 0.344
-1.223
-0.519
-0.769
-1.619
 1.571
-0.218
 1.677
 0.250
-0.537
-0.181
 0.937
 1.276
 1.210
 0.759
-0.068
 0.328
 0.742
 0.489
 0.328
-0.052
 1.608
-0.057
 0.782
 1.802
-0.757
-0.318
 1.466
-0.422
 1.065
 1.607
-0.757
 1.218
 0.911
 0.465
-0.159
 1.174
 0.825
 1.622
 1.943
-0.250
 1.624
 1.254
 2.451
 1.742
 1.665
 1.668
 0.268
 0.001
 2.255
 0.040
-1.408
-0.959
 0.231
 1.653
 2.049
 0.374
 0.422
 1.224
 2.333
-0.185
-0.108
 1.108
-1.127
-1.145
-0.373
 1.109
-0.023
 0.498
-0.010
-0.658
-0.658
-0.533
-0.094
 0.075
 0.453
 0.224
 0.490
 0.523
 2.028
 0.576
 2.192
-0.146
-0.413
-0.207
 1.330
 0.522
 1.400
 0.457
 1.310
 0.442
-2.077
-0.188
-0.435
-2.091
-0.824
-1.222
-1.483
-1.203
-0.422
 0.387
-1.220
-0.521
-0.967
-0.557
-0.991
-0.389
-0.365
 0.128
 0.224
 0.698
 0.045
 0.616
-0.309
-1.402
-0.406
 0.423
 1.222
-0.344
 0.013
-0.319
-0.392
-0.520
 0.432
-0.575
-0.800
-1.214
-0.548
 0.421
 0.013
 0.831
-0.184
-1.170
 0.041
 0.819
 1.806
-0.301
 0.557
-0.127
 0.372
-1.255
-1.323
-0.208
-0.853
-0.164
-0.188
 0.024
-1.081
-1.589
-0.893
-1.111
 0.653
-0.785
-0.947
-1.048
-0.391
-1.112
 0.347
-0.380
-0.557
-0.865
-0.102
-0.220
-0.169
 0.081
-0.247
 0.186
 0.990
 0.997
 1.235
 0.019
-1.046
-0.695
 0.847
 0.589
-1.230
-0.656
-0.238
 1.001
 1.176
 0.443
 0.280
 0.868
 2.140
 1.577
-0.764
-0.310
-0.383
 1.137
 0.279
-0.321
 1.989
 0.055
 0.437
 1.624
 0.519
 0.282
-0.178
 0.393
 0.549
 0.807
 1.782
 2.496
 1.713
 2.442
 1.163
 2.060
 1.956
 2.793
 1.546
 0.375
 0.886
 1.186
 0.501
 0.535
 0.100
-0.680
-0.188
-0.707
-0.572
-0.669
 1.002
 0.441
 0.099
 0.213
 0.799
 1.583
 1.121
-0.065
 1.326
 0.825
 0.607
 0.824
 0.510
-0.227
 0.935
 0.433
-0.039
-0.821
 0.042
 0.091
 0.163
 1.198
 0.677
 0.093
-1.596
-0.023
 0.414
 0.921
-0.509
 0.189
 0.503
 1.183
 1.174
-0.970
-1.970
-0.842
-0.611
-0.187
 0.946
-0.931
-0.253
 1.022
 0.593
 0.114
 0.290
 1.148
 2.358
 0.748
 2.336
 1.438
 1.092
 0.163
 0.258
 0.340
 0.760
 0.749
 2.018
 0.645
-0.705
-0.195
 1.900
 0.974
 1.021
-0.369
 0.763
-0.967
 1.312
 2.832
 1.511
-0.328
 0.473
 0.371
-0.293
-0.292
 0.292
 0.327
 0.145
-0.221
 0.282
 2.013
 2.644
 2.753
 1.919
 0.897
 1.768
-1.524
 1.126
 1.339
-0.142
 0.138
 0.374
-0.730
 0.053
-0.485
 0.507
 0.499
 0.850
 1.292
 1.565
-0.219
 1.298
-0.154
-0.412
-0.342
-1.356
-0.921
-1.509
 0.285
-0.421
 0.472
-0.250
 0.581
 1.254
 1.114
 0.202
 1.558
 0.155
-1.979
-1.059
-1.264
-1.163
-1.907
-1.600
-1.754
-1.681
-1.026
 0.711
 0.733
-0.674
-0.250
 0.409
 0.010
-0.104
 0.044
 0.382
-0.288
 0.252
 1.055
 1.051
 1.445
 1.256
-0.341
 1.989
 1.156
 1.492
-0.287
-0.691
-0.029
 0.770
 0.010
-0.618
-0.461
 0.204
 0.694
 0.003
 0.238
 0.116
-0.899
-0.058
-0.643
-0.390
-0.955
-0.083
 0.760
 0.062
-0.774
-0.122
 0.776
 1.202
 0.332
 0.854
 0.328
 1.154
 1.790
 0.374
 0.606
-0.242
-0.327
-1.505
 0.105
-1.505
 0.423
-0.593
 0.856
-0.358
-1.009
 0.458
 1.879
 0.659
 2.748
 1.811
 1.361
 1.053
 0.782
 1.238
-0.111
 0.249
-0.362
-0.510
-0.061
 0.750
-0.547
 1.132
-0.112
 1.312
-0.639
 0.489
-1.597
-0.679
 1.145
 0.250
 0.820
 0.370
 0.108
 1.447
 1.186
 0.461
 0.415
 1.526
 1.265
 0.695
 0.970
 1.550
 0.654
 0.242
-0.691
-0.847
 1.186
 2.072
-0.127
 0.290
 0.904
-0.894
-0.385
 1.249
 0.904
 0.475
 1.374
 1.015
 0.528
 0.365
 0.834
-0.641
 0.460
 0.093
 0.292
 0.556
 0.255
 1.589
 1.592
 1.164
 1.534
 2.042
 0.690
 0.995
 0.641
 0.732
 1.845
 1.248
 0.975
 0.235
 0.626
 0.419
 0.635
 1.495
 0.296
-0.964
 0.489
 1.162
 1.695
-0.089
 0.209
 1.867
 0.265
-0.485
 0.616
-0.252
 0.832
 0.394
-0.431
 0.682
 0.265
 0.038
 0.044
 0.354
-0.376
 0.824
 0.403
 0.952
 0.239
 0.012
-0.151
-0.198
 0.224
 0.657
 0.612
-0.283
 0.679
 0.525
 0.307
 1.261
 1.656
-0.203
 1.088
 0.955
 0.946
 0.758
 0.608
 1.457
 1.854
-0.127
 2.013
 0.739
 0.608
 1.506
 1.793
 1.614
 0.694
 0.852
 1.655
 0.666
-0.888
 1.961
 0.370
 0.578
 0.941
 0.864
 1.709
 0.287
 0.073
-1.371
-0.123
-0.465
 0.106
 1.415
 0.884
-1.051
-0.017
 1.823
 1.180
 1.104
 1.311
 1.036
 2.005
-0.665
 1.334
-1.234
-0.894
 0.909
 1.397
 1.818
 1.352
-0.805
-0.933
 1.017
 0.339
 0.248
 0.514
 0.715
-0.789
-0.995
-0.061
-1.480
-0.808
-0.879
-0.621
 1.355
 0.212
 1.005
-0.182
 0.575
-0.279
 0.164
-0.880
-0.107
-1.270
-0.734
 1.206
 1.398
-0.057
-1.051
-0.911
-0.110
-0.754
 0.296
 0.045
 1.244
 0.218
 0.733
-0.257
-0.610
-2.085
-1.730
-2.267
-0.655
 0.088
 0.016
-0.349
 0.714
-0.307
 0.316
-0.064
 1.250
 1.203
-0.081
 0.961
-0.067
 1.250
-0.193
-0.312
-0.097
-0.221
 0.681
-1.481
-0.327
 0.483
 0.199
 0.468
 0.466
 1.172
-0.063
 0.480
-1.096
-1.104
-0.684
-0.380
-0.689
-0.984
-1.104
 0.599
 0.967
-0.936
-1.354
 0.485
-1.732
-0.271
 0.050
 1.383
 2.428
 0.391
 0.996
 0.926
 0.020
 0.068
 0.836
-1.067
-0.859
 0.451
-0.713
 0.371
 0.000
 0.292
 0.215
-0.468
 0.235
-1.127
 0.557
 0.946
-0.532
-0.922
-1.497
-1.768
-1.210
-2.034
-1.477
-0.248
-0.092
 0.228
 0.288
-0.764
-1.046
-1.679
-1.451
-1.613
-0.372
-0.248
-0.044
 0.809
-1.352
-0.581
 0.322
 0.582
 0.243
 0.758
-0.438
 1.145
-0.678
-0.655
 0.345
-0.327
-0.029
 2.185
 1.890
 1.117
-0.435
-0.267
 1.331
 0.080
-0.185
-1.376
-0.655
-1.338
-2.381
-0.520
 0.852
-2.497
-0.178
 0.893
 0.037
-0.480
 0.440
-0.385
 0.499
 0.157
 0.157
-1.871
-1.480
 0.375
 0.044
 0.420
-0.068
 0.693
 0.585
 0.006
-0.723
-0.433
-1.617
 0.110
 0.137
-0.376
 0.398
 1.379
 1.075
 1.131
 0.971
 1.343
 1.507
-0.015
-2.200
-1.052
 0.160
-0.189
-0.984
-0.087
 0.494
-1.586
 0.236
-0.587
-1.771
 0.753
 0.096
 0.004
 0.345
-0.997
 0.251
-0.436
 1.048
 0.672
 0.615
 0.683
-0.652
-0.741
 0.841
-0.205
-0.296
 0.982
-0.202
-0.610
 0.442
 1.507
-0.093
 0.760
 0.779
 0.098
-0.076
-0.026
 1.311
 1.353
 0.238
 1.129
-0.872
 0.119
-0.521
 0.238
-1.126
-1.407
-0.894
-0.599
-0.140
-0.820
 0.789
-0.048
 0.112
 1.210
-1.014
 0.491
 0.036
-2.098
-1.456
-0.671
-1.141
-0.899
-0.545
-0.404
-1.750
-2.098
-1.196
-0.795
-0.728
-0.869
-2.012
-0.821
-0.637
 0.629
-0.459
-0.272
-0.106
-0.137
-0.951
-2.016
-2.185
-0.567
 0.660
 1.205
-1.704
-1.235
-0.005
-0.605
-0.651
-1.694
-0.230
 0.284
-0.960
-0.005
 0.470
-1.187
 0.179
-1.207
-1.892
-0.290
 0.394
-0.398
 0.775
 0.544
 0.357
-0.202
 0.634
 0.100
 0.674
 0.044
-0.362
 0.654
-0.704
 0.497
 0.780
-0.119
 0.691
 1.198
 1.354
-0.526
 0.470
 1.036
 0.277
 0.677
-0.349
 0.001
-0.315
 0.679
 0.098
-1.789
-1.351
-0.210
-0.088
 0.036
 0.198
-1.320
 0.222
-0.176
 0.008
-0.516
 0.279
 0.882
-0.544
-0.555
 0.252
-1.051
 0.149
 0.091
-2.125
-1.379
 0.889
-0.679
 0.186
-0.214
-1.076
 0.102
-1.418
-0.395
-1.538
 0.208
-0.055
-0.544
-0.198
-0.189
-0.586
-0.806
-1.317
-1.890
-0.170
 1.150
-0.120
-0.521
-0.202
-0.379
-0.419
 0.262
-1.287
-0.848
 0.207
-1.058
 1.185
 0.703
 0.242
 0.448
-1.162
-1.867
-0.858
 0.518
-0.692
-1.134
-1.678
-0.055
-1.552
-1.039
-1.622
-0.851
 0.594
-0.398
-1.201
-0.369
 0.471
-1.144
-0.102
 1.952
 1.225
 0.831
 0.551
 1.340
 0.532
-1.042
-1.188
-0.589
-0.812
 0.647
 0.255
 0.650
 1.645
 1.781
 0.234
-0.105
 1.342
 0.089
 1.314
 0.243
 1.046
-0.318
-1.018
 1.125
 1.405
-0.298
 0.216
 0.231
 1.163
 0.240
 0.638
 0.104
-0.529
-0.716
 1.543
 1.597
 0.234
-0.801
-0.155
 0.779
 0.339
 0.285
 1.846
 0.401
-2.185
-1.386
-1.191
 0.039
-0.529
-0.844
-0.836
 0.893
-1.361
 0.646
-0.399
 0.514
 1.671
 1.205
-0.033
 1.498
 0.480
 0.946
-0.769
 0.510
 0.504
-0.480
 0.029
 0.433
 0.475
 0.558
-0.015
 0.250
 0.311
 1.255
 0.954
 2.088
 2.291
 0.600
 1.331
 1.813
 0.771
 0.353
 0.620
 1.870
 0.601
-0.032
 0.184
-1.104
-0.270
-1.401
 0.136
 0.445
 1.890
 0.390
 0.452
 1.898
 0.308
 0.388
-1.213
 0.286
 0.334
 0.945
-0.524
-0.011
-0.248
-0.190
-0.558
-0.506
-0.233
 0.191
-0.518
 0.332
 0.742
 0.659
 0.466
-0.969
-2.074
-0.974
-2.871
 0.925
 1.275
 0.786
 1.681
-0.444
-0.693
-0.290
 0.698
-0.255
 0.112
 2.452
-0.652
-0.269
 1.636
 0.796
 0.001
 1.487
 0.004
 0.048
 0.254
 0.036
-0.277
 0.213
-0.405
 0.387
-0.097
-0.297
-0.088
-0.518
 1.178
-0.277
 0.442
 1.338
 0.408
-0.100
 0.367
 0.344
 0.647
-0.128
-1.386
-1.129
 1.065
 0.584
 0.319
-0.793
-1.698
-1.192
-0.539
-1.799
-2.254
-0.631
-0.720
-0.721
 0.449
 0.087
 0.468
 1.488
-0.254
 1.230
-0.764
-0.043
 0.685
 0.173
-0.679
-0.998
-1.467
-0.955
-1.920
-0.339
-1.254
 0.437
 0.331
 0.695
 0.475
-0.441
-0.205
-0.205
-1.491
-0.758
-0.190
-2.646
-1.577
-1.355
-1.248
-0.556
-0.421
 1.253
 0.866
 0.871
 0.949
 1.085
-1.071
-0.794
-0.245
 0.045
 0.020
-1.243
-2.201
-1.376
-0.467
-1.553
 0.809
-0.321
-1.100
 0.521
 1.244
 1.134
-0.292
-0.644
-1.718
-0.431
-0.639
 0.225
 0.217
 1.037
 0.203
-0.542
-2.559
-1.479
-2.336
 0.838
-1.423
 0.016
 0.276
-0.540
 0.371
-0.395
 0.417
 0.851
-0.791
-1.191
-1.948
-1.344
-2.229
-0.535
-1.356
-1.329
 0.914
 0.646
-1.108
-0.332
-1.221
-1.679
-0.046
-1.146
-1.357
-1.133
 0.008
 0.588
-0.582
-1.579
-0.781
-1.702
-1.652
-0.069
-0.533
-1.846
-0.241
 0.683
 0.289
 1.031
 0.575
-0.357
-0.286
 0.340
 0.691
 0.790
 0.342
-1.029
 0.109
 0.561
-0.114
-0.037
 0.122
 0.080
 0.123
-0.867
-0.878
-0.198
 0.255
-0.134
-0.978
-0.556
-0.502
-0.297
 0.874
-0.833
-1.314
 0.908
 0.002
 0.881
 0.323
-1.035
 1.306
 0.411
 0.358
 0.426
 0.016
-0.289
-0.814
-0.045
 0.152
 0.567
 0.518
-0.160
 0.242
 0.244
-1.192
 0.421
 0.449
-0.694
-0.732
-0.197
 0.192
 0.616
 0.453
 1.169
 0.500
 0.717
-0.187
 0.437
 0.361
-0.191
 1.521
 1.919
 0.387
-0.196
 0.314
 1.735
 0.785
 1.979
 1.812
 0.719
 0.450
-0.784
 1.113
 1.183
 0.491
 0.328
 0.399
 0.637
 0.947
 1.248
 0.278
 0.989
-0.021
 0.248
 0.957
 0.836
 0.963
 0.394
 0.274
-0.292
-0.109
 1.308
 0.968
-0.037
-0.002
-0.872
 0.147
 1.075
 0.325
 1.643
 1.552
 1.551
 1.493
 1.442
-0.351
-0.106
-0.641
-0.838
 0.107
 0.423
 1.125
 1.099
-0.463
-1.375
-0.858
 1.134
 0.027
 0.509
-0.573
 0.518
 2.135
 3.259
 1.955
 1.459
 2.507
 1.350
 1.358
 0.650
 1.358
 0.853
 1.911
 1.225
 1.000
 0.686
 0.868
 0.634
-1.523
-0.189
-0.137
-0.185
-0.111
 0.122
-0.063
 0.801
 0.964
 0.542
 0.391
-0.002
 0.353
 0.837
 2.731
 1.996
 0.594
 0.639
 1.311
 1.118
-0.181
-0.139
 0.508
 1.887
 0.591
 0.333
-0.962
-1.461
-0.748
 0.118
 0.119
 0.674
-0.885
-2.270
-0.570
-1.478
-0.052
-1.248
-0.308
-1.145
-0.141
-1.258
-2.067
-0.597
-0.820
-0.119
-0.169
-0.992
-0.488
-0.786
-0.231
-0.399
 0.567
-0.158
 1.349
 0.459
 0.759
-0.756
-0.642
-2.366
-0.813
-0.404
 0.604
 0.347
 0.011
 0.445
 1.782
 1.662
-0.299
-0.732
 1.373
-0.079
 0.116
-1.370
 0.251
-0.153
-0.501
-1.198
-0.095
-0.219
 0.184
 2.177
 1.034
 0.276
-0.790
 0.244
-0.363
-0.783
-0.078
-0.284
 0.975
 1.487
 1.512
-0.026
 0.398
 2.185
 1.590
 0.532
 1.115
 1.568
 0.774
 2.572
 1.450
 1.866
 1.044
 0.915
 0.890
 0.240
-1.643
-0.403
-0.172
-0.891
 0.177
 1.162
-0.088
 0.313
 0.633
 0.131
-1.088
-0.114
-0.565
 0.414
 0.206
 0.281
-0.723
 0.180
 0.422
-1.084
 0.108
 0.177
-2.598
-2.393
 0.498
-1.110
 0.095
-1.718
-2.433
-1.301
-0.422
-0.203
-0.691
-1.683
 0.132
-0.046
-2.498
-1.225
-0.093
-1.874
 0.145
-1.327
-1.208
-0.206
-0.066
 0.413
 1.124
 0.948
 0.928
-1.054
-1.151
-0.622
-0.155
-0.882
-0.224
 0.581
-1.645
-0.190
 1.270
 1.262
-0.032
 0.489
 1.271
 1.277
 0.127
 0.567
 0.459
-0.077
-0.610
-0.663
 0.376
-1.289
 0.266
 1.591
 0.671
 1.489
 1.769
 1.435
 1.125
 0.564
 0.861
 1.237
 1.035
 0.414
 0.453
-1.454
 0.265
 0.098
 1.339
 1.371
-0.832
-0.204
-0.651
 0.059
-0.890
 0.427
 0.233
 0.093
 0.068
-0.913
-0.381
-0.314
-0.602
 0.226
 0.053
-2.163
-1.421
-0.453
-0.938
 0.356
-0.370
-0.246
 1.496
 1.072
 2.166
 1.471
 1.315
 0.905
 0.242
 0.282
 0.974
-0.119
 1.538
 1.235
 0.698
 0.148
 0.793
 0.073
 0.620
-0.424
 1.157
 1.474
 1.649
-0.585
 0.154
 1.512
 0.740
 1.203
 0.707
 0.740
-0.351
 0.322
 0.468
-0.554
 0.278
 2.429
 1.243
 0.421
 0.206
 0.754
 0.722
 0.798
 1.612
 0.224
-1.528
-0.922
 0.679
-0.238
-0.592
-0.324
 1.260
 1.138
 2.419
 0.542
 1.505
 0.801
 0.096
 1.773
 0.575
-0.005
-0.255
 0.067
 0.892
 1.119
-0.022
 0.955
 0.055
 0.980
-0.714
-0.897
 0.724
 0.488
-0.298
-0.752
-1.284
 0.487
-0.528
-1.321
 0.839
 1.198
 1.102
 1.109
 0.462
-0.587
 0.449
-0.021
 0.066
 0.910
-0.235
 1.204
 0.988
 0.710
 1.080
-0.307
 1.952
 0.575
 2.118
 3.086
 0.634
-0.023
 1.710
 1.497
 2.729
 0.636
 0.483
 1.801
 2.002
 2.701
 1.868
 0.837
 0.744
 1.195
 0.292
 1.777
 0.552
-1.184
 0.688
 0.784
 1.035
 0.402
 0.290
 0.758
 2.208
 1.931
 0.753
 0.442
 0.682
 1.140
 0.948
 1.119
 0.548
 0.428
 1.819
 0.630
 0.986
 1.016
-0.853
 0.741
 0.530
 0.329
-1.010
 1.260
 1.246
 2.096
 0.372
 0.516
 0.417
 1.618
 1.081
 0.176
-0.130
-1.171
 0.012
 0.913
 1.166
 0.255
-0.412
-1.304
-0.334
 0.547
 1.032
-0.008
-0.084
 0.236
-0.388
-0.217
 0.179
-0.622
 1.300
-1.305
-1.054
-1.479
-1.525
-3.209
-0.148
-1.177
 0.710
 0.519
 1.137
-0.482
 1.234
 0.859
-0.122
 0.380
 0.604
-0.939
-0.368
 0.880
-0.441
 0.975
-1.319
-0.522
 0.195
-0.857
 1.205
-0.729
-0.567
-1.738
-0.698
-1.640
-0.603
-0.543
-1.047
 0.616
-1.013
-0.491
-0.555
-1.816
 0.131
 0.685
 0.379
 0.954
-0.001
-1.481
-1.245
-1.752
-2.161
-1.009
-1.294
-2.780
-1.834
-0.368
-0.340
-1.658
-0.426
-0.309
-0.993
-0.276
 0.623
-0.116
 0.327
-0.585
-0.753
-1.554
-1.779
-1.248
-1.154
-0.313
 0.917
-0.350
-0.429
-0.958
-1.836
-0.095
 0.860
-1.520
-1.439
 0.400
 0.452
-0.679
-0.166
 0.223
 0.556
-0.657
 1.119
 0.373
 1.374
 0.701
 1.048
 1.584
 1.643
 0.608
 1.532
-0.306
 0.247
 0.923
 1.271
 0.107
 1.699
 0.956
 0.621
 0.584
 0.214
-0.884
-2.330
-0.567
-1.139
-0.416
-0.157
 0.540
 1.674
 0.055
 0.711
-0.733
 0.445
-0.390
 0.555
 1.719
 0.834
 0.463
-0.814
-0.144
-1.101
-1.396
-0.803
 0.360
-0.034
 0.140
 0.724
 0.441
-1.749
-1.008
 1.060
 1.900
 1.448
 0.557
 0.812
 0.585
 1.185
 0.949
 0.881
 1.043
-0.552
 0.219
 0.573
-0.775
-0.365
-0.467
-0.172
 0.369
 1.226
 1.710
 0.211
-0.796
 1.165
 1.458
 0.237
-0.520
-1.133
-1.367
 0.438
-1.412
 0.705
 1.124
 0.309
-0.917
 0.301
 0.052
-0.179
 1.358
-0.962
-0.807
 0.723
 0.016
 0.010
 0.663
-0.632
 0.231
 0.983
 0.868
-0.740
-0.008
 1.681
 0.076
 1.157
 1.230
 0.374
 1.030
 2.216
 2.251
 1.029
 1.363
 1.706
 2.290
-0.068
-1.050
-0.824
-2.159
 0.953
 0.508
-0.726
-0.051
 0.476
 2.334
 1.014
-0.287
 1.674
 0.162
-0.407
 0.005
 0.202
-0.570
-0.228
 0.020
 1.508
-0.037
 0.439
 1.597
 1.883
 0.641
 0.371
 0.706
 1.347
 2.071
-0.761
 0.297
-0.405
-0.120
-0.601
-0.041
-0.050
 1.556
 0.729
 1.403
 0.787
-0.205
-0.782
-0.129
 1.251
 1.320
 1.074
 1.921
 0.672
 1.429
 1.172
 1.084
 0.785
 1.035
 0.714
 0.641
-1.015
 0.625
-0.590
-0.728
 1.412
 3.197
 1.599
-0.409
 0.886
-0.201
 1.969
 2.127
 1.807
 2.823
 1.248
 2.473
 1.240
 0.520
 0.092
 1.411
 0.349
 0.648
 0.744
 0.730
-0.274
 1.281
 1.574
 1.760
 1.430
 0.286
 1.912
 1.537
-0.539
 0.351
 1.137
-0.255
 1.521
 2.046
 0.799
 1.294
 1.135
-0.932
 0.716
 1.704
 1.154
 0.318
 0.922
 1.295
 0.214
-0.216
 0.190
 1.567
 0.486
-0.083
 0.292
-0.682
-0.979
-0.037
-0.241
 0.938
 0.956
 1.281
 0.228
 1.013
 1.809
 1.246
 0.715
 0.873
-0.239
-0.222
-0.598
-1.799
-2.017
-0.523
 0.588
-0.519
-0.090
 1.213
 0.285
 0.281
-0.604
-0.438
-2.097
-0.725
 0.022
 0.127
 0.987
 0.169
-0.048
-0.388
 0.006
-0.797
-0.416
 0.603
 0.214
-1.312
 0.137
-0.530
-2.234
-0.989
 0.757
 0.912
-0.025
 0.657
-0.577
 0.537
 1.481
-0.368
-0.415
 0.123
 0.411
-0.521
 0.373
 0.832
-1.136
 0.227
 0.919
 1.127
 1.218
-0.998
 0.930
 2.499
 0.505
-2.065
 0.511
-0.521
-1.170
-0.303
-0.515
-0.520
 1.146
 0.169
 0.296
 1.630
-0.502
 0.334
-0.780
-0.223
 0.382
 0.499
 0.522
 1.204
 0.550
-0.800
 1.211
-0.511
 0.909
 0.584
 0.255
 0.305
 1.604
 1.475
 0.724
 1.097
-0.067
 0.248
 0.001
-0.380
 0.366
-0.037
 0.204
-0.672
-1.167
-1.088
-0.188
 0.329
-0.044
 0.344
 1.085
-0.219
-0.277
-0.529
 0.197
-0.769
-1.197
-1.118
-1.030
 0.557
-0.362
-0.215
-1.383
-1.101
 0.437
-0.803
-1.759
 0.145
 0.000
 1.757
 0.023
 1.266
 0.871
-0.012
 0.727
 0.665
 1.546
 1.566
 1.152
 2.251
 0.975
 1.679
 1.163
 0.886
 0.108
-0.537
-0.183
 0.901
 1.754
 1.624
 1.777
-0.230
 0.614
 1.237
 1.025
 0.677
 2.687
 1.466
 0.340
 1.449
 0.640
 1.175
 2.451
 0.935
 2.177
 0.275
 0.770
 0.227
 0.878
 1.890
 0.965
 0.549
 0.045
 1.078
 0.528
-0.355
 1.100
-0.378
-1.221
-0.279
-0.564
 0.106
-1.623
-0.686
-1.120
 0.151
 0.834
 0.424
-1.045
-0.464
-0.147
-0.128
-0.030
 2.117
 2.098
 0.477
-0.281
-1.603
-0.610
-0.834
 0.622
 1.279
 0.217
 1.220
 0.148
-0.686
 0.747
-0.349
 0.397
-0.297
 0.153
 0.973
 1.182
 0.511
 1.074
 0.308
 0.481
-0.016
 1.791
 2.280
 0.701
 1.347
 1.320
 1.461
 0.416
-0.099
 0.690
-0.412
 0.754
 1.572
 1.301
-0.675
 0.302
-0.308
 1.993
 1.496
-0.337
-0.165
 0.927
 0.551
-0.488
 1.197
 1.443
-0.899
-1.809
-0.508
 0.663
 0.202
-0.539
 0.072
 2.195
 2.199
 0.521
 2.035
 1.820
 0.754
 0.075
 0.039
-0.733
-0.380
-1.294
-0.127
-0.405
-1.569
-0.943
-0.855
 0.096
-1.319
-1.400
-2.001
-0.356
-0.622
 0.481
 1.717
 1.264
 1.191
 1.087
 0.040
 0.102
-0.006
-1.346
-0.007
 1.075
-0.125
-0.036
 0.197
 0.710
 0.884
 0.207
-1.031
-0.428
 1.253
 0.726
 0.014
-0.325
 1.572
 0.622
-0.337
-0.457
 0.127
-0.289
 0.061
 0.090
 0.631
-1.084
 1.323
 0.971
-0.134
 1.787
 1.080
-0.454
-0.799
 0.372
 1.600
 1.115
 0.323
-0.451
-0.234
-0.367
-0.023
-0.908
 0.851
 0.711
 0.572
-0.507
-0.441
-0.056
 0.561
 0.586
 0.588
-0.279
 0.287
-0.202
-1.648
-0.014
 0.967
-0.589
 0.290
-0.827
-0.113
 1.455
 2.199
 1.543
-0.142
 1.181
 0.695
 0.060
 1.293
 2.852
 0.337
 1.004
 0.682
-0.322
 1.332
-0.105
-0.437
-0.613
 0.012
 0.065
 0.602
 0.742
 2.073
-0.644
 1.490
 1.856
 2.183
 1.370
 1.164
 1.771
 1.137
-0.738
 0.566
 1.583
 1.053
 0.882
 0.743
 1.960
 0.645
 0.931
 0.086
 1.366
-0.038
 1.692
 0.389
 0.199
 1.107
 0.609
-0.236
-0.534
-0.360
-0.751
-0.077
-0.201
-0.882
 0.258
 1.846
 1.328
 2.544
 2.249
 2.477
 1.830
 2.361
 1.167
-0.076
 0.963
 1.214
 1.197
-0.554
 0.517
 1.541
 1.210
 1.228
-0.913
 0.037
 1.623
 0.745
 0.466
-0.345
-0.044
 0.139
 0.751
 1.536
-0.640
 0.942
 0.333
 1.090
-0.079
-0.543
-1.288
 0.403
-0.571
-0.876
 0.169
-0.530
-1.717
 0.140
 0.549
 0.157
-0.756
 0.408
 0.232
 0.679
 1.136
 0.834
-0.761
-0.436
-0.110
-0.261
 0.785
 0.843
-0.412
 1.854
 0.644
 0.627
 2.648
 1.444
 0.327
 0.090
 0.276
-0.602
-0.085
-0.114
 1.143
-0.949
 0.988
-0.554
-0.559
-0.502
 1.132
 0.798
 1.515
 1.377
 1.153
 1.707
-0.193
 0.705
-0.377
-1.023
-0.098
-0.295
-1.702
 0.285
 0.139
 0.407
 1.240
 1.471
-0.081
-0.173
 0.181
-0.204
-0.383
 0.068
 0.655
 0.614
-0.952
-0.505
-0.468
-0.446
-0.721
-0.632
-0.170
 0.047
-0.316
 1.573
 1.733
 2.073
 0.964
 1.200
 2.689
 0.803
-0.963
 0.951
 0.117
 0.153
-1.849
-0.602
 0.154
-0.550
-0.108
 0.774
 1.792
 0.362
 0.182
 1.747
 0.666
 0.267
 0.169
-1.382
-1.363
-1.079
-1.539
-0.874
-0.189
 0.285
-0.614
-0.981
 0.588
 0.132
 0.910
-0.125
 0.647
 1.047
-0.385
 0.685
-0.819
 0.377
-0.061
 0.808
 1.245
 0.109
-0.702
 0.213
-0.296
-0.170
 0.710
 0.085
-0.667
 1.305
 0.834
 1.275
 1.532
 1.402
 1.591
 1.889
 1.152
 1.185
 0.225
 0.976
-0.888
-2.001
-0.615
-1.421
 0.196
 1.269
 3.564
 0.530
-0.685
-1.600
-0.286
 0.248
-1.312
-0.703
-1.748
-0.908
 0.223
 0.373
 0.913
 0.400
-0.477
-0.363
-1.511
-0.044
-0.829
-0.091
-1.857
-0.215
-0.932
 0.364
 0.476
 0.170
 0.471
 0.528
 1.026
 1.993
 1.974
 1.614
 0.718
-1.049
 0.827
 0.884
 0.359
 0.996
 1.983
 0.594
 1.611
 1.445
 0.592
-1.319
 1.594
 0.119
-0.482
-0.397
-0.574
-1.582
-0.030
-0.558
-0.678
-0.860
-1.147
 0.488
 1.356
 1.791
 0.846
 0.992
 1.030
-0.055
-0.093
-1.574
-0.384
 1.005
 0.254
-0.018
-0.910
-1.525
-1.730
-0.541
-0.609
-1.126
 0.770
 0.042
-0.390
 0.228
-0.556
 1.235
-1.151
 0.326
-0.241
 1.892
 0.699
 1.701
 0.993
 0.601
 1.644
 0.754
 0.642
 0.094
 1.513
 0.053
 0.780
 1.522
 0.032
 1.305
-0.461
 0.500
 1.027
 0.458
-0.301
 0.025
 0.516
 0.675
 0.868
 0.308
-1.523
-1.967
-0.348
-0.123
 0.172
-1.774
-0.999
 0.151
-0.998
-1.142
-0.650
-0.567
-0.312
-0.709
-1.192
-0.166
 0.285
 1.766
 1.376
 1.214
 0.688
 0.628
 0.508
-0.162
-0.217
-0.608
-1.849
-2.106
-0.262
-1.456
-1.822
-1.016
 0.136
-1.420
 0.653
 0.334
-0.207
-1.156
-1.011
-1.991
 1.363
 0.261
 1.510
 0.917
-0.075
 0.009
-1.630
 1.334
 0.760
-0.059
 0.578
-0.659
 1.110
 0.127
 0.816
 1.860
 2.579
 0.824
-1.143
-0.199
-0.227
 1.848
-1.012
 0.979
 0.467
-1.311
-0.826
 0.187
-0.313
-1.268
-2.149
-2.087
-2.107
-0.664
-1.872
 0.296
-2.001
 0.362
 0.500
 0.092
-0.399
-0.308
-1.257
-1.111
 0.198
 0.976
-0.387
 0.419
-0.054
-0.920
-1.798
-0.655
-0.504
-0.221
-1.741
-0.794
 0.683
-0.140
-0.071
-0.506
-0.155
-0.654
-1.153
-1.182
-0.121
-0.694
-1.400
-0.683
-0.341
 1.392
 0.948
 1.162
 0.239
-1.003
 0.037
-0.152
-0.233
-0.068
 1.086
-0.091
 0.173
-0.130
 1.805
 1.907
 2.216
 1.829
 0.929
-0.170
-0.212
 0.292
 0.047
-0.926
-0.356
-0.580
 0.334
 0.628
 0.312
 0.816
 0.311
 0.683
-0.160
-0.201
 1.920
 0.385
 0.350
-0.760
 0.208
 1.164
 1.473
 1.183
 0.153
 1.023
 1.530
 1.957
-0.190
 1.587
 1.748
 2.548
 1.836
 1.851
 1.717
 1.799
 1.383
 2.305
 0.056
 1.371
 2.876
 0.426
 0.372
 1.498
 0.567
 0.713
-0.456
 1.947
 1.209
 2.439
 1.455
 3.078
 2.036
 1.211
 0.119
 2.046
 1.897
 1.585
 2.263
 2.296
 1.673
 1.496
 3.224
 3.106
 2.383
-0.099
 0.054
 1.751
 1.786
 0.140
 0.696
-0.522
 1.233
 1.807
 1.032
 2.166
 1.543
 1.099
 0.663
 0.706
 0.931
 0.789
 1.023
 3.242
 1.182
 0.114
 0.517
-0.332
-0.467
-0.367
 1.040
 0.716
 0.340
 1.119
 0.303
 1.938
 1.547
 1.272
 0.466
-0.129
 0.658
 1.578
 0.584
 0.639
 0.173
 0.791
 0.935
 0.076
-0.009
 0.772
 0.764
 2.060
 2.364
 1.788
 1.673
 1.927
 0.802
-0.840
 1.703
 2.426
 1.370
 1.040
 0.271
 0.990
 0.208
 0.219
 0.445
 0.364
 0.080
 1.313
-0.077
 1.487
 1.006
 0.716
 2.427
 2.713
 0.572
 0.900
 0.592
 2.976
 1.199
 1.896
 0.455
 1.102
 1.498
 1.892
 1.966
 0.823
 2.176
 1.958
 2.247
 2.629
 1.305
 1.914
-0.738
 1.934
-0.339
-0.752
 0.779
 1.066
 0.580
 1.773
 0.871
 1.301
 0.576
 0.562
 0.755
-0.131
-1.034
-0.053
-0.668
 1.059
-0.144
-0.265
 0.061
 0.248
 0.763
 0.087
-0.055
 1.319
 0.813
 0.646
 0.845
 0.092
 0.069
 0.772
 0.166
-1.025
-0.844
 1.253
-2.179
-1.606
-0.341
 0.043
-0.270
-0.365
 0.238
-0.378
 0.254
-1.370
-1.321
 1.317
-0.727
 1.104
 1.777
 0.385
 1.315
-0.072
 1.346
-0.485
 0.551
 0.797
 0.492
 1.808
 0.109
-0.268
-0.334
 0.419
 0.717
 0.180
 0.453
-0.211
 0.967
 1.093
 0.253
-0.312
 1.451
 0.085
 1.715
 1.992
 0.274
-0.718
 0.737
 1.102
-0.329
-0.612
-0.213
 1.061
 0.904
 0.161
 0.727
 1.216
 0.255
 0.220
 1.314
-0.360
 0.337
-0.377
 0.553
 0.358
 0.308
-0.896
-0.798
 1.329
 1.446
 0.536
 0.800
 0.935
 0.566
 1.041
-0.483
 1.172
 1.027
 0.509
 2.516
 1.035
 2.044
 1.914
 1.214
-0.208
 1.577
 0.143
 1.945
 2.671
 1.224
 0.837
 0.317
 0.801
 0.748
 1.773
 1.263
 1.050
 0.437
 1.806
 2.193
 2.343
-0.779
 0.130
-0.857
-0.275
 1.038
 0.944
 0.684
 0.450
-0.085
 1.214
-0.588
 1.110
 0.174
-0.126
 1.060
 1.134
 3.195
 0.994
 0.596
 0.491
 0.757
 1.166
-0.049
 0.951
 0.893
 2.403
 0.697
 0.313
 1.238
 1.042
 1.504
 1.731
 1.983
 0.927
 1.162
 2.889
 0.696
 1.529
 1.916
 0.642
 2.660
 2.214
 0.502
 1.323
 0.836
 2.694
 1.029
 2.183
 1.293
 1.509
 2.110
 2.844
 0.698
 1.060
 0.907
 0.170
 1.925
 1.203
 2.539
 0.683
 1.059
-0.113
 0.503
 1.020
-0.117
 0.945
 1.943
 1.035
 2.011
-0.147
 0.763
-0.087
-0.865
-0.352
-0.770
 0.118
 1.283
 0.410
 0.961
 0.890
 0.554
 1.091
 1.728
 0.567
-0.655
 0.808
-0.420
 0.415
 0.752
 0.156
-0.163
-1.105
-0.059
 1.453
 0.310
 1.126
 1.875
 0.540
 0.004
 0.306
 0.655
-0.250
 0.683
 0.878
-0.510
-0.348
-0.537
-1.158
 0.232
 0.003
 0.045
 0.578
 0.292
-0.763
 0.046
 0.602
-0.393
-0.255
 0.176
-0.093
-0.666
 0.555
 0.737
 0.586
-1.124
-2.209
-0.953
-0.116
-2.180
-0.817
-0.168
-0.253
 0.907
 0.725
 0.219
-0.110
 0.955
 0.439
-0.042
 0.452
-0.078
 2.043
-0.389
-0.439
 0.920
 1.109
 0.894
 1.275
-0.532
-0.364
 0.397
 0.232
-1.590
 2.046
 0.594
-1.011
-0.155
-0.763
-1.124
 0.455
 1.161
 0.369
 0.720
 1.084
 0.804
 0.386
 0.655
 1.969
 1.520
-0.523
-0.226
 0.547
 0.647
 0.366
 1.977
 1.641
 0.557
 0.552
-0.072
 0.571
 0.358
 0.352
-0.024
-0.243
 0.201
 2.560
 0.286
 1.297
 1.454
 0.842
 1.092
 0.194
 2.249
 1.101
 0.677
 0.783
 0.445
 1.353
 0.808
 0.698
 1.070
 1.766
 0.815
-0.634
 1.963
 0.914
 1.459
 1.642
 0.691
 0.958
 1.529
 1.164
 1.575
 1.222
-0.465
 2.122
 0.503
 0.085
 1.203
 0.440
 0.461
-0.206
-0.117
-0.406
-0.588
 0.579
 1.161
 1.142
-0.405
 1.494
 1.129
 0.850
 0.495
 0.282
-0.345
 1.746
 1.414
 0.272
-0.436
-0.053
-0.999
 0.568
 0.803
 0.126
-1.161
-0.146
-0.395
 0.769
-0.041
-0.593
-0.365
 0.392
 0.981
-0.079
 0.550
 0.123
 1.191
 1.427
 2.539
 0.602
 1.542
-0.494
-0.903
 0.563
 1.570
 1.704
 0.246
 0.057
-1.111
-0.248
 0.736
-1.388
-0.741
-0.347
 0.917
 0.598
-0.688
-0.300
-0.356
-0.287
 0.679
-0.669
 0.076
 0.041
 0.240
-0.722
-1.081
-0.816
 0.459
 1.286
 0.593
-0.986
-0.193
 0.076
 0.160
-1.268
-0.328
 0.871
 0.026
-0.098
-0.834
-0.149
 1.583
-0.862
-0.967
-0.291
-0.985
-0.064
-0.135
 0.470
-0.122
 0.040
 0.181
-0.513
-0.527
-0.052
-0.030
-0.667
-0.764
-0.299
-0.579
-0.301
 0.412
 0.878
 1.273
 1.226
-0.209
-0.609
-0.287
 1.654
 0.848
 0.643
 1.820
 1.376
 1.321
-0.052
 0.489
 1.139
 0.609
 0.669
 0.513
-1.333
 0.441
-0.108
-0.662
 0.417
 1.019
 0.959
 1.951
 0.187
 1.826
-0.385
 0.427
 0.220
-0.851
 0.924
 0.691
-0.232
 0.008
-0.026
 1.813
 1.273
 0.989
-0.282
-0.665
-0.376
-0.556
-1.373
 0.286
 0.206
-0.113
-0.540
 0.298
 0.060
 1.025
 2.177
 0.952
 0.001
-1.306
-0.479
-0.342
 0.553
 0.524
-0.158
-0.487
-0.107
 0.754
 0.882
 1.219
-0.445
-0.656
-0.573
-1.149
 0.466
 0.652
 0.987
 0.618
-0.451
-0.027
-0.606
-0.408
 0.561
-0.822
 0.139
-0.121
 0.736
 0.156
-0.304
-0.125
-0.151
-0.991
 1.088
-0.098
-1.576
-0.094
 1.357
 0.134
-2.098
-0.324
-0.289
 0.442
 0.558
-0.489
-1.245
 1.031
 0.794
-0.622
-0.588
-0.029
-0.042
-0.826
-0.455
-0.178
-0.006
 1.210
 0.190
-0.690
-1.193
-0.150
 0.156
 0.960
 0.561
 1.036
 1.950
 1.411
 1.382
 0.392
-0.986
-0.464
 1.219
 0.921
 0.894
 0.418
 0.250
 0.732
 2.650
 1.626
 1.153
 0.655
 1.103
 1.277
 2.661
 1.859
 1.457
 0.938
 0.032
 2.265
 2.858
 0.596
 0.358
-0.285
-0.190
 0.337
 0.814
-0.600
-1.054
-0.975
-0.477
 1.209
 0.441
 0.549
 1.633
 1.334
-0.141
-0.123
 1.049
 1.590
 0.843
 1.947
 3.182
 2.482
 2.204
 3.009
 2.143
 0.382
 3.129
 1.843
 0.801
 0.673
-0.728
-0.795
 0.606
 0.978
 1.167
 0.609
 1.751
 0.718
 0.058
 1.159
 0.156
 0.453
 0.284
 1.254
 2.464
 1.322
 1.251
 1.107
 0.898
 0.703
 0.289
 0.622
 1.467
 0.903
 0.003
 1.166
 0.462
 1.153
 1.067
 1.299
 1.196
-0.292
-0.480
-0.714
 0.192
-0.569
 2.179
 1.805
 1.685
 2.785
 2.013
 1.487
-0.558
 0.785
-0.034
 0.553
 0.674
 0.254
 0.688
 0.770
-0.031
 0.378
 0.033
 0.206
 1.134
-0.228
 1.606
 0.075
-0.445
-1.043
 0.550
-0.896
-0.617
-1.060
 0.252
 1.436
 0.805
 1.098
-0.226
 0.711
 0.309
-0.263
-0.702
 0.089
 2.898
 1.938
 0.975
-0.097
-0.044
-1.209
-0.388
 0.128
 0.213
 0.603
 0.422
-0.425
-0.161
 0.050
-0.381
 0.335
-2.483
-0.425
-0.720
-0.270
-0.889
-0.376
 0.423
 1.147
-0.584
 0.536
-1.067
-0.272
 0.305
 0.620
 0.800
 1.161
 1.385
-0.198
-0.230
 0.100
 0.820
 0.136
-0.191
 0.753
-0.454
 1.453
 1.406
 1.683
 0.925
-0.046
 0.105
 1.908
 0.460
 0.046
 0.048
 2.006
 0.987
 0.483
 0.734
 0.669
 0.970
-0.522
 1.092
 0.821
 0.771
 0.194
 1.114
-0.394
-0.782
-0.761
 0.250
-0.155
 0.127
 0.670
 0.050
 2.473
 1.277
 0.947
 0.262
 0.505
 1.710
 0.106
 0.252
-0.323
 0.438
 1.243
 0.408
 0.481
 0.309
 1.027
 0.277
 0.436
 0.971
 1.092
 2.345
 1.361
 2.420
 0.466
 1.563
 0.581
 1.828
 1.517
 0.258
 0.904
 0.203
-0.277
-0.695
-0.712
-0.622
 0.823
-0.603
 0.195
-0.097
-0.597
 0.343
-0.890
-0.084
 0.955
 0.012
-0.007
 0.756
 0.002
-0.745
-0.155
-0.501
 0.491
 0.480
 0.468
-0.800
-0.272
-0.305
 0.924
 1.237
 0.319
 0.721
 0.903
-0.258
 1.134
 0.139
-1.397
-0.855
-1.028
-0.812
-0.401
-1.712
-1.292
-2.222
-2.102
-0.024
 0.279
-0.881
-1.439
 0.467
 0.196
-1.377
-1.032
-0.646
-0.386
 0.234
 0.666
 0.970
 0.581
 1.462
 1.490
 1.429
-0.514
 0.877
 2.096
 1.208
 0.785
 1.508
 1.158
 2.393
-0.362
 0.229
 0.546
 2.140
 1.996
 0.839
 0.511
-0.562
-0.680
 0.138
 0.466
 0.115
 0.014
 0.470
 2.555
 2.231
 1.101
 0.225
-0.647
-1.042
 0.764
 0.997
 1.239
-0.213
-0.724
 0.106
 0.163
 0.276
-1.108
-2.086
-0.797
-0.182
 0.957
 0.019
 0.773
 0.045
-0.209
 0.975
-1.087
 0.337
 0.012
-0.473
 0.334
-0.258
 1.500
 0.091
-0.367
 1.578
-0.634
 0.581
 0.041
 0.211
 0.201
 0.726
-0.243
 0.072
 0.139
-0.443
-0.229
 0.640
 0.552
-0.763
 0.023
 1.181
 0.166
 1.459
 0.660
 1.247
-1.106
 0.347
-1.163
 1.140
-0.174
-0.567
-0.464
 0.408
-0.683
 1.002
 0.375
 0.958
 1.379
 1.533
 2.243
 0.089
 1.558
 0.708
-0.541
 0.178
 1.676
 2.099
 1.287
 0.990
 0.489
 1.226
 1.548
 0.972
 0.598
-0.486
 0.997
 1.410
-0.224
-0.400
 0.598
 0.674
-0.351
 1.329
-0.122
-1.254
-0.643
-1.190
-1.633
-0.980
-1.328
-1.297
-1.288
-1.944
-2.395
-0.562
-1.531
-0.286
-0.347
-0.282
 0.648
 0.024
-0.920
-0.441
 0.611
-1.003
-1.089
-1.174
-0.486
-0.104
 0.323
-0.975
-1.201
-0.870
 0.871
-1.120
-0.936
-0.860
-1.077
-0.212
-1.245
-2.323
-1.158
-1.236
-0.222
 0.460
-0.936
-1.891
-0.715
-1.263
-1.423
 0.199
-1.116
 0.484
 0.172
-0.644
-1.602
 0.172
-0.921
 1.299
-0.917
 0.031
-0.868
-1.199
-0.821
-1.107
-1.595
 1.148
 0.614
-0.989
-0.337
-1.372
-1.329
-1.218
-0.684
-0.401
-0.804
-0.496
-1.221
 0.020
 0.758
 0.660
 0.436
-0.388
 0.544
-0.446
 0.186
 1.146
 1.463
 0.158
-0.040
 0.196
 1.455
 2.614
 0.505
 1.045
 0.284
 0.611
-1.052
-0.598
-0.711
-0.831
-1.451
-0.478
 0.149
-1.866
 0.053
 0.128
 0.594
-0.418
 0.196
-0.041
-0.217
-0.844
 0.245
 0.460
-0.284
 1.800
 0.862
 0.441
 0.500
 0.730
 1.186
 1.362
 0.651
 0.415
 0.746
-0.532
 0.557
 0.538
-0.589
-0.207
 0.098
 2.782
 0.521
-2.094
-0.601
-0.336
 1.440
 0.442
 0.678
 1.142
-0.205
-1.709
-0.924
-0.290
-0.443
-0.493
-1.071
 0.687
 1.165
-0.495
-0.068
-0.741
-0.829
-0.611
-0.954
-0.282
 0.768
 0.076
 0.108
 1.228
-0.914
 0.327
-0.074
-0.677
 0.947
-0.324
-0.215
 1.266
 1.472
 0.366
-0.104
 0.247
 0.632
 1.311
 0.313
-1.357
-0.674
 0.827
 1.482
-0.619
 0.755
 0.428
-1.184
 0.285
 1.207
-0.016
 0.289
-0.003
-1.161
-0.563
 0.907
 0.806
 0.253
-0.343
 0.504
-0.290
 0.259
 0.019
 0.174
 0.135
 0.245
-1.421
 0.348
 0.679
 0.160
 0.792
-0.767
-1.915
-0.723
-1.623
-2.209
-1.347
-0.032
 0.051
-0.094
-1.388
-0.091
-0.725
-0.350
-0.177
-0.281
-0.664
 0.501
 0.098
 0.998
 1.209
 1.118
 0.910
 0.479
-0.103
-0.488
-0.400
 1.576
 0.808
-1.287
 0.798
 0.218
 1.841
 0.106
 0.321
-0.226
 1.292
 0.797
 1.004
-1.506
-0.245
-0.931
-0.574
-0.291
 0.292
 1.460
 0.794
 0.190
 0.570
 1.772
-0.281
 0.367
-0.383
 0.203
 0.675
 0.366
-0.582
-0.798
-0.924
-1.001
-1.342
-0.213
-1.455
-1.163
-1.283
-0.684
-0.042
-0.509
-0.680
-1.339
-0.510
 0.191
 0.086
-0.862
 0.562
-0.335
-1.564
-1.504
 0.217
 0.815
 0.211
 0.373
 0.772
-0.131
-0.277
-1.335
-0.672
-1.564
 0.047
-1.037
-0.339
-1.916
-0.361
-0.166
-0.641
-0.021
 0.382
 0.016
-1.304
 0.015
-0.214
-0.139
 0.042
 0.736
-0.411
 0.874
-0.629
 0.101
-0.066
 1.054
 0.180
-1.582
 0.485
-1.117
-1.013
-0.775
 0.411
 0.922
 0.842
 1.587
 0.406
 1.291
 1.089
-0.344
 0.479
-0.494
 0.112
-0.951
-0.542
-0.126
-0.757
 0.826
 0.756
 1.987
 1.385
-0.358
 0.464
 1.573
 0.445
 0.675
-0.022
 1.074
 2.347
 0.689
 1.583
 0.814
 0.403
 1.944
 1.206
-0.116
 0.768
 0.875
 0.967
-1.266
-1.842
-0.215
 0.883
 0.957
 0.517
-0.070
 1.769
 0.846
-0.985
-0.376
 0.233
 0.992
 0.101
 0.954
 0.219
-0.967
-0.118
 0.775
 0.583
-0.442
-1.246
 0.483
 0.709
 0.379
 1.663
-0.347
 0.961
-0.001
-0.055
 0.219
 0.275
 0.314
-0.667
-0.855
-0.859
-0.662
-0.790
-0.618
-1.576
-1.553
-0.997
-1.743
-0.675
-1.383
 0.377
 0.002
 0.622
-1.038
-0.280
-1.429
-1.809
-2.617
-0.893
 0.191
-0.684
-0.392
-0.505
 1.386
-0.658
-1.424
-0.829
-0.541
-0.430
-1.479
-0.270
-1.102
-1.206
-2.300
-1.041
-0.513
-0.475
-0.896
-0.039
-0.264
-0.758
-1.428
-0.844
-1.685
-0.657
-1.141
-1.269
-0.770
-0.143
 0.026
-0.793
 0.995
-1.044
-1.030
 0.466
-0.816
-0.491
 0.698
 0.712
 1.955
 0.031
 1.044
 1.648
 0.589
 0.505
-0.065
-1.331
-1.136
-0.046
 2.648
 0.997
 0.504
-0.286
-1.250
 0.446
-0.302
 0.931
 0.368
 1.255
 0.826
-1.447
-0.954
 0.038
 0.520
-0.418
 0.652
-1.122
-0.756
-3.131
-0.848
 0.215
 1.058
-1.179
 0.598
 0.033
-0.553
 0.520
 0.549
 1.053
 0.954
 0.747
-0.581
-0.244
 0.182
 1.676
 1.148
 0.493
 0.330
-0.359
-0.211
-0.558
 0.118
-1.435
-1.262
 0.428
 0.526
-0.133
 0.076
-0.359
-0.240
-1.276
 0.302
-0.766
 1.959
 0.782
 0.604
 0.050
-0.415
 0.250
 0.420
 0.822
 1.411
 1.655
-0.053
 1.038
 1.265
 0.486
-0.657
 0.184
 0.870
-0.593
-0.293
 1.291
 1.381
 1.426
 1.330
 2.119
 0.145
 0.718
 0.014
 0.070
 0.720
-0.067
 0.635
 0.610
 0.092
 1.321
 0.813
 1.469
-0.705
 0.010
 0.255
-0.581
 0.574
-0.132
-0.392
 1.315
 0.565
-0.224
 0.520
 0.570
 1.124
 0.546
 1.265
-0.508
 0.055
 0.103
 0.471
 0.400
 1.191
 0.181
 0.907
 0.655
-0.007
 0.126
-0.636
 1.378
 0.693
-0.614
 0.535
 0.746
-0.992
 0.437
 0.554
-0.241
-0.039
 0.112
 0.090
-1.158
-0.524
 0.500
-0.549
-0.343
 0.413
-0.570
 0.129
 0.475
-1.015
-0.944
-0.593
 1.311
 0.466
 1.169
 1.236
 1.033
 0.632
-0.449
 0.411
 0.452
-0.178
 0.734
 1.137
 0.747
-0.897
 1.087
 0.437
-0.719
-0.740
 0.058
-1.724
-0.902
-0.961
 0.252
-0.150
 1.797
-0.592
 0.480
-0.924
-1.019
 0.907
 0.245
-0.692
-0.738
 0.672
-0.094
-1.158
-2.022
-1.008
-0.770
-1.920
-1.521
-0.870
-1.076
-1.189
-0.932
-0.986
-0.712
-0.980
-0.039
-0.175
-0.452
-0.589
-0.195
-0.369
 0.632
 0.503
-0.668
-0.349
-0.253
 0.498
-0.250
 0.417
 0.967
-0.633
-0.798
-1.653
-0.631
 0.017
-0.723
 0.274
-0.918
 1.213
 1.585
 0.540
 1.124
 1.283
-0.195
-0.463
 0.194
 0.780
 0.851
 0.324
 0.372
 0.089
-0.632
-0.311
-0.812
-0.783
-0.739
 0.350
-1.503
-0.295
 0.607
 0.425
 0.754
 0.517
 1.045
 0.813
 0.007
 1.257
 1.997
 0.432
-0.462
 1.182
 1.342
 0.213
 1.497
 0.373
 2.292
 0.436
 1.607
 1.835
 1.380
-1.032
 0.780
 1.749
 0.317
 0.859
 1.715
 0.320
 0.413
 0.952
 2.069
 0.423
-0.404
-0.575
 1.313
 1.788
 0.680
 1.913
 1.167
 1.179
-0.282
-1.827
-1.227
 0.075
 0.668
-0.144
-1.115
 0.017
-0.187
-0.207
-0.552
-0.883
-1.967
-0.819
 0.165
 0.371
-0.779
 0.929
-0.402
-0.499
-0.063
-0.267
-0.851
-0.766
-0.126
-1.790
-0.644
-1.043
-0.692
-0.965
-0.890
-2.767
-0.952
-1.124
 0.114
-1.103
-0.380
-0.979
-0.795
-1.010
-0.482
 0.432
 0.881
-0.200
 0.368
-1.816
-0.801
-0.583
 0.590
 0.080
-1.036
-0.418
-0.415
 0.330
 0.214
 0.735
 0.544
-0.224
-0.117
 0.981
 0.155
 0.569
 0.716
 0.701
-0.298
-0.245
-0.740
-0.471
-1.645
-0.932
 0.108
 0.041
-0.976
 0.117
 0.829
 0.069
 0.308
-0.021
-0.329
-0.969
 0.372
 0.836
 1.203
 0.561
-0.812
 0.005
-0.392
-0.347
-0.145
 0.436
-1.270
-0.552
 1.354
-0.275
-0.919
-0.515
 0.749
 0.748
 1.362
 0.719
 0.456
 0.768
 0.244
 0.789
 0.020
 0.659
 1.812
 1.551
 2.454
-0.271
 0.328
 0.858
 1.000
-0.771
-0.593
 0.435
 0.470
-1.631
-0.103
-0.060
-0.472
-0.637
-0.989
-0.533
-0.538
 0.137
-0.994
-0.966
-0.462
 0.377
-0.765
 0.635
 0.344
 0.685
 0.133
-0.735
-0.411
 0.950
 0.210
-0.474
 0.374
 1.259
 1.541
 0.527
 1.210
 1.181
 2.546
-0.250
-0.194
 1.217
 0.129
 0.724
 0.589
 0.593
-0.998
 0.447
 0.681
 0.648
 0.096
 0.688
-0.793
 0.357
-0.805
-0.313
-1.102
-1.162
-0.491
-0.242
 0.889
 0.207
-0.854
-2.154
-0.852
-0.341
-0.707
-0.363
-1.231
-0.807
 0.549
-0.523
 0.184
 0.454
-1.184
-0.413
-0.150
 0.041
-0.533
 1.237
 0.557
 0.092
 0.620
 0.762
 0.922
 1.415
 1.203
 3.499
 1.294
 0.364
-0.099
 0.793
-0.822
-0.200
 1.129
 0.728
 1.086
 0.027
-0.018
 0.408
-0.023
 0.624
-0.831
 0.070
 1.300
 1.692
 1.591
 2.649
 0.792
-0.263
 0.644
 0.588
 0.868
 1.872
 0.035
-0.020
-0.302
 0.091
-0.687
 0.579
 1.313
-0.478
 0.508
 0.707
 0.637
 0.521
 0.191
 0.839
 1.888
 0.881
 1.140
 1.740
 1.152
-1.046
-0.200
-1.014
 0.164
-0.978
 1.961
 0.979
 1.301
 0.181
-0.605
-0.220
 2.137
 0.690
-0.400
 0.993
 0.489
 1.042
 0.890
-0.256
 0.285
 1.257
 1.020
 0.687
 1.054
 0.445
 0.095
 0.036
-0.632
 0.172
 0.039
 0.204
-0.250
-0.442
-0.091
-0.442
 0.242
 0.841
 1.445
-0.132
 0.283
-0.669
 0.384
 0.000
 0.064
 0.931
 0.088
 1.538
-0.275
-0.040
 0.328
 1.831
 2.270
 0.660
 0.640
 0.520
-0.622
-0.216
-2.118
-0.090
 0.928
 0.932
 1.213
-0.730
-2.475
-0.423
 1.226
-1.170
-0.116
-1.380
-0.634
-0.895
 0.742
-0.424
-0.539
 1.087
 0.136
 1.082
-0.552
 0.158
 0.558
 1.391
 0.735
 0.894
 0.375
 0.968
-0.046
-0.015
-0.130
 0.675
 1.165
-0.348
-0.146
 1.502
 0.728
 2.848
 1.463
 1.550
-0.971
 0.504
 0.154
 1.101
 0.124
 1.721
 0.330
 0.091
 1.198
-0.412
 1.305
 1.907
 0.765
 0.145
-0.568
 0.140
 1.771
 0.532
 1.582
 1.209
 1.663
 0.159
 0.619
 0.632
 1.180
 1.422
 0.732
 0.378
 1.753
 0.936
 0.352
 1.297
 1.731
 0.893
 0.985
 1.852
-0.857
 0.085
-0.763
 1.130
 2.030
 1.092
 1.348
 0.573
-1.596
-1.486
 0.691
-0.260
 0.284
 1.661
-0.325
 0.593
 1.159
 2.153
 0.345
 1.126
 2.758
 0.259
-0.146
-0.381
 0.467
-0.788
 0.847
-0.033
 1.117
 1.091
-0.214
-0.627
 0.968
 0.514
 0.574
 0.303
 0.312
-0.463
 0.093
-0.286
 0.482
 0.212
-0.737
 0.266
-0.942
-0.946
-0.739
 0.141
-0.269
-0.396
-0.330
-0.111
 1.463
 0.279
-0.967
-0.602
 1.613
 0.481
 0.572
 1.070
 0.114
 0.685
-0.172
 0.824
 0.319
 0.033
-0.210
-0.041
-0.455
-0.018
 0.105
 0.542
 1.694
 2.404
 0.546
-0.621
 0.645
 1.508
 1.842
 0.229
 0.549
-0.014
 1.044
 0.995
 0.543
 1.834
 0.527
 0.991
 0.812
 0.906
 0.435
 0.472
 0.169
-0.605
-0.276
 0.858
 1.600
-0.169
 1.222
 1.392
 1.531
 1.065
-0.443
 1.092
 1.374
 1.691
 1.687
 2.182
 0.789
 0.669
 1.028
 0.201
-0.652
 0.184
 0.968
 0.792
 0.582
 1.798
 0.438
 1.015
 1.905
-0.427
-0.444
-0.688
 0.295
 1.065
 0.514
 1.026
 2.135
 1.529
 1.362
 1.336
-0.191
 1.175
-0.480
-0.303
-0.416
 0.920
 1.313
 1.171
-0.543
-1.127
 0.030
 1.142
 0.697
 0.948
 1.454
 2.409
 1.264
 0.703
 1.547
 1.689
 1.039
 1.623
-0.678
-0.516
-0.240
-0.155
 0.957
 0.445
-0.995
 1.071
 0.926
 2.498
 0.061
 0.826
 0.209
 0.379
 0.386
-1.002
 0.622
 0.656
 1.174
 2.071
 1.470
 1.751
 0.699
 2.022
 0.273
 1.866
 2.083
 1.447
 1.661
 1.827
 1.743
 2.151
 1.801
 0.651
 1.750
 1.361
 0.976
 0.544
 1.372
 0.237
 1.733
 1.271
 0.773
 1.016
 1.634
 1.415
-0.430
 0.952
 1.132
 0.419
 0.233
 0.684
 1.001
 0.128
 0.211
 1.146
 0.421
 0.483
-1.621
 0.020
 1.289
 0.256
-0.041
 0.166
 1.028
-0.748
 1.264
 0.961
 1.236
 0.677
 1.219
 0.167
 1.121
 0.144
 0.640
 1.026
 0.672
 2.036
 1.830
 0.639
 1.460
 1.056
 1.435
-0.122
 1.118
 1.812
 1.151
 0.638
 1.321
-0.393
 0.506
 0.617
 1.262
 0.973
 0.667
 0.380
 0.007
 0.894
 0.183
 0.545
 1.541
 0.884
-0.335
 0.811
 0.373
 1.332
-0.212
-0.227
 1.371
 1.592
 0.847
 1.440
 1.028
 0.491
 1.199
 1.013
-1.054
-0.732
 0.286
-1.274
-0.553
-1.027
-0.099
-1.986
-1.038
 0.296
-0.059
 0.772
 0.725
-0.551
 0.399
 1.963
 2.384
 1.237
-0.368
 0.227
-0.468
-1.267
-0.150
 0.935
-0.350
 0.136
 0.040
-0.701
 0.941
-0.761
 0.902
 0.198
 2.904
 3.112
 3.491
 1.002
 3.054
 2.122
 1.854
 2.401
 1.110
-0.393
 0.327
-0.475
 0.106
-0.251
-0.159
 1.136
 1.597
 0.048
 0.464
 0.143
 1.522
 1.365
-0.066
 1.508
 1.531
 1.815
 0.362
 0.513
 0.537
 0.134
-0.248
 0.635
 1.850
 0.686
-0.375
 0.267
 0.172
-0.998
 1.714
 0.442
 0.621
 1.178
-0.216
 1.294
 0.320
-1.192
-0.058
-0.589
-0.471
 0.070
-0.072
-0.450
-0.189
-0.309
-0.528
 0.419
-0.575
 0.249
 0.134
-0.065
-0.289
 0.285
-0.549
-0.598
-0.317
-0.440
-1.602
-0.111
-1.261
-1.256
-1.007
 0.626
-0.169
-0.363
 0.104
 1.087
 0.565
 2.170
 1.401
-0.599
 1.021
 1.589
 1.783
 0.699
 0.448
 0.553
 1.508
-1.945
 1.815
 0.971
 1.467
 1.687
 1.571
 1.537
 1.040
 0.851
-0.643
-0.500
 2.552
 0.729
 0.403
 1.118
-0.337
 0.960
 1.852
-0.042
-0.824
 0.537
 0.893
 1.565
-0.668
-1.677
-1.146
-0.462
-0.963
-0.645
 0.650
-0.198
 1.382
 0.102
 0.501
 1.923
 0.767
 0.238
 0.586
 0.257
 1.743
 0.374
 0.197
 1.844
-0.013
 1.146
 1.472
 0.312
 1.271
 1.366
 1.155
 1.359
 0.224
 0.409
 0.419
 1.839
-0.461
 0.831
 1.488
-0.285
 1.393
 1.908
 1.768
 3.218
 1.526
-0.156
 1.856
 2.144
 1.741
-0.203
 0.542
 0.722
 1.245
 0.009
-0.584
 0.155
-1.100
-1.738
-0.438
 1.534
 1.143
 0.779
 0.527
 0.422
 1.306
 0.854
-0.116
-0.083
-0.051
 1.130
 0.116
 0.342
 0.201
 0.086
-0.428
 1.357
 2.637
 0.833
-0.064
 0.107
-0.406
 2.190
 2.009
 2.699
 1.705
 0.969
 0.747
 0.111
 0.214
 0.327
 0.202
 1.415
 0.176
 0.038
 2.047
 1.173
 2.072
 0.451
-1.287
 0.603
 0.339
 0.609
 0.495
 1.593
 1.392
 1.447
 0.791
 1.654
 0.907
-0.243
 0.848
 1.139
 2.264
-0.932
 0.247
 0.914
 1.634
 0.251
 2.146
 1.225
 1.894
 2.040
 0.165
 0.669
 1.414
 2.617
 1.631
 0.330
-0.413
 0.549
 0.145
-1.448
 0.369
 0.626
 0.736
 0.347
 1.700
 0.215
 0.551
 0.351
 1.252
 1.360
 1.405
 0.627
 2.180
 0.462
 0.652
 0.621
 1.267
 1.843
-0.070
-1.235
-0.171
-0.288
 0.097
 1.895
 1.788
 0.809
 0.770
 2.169
 1.731
 2.644
 1.295
 0.024
-0.409
 1.511
 1.078
-0.923
 0.315
-0.278
-0.313
-0.992
 0.286
-0.942
 0.338
 0.747
 0.323
 1.099
 1.461
 2.287
 1.082
 0.912
 1.541
-0.271
-0.086
 2.613
 0.315
-0.119
 0.835
 0.351
 0.682
-0.592
-0.448
 0.101
 1.636
 0.667
-0.626
 1.616
 0.307
 0.320
 1.513
 1.760
 2.088
 0.236
 0.122
 0.606
 1.370
 1.087
 1.527
 1.580
 0.957
 0.452
 0.413
-0.181
 0.687
 0.820
 1.459
 0.125
 0.251
 0.665
 0.610
 0.591
 1.339
 1.269
 0.183
-1.263
-0.794
-1.668
-0.511
-0.660
-0.020
-1.368
-1.025
-1.146
 0.415
 1.434
-0.197
 0.769
 0.023
 0.288
-0.084
 1.023
 1.061
 1.867
-0.015
-0.882
 0.145
 1.793
 2.211
 0.727
 1.984
 1.281
 0.005
 1.368
 1.327
 0.305
 1.495
 0.289
 1.067
-0.173
 0.413
 0.392
 1.095
 0.742
-0.267
-0.053
-1.152
-0.436
 0.199
-0.009
-0.010
-1.152
 0.223
-0.285
 0.097
-0.031
 0.852
 0.663
 1.656
 0.679
 1.488
 1.256
 1.050
 0.638
 0.851
 0.459
-0.185
-0.811
-0.616
 0.142
 0.991
 0.959
 0.306
-0.453
-0.785
-0.991
-0.870
-0.944
-0.274
-0.127
 0.837
 1.042
 0.830
 1.084
-0.915
-0.175
 0.856
 1.480
 0.210
 0.685
-1.434
 0.727
 0.419
 0.392
 1.181
 1.180
 1.540
 0.771
 1.373
 0.637
-0.967
-1.413
-0.032
-0.411
-0.795
-0.615
 0.790
-0.206
 0.992
-0.716
-1.499
-0.952
-0.892
-2.028
-0.708
-1.152
-0.070
 0.197
 0.401
-0.409
-0.647
 0.199
-0.866
-0.311
 0.442
-0.653
 0.124
 0.348
 1.033
 0.356
 1.440
 1.401
 1.760
 0.886
-0.417
 0.897
 0.124
 1.197
 0.800
 0.806
 1.387
 0.717
-0.789
-0.063
-0.367
-0.794
 0.068
 1.552
 0.380
 0.534
 1.555
-0.755
 0.319
-1.113
-1.289
-0.389
 0.213
-1.518
-0.940
-0.231
 1.181
 0.435
 0.500
-0.026
 0.879
 0.329
 0.839
-0.570
 0.099
 1.302
 1.118
 2.085
 1.451
 1.766
-0.361
-0.835
-0.455
 0.269
 0.717
 1.104
-0.039
 0.332
 1.333
 0.179
 0.417
 2.131
 1.761
 2.640
 0.858
 0.735
 0.314
-0.394
-0.053
 1.678
 1.862
 0.795
 1.224
 0.408
 0.746
 1.275
 0.114
 1.483
 0.795
 1.159
-0.682
 1.696
 0.328
 1.166
 0.925
 0.265
-1.732
 0.656
 0.583
 0.401
 0.819
-0.208
-0.427
 0.804
 1.102
 0.516
 0.664
 0.313
 0.797
 1.193
 0.939
 0.661
 1.547
 1.522
 0.111
 0.874
-0.218
 1.255
 0.434
 0.490
-0.737
 0.003
 0.671
 0.663
 1.487
 0.303
-0.421
 0.062
-0.122
 0.145
-0.546
-0.907
-0.539
 0.573
-0.405
-0.381
-0.211
 0.290
 0.739
 0.450
 0.246
 0.524
 0.590
 0.926
-0.509
 0.351
 0.383
 1.365
 0.303
 0.805
 2.771
 0.474
 0.867
 2.263
 1.325
-0.036
-0.309
 1.320
 1.518
 1.121
 1.577
 0.640
 1.096
 2.183
 0.846
 0.971
 0.807
 0.731
-1.285
-0.456
-0.277
 2.124
 1.177
 1.911
 0.992
 2.387
 0.323
 0.363
 2.328
 2.614
 2.210
 1.953
 0.919
-0.503
 0.153
 1.718
 0.662
 0.573
 2.413
 2.546
 0.310
-0.174
 0.618
 1.501
 0.878
 1.670
 1.134
 1.423
 0.709
 0.347
-0.079
-0.020
 1.280
 1.752
 0.771
 0.958
-0.104
 0.491
 1.083
 0.218
 2.666
 1.533
 0.913
 0.521
 0.229
 0.388
 2.168
 1.021
 1.806
 0.860
 1.224
 1.912
 1.010
 1.125
-0.864
 0.871
 0.574
 0.251
 0.705
 1.299
-0.328
 0.502
 2.223
-0.509
 0.427
 1.537
 0.509
 0.133
 0.749
-0.065
 0.898
-0.072
 0.129
 0.667
 1.482
-0.082
-0.305
-0.710
 0.603
-0.722
-0.109
 0.202
 0.288
 0.302
-0.361
 0.072
 0.463
 1.471
 0.645
 1.148
 1.794
 1.722
 0.479
-1.050
-0.371
 1.989
 1.365
 0.639
 0.415
 0.174
 1.553
-0.001
-0.802
 1.747
 0.270
 1.466
 2.098
 0.515
 0.638
 1.351
 1.433
 3.334
 2.294
 1.238
 1.211
 1.367
 1.283
-0.204
 2.167
-0.832
-0.002
-0.457
-0.241
 0.212
 1.143
 0.352
 1.949
 0.178
-0.520
-1.667
 0.422
 0.088
 0.039
 0.800
 0.587
 1.446
 2.298
 0.889
 1.880
-1.180
 0.402
 0.745
 2.015
 1.253
 1.700
 0.093
-0.035
 0.194
 0.129
 1.220
 0.840
 1.368
-0.350
-0.119
 0.248
-1.369
-0.948
-0.609
-0.589
-1.310
-1.033
 0.825
 0.762
-0.428
-0.230
-0.662
 0.094
-0.074
 0.860
-0.474
-0.687
-0.304
 0.859
 0.069
 2.782
 2.010
 1.177
 1.919
 1.543
 2.366
 2.619
 1.084
 1.855
 0.922
 1.547
 2.514
 1.700
 1.555
 3.072
 1.209
 1.418
 2.182
 0.814
 0.606
 0.557
 0.176
-0.526
-0.335
 1.397
 1.614
 1.328
 2.334
 1.400
 0.157
 0.875
 1.879
 2.482
 1.004
 1.757
 0.823
 0.908
 1.871
 1.080
 0.993
 0.586
 1.606
 1.036
 0.995
 2.054
 1.222
 1.793
 0.434
 0.059
 0.975
 0.769
 1.254
 1.631
 1.517
 2.686
 0.874
 0.140
 1.180
-0.447
 1.055
-0.211
-0.129
 1.811
 2.389
-0.809
-0.741
 0.550
-0.010
-0.536
-0.406
-0.574
 0.664
-0.526
 0.481
 0.131
-0.650
-0.956
 0.077
-1.014
-0.965
-0.023
-0.482
 0.756
 0.264
 1.807
-1.148
 0.042
-1.052
-1.304
-0.044
 0.012
 1.237
 1.496
-0.250
 0.447
 1.388
-0.473
-1.042
-0.705
-1.828
-1.059
-1.110
 0.254
 0.753
-0.517
-0.738
-1.066
-0.355
-0.339
-0.963
-1.002
-0.087
 0.453
-0.593
 0.310
-0.407
-0.194
-0.432
-1.090
-0.817
 0.839
-0.914
-0.790
-0.599
 0.799
-0.344
-1.478
-0.096
 1.146
-0.156
 0.488
 1.733
 1.049
 0.564
 0.502
 0.526
 0.060
 1.817
 0.745
 1.430
 0.386
 0.661
 0.835
 1.019
 0.392
-0.119
 1.173
-0.512
-0.504
-0.738
-1.448
-0.531
 0.578
 0.093
 1.116
 0.113
-0.066
 0.424
-0.984
-0.181
 0.691
-0.254
 0.491
 1.129
 1.604
 2.005
 2.119
 1.131
-0.226
 2.613
 3.273
 0.845
 1.071
 0.549
-0.552
 0.016
-1.357
 1.333
-0.417
-0.113
-0.617
-0.403
-0.358
-0.676
-1.302
-0.506
-0.432
-0.783
 0.092
-0.263
 0.369
-0.953
-0.619
 0.063
-1.136
 0.624
 0.642
 0.414
 1.177
 0.150
-1.264
-0.234
 1.872
 0.906
 1.132
 1.334
 1.561
 0.967
-0.344
 1.049
 1.758
 0.958
 1.138
 0.427
-0.148
 1.177
 0.623
 1.004
 0.504
 0.203
-0.660
 0.131
-0.264
 0.500
 0.445
 1.121
 1.755
 1.219
 0.160
-1.813
 1.064
 0.606
 1.183
 1.587
 0.159
 0.823
-0.085
-0.045
 0.436
 0.598
 1.489
 0.609
-0.510
 1.775
 0.167
 1.841
 1.096
-0.389
-0.331
-0.430
-0.793
-0.225
 0.226
 0.739
-0.480
 2.004
 0.867
 0.271
 0.808
 0.813
-0.974
-0.644
-0.771
-0.573
 1.088
 2.515
 0.213
 0.652
 1.841
 0.924
 0.817
-0.664
 0.678
 0.956
 0.445
 0.116
 1.236
 0.967
 0.971
 1.171
 0.357
-0.269
 0.177
-0.728
 0.887
-0.009
-0.954
 0.867
 1.602
 3.293
 1.932
 1.019
 2.296
 2.207
 2.002
 3.068
 0.913
 1.995
 1.631
 0.797
 0.561
 0.198
 0.253
-0.534
 0.390
 0.188
 0.054
 1.385
 1.736
 0.217
 0.232
-0.954
-1.134
-0.672
-0.840
 0.013
 0.019
-0.214
 1.011
 0.563
 0.403
 1.281
 2.404
 1.263
 0.120
 0.384
 0.942
-1.387
 1.076
 0.858
 0.108
-0.612
 0.142
 0.394
 1.180
 0.437
-0.231
 1.783
 1.282
-0.504
-0.532
 0.435
-0.036
 0.006
-2.987
-1.688
-1.976
-0.966
-0.578
 0.372
 0.149
-0.159
 0.509
 1.252
 0.486
 0.076
 1.792
 0.660
-1.392
-0.192
-0.753
-0.504
-1.609
-1.994
-0.834
 0.151
-1.523
 0.073
-0.558
 1.335
 1.174
-0.527
 0.715
-0.076
-1.292
-1.430
-0.290
-1.762
-1.638
-0.022
-1.055
-0.909
 0.563
-0.256
 1.221
-0.096
 1.753
 0.527
 1.277
-0.016
 2.050
 0.639
-0.543
-0.542
 0.691
-0.266
 1.978
-0.826
-1.437
-0.250
-0.818
-0.364
 0.152
 0.250
 1.967
 1.156
 2.077
 1.405
 1.747
 0.551
-0.192
 1.204
-0.962
 0.074
-0.397
-0.472
-0.635
 0.487
 0.994
 0.481
 1.473
 1.988
 0.731
 1.734
 0.577
 1.174
 1.141
-0.137
 0.767
 1.456
 0.860
 2.076
 0.267
 0.554
 1.460
-0.672
 2.271
 1.957
 2.170
 1.496
 1.795
-0.751
-0.896
 0.280
 0.335
 2.156
 1.895
 0.840
 1.356
 1.671
 0.348
 0.214
 0.337
 0.442
 1.280
 1.015
-0.947
 1.129
 0.820
-0.450
 1.311
 1.045
 1.312
 1.390
 1.718
 0.076
-0.198
-0.442
-0.745
 0.537
-1.031
 0.031
 0.558
-0.056
-0.877
-0.141
-0.555
-1.514
 0.013
-1.639
 0.546
-1.078
-0.159
-0.476
-1.916
-0.775
-1.112
 1.278
 0.086
 0.343
 0.106
 0.437
 0.996
-0.246
-0.384
-0.436
 0.898
 0.872
-0.210
 0.579
 0.797
-0.052
-0.592
-1.277
-0.635
-0.805
-0.785
-1.082
-0.460
 0.258
-1.022
 0.786
 0.897
-0.022
 0.912
 0.495
-0.553
 0.918
 1.698
 0.196
-0.294
-0.791
-0.349
 0.224
-0.144
-0.026
-0.283
-0.149
 0.631
-0.321
 0.818
 1.550
 1.620
 0.991
-0.198
 0.128
 0.484
 0.364
 1.692
 0.076
 0.233
 1.208
 0.081
-0.275
-0.199
-0.979
 1.104
 0.490
 0.177
-0.613
 0.117
-0.694
-0.660
-0.957
 0.655
 1.631
 0.398
-0.507
-0.415
-1.618
-1.435
-0.083
-0.594
 1.160
 0.513
 0.436
 0.197
 0.394
 0.908
 1.286
 0.444
 0.054
 1.304
 1.355
 1.280
 1.366
 1.542
-0.777
-0.709
 0.321
-0.598
-0.306
-0.295
-0.105
-0.039
-0.065
 2.671
-0.544
 0.950
 0.866
 0.239
-0.062
 0.089
-0.782
-0.255
 0.477
 0.432
-0.277
 1.584
 0.213
-0.634
 0.505
 1.853
 2.334
-0.075
 0.016
 0.136
 0.446
 0.698
-0.200
 0.617
 1.343
 3.085
 1.180
 1.796
 0.758
 0.873
 0.590
 1.734
 1.206
 0.948
 0.547
 0.121
 1.197
 2.254
 1.646
 1.620
 1.202
 0.693
 1.792
 1.409
 0.463
 0.188
 1.491
 0.183
 1.356
-0.163
-0.036
 0.341
-1.088
-2.010
-0.008
-0.480
 1.146
 1.013
 2.337
 2.468
 1.194
 1.551
 1.287
 0.369
 1.228
-0.099
 1.260
 1.097
 1.487
 0.051
 0.798
-0.137
-0.295
 0.770
 2.482
 0.465
 0.383
 1.447
 1.129
 1.833
 0.333
 1.052
 1.712
 0.896
-0.352
 0.536
 2.774
 1.457
 0.253
-0.384
-0.409
 0.365
-0.715
-0.223
-0.715
 0.481
 1.099
 2.107
-0.623
 0.644
 0.467
-0.628
 0.239
-0.290
-0.563
 0.182
 0.770
 0.579
 0.706
-0.152
 0.482
 1.044
-0.353
 2.361
 2.726
 1.825
 2.587
 2.704
 0.955
 1.920
 0.770
 1.270
 2.260
 2.293
 2.838
 1.124
 1.041
 0.960
 1.178
 1.777
 2.019
 1.975
 2.370
 1.498
 1.859
 1.631
 0.436
-0.445
 1.013
 1.126
-0.354
 1.219
 0.952
 0.196
 0.118
 0.470
 0.170
-0.770
 0.533
 0.907
-0.527
 1.134
-0.340
-0.118
 0.635
 0.183
-0.005
-0.899
-1.365
-2.398
-1.220
-0.297
-0.020
-0.536
-0.333
-0.198
-0.037
-1.202
-1.447
 0.313
-0.883
-0.386
 0.396
 0.319
-0.054
-0.661
 0.924
-0.003
-0.152
 0.295
 0.387
-0.085
 1.188
 0.049
 1.588
 1.370
-0.167
-0.163
 0.778
 0.295
 1.074
 0.476
 0.493
 0.519
 0.622
-0.228
-0.097
 1.610
 1.563
 1.103
 1.536
 1.914
 3.804
 3.749
 3.060
 0.048
 1.680
 2.602
 1.330
-1.004
-1.031
 0.999
 0.919
 1.001
 0.556
 1.732
 0.857
-1.529
-0.394
 1.116
 1.753
 0.711
 2.054
 0.748
 0.419
 0.367
 0.677
 0.454
 1.754
-0.580
 0.196
 2.570
 1.701
-0.267
 0.348
-1.362
 1.597
-0.228
-0.035
 0.714
 2.062
 0.872
 2.192
 2.506
 1.964
 2.140
 0.740
 1.511
-0.340
 0.483
 2.525
 0.093
 1.183
 1.332
 0.653
 1.756
 0.131
 0.396
 0.012
-0.831
-0.424
-1.438
-0.606
-0.725
 0.964
-1.254
-1.364
-2.606
-0.469
-0.109
-0.414
-0.731
-0.538
-1.698
-0.422
 1.122
 0.494
-0.284
 0.558
-0.417
 0.341
-1.279
-0.537
-0.207
-1.052
 0.883
-0.728
 1.884
 0.072
-1.316
-0.755
-0.770
-0.963
-0.711
-0.651
-0.484
 0.261
-0.455
-0.556
-0.764
 0.436
 0.142
-0.075
 0.663
-0.344
-1.457
 0.953
-1.002
-0.022
-0.751
 0.173
-1.651
-0.236
 1.274
 0.931
 2.140
 1.664
 1.131
-0.124
 0.720
 1.491
 1.639
 1.301
 0.619
 2.330
 1.658
 1.259
-0.547
 1.063
 0.846
 0.149
 0.464
 1.210
-0.896
-1.074
-0.574
 1.695
-0.387
-0.372
-1.266
 0.456
 2.424
 0.788
-0.410
-0.342
 1.942
-0.393
-0.289
 0.260
-0.001
 0.131
-0.066
 1.022
 1.927
 1.839
-0.882
-1.084
-0.367
-1.693
-2.351
 0.315
-0.227
-1.298
-0.571
-0.686
-0.909
-1.528
-0.568
-0.103
 0.574
 1.169
 1.046
-0.728
 1.852
 0.271
 1.440
 1.355
-0.087
 2.796
 1.232
 0.116
 0.069
 0.597
 0.129
 0.222
 0.420
 0.649
 0.321
 0.553
-0.191
 1.305
 1.011
-0.630
 0.621
 0.722
 0.811
-0.025
-1.798
-0.869
-0.711
-0.782
 0.927
-1.090
-0.882
 2.665
 1.262
 1.155
 0.926
 2.263
 0.163
-0.651
-0.003
 0.761
-0.642
-1.155
-1.567
-0.424
-0.126
-1.042
-1.490
-1.623
-1.692
 0.396
-0.277
-0.403
-0.556
-0.087
-2.689
-0.150
 0.454
-0.391
 0.285
-0.253
-0.342
 1.058
 1.651
 1.256
-1.289
-0.648
-0.724
 0.121
 0.329
 0.147
-0.567
-0.655
-0.872
 0.194
-2.060
-1.606
-3.303
-1.181
 0.263
-0.251
-0.888
-0.049
-0.212
 0.759
 0.510
 1.109
 1.521
 0.623
 1.608
 1.203
 2.426
 1.200
 0.455
 0.717
 0.824
 1.295
 0.640
 0.469
 0.586
 0.283
-0.873
-0.351
 1.447
 0.270
-1.168
-1.598
-2.049
 2.134
 0.841
-0.197
 0.245
-0.795
 0.038
-1.035
 0.047
 0.061
 1.132
 0.212
 0.907
 2.431
-0.221
 0.460
 0.268
 1.782
 2.269
 0.614
 1.592
 0.536
-0.731
 0.378
-0.904
 1.223
-0.572
-0.356
-2.117
-1.106
-0.163
-1.340
 0.320
-1.721
-0.534
-1.045
-1.135
-0.368
 0.250
-0.939
-0.220
 0.619
-1.320
-1.188
-0.940
-0.180
 0.029
-0.547
-0.744
-0.533
-0.128
-0.646
-1.057
-1.879
-0.541
 0.258
-0.281
-0.312
-0.619
-2.553
-0.048
 0.230
 0.779
-0.180
-1.151
-1.692
-3.045
-0.026
-0.180
 1.129
 1.688
 0.187
 2.087
-0.961
-0.811
 0.257
-0.872
-0.062
-0.465
 2.054
 0.942
 0.924
 2.275
-1.164
 0.744
-0.535
 0.556
-0.450
-0.597
-0.429
-0.120
-1.277
-0.499
-0.164
-0.713
-0.048
 1.765
 0.481
 0.619
 1.110
-0.104
 0.638
 1.332
 1.422
 1.658
 0.627
 1.758
 0.785
-0.634
 0.305
 0.832
-0.961
-1.088
-1.338
-1.517
-1.485
-0.622
-0.915
-2.239
 0.048
 0.212
-1.180
-0.832
 0.464
 0.534
-0.755
-1.501
-0.810
 0.332
 0.513
 0.743
 1.036
 0.751
 0.468
-0.861
-1.054
 0.378
 0.160
 0.320
 0.711
 1.237
-0.728
-0.189
 0.204
 0.032
-0.321
-0.845
-0.516
 0.049
-0.423
 0.305
 0.556