-1.382
-1.770
-0.828
 0.489
 0.985
-1.457
-0.864
-0.102
 0.233
 0.232
-1.872
-0.691
-0.884
 0.059
 0.278
 0.436
 0.521
-0.816
-1.577
-1.825
-0.943
-0.295
 0.300
 0.501
 0.040
 0.474
-0.385
-0.419
-1.399
-0.294
-1.188
-0.441
 0.749
 0.643
-0.126
 1.228
 0.860
-0.271
 1.010
 0.635
 0.720
-0.219
-0.540
 0.854
 0.855
-0.795
 1.055
 1.174
 1.265
 0.997
 1.530
 0.917
-0.394
 0.962
 1.436
 1.091
 0.301
 0.214
-0.922
 0.016
 0.505
-0.224
 0.043
-0.967
-1.080
-0.089
-1.110
-0.084
-0.596
-0.371
 0.266
-0.642
-0.156
 1.971
 1.891
 1.238
-0.477
-0.957
 0.348
 0.491
 0.244
 0.620
 1.400
-0.299
-0.051
-0.546
 1.663
-0.150
 0.132
 0.105
-1.187
 0.183
 0.870
-0.328
-0.444
 0.370
-0.081
 0.431
-0.526
-0.815
-0.017
 0.678
-0.125
-0.032
-1.373
 0.102
 0.411
 0.590
 1.087
 0.226
 1.206
 2.101
-0.149
 1.113
 0.130
 0.717
-0.027
-0.483
 0.922
-0.460
 1.314
-0.078
-1.160
 0.314
 1.047
-0.461
 0.933
 1.519
 1.055
 0.302
-1.060
-0.215
-0.290
-0.812
 1.167
-0.467
-0.652
-0.066
-1.355
-1.468
 1.076
 0.850
 0.253
 0.272
-0.785
 0.053
-0.431
 0.687
-0.435
 0.302
 0.044
-0.130
-0.553
 1.277
-0.767
-0.748
-1.471
 0.269
-0.830
-0.614
-0.971
-0.292
-0.757
-0.313
 0.241
 0.975
 1.423
 1.309
 1.641
 1.668
 0.974
 0.100
-0.572
 0.312
 0.640
 0.409
-0.217
 0.061
 0.265
-0.998
-0.347
 0.525
 1.587
-0.077
 0.390
-0.724
-0.164
-0.004
 0.955
 0.460
 0.641
-0.056
-0.165
-0.451
 1.336
 0.235
 0.866
 0.130
-0.194
 1.046
-0.618
 1.191
 1.354
 1.361
 0.265
 0.725
-0.818
-0.790
-0.402
-1.863
-0.660
-0.739
-1.414
-1.532
-2.160
-1.846
-1.965
-1.298
 0.027
-1.461
-0.416
-1.390
-2.529
-0.826
 0.628
-1.149
-0.500
-1.650
-1.903
-0.981
-1.376
-0.826
 0.747
-1.827
-1.032
 0.003
 1.245
 1.347
 1.361
-0.285
 0.652
-0.226
 1.884
 1.609
 0.154
-0.839
-0.278
-1.086
-1.040
-0.846
-1.011
-0.489
 1.382
-1.430
-1.171
-0.829
-0.006
-0.632
 0.998
 1.607
-0.187
-0.191
-0.816
-0.041
 0.599
 0.058
-0.303
 0.595
 0.509
 0.513
-0.468
 0.114
 0.563
 1.216
-0.584
-0.515
 0.778
-0.419
-0.953
-0.445
 0.567
 0.437
-1.366
-1.976
-0.064
 0.248
 0.877
 0.506
 0.922
 0.080
 0.477
-0.171
-0.444
 0.517
-1.027
-0.082
 0.555
-0.671
-0.988
-0.353
-0.372
-1.795
-0.355
 0.254
 1.094
-1.066
 1.009
 1.942
 0.899
 1.391
-0.149
-0.416
 0.252
 0.237
 0.160
-2.127
 1.400
 0.761
 0.444
 0.574
 0.769
-0.466
-0.078
-1.351
 0.359
 0.380
 0.161
-0.831
 0.482
-0.132
 0.535
-0.444
 0.984
 0.784
 1.209
-0.370
 1.508
 1.448
 0.886
 1.390
 2.156
 0.106
 0.820
-0.611
 0.315
 1.049
 0.819
 2.430
 0.059
 0.526
-1.173
-0.604
-1.930
-0.761
-0.386
-1.239
 0.462
 0.550
 0.565
-0.100
-0.359
-0.479
 0.203
 0.161
 1.920
 1.435
 0.554
 0.976
 0.772
 2.149
 2.510
 1.499
 2.208
-0.493
-0.788
 1.722
-0.375
 0.549
 0.162
 0.272
 0.508
 0.655
 0.990
 1.955
 0.115
 1.138
 0.057
 0.808
-1.755
-0.687
-0.898
 0.458
 0.110
 0.403
 0.719
 2.140
 0.483
 0.647
 0.527
 1.205
-0.181
-0.742
 1.366
 1.113
 0.402
-0.228
 0.119
-0.903
 0.550
 0.217
 0.105
 0.196
 0.166
-2.245
-0.453
-0.815
-0.105
 0.811
-1.118
-0.346
-0.557
-0.469
 0.716
-0.376
 0.379
-1.035
 1.211
 0.489
-0.751
-2.192
-1.037
 0.485
 0.138
-0.658
 0.767
-0.678
 0.392
-0.685
-1.931
-0.302
-0.709
-0.527
-1.052
-1.552
-0.483
 0.334
-0.901
-1.849
 0.027
 0.593
 0.262
-0.533
 1.138
 1.004
 1.496
 0.814
 0.959
 1.478
 0.569
 0.482
 0.985
 0.661
 0.964
 1.172
 0.336
-0.381
 0.892
 0.256
 0.363
 0.873
 0.338
 0.037
-0.133
-0.117
-0.139
 0.910
 0.544
-0.677
-0.237
 0.157
-1.700
-0.569
-0.167
-0.562
-0.628
-0.885
 0.250
-0.970
-0.222
 0.314
 0.556
-0.731
-1.008
-0.044
 1.180
 0.530
 0.302
-0.181
 0.652
 1.474
 0.854
 0.719
 0.353
 0.551
 0.315
 1.127
-0.248
 0.416
 0.670
 1.355
-0.237
 0.567
 1.231
 0.377
 0.569
-0.183
-0.120
-0.069
 0.005
-0.543
 1.107
 0.806
 0.948
 0.178
 0.348
 0.513
 0.743
 0.540
-0.595
 0.333
 0.081
 0.404
-0.638
 0.465
-0.461
 1.116
 0.616
-1.143
 0.689
 0.946
 2.411
 1.430
 0.979
 1.987
 0.234
 1.626
 1.085
 0.245
 1.565
 1.321
 1.161
-0.921
 0.415
-1.375
 0.076
 0.864
 1.162
 2.332
 0.795
 1.030
 0.875
-1.384
 0.435
 0.005
 2.005
 1.117
 0.870
-0.150
 0.173
-0.704
-0.688
-0.263
-0.552
-0.020
-0.983
-0.649
-0.585
-1.332
 0.301
 0.956
 0.395
 0.372
 1.281
 0.743
 0.237
 0.710
 0.841
 0.626
 0.112
-1.064
-1.268
-0.268
-0.616
-0.046
-0.781
 0.131
-1.085
-0.480
-0.677
-1.637
-1.928
-0.696
-0.438
-0.377
-1.454
-1.058
 0.192
-0.677
 0.697
-1.701
-0.340
-0.158
-1.468
-0.089
 0.086
-0.470
-2.099
-0.852
 0.515
-0.757
 1.703
 1.221
 0.011
 1.441
-0.533
-0.542
 0.295
-1.409
-1.083
-0.267
 0.447
-0.002
-0.487
-0.037
-0.215
-0.332
 0.196
-0.067
 0.374
 0.153
 0.527
 0.415
-0.671
-0.939
-0.662
-0.980
-0.619
-0.088
 2.047
 0.543
 1.615
-0.320
 0.817
 0.016
-0.663
 0.955
 1.367
 1.304
-0.580
-1.168
 0.395
 0.190
 0.256
-0.149
-0.350
-1.144
-0.094
-0.031
-0.045
 1.012
 0.509
 1.509
 0.998
 0.659
-0.879
-0.226
 0.936
-0.677
-0.396
 1.303
-1.327
 0.299
-0.548
 1.376
 0.200
 1.227
 0.301
-0.036
-0.625
 2.023
 1.768
 0.808
-0.103
-0.110
-0.034
-0.465
 1.383
 0.729
 0.917
 1.873
 2.127
 2.497
-0.029
-1.106
-0.125
 0.776
 0.424
 0.109
 0.985
 1.700
 1.513
 1.096
 0.620
 0.137
-0.130
-0.118
-0.594
-0.608
-0.702
-0.295
 1.089
 0.662
-0.856
-0.218
-0.155
 0.276
 1.891
 1.295
 1.034
 0.153
-1.921
 0.022
 0.527
-0.393
 0.647
 0.869
 0.702
-0.264
-0.371
 0.927
 1.243
 2.502
 0.864
 0.501
 0.769
 0.973
 0.297
 0.569
 0.618
-0.707
 0.759
-0.052
 0.135
 0.671
-0.605
-1.904
-0.778
-0.428
-0.507
 0.077
 1.403
 1.416
-0.199
-0.495
-0.141
-0.138
 1.577
 1.959
 0.946
 0.345
-0.890
-2.327
-0.575
 0.033
 0.537
-0.197
-0.911
-1.998
-2.064
-1.936
-1.489
-1.659
-2.477
-0.066
-0.622
-1.874
-1.638
-0.052
 0.796
 0.326
 0.362
-0.184
 1.061
 0.314
 2.154
 1.898
 0.249
-1.091
-0.537
 0.071
 0.265
 0.055
 1.048
 1.174
 0.396
-1.144
-0.241
 0.530
-0.246
-0.372
 0.234
-0.589
 0.188
 0.727
-0.120
-0.634
 0.726
 0.619
 0.521
 1.177
 1.838
-0.508
 1.217
 0.420
 1.377
 0.734
 0.837
 0.182
 0.737
 1.202
 0.810
 1.489
 2.386
 0.788
 1.109
 1.288
-1.206
 1.219
 1.786
 2.300
 1.696
 1.434
 0.278
 1.405
-0.813
-0.364
-1.510
 0.241
 0.241
 0.652
-0.256
-0.573
 0.482
 0.995
 0.242
 0.427
-0.949
 1.550
 0.194
 1.163
 1.396
 1.472
 0.546
 2.354
 0.873
-1.059
 1.132
 0.505
 0.844
 2.126
 1.444
 1.617
 0.514
 1.364
 1.410
 0.067
 0.332
 1.469
 1.050
 0.328
 0.348
 0.767
 0.914
 1.219
-0.237
 0.540
 1.520
 0.622
-0.004
 1.617
-1.157
 0.411
 0.767
-1.469
-0.442
-0.327
 0.371
 0.519
-0.050
 0.319
 0.691
-0.248
 0.957
 1.626
 1.762
 0.374
 0.870
 2.213
 0.240
 0.988
 0.443
-0.151
-0.366
-0.871
 0.571
 0.507
 1.545
-0.390
-0.078
-0.051
 0.311
 1.475
-1.122
-0.335
 0.887
 2.259
 1.333
-0.420
 0.458
 0.348
 0.600
-0.431
 0.438
 0.702
 0.599
 1.463
-0.580
-1.179
-0.946
-0.355
-0.741
 0.045
-0.314
 0.731
-0.542
-0.854
-0.767
 0.672
-1.029
-0.311
-1.325
 0.628
 1.610
 0.635
-0.417
-1.390
-0.453
-0.026
-0.311
-1.156
 1.078
-0.207
 0.657
 1.904
 0.186
 0.326
 1.396
 0.109
 0.287
-0.769
-0.911
-0.870
-0.195
-1.557
-0.354
-0.268
 0.326
 1.676
 0.335
 0.668
-0.001
-1.535
 0.097
-0.468
 1.614
 0.337
 0.756
 1.180
-0.065
 0.384
-0.137
-0.269
-0.359
 0.142
-0.018
-1.002
 0.683
 0.403
-0.541
 0.698
 2.256
 2.058
 2.013
 1.768
 1.298
-1.092
-0.380
 0.901
 1.304
 0.889
 0.243
-0.153
-1.622
 0.209
 0.232
 0.320
-0.120
 0.677
-0.439
 0.220
 0.187
 0.772
-0.237
-0.673
 1.997
 0.060
 1.354
 0.111
-0.110
-0.377
 0.316
 0.133
-0.749
 0.520
 0.295
-0.805
-0.296
-1.208
-0.321
 0.922
-0.921
 0.641
 1.271
-1.149
 0.625
-1.564
-0.005
-0.688
-0.775
-0.690
-0.235
 0.498
-0.327
 0.163
 0.191
 0.407
 1.567
-0.125
 1.965
 0.838
-0.394
 0.389
 0.384
 0.695
-0.116
 1.636
-0.800
-0.276
 0.733
 0.219
-0.670
-0.623
-0.880
-0.170
-0.262
-0.931
 0.053
 0.435
-0.933
-0.455
-0.906
-0.467
-0.004
 0.217
 0.341
-0.465
 0.195
 1.130
 2.033
 1.167
 0.800
-0.371
-0.599
-0.571
-1.246
-1.030
 0.489
 0.420
 1.245
 1.200
 1.271
 0.276
-1.648
-0.019
-0.369
 1.635
 0.625
-0.203
-0.220
-0.263
-0.503
-1.205
 0.059
-0.914
-1.828
 0.392
 0.409
 0.588
 1.080
-0.365
 1.744
-0.268
 0.029
 0.202
-0.282
-0.094
-0.720
 0.134
 3.100
 1.196
 0.900
 0.733
 1.600
-0.256
 0.967
 0.421
-0.467
 1.258
 0.727
 0.301
 0.505
-0.361
-0.604
-1.360
-0.702
-0.673
 0.695
 0.700
 1.794
 0.036
-0.184
 1.179
-0.363
 1.416
 1.336
-0.627
 0.049
 0.730
 1.116
-0.584
-1.150
 0.112
-1.554
 0.246
-0.841
-0.757
-0.349
-0.722
-2.599
-1.306
-0.690
-0.153
-0.504
-1.402
-1.093
-0.983
-2.474
-2.320
-1.923
-2.911
-1.860
-1.867
-2.329
-2.410
-1.804
-1.968
-1.182
-2.076
-0.873
-0.053
 0.088
 0.512
-1.107
-1.435
-0.991
-0.672
-0.042
 0.141
 0.465
-1.187
 0.594
-0.394
-0.544
-0.670
 0.123
-1.336
-0.245
-1.486
-0.268
-0.323
-0.991
-0.649
-1.395
-0.655
-0.461
-1.348
-2.445
-2.278
-1.938
-1.692
-1.618
-2.125
-2.542
-3.224
-1.203
-2.054
-0.491
 0.654
 1.400
 0.892
 1.211
 0.836
 0.084
-1.337
-1.591
-1.652
-1.139
-0.388
-0.197
-1.624
-2.718
-0.107
-0.470
-2.325
-2.317
-1.482
-0.854
 0.462
-0.412
 0.551
-0.924
-0.638
 1.044
 0.005
 0.533
-0.738
 1.246
 0.488
 0.223
-0.144
-0.349
 0.617
 0.355
-0.165
 1.513
 1.167
 0.450
-0.185
 0.131
-1.206
 1.198
-0.187
-0.315
-0.297
-1.375
-0.410
-0.069
 0.237
-0.082
 0.047
 0.675
-0.136
 1.160
 0.351
-0.178
-0.371
-1.436
-0.034
 0.255
-0.529
-1.685
-1.211
-1.213
-0.581
 0.029
 0.791
-0.241
 0.263
 0.088
 1.029
-1.013
-1.774
-0.770
-0.576
-1.769
-2.748
-2.800
-1.951
-0.485
-1.399
-1.867
-1.840
-2.072
-1.568
-1.479
-0.261
 0.996
-0.771
-1.774
-2.756
 0.083
 0.816
-0.351
-0.725
 0.318
 0.274
 0.222
 0.590
 0.059
 0.632
-0.427
-0.865
-0.344
-0.320
-0.783
-1.004
-1.363
 0.058
-0.958
-0.171
 0.696
-0.543
 0.926
 0.463
 0.685
 0.292
-1.292
 0.776
 0.063
-0.784
-0.095
-1.175
-1.597
-0.296
-0.274
-0.706
-0.750
 0.511
-0.666
 1.313
 0.559
 0.128
-0.376
-0.523
-2.153
-2.173
-0.201
 1.477
-0.417
-1.317
-0.369
-0.756
-1.706
-1.327
 0.036
-0.923
 0.325
-0.356
-0.744
-1.226
 0.045
-0.988
-1.141
-0.886
-0.461
-2.492
-0.103
-0.217
-1.483
-0.859
-1.511
-1.617
-1.161
-1.209
-0.841
-2.275
-0.398
-0.851
-0.219
 0.779
-2.021
-3.086
-1.756
-1.103
-2.331
-1.458
-0.746
-0.180
-1.321
 0.839
 0.178
 1.013
 1.033
 0.899
 1.185
 0.744
 0.499
-0.061
 0.264
 0.676
 0.666
-0.093
 0.563
 0.537
-0.961
-1.833
-2.105
-1.669
 0.222
 0.399
 0.777
 0.391
-1.108
-1.101
-0.624
-0.580
-0.981
 0.123
-1.124
-2.227
-1.800
-0.132
 0.280
-1.442
 1.352
-0.884
-0.353
-0.165
-0.677
 0.048
 1.445
 2.226
 0.276
 0.197
-1.288
-0.832
-0.525
-0.910
 1.106
-0.638
 0.587
 0.213
-0.254
-0.872
-1.330
-1.642
 0.361
 0.672
-0.555
 0.589
-0.668
-0.205
-0.148
-2.110
-0.088
-0.737
-0.527
 0.881
 2.291
-0.350
-0.717
-0.633
 0.064
 1.602
-0.145
-0.516
-0.553
 0.525
-0.213
-0.811
-0.988
-0.619
-0.028
 1.252
 1.800
 0.986
-0.261
-0.025
-1.862
 2.259
 0.721
 0.432
 0.201
 2.070
-0.509
-1.314
-0.904
-0.833
-0.240
-0.785
-0.597
-1.179
-1.051
-1.406
-0.947
-0.534
-0.139
 0.452
-0.922
 0.103
 0.333
 0.228
-0.296
 0.276
 0.188
-0.240
 0.299
-1.271
-0.450
-0.950
 0.509
 1.029
 1.805
 1.557
 1.428
 0.929
 0.689
 0.325
 1.738
 1.553
 1.974
-0.597
-0.109
 1.736
 1.612
 1.445
-0.298
 0.116
 0.306
-0.555
-0.140
 0.154
 0.563
-0.556
 0.401
 0.969
 1.588
 2.451
 1.575
 1.058
 0.866
 2.066
 0.588
 1.822
 1.373
 1.419
 2.447
 1.541
 0.732
 0.731
 2.077
 2.235
 0.290
 0.625
 0.061
 1.078
 0.449
 0.034
 2.100
 1.464
 1.277
 0.970
 1.190
 0.226
 0.870
 1.325
 2.235
 0.904
 0.809
-0.103
 0.139
-1.369
-0.858
 0.580
 0.451
 0.343
 0.086
-1.074
-1.180
-0.863
-0.992
-0.250
-0.170
 0.556
-0.032
 0.535
 1.191
 0.655
-0.168
-0.042
 1.186
 0.993
-0.455
 0.325
 1.178
 0.664
-0.369
-0.078
-0.474
 0.966
 0.367
 0.332
 0.446
-2.016
-0.225
 0.443
 0.483
-0.601
 0.814
-0.614
 0.064
-0.355
 0.851
 0.598
 0.522
 0.724
-0.155
-0.899
-1.322
-1.713
-0.269
 0.983
 0.435
 0.999
-0.260
-0.336
 1.018
 0.154
-0.622
 0.407
 0.013
-1.431
-0.867
-0.749
-0.258
-0.999
-0.687
-0.523
-0.412
 0.977
-1.096
-0.006
-0.374
-0.128
-0.733
-0.496
 0.779
 1.650
 2.068
 3.519
-0.177
 1.040
 0.523
 1.411
 1.273
 1.717
 0.879
 0.706
 1.068
-1.398
-0.505
-0.761
 1.578
 0.836
-0.155
 1.510
 1.435
 0.645
 1.096
 0.576
-0.532
-0.591
-0.474
 0.606
-1.536
-2.009
-1.141
-1.520
-0.231
-0.267
-0.218
-0.958
-0.851
-1.977
-0.721
-0.736
 1.484
-0.643
-0.020
-0.194
-0.123
 0.239
 0.088
-0.614
-1.896
 0.946
-0.493
-0.978
-0.398
-1.435
-1.896
-0.467
-1.701
 0.577
-0.654
-0.346
-2.606
-2.042
-0.933
 0.234
-1.518
-1.198
-0.199
 0.834
-0.717
-1.458
-1.150
 0.199
-0.529
 0.082
 1.620
 0.725
 1.301
 1.079
-0.243
-0.459
 0.838
 0.428
 0.781
-0.025
 0.191
 2.196
 2.061
 1.704
 1.188
 2.421
 0.986
 0.025
 1.975
 0.040
 1.546
 1.153
 0.163
-0.495
 0.832
 1.261
 1.233
-1.394
 1.151
 0.875
 0.107
 0.622
 1.197
 1.263
 1.524
 0.570
 0.613
-0.263
-0.064
 0.509
 1.615
 0.588
 2.332
 0.083
 1.470
 0.528
 0.096
-0.875
-0.413
-0.682
-0.564
 1.621
 0.625
-1.535
-0.874
-0.737
-1.507
-0.961
 2.224
 0.143
 0.914
 0.938
 0.834
 2.297
 1.069
 0.825
 1.717
 1.786
 0.121
 0.403
 0.184
 0.255
-1.526
-0.895
 0.316
-0.467
-0.070
-0.888
 3.055
 1.974
 0.405
 0.203
-0.653
-0.362
 0.394
 1.185
 0.388
 0.185
 0.456
-0.392
-0.181
-0.102
-0.303
 0.725
 0.320
-0.611
-0.091
-0.515
 0.007
 0.179
-0.872
-0.505
-1.699
-1.678
-0.548
-0.448
 0.118
 0.118
-0.623
 0.019
-0.973
-0.455
 0.292
-1.153
-0.959
 0.065
-0.467
-1.441
 0.100
-1.293
 0.177
-0.326
-0.078
 0.365
-0.557
-2.192
-0.825
-0.123
-0.555
-0.049
-0.588
-0.299
-0.435
 1.861
-0.176
-1.275
-1.230
 0.466
-0.120
-0.064
-0.951
-0.974
-0.552
 1.186
 0.567
-0.417
 1.439
-0.996
 0.146
-0.001
-0.815
-2.029
-0.799
-0.068
 1.224
 0.368
 0.356
 0.346
 0.546
 0.341
 0.911
 1.922
-0.282
-0.070
-1.112
 0.924
-0.501
 0.488
 0.504
 0.465
 0.553
-0.477
 0.069
-0.358
 0.377
-0.020
 0.244
-0.427
 1.430
 0.286
 0.064
 1.256
 0.342
 0.680
 1.163
 0.826
 2.158
 1.587
 0.543
 1.694
 2.381
 2.335
 0.595
 0.742
 1.298
 1.170
 0.766
 0.654
 0.934
 1.284
 1.064
 0.883
 1.051
 0.999
 0.361
-1.424
 0.330
-0.132
 0.698
 0.380
 0.885
 0.175
 1.405
 1.563
 0.791
 0.796
 0.326
 0.608
 1.469
 2.294
 0.848
-1.015
 0.458
 1.325
-0.244
-0.821
 0.632
 0.598
 1.057
 0.394
 0.502
 1.074
 0.171
 1.983
-0.037
-0.081
 1.096
 0.634
-1.287
-1.560
-0.697
-0.056
 0.608
-0.767
 0.064
-0.031
-0.191
 1.403
 1.079
 0.399
 1.065
 0.526
 0.992
-0.474
 0.045
 2.029
 2.544
 1.722
-0.515
 2.257
 2.198
 0.671
 0.950
 1.676
 1.885
-1.147
 0.045
 1.191
-0.162
-0.499
 0.521
-0.015
 0.264
 0.439
-0.097
-0.629
-0.600
-0.243
 1.096
-0.159
-0.488
-0.625
 0.637
-0.459
 1.204
 0.856
-0.703
 0.070
 0.742
 0.477
-0.310
 0.298
 0.206
-0.163
-0.412
-0.022
 0.275
 0.002
 0.534
 0.342
 0.498
-0.249
-0.713
 0.956
 0.116
 1.644
 0.017
 0.775
 2.030
 0.896
 1.021
 0.385
 0.200
 1.986
 1.047
 0.894
-1.301
-0.321
 0.313
-0.377
-0.214
-0.392
 1.128
-0.651
 1.976
 1.126
-0.845
 1.311
 2.091
 0.478
 1.102
-0.376
-0.199
 0.054
-0.804
-0.161
-1.139
 0.371
-1.128
 0.199
-0.296
-0.344
 0.567
 0.412
 0.162
-0.025
-0.318
 0.588
 0.011
-0.139
 0.247
-1.098
-0.704
 0.316
 0.640
-0.277
-0.592
-1.100
-1.258
-1.934
-0.208
-0.366
 0.726
 0.246
 0.628
-2.027
 0.293
-0.042
-0.331
-0.466
-0.688
 0.737
 0.410
 0.360
-0.136
-0.932
 1.379
 0.421
-0.321
 0.276
 0.525
 0.415
 0.635
-0.847
-1.454
 0.237
-1.103
-0.129
-0.328
 0.444
 1.842
 0.844
 1.195
-0.358
 0.052
-2.061
 0.267
-0.653
 1.265
-1.230
 0.976
 0.583
-1.565
-1.535
-0.889
-0.960
 0.032
 1.117
-0.399
-0.296
 0.030
 0.023
 1.320
-0.251
-0.927
 0.764
-0.645
-0.526
 0.847
 1.751
 0.462
-1.415
 0.487
 1.412
 0.849
-0.403
-0.330
-0.287
-0.425
 1.005
 0.782
 1.163
-1.535
-0.676
-0.647
-1.851
-0.320
 0.076
 1.180
 1.308
 0.635
 0.185
 0.970
 2.174
 1.576
 0.882
 1.134
-0.844
-0.917
-0.655
-0.880
-1.820
-0.786
 0.014
-0.205
-2.203
-0.471
-2.273
-0.106
-0.954
-0.995
-2.048
 0.630
-0.984
-0.874
-0.601
-0.365
-0.511
-0.442
 0.358
-0.367
-1.464
-0.985
 0.008
-1.284
-1.816
 0.050
-0.007
 0.806
 1.371
 0.749
-0.316
 0.556
-1.228
 0.087
-0.120
 0.842
 0.665
 1.014
 1.996
-0.265
 0.075
-0.288
 0.749
 0.454
-0.608
 1.345
-0.775
-0.081
 0.445
 1.527
 0.847
 0.726
-1.003
 0.071
-0.466
 0.138
 0.700
 0.054
 1.647
-0.423
 0.826
 0.727
 0.150
 0.240
 0.002
-1.093
 0.880
 0.458
-0.552
-1.112
-1.731
 0.799
 0.865
 0.350
 0.185
-1.124
-0.210
 1.063
-0.950
-0.692
-0.778
 0.111
 0.562
-0.865
 0.534
 0.246
 1.103
 1.088
 0.125
 0.710
 0.836
-0.455
 0.105
-0.213
-1.458
-0.545
 1.636
 0.184
-1.220
-0.854
-0.775
 1.292
 0.712
 1.056
-0.302
-1.158
 0.369
-0.360
 0.457
 0.775
-1.519
 0.603
 0.481
-0.236
-1.070
 0.789
 0.167
 0.436
 0.919
 0.282
 0.116
 0.821
-0.560
 1.412
 0.815
-0.870
 0.168
 0.909
-0.144
 0.332
-0.417
 1.442
 0.834
 0.882
-1.255
-0.856
-0.870
-0.879
-0.649
 0.333
 0.077
 1.511
 0.796
 0.000
 0.082
 0.042
-0.191
 0.450
 1.859
 0.711
 0.468
 0.021
-0.699
 1.916
 1.102
 0.344
-0.754
 1.218
 1.028
 0.212
 1.514
 0.568
-0.269
-1.469
-1.509
-0.803
 0.432
 1.710
 0.818
 0.381
-0.227
 1.634
-1.366
-0.275
 0.226
-0.510
-0.132
-0.095
 0.364
 0.204
-0.306
 0.772
 0.750
 0.069
 0.430
-0.439
 2.112
 1.170
-0.253
 0.014
-0.433
 0.996
 0.761
-0.814
 0.224
-0.319
 0.740
-0.064
-0.014
 1.086
-0.296
 1.067
-0.138
-0.740
-1.584
-0.330
 0.475
 0.791
 0.033
 0.160
-1.480
-0.554
-0.897
 1.730
 1.866
 1.225
 1.022
 1.059
 0.822
 0.017
 0.534
 0.322
 1.631
 0.119
 1.095
-0.337
 0.148
-1.429
-0.230
 1.339
 0.334
 0.294
-0.793
-0.510
-0.101
-0.233
 0.404
 1.129
 0.546
-0.203
-0.097
-0.458
-0.348
 0.345
-0.762
-0.523
-1.442
-1.547
-0.545
-0.083
 0.362
-0.054
 0.047
 0.411
 0.122
-0.748
 0.511
 0.162
 0.642
 0.929
 1.478
 0.398
 1.039
 0.856
-0.251
 0.003
 0.305
-0.112
-1.991
 0.340
-1.368
-1.854
-1.445
-0.108
-1.800
-0.349
-1.114
-2.021
-1.342
-1.873
-1.791
-1.418
-0.810
-0.962
-1.346
-0.849
-0.876
-0.497
-0.124
 0.659
-0.738
-0.157
-0.143
 0.660
 0.586
 0.640
 1.493
 1.570
 1.497
 1.484
-0.076
 0.594
 0.388
 2.121
 0.960
 1.399
-0.565
-0.011
 2.470
 0.479
 0.693
 1.620
 0.877
 1.248
 2.041
 2.374
 0.664
 0.192
 0.208
 2.057
 1.718
 0.782
 0.125
 1.187
 1.458
 1.437
 1.939
 0.934
 0.855
 1.092
-0.669
 0.677
 0.614
 0.031
 1.061
 0.438
 1.792
 1.091
 0.584
 0.119
 0.661
 1.668
 0.059
-1.158
 0.505
 0.635
 2.512
-0.630
-1.456
 1.087
-0.878
-0.438
 0.019
-1.009
 0.959
 0.885
-0.997
 0.633
 0.190
 1.705
 0.306
 0.174
 0.200
 0.564
 0.875
-0.042
 0.741
 1.445
 0.547
-0.056
-0.879
 0.766
-1.139
-0.666
-1.351
 1.271
 1.420
 1.130
 0.398
 2.019
 1.400
 1.831
 0.609
-1.141
 0.034
 0.420
 0.721
 0.981
 1.214
 0.202
-1.037
-1.034
 0.146
 0.116
 0.829
 1.332
-0.705
-1.087
-0.381
 0.816
 0.440
 0.558
-0.451
 0.375
 0.501
-0.403
 0.840
 0.202
-0.243
-0.195
-0.532
-0.779
 0.523
 0.272
 0.895
-0.089
 1.024
 1.050
 1.827
 1.291
 2.197
 2.005
 1.239
 0.274
 0.504
 0.830
 1.468
 2.177
 1.077
 0.629
 1.087
-0.094
 0.233
 0.781
 1.241
-0.312
 0.283
 1.791
 1.064
 1.273
 1.375
-1.121
 1.405
 1.122
 0.115
 0.165
-0.113
 0.880
 1.605
-0.011
-0.053
-0.178
 0.156
-0.460
-1.116
-1.376
 0.872
 0.482
 1.081
-0.155
 0.187
-0.155
-0.721
 0.781
 0.838
 1.419
-0.277
 0.297
 0.660
 1.174
 1.266
 1.057
 0.818
-0.218
 0.162
 0.421
-0.084
-1.325
 0.654
 0.279
-0.897
 0.401
-0.630
-0.011
-0.683
-0.877
 1.772
 0.819
 0.930
-0.175
 0.021
 0.786
 0.715
-0.881
 0.057
-1.598
-0.790
-0.273
-0.564
-0.344
 0.088
 0.891
-0.163
 1.130
 1.876
 0.374
-0.635
 1.276
 0.827
-0.263
-0.166
-1.257
-0.642
 0.167
-0.313
 0.420
-0.727
-0.613
-0.769
-0.292
-0.224
 0.058
-0.015
-0.080
-0.814
 0.385
 0.862
 0.297
-0.647
 0.387
-0.006
 0.947
 0.831
 0.793
 0.103
 1.930
 1.621
 0.517
-0.142
 0.798
-0.662
 0.160
 0.191
 0.363
-1.000
-0.525
 1.680
 1.028
 0.855
 2.640
 2.123
 0.059
-0.911
 0.249
-0.605
-0.992
 0.943
 0.563
 0.986
-1.016
-0.247
 0.498
-0.169
-0.075
 0.034
 0.132
 1.551
 1.307
 1.787
 1.339
 2.644
 2.037
 1.671
 0.695
 0.695
 1.574
 2.109
 2.244
 0.923
 1.240
 1.231
 0.160
 0.432
 0.361
-0.192
-0.536
 1.712
 1.306
 1.254
 2.588
 2.189
 1.449
-0.042
 0.482
-0.429
 1.330
 0.452
 0.548
-0.881
-0.183
-0.002
-0.043
-1.116
-0.286
-0.328
-0.511
 0.583
 0.657
 0.672
-0.314
-0.721
 0.269
 1.290
 0.154
-0.475
-0.447
-1.228
-1.203
 0.351
 1.421
 0.087
-0.220
 1.424
-0.431
-0.684
-0.920
-0.231
-0.048
-0.606
 1.267
-1.103
 0.259
-0.589
-0.554
 0.002
 1.041
 0.527
-0.337
-0.350
-1.606
-1.253
-0.899
-0.933
-0.420
 0.282
-1.293
-0.149
-0.207
 0.000
-1.828
-0.351
 0.057
 0.885
 0.525
 0.269
 0.032
-0.117
-0.464
-1.249
 0.959
 0.550
 2.720
 0.223
 1.436
 0.370
 1.804
 2.333
 0.809
 0.587
 0.093
 0.798
 0.283
 0.344
-0.771
 0.076
 0.002
 0.113
-0.021
 0.601
 0.147
 0.244
 0.807
 0.221
 0.945
 1.393
 1.301
 0.977
-1.810
 0.831
 0.897
 1.157
-0.761
 1.741
 0.317
 0.417
 1.661
 0.963
 1.143
 2.306
 1.614
 1.627
 1.973
 0.319
 2.738
 0.648
 0.445
 0.017
-0.787
-0.291
-0.501
 0.585
-0.915
 1.403
 0.889
-1.387
 0.380
 1.482
 0.200
 0.011
-0.325
 0.432
 0.663
 1.440
-0.286
 0.461
-0.945
-1.268
 0.817
-0.252
 0.579
 0.752
-0.403
-0.158
 1.751
 1.507
-1.063
-0.520
 0.176
 0.629
 1.405
-0.311
 0.274
 1.527
-0.507
-0.104
 0.392
-0.261
-1.012
 0.671
 0.237
-1.200
 0.219
-0.681
-1.436
 0.151
-0.053
-0.286
-1.317
-1.113
-0.670
 0.039
 0.313
 0.312
 0.475
 1.412
-0.073
 0.872
 1.071
-0.086
 0.955
 1.562
 0.251
 1.066
-0.263
 0.322
 1.702
 0.944
 0.924
 0.893
-0.358
 0.205
-0.898
 0.635
 0.298
-0.662
 0.933
-0.127
 0.150
 0.027
 1.081
 1.393
 1.556
-0.416
 0.067
 1.297
 0.227
-0.114
-0.902
-0.270
 0.258
-0.182
 0.004
 0.629
 1.360
 0.175
 0.950
 1.365
 1.818
 0.811
 0.130
 1.205
-0.667
 0.431
-0.109
-1.312
 0.658
 0.375
 0.025
 0.707
-0.413
 0.336
 0.704
 1.157
-0.706
 0.293
-0.934
 0.833
-0.504
 0.342
-0.010
 0.121
 2.439
 2.523
-0.267
-0.917
-0.670
-0.453
 0.312
-0.888
-0.593
 0.370
-0.154
 0.256
-0.492
-0.879
-1.469
-0.947
 0.891
 0.629
 2.710
 0.386
-1.285
 0.206
 0.021
-0.530
-1.528
 0.227
 0.137
 0.971
-0.588
 0.672
 0.629
 0.009
 0.182
-2.304
 0.985
 0.090
-1.169
 0.497
-0.831
-0.507
-0.439
 1.321
 1.129
 1.444
 1.857
 1.821
-0.173
 1.856
 0.868
-0.307
-0.585
 0.417
 1.300
 0.433
-1.218
 0.951
 0.740
-0.229
 1.823
 0.748
 0.611
 0.365
-0.476
 0.449
-0.583
 0.975
 0.617
 0.629
-0.138
 1.234
 0.682
-0.412
 1.712
 0.376
-0.344
 0.206
-0.515
 1.689
 0.020
 1.346
-0.096
 1.095
-0.572
 0.058
-0.032
 0.267
 1.518
 1.577
-0.127
 0.458
 0.210
 1.590
 1.185
 1.483
 1.002
 1.282
 0.023
-1.012
 0.220
 0.567
 0.338
 0.492
-1.338
-0.439
 0.767
 1.411
 1.273
 1.025
 0.446
 0.934
 1.644
 1.725
 1.274
 1.757
 0.328
 1.659
 0.506
-0.102
 0.082
 0.244
 0.498
-0.797
 0.253
 0.147
-0.345
-0.988
-0.081
 1.776
-0.725
-0.592
-1.320
-1.127
-0.802
 0.211
 1.177
-0.056
 0.445
-0.512
-0.370
-0.610
 0.633
 0.482
 0.126
-0.493
 0.558
 1.146
 1.584
 1.770
 0.983
 2.406
 1.660
-1.121
 1.047
 0.064
-0.271
-1.521
-0.444
 0.204
-0.316
 0.429
-0.857
-0.194
-0.099
-1.542
-0.783
 0.080
 0.113
 0.944
 0.617
 0.344
 0.024
-0.253
 0.034
 0.822
 1.096
 0.640
-0.234
-0.533
 0.178
 0.518
 0.843
 2.210
 0.973
-0.057
 0.089
-0.783
 0.254
 0.813
 0.432
-1.269
 1.425
 1.129
 0.847
-0.357
-0.382
 0.971
 0.158
 0.600
 1.861
 0.668
 1.741
 1.793
 2.201
 3.016
 1.677
 1.230
 1.555
 0.461
 0.891
 0.517
 0.521
 1.731
 1.342
-0.566
-0.136
 0.756
 1.126
 0.623
 1.138
 1.198
-0.522
 0.614
 0.077
-0.062
-0.117
 0.783
 0.148
 0.337
 0.850
-0.563
 0.991
 2.230
 1.281
 1.186
 1.569
 1.911
 0.691
 1.726
 2.316
 1.410
 1.857
 0.461
 1.468
 0.423
 1.005
 2.053
 0.713
 1.980
 1.076
 0.269
 2.136
 1.684
-0.646
-0.614
 1.255
 2.228
 1.491
 1.319
 0.758
 0.400
 0.453
 0.597
 1.603
 0.470
 0.664
 2.170
 1.539
-0.131
 0.845
 1.180
 0.730
-0.156
 1.315
 1.279
 0.743
-0.265
-0.660
 0.621
 1.916
 1.737
 1.864
 1.875
 1.880
 2.061
 2.050
 1.604
 0.949
-0.665
 0.412
 0.614
-0.558
 0.041
-0.468
-0.031
 1.364
 1.354
-0.956
 0.003
 0.114
 0.566
 0.191
 0.655
 0.017
-0.251
-1.132
-0.309
-0.418
 1.655
 2.030
 1.270
-0.235
 0.350
 1.041
 2.526
 0.357
-0.159
 0.508
 0.214
-0.339
 0.402
 1.676
 0.100
-0.477
 0.255
 0.095
-0.407
 1.507
-0.079
-0.780
 0.339
 0.559
 0.690
 2.277
 1.302
 1.840
-0.050
-0.717
-0.452
 1.100
 2.211
 1.529
 2.176
 1.275
 1.980
 1.290
 1.371
 1.109
 0.048
-0.062
 1.325
 1.350
-0.482
-0.287
 1.044
 1.513
 1.257
 0.943
 0.812
 1.433
-0.332
 1.186
 1.000
 1.565
-1.108
 0.828
 0.505
 1.139
-0.172
 0.842
 0.358
-0.038
 1.521
 2.730
 1.810
 0.695
 1.884
 0.549
 1.255
 3.080
 1.351
 2.714
 1.247
 2.392
 1.888
 1.228
 2.693
 0.717
-0.082
-1.235
-1.396
-1.107
-0.722
 0.281
-1.017
 1.592
-0.224
 1.687
 1.186
 0.784
 0.824
 1.169
 1.460
 1.668
 1.373
 1.487
 2.741
 2.430
 2.474
 1.896
 2.548
 0.322
-0.249
 0.544
 1.549
-0.205
 2.066
 0.587
-1.403
 0.501
-0.455
-0.802
 0.565
 0.553
 0.694
 1.981
 1.405
 1.464
 1.648
 1.637
 1.443
 2.890
 2.839
 2.748
 1.836
 2.257
 2.502
 1.384
 1.083
 2.813
 1.573
 0.881
 1.003
 1.767
 0.636
 0.918
 0.539
-0.760
-1.356
 0.381
 0.769
-0.555
-0.065
 0.669
 0.121
-0.438
-0.661
-0.689
-0.307
 1.156
 0.928
 0.681
 0.754
 2.094
 0.966
 0.584
 0.262
 0.990
 2.533
 1.006
 1.333
 1.549
-0.191
 0.349
-1.195
 0.231
 0.258
 0.874
 1.581
 0.752
 1.619
 1.342
 2.403
 1.084
 1.641
-0.338
 0.667
-0.918
 0.739
 0.551
 0.984
 1.520
 0.375
 0.246
-0.233
 0.368
 0.753
-0.211
 0.901
-0.181
-0.052
 1.139
 0.566
 1.938
 1.332
 0.642
 1.294
 1.106
-0.190
 1.252
 1.118
 2.583
 2.085
 1.662
 1.668
 2.418
 1.433
 0.902
 0.488
-1.323
-0.354
 0.127
 0.029
 0.699
-0.106
 0.113
 0.775
-1.225
-0.638
-1.110
-0.272
-0.945
 0.328
-0.413
 0.064
 0.554
 0.385
 0.005
-0.146
-0.188
-0.469
-0.401
-0.346
 0.273
-0.610
 1.273
-0.612
-0.092
 0.718
-0.010
 0.581
 0.510
-0.547
-0.461
 0.969
-0.097
 1.221
 1.307
 0.707
-1.577
-0.606
 0.691
 0.996
 1.114
 1.602
 1.225
 0.087
 0.592
 0.079
-0.237
-0.159
 1.087
-0.196
-0.910
-0.191
-0.344
-1.289
-1.787
-0.480
-0.433
-0.193
 0.632
 2.564
-1.009
 0.340
 0.552
 0.031
-1.597
-0.513
-0.058
 1.093
-1.032
-0.769
-1.147
-0.697
 1.248
 0.452
 0.808
 1.331
 0.177
-0.948
 0.327
-0.040
 1.918
 0.612
 1.128
 2.254
 0.563
 1.248
 2.099
 1.705
-0.284
 0.123
 1.965
 2.057
 0.339
-0.627
-0.394
 0.932
 0.446
 1.189
 1.643
-0.266
 0.283
 1.510
-0.677
 0.829
 0.169
-0.189
-0.261
 0.261
-0.162
 0.005
 0.344
-0.672
 1.341
 0.342
 0.196
 1.219
 0.781
 2.549
 0.691
 1.650
 1.011
 0.519
 0.126
-0.377
 0.607
 0.117
 1.076
 1.759
-0.004
 0.691
-0.652
 0.152
 1.182
-0.524
-0.132
-0.696
-0.591
 1.171
 0.680
-1.228
-0.373
-0.892
-1.272
-1.877
-0.015
 1.288
 0.105
-0.066
-1.161
-0.268
-1.838
-0.885
-1.773
 0.424
-0.708
-1.384
 0.616
 0.982
-0.751
 0.850
 1.222
 0.010
 0.706
 1.081
 0.581
 1.341
 0.795
 1.393
-0.615
 1.669
 1.528
 2.230
 1.967
 1.252
 0.120
 2.107
 1.169
 1.218
-0.509
 0.460
-0.763
 0.093
 0.647
-0.326
-0.216
 0.432
 0.187
-1.297
 0.320
 0.841
 1.569
 1.764
-0.994
 1.073
-0.585
 0.310
 0.467
-0.060
-0.629
-0.074
 0.721
-0.618
 2.270
 0.718
 1.552
 1.605
 0.128
 1.098
 0.877
 2.105
 1.273
 0.884
 0.566
-0.468
 0.831
 0.656
 2.197
 0.482
 1.180
-0.181
 0.644
-0.288
 0.634
 0.464
 0.261
 1.448
 0.549
 0.701
 0.582
-0.267
-0.144
-0.841
 0.377
 0.985
 1.531
 1.158
 0.904
-0.230
 1.350
-0.129
 0.813
-0.267
-0.200
 0.103
-0.132
 0.123
 0.368
-0.026
 0.379
 1.413
 0.344
 0.093
 1.184
 0.768
 0.311
 0.699
 1.122
 1.633
 0.628
 0.801
 1.721
-0.139
 2.057
 0.748
 1.439
 0.845
 0.138
 0.526
 1.574
 1.643
 0.317
-0.671
 0.028
 0.868
-1.452
-0.515
 0.810
-0.946
-0.902
 0.034
 0.111
 0.204
-0.154
-0.236
-0.687
-1.237
 0.142
 0.304
 1.760
 1.077
 0.835
 0.405
 0.397
 0.140
 0.818
 1.323
 0.931
 0.203
 0.722
 1.562
 2.028
 0.736
 0.981
-0.078
 0.414
 0.712
 0.358
 0.105
 1.983
 0.087
 1.243
 1.661
 1.337
 0.315
-0.336
 0.389
 0.395
 2.492
 3.458
 1.324
 1.127
 2.198
 1.804
 2.039
 0.882
 2.564
 1.059
 0.790
 1.014
 1.499
-0.054
 0.834
 1.109
 1.328
 2.412
 1.636
-0.163
 0.068
-0.368
-0.878
-1.505
-0.750
-1.622
-0.024
-0.051
 0.700
 0.423
 1.036
 0.901
 1.231
 0.064
-0.001
-0.625
-0.800
-0.397
 1.510
 0.155
 1.467
-1.401
-1.484
-0.485
-0.768
-0.800
-0.014
 0.047
 0.085
 0.999
 1.343
 1.770
 1.991
 1.555
 0.263
-0.062
-0.641
 0.552
-0.434
 0.239
 1.275
-0.067
-0.212
-0.556
 1.716
-0.437
-0.424
 1.714
 0.220
 0.758
 0.573
 0.822
-0.390
 0.389
 1.387
 1.861
 1.845
 0.889
 3.170
 2.288
 3.315
 1.421
 2.284
 1.494
-0.228
 1.435
 1.206
 1.123
 0.599
 1.503
 1.380
 0.304
-0.372
 0.540
 1.441
 1.482
 0.319
 0.664
 0.622
-0.384
 1.195
 0.714
-0.283
 0.570
 0.505
-1.139
-0.466
 0.599
-1.705
 1.410
 1.434
 2.385
 1.834
 1.654
 1.172
 1.744
 2.121
 2.065
 2.383
 1.640
 2.224
 0.932
-0.056
 1.910
 0.644
 1.185
 0.098
-0.080
-0.876
 0.648
 0.011
-0.323
-0.208
-0.556
-0.461
-0.649
-0.324
-0.174
 0.868
-0.513
-0.542
 0.625
 1.035
 1.256
-0.120
 0.676
-0.516
 0.598
-0.006
 1.774
-0.056
-0.146
-1.811
-1.160
-0.906
-1.456
 0.271
-1.899
-1.386
-0.309
-0.961
 1.029
-0.694
-0.076
 0.157
 1.127
 2.252
 3.176
 0.618
 0.454
 0.294
 0.771
 0.645
 1.140
-0.476
 0.258
 1.052
 0.485
-0.113
 1.336
 0.792
 0.049
-0.037
-1.605
-0.580
 0.509
 0.585
 0.965
-0.874
 0.870
-0.633
 0.263
-0.229
 0.389
-0.749
-0.127
 1.419
-1.404
 0.269
 0.928
 1.266
 1.287
 0.605
 0.303
 0.836
 0.732
 0.836
 0.627
 1.813
 2.781
 1.086
 0.028
 1.406
 0.004
 1.007
 1.242
-0.714
 0.651
 1.145
 0.506
 0.546
-0.502
 1.393
 0.250
 0.267
 0.767
 0.221
 0.599
 0.166
 2.151
 1.367
 0.026
-0.133
 0.180
 0.691
-0.402
 0.653
-0.271
-1.923
 0.920
-0.919
-0.540
 1.010
 0.820
-0.060
 0.683
-0.428
 0.661
 0.009
 0.847
-0.758
-0.034
 0.354
-0.451
 0.228
 1.789
 2.184
 0.886
 1.021
-0.380
 1.474
-1.813
-0.147
 0.728
-0.852
 0.649
 0.044
-0.235
-0.146
 0.713
 1.465
-0.348
-0.465
-0.152
 0.671
 1.196
 1.316
 1.610
 1.047
 1.829
 1.288
 0.143
 0.562
-0.054
 0.156
 0.662
 0.427
 2.219
 1.844
 2.120
 1.167
 0.237
 0.848
 0.470
 2.192
 2.080
 1.628
 0.191
-0.735
-1.416
-0.387
 1.097
 1.082
-0.003
 0.378
 2.395
 0.691
 0.464
 0.342
 0.962
 0.515
 1.206
 2.612
 0.642
 0.371
-0.559
 0.084
 0.863
 1.062
 2.111
 1.512
-0.195
 0.109
 0.709
 2.247
 1.719
-0.191
 0.697
-0.172
 1.506
-0.078
 0.421
-0.192
-0.230
 0.292
 0.707
-0.070
 1.682
 0.667
-0.713
-0.522
 0.739
 0.435
 0.810
 1.378
 1.607
 1.546
 1.675
 1.729
 1.317
 1.280
 1.893
 1.350
 0.262
-0.122
-0.003
-0.022
 0.380
 2.860
 0.595
-0.071
 1.016
 0.273
 1.346
 0.854
 0.351
-0.721
-0.076
 1.334
 0.468
-0.786
-0.715
 1.125
 0.766
 0.160
-0.289
-0.032
-0.768
-1.417
 0.749
 0.623
 2.802
 1.784
 1.048
 1.020
 0.043
 1.123
 1.830
 0.540
 0.734
 0.357
 2.106
-0.047
 1.435
 0.402
 2.123
 1.386
 2.972
 1.585
 0.567
-0.156
 2.190
 0.221
-0.450
 0.278
 0.958
 1.667
 1.227
 0.523
-0.425
 0.530
 0.555
 0.678
-0.297
 0.841
-0.287
 0.088
 0.764
-0.395
 0.833
 1.489
 1.694
 1.256
 0.138
 1.738
 2.116
 1.052
 3.168
 1.827
 1.795
 2.157
 2.317
 1.958
 0.797
 1.361
 0.997
 1.049
 2.023
 1.369
 1.460
 0.961
 0.664
-0.591
-1.088
 0.887
 0.853
 1.423
 1.805
 0.430
 0.511
 0.278
 2.570
 0.355
 2.133
 1.772
 1.334
 2.156
 2.171
 1.329
 1.414
 2.579
 2.317
 0.410
 0.462
 1.233
 0.505
 1.566
 1.690
 1.638
 0.788
 1.166
 1.474
 1.118
 0.375
 0.653
 1.177
 0.966
 0.052
 0.285
 0.971
 0.814
 0.312
-0.522
 0.968
 1.625
 0.679
 1.674
 3.027
 2.127
 1.226
 1.012
 1.816
 0.857
 0.590
 2.567
 1.227
 0.228
-0.692
 1.795
 1.826
 1.314
 0.063
-0.613
-1.237
 1.185
-0.069
-0.302
 1.747
 2.203
 1.510
-0.072
-0.490
-0.373
-0.541
 0.210
 0.127
-0.941
-0.458
 1.028
-0.737
-0.240
-0.401
-0.209
-0.426
-0.699
-0.970
 0.169
 0.053
-0.669
 1.011
-0.295
 0.900
 1.751
 1.661
 0.917
-0.557
-0.305
-0.555
-0.929
 0.281
 1.273
-0.228
-0.663
-0.331
 0.544
 0.320
 0.691
-0.321
-0.108
 1.009
 1.224
 1.473
 1.253
 0.437
-0.258
 0.593
 0.234
 0.790
-1.734
 0.141
-0.236
 0.025
-0.084
 0.710
 2.284
 2.009
 0.702
 1.062
 1.094
-0.624
-0.321
 0.969
-0.310
 0.138
 0.502
 0.369
-0.672
 0.119
-0.235
 1.513
 1.703
-0.576
 1.354
 2.028
 1.530
 1.524
 0.875
 0.455
 1.269
 0.663
 0.846
 1.792
 2.743
 1.447
 1.072
 0.524
-1.467
 0.911
 2.319
-0.070
 1.884
 2.060
 1.868
 0.536
 1.070
 1.846
 1.770
 1.305
 1.766
-0.030
 0.248
 1.132
 0.590
 1.696
 2.423
 0.254
 1.705
 0.580
 1.513
 2.396
 2.187
 1.465
 1.297
 0.587
 1.539
 0.374
 1.533
 0.604
 0.106
 0.395
 1.113
-0.118
-0.168
 2.068
 0.851
-0.332
 0.313
 0.245
 1.433
 2.028
 3.691
 1.805
 2.345
 2.127
 2.277
 3.426
 0.347
 0.617
 1.442
 1.325
 1.332
 0.690
 1.046
 0.449
-0.438
 0.546
 0.741
 1.037
 2.185
 0.560
 0.917
 0.370
 0.561
 0.738
 0.686
 1.931
 1.971
 0.081
 0.585
-0.557
-0.133
 0.371
-0.746
 1.692
 1.523
 0.981
 0.625
 0.309
-0.294
-1.172
-0.655
 0.138
 1.035
-0.185
 0.266
-0.208
-0.140
 1.096
 1.348
 0.436
 1.314
-0.509
 1.257
 0.939
 1.472
 0.949
 1.170
 1.602
-0.046
 1.578
 0.348
 0.843
 1.150
 1.110
 1.304
 0.082
 1.860
 1.817
 0.017
 1.074
 1.360
 0.468
-0.009
-0.805
-0.184
-0.269
 0.305
 0.271
-0.758
-0.118
 0.887
 1.865
 2.450
-0.470
 1.015
-0.536
 0.556
-1.716
-0.614
 0.193
 0.153
 0.647
 0.902
 1.427
 0.962
 0.734
 1.081
 1.350
-0.255
 1.046
-0.138
 0.449
 1.605
 1.949
 0.059
 1.017
 1.048
 1.298
 2.360
 0.677
 0.815
 0.185
-0.656
-0.250
-0.226
-0.149
-0.241
 0.275
 0.066
 1.249
 1.090
 0.338
 0.250
 1.684
 1.314
 1.665
 2.168
 1.517
-0.184
 1.674
 0.824
 1.291
 2.282
 1.116
 1.408
 2.655
 2.169
 1.461
 0.585
 1.348
 0.441
 1.585
 0.186
-0.386
 0.556
 1.401
 2.053
 1.570
-0.808
 0.757
 0.657
 1.820
 0.174
 0.917
 0.567
 0.341
 1.425
 0.572
 0.342
-0.182
 0.767
 1.487
 1.159
 1.989
 1.186
 1.621
 0.909
 3.081
 1.948
 1.781
 0.257
-1.045
-0.100
-0.417
 0.929
-0.171
-0.860
-0.205
 1.041
 0.505
-0.090
-2.177
 0.236
 0.342
-1.618
-0.463
-0.110
 0.359
 0.173
 0.026
-0.801
-0.669
-0.105
 0.941
 1.572
 0.831
 0.192
 0.958
 0.756
 1.595
 2.154
-0.126
-1.037
 1.424
 0.575
 0.927
 1.159
-0.792
 2.537
 0.858
-0.091
-0.202
 0.558
 2.238
 0.723
 0.106
 1.690
 0.856
 1.763
 0.154
-0.207
 1.096
 1.443
 0.910
 1.211
 1.087
 0.153
 0.647
 0.613
 0.245
 0.282
-0.647
-0.772
-2.243
 0.427
 1.468
-0.443
 1.496
 1.005
 0.926
 0.727
-0.286
 0.628
 1.254
 1.045
 1.151
 1.146
 0.918
 0.479
-0.470
-0.534
 0.482
 2.245
 1.948
 2.410
 0.571
-0.230
 1.135
 0.133
 0.378
 0.831
 2.125
 0.455
 0.601
 0.514
 0.918
 2.419
 0.023
 0.429
 0.843
 0.753
 1.590
 0.630
-0.875
-0.700
 1.043
 0.174
 0.064
 0.827
 0.167
 0.293
 0.345
 1.953
 0.887
-0.459
 0.721
 0.742
 0.429
 1.098
 1.508
 0.337
 1.852
 0.202
 0.291
 2.002
 1.196
 0.237
 0.339
 0.545
 0.977
 1.119
 1.729
 1.490
-0.340
-1.245
-0.223
-2.029
-0.768
-0.547
-0.443
 0.989
 2.938
 0.274
-0.008
-0.286
-0.344
-0.925
 0.156
-0.414
-0.850
-0.092
 0.818
-0.142
-0.637
 0.969
-0.036
 0.050
 0.726
 1.889
 0.432
-0.148
 0.099
-0.235
-0.102
 1.732
 1.278
 1.518
-1.170
 0.018
-0.676
 0.685
 0.300
 0.428
-0.727
 0.574
 0.014
 0.466
 0.280
-0.275
 0.491
-0.645
-1.299
-2.305
-0.909
 0.285
 1.361
 0.900
 0.676
 1.241
 1.182
-0.611
 0.819
-0.727
-0.056
 2.072
 1.139
 0.697
 0.412
 0.845
 1.693
 0.406
 1.068
-0.834
-0.170
 1.103
 0.476
 1.095
 0.510
-0.089
-0.263
 0.400
-2.060
-2.129
-2.119
-0.820
-0.703
-0.158
 0.391
-0.379
 0.389
 1.866
 0.426
 1.385
 0.139
 1.044
 1.095
-0.772
 1.359
 0.336
 0.844
-1.712
 0.714
 0.506
-0.558
 0.034
 0.030
 0.972
 0.935
 1.239
 0.096
 0.080
 1.178
-0.534
 0.325
 0.493
 0.326
 1.646
 0.631
 1.152
-0.499
-0.296
 0.016
 1.408
-0.017
 0.636
 1.576
 1.201
 1.806
 2.095
-0.824
-0.045
 1.268
 0.439
 0.095
 0.596
 0.555
 1.439
 0.922
-0.549
 0.117
-0.035
 0.412
 1.031
 0.128
 1.192
 0.893
 1.179
 0.949
 0.471
 0.929
 0.759
 1.990
 1.572
 1.243
 1.630
 1.648
 1.251
 0.845
 0.045
-1.020
-1.147
-2.116
-1.055
 1.859
 1.272
 0.198
-0.143
 0.958
 0.778
-0.883
-0.676
 0.093
-0.821
-1.141
 2.226
 0.745
-0.630
 0.563
 0.659
 0.026
 0.219
 0.062
 0.462
 0.263
 0.405
 0.332
 0.557
 0.137
-0.825
-0.542
-1.014
 0.595
-0.942
-0.473
 0.358
 0.393
 1.709
-0.666
 0.808
-0.020
 0.025
 1.030
 1.342
-0.170
-0.328
-0.197
 0.397
 1.163
 0.696
 0.969
 0.451
 0.370
 0.337
-0.764
 0.797
-0.647
 1.371
 1.294
 1.054
 0.148
 1.224
 2.214
 1.595
 1.445
 1.771
 1.030
 0.800
 1.639
 1.602
 1.468
 0.888
 0.370
 1.716
 1.611
 1.819
 0.994
 1.029
 0.241
 1.854
 0.847
 0.808
-0.640
-0.616
 1.083
 1.092
 1.062
 0.481
 1.708
-0.151
 0.781
-0.534
-1.328
-0.377
-0.377
-1.500
-1.423
-0.186
 0.538
-0.411
 1.307
-0.621
-0.073
 1.868
-1.377
-0.427
 0.082
 0.027
 1.119
 0.827
 0.288
 1.556
 2.011
 0.756
 1.753
 2.530
 0.189
 0.591
-0.153
-0.048
 1.649
 1.434
 0.208
-0.629
-1.474
-0.478
 1.097
 0.954
 1.749
 1.337
 0.568
-0.357
 0.771
 0.514
 1.123
 1.061
 0.348
 1.509
 1.338
 1.441
 2.310
 1.856
 0.231
 0.047
 0.916
 1.273
 0.415
-0.362
 2.007
-0.306
 0.886
 1.326
-0.245
 0.424
 0.176
 1.109
 0.740
 1.097
 0.753
-0.203
-0.487
 0.450
 2.279
-0.053
 1.185
-0.325
 0.345
 1.019
 0.660
 0.656
 1.318
-1.175
 1.547
 1.077
 2.527
 1.902
-0.215
 0.748
 0.214
-0.223
 0.584
 0.551
 0.503
 0.121
-0.004
-0.072
-0.716
-0.173
-0.253
-0.864
-0.366
-0.424
-0.665
-0.730
-0.114
 0.648
 1.077
-0.453
 0.161
 0.230
 0.630
 0.715
 0.165
 1.043
 1.195
 0.417
 0.950
 0.763
-0.182
 0.421
-0.270
 0.252
 1.701
 1.048
 0.118
-0.308
 1.417
 0.149
 2.067
 0.818
 3.114
 2.423
 0.140
 0.989
 1.956
 1.809
 0.601
 0.894
 2.445
 1.161
 0.413
 1.943
 0.745
 1.283
 1.926
 1.875
 0.905
 0.822
 0.522
-0.815
 0.793
-0.229
 0.906
 0.421
-0.421
 0.078
 1.125
 0.500
 0.246
-0.419
 1.145
-0.373
 1.586
 0.991
 2.015
 2.108
 1.048
 0.853
 0.796
 0.626
 0.177
 2.130
 1.022
 0.376
 0.440
 0.166
 1.064
 1.548
 2.963
 1.495
 1.509
 1.252
-1.246
-0.048
-0.175
 1.541
 2.199
 0.633
 0.995
 2.317
 0.117
 0.137
 0.742
 1.211
 0.626
 0.748
 2.338
 1.818
 2.270
-0.223
 1.097
 0.461
-0.128
 0.274
 0.162
 0.672
 0.044
 0.158
 0.736
 0.948
 0.902
 1.526
 0.545
 0.760
 1.017
 0.386
-0.048
 0.442
-0.615
 0.167
 1.225
 1.595
 1.111
 0.733
 0.676
 1.045
 1.114
 0.744
 0.520
 0.427
 0.601
 2.316
 2.411
 2.906
 2.765
 1.552
 0.410
-0.784
 0.228
 2.005
 1.036
-0.725
-0.015
 1.728
-0.474
 0.944
 0.878
-0.018
 0.504
 0.820
 1.654
 1.593
 0.597
 0.938
 0.670
-0.459
-0.257
-0.029
 0.804
-1.309
-1.170
-0.060
 0.249
 0.948
 0.668
 2.038
 2.100
 1.647
 1.940
 0.597
 0.606
-1.144
 0.426
 1.291
 0.755
 0.208
 0.330
 0.205
-0.488
-1.251
 1.315
 0.583
 0.972
 0.606
 0.821
 0.778
-0.094
 0.548
 0.315
 0.781
-0.481
-0.377
-0.217
 0.496
 0.628
-0.102
 1.785
 1.027
 1.828
-0.012
 2.423
 1.383
 0.984
 2.286
 0.592
 0.884
 1.182
 1.110
 2.068
 2.598
 1.889
 1.106
 1.881
 0.129
 1.088
-0.012
 0.915
 2.309
 1.488
 0.863
 0.358
 1.953
 0.745
 0.431
 2.567
-0.471
 1.541
 0.011
 0.354
-0.630
 2.225
 0.930
 1.446
 1.276
 1.762
 2.921
 1.870
 0.467
-0.478
 0.398
 0.220
-0.219
 0.833
-0.687
-1.369
-0.122
-0.538
-0.406
-0.968
 0.268
 1.387
-0.621
 0.619
 1.220
-0.297
 0.736
 1.023
-0.105
-0.445
-0.900
-0.597
-0.051
-0.064
-1.065
-0.680
 0.881
-0.872
 0.263
 0.143
 0.422
 0.668
-0.484
-0.395
 0.401
-0.044
-1.804
-0.325
-0.731
-0.690
 0.690
-1.166
 0.073
-0.101
-0.071
-0.500
-1.334
 0.151
-0.042
-1.230
-0.335
 0.229
 0.134
 0.221
-0.271
 0.551
 0.135
-0.940
-0.102
 0.817
-0.463
 0.988
 0.830
-0.408
-0.868
 0.489
-0.274
-0.168
 0.129
 1.196
 0.874
 2.019
 2.079
 0.649
 0.889
 0.456
 0.419
-0.240
 1.290
 2.631
 0.193
 1.292
 0.602
 1.209
 1.770
 1.790
 1.085
-0.418
 0.587
-0.556
-0.340
-1.574
-0.187
 0.649
 1.339
-0.547
-1.245
-0.880
-0.282
 1.979
 1.456
 0.042
 0.471
-0.407
 0.843
 0.512
 0.471
 0.737
 1.098
 0.079
 0.740
-0.192
 0.095
 0.367
-0.890
 1.301
 1.830
 1.872
-0.186
 0.243
 1.408
-0.076
 0.328
 0.003
 1.440
 1.150
-0.534
-1.220
 0.140
 1.516
 0.548
 0.660
 0.908
 0.433
 0.558
 0.879
 0.079
 1.608
-0.065
 0.464
 0.923
 1.371
 2.224
 2.865
 3.031
-0.011
 1.052
-0.279
-0.128
-0.468
 0.398
-0.005
 0.473
-0.498
-0.050
 0.044
 0.527
 1.288
 1.675
 1.495
 0.900
 0.514
 1.448
 0.180
 0.259
-1.023
-0.042
 0.568
 2.140
 1.117
-0.604
-0.299
-0.098
 1.192
 0.453
 1.276
 0.494
-0.394
-0.061
-0.091
 0.818
-0.088
 0.192
 1.254
 0.754
 0.308
 0.459
-1.142
-0.787
 0.199
 1.902
 2.376
 1.168
-0.875
-0.766
 1.586
 0.475
-0.219
-1.225
-1.230
-0.873
-1.072
-1.115
 0.369
-0.816
-0.670
 0.872
 0.473
-0.057
 1.004
-0.820
-0.867
-1.960
 0.096
-0.087
 0.236
 1.128
-0.216
 1.078
 0.711
 0.544
 0.486
 0.403
 0.694
 0.867
-0.181
-0.047
 0.018
 0.178
 1.338
 1.155
 0.044
-1.920
 0.900
 1.050
-1.060
 1.227
-0.453
 1.420
 0.746
 1.187
-0.232
-1.640
 0.051
 0.013
 0.536
-0.954
 0.077
 0.835
 1.066
 1.086
 1.056
 1.786
-1.094
 0.824
-0.324
-0.889
-1.576
-0.108
 0.131
-0.845
-0.258
 0.915
-0.624
 0.560
 0.381
-0.270
-1.097
-0.383
-0.253
-1.301
-0.012
-0.051
-1.655
-0.374
 0.630
 0.590
 0.264
 0.229
-0.468
 0.469
 0.266
-0.866
-0.107
 1.320
 0.331
-0.016
 0.493
 0.775
-0.208
 0.161
 2.021
 1.145
 0.751
 0.042
 1.287
 0.662
 1.374
 0.787
 0.379
-0.019
 1.202
 0.247
 0.567
 0.374
-0.448
 0.564
-0.954
 1.907
 0.308
 1.442
 0.799
 1.392
 0.944
 1.313
 1.892
 0.490
 0.731
 1.243
 1.294
 1.224
-0.036
 0.967
 0.390
 2.060
 0.940
 1.453
 2.067
 1.247
 1.068
 0.658
 0.760
 0.915
 0.071
 0.086
 0.795
 1.799
 0.249
-0.342
 0.187
-0.665
-0.305
 0.221
 1.002
 0.479
 0.411
 1.671
 0.153
 0.592
 0.717
 1.939
 0.460
-0.717
-0.969
-0.578
-1.300
 1.346
 3.045
 2.807
 1.003
 1.156
 1.235
 0.798
 0.632
 0.602
 3.101
 0.671
 1.831
 1.766
 1.054
 3.054
 0.945
 1.115
 1.261
 0.346
 0.405
 1.660
 1.094
 1.231
 1.306
 0.777
-0.588
 0.719
-0.441
 0.552
-0.885
 0.287
 0.083
 1.574
 1.014
-0.105
-0.679
 0.593
-0.511
-1.893
-1.053
 0.501
-0.509
-0.334
 0.029
 0.226
-1.341
 1.457
 0.938
 0.769
-0.604
-1.503
-1.350
-1.021
 0.078
-0.629
-1.011
-0.927
-0.714
-0.311
-0.270
-0.519
 0.845
-0.194
-0.877
-2.315
-0.363
 0.188
-0.241
-1.358
-0.472
 0.029
-0.020
-1.670
-1.969
 0.294
-0.292
-0.803
-0.205
 0.405
 0.075
 1.116
 0.810
-0.253
-1.688
-0.915
-0.585
-1.441
-1.301
-0.410
-1.362
-1.358
-0.149
-1.892
 0.332
-1.317
-0.857
 0.041
 0.283
 0.818
 1.630
-0.615
-0.748
-0.308
 0.657
 0.064
-0.113
-0.958
 0.518
 0.094
 1.751
-0.500
-0.236
-1.286
 0.260
 0.495
 1.582
 0.936
 0.168
 0.128
 0.714
 0.699
-0.056
 1.010
-0.164
 1.929
 1.354
-0.174
 1.359
 1.369
 2.539
 0.300
 0.768
 1.905
 1.613
-0.353
 1.339
 0.352
 0.595
 0.696
-0.047
 1.974
 1.157
 2.194
 2.620
 1.389
 1.585
 2.204
 2.737
 0.912
 2.681
 0.921
 1.257
 2.984
 2.129
 0.287
 0.126
 1.199
 1.828
 1.512
 0.816
 1.963
 1.584
 0.130
 1.257
 0.542
 1.618
 3.296
 1.829
 0.923
-0.092
 1.565
-0.071
-0.363
-0.318
-0.888
-0.345
 0.705
-0.042
-0.620
 0.526
-0.820
 0.906
 0.164
 0.335
 1.198
 0.711
 0.404
 1.484
 2.235
-0.830
-0.222
-0.512
 0.448
 1.622
 0.821
-0.656
-0.968
 1.374
 1.657
 1.373
-0.987
-1.202
-0.742
-0.720
 1.804
-0.349
 0.788
 0.522
 0.200
-1.625
-0.432
 0.291
 1.606
 1.182
 1.323
 1.829
 1.251
 1.447
 2.715
 1.683
 0.933
 0.592
 0.025
 0.161
-1.001
 0.586
-0.385
 0.220
-0.910
 0.896
 0.604
 2.013
 0.466
 0.556
 1.589
 0.994
 0.202
 1.941
 0.281
 1.333
 0.370
 0.973
 0.499
 1.161
 1.790
 1.955
 0.984
 1.174
 0.449
 0.687
 0.111
 0.587
-0.629
 1.085
 0.544
 0.199
-0.677
-0.632
 0.345
 0.623
 1.149
 1.625
 0.655
 0.121
 2.656
 2.138
 0.801
 0.089
-0.293
-0.623
-0.230
-0.866
-0.806
 0.631
 0.603
-0.744
-0.946
-0.581
 0.794
-0.067
-0.632
 1.430
 2.177
 0.187
 2.012
 0.245
 1.867
-0.221
 0.546
 0.131
-0.063
 0.727
-0.065
 0.309
 0.203
 0.502
-0.907
 0.141
 0.041
-0.053
 1.027
 0.267
 0.057
-0.663
-0.148
 0.151
 0.579
 0.661
 0.242
-0.271
-0.772
 0.144
 0.984
-0.343
 0.316
-1.036
-0.486
-0.886
-2.018
-1.718
-0.727
-1.107
 1.099
 1.081
-0.557
-1.022
-0.922
 0.726
 0.045
 0.679
 0.515
 1.779
 0.107
 0.879
 0.755
 0.300
 0.717
 0.072
 1.583
 1.418
 0.423
 0.735
 0.688
 0.677
 0.532
 0.308
 1.502
 0.131
 2.161
 0.159
 0.494
 0.131
 0.633
 0.326
 1.651
-0.454
-0.058
-0.137
 0.308
-0.179
 2.471
 0.996
 1.752
-0.298
 0.509
-0.702
-0.679
-0.693
 1.728
 1.125
-1.169
 0.145
 0.394
 1.247
 0.555
 0.026
-0.206
-0.315
 0.899
 0.892
 2.159
 1.278
 0.420
 2.363
 1.105
 0.074
 1.193
 1.522
 1.823
 0.909
 1.217
-0.052
-0.432
 0.401
 0.181
 0.323
-0.658
 1.142
 0.940
-0.568
-0.346
 0.825
 0.260
-1.243
-2.215
-0.552
-0.202
 0.052
 1.530
 0.449
-0.309
 0.447
 0.252
-0.496
-1.412
-1.409
-1.414
-0.076
-1.630
-1.198
-2.523
-1.035
-1.172
-1.068
 0.093
-1.220
-1.717
-2.144
-0.083
 0.096
-0.323
 0.309
-1.855
 0.709
 1.831
 0.879
 0.693
 1.434
 0.717
-0.593
 0.158
 0.135
-0.781
-0.973
-0.864
-0.216
 0.089
 0.099
-1.140
 0.851
-1.322
 0.656
-0.635
-0.770
-0.171
-1.362
-1.552
-0.428
-0.706
-0.791
-0.204
-0.435
-0.178
-0.418
-0.359
 0.141
 0.358
-0.923
-0.461
 1.084
 1.146
-0.301
 0.667
 0.693
 0.951
 0.424
-0.938
 0.063
-0.402
-0.909
 1.588
 1.890
 1.509
 1.562
-0.184
 0.098
 0.811
-1.287
 0.017
 0.557
-0.085
-2.883
-1.693
-0.100
 1.035
-0.959
 1.432
 0.610
-0.916
 0.055
 0.837
 1.580
-0.052
-0.911
-0.343
-1.188
 0.018
 0.948
 0.155
 2.121
 0.967
 0.393
-0.236
-0.118
 0.804
 1.390
 0.574
-1.073
 0.083
-0.341
-0.170
-0.129
-0.585
-0.576
-1.006
-0.466
 0.632
 0.608
 0.642
 0.081
 0.226
 0.046
-0.144
-0.587
 1.010
-0.217
 0.588
 0.631
 0.694
-0.274
 1.440
-0.878
-1.623
-1.371
 0.064
 0.467
 0.147
 1.957
 0.182
 0.521
-0.236
-1.646
-0.337
-1.581
-0.654
 0.498
 0.461
 0.702
 0.658
 1.738
 0.210
 0.845
 0.862
 0.250
-0.035
 2.295
 0.643
 0.433
 0.536
 0.940
 0.723
 2.099
 1.124
 2.102
 1.881
 1.267
 0.203
 2.141
 1.856
 0.348
 1.633
 1.564
-0.236
 0.906
 1.565
 1.717
 2.624
 2.067
 0.275
-0.576
 1.483
 1.289
 0.578
 1.579
 2.936
 0.479
 0.930
 0.975
 2.158
 1.894
-0.010
 1.138
 0.491
-0.413
 0.527
 0.662
 0.318
 0.473
-0.326
-1.975
-1.149
 0.218
-1.109
-0.125
 0.429
-0.651
 0.234
 0.387
 1.014
 1.219
 0.402
-0.118
 0.062
 0.345
 0.220
-1.176
-0.346
 2.464
 1.147
 0.322
 1.032
 1.084
 0.636
 1.055
-0.310
 1.080
 1.081
 0.539
 1.245
 1.984
 2.474
-0.116
 0.098
 0.748
-0.389
 1.837
 1.900
 1.820
 0.447
 0.620
 1.946
 0.690
-0.356
 0.485
 1.169
-0.017
 0.964
-0.097
 2.028
-0.406
 1.646
 1.218
-1.114
 1.586
 0.862
 0.070
-0.042
 1.263
 1.805
 1.125
 1.172
 1.042
 0.027
 0.577
-0.587
 1.074
 1.187
 2.860
 1.354
-0.755
 0.459
 0.644
-0.701
 1.156
 3.429
 2.564
 1.284
 2.069
 2.315
 1.318
 1.897
 1.095
 0.053
 1.544
 1.945
 0.889
-0.144
 1.175
 0.686
 2.228
 2.403
 1.540
 2.188
 0.107
 0.484
 1.447
 0.718
 0.579
 1.685
 2.907
 0.433
-0.081
 0.191
-0.695
 1.303
 1.307
 0.830
-0.464
 0.472
 0.150
 1.508
 0.653
 0.996
 0.894
 1.838
-0.251
-0.696
-0.784
 0.254
-0.908
-0.485
-0.962
 0.867
 1.100
 0.905
 0.695
 1.173
 1.427
 0.770
-0.339
-1.103
-0.404
-0.262
 0.414
 1.383
 2.202
 1.638
 0.381
 0.675
-0.270
-0.125
 0.744
 0.140
 1.547
 0.058
 0.820
 0.448
 0.451
 0.929
 2.531
 0.450
 0.341
 1.673
-0.430
 0.862
 0.062
-0.251
 0.014
 0.749
 0.026
 1.540
 1.266
 2.867
 2.035
 0.222
 0.528
-0.179
 0.455
 1.367
 1.337
 0.867
 0.334
 0.659
 1.087
 0.414
-1.029
 0.664
 0.303
-0.011
 0.923
 0.749
 0.087
 1.371
 0.326
-0.026
 0.126
 0.488
-0.697
 0.411
-0.953
-0.352
-0.151
-0.244
 0.355
 0.232
-0.146
-0.100
-0.723
 0.023
 1.394
 0.790
 0.390
 0.823
-1.555
 0.576
 0.206
 0.752
 1.422
 2.081
 0.978
-0.063
-0.778
-0.527
-0.194
-0.181
-1.550
-0.130
-2.238
-2.086
 0.371
 0.847
 1.009
 1.876
 1.410
-0.738
 0.641
-0.224
 0.366
 0.329
 0.586
 1.458
 1.277
 0.958
 0.630
 1.244
-0.614
 0.247
 0.962
 0.103
-0.514
 0.371
-0.863
-0.803
 0.180
-0.184
-1.033
 1.982
 1.872
 0.836
 0.510
 0.782
 0.763
 1.862
-0.523
 1.244
-0.144
 1.116
 0.516
 1.120
-0.107
 0.216
 0.523
 0.187
-0.578
-0.974
 0.105
 0.604
 1.058
 0.457
 0.578
 0.856
-0.733
-0.003
-0.176
-0.982
-0.622
 0.052
-1.328
 1.037
-0.992
 0.187
 1.110
 0.979
-0.514
 0.807
 0.308
-0.125
 0.524
-0.198
-0.287
 1.308
 1.289
 1.465
 0.919
 1.605
-0.006
 0.788
 0.268
-1.476
 0.178
 0.184
 0.734
 0.447
 1.149
 0.235
-0.357
 0.375
 0.321
 2.192
-0.092
 0.734
 1.431
 0.324
 0.729
 1.166
 0.135
-0.606
 1.259
-0.281
-0.606
 0.459
-0.513
-0.149
 0.433
 1.161
 0.154
 0.660
 0.237
-0.969
 1.235
-0.794
 0.885
 1.805
 1.605
 0.684
 1.371
 0.314
 1.695
 1.124
 2.494
-0.032
 1.889
 1.433
 0.876
-0.175
-0.170
 1.906
 0.648
 2.563
 3.298
 1.682
 2.507
 1.893
 2.415
 1.209
 2.391
 3.062
 1.790
 2.303
 1.383
 1.155
 1.890
 0.869
 1.310
 2.925
 0.357
-1.719
-0.839
-1.117
 0.691
 0.601
 0.963
 1.284
 1.825
 1.469
 0.143
 1.173
 0.625
 1.021
 1.054
-0.295
 0.383
 1.069
 1.640
 0.558
 1.206
-0.021
-0.444
-0.143
 1.163
-0.347
 0.364
 0.635
 0.433
 0.194
 0.024
 0.486
 0.037
 0.996
 2.002
 0.959
-0.076
 1.001
 0.725
 0.259
 0.908
 1.511
 2.529
 1.341
 1.856
 0.237
 1.438
 0.429
 0.476
-0.999
-0.730
-0.778
-1.224
-0.642
 0.279
-0.332
-0.280
-1.192
-1.130
-1.513
 0.573
-0.013
-1.824
-0.046
-0.917
-1.285
-0.514
 0.038
 1.110
 1.639
-0.132
 0.029
 0.373
-1.016
-1.600
-0.950
-0.422
-0.183
-1.434
-0.628
 0.026
-0.698
-1.641
-0.480
-0.354
 0.242
-0.028
-1.082
 0.339
 1.700
-0.661
-0.233
-0.858
-0.621
-0.840
-1.040
-1.959
-1.476
-2.415
-1.867
-1.876
-2.007
-1.582
 0.224
-0.414
-1.058
-0.801
-0.776
 0.718
 0.983
 0.276
 1.523
 1.536
 0.973
-0.673
 0.216
 0.154
-0.909
-1.636
 0.686
 1.343
 1.611
-0.541
-0.787
-0.893
 0.046
 0.194
 0.470
 0.817
 1.162
 0.982
 0.865
 0.832
-0.052
 0.852
 0.725
-0.337
 1.997
 1.668
 0.863
-0.291
 0.438
 1.264
 1.627
-0.181
 0.041
 0.152
 0.424
-0.760
-0.141
-0.176
-0.228
 0.376
-1.246
-0.252
 0.052
-0.388
-0.637
 0.386
 1.042
 0.849
-0.969
 0.209
 0.555
-0.831
-0.842
-0.846
-0.297
-0.752
 0.838
 1.309
 0.896
 1.371
 0.868
 0.828
 0.751
-1.329
-0.512
-0.676
-0.366
-0.033
-0.114
-1.285
-3.098
 0.045
-0.538
-0.926
-1.583
-1.179
 0.278
-0.480
-1.917
 0.974
 0.494
 0.420
-0.612
-1.491
-0.920
-1.970
-0.355
-1.277
-0.524
-0.248
 0.138
 0.110
-0.745
 0.333
-0.019
-0.060
-1.099
-1.314
 0.538
 0.352
-0.526
-2.372
-0.505
 0.927
 0.000
-0.362
-0.565
-0.819
-1.346
-0.280
 0.340
-0.597
-0.108
 0.372
-1.045
-0.635
 0.164
-0.122
 0.087
 0.055
 0.261
 0.281
 0.115
-1.504
 0.441
-0.801
-1.391
 1.359
 1.280
 0.060
-1.062
 0.514
-0.382
-0.314
 0.085
 1.545
 0.892
 1.060
 0.338
 0.767
 0.559
 0.487
 0.611
 0.904
-0.391
-0.762
-0.682
 0.699
 0.896
 0.742
 1.141
 0.550
-0.263
-2.340
-0.195
 0.524
-0.038
 2.050
 0.420
 0.274
 0.811
 1.936
 1.555
 2.036
 1.239
 0.139
 1.073
 0.471
 1.191
 1.997
 0.946
-0.164
 0.909
 1.188
 0.507
 1.767
 2.150
 1.285
 1.302
 1.016
-0.302
-0.742
 0.429
 0.803
-0.313
-0.076
-0.021
 0.589
 1.779
 0.495
 0.709
 1.990
 0.227
 0.340
-0.346
-0.792
 0.001
-0.142
 0.506
-0.306
 0.401
-0.404
 0.235
-0.932
-0.021
 0.195
-0.110
-0.178
 0.482
 0.350
 0.691
 1.119
 0.804
 1.840
-0.061
 1.581
 1.031
 0.154
 1.470
 0.134
 0.274
-0.154
-0.219
-0.548
 0.344
 0.427
 0.853
 1.160
-0.539
 1.166
 0.162
 0.099
 0.052
-0.508
 0.290
 0.159
 0.105
 0.027
 0.762
 0.047
-0.230
 1.979
 1.127
 0.581
 1.813
-0.399
 0.679
 0.427
 0.170
-0.599
 0.942
-0.159
 0.325
-0.246
 0.176
 0.800
 0.439
 0.774
-0.008
-0.099
-1.333
 0.229
 0.211
 0.031
 0.305
 0.650
-0.010
-0.946
 0.619
 0.254
 0.238
 0.560
-1.305
-0.098
-0.497
 0.781
 1.595
-0.368
 0.098
 0.299
 0.078
 0.918
 1.475
-0.385
-0.467
 0.609
 0.421
 1.052
 0.027
-0.322
 0.197
 0.674
 0.877
 0.964
 2.059
 0.271
 0.709
 0.814
 2.144
 1.429
 0.738
-0.710
-1.087
-1.086
 0.805
-1.370
 0.772
 0.062
-1.058
 0.398
 0.996
 1.463
 0.237
 1.215
 0.632
 0.664
 1.414
 0.230
 1.407
 0.889
-0.243
 0.289
 0.763
 1.677
-0.703
 0.859
-1.127
 0.699
 0.843
-0.012
 1.543
 1.419
-0.010
 0.385
 0.114
-0.551
 1.956
-0.236
-1.423
-0.687
 0.250
-1.099
-1.156
-0.862
-1.062
-0.667
 1.128
-1.275
 0.722
 0.914
 0.644
 0.989
 0.796
 0.171
 0.375
 1.214
 0.860
-0.643
-1.116
-0.631
-1.256
-0.478
-2.156
-0.248
 0.673
 1.214
-0.505
 0.367
 0.450
 0.418
 0.808
-0.119
-1.231
-0.446
 1.087
-0.668
-0.403
 0.194
-0.374
 0.859
-0.204
-0.459
 0.723
-2.122
-0.256
 1.231
 1.098
 0.010
-0.004
 0.152
-1.097
-1.022
-1.869
-2.213
-1.057
-0.189
-1.405
-0.571
-0.179
-0.030
-0.005
 0.480
-1.680
-0.415
 0.399
 0.337
 0.174
-1.532
-0.329
-1.571
-1.776
 0.377
 0.750
 1.690
-0.140
-1.147
-0.206
-0.192
-1.468
-1.325
-0.558
-1.491
-0.153
-0.325
-0.315
-0.878
-0.267
 0.275
-0.432
 1.080
-0.458
-1.155
 0.615
-0.226
 0.199
-1.027
-0.703
-0.227
-0.055
-1.036
-0.119
-0.033
-0.191
 0.807
 0.335
-0.619
-2.242
-0.880
-0.283
-0.097
-1.358
-1.006
 0.669
-0.354
 0.238
-0.245
 1.912
 1.337
 0.897
-1.609
-0.876
 0.059
-0.061
 0.586
-0.839
-0.235
 0.248
-0.097
 0.630
-1.292
-0.466
 0.017
-0.568
-0.857
-0.733
 0.487
 0.678
-1.046
 0.137
 0.634
-0.173
-0.251
-0.517
-0.141
 0.033
-0.562
-1.518
-0.376
-1.069
-0.799
 0.249
-1.098
-0.412
-0.097
-0.161
-0.189
-0.621
 0.424
-0.566
-0.167
-0.187
-1.490
 0.785
-0.333
 1.478
 0.881
-0.322
-0.412
 0.933
 1.180
-0.008
-0.710
-0.441
-0.762
 2.513
 2.100
-0.295
 0.636
-0.987
-1.125
 1.093
 0.817
-1.866
 1.236
-0.693
-0.184
-0.364
 0.551
 0.040
-0.470
-1.551
-0.833
-0.292
-0.995
-0.793
-0.852
 0.766
-0.687
-0.124
-0.896
-1.301
 0.063
 1.074
 0.933
-1.144
-0.303
 1.354
 0.618
 0.244
-0.108
-0.084
-0.863
 1.822
-2.098
-1.214
 0.929
 0.545
-1.585
-1.201
-1.480
 0.279
 0.503
-0.675
 0.033
-0.864
-0.977
-0.143
-0.034
-0.508
-1.011
 0.458
 0.003
 1.289
 0.720
-0.246
-1.022
 1.196
 0.641
 1.928
 0.566
 0.135
 0.827
 0.276
-0.353
 0.784
-0.891
-0.807
-0.566
-1.200
-1.414
-1.850
-1.915
-1.499
-2.171
-0.226
-1.663
-0.024
-1.543
-1.922
-2.148
-1.538
-0.525
-2.191
-0.814
-0.213
-0.522
-1.647
-0.657
-0.419
-0.856
-0.889
-2.659
 0.624
 0.318
-0.436
-0.869
-0.011
 0.572
 0.737
-0.337
-0.484
 0.908
-0.773
-0.559
 0.963
 0.744
-0.868
-2.102
 0.239
-0.389
 0.074
-0.365
 0.421
-0.713
 1.188
-0.275
-0.127
-0.427
 1.102
-0.052
 0.609
-0.238
 1.281
 0.389
 0.714
 0.436
 0.470
 0.520
-0.659
-0.434
 1.172
-0.010
 1.140
 1.065
-0.653
-0.120
-0.590
-0.519
-0.559
 0.006
 0.007
 0.757
 0.312
-0.490
-1.514
-0.998
-1.413
-0.746
-0.362
-0.857
-0.767
 0.213
-0.333
-0.516
-0.947
-0.789
-1.686
-0.844
-0.084
-0.025
-0.481
 0.067
 0.755
 1.584
 1.457
-0.285
 0.288
-0.572
-0.193
 0.162
-0.001
 0.689
 1.178
-0.092
 0.800
 1.249
 0.720
 1.056
 0.117
-0.138
 1.080
 1.625
 0.488
-0.802
-0.969
-1.046
-0.214
-0.965
-0.640
 0.340
-0.518
-1.104
-1.076
-1.386
 0.224
-1.037
-1.918
-1.549
 0.909
-0.646
 0.165
 2.088
 1.481
 0.831
 0.397
-1.057
-0.511
 0.382
-1.728
-0.971
-1.017
-1.071
-1.248
 0.109
-0.878
-0.951
-0.580
-0.623
 0.586
 1.016
 1.549
 0.481
 0.682
-1.546
-0.120
-0.783
 0.005
 0.398
 1.045
 0.705
 1.908
 1.654
 1.698
 1.529
 1.450
 0.685
 0.118
-0.090
 1.159
-0.258
 0.966
 1.223
 1.173
 1.312
 0.857
-0.229
-0.518
-0.914
-0.954
-1.364
-0.415
-0.101
 0.333
 0.485
 1.717
 2.555
-0.205
 0.978
 0.192
-1.011
-1.232
-0.356
 1.436
 0.792
 1.320
 1.735
 1.294
 1.169
-0.058
 1.580
 1.586
-0.084
 0.414
 0.236
 0.368
-1.079
-0.738
-1.143
 0.302
-0.337
 0.058
 1.037
 0.500
 0.890
 0.502
 0.524
 0.913
 1.237
 0.261
-0.862
-0.530
 0.508
 0.657
 0.115
 1.180
-0.356
-0.740
-0.207
-0.846
-1.462
-0.573
 1.269
 0.318
 0.561
-0.584
 0.334
-0.729
-0.051
-1.056
 0.578
-0.417
-0.554
-0.950
 0.255
 0.182
 0.042
 0.752
 1.321
-0.942
-1.319
 1.140
 0.016
 0.403
 0.152
 0.133
 0.371
 1.680
 2.452
 0.376
-0.660
 0.535
 0.280
 0.395
 0.964
 0.384
-0.297
 0.263
 0.699
 0.916
 0.693
 0.745
 1.220
 1.010
-0.983
-1.024
 0.878
-0.208
 0.409
 0.710
 0.378
 0.162
 0.585
-0.054
 0.001
 0.805
-0.913
 0.017
-0.966
-1.504
-0.520
-0.332
-0.534
-2.407
-0.957
-0.372
-0.478
-0.220
-0.731
-1.396
-1.065
-1.401
-1.604
-0.938
-0.638
-0.072
-0.672
-0.614
 0.229
 0.335
-0.371
-1.650
-0.885
-0.636
 0.282
 0.337
 0.141
 2.298
 0.866
 0.134
-0.675
-0.187
-0.805
-2.091
-1.878
-1.438
-1.268
-1.103
-0.979
-1.022
-0.586
 1.239
-0.731
 0.203
 1.002
-0.440
 0.329
 0.370
-1.190
 0.662
 0.728
-0.419
-1.262
-0.785
-1.055
 0.835
 0.770
 2.040
 1.023
-0.622
-0.026
-0.019
-0.341
 1.648
 1.257
 0.134
 0.814
 0.327
-1.389
-0.858
 0.680
-0.376
 0.380
 0.053
 0.199
-0.315
-1.433
 0.338
 1.345
 0.607
 0.047
 0.143
-0.130
 1.531
 1.010
 1.219
 1.540
 0.004
 1.162
 0.444
 1.195
-0.348
 0.205
 0.658
 2.212
 0.747
 0.372
-0.131
 0.642
 0.940
 1.287
 1.550
 1.696
 2.188
 3.109
 1.491
-0.427
-0.492
-1.398
 0.989
 0.920
 1.077
 0.038
 1.447
 1.362
 1.712
 2.704
 1.799
 0.756
-0.101
 0.107
 0.722
-1.160
-0.160
 0.269
-0.747
-0.736
 0.718
 0.900
-0.347
-0.711
-1.606
-1.777
-0.533
-0.173
-0.829
 0.889
 0.026
-1.079
 1.029
 0.565
 0.425
 1.278
 0.148
 0.908
 0.768
 1.157
-0.932
 0.702
 0.012
-0.324
 1.708
 0.474
 0.609
-0.399
 0.403
 0.627
 0.511
 0.357
 1.574
 1.236
 1.355
 1.336
 0.209
-0.072
-0.352
-0.596
-0.531
-1.233
-0.722
-1.108
-0.568
-1.187
-0.081
-0.051
 1.115
 0.256
 0.363
 0.187
 1.149
 1.560
-1.274
-0.633
-0.167
 1.020
 0.625
 1.140
-1.261
-0.277
-0.467
-0.849
 1.120
-1.427
-1.228
-1.782
-1.893
-1.755
-2.646
-0.612
-1.533
-0.973
-0.574
-0.602
 0.319
-0.547
 0.023
-0.505
-0.062
-1.045
-0.160
-1.548
 0.512
-0.185
 0.827
-0.278
 0.243
 0.260
-0.689
 0.226
-0.377
-0.062
-0.005
 0.414
 1.153
-1.169
-0.632
-0.630
-0.454
-0.422
 0.103
-1.047
-0.542
 0.441
 0.348
-1.572
-0.559
-0.146
-0.431
-0.829
-0.968
 0.250
 0.009
 1.020
-0.890
-0.834
-0.085
-1.240
 0.035
 0.429
 0.959
 0.692
 0.302
 0.811
 0.912
-0.640
-0.417
 0.776
-0.101
-0.394
 1.047
 0.014
-0.744
 0.228
 0.344
-0.532
-1.198
-0.839
 0.651
 0.056
-0.983
 0.651
-0.017
 0.650
 0.763
-0.289
-0.490
-1.438
-2.273
-0.615
-1.419
 0.235
 0.327
 1.412
 0.090
-0.238
 0.305
 0.514
-0.438
-0.228
-0.596
 0.271
 0.720
 0.407
-0.358
-1.131
 0.108
 1.457
 0.618
-1.163
-0.356
-1.034
 1.269
 1.313
-0.156
-0.423
-1.439
-1.236
-0.091
 0.998
 0.069
-1.310
-0.735
-0.051
-0.368
-0.614
 1.486
 1.610
-1.505
 0.233
-0.551
 0.333
 0.900
-0.276
-0.304
-0.261
 0.762
 0.375
-0.199
-1.213
-0.038
 0.985
 0.518
 0.172
-2.093
-0.156
-0.238
 0.184
-0.892
 0.061
 0.622
-0.252
 0.373
-1.125
-0.300
 0.128
-0.209
-0.050
 0.597
 0.823
 1.235
-0.691
-1.068
-1.052
-0.130
-1.006
-0.234
 0.968
 0.798
 0.297
 0.133
 0.130
-0.447
 0.948
 0.424
 1.270
-1.931
-0.113
-0.741
-1.769
-1.158
-0.415
 0.410
 0.032
 0.939
 1.318
 1.260
 0.131
-1.560
-0.175
-0.449
 1.325
-0.036
 0.425
 0.239
 0.134
-0.552
 0.104
 0.533
 0.212
 1.424
-1.115
-0.728
 0.427
 0.835
 1.745
 0.352
 1.497
 1.055
 1.094
 2.163
 0.252
-0.206
 0.916
 1.247
 0.797
 0.808
 1.232
 0.553
-0.855
-0.163
 0.516
 0.340
-0.967
-0.412
-0.414
-0.978
 1.043
 0.502
-0.239
 0.728
 1.150
-0.411
 0.594
-0.275
-0.136
-0.375
-0.359
 0.383
 0.558
-0.318
 0.765
 0.014
 1.538
 0.546
-0.259
-0.156
-0.631
-0.792
-0.241
-0.889
 0.268
-0.114
-0.147
 0.985
-0.668
 0.698
 1.984
 0.996
 1.403
 0.738
 2.051
 1.214
 1.161
 0.490
 0.213
 0.227
-0.284
 1.578
 0.715
 1.291
 1.315
 1.451
 0.572
 0.062
-0.408
 0.128
-0.072
 0.853
 0.759
 1.188
-0.330
 0.939
-0.837
-1.449
-1.562
-0.246
-0.758
-0.306
-0.754
 0.376
 0.148
-0.012
 0.769
 1.495
 1.192
 0.625
 0.298
 1.290
-0.269
 0.176
 0.494
-1.012
-1.278
-1.856
-0.315
-1.842
-0.951
-1.725
-0.273
 0.477
-0.218
 0.977
 0.401
 0.622
 0.721
 1.296
-0.070
 0.825
-0.551
-1.166
-0.316
-2.388
-1.725
-0.830
-1.277
 0.311
-1.234
 0.701
-1.860
-1.018
 1.472
 1.586
 0.534
-0.381
 0.284
 0.114
 1.823
 0.481
 0.264
 1.572
-0.625
 0.153
-0.435
-1.255
-0.918
-0.657
-1.264
-1.257
-0.907
 0.392
 0.056
-0.447
-1.978
-1.744
-2.472
-1.002
-1.047
 0.104
 2.295
 0.563
 0.065
 0.181
 0.338
-1.412
 0.151
-1.540
-0.197
 1.039
-1.300
 0.589
-0.574
 1.101
 2.202
 0.375
 0.035
-0.167
 1.131
 1.502
 1.702
 2.446
 1.059
 0.879
 0.694
-0.405
 0.012
-0.139
-0.538
-0.130
 1.028
 0.517
 1.836
 1.117
 0.992
 0.010
-0.567
-0.273
 0.802
 0.477
 1.684
-0.140
 0.890
 1.720
 0.179
-0.028
-0.163
 0.645
 0.348
 0.107
 0.372
 0.337
 1.148
 0.974
 1.634
 1.215
 0.492
 1.110
-1.230
-0.335
-1.252
 0.038
 0.887
-0.414
 0.380
-0.723
 0.128
-0.705
 0.049
 1.592
 0.630
 1.138
 1.060
-0.916
 1.370
 0.611
 0.797
 0.268
 0.599
 0.321
 0.517
-0.760
 1.224
 1.277
 2.072
 1.842
 0.720
 1.402
 1.404
-0.545
 0.818
-0.277
-0.762
 1.050
 0.170
-0.646
-0.163
-0.293
-0.928
 0.242
-0.475
 0.697
-2.336
 0.163
-0.449
-0.178
-0.699
-0.510
 0.668
 0.073
 1.075
 1.582
 1.174
-0.253
 1.029
-0.088
-0.397
-0.996
 1.063
 1.388
 0.719
 0.493
 1.195
 1.791
 0.907
 0.252
-0.599
-1.599
 0.679
 1.468
 0.263
-0.309
 0.586
 0.178
 0.513
-0.222
 0.585
 0.501
-1.094
 0.077
-0.938
-0.332
 1.476
-0.399
 0.197
 0.303
 0.408
-0.295
 1.698
 1.087
-0.415
-0.011
-1.266
 0.154
 0.164
-0.930
 1.918
-0.548
-0.068
 0.243
-0.689
-0.853
 0.287
 0.311
 1.451
 0.836
 0.375
 0.279
-0.231
 0.768
 0.128
 1.720
 1.441
 1.634
 0.798
 0.358
-0.730
 1.582
-0.595
 0.995
-0.318
-1.064
-0.521
 0.153
-0.291
-0.187
-0.014
-0.028
-0.735
-0.351
 0.719
 1.801
 0.123
-1.126
-0.242
 0.460
-1.343
-0.398
-1.161
-0.965
-0.817
 0.566
 0.211
 0.432
-0.199
 0.735
 0.846
 1.522
 0.734
 1.061
 1.170
 1.525
-0.234
-0.161
-0.501
-1.692
-0.110
 0.911
 1.743
 2.275
 2.058
 1.957
 2.112
 2.210
 0.260
 1.314
 0.936
 0.655
 0.551
 1.183
 2.007
 2.310
 0.189
-0.111
 1.127
 1.732
 1.115
 1.223
 1.673
 1.320
 0.689
 1.182
 0.270
 0.414
-0.460
 0.189
 0.424
 1.195
 1.503
 1.612
 1.034
 1.437
 1.525
-0.784
-0.287
-0.813
 1.272
 0.883
-0.306
 0.385
-1.639
-0.724
 0.109
 0.409
 0.176
-1.161
 0.391
 0.108
 1.205
-0.404
 0.340
 0.334
-0.351
 1.434
 0.224
-1.727
-1.846
-1.386
-0.081
-1.009
 0.209
-1.224
-0.510
-0.129
 2.741
 0.554
 0.493
 0.434
 0.959
 1.569
 1.562
 2.462
 1.049
 0.484
 0.736
 2.404
 1.371
 0.095
-1.622
 0.656
 1.384
 0.777
 0.209
 0.953
 0.969
-0.800
-0.689
-0.507
 1.472
 1.227
 0.720
 1.547
 0.859
 1.993
 1.665
 1.785
 2.079
-0.413
 1.427
 1.720
 0.693
 1.677
 0.918
 2.013
 1.775
 2.959
 1.631
 0.884
 0.268
 1.335
 0.614
 1.147
 0.860
 0.918
 1.542
 1.042
 0.686
 0.960
 0.005
 0.855
-0.586
 1.335
 0.054
-0.018
 0.084
 1.185
 0.940
 0.443
 1.843
 1.125
 1.454
 2.359
 1.209
-0.363
 0.513
-0.115
 0.283
-1.693
 0.342
-0.538
 0.544
-0.617
 0.756
 1.942
 1.434
 1.190
 0.507
 1.620
-0.086
 0.016
 0.340
 0.146
 0.763
 0.394
 0.699
-0.108
 0.545
 0.008
 0.135
 0.090
 1.933
-0.305
-0.462
 1.130
 0.298
 0.363
-0.579
 0.729
 2.127
 0.110
-1.125
 0.399
-0.292
 1.730
-0.760
 1.614
 0.346
 1.096
 2.151
 2.193
 1.102
 1.526
 1.071
-0.420
 0.084
 0.148
 0.109
 0.425
-0.652
 1.283
 0.440
 0.640
-0.303
-1.430
-1.198
 0.431
 0.326
-0.627
 1.761
-0.491
 0.002
-1.981
-0.504
-1.138
-0.566
 0.331
 0.228
-0.483
 0.486
 0.233
 0.454
 0.914
-0.444
 0.738
 1.172
-0.548
 0.422
 0.399
 0.624
-0.753
-0.889
-0.656
-0.509
 0.191
 1.180
 0.306
-0.330
-0.635
 0.315
 0.579
 0.314
 0.874
 0.372
 0.624
-1.292
-0.845
-0.564
 0.364
 0.028
-0.753
 1.171
-0.363
 0.445
-0.043
 0.982
 1.161
 1.082
-0.022
 0.492
 0.571
-0.024
 1.373
-1.135
 0.458
 1.644
 0.893
-0.366
-0.197
-0.302
 1.384
 2.198
 1.950
 0.841
-0.200
 0.161
-0.523
 0.435
 0.393
 0.580
-1.069
 1.688
 1.294
 1.642
 0.835
 0.140
-1.012
 0.415
-0.985
 0.093
-0.166
-0.531
 0.346
 1.064
 0.953
 0.414
 0.167
 0.494
 0.065
-0.945
 0.246
 0.789
-0.302
-1.663
-0.566
-1.441
 0.010
 0.627
 1.241
 0.456
-0.177
-0.136
 0.393
-0.440
 0.232
 1.405
-0.356
-1.030
 0.040
-1.005
-0.714
 0.082
 0.531
-2.155
 0.099
-0.116
 1.370
 2.108
 1.127
 2.661
 0.294
-0.397
 0.511
 1.405
 0.632
 2.493
 1.611
 2.451
 1.187
 0.145
-0.079
 0.630
 0.742
 0.799
 2.500
 2.670
 2.289
 0.599
 0.627
 1.905
 1.104
 1.712
 1.110
 1.364
 1.495
 1.044
 0.636
 0.583
 1.783
 0.554
 2.799
 0.399
 0.105
 0.854
 1.251
 1.850
 1.213
 0.309
 0.399
 0.662
 1.317
 2.823
 1.128
 1.815
-0.808
 0.514
 0.344
 0.407
 2.553
 1.085
 1.325
 1.430
 1.710
 0.943
 1.926
 0.787
 1.185
 2.559
 2.595
 1.355
 1.186
 1.091
 1.105
 1.729
 1.827
 0.044
 0.379
 0.245
 0.624
 1.571
 1.673
-0.379
-0.920
 0.790
 0.723
 0.192
 0.170
 0.989
-0.184
 1.204
 2.247
 0.615
 1.138
 1.102
 0.367
 0.398
 0.468
 0.877
-0.138
 1.475
 1.309
 2.137
 1.709
 1.742
 1.282
 1.541
 1.978
 0.930
 1.913
-0.014
 0.548
-0.222
-0.205
 0.752
-0.187
-0.581
-0.651
-0.148
-1.217
-1.075
-2.078
 0.058
-1.110
-1.393
-0.503
 0.488
 0.425
 1.331
 0.505
 0.774
-0.274
-0.122
 0.107
 1.185
 0.851
-0.214
 0.587
 0.354
 0.887
 0.711
 1.551
 2.837
 0.764
 1.035
 0.658
-0.033
 2.341
 1.145
-0.117
 0.964
-0.045
 1.075
-1.168
-1.025
-2.045
 0.089
 0.486
 0.112
-0.790
-0.161
 0.496
-0.322
 0.953
 0.948
 0.864
 0.670
 0.024
 0.744
 0.779
 2.490
 0.562
 1.881
 1.171
 0.191
 1.136
 1.350
-0.305
 0.221
-0.543
 0.078
-0.506
 0.761
 0.663
-0.619
 0.715
-0.528
 0.472
 0.678
 1.304
 1.708
 0.293
 0.599
 0.801
 0.104
-0.547
-0.601
-0.620
-0.372
-1.354
 0.112
-1.789
 0.369
 0.094
 0.648
-0.454
-0.242
 0.479
 1.313
-0.019
-0.360
 0.411
 0.211
 1.884
 0.579
 0.381
 1.421
 0.825
-0.071
 0.891
-0.462
 1.719
 1.949
 0.716
 0.240
-0.291
 1.300
 0.833
 0.462
 0.486
 0.889
 0.354
 0.596
 2.249
 1.721
 0.456
 0.250
-0.391
 0.352
 0.374
-0.726
 1.474
 1.912
 1.935
 1.083
-0.400
 0.930
 1.188
 0.420
-0.350
 0.905
 0.426
 0.590
 1.424
-0.246
 1.066
 0.834
 0.396
 1.675
 1.640
 1.040
 0.720
 0.924
 2.619
 0.966
 1.662
 1.195
 0.216
 0.802
 1.157
 0.703
 0.578
 0.221
 1.938
-0.075
-0.383
-0.281
 0.224
-0.106
-0.775
-0.209
-1.718
 0.521
 0.520
-0.602
 0.487
 0.409
 1.031
-0.225
-0.215
 0.167
 0.034
-2.006
-0.243
 0.832
 0.448
 0.956
 0.318
-0.718
 0.547
 0.335
 0.230
 1.568
 1.274
 1.813
 1.916
 2.580
-1.126
-1.646
 0.368
-0.801
-0.601
-0.692
 1.047
-0.819
-0.253
-0.600
 0.088
 0.027
 0.699
 0.146
-0.474
-0.378
 1.462
-0.030
 1.183
 1.748
 1.242
 0.497
 0.974
 1.350
 0.967
-0.223
 0.443
 0.496
 0.921
 0.137
-1.530
 0.107
 0.487
 1.183
 1.387
 1.540
 0.261
 1.068
 0.881
 1.605
 0.392
-0.648
-0.306
-0.641
 0.425
 1.220
 0.418
-0.419
-0.683
 0.521
 0.747
 0.387
 1.328
 0.498
 0.681
 1.558
 1.972
 1.302
 1.511
 1.263
 1.362
 1.232
 0.224
-0.140
-1.345
 0.477
 1.665
 3.260
 1.173
 1.097
 2.485
 1.716
 1.066
 0.074
 1.065
 1.178
 1.935
 2.693
 1.082
 0.745
 2.297
 0.652
 0.505
 1.347
 3.342
 1.671
 0.730
 2.340
 2.170
 1.024
 2.285
 2.709
 0.854
-0.535
 0.546
 1.070
-0.187
 0.334
 0.325
 1.626
-0.094
-0.579
-0.136
-0.358
-1.051
-1.132
 0.195
 0.085
-0.594
-0.175
-0.349
-0.123
-0.290
 0.562
-0.502
 0.745
-0.570
-0.459
-2.015
 0.345
-0.946
 1.073
 0.263
-1.263
-0.955
 0.199
 0.221
 0.221
-0.611
-1.107
 0.204
-2.180
-1.223
-0.409
 0.817
 0.591
 0.329
-1.078
-0.451
-1.051
-1.531
 0.384
 0.518
 0.609
 0.287
-0.325
 0.900
-0.333
-0.271
-0.313
 1.191
-0.658
 0.585
 0.855
 0.765
 1.125
 3.138
 0.332
 0.959
 0.529
 0.925
 0.066
 0.969
 0.920
-0.498
-0.963
-0.951
-0.748
 1.421
 1.480
 1.024
-0.238
-0.159
 0.023
 1.864
 2.458
 2.741
 1.109
 1.923
 1.714
-0.140
 0.436
-0.897
-0.758
-1.233
-0.742
 0.990
 0.704
 0.224
-0.115
 1.472
 0.025
 0.241
 0.271
-1.589
 0.765
-0.875
-1.426
-1.788
-0.572
 0.367
-0.103
-1.016
-0.646
 0.354
-1.089
 1.062
-1.182
 0.140
-0.356
 0.575
 0.102
-1.136
 3.532
 0.883
 0.005
 0.211
-1.261
-0.226
-0.285
-0.551
-0.611
-0.025
 0.801
 0.714
 0.127
 0.549
 0.273
-0.448
 1.622
 0.910
 0.780
 1.504
-1.603
-0.842
 0.542
 0.489
 0.500
 1.549
 1.792
 2.143
-0.057
 0.724
-0.091
 0.182
-0.370
-0.042
-0.739
-1.486
-0.651
 0.909
 0.531
 0.566
 1.373
 0.542
-0.455
 0.104
 0.074
 1.057
 1.831
 0.404
 1.097
 1.386
 2.139
 0.360
 2.131
 0.002
 0.871
 1.040
-0.332
 0.931
 1.236
 0.903
 1.488
 0.405
 1.523
 0.688
 0.046
 0.193
 0.852
-0.309
 0.833
 1.590
 0.634
 0.276
-1.006
 1.180
 0.013
 0.254
 1.279
 0.330
-0.812
-2.133
-0.713
-0.675
 1.738
-1.059
-0.349
 0.369
-0.856
 0.624
-0.171
-1.159
-1.147
-0.055
-0.075
-0.638
-0.106
-1.910
-0.693
-0.286
-0.756
-0.639
-1.340
-0.732
-1.056
-0.252
-1.043
-0.613
-1.054
 0.310
-0.037
 1.453
 0.891
 0.686
 0.829
 0.616
 0.051
-0.619
-1.181
 0.282
 0.034
 1.045
-0.013
-1.075
 1.077
 0.934
-1.218
-0.131
-1.183
-0.796
-0.142
 0.084
-1.042
 0.210
-0.963
 0.284
 2.187
 1.122
 1.159
 1.649
 0.069
-0.169
 1.130
-0.578
 1.293
-0.431
-1.127
 0.296
 0.333
 0.027
-0.846
 0.192
-1.048
 0.023
-0.727
 0.303
 0.555
-0.460
 1.897
 0.500
 2.452
 0.447
 0.140
 0.271
-0.266
 0.484
 1.363
 1.220
 0.815
-0.218
 2.134
 0.980
 2.155
 1.069
 0.434
 2.252
 0.381
 1.595
 1.066
 1.545
-0.047
-2.001
-0.933
-1.610
-0.990
-0.593
 0.616
 0.919
 0.489
 0.709
-0.412
 0.063
-1.994
-0.292
 0.639
-0.177
 1.756
-0.646
 1.349
 0.265
-0.543
-0.700
-0.468
 1.703
 0.766
-0.843
-0.092
 1.060
 0.368
 0.692
 0.327
 1.509
 1.862
 0.287
-0.170
 0.511
 0.692
-0.551
-0.077
-1.204
-0.290
-0.779
-1.058
-1.183
-0.794
 0.036
 0.701
 0.925
 0.040
-0.694
 0.245
-0.587
-0.519
-0.501
-0.785
 0.208
 0.337
 0.443
 0.968
 0.124
 0.988
 0.299
 1.170
-0.243
-0.449
 1.589
 1.037
 1.145
 1.442
 0.807
 1.889
 0.143
-0.564
 0.949
 0.991
-0.800
-0.888
-2.076
 0.771
 1.188
 0.272
 1.504
 0.379
 0.910
-1.704
-0.530
-0.232
 0.429
-1.286
-1.010
 0.350
-0.602
-0.819
-1.216
-2.715
-0.660
-0.796
-1.068
-2.184
-1.435
-0.945
-0.739
-0.321
 0.460
 0.162
 0.296
-0.134
-0.024
 0.837
 2.364
 0.430
 0.322
-0.188
 0.410
 0.559
-0.367
 0.029
 0.299
 0.942
 1.634
 0.200
 0.502
-0.602
 0.780
 1.597
 1.480
 2.647
 0.906
 1.053
 1.106
 1.522
-0.324
 0.235
 0.560
-0.667
 0.849
-0.380
 0.697
 0.344
-0.003
-0.309
-0.734
-0.989
-0.739
-1.384
-0.248
-0.801
-0.544
-0.614
 0.906
-0.030
 0.302
 2.734
-0.229
 0.303
 0.524
-0.017
 2.740
 1.198
-0.119
 0.256
 0.176
 0.046
-0.705
 0.889
 0.382
-1.500
 0.662
-0.262
 0.278
 0.658
 0.535
 0.115
 1.228
 0.592
 0.681
 0.176
 0.326
 1.586
 0.876
 0.816
 1.376
 0.341
 1.663
 0.197
 0.225
 0.199
 2.916
 2.340
 1.157
 1.494
 0.941
 1.986
 0.915
 2.519
 2.186
 0.534
 1.192
 1.866
 0.463
-1.210
 0.622
 1.549
 0.226
 1.429
 0.641
 1.636
 0.546
 1.457
 0.749
 2.067
 1.425
 0.442
 1.441
 1.232
 0.592
-0.126
 0.235
 0.077
 0.401
 1.727
 0.719
-0.136
 1.236
 1.882
 0.928
 0.901
 0.330
-1.293
-1.250
 0.807
-0.055
-0.521
 0.718
 0.476
 2.564
 2.303
 0.719
 0.498
 2.342
 0.244
-0.009
 1.291
-0.243
 0.078
 0.973
 0.895
 0.341
 0.229
-0.356
 0.740
-0.295
-1.403
 0.369
-0.138
-0.529
 0.655
-0.691
-1.819
-0.039
-0.197
-0.107
-0.255
 0.718
 0.218
-0.198
 1.242
 2.240
 0.283
 1.104
 0.972
 1.911
 0.816
-0.422
-1.548
-1.555
-1.298
-0.764
 0.701
-0.386
-1.208
 1.570
 0.080
 0.050
 0.429
-0.421
-0.360
 0.184
 1.834
-0.231
 0.065
-1.870
 0.179
 0.036
 1.690
 2.141
 0.799
 0.653
 0.074
 1.118
 1.546
 2.003
 1.040
 1.874
 0.810
 1.180
 0.604
 0.575
 0.603
 1.447
-0.340
 0.073
 0.997
 1.151
 0.266
 1.613
 1.015
 0.066
-1.271
 0.388
-0.442
-1.464
-0.303
-0.171
-1.203
 0.267
-1.888
-0.245
 0.229
-0.859
-0.413
-0.902
-1.222
 0.088
-0.477
 1.012
-0.050
-0.430
-0.562
 0.063
-0.569
 0.349
-0.267
 1.107
-1.097
-1.521
-0.248
 0.351
 1.285
-0.909
-1.466
-0.907
 1.074
 0.767
 1.222
 0.600
 0.960
 0.755
-0.345
 1.145
 0.784
 0.822
-1.147
-1.616
 0.012
-1.113
-0.336
 1.747
 0.555
 0.411
 0.672
-0.529
-1.016
-0.878
-2.011
-0.213
-1.238
-0.761
-1.370
-0.405
-0.960
-1.658
-3.667
 0.074
 0.360
 0.549
-0.848
-0.555
-1.732
-1.030
-0.468
-0.445
-1.953
 0.515
 0.234
-0.284
-0.652
 1.210
 2.304
-1.509
-0.481
 0.248
 1.377
 2.291
 0.603
 2.855
 0.500
 1.319
 1.988
 0.700
 1.551
-0.029
 0.072
 1.440
 0.513
 1.102
 1.195
 1.944
 0.788
 1.314
 1.289
 1.451
 1.378
 0.720
 0.887
 0.312
 0.797
 0.171
 1.558
 0.893
 0.702
 2.140
 0.492
-0.888
 1.895
 1.426
 2.511
 2.312
 2.389
 1.713
 1.374
 0.608
 1.191
-0.131
-1.038
-0.674
-0.029
 0.425
-1.104
 1.253
 0.954
-0.153
 0.813
 2.293
 0.548
 0.424
-0.120
-0.319
-0.381
 0.810
 1.418
 2.323
 0.352
 0.239
 0.548
-0.241
 0.295
 1.166
-1.145
-2.531
 0.122
 0.190
 0.648
 0.498
 0.375
-1.737
-0.436
-0.007
 0.347
-0.210
-0.317
-0.775
-1.692
-1.327
-1.051
-0.195
-1.544
 0.183
-0.584
 0.510
 0.373
 0.069
 1.662
 0.261
 0.063
-1.205
 0.318
-0.306
-0.171
-1.293
-1.277
-2.243
-1.285
-0.274
-1.948
-0.408
-0.247
 0.563
 0.694
 1.444
 0.061
-0.312
 0.928
 1.102
-0.707
 0.004
 0.898
 0.553
 0.932
 1.788
 0.912
 1.346
 0.236
 0.865
 0.599
 1.068
-0.690
 0.015
 1.443
 0.835
 2.271
 0.398
 0.639
 0.697
 0.980
 1.166
 0.729
 0.091
 0.685
 0.526
 0.670
 1.740
-0.074
-0.619
 0.539
 1.795
 0.743
-0.335
 0.171
 0.693
 0.447
-0.695
-0.282
 0.030
-1.058
 0.317
-1.391
-0.774
-0.631
-0.554
-0.335
 0.316
 0.270
 0.838
 0.046
 0.665
 0.393
-0.877
-0.875
-0.023
-0.433
-0.409
-0.567
 0.360
-1.034
-0.607
-0.145
-0.573
 0.809
-0.903
-1.840
 0.976
 1.519
 0.668
 0.365
 0.577
-0.953
 1.967
 1.107
 1.538
 0.451
 0.734
 1.151
 1.276
 0.154
 1.204
 1.137
 0.173
 0.803
-0.204
-0.556
 0.575
-0.970
-0.178
-0.659
-0.197
 0.703
-0.799
-2.464
-1.846
-2.263
-1.824
-1.210
-0.386
 0.247
-0.416
-0.363
-0.144
 0.692
 0.573
-0.874
-0.148
-0.331
-0.029
 0.035
 0.032
 1.434
-0.087
-1.250
 1.054
-0.120
-0.604
-0.759
-0.304
 0.526
-1.304
-0.618
-1.430
-0.338
 0.695
-1.253
-0.094
-2.076
-0.327
-0.911
 0.407
 1.247
-0.509
-0.337
 0.315
-0.035
-1.163
-0.737
-0.570
 0.714
 0.180
-0.268
 0.312
 1.265
-0.610
 2.164
 0.169
 1.387
 1.468
 1.426
 0.653
-0.662
-1.593
-0.790
-1.742
-0.124
 0.453
-0.239
-1.276
-1.922
 1.402
-0.425
 0.084
 1.534
 1.082
 0.630
 0.043
 0.770
-1.078
 1.240
 0.245
-0.399
-0.381
 1.679
 0.956
 0.531
 1.743
 3.953
 2.101
 1.877
 2.179
 0.873
 1.307
 0.494
 0.869
 2.020
-0.539
-0.599
 0.762
 0.548
 1.835
 1.588
 2.062
 1.368
-0.798
 0.012
 0.217
-0.022
 0.343
-0.515
 0.742
-0.023
 1.038
 1.539
 0.535
-0.002
-0.615
 2.771
 0.767
 0.589
 1.181
-0.135
 0.022
 1.354
-0.011
 0.386
-0.096
 0.401
-0.501
 0.071
 1.870
 0.795
 0.817
 0.314
 0.832
-0.345
-0.330
-0.204
 0.383
 0.122
-0.401
 0.786
 0.613
 0.591
-0.160
 1.823
 0.682
-0.150
 0.578
-0.492
-1.599
-0.880
-0.615
-0.602
 0.253
 0.286
 1.032
 0.111
 0.269
-0.586
 0.512
 1.514
-0.040
-0.308
 0.774
 0.413
 1.616
 0.028
 0.248
 0.613
 1.167
 0.655
 0.193
 0.733
 1.316
 0.972
 0.806
-0.289
 0.781
 0.381
-0.375
-0.868
 1.250
 0.673
 0.530
-0.362
-0.038
 0.047
 0.215
 0.031
 0.990
 0.030
-0.914
 0.298
-0.600
 1.176
-0.273
-1.731
 1.155
 0.651
-0.226
 0.329
-0.239
-0.360
-0.413
 0.776
 0.238
 0.061
-1.315
 0.907
 0.042
 0.931
 0.872
-1.248
-0.614
-0.878
-1.037
 0.924
 0.927
 0.318
-0.032
 0.591
 0.292
 0.638
-0.874
 0.775
-0.013
 0.560
 0.491
 0.169
 0.814
-0.524
 0.803
 0.031
-0.400
 1.349
 2.070
 1.362
 1.421
 1.441
 1.556
 0.806
 0.969
 1.968
 0.792
-0.329
 0.284
-0.459
-2.005
-0.414
-0.964
-0.809
-0.190
 0.709
 1.648
 1.946
 0.411
 0.195
 1.573
-0.086
-0.180
 0.584
 0.055
-0.028
 0.425
-0.247
 0.544
-1.133
-1.864
 0.326
 0.508
 0.537
 0.373
 0.156
 0.031
 1.312
 0.654
 0.168
 0.409
 0.725
 1.226
 1.485
 0.724
 2.746
-0.266
-1.682
-0.422
-0.258
 0.723
 0.025
 0.968
 0.773
 1.132
 0.785
 2.027
 1.678
 2.164
 1.092
 0.838
 0.902
-0.806
 0.153
 1.217
 1.816
 2.051
 1.007
-0.152
 1.549
 1.933
 0.349
 0.726
 0.603
-0.084
 0.266
 0.360
 0.475
 0.459
 1.174
 1.335
-0.428
-0.372
 0.681
 1.418
 2.022
 1.631
 0.215
 0.272
-0.158
-0.225
-0.437
 0.345
 1.829
 0.120
-0.253
 0.235
 0.017
 0.834
 0.280
-0.043
-0.604
-0.119
-0.215
 0.615
-0.544
 1.743
 0.178
 0.947
 2.026
-0.658
-1.626
-0.199
-0.151
-0.260
 0.216
-0.047
-0.409
-0.701
 0.406
 0.107
 0.127
 0.131
-0.392
 0.467
-0.873
-0.940
-0.044
-0.699
 0.463
 1.073
 1.864
 1.454
 0.581
 2.008
 0.823
 0.550
 1.264
 0.365
-1.130
 1.577
 0.341
-0.211
-1.059
 0.764
-0.179
-0.594
 0.503
 0.018
 0.238
-0.020
 1.205
-0.370
 0.752
 0.245
-0.623
 0.403