57
-0.010
-1.140
 0.295
-0.739
-0.889
-0.041
-1.265
-1.360
-0.650
 0.113
 0.689
 0.977
-0.103
-0.339
 0.235
-0.487
 0.757
 0.311
 1.613
 1.514
 2.055
 2.257
 1.496
 1.486
-0.569
 0.981
 0.744
 0.354
 0.165
 0.409
-0.238
 0.648
-0.453
-1.054
 0.179
-0.417
-0.239
-0.895
-1.396
-0.733
 0.407
 0.478
 1.636
 0.896
-0.490
-0.089
 0.267
-0.910
 0.935
 0.845
 0.335
 0.524
-1.769
-0.177
-0.039
 1.137
-0.126
-0.462
-0.153
-0.644
 0.643
-0.226
 0.833
 0.556
-0.174
 0.588
-1.425
-0.765
-0.007
-0.291
-0.600
-0.725
 1.509
 0.718
-0.393
-0.791
-0.027
 0.170
-0.999
-1.396
-0.969
-0.778
 0.840
 1.361
-0.033
-1.194
-1.192
-1.554
-0.957
-0.874
 0.501
 2.769
 1.065
-0.994
 1.382
-1.265
-0.118
-0.357
 1.183
-0.762
-1.649
-0.806
-0.052
 0.591
-0.339
-1.186
-0.553
-1.020
-0.452
-1.688
-0.572
-1.040
-0.956
-0.751
-0.270
-0.851
-0.815
-0.025
 0.051
-0.923
 0.476
 1.464
 0.642
 1.121
-2.536
-1.183
-1.064
 0.107
-0.140
-1.584
-0.302
-0.413
-2.657
-1.656
-1.955
-0.062
-1.751
-2.495
-1.248
-2.343
 0.711
-0.141
 0.174
-0.460
-0.303
-0.303
-0.915
-1.461
 0.028
-0.990
-0.859
-1.590
-2.547
-1.252
 0.614
-0.563
 0.047
 0.043
 0.770
 0.730
 1.497
 1.336
 0.339
-0.985
-0.932
-0.049
 0.054
-1.726
-0.288
-0.982
-1.789
-0.544
-1.060
 1.087
-1.548
-0.771
-0.827
 0.171
 0.616
 0.350
 1.030
 0.912
-0.388
-0.168
-0.126
-0.135
-1.409
-0.286
 0.166
-0.647
-2.329
-0.738
-1.442
-0.090
-0.150
-0.204
-0.311
-0.998
-1.529
-1.978
-2.334
-1.748
-0.941
-1.925
-1.650
-1.140
-1.214
-0.117
 0.391
-0.408
 0.615
 1.448
 1.278
 0.234
-1.448
-2.551
-1.894
 0.005
-1.113
-0.335
-1.599
-1.452
-1.642
-0.298
-1.361
 0.195
-0.731
 0.321
 0.411
-0.167
 0.201
-0.086
-1.504
-1.637
-1.168
-1.099
-1.553
-1.019
-0.616
-0.450
 1.649
-0.159
 1.850
 1.114
-1.568
 0.089
-1.148
-0.076
 0.772
-1.816
 0.450
 0.836
-1.227
 0.645
 0.883
 1.312
 1.230
 0.581
-0.137
-0.624
-0.737
-0.850
-0.653
 0.049
 0.191
 0.750
-1.067
 0.950
-1.141
 1.136
 0.323
-0.369
-1.106
 0.396
-2.128
-0.783
-1.846
-2.010
-1.337
-1.134
-1.136
-1.146
-1.401
-0.210
-0.988
-0.664
-1.755
-2.299
-1.363
-2.103
-2.788
-1.607
-1.857
-0.694
-1.869
-2.075
-2.811
-2.704
-1.077
-0.645
-0.587
-0.863
-2.020
-1.685
-1.237
-2.644
-2.918
 0.226
-0.772
-1.128
-1.389
-0.108
-1.726
-1.303
-0.986
-1.514
-2.296
-0.314
-1.211
-0.355
-0.447
-0.435
-1.405
-0.301
-0.213
-0.635
-0.281
-0.671
-0.718
-0.075
 0.670
 0.220
 0.828
 1.216
 0.682
-0.813
-0.280
-0.398
-0.282
-0.142
-0.044
-0.380
 0.114
 0.297
-0.972
-0.122
 0.662
-0.256
 1.325
 0.208
-0.895
-0.011
 0.406
 0.490
-1.635
-0.539
-1.227
 0.220
-0.804
-0.272
-0.156
-0.747
-0.158
 0.992
-0.736
-0.348
 0.638
 0.730
 1.171
 1.709
 0.693
 0.556
 1.103
-0.700
 0.351
-0.760
 0.065
 0.473
 0.939
 1.454
 0.711
 1.375
 0.291
-0.067
 0.584
 0.698
-1.029
-1.308
 0.099
 1.659
 1.072
 1.152
-0.774
-0.328
 2.699
 1.514
 0.655
 0.152
-0.611
-0.386
-0.767
-1.044
-1.015
 0.113
 0.378
 0.184
-0.398
-0.778
 0.207
 0.862
 0.465
 0.129
 1.374
-0.886
 0.898
 0.188
-0.320
 1.168
-0.473
 0.579
-0.197
 1.045
 0.931
 0.077
 0.034
 0.459
 0.582
-0.621
-0.515
-0.995
-0.366
-1.003
 0.130
-0.756
-0.209
-0.038
-0.369
-1.525
-0.167
-0.454
 0.391
-0.461
-0.699
-1.437
-0.657
-0.693
-0.709
-2.703
-0.691
 0.423
-1.122
-0.127
 0.236
 0.411
-0.274
 0.036
-0.451
-1.055
-0.169
 1.442
-0.311
 1.204
 0.248
-0.593
 2.016
 1.841
 2.296
 1.334
 0.148
 0.121
-0.410
 0.952
 1.549
 0.824
 1.037
 1.196
 0.691
 0.505
 2.114
 0.398
 1.001
 1.398
 0.485
 1.325
 1.723
 0.903
 0.423
-0.676
 0.137
 1.523
 1.149
 0.958
 1.326
 2.357
 0.736
-0.309
 0.557
 0.131
 0.035
 1.073
-0.124
 0.299
-1.152
 1.682
-0.598
-2.435
-0.866
 0.457
-0.452
 1.158
 0.942
 0.856
-0.623
-0.096
-0.415
-0.914
-2.063
-0.870
-0.613
-0.930
 0.051
-0.351
-0.060
-0.519
 0.041
 0.348
 0.685
 1.518
 1.600
 1.658
 1.621
 1.402
 0.762
 1.247
-0.614
-0.877
 1.390
 0.377
 0.076
-0.009
 0.340
 0.097
 1.071
 1.026
 1.402
 0.811
 1.048
 0.146
-1.158
 0.753
 1.961
 2.130
 1.601
 2.375
 1.853
 0.929
-0.035
 1.312
 1.406
-0.794
-0.685
 0.662
 0.424
 0.557
-0.004
-0.076
-0.173
-0.659
 1.551
 0.417
-0.139
 0.697
 1.362
 0.719
 2.848
 0.727
 0.447
 0.536
 0.365
 0.440
-0.072
 0.987
-0.319
 0.758
 0.047
 0.399
-0.688
 0.088
-0.041
 1.245
 0.559
-0.672
 1.286
 1.435
 1.246
-0.635
 0.363
 2.167
 1.722
-0.969
 2.075
 2.265
 1.544
 1.474
-0.532
 1.024
 1.333
 1.020
 0.182
 1.090
-0.057
 0.804
 0.289
 0.551
 0.051
 0.100
-0.387
-0.116
-0.557
-0.846
-0.055
 0.160
 0.656
 0.778
 0.151
-0.234
 0.395
-0.245
-1.204
-1.577
-2.883
-2.352
 0.024
-0.289
-1.032
-1.136
-0.764
-0.120
-0.210
 1.063
 0.753
-1.040
-0.156
-1.224
 0.032
 1.002
 0.171
-0.237
-1.334
-0.666
-0.987
 0.719
 0.350
 1.094
 0.903
-0.346
-0.943
-1.950
-0.359
-0.013
 1.148
-0.353
 0.389
 0.027
 0.518
 1.522
 0.502
 0.239
 1.504
 0.000
-1.323
-0.761
 0.337
 0.016
-0.053
-1.292
-0.799
-0.044
 0.147
 0.325
-1.602
-0.145
 0.577
 0.102
-0.916
-1.254
-2.249
-0.489
-0.453
-1.912
-1.308
-0.559
 0.463
 0.791
-0.236
-0.959
-0.396
-0.258
 0.655
 0.010
-2.093
-1.181
-1.446
-1.537
-1.000
 0.024
-0.758
-0.742
-2.516
 0.016
-1.337
-0.875
-0.357
-1.664
-1.174
 0.094
-0.009
-0.630
 0.074
-1.297
 0.729
 0.512
-2.341
-0.235
-1.034
-2.022
-0.108
 0.458
-0.489
-0.190
 0.044
 0.586
 0.499
-0.489
-1.048
-1.165
-0.767
-2.126
-0.917
-0.996
-1.071
-1.844
-0.189
-0.846
-2.327
-2.330
-0.650
-1.210
-1.179
-0.192
-1.336
-0.254
-1.152
 0.219
-0.470
-0.594
-0.258
 0.030
-0.738
 0.028
 0.750
 0.055
-1.399
-1.785
 0.501
 0.366
-0.741
-0.611
-0.085
 0.471
-0.061
-0.157
-1.136
-1.770
-1.130
-0.429
-0.129
-1.736
-0.397
 0.591
 0.526
-0.498
 0.128
-0.748
-1.993
 0.154
-0.078
-0.899
-0.802
-0.123
 0.652
-0.924
-1.178
-1.271
-1.168
-1.143
-2.888
-1.019
-0.008
-0.007
-1.523
-1.598
 0.029
-1.757
-1.095
-1.487
-2.102
-0.965
 0.293
-0.721
-1.748
-2.084
-1.035
-1.931
-1.576
-1.574
-0.785
-1.424
-1.779
-0.627
-1.782
-1.749
-1.966
-1.206
-2.579
-3.301
-2.190
-0.566
-1.814
-1.169
-0.699
-1.755
-1.269
-0.150
-1.180
-1.664
-1.574
-1.965
-1.065
-0.658
 0.112
-2.827
-2.567
-3.060
-2.098
-1.729
-2.184
-0.787
-1.329
-2.370
-1.421
-1.535
-1.369
-1.469
-0.541
-1.750
-1.014
-1.427
-0.251
 1.016
 0.190
-0.687
-0.703
-1.732
-0.586
 0.798
-1.015
-0.323
-1.088
-0.082
-1.187
-1.244
-0.417
-1.174
-0.262
 0.565
-0.555
-0.511
-0.980
-0.246
-0.427
-0.535
-0.945
 1.463
 0.145
 0.524
 0.578
 0.129
-0.100
 1.935
 0.821
 1.162
 0.684
 0.991
-0.207
 0.144
 0.435
 1.640
 0.148
-1.425
 0.200
 0.162
 0.110
 0.218
 0.325
-0.414
-0.311
 0.689
 0.437
-0.309
-0.586
-1.223
-1.837
-0.675
-0.709
-0.240
-1.133
-1.434
-1.575
 0.122
-0.977
-1.301
 0.295
-0.231
 0.080
-0.686
-1.273
-1.040
-0.601
 0.357
 2.385
 2.286
 0.298
 0.610
 1.485
-0.605
 0.759
 1.318
 1.671
 2.336
 0.434
-0.884
-0.624
 1.507
 0.198
-0.165
 0.055
-1.001
 0.004
 0.869
 0.062
 1.508
 0.978
 0.414
-0.477
-0.669
 0.136
-0.357
-0.249
 0.379
 0.054
 1.649
 1.356
 1.518
 1.078
 0.266
 1.009
 1.166
-0.232
-0.946
 0.529
-0.423
-1.652
 0.356
 0.318
-0.572
 0.264
 0.566
 0.979
-1.124
-1.097
-1.117
 0.354
-0.762
 0.394
 0.176
 0.352
-0.264
-0.604
 0.787
-1.986
-0.810
-1.427
-1.508
 0.512
 0.099
 0.083
 0.498
-1.889
-1.585
-1.736
-2.504
-1.023
-0.660
-0.552
-2.090
-2.155
-1.125
-0.321
-0.880
-2.409
 0.254
-0.350
 0.359
-0.005
-1.051
 0.206
 0.005
-0.135
 0.214
-0.154
-1.138
-0.507
-0.083
 0.059
-0.018
-1.748
-0.722
-1.594
-0.702
-0.087
-0.216
-0.232
-0.545
-0.153
 0.215
 0.271
-0.136
-1.832
 0.456
 0.162
 0.926
-0.482
-0.772
-1.004
 1.088
-0.053
 0.204
 1.221
 0.545
 0.485
 0.262
-0.855
 1.025
 1.028
-0.755
 0.112
 0.875
 1.214
 1.320
 0.833
 0.083
 0.585
-0.371
 0.226
 0.500
 0.002
 0.525
-1.214
-1.339
 0.051
-0.506
-0.353
-1.474
-0.752
-1.857
-2.426
-1.710
-1.707
-0.265
-0.613
-1.087
-2.130
-1.503
-1.059
-1.602
-0.851
-0.120
-1.348
-0.774
-1.088
 0.540
 0.072
 0.971
-1.317
 0.118
 1.135
 1.037
 0.219
-1.154
-0.465
 0.707
-0.479
-0.633
-0.436
-0.168
-0.010
 0.436
 0.001
 0.210
 0.478
-1.319
-0.044
-0.471
 0.101
 0.728
-0.391
-0.104
 0.911
-0.260
 0.017
-0.320
 1.420
-0.511
 0.584
 0.891
-0.399
-1.350
-0.345
-1.399
-1.723
-1.510
-1.516
-1.640
-1.548
-1.093
-0.294
-0.257
 0.359
 0.227
 0.402
 0.507
 1.300
-0.001
-0.165
-0.637
-0.482
 0.800
 1.247
-0.823
-0.598
 0.944
 1.226
-0.097
-0.925
-0.108
-0.477
 0.104
 0.454
 1.101
-0.436
-0.516
-0.374
 0.170
 0.861
 0.465
-0.603
-1.740
-1.479
-1.796
 0.443
-2.157
-0.232
 0.127
-1.026
 0.113
-0.557
 0.271
-0.839
 0.406
-0.350
-0.926
 0.326
 0.395
-0.531
-0.244
 0.463
-0.262
 0.436
-0.011
 1.477
 1.756
 0.866
 0.488
 0.970
 1.327
-0.870
 0.325
 0.418
-0.702
-0.682
 0.743
 1.303
-0.010
 0.333
-0.080
-0.541
-0.334
 0.004
 1.267
-0.808
-0.319
-0.741
-0.899
 0.608
 0.480
 0.006
-0.133
-0.263
-0.707
-1.174
 0.368
 0.013
-0.902
-0.681
-0.536
-0.691
 0.456
-0.087
-0.130
 1.453
 0.305
 0.990
 0.564
 0.577
-0.679
-1.634
-0.745
 0.181
 0.402
 1.514
 0.860
 0.660
 1.185
 0.739
 0.982
-0.574
 0.143
-0.685
-0.481
 0.258
-0.604
 0.102
 0.256
 0.766
 0.728
 0.205
 0.300
-0.720
 0.168
-1.652
-1.039
 0.346
 1.505
 0.377
-0.999
-0.970
-1.882
-0.824
-0.193
-1.987
-1.785
 0.961
-1.084
-0.982
-0.398
-1.670
-0.614
 0.016
 0.517
 0.653
-0.769
 0.241
 0.546
 0.369
 0.634
 0.938
 0.401
-0.763
-0.294
-0.905
-0.234
 1.665
-0.382
-0.569
-0.990
-0.698
-0.769
 0.171
 1.900
-0.348
 0.372
 0.676
 1.025
 0.263
 1.520
 0.277
 0.451
 0.714
 0.119
-0.515
 1.681
 0.410
-1.526
-0.731
-1.067
-0.673
-0.188
 0.223
-0.629
-0.356
-0.733
 1.310
 0.919
 1.133
 1.245
 0.742
 0.270
-0.078
 0.459
 1.643
-0.083
 0.474
-0.078
 1.797
 2.299
 1.850
 1.501
 1.134
 0.103
 1.058
 0.676
 1.869
-1.459
 1.754
 0.712
 0.160
-0.093
 0.457
 0.569
 1.709
 0.286
-0.418
-0.070
-0.636
 0.500
 0.489
-0.714
-1.830
-0.994
-0.436
-1.845
 1.199
 0.210
 0.477
 0.718
 0.408
-0.679
 0.317
-0.739
-0.342
-0.277
-0.619
-2.326
-0.111
-1.173
 0.362
 0.093
 0.829
-0.065
-0.225
 0.017
 0.768
 0.652
-0.370
 0.578
 0.683
-1.121
-0.766
-0.962
-0.417
 0.569
-0.067
-0.477
 0.382
-1.214
 0.403
 0.240
 0.342
 0.876
 1.585
 0.441
-2.111
-0.271
-0.236
-1.485
-0.768
 0.331
 0.531
-0.650
 0.504
 1.414
 0.077
 0.174
-0.094
 0.683
-0.546
-1.002
-1.804
 0.350
-1.361
-1.704
-1.734
 0.903
 0.402
 0.388
 0.953
-0.493
 1.282
 1.606
 0.749
 0.176
 0.029
 0.597
 0.190
 0.665
 1.655
 0.540
 0.112
-2.050
-0.410
-0.027
-1.323
-0.827
-0.067
-0.554
-1.474
 0.420
-0.793
 0.393
-0.097
-0.388
 0.441
-0.068
-0.657
 0.574
-1.090
 1.003
 0.570
-0.586
 0.432
-0.594
 0.931
 0.380
 0.019
-0.150
-0.612
 0.024
 0.084
-1.033
-0.629
 1.066
-0.241
 0.100
-0.282
-0.675
-0.047
 0.017
-1.257
-0.649
 0.053
-1.455
-0.152
-0.597
-0.474
 0.679
 1.099
 0.440
 0.385
 0.257
 1.650
-0.375
-1.053
-0.486
-0.907
-0.405
-1.000
-1.204
-0.610
-0.519
 0.892
-0.214
-1.268
-0.183
-0.213
 0.741
 0.208
-0.545
 0.201
 0.188
 0.096
 0.709
 0.731
 1.219
 0.819
-0.614
 2.325
 0.542
-1.173
 0.391
 0.832
 1.993
 1.774
 0.903
 0.415
 0.443
-1.233
-0.664
 0.130
-1.024
 0.878
 0.103
 1.234
 0.819
 1.267
 0.279
-0.493
-0.106
 1.291
 1.468
 0.723
 0.576
-0.211
 1.612
-0.212
 0.733
-0.693
 1.168
 1.650
-0.272
-0.060
 0.686
 1.581
 0.292
 0.768
 0.652
 0.701
 0.276
 0.754
-1.097
-0.532
 0.398
 0.830
 1.138
 1.137
-0.868
-0.346
-0.829
-0.764
-0.226
-0.526
-0.712
 0.009
 0.751
 1.267
 0.057
-0.836
-1.387
-0.178
 1.247
 1.045
-0.039
-0.826
 0.584
 0.481
-0.261
-1.055
-0.907
 0.475
-0.384
-1.436
-1.089
-0.709
-0.514
-1.252
-0.359
-0.767
-1.410
-0.884
-2.412
-0.990
 0.007
 0.531
-0.437
-0.565
 0.277
-0.342
-0.847
 0.056
 1.330
 0.380
-0.545
-1.324
-2.404
-0.847
 0.795
 1.013
 0.093
 1.138
 0.737
 1.033
-0.117
 0.580
 1.017
 1.501
 1.058
 0.562
 0.224
 0.592
-0.414
-0.355
 0.015
 0.330
 0.635
 0.490
 1.421
 0.074
-0.212
-0.805
-1.273
 0.774
 1.053
-2.226
-0.966
 0.176
-0.536
-2.121
-0.753
 0.152
-0.405
 0.248
-0.894
-2.188
 0.290
 1.096
 0.084
 0.184
 0.067
 1.724
-0.719
-0.779
 1.855
 1.379
 0.882
 0.810
-0.319
-1.236
-0.624
-0.433
 0.152
 0.410
 1.019
 1.397
 0.790
-0.517
 0.239
-1.527
 0.394
 1.043
 1.181
 1.573
-0.017
-0.326
 0.322
 0.282
 0.530
-1.151
-0.999
-0.771
-1.240
-1.140
-0.342
-0.856
-0.717
-1.317
-1.130
-0.612
-0.045
-0.172
-1.375
 1.077
 0.061
-1.612
-2.508
-0.823
 0.228
-1.205
-0.088
-0.323
-0.225
-1.989
-0.525
-0.704
 0.602
-1.412
-0.514
 0.561
-0.384
 0.067
 1.099
 0.572
 0.291
-0.445
 0.104
-0.152
-0.501
 0.084
-0.145
 0.329
 1.479
 0.917
 1.328
 0.873
 1.082
 1.360
 1.393
-0.468
-1.167
-0.012
-0.178
 0.350
 0.098
-0.169
-0.266
-0.983
-1.443
-1.626
-1.379
-0.383
-1.349
-0.527
-0.366
-0.650
-0.649
 0.536
-0.326
-1.254
 1.365
 1.056
-0.269
-0.048
 0.316
-1.516
-1.287
-0.327
-1.689
-2.357
 0.285
-1.242
-0.857
 0.150
 0.263
-0.134
 0.535
 0.320
 0.957
 1.041
 1.114
-0.003
 1.827
 2.884
 1.438
 0.728
 1.699
 1.050
 0.048
 2.015
 2.334
 0.981
 1.890
-0.188
-1.620
-0.262
-1.320
 1.616
-0.268
-0.308
 0.659
-0.251
 0.300
 0.323
 1.208
 1.132
 1.425
 0.774
-0.184
 0.119
-0.861
-0.581
-1.531
 0.823
 0.918
 0.964
-0.706
 1.894
-0.251
 1.989
 0.747
-1.194
 0.614
 1.094
 1.026
 1.006
 0.122
-0.391
-0.939
-0.893
-0.634
 0.220
 1.318
 1.658
 0.813
 0.905
 1.626
 1.053
 1.304
 1.556
 0.510
-0.872
 0.009
-0.424
-0.186
-0.463
 0.008
 1.107
 2.029
 0.460
 3.065
 0.613
 0.354
 0.118
-0.322
-0.040
 0.998
-0.407
-0.567
 0.389
-0.066
 0.268
 0.852
 1.537
 1.120
-0.086
-0.475
-2.116
 0.332
 0.537
-0.603
 1.110
-0.408
-0.592
-0.409
 0.330
 1.170
-0.074
 0.345
 0.408
 0.872
 0.129
 1.004
 0.165
 0.698
-0.423
 0.281
 0.377
 1.035
-0.529
 0.607
 0.043
 0.905
 0.795
 0.472
 0.591
-0.514
 0.316
-0.412
 0.406
-0.336
-1.068
-0.343
-0.402
 0.927
-0.184
 0.733
-0.160
 0.879
-0.443
 1.407
 1.968
-0.005
-0.071
-2.187
-1.091
-0.223
-0.078
 1.425
 1.464
-0.321
-1.425
-1.190
 0.051
 0.023
 0.063
-0.902
 0.486
 1.082
 1.140
 0.915
-0.836
-0.293
-0.528
-1.308
-0.568
 0.758
 1.364
 0.243
 1.041
 1.356
 0.821
 0.528
-0.240
 0.448
 0.596
 1.672
 1.288
-0.920
 0.194
 0.518
 1.316
-0.202
 1.285
 0.096
-0.877
-0.641
-0.500
 0.228
 0.516
 0.030
 0.017
-0.109
 0.869
 0.199
 1.660
 1.710
 1.608
 2.215
 0.751
 0.753
 3.713
 1.749
 0.494
-0.653
-0.670
 2.233
-1.270
-0.692
-0.054
 0.045
-1.171
 1.513
 0.449
-0.075
-0.430
 0.587
 0.895
 1.147
 0.449
 1.363
 1.931
 0.005
 1.178
-0.370
 1.468
 1.079
 0.243
 0.693
 0.689
 1.173
-0.700
-0.484
 0.246
-0.214
-0.078
 0.174
 0.309
 0.288
 0.165
 0.447
 0.137
 1.996
 1.719
 1.812
 0.622
 0.253
-0.343
 0.132
 0.047
-0.609
 1.662
 1.757
-0.622
 2.170
 0.883
-0.195
-0.065
-0.900
-1.542
 0.609
 0.622
-0.369
 0.654
-0.328
 0.386
 0.264
-1.380
-1.080
-0.752
-0.568
 0.245
 1.658
-0.119
-0.786
-0.563
-0.092
 0.065
 1.182
 0.928
 0.754
-1.006
 0.437
 0.112
 0.999
 0.160
 0.463
 0.209
 0.327
-1.081
-0.581
 0.822
-0.313
-0.828
-1.353
-0.100
 0.041
 0.622
-0.295
 1.332
 0.733
 0.364
-1.276
 0.910
 0.840
 1.072
 0.041
-1.028
-2.208
-0.199
-0.313
 0.459
-0.360
-0.099
 1.574
 0.415
 0.281
-0.044
 0.421
-0.008
 0.478
 0.683
 0.015
-0.883
-0.274
 0.022
-0.172
 0.678
-0.260
-0.726
-0.430
-0.157
 1.454
-0.359
-0.294
-0.704
-0.861
 0.449
 0.170
 0.055
 0.939
 0.470
-0.519
-0.195
-0.851
 0.493
-0.357
-1.549
-2.245
-0.688
-1.762
 1.100
-0.227
-0.771
-0.499
 0.176
 0.439
 0.307
 0.676
 0.192
-0.649
-0.429
 1.318
-0.019
 0.118
-0.419
 0.589
 0.416
-0.503
-2.310
-0.022
-0.719
 0.490
 0.614
 0.085
-0.131
-0.714
 1.234
 2.804
 0.820
 1.090
 0.059
-0.046
-0.220
-0.038
 0.771
 0.767
-0.389
-0.556
-0.495
-2.075
-0.142
-0.491
 0.020
 0.651
 1.583
 0.163
 1.476
 1.949
-1.485
 0.274
-0.669
-0.374
 0.636
 0.327
 0.599
-0.719
-0.490
-0.623
-1.054
-1.257
-1.505
 0.198
 0.990
-0.126
 0.519
-0.277
-1.486
 1.019
-0.231
-1.049
 0.020
 1.966
 1.759
 0.714
 0.300
 0.419
-0.054
-0.893
-0.980
-0.325
-0.175
 0.441
 0.200
 0.586
 0.470
 0.041
 0.288
-0.209
-0.164
 0.625
 0.024
-0.473
-1.077
-1.090
-1.223
 0.087
 0.157
-0.331
-0.246
-0.354
-0.143
 0.118
 0.799
-0.545
-0.750
-0.617
-0.737
-0.933
 0.080
-0.529
-1.313
-0.959
-0.081
 2.018
 0.009
 0.107
-1.355
 0.814
-0.145
 0.270
 0.059
-0.542
-0.778
-0.832
-1.281
 0.711
-0.443
-0.780
-0.785
-0.655
 0.134
-0.683
-0.112
 0.594
-0.858
-0.312
-0.170
-0.656
 0.265
-0.154
-0.919
 0.096
-0.251
-0.288
 1.331
 0.151
-1.799
-0.869
-0.229
-1.237
 0.282
 0.462
-0.813
-0.163
 0.672
 0.142
-1.063
-1.456
 0.162
-0.441
 0.951
-0.212
 0.512
 0.377
-0.825
-0.449
-1.764
 0.458
 0.461
 0.364
-0.656
-0.231
 0.691
-1.112
 0.604
 1.369
 1.173
 1.657
-0.001
-0.170
 0.351
 1.142
 0.107
-0.209
 0.534
 0.873
-0.170
 0.091
-0.990
-0.555
-0.067
-2.162
-1.326
-0.072
 0.533
 1.701
 0.547
 0.734
 0.949
 0.487
 0.243
 0.047
 1.109
 0.448
 1.107
 1.199
 1.900
 0.567
 1.499
-0.262
-0.253
-0.498
-0.744
 0.551
 1.286
 1.458
 0.681
 0.391
-0.566
-1.549
 0.086
 0.695
-0.665
 1.017
-0.622
-1.207
 0.748
-0.669
-0.053
 0.447
-0.049
-0.487
-1.692
 1.159
-1.611
 0.225
-1.308
-1.518
-0.943
-0.231
 0.046
-0.920
-0.712
 0.161
-0.298
-0.600
-1.343
-0.135
-0.179
-0.900
-0.668
 0.026
-1.874
-2.653
-1.738
-0.193
 1.632
-0.066
-0.033
 0.545
 0.580
-1.571
 0.165
 1.895
 2.204
 0.603
 1.174
 1.589
 0.650
 0.608
-0.038
-0.782
 0.137
 0.555
-0.450
 1.189
-1.487
-2.351
-0.419
-1.478
-1.790
-1.762
-1.016
-1.611
 0.298
-0.034
-1.073
 0.892
 0.597
-0.096
 0.651
 0.214
 2.296
 1.352
 0.880
-0.376
-0.806
-0.663
-0.142
-0.643
-0.541
-0.690
 0.093
-0.239
-0.760
-1.634
-0.840
-1.189
-0.482
-0.479
-1.725
-0.503
-1.367
-0.122
-0.819
-0.176
 0.704
 0.544
 1.065
-0.198
 0.361
-1.439
-0.612
-0.888
-1.677
-2.802
-1.497
-1.021
-0.549
-1.222
-1.026
-1.899
 0.034
-0.865
-0.962
-0.346
-0.682
 0.186
 0.709
 0.220
 0.034
-0.773
 0.780
 0.699
 0.273
 0.726
-0.777
-0.352
-0.894
 1.762
-0.482
-0.296
-0.215
-0.926
-0.283
 0.160
-0.578
-0.087
 0.454
-0.612
-0.149
-1.137
-1.059
-1.351
-1.807
-1.639
-2.458
-1.362
-0.411
 0.451
-0.993
 0.099
-0.436
-0.771
-0.785
 0.158
 0.409
 1.311
 1.916
 1.141
 0.089
-0.814
-0.462
 0.297
 0.007
-0.128
 0.017
-0.195
-1.308
 0.059
-0.320
 0.156
 0.611
 1.213
-0.817
-0.425
-0.490
-0.816
-0.774
 2.230
 0.877
-0.305
 0.095
-0.248
 1.148
 0.915
-2.269
-1.003
 0.070
 0.479
 0.851
 0.253
-0.852
 0.288
-1.409
 0.273
 0.029
-0.899
 0.276
-1.063
-0.645
-1.712
-1.185
-1.638
-0.905
 0.111
-0.493
-0.730
 0.549
-0.044
-1.048
-0.885
-0.210
-1.285
-0.268
 0.251
 0.014
 1.447
 2.016
 0.398
-0.208
 1.132
 0.880
 0.514
 1.040
 0.780
 0.389
-0.691
 0.110
-0.353
-0.063
 1.313
-0.448
-1.103
-0.448
-0.866
 0.139
-0.059
-0.897
-0.181
-0.167
-1.203
-1.036
-0.300
-1.697
-1.429
-1.368
-1.650
-0.721
-0.120
-1.632
-1.977
-0.833
-0.574
 0.611
 0.635
 1.006
 1.465
-0.479
 0.378
-0.024
 0.025
-0.355
-0.869
-1.488
 0.105
 0.080
-2.195
-2.144
-1.579
-2.103
-1.017
-1.281
-0.461
 0.351
 0.051
-0.465
-1.401
 1.403
-1.374
 1.587
-0.754
-0.430
-0.544
-0.522
-1.228
-0.996
 0.217
 0.211
 0.459
-0.364
 0.591
-0.363
-1.319
-1.047
-0.720
-1.793
-1.074
 0.638
-0.671
 0.124
-0.951
-1.452
-0.388
-2.048
-1.708
-0.147
-1.129
-1.609
-1.063
-0.548
-0.408
 1.317
 0.358
-0.818
 0.343
 1.808
 0.839
 1.781
-0.082
 0.606
-0.277
-0.306
-0.157
-0.577
-0.620
-0.543
 0.341
 0.861
 0.737
 0.774
 0.938
 0.497
 0.489
-0.260
 0.711
-0.526
-0.935
-0.343
 0.602
 1.015
 2.007
 1.828
 0.937
-0.589
-1.291
-1.738
 0.454
-1.707
-0.982
-0.806
-0.566
-2.792
-1.000
-0.795
 1.040
-0.082
 0.372
 0.188
-0.805
 1.371
 0.385
 0.528
-0.918
-0.427
-0.510
 0.826
-0.483
 0.611
 0.251
 1.314
 0.189
-0.464
-0.428
 0.331
 0.575
-1.247
 0.259
-0.282
-0.769
 1.095
-0.497
-1.490
-1.492
-0.860
-0.460
-0.116
 0.671
-1.451
 1.245
-0.509
 0.663
 0.152
 0.128
 0.006
-0.807
-0.602
-1.826
-0.298
-2.400
-0.485
 0.210
 0.304
 0.945
 0.102
 0.324
-0.258
 0.570
 0.082
-0.490
 0.815
 1.524
-0.191
 0.835
-0.498
-1.191
 0.388
 0.093
 0.561
 0.104
-0.282
 0.129
-0.429
 0.291
 1.052
-0.489
 0.540
 0.271
-0.822
-0.409
-0.909
-1.204
-0.341
 1.441
-0.490
-1.747
-0.780
-0.082
-0.410
-0.872
-0.521
-0.431
-0.051
 0.233
-0.806
 0.696
 0.406
 0.241
 0.688
-0.606
 0.438
-0.905
-0.133
 0.377
 0.413
-0.147
 0.982
-1.204
-1.165
-0.549
-1.132
-2.753
-0.701
 0.008
 0.353
-0.649
-0.677
 0.008
-0.319
-0.746
-0.295
-0.461
 0.137
-0.587
 0.250
 0.362
-0.160
-0.806
-1.404
-1.132
-1.834
-1.848
 0.218
-0.463
-1.285
 1.498
 1.022
 0.228
 0.554
 0.204
 0.030
-1.640
-0.598
 0.572
-0.143
-1.310
 0.980
 1.103
 0.933
 0.637
-1.139
-0.376
-0.743
-0.665
-0.827
 0.072
-1.394
 0.355
-1.231
-1.696
-0.328
-0.443
-0.262
-0.841
 0.943
 0.568
 0.436
 0.858
 0.269
 0.581
 1.747
-0.726
-0.543
-0.854
-0.479
-0.392
-0.419
 0.755
-0.995
-1.411
-1.187
-0.332
 1.219
-1.209
-0.983
 0.014
 0.812
 0.196
-0.309
 0.718
 1.340
 0.219
 0.373
 2.054
 1.665
-0.452
-0.509
 0.936
 1.164
 0.979
 1.036
 1.442
 0.635
-0.325
-0.694
 0.920
 0.912
 0.684
 0.508
 1.015
 0.408
 0.937
 1.496
 1.214
-0.705
 0.033
 0.056
 0.468
-1.131
-0.341
-0.090
 1.069
-1.048
-1.133
-0.933
 0.475
 1.545
 0.413
 0.149
 0.709
 0.203
-0.152
 0.824
-0.305
 0.052
-0.709
-0.966
-0.808
-1.252
 0.144
-0.661
 0.546
-1.261
 0.072
-0.141
-1.081
-1.252
 0.435
-0.869
 0.173
 0.262
-0.531
-1.475
-1.537
 0.148
 0.669
 0.679
-0.869
-0.174
-0.413
 0.841
-0.152
-0.150
-0.080
-0.295
-0.623
-2.082
-0.297
-1.999
-2.966
-0.835
-0.669
-2.481
-1.802
 0.837
-0.577
-0.205
 0.021
-1.840
-1.159
-0.174
-0.802
-0.107
 0.976
-0.160
 0.591
-0.588
-0.693
-1.264
-1.659
-1.636
-0.954
-0.292
 0.443
-0.597
-0.800
-1.377
-1.881
 0.418
 0.769
-0.372
-1.107
-0.564
-1.145
-0.032
-0.187
 1.094
 0.157
 0.518
 0.666
-0.100
 0.236
 1.637
 0.014
-0.984
 0.530
 0.281
-1.618
 1.139
 0.081
 0.179
-0.341
 0.576
 1.049
-0.043
 0.559
-0.251
-0.556
 0.794
-1.221
-0.606
 1.062
 0.972
-0.198
 0.671
-0.339
-0.810
-0.895
-0.593
-1.205
-0.667
-2.573
-0.435
 0.516
 0.172
-1.440
-1.810
-0.256
-0.466
-0.688
-0.134
-1.346
 0.394
-0.782
 0.013
-0.913
 0.608
 0.314
-0.203
-0.131
-0.140
-1.263
-2.588
-1.500
-1.464
-1.657
 0.433
-0.444
 0.364
 0.718
-1.782
-2.233
-1.196
-0.720
-2.002
-0.089
-0.869
-2.210
-0.666
-0.355
 0.505
 0.227
 0.782
 0.066
 0.349
-1.345
-1.945
-0.858
-0.868
-2.520
-0.894
-1.178
 0.622
 0.275
 0.318
-0.344
 0.595
-0.518
-1.625
-1.109
-0.605
-0.784
-0.946
-0.046
 0.120
 0.031
-0.809
-0.111
 0.297
-0.005
 0.735
-0.209
-0.074
 0.378
 0.326
-2.225
-2.557
-0.573
-0.374
-0.606
-0.872
-0.874
 0.070
-1.217
-0.321
-0.307
-0.117
 1.678
 1.263
 1.578
 1.417
 1.631
 1.337
 2.484
 1.318
 0.623
 0.109
 0.485
-1.287
-0.484
-0.113
 0.567
-0.265
-0.555
-2.005
-1.762
-1.575
-3.244
-2.232
-1.538
-0.401
-0.870
-1.344
-0.864
-1.039
-0.519
 0.492
-0.411
 0.744
 0.872
 0.725
 1.176
 0.433
 1.036
 0.112
-0.261
 0.498
-1.399
 0.347
-0.032
-0.096
 0.497
 0.839
 0.089
 1.111
 1.366
 1.607
 1.566
 2.678
 1.034
 1.072
 2.100
 0.111
-1.225
-1.042
 1.079
 1.031
 0.288
-0.540
-0.337
-0.342
 0.324
 0.183
 0.670
-0.275
-0.328
 1.578
-0.459
 0.575
 0.217
-0.091
-1.731
-0.957
-1.736
-1.781
-2.283
-1.626
-0.382
-0.083
 0.315
 0.398
 0.964
 1.575
 1.093
 1.788
 0.664
-0.119
 2.036
 0.705
 0.211
 1.046
-0.679
-0.517
 0.190
-0.056
 0.870
 0.059
 0.216
 0.411
 0.347
 1.304
 0.025
 0.278
 0.230
 0.520
 1.142
 0.580
 1.065
-2.288
 0.016
 0.043
-0.446
-0.692
-0.179
-0.803
 1.305
-1.091
 0.628
-0.325
 0.629
 0.275
 0.539
 1.268
-0.928
-0.203
 1.421
-0.137
-0.141
 0.139
 1.223
-0.098
-1.354
 0.099
-0.139
-1.103
-0.844
 0.278
 0.403
 0.580
 0.626
-0.532
-0.278
-0.767
-0.366
-0.284
 0.693
 1.396
-1.496
-0.570
 0.719
 0.823
 0.247
-0.279
 0.181
-0.367
 0.645
 1.831
 1.695
 0.599
 0.003
 0.992
 1.252
-0.033
-0.284
-0.975
 0.541
-0.420
-0.688
-0.761
-0.741
-0.392
-0.140
 0.384
-0.084
-0.767
 1.836
 1.242
 0.942
-0.867
-0.525
-0.063
 0.949
 0.141
-1.303
-0.481
 0.121
-0.268
-0.177
 0.027
-0.629
 0.368
 0.433
 0.179
 0.971
 0.566
-0.248
-1.119
 0.333
 0.087
-0.526
 1.218
 0.350
-0.866
 0.354
-1.512
-0.483
-1.123
-1.184
-0.532
-1.082
 0.486
-1.326
-0.764
-0.965
-1.649
-1.183
-1.126
-0.869
 0.458
 0.184
 0.022
-1.077
 0.574
 1.461
 0.807
 0.879
 0.155
-0.509
-1.093
-1.359
-1.447
-0.483
-0.349
-0.158
-1.106
 1.078
 0.148
-0.145
 0.047
-0.534
-1.068
-0.332
 0.894
-0.107
 1.115
 2.174
 1.067
 0.508
 0.224
 0.924
 0.033
-1.047
-1.240
 0.771
 0.707
-0.130
-0.623
 0.835
 0.207
-0.041
-0.217
-1.800
-2.266
-0.029
 0.810
 0.483
-0.474
 1.328
 0.397
 0.796
 1.420
-0.829
-0.954
-0.161
-0.717
-1.102
-2.353
-1.381
-0.311
-0.676
-0.238
-1.318
-1.672
-0.118
 0.774
 1.515
 0.432
 0.134
 0.219
 0.695
 0.625
-0.566
 0.776
 0.688
 1.405
 0.444
-0.710
-0.789
-0.450
 0.033
 0.354
 0.815
 1.753
 0.228
 1.299
-1.214
-0.784
 0.936
 1.424
 0.618
 0.111
-0.227
 0.746
 1.658
-1.016
-0.026
 1.111
 0.510
 1.571
 0.548
 0.366
 0.287
-0.224
-0.170
-0.731
-1.702
-0.977
-0.111
-0.607
-0.305
 0.669
-0.059
 0.166
-0.361
 0.289
 0.368
-0.136
 0.393
-1.301
 0.128
 1.234
-0.360
-0.009
 0.606
 0.332
 2.609
 1.301
 1.864
 1.920
 0.223
 0.785
-0.037
-0.653
-1.137
 0.082
-0.378
 0.214
 0.892
-0.431
 0.302
-0.663
-0.308
 0.794
 0.097
 0.405
 0.872
 1.178
-0.064
-0.236
 0.442
-0.288
 0.947
 0.373
-0.346
-0.855
-1.091
 0.932
-0.584
-0.285
-1.055
-1.842
-0.266
-1.112
-0.073
 0.225
-0.430
 0.643
-1.375
 0.743
 0.368
-0.105
 1.650
 2.267
-0.416
-0.232
 0.662
-0.868
-0.333
-1.617
 0.286
-0.672
 1.420
 0.512
-0.392
-0.772
-0.634
 0.253
 0.130
 0.541
-0.886
-1.365
-0.486
-0.775
-1.044
 0.059
 0.838
-0.371
 0.117
 1.415
 0.794
 1.123
 0.327
 1.010
 0.393
 0.098
-0.373
 2.222
-1.155
 0.775
-1.794
-2.733
-0.250
 0.100
-0.216
-0.066
-2.233
-0.913
-0.173
-1.122
 0.687
-0.289
 0.388
 0.893
 1.285
 1.706
-0.432
 0.173
 1.368
 0.295
-0.221
-1.350
-0.552
-0.813
-0.343
-2.198
-1.041
-1.451
-0.865
-0.826
-1.262
 0.430
 0.875
 0.381
 1.485
 0.488
 0.915
-0.503
 1.495
 0.418
-0.283
-0.110
 0.116
 0.378
 1.649
 0.977
 1.599
 1.108
 0.423
 0.480
 0.168
 0.996
 0.832
-0.779
 0.106
 0.086
-0.942
-1.538
-0.738
-1.184
-0.644
 0.066
 0.469
 1.014
 0.206
 0.904
 0.432
-1.735
 1.003
-0.366
 0.750
 1.427
 1.108
 0.439
 2.514
 0.421
-1.677
-2.326
-0.853
 0.005
-0.411
-1.824
 0.006
-0.656
 0.518
 0.364
 0.500
 0.592
-1.162
-1.009
-0.654
 0.317
-0.204
-0.019
-0.710
-0.994
 0.536
-1.334
-1.760
-1.157
-0.585
-0.265
-1.539
-0.737
-0.497
 0.406
 1.001
 0.889
 0.497
 1.206
-0.514
-0.506
-1.770
-0.234
-1.355
-0.396
-1.692
-0.097
 1.727
 1.840
 1.332
 1.192
 0.294
 1.245
 1.564
 2.189
 0.078
-0.353
 0.168
 0.177
 0.189
 0.599
 0.638
 0.839
 1.208
 1.526
 0.469
-0.152
 1.565
-0.250
 1.591
 0.224
 1.017
 0.446
 1.149
 0.661
 0.518
 0.044
 0.464
 1.004
 0.897
 0.077
 1.129
 0.738
-0.312
-0.755
 0.733
 0.902
 0.546
 0.698
-0.464
 0.226
-0.591
-0.061
 0.904
 0.671
-0.822
-0.705
-0.903
 0.095
 0.056
-0.421
 0.832
 0.995
 0.072
-0.317
 2.362
 1.642
-0.671
-0.975
 0.338
-0.103
 0.909
 0.368
 0.538
 0.174
 0.695
 0.849
-0.537
-0.740
 0.971
-1.180
-1.072
-0.103
-0.071
-1.710
-2.430
-0.627
-0.298
 0.810
 0.925
-1.951
-1.255
-0.317
 0.587
-0.638
-0.447
 1.484
 0.184
-0.703
 0.011
 0.281
 0.514
 0.154
 0.541
-0.075
-0.840
-0.686
-0.837
-1.035
 0.254
-0.558
 0.821
 1.654
 0.173
 0.371
-0.556
-0.519
 0.719
 0.445
 0.542
-0.932
-0.063
 0.849
-0.254
 0.075
 0.978
 0.449
-0.234
 0.097
 0.886
 0.277
 1.709
 0.005
-0.579
 0.216
 0.270
-0.739
 0.307
 1.171
 0.774
-0.458
-0.770
-1.225
-0.235
 0.155
 0.176
 0.978
 2.161
 0.661
 1.837
-0.484
-0.928
-0.139
-0.139
-1.304
-1.002
-0.807
-1.025
-1.897
-0.664
 0.291
 0.957
 0.800
 0.572
 0.378
 0.737
 0.162
 0.202
 0.110
 0.950
-0.381
 0.331
-0.181
-0.344
-0.359
-1.130
-2.687
-1.631
-1.824
-1.043
-0.294
-0.508
-1.353
-0.999
-0.011
 0.234
-0.077
-0.183
 1.296
 0.424
 0.168
 1.428
 1.036
-0.474
-0.087
-0.159
-1.798
-1.350
-0.881
-0.876
-1.085
 0.404
 0.813
 1.057
 0.878
 1.254
-1.742
-0.072
-0.814
-1.767
-1.703
-1.999
 0.655
-1.277
 0.787
-2.208
-1.140
-1.151
-1.009
-2.738
-2.526
-3.274
-1.406
-1.559
-0.511
 0.066
 0.577
-1.043
 1.199
 0.109
-1.027
 0.854
 0.211
-0.607
 0.792
-0.035
 0.279
 0.611
 1.413
 0.379
-0.463
 0.316
 0.748
-0.117
-1.100
-1.381
-1.899
 0.415
-0.896
-0.019
-1.752
-1.375
-1.074
 0.930
-0.162
 0.373
-0.281
-0.928
-1.484
-0.816
-1.212
 0.036
-0.553
-0.483
 0.872
-0.578
-0.944
-0.762
-0.649
 0.364
-0.951
-1.134
 0.500
 1.136
-0.901
-1.728
 0.399
-0.889
-1.258
-1.165
-0.957
 0.653
 0.625
 0.319
-1.456
-1.154
-0.697
-1.216
-1.175
-1.352
-0.749
-0.831
-0.548
-0.753
-0.672
 0.270
-0.480
-0.466
-1.158
-1.633
-0.218
-0.541
 1.097
-0.284
-0.538
 0.032
-0.791
-0.450
-0.088
 0.297
 1.109
 1.515
 1.216
-0.080
 1.129
-0.573
 0.394
-0.528
 0.576
 1.097
 0.749
 0.179
-0.912
 0.419
 0.878
-0.288
 0.588
 0.284
-1.210
-1.156
 0.796
-0.182
-0.243
-0.704
-0.569
-1.665
-0.895
-0.088
-0.745
-0.951
-0.972
 1.220
 0.990
 1.158
 0.406
-0.177
-0.813
-0.242
-0.890
-0.263
-1.090
 0.106
-1.048
-0.750
-0.132
-0.768
-1.255
-0.846
 0.005
 1.445
-0.797
 0.347
 0.887
 1.372
 0.118
-1.340
-0.040
 0.011
-1.058
 0.186
-0.263
 0.814
-0.141
-1.418
-2.714
-1.614
-0.061
-0.728
 0.170
 0.507
-1.548
-0.779
-1.534
-0.782
 0.265
-1.521
 0.862
-2.144
-0.724
-1.255
 0.931
-1.856
-0.526
-0.154
-1.315
-1.122
-0.046
-0.352
-0.901
-0.087
-1.643
 0.434
 1.528
-0.419
-0.512
 0.128
-1.107
-0.498
-0.795
-2.368
-0.439
-1.638
 0.940
-0.925
-1.133
-0.518
-0.956
-0.511
-0.017
 0.652
-0.233
-0.463
 0.428
 0.059
 0.724
-0.290
-0.048
-2.023
-0.174
-0.343
 0.135
-0.416
-0.418
-1.095
-1.205
-1.003
-0.633
 0.367
-0.251
-0.465
-1.694
-0.884
 0.237
-0.556
 0.589
-0.309
-2.270
-1.722
-0.565
-1.515
 0.041
 0.016
-0.871
-0.523
-0.195
 0.071
-0.240
-2.570
-0.759
 0.128
 0.548
 0.358
-0.784
 0.960
-0.465
-0.187
 1.232
-0.330
 0.205
-1.726
-0.952
-0.165
-1.608
-1.570
-0.959
 0.205
-0.724
 1.250
 0.702
 0.092
 0.685
-0.818
 0.068
 0.000
 0.580
 0.194
 0.763
-0.673
-0.501
-0.409
-1.130
-0.863
-1.199
-1.060
-1.379
-1.402
 0.477
-0.281
-0.294
-0.097
-1.014
-1.364
-1.246
-1.248
 0.649
 0.570
 0.111
 0.148
 1.415
 0.104
-2.307
-1.893
-1.755
-0.881
-1.476
-2.247
-1.195
-0.078
-0.053
 0.725
-0.002
 1.593
-0.961
-0.425
 1.253
 0.215
-1.035
-1.115
-1.042
-1.064
-2.335
-1.257
-2.250
-2.544
-1.329
-1.258
-1.309
 0.144
-1.187
-0.898
-0.345
 1.071
 1.008
 0.428
 0.045
-0.884
-0.760
 0.326
-0.808
 0.190
 0.903
 1.329
 0.193
 0.445
-0.647
-0.087
 0.016
-0.196
 0.301
-0.496
 0.549
-0.368
 1.847
-0.022
-0.408
 0.369
 0.771
-0.129
 0.607
 0.090
 0.370
 0.631
-0.821
-0.850
-0.515
-0.606
-0.104
-0.238
 0.350
 1.691
 1.251
 0.195
 0.002
-1.591
 0.535
 0.053
-0.459
 0.343
-0.269
-0.518
 1.007
-0.824
-0.031
-0.759
-0.598
 0.054
 0.512
-0.606
-0.529
 0.254
 0.089
-0.756
 0.034
-0.994
-1.175
 0.275
 0.096
-0.465
-0.652
 0.496
-0.859
 0.741
 0.822
 0.953
-0.973
-1.930
-1.503
-0.773
-0.593
-0.474
 0.771
-1.277
-0.971
-0.751
-1.158
-0.381
 1.117
 0.595
-0.031
 0.148
-0.516
 1.626
 0.261
 0.641
-0.326
-0.933
 0.815
 0.388
-1.334
-2.043
-0.278
-0.284
-1.122
 0.711
-0.177
 0.607
 1.169
 1.021
 0.043
 0.230
-1.676
 0.927
 0.073
-0.237
 0.471
 1.160
 1.612
 0.521
-0.927
-0.130
 1.270
-1.027
-0.137
 0.244
-1.656
-0.195
-0.031
-0.126
 0.340
-0.577
 0.648
 0.210
 0.457
-0.428
-0.019
-0.465
 0.716
 1.957
-0.384
 0.425
 1.627
 0.195
 0.900
-0.319
-1.672
 0.780
 0.986
 1.112
-0.064
-0.282
 0.277
-0.214
 0.374
-0.371
-0.938
-0.461
-0.423
-0.166
-0.103
 0.510
-0.749
 0.756
 1.765
 1.744
 0.120
 0.148
 0.548
 2.021
 0.681
-0.761
 0.089
 1.375
 1.547
 1.575
 2.056
 0.407
-1.072
-1.305
-0.144
 0.920
 0.169
 0.807
-0.231
 0.424
 0.552
-0.848
 0.513
 0.262
 0.106
-0.480
-0.033
-0.530
 0.377
-0.363
 0.052
-0.962
-1.226
 0.441
 0.092
 1.136
 1.224
 1.146
 0.800
 0.526
 0.681
 0.618
-0.017
 0.359
 0.425
-1.106
-1.231
-0.102
 0.699
 0.434
 1.362
-0.059
-0.994
-0.451
-0.136
 0.362
 0.976
 0.103
 0.348
 0.808
 0.385
-0.808
-0.117
-0.333
-0.952
-0.082
 0.955
 0.387
-0.284
-1.825
-1.663
-1.172
-0.840
-0.559
 0.798
 1.564
 0.464
 0.243
-0.081
 0.881
 0.179
 0.962
 2.830
 0.863
 1.257
-0.336
 0.824
-0.979
-2.309
 0.416
 0.566
 0.590
 1.513
 2.024
 1.449
 2.133
 0.335
-0.652
-2.025
-0.323
-0.401
-0.750
-0.300
-0.141
 0.004
 1.382
 1.474
 0.681
 0.539
 0.913
 0.519
-0.009
 0.947
-0.197
-0.463
-0.211
 1.479
 0.409
 1.523
 3.333
 1.181
 1.571
 1.667
 0.171
 0.731
 0.662
 0.192
-0.190
-0.016
-0.167
 1.918
 1.383
 2.085
 1.058
 1.431
-0.200
-0.486
-0.155
-0.498
 0.986
 0.426
 3.273
 0.374
 1.084
 1.464
 0.097
 0.543
-0.701
 1.896
-0.182
-0.688
 0.225
 0.776
 0.004
-0.597
 0.106
-0.558
 0.320
 0.025
 0.078
 1.107
 1.388
 0.684
 0.895
 1.686
 0.722
-0.053
-0.341
 1.524
 0.898
-0.265
 0.547
 1.359
 1.397
 0.962
 1.251
 0.968
 1.042
 0.287
 1.036
 0.689
 0.927
 0.694
-0.091
 1.417
 1.812
 1.231
 1.222
 0.999
 0.230
 1.102
-0.364
 0.024
-0.142
 0.888
-0.195
 0.288
 0.882
 0.002
-1.100
-0.359
-0.798
 0.412
 0.353
 0.203
-0.688
-0.883
-1.124
-0.129
 1.129
-0.729
-0.530
-0.366
-0.439
 0.339
-0.662
-0.165
-1.543
-0.395
-0.589
-2.402
-0.318
-0.746
-0.952
-1.830
-1.186
 0.965
 0.698
 1.231
 1.375
-0.871
 1.372
-0.283
 0.167
 0.776
-0.570
 1.141
 0.296
 0.740
 2.443
 0.862
 0.737
 1.029
 1.795
 1.910
-0.036
 0.270
-0.458
-0.253
-0.497
 0.306
-0.155
-0.005
-0.254
 0.704
-0.869
-0.625
-1.804
-0.254
 0.311
-2.049
-0.991
-1.874
-0.442
-0.975
-2.347
-1.258
-2.854
-1.264
-2.554
-0.887
-2.844
-1.480
-0.666
-0.962
-1.130
-1.485
-0.483
-1.351
-0.789
-1.234
-0.197
 0.717
-0.029
-0.837
-0.284
 1.250
-0.347
-0.837
-0.915
-0.496
-1.685
 0.670
-0.447
-1.184
-0.386
-1.905
-0.693
 0.331
-0.265
-0.049
 0.134
-0.995
-2.170
 0.587
 1.953
 0.553
-0.038
-0.222
-0.365
-0.125
 1.140
 0.144
-0.023
-0.216
-1.936
-0.815
 1.311
 0.742
 0.774
 0.370
 0.259
 0.041
-0.377
-0.135
 1.396
-0.287
-0.302
-0.966
-0.638
 0.065
-1.143
-1.312
-1.336
-0.870
-0.541
-1.110
-0.927
 0.216
-1.005
 0.710
-1.074
-0.812
-0.010
 0.980
 0.230
-0.868
-1.392
-0.291
 0.730
 0.846
 0.538
 0.297
 0.297
-0.715
-0.602
 0.266
-0.554
-0.109
 0.305
-0.279
-1.435
-2.091
-0.155
 0.251
-0.150
 0.328
 0.881
-0.672
-0.802
-0.127
-0.434
 0.228
 0.469
 0.442
 0.749
-0.922
-0.011
-0.602
 0.624
-0.255
 0.248
 0.508
 0.949
 0.878
-0.292
-0.005
 1.315
 0.624
 1.053
-0.561
 0.503
-0.346
-1.435
-2.240
-0.842
-0.310
-0.532
-0.598
-0.165
 0.860
 0.239
 0.944
 1.415
 0.296
 1.501
 0.797
-0.228
-1.571
-0.867
-0.382
 0.240
-0.623
 1.267
 0.637
 0.699
 1.001
-0.024
 0.905
 0.023
 0.528
-0.036
-0.196
-0.599
-0.825
-0.500
-0.847
-0.102
 0.963
 0.780
-0.123
 0.252
-2.008
-0.134
-0.091
-1.542
-1.908
-1.166
-1.588
-1.656
-0.194
-1.174
-1.015
-0.430
-1.004
-0.705
-2.027
-0.514
 0.510
-0.134
-0.261
 0.285
-1.300
-1.547
-1.358
-0.779
-1.311
-0.231
-0.275
-0.371
-0.542
-0.046
-0.861
-2.154
-2.488
-2.256
-2.096
-2.631
-0.055
-1.177
 0.192
-1.104
 0.816
-1.194
-1.494
-0.109
 0.568
-2.053
 0.428
 0.360
-0.390
-0.697
 0.176
 0.667
-0.454
 1.149
 0.820
 0.399
-0.467
-0.585
-0.397
-0.967
-1.285
-0.117
-0.973
-0.305
-0.528
-0.778
-0.851
-0.769
-0.602
 0.860
 0.851
-0.163
-0.684
-0.328
-0.472
-0.370
 1.881
 0.275
 0.929
-0.586
-1.389
-0.687
-0.626
-0.875
-0.473
-1.841
-1.407
-0.706
 0.814
 0.001
-0.671
-0.732
-1.140
 1.613
-0.607
-1.952
 0.043
-0.705
 1.183
-0.832
-0.577
 0.351
-0.577
-0.138
-0.886
-1.379
-0.807
-0.840
 1.074
 0.141
-0.350
 1.518
-0.213
 0.558
-1.341
-2.665
-1.811
-0.927
 0.019
-0.552
 0.532
 0.052
-0.485
-1.517
 0.637
-0.455
-0.234
-1.397
 1.171
 0.727
-0.931
 0.991
 0.266
-0.183
 0.522
 0.252
-1.578
-1.088
-0.006
-2.323
-1.213
-0.901
-0.525
-0.550
 0.116
-0.839
-0.269
-0.750
 0.002
-1.368
 0.137
-0.351
-0.885
 0.301
 1.763
 0.094
-0.750
-0.600
-0.482
 1.562
-1.160
-0.157
-0.140
-1.306
 0.306
 0.172
 0.015
-0.338
-1.282
-0.714
-0.331
-0.102
-0.191
-1.691
-1.917
-1.377
 0.429
 0.922
 0.191
 0.025
 0.376
 0.947
 3.052
 3.005
 1.044
 1.397
 0.818
 1.480
 0.249
-0.477
 1.367
 0.478
-0.210
 1.079
 0.807
 1.384
 1.175
-0.147
-0.139
 0.430
 0.300
 0.090
 0.092
 1.751
 1.046
-0.360
 0.556
 0.656
-0.262
 0.816
-0.102
-0.235
-0.033
 0.370
 0.671
-0.421
-0.169
 0.323
-0.290
-0.162
-1.372
-0.282
 0.040
-1.284
-0.445
-1.157
-1.658
 0.057
 1.081
-0.990
-1.730
 0.980
-0.031
-2.495
-0.687
 0.287
-0.870
 0.157
 0.788
-0.825
 2.062
-0.182
 0.441
-0.184
-1.547
-1.022
 0.964
-0.157
 0.976
 1.347
 0.918
-0.558
-0.819
 0.211
-0.304
-0.824
-1.962
-1.624
 0.626
-0.457
-0.807
-0.981
 0.460
-1.119
-0.379
-1.248
-0.056
 0.234
-1.085
-0.290
-0.822
 0.058
-0.898
 0.898
-0.094
-0.133
-0.138
 0.555
 0.066
 0.545
-0.063
-0.579
-0.812
 0.515
-0.683
 0.178
-1.474
-1.228
 0.434
-0.329
-1.557
-1.226
 0.109
-1.893
-1.362
 0.732
-0.180
-0.427
 0.021
 0.496
-0.401
-0.819
-0.844
 0.137
 0.162
-0.269
 0.266
-1.968
-0.420
 0.437
-0.630
 0.000
-0.575
-0.017
-0.892
-0.171
-0.756
 0.543
 0.617
-0.270
-0.660
-1.142
-0.161
-2.209
-2.395
 0.512
-1.097
-1.160
-0.558
 0.199
-0.356
-0.021
 0.173
 0.793
 0.362
-0.439
 0.046
 0.677
-0.636
-1.378
-2.192
-0.894
-1.290
-2.439
-0.201
-0.481
-0.521
-1.167
-0.190
-0.860
-1.525
-0.986
-1.321
-1.025
 0.111
 1.080
-0.331
-1.060
-0.847
 0.327
-1.869
-1.789
-0.966
-0.618
 1.299
-0.218
 0.801
 0.979
 1.924
 1.194
 1.017
 0.288
 0.326
 1.477
 0.104
 0.821
 0.583
 2.833
 1.284
 1.088
 1.933
 1.472
 0.601
 0.049
 1.105
 1.257
 0.690
-0.147
 0.112
 0.611
 0.068
-1.625
-1.748
-0.490
-0.409
-0.221
 1.009
 1.546
 1.337
-1.225
-0.473
-0.524
-0.077
 0.322
 0.917
 1.739
 0.780
 1.015
 0.110
 0.442
-0.248
-0.123
-0.868
 0.035
 0.902
-0.005
-0.131
 0.154
-0.884
-1.459
-0.387
 0.172
-0.796
 0.217
 0.113
 0.428
-1.387
 0.112
 0.417
 0.697
 0.236
-0.142
-0.215
-0.547
 0.197
-0.716
-1.362
 0.377
 1.051
-0.225
-0.807
 1.702
 0.401
 0.536
-0.280
-0.088
-1.430
-0.641
-0.487
-0.073
 0.044
-0.493
 0.621
-0.257
-1.142
-0.575
 1.132
 1.804
 1.290
 0.468
 1.663
 1.431
-1.354
-2.716
-1.037
-0.443
 0.104
 0.162
-0.302
 0.581
 1.138
 1.094
 1.261
 1.589
-0.471
-0.368
 0.709
 1.545
 0.428
 1.277
 2.390
 1.631
 1.886
 0.234
 0.186
 2.095
-0.396
-0.900
-0.952
-0.199
 0.369
 0.383
-0.208
-1.825
 0.641
 1.670
-0.985
-0.077
 0.444
 1.210
 1.399
 0.938
 0.972
 1.496
 0.250
 0.614
-0.317
 0.692
 1.095
 1.274
 1.720
 0.959
-0.066
-1.028
-1.053
 0.627
-0.255
 0.195
 0.484
 1.426
-0.046
 0.771
 0.644
 0.012
 0.118
 0.136
 1.459
-0.141
-1.403
 0.330
 0.803
 1.134
 0.676
 0.222
 0.335
 0.853
-0.446
 1.263
 0.264
-1.108
-0.212
 0.535
 0.719
 1.427
 1.390
 0.972
 0.986
 1.823
 0.238
 0.159
 0.045
 0.348
 0.211
 0.302
-0.982
 0.683
-1.108
 0.343
-1.667
-0.216
 0.077
 0.018
-0.350
 0.765
-1.086
-0.466
-0.616
 0.322
-1.054
-1.992
-1.418
-1.488
-1.637
-1.886
-1.772
-1.241
-0.415
-0.129
 0.096
 0.359
 0.238
-0.505
 0.272
-0.364
-0.424
-1.185
 0.464
-1.726
-0.731
-1.386
-0.153
 1.075
-0.470
-0.620
-0.932
-0.324
-0.391
-0.504
-1.291
-1.639
-0.277
 0.047
 0.860
 0.870
 1.122
 0.467
 0.112
-0.086
-0.569
 0.405
 0.014
-1.010
-1.074
-1.258
-1.597
-1.976
-2.187
-0.363
-1.063
-0.857
-0.259
-0.342
-0.544
-1.514
-1.120
-0.451
-0.208
 0.671
-0.399
-0.818
 0.233
-1.369
 0.122
-0.645
 0.517
-0.392
 0.806
-0.023
-0.370
-0.207
 0.814
 0.843
 0.252
-0.795
 1.143
-0.012
 1.041
 0.000
-0.716
-0.852
-1.401
-0.323
-1.249
-1.624
-0.446
-0.627
-1.819
-1.908
-1.815
-1.149
 0.195
-0.790
-1.344
-1.267
-2.077
-0.451
-0.638
-0.884
-0.835
-0.728
-0.083
-0.629
 1.264
 0.785
-1.003
-0.364
-0.321
 0.719
 0.095
 1.142
-0.376
 1.922
 1.826
 0.018
 1.868
 0.967
-0.141
 0.176
 2.197
 1.980
 0.461
 1.335
-0.279
 0.910
 1.376
 0.613
-1.236
 0.635
 0.108
 0.903
 0.735
 0.707
 1.835
 1.694
 1.633
 1.740
 1.654
 0.751
 0.991
 0.288
-0.577
 0.108
-0.685
-0.084
 1.065
 0.782
 0.734
 1.263
-0.213
-1.036
 0.263
 0.281
 0.704
-0.915
-0.830
-0.417
-0.546
-0.571
 0.046
 0.660
-1.102
-0.889
-0.036
-0.547
 0.048
 0.098
 0.682
 1.157
 0.899
-1.272
 1.263
 0.054
-0.352
-0.657
-0.188
-0.031
-0.948
-1.067
-0.372
 0.967
-1.475
 0.851
 1.365
-0.300
-0.179
 1.353
-0.013
-0.429
 0.078
-0.216
 0.629
-0.675
-1.267
-0.567
-0.615
-0.617
-0.920
-0.077
-0.268
-0.172
 0.802
 0.272
 0.335
 1.109
-0.676
-0.929
-2.430
 0.193
 0.031
 0.389
-0.676
-1.116
-1.236
-0.308
-1.141
-0.651
-0.096
-1.551
 0.182
 0.054
-1.841
-0.951
-0.379
-0.918
-1.115
 0.042
-1.018
-0.037
 0.108
 1.065
 0.155
 0.326
-0.139
-0.228
 0.948
 0.411
-0.169
-1.067
 0.427
-0.968
-0.119
 0.029
-0.817
 1.313
 0.159
 0.325
-1.431
-0.854
-1.924
 0.746
-0.351
-1.359
-0.868
 0.650
 0.310
 0.071
 0.044
 1.446
 1.499
-0.040
-1.557
-1.691
-0.810
 0.170
 0.456
-0.315
 2.311
 0.083
-0.604
-1.342
-1.211
-1.510
-0.678
-0.383
-1.168
-1.219
-0.671
-1.187
-0.849
-0.813
 0.105
-0.299
 0.649
 2.194
-0.016
 0.319
 0.982
-1.668
-0.495
 1.187
 0.632
-0.551
-0.830
-0.711
-0.982
-0.437
-0.905
-1.268
 2.233
 2.576
 0.493
 0.248
-0.448
 0.422
 0.201
-0.740
-0.725
-0.453
 0.296
-0.756
-0.379
-0.393
-0.130
 0.721
-0.122
-1.607
-0.253
-0.394
-0.422
-0.959
-1.623
-0.915
 0.493
-0.350
 1.283
-0.244
-0.460
-0.389
 0.368
-0.105
-1.326
-0.654
-0.584
-0.929
 0.813
 1.155
 0.074
-0.617
 1.631
-0.502
 0.174
 0.642
 0.713
 0.837
 0.593
-0.329
-0.467
 0.926
-0.209
 1.379
 0.363
-0.883
-0.559
-0.875
 0.015
-1.507
-2.166
-1.192
-0.630
-0.855
-1.788
 0.278
-0.654
-1.348
-1.433
 0.100
-0.626
-0.822
-0.478
-0.116
 0.286
 0.566
 1.372
 0.986
 0.140
-0.372
 0.140
 0.310
-1.566
 0.116
-0.209
-0.502
 0.268
 0.384
 0.480
 2.044
 0.138
 0.917
 0.561
 1.196
-0.588
 1.107
 0.078
-0.602
-0.536
-0.773
-2.091
 0.423
-0.303
 0.372
 0.248
-1.282
 0.335
 0.469
 1.623
 0.612
 2.448
 0.157
-0.485
 2.078
-1.200
-0.684
-1.329
-0.359
-0.139
-0.260
 0.378
 0.339
 1.692
 0.813
 0.856
-0.796
-1.374
 0.602
-0.468
-0.537
 0.480
-0.828
 0.155
-0.231
 0.017
-0.930
 1.100
 0.714
 0.206
 0.067
-0.219
 0.477
 0.281
 2.187
 1.358
 0.517
-0.394
 1.104
 1.957
 0.745
 1.575
 0.862
 0.830
 0.556
 1.193
 1.438
 0.261
-0.221
-0.150
 0.206
 0.028
 1.204
-0.399
 0.673
-1.437
-0.497
 0.171
 0.816
 0.744
 0.109
 0.059
-0.553
-0.156
 0.598
 0.372
 0.208
 1.131
 0.768
-0.648
-0.237
-0.585
 0.140
-0.319
-1.166
-0.354
-1.083
-1.715
-2.135
 0.376
 0.044
 0.414
-0.813
 0.855
-0.872
 0.062
 1.398
 0.946
 0.764
 0.635
-0.599
 0.185
 0.591
-1.146
-0.085
-0.161
-0.102
-0.329
 0.190
 0.696
 0.394
 0.765
-1.331
-0.325
-0.144
-0.484
-0.892
-0.775
-2.646
-1.048
-0.764
-1.152
-1.563
-1.844
-1.568
-0.869
-3.322
-0.640
-1.563
 0.812
 1.392
-0.058
 0.234
 0.625
-1.838
-0.296
 1.136
 1.313
-0.599
-1.358
-0.949
-0.136
-0.841
-0.957
-0.167
-0.198
-0.242
-0.060
 2.018
-0.466
-0.373
-0.738
-0.672
-1.328
-1.165
-0.833
 0.250
 0.036
 0.373
 0.546
 0.660
-0.981
-0.363
-2.382
 0.347
-1.212
-0.518
-0.453
-1.033
-1.032
-0.732
-1.381
-1.212
-1.976
-1.699
-1.708
-0.214
-1.368
-1.949
-1.434
-0.367
-1.216
-0.339
-0.623
 0.356
-0.555
 0.077
 0.112
 0.473
-1.527
 0.014
-0.669
 0.431
-0.565
-0.596
 0.009
-0.408
 0.189
-0.583
 0.500
-0.567
-0.164
-0.946
 0.338
-1.165
-0.087
-0.086
 0.285
 0.017
 1.068
-0.688
-0.581
-1.838
 0.480
-0.605
 0.347
 0.474
 0.033
 1.205
-0.040
-0.508
-0.453
-0.874
-0.846
 0.129
-1.800
-0.646
-0.112
-1.143
-0.670
-1.486
-2.069
-1.643
-1.847
-1.050
-0.988
-0.065
-1.545
 0.154
-0.790
-0.437
-1.431
-1.086
-1.030
-0.300
 1.163
 0.262
-0.787
-1.585
-2.136
-2.739
-1.863
-0.299
 0.072
-1.236
-1.403
-0.594
-0.496
-0.431
-1.406
-0.443
-0.436
-1.109
 0.442
 0.369
-1.328
-0.707
 0.680
 0.032
-1.892
-1.056
-0.808
-0.311
-0.910
-1.156
-1.773
-1.038
-2.093
-2.794
-0.914
-0.764
 1.355
 0.101
 0.670
 0.058
 0.531
-0.601
-1.691
-1.458
-1.668
-0.997
-1.057
-0.672
-1.320
-1.080
-1.508
 0.845
-0.211
 0.311
 0.515
 0.297
-0.921
-0.609
 0.289
-0.532
-0.625
-2.089
-1.115
-2.180
-2.468
 0.975
-3.018
-1.543
-0.583
-0.506
-1.718
-1.228
 1.056
 0.993
-0.154
-1.299
-0.164
 0.654
-0.611
 1.080
 0.489
 0.331
 0.235
-0.385
-0.686
-0.041
-0.869
-0.468
-1.284
-2.645
-0.964
-0.662
-1.193
-0.312
-0.027
-0.326
-1.664
-1.025
-2.703
-1.200
-1.025
-1.504
-0.323
 0.120
-1.382
-0.444
-0.229
-0.974
-1.184
-0.808
-0.627
-1.007
 0.552
-1.088
-0.036
 0.049
 0.449
-0.450
-0.585
-0.899
-1.442
-0.789
-1.063
 0.169
 0.807
 1.772
 2.328
 0.614
 0.325
 0.919
 0.538
 0.008
-0.143
 0.921
-0.039
-0.060
-0.569
 1.132
-0.206
 0.561
 2.578
 1.618
 0.657
 1.260
 0.985
-0.529
 0.678
-0.414
 0.057
-0.727
 0.828
 0.907
 0.373
-0.139
-1.185
 0.754
 0.267
-0.442
 1.928
-0.112
-0.061
 0.060
 0.748
 0.554
 0.094
-0.064
 0.376
 1.116
 1.539
 1.334
 0.902
-0.095
-1.111
-0.864
-1.822
 0.401
-0.790
-1.395
 0.721
-1.303
-0.335
-0.858
-0.299
 0.307
-0.148
 0.220
-1.501
-0.801
 0.803
-0.921
-0.127
-2.418
-1.241
-0.900
-0.495
 0.120
-1.442
-1.510
-0.924
-0.298
 0.045
 0.033
-0.256
-0.211
-0.376
-1.069
-2.283
-0.250
 0.148
-1.144
-2.164
-0.775
 1.043
 0.296
-0.998
-0.176
-1.390
-2.178
-1.980
 0.235
-0.226
 0.853
 0.345
-0.011
-1.227
-0.052
-0.745
 0.782
 0.128
-0.042
-0.465
 0.622
-1.435
-0.776
 0.797
-0.337
-1.013
-0.184
 0.181
-0.386
-2.204
 0.722
-0.181
-0.076
-0.358
 0.212
-0.818
-0.451
 0.423
 1.284
 0.052
-0.166
 1.386
 0.722
-0.049
-0.955
-2.375
-1.248
 0.102
-0.477
 0.802
 0.277
 0.471
 0.244
-1.155
-1.317
-0.595
 0.253
 0.283
-0.153
 2.130
 0.503
 0.206
 0.348
-0.559
-0.505
-0.846
-1.255
-0.337
 0.345
-0.254
 0.135
 0.773
 1.374
 0.500
-1.407
 0.737
 1.286
 0.905
 0.501
 1.135
 0.082
-0.074
 0.721
 0.430
 0.587
-0.872
 0.004
 0.411
-0.358
 0.122
-0.028
-0.087
-0.485
-0.272
 1.010
-1.801
-1.163
-0.683
-2.111
-0.364
-1.051
-0.192
-1.684
-0.103
-0.533
-1.353
-0.151
-0.929
 1.170
-0.912
-0.994
-0.222
-2.300
-1.474
-0.723
-0.662
-1.129
-1.085
 0.275
-0.424
-2.332
-0.561
-1.915
-0.162
-1.640
-1.149
-0.796
-1.286
 0.235
-0.962
 0.747
-1.295
-0.197
 0.158
-0.706
-1.596
-1.192
-1.496
-1.356
-0.232
 0.936
-1.456
-1.811
-0.781
-0.412
 0.166
 0.996
-1.573
-0.358
-1.342
-1.040
-1.695
-0.282
-1.986
-1.363
-1.511
-0.450
-2.852
-1.184
-0.227
-0.050
 0.073
 0.526
-0.597
 0.104
-0.304
 0.109
 0.077
-1.097
-0.071
-0.583
 0.284
-0.600
-1.019
 0.112
-1.347
-0.623
 0.437
-0.210
-0.219
-1.247
 0.208
-0.669
 0.666
-0.978
 0.820
-0.620
-0.567
-1.301
-0.790
-1.857
-1.904
-0.773
 0.295
-0.292
 0.621
-1.166
 0.297
 0.108
 0.910
-0.207
 0.076
-0.949
-0.416
 0.193
-0.436
 0.487
-0.633
 0.683
-0.022
 0.259
-0.428
 0.275
-0.282
 0.778
-1.754
-1.887
-1.157
-1.318
-1.654
 0.356
 0.490
 1.475
 0.542
 0.732
 1.270
-0.595
-0.788
 1.261
 0.496
 1.466
 1.040
-0.198
 0.149
 0.441
-2.096
-1.393
 0.349
 1.425
-1.655
 0.894
-0.887
 0.134
-1.130
 0.633
 1.243
 0.130
 0.008
 0.384
 1.507
 0.862
 1.284
 0.196
-1.333
-0.572
-0.545
 0.774
-0.006
-0.664
 0.683
-0.367
 0.324
 0.841
-0.023
-0.971
-0.126
-0.151
 0.827
 0.302
 0.073
 1.373
 0.082
 1.056
 0.841
 2.761
 1.968
 1.121
 0.837
-0.174
-0.220
-0.407
-0.774
-0.049
 0.158
-0.291
-0.455
-0.548
 1.407
-0.556
-0.150
 1.188
 0.087
-0.179
-1.385
-0.238
-0.789
 0.242
 0.127
 0.647
-0.727
 0.769
 0.418
 2.163
 1.279
-0.075
-0.290
 0.581
 0.627
-0.825
 0.703
 0.927
 0.829
 1.259
 1.060
 0.031
-1.299
-0.368
-0.684
 0.627
 0.192
 1.619
-0.768
-0.927
-1.335
 0.586
 0.621
-0.435
 0.323
-1.632
 0.377
 0.600
-1.251
-1.263
-1.316
 0.284
 0.033
-0.628
-2.505
-2.294
-0.577
-1.536
-1.264
-0.963
-0.462
 0.182
-0.454
 0.459
 0.420
-0.006
 1.661
 0.748
 0.094
 0.078
 0.371
 0.315
 0.555
 1.087
 0.777
-0.110
-0.459
-1.913
 0.124
-1.101
-0.385
 0.984
-0.095
 0.693
-0.377
-0.252
 1.253
 0.727
-0.272
-0.305
-1.960
-1.086
 0.283
-0.749
 0.282
 0.788
 0.707
 0.334
 0.059
-0.248
-0.551
 0.132
 0.872
 0.235
 0.548
-0.139
-0.791
-0.196
-0.164
 1.184
 0.250
 0.744
-0.360
 0.736
 0.720
-0.277
 0.623
 1.858
 0.472
 1.478
 1.557
 0.517
 0.908
 0.065
-1.564
-0.269
 0.028
 0.704
 1.434
-0.618
-0.856
-0.324
-2.622
-2.456
-0.295
 1.937
-0.033
-0.584
 0.190
 0.359
-0.696
-0.581
-1.272
 0.301
 0.263
 0.775
 0.374
 1.380
 0.088
-0.992
-0.902
 0.258
 0.114
-0.097
 0.122
-0.959
-0.401
 0.446
-0.570
-0.437
-0.594
-2.156
-1.164
 0.823
-0.104
-0.227
-0.989
 0.161
 0.317
 0.417
 0.921
 1.457
-1.326
 0.434
-0.597
-0.786
-0.332
-0.955
 0.059
 0.966
 1.038
-0.432
 0.261
-1.217
-1.362
-2.618
-1.793
-2.011
-0.927
-0.302
 0.754
-0.654
-0.414
 0.361
-0.113
-0.773
 0.588
-0.128
-0.599
 0.019
 0.163
 0.483
 0.314
 1.148
-0.090
 0.506
-1.563
 1.093
 0.076
-0.572
-1.014
-1.491
-1.680
-0.368
-1.191
-1.254
-1.064
 0.121
 0.360
-1.138
-0.293
-0.692
 0.472
 0.307
 0.940
 0.108
-0.872
-0.857
-0.438
-1.927
-1.287
-1.399
-0.736
-0.551
-0.948
 0.527
 0.226
-1.149
-0.842
 0.223
 0.350
-0.623
-0.774
-0.071
-0.374
-0.545
-2.187
-2.546
-1.104
-0.416
-0.266
-0.376
-1.178
 0.292
-0.212
-0.364
-1.040
-0.348
-1.154
-0.139
 0.921
 0.318
 0.219
-1.015
-1.705
-1.241
-1.274
-1.127
-0.569
 0.939
-0.059
-2.258
-0.122
-0.147
-0.022
 0.462
 2.268
 2.009
 1.502
 0.449
-0.303
 0.156
 0.569
-1.132
-0.123
 1.010
-0.041
 0.481
 1.633
-0.281
-0.948
-1.606
 1.684
 0.612
 0.744
 0.968
 0.283
 0.156
 1.188
 0.530
 0.971
-0.044
-0.299
-1.339
-0.012
 1.294
 0.596
 0.441
 1.808
 0.807
 0.653
-0.776
 1.107
 0.726
-0.030
 0.595
-0.836
 1.465
 0.863
 0.225
 0.385
 1.769
 0.109
 1.015
 0.266
 0.423
-0.516
 0.192
 0.440
 0.922
 0.313
 0.248
 0.944
-0.521
 0.652
 1.039
 0.039
 0.760
 0.623
 0.697
-0.362
 0.397
-0.221
-1.023
-1.030
-1.481
 0.720
-1.253
-0.900
-1.337
 0.908
 0.869
-0.086
 0.208
 0.033
 0.602
-0.063
 0.323
 0.441
-1.058
 1.002
-0.379
 1.864
 0.307
-0.927
-0.683
-0.449
-0.899
-0.564
-1.282
-1.156
-1.293
-0.211
-0.256
-0.576
 0.207
-1.071
 0.424
-0.081
-0.068
-0.404
 0.514
-1.091
 0.089
-1.207
-1.797
-1.449
-0.889
 0.389
 1.273
-0.362
-1.391
-1.016
-1.690
-0.593
-1.156
-0.658
 0.033
-0.776
-0.617
 1.262
 1.365
 1.030
-0.420
-0.010
 0.011
-0.943
-1.089
-1.090
-0.233
 0.891
 0.226
 0.543
-1.087
-0.148
-0.583
-0.369
 0.620
 2.782
 1.636
 0.967
-1.396
-0.313
 0.657
-0.134
 0.327
-0.173
-0.609
 0.552
 1.689
-0.236
 0.630
 0.286
-0.721
-1.353
-1.174
-1.205
-0.152
 0.250
-0.879
 0.390
-0.257
-0.143
 0.882
-0.223
 0.255
 0.539
-0.308
-0.736
 0.310
-0.889
-0.136
-0.016
-1.202
-1.733
-0.512
-0.636
 0.263
-1.177
-0.374
 0.514
 0.697
 0.349
-0.012
-0.621
-0.181
-0.166
 0.261
 0.093
 0.080
 0.933
 1.391
 0.545
 1.017
-0.115
 0.120
 0.061
-0.341
 1.527
 1.724
 0.929
 1.245
 1.325
 1.220
 1.264
 0.394
 0.387
 0.211
 1.277
 1.393
 1.441
-0.063
 0.561
-0.567
-0.676
 0.680
-0.264
-0.662
-2.106
-1.333
-1.019
-0.863
-0.810
-1.178
-1.480
-0.015
-0.194
-1.245
-1.013
 0.490
-1.647
 0.813
 0.436
 0.299
 0.278
-0.050
 0.404
 0.260
 0.265
 0.348
 0.623
 0.523
-0.202
 0.646
-0.301
-0.228
 1.939
-0.758
-0.881
 0.199
-0.449
 0.148
 0.136
-0.295
 0.290
 0.532
-0.301
-1.234
 2.036
 0.173
-0.336
-0.948
 0.096
-0.072
 1.538
 0.128
 0.909
 1.362
 0.435
-0.071
-0.409
 0.572
 0.898
-0.399
-1.453
-1.728
-0.658
-1.274
 0.204
 0.651
 0.682
-0.804
-1.178
 0.066
 1.033
 1.252
 0.002
-1.223
 0.237
-0.304
-1.064
-0.904
-0.527
 0.676
 0.177
-0.099
-0.794
-1.040
-0.028
 0.068
-0.214
-0.956
 1.191
-1.201
-1.857
-0.621
-1.946
-1.662
-1.473
-0.564
-2.520
-1.128
-1.596
 0.186
-0.413
-1.565
-0.998
-0.792
 1.078
 0.639
 0.252
-0.770
-0.223
-0.828
-0.462
 0.215
-0.824
 0.025
 0.078
 0.512
-1.552
-0.785
-0.809
-0.380
-0.784
-0.522
-1.012
 0.501
 1.114
-0.354
-0.274
-0.119
-1.958
-0.450
-2.366
-1.179
 0.437
-0.624
-0.009
-0.454
-0.416
-0.097
-0.318
-0.349
 0.315
 0.293
 0.295
-1.154
-0.533
 0.591
 0.153
 0.389
-0.264
-0.496
 1.742
-0.045
 0.402
 1.365
 1.490
 0.805
 1.567
 0.882
 0.364
-1.232
-0.938
-1.260
-0.367
-0.393
-0.114
 0.488
 0.538
 2.193
 1.462
 2.145
 2.668
 0.975
 0.357
 0.771
 0.697
 1.294
-0.453
 0.676
 1.412
 0.060
-1.379
-1.264
-0.103
 0.937
 0.678
-0.074
 1.782
-2.274
-0.388
 1.024
 1.042
 0.739
 1.269
 2.152
 1.195
-0.906
-0.322
-0.165
 0.068
 0.459
 0.206
 1.592
 0.074
-0.091
-0.315
-0.673
-0.017
 0.637
-0.723
-1.328
-1.162
-1.777
-1.832
-1.224
-1.688
-0.674
-2.235
-0.949
-0.841
-0.561
-0.955
-0.137
-0.132
-0.335
-2.056
-0.448
-1.055
-2.000
-1.042
 0.831
 0.366
 2.090
 0.189
-0.216
 0.045
-0.839
-1.514
 1.227
-0.858
 0.332
 0.197
 0.182
 0.146
-0.896
 0.086
 0.984
-0.494
-0.290
-0.065
-0.185
-1.469
-0.518
 0.841
 0.590
 1.229
 1.700
 0.432
 0.854
 0.397
 0.009
-0.718
-0.849
 0.263
 0.749
 0.631
 1.852
 0.052
 2.326
 0.445
 1.558
-0.598
 0.474
-0.197
-1.256
-1.540
-1.179
-1.816
-1.751
 0.867
 0.393
-0.455
-1.271
-1.766
 0.091
 1.281
-1.587
 0.055
 0.384
-0.555
-0.161
 1.081
 1.060
 0.046
 1.333
 0.656
-0.270
-0.434
-0.207
 0.388
-0.259
-1.624
 1.620
 2.211
 0.056
-0.049
-0.094
 0.498
-0.588
 0.023
-0.204
 0.040
 0.334
-0.380
 0.899
 1.303
 0.832
-0.939
 1.962
 0.482
 0.892
 2.286
 1.583
 1.036
 0.271
 0.916
-0.361
-0.071
 0.182
-1.012
-1.194
-1.435
-2.200
-0.742
 0.080
 0.237
 1.085
 0.255
 0.026
 0.022
-0.555
-1.187
-1.263
-2.263
-1.160
 0.163
-1.316
-2.012
-1.790
-0.178
-0.107
-0.019
 1.213
-0.024
-2.080
-1.279
-1.858
-0.618
 0.800
-0.350
-0.646
 0.197
-0.937
-1.056
-0.227
-1.143
 0.588
-1.793
-1.414
-1.283
-0.441
-1.259
-0.051
-1.116
 0.229
-0.571
 0.845
-0.523
 0.052
-0.450
-0.021
 0.096
 0.472
-0.812
-0.251
-0.282
 0.952
 0.551
-0.873
-0.969
 0.903
 1.146
 0.608
-0.209
 0.020
-0.719
 1.045
-0.932
-0.149
-0.222
-0.754
-0.784
-1.596
 1.077
-0.822
 1.289
 0.622
-0.250
-0.800
 1.240
 1.037
 0.586
-0.101
-1.708
-0.280
 0.653
 1.446
 1.434
 1.639
 1.681
 1.287
 0.061
-0.359
 0.512
 1.128
-0.261
-0.641
-0.881
-0.400
-1.018
-1.475
-0.696
 0.018
 0.263
-0.146
 0.864
-0.525
 0.048
-1.477
-1.949
 0.821
 0.255
-0.782
-1.047
 0.641
-0.399
 0.113
 0.236
 0.058
 1.277
 1.282
-0.019
 0.596
 1.073
 1.301
 0.984
 0.709
 1.010
 1.603
 1.590
 1.294
 0.234
-0.264
 0.079
 0.758
 0.281
 0.575
-0.911
-0.168
 0.311
-1.167
 0.943
 2.371
 0.678
 0.990
 0.523
-0.235
 0.336
-0.412
 0.414
-0.824
 0.014
 0.525
-0.732
 0.108
 1.871
 0.328
 1.108
-0.322
-0.220
-0.071
-1.517
-1.306
-1.204
-1.553
-1.020
-0.237
 0.532
-0.793
-0.504
-0.648
 0.204
-0.624
-2.624
-0.254
 1.873
 1.154
 1.300
 1.217
-0.345
 1.200
-0.688
-0.128
-1.064
 0.046
-0.179
-0.770
 0.052
 0.527
 1.323
 0.075
-0.506
-0.001
-0.905
-0.417
-0.569
 0.104
 1.055
-0.532
 0.019
 0.077
-0.327
 0.240
 0.511
-0.388
-0.744
-1.041
 0.709
 2.153
 0.905
-1.460
-1.851
-1.049
-1.365
-0.509
-0.638
-0.124
-0.345
 0.309
-0.294
 0.043
-0.049
-0.542
-0.279
-0.790
-0.289
-0.165
-1.246
-1.278
-0.405
-1.159
-0.068
-0.229
 0.714
 1.791
 1.396
-0.988
-0.818
 0.174
-0.622
-1.156
 0.044
 1.209
 0.148
-0.058
 0.088
-1.248
 0.217
 0.006
 1.142
-1.014
-0.780
-0.877
-1.207
 0.372
-1.485
-0.657
-0.214
-1.209
-1.596
-0.362
 0.279
-0.005
-2.055
-1.340
-0.405
-0.699
-1.353
-0.479
-0.174
-0.227
-1.244
-1.428
 0.469
 0.056
 0.484
 0.066
 0.071
-0.023
-0.624
-0.513
 0.489
-0.542
-1.471
-0.179
-1.325
-0.534
-0.307
-0.570
 0.431
 0.932
-0.011
-0.248
-0.386
 0.300
 0.588
-0.141
-1.836
-2.519
-2.306
-0.939
-0.193
-0.538
-0.476
 0.115
 0.990
-0.025
-0.862
 1.171
 1.048
 0.533
 0.184
-0.416
-0.246
-0.826
-2.060
-1.023
-1.525
-0.305
-0.762
-0.323
 1.078
 0.376
-0.725
-0.467
 0.854
 1.090
 1.528
-0.188
-0.469
 0.157
-0.319
-0.958
-0.230
-1.566
-0.899
-0.899
 1.103
-0.599
 0.931
-0.573
 0.767
-1.053
 0.959
 2.553
-1.197
-0.576
 0.050
-0.513
 0.477
 0.524
 0.269
-0.513
-1.011
-0.876
-1.263
-0.141
-1.331
-0.386
-0.280
-0.059
-0.167
-0.170
 0.517
-1.473
-0.808
 1.062
-0.990
 0.904
-0.336
-0.806
-0.737
-0.831
 0.311
-0.364
-1.068
 0.092
 0.218
-1.734
-1.303
 0.759
-0.500
-1.098
-0.268
 0.970
-0.053
-0.895
 0.189
-0.590
 0.663
 0.908
 1.243
-0.067
-0.496
-0.256
-0.177
-3.046
-1.613
-0.793
-0.836
-2.999
-2.145
-1.036
-1.652
-0.247
-1.648
-1.131
-0.494
-1.502
 0.659
 0.227
-0.251
-1.909
-1.118
-1.564
 0.254
-1.060
-2.036
-0.577
-0.569
-0.492
 0.468
 1.007
 1.112
 0.178
-1.010
 0.836
 0.041
 0.718
-0.472
-1.070
-0.020
 0.434
-0.161
-0.385
 0.608
-0.011
 0.005
-0.648
-1.682
 0.902
 0.426
-0.529
 0.660
 0.613
-0.242
-0.395
-0.111
-0.577
-0.735
-0.748
-1.005
-0.358
-1.160
-1.532
-1.668
-2.299
-1.469
-2.148
-0.937
-0.107
-1.362
-0.867
-1.741
-0.562
-0.408
 0.367
 1.099
-0.784
-1.853
-1.748
-0.909
-1.521
-0.461
 0.573
 0.867
-1.605
 0.207
-0.013
 0.877
-1.657
-1.063
-1.291
-0.514
-0.960
-1.910
-1.419
-1.904
-3.770
-2.045
-0.914
-1.300
-0.676
-0.009
-0.553
 0.454
 0.872
-0.392
 0.036
 1.696
 0.959
 0.407
 0.119
-1.522
 0.462
 0.654
 1.094
 0.765
-1.025
-0.093
 0.074
-0.798
 0.316
 0.242
 0.141
 0.299
 0.360
 0.785
 0.244
-1.438
-3.044
-1.805
-0.236
-1.560
-2.111
-1.368
-0.089
-0.873
-2.101
-3.303
-0.768
-1.160
-1.359
-0.301
-1.606
-0.471
-1.738
-0.544
-2.319
-1.707
 0.064
-0.049
 1.371
 1.286
 0.102
-1.094
-1.520
-0.572
 0.669
 1.298
-0.124
-0.573
-0.460
-0.633
 0.380
-0.125
-0.883
-1.131
-0.070
-0.142
 0.547
 1.280
 0.029
-0.116
 0.287
 0.666
-0.960
-0.868
 0.316
 0.591
-1.001
 0.354
 0.090
-1.544
 0.634
-1.861
-1.789
-1.070
-1.348
 1.204
 0.291
 0.489
-0.174
-0.107
-0.363
-0.250
 0.689
 0.385
 1.214
 0.853
 0.862
 0.061
 0.694
-0.134
 0.887
-1.158
-0.345
-1.068
 0.549
 0.769
 0.607
-1.545
-2.090
 0.453
 0.251
 0.881
-0.069
 0.021
-0.348
 1.130
 0.263
-0.158
-0.461
-0.434
 0.162
-0.329
-0.792
-1.704
-1.309
 0.061
 2.208
 0.313
-0.599
-0.668
-0.105
 0.252
 0.972
 1.072
 2.469
 2.396
 0.762
 2.037
 0.725
-1.327
 0.518
 1.047
-0.716
 0.438
-0.046
 0.578
 1.280
-0.222
 1.058
-0.391
-0.654
 0.164
 0.015
 0.033
 0.235
 0.201
 0.404
-0.406
-0.187
-0.229
 0.724
 0.820
-0.370
-0.288
-0.175
 0.364
 0.832
 1.433
 1.372
 2.476
 0.939
 0.678
-0.076
-0.310
 0.959
-1.638
-1.673
-2.301
-1.334
-2.227
-0.758
-0.005
-0.266
-1.809
-1.259
 0.210
 0.548
-0.485
-1.017
-0.978
-1.178
-0.618
 0.275
-0.999
-1.514
-0.859
 0.153
 0.447
-0.974
-1.432
-0.795
 0.195
-2.058
-0.038
 0.338
-0.818
-1.177
-0.494
-0.242
-0.590
 0.313
 0.545
 0.535
-0.843
-0.348
-1.410
-1.594
-0.522
-1.381
-1.065
-1.021
-0.734
-2.106
 1.143
-0.278
-1.013
-0.722
 0.167
-0.406
-0.627
 0.319
-0.792
-1.109
-0.224
 0.427
 0.736
-0.287
-0.629
-0.624
 0.044
-1.170
-1.567
 0.085
-0.789
 0.066
 0.047
 0.501
 0.332
-1.054
-0.970
-0.970
-0.663
-0.359
-0.016
-0.741
-0.134
-1.417
-1.757
-0.310
 0.063
 0.315
-1.516
-1.070
-0.160
 0.528
 0.347
-1.210
-0.013
 0.634
 0.099
 1.024
-0.217
 0.670
 0.825
 0.112
-1.576
 0.266
-1.500
-1.537
-0.596
 0.117
 0.231
-0.645
-1.725
-0.648
-1.772
-0.326
-0.957
-0.573
-2.273
-1.566
-0.532
 0.467
 0.393
-0.628
 0.746
 0.998
-1.376
-0.572
-1.064
 0.877
-0.151
 0.093
-1.049
 1.020
 0.618
 1.032
-0.149
-0.421
-0.304
 0.600
 0.384
-0.315
 0.079
 0.142
-0.839
-0.552
-0.417
-1.030
-0.046
-1.495
-0.681
-1.009
 0.922
-0.003
 0.653
-0.647
 1.049
-1.155
-0.181
-0.406
-0.314
-1.299
 0.192
 0.338
 0.787
 0.261
-1.723
-0.839
-0.228
 0.094
-1.192
-1.090
 0.096
 0.004
-0.171
-0.120
-0.424
-0.199
-1.256
-0.182
-1.033
 0.048
-0.353
 1.567
-0.178
-1.063
-0.191
 0.302
-1.290
-1.145
 0.039
 0.205
 0.007
 0.585
 0.904
 1.334
-0.336
-0.050
-0.653
 0.046
-0.802
-1.005
-1.257
-0.800
-0.522
 0.101
-1.286
-2.756
 0.533
-0.135
-0.979
-0.798
-0.587
-0.237
 1.582
-0.371
-0.319
-1.499
-0.050
-0.685
-0.318
-1.601
 0.039
-0.409
-0.402
-0.085
-0.415
-0.526
 0.836
 0.848
 0.025
-1.350
 1.272
 0.017
-0.147
-0.407
 0.120
 0.508
-1.059
-1.194
-0.338
 0.142
 0.932
 2.371
 0.682
 1.605
 1.190
 2.134
 1.832
 1.913
 2.198
 0.867
 1.103
 1.996
-0.275
 3.265
 1.672
-0.247
 1.538
 1.414
-0.040
-0.171
 1.823
 0.980
 0.535
-0.524
-0.666
 0.110
-0.753
 0.810
 0.237
 0.382
-0.489
 1.153
-0.140
 1.228
 0.682
 1.312
 0.358
 2.049
 1.489
-0.040
 0.158
 1.133
 1.368
-1.015
-0.764
 0.807
 1.508
 0.397
-1.041
 0.002
-1.088
-2.257
-1.420
-1.519
-1.705
-1.069
-0.714
 1.341
 0.363
-0.343
-0.489
-0.801
-0.445
-0.712
-0.953
-0.734
 0.010
 0.075
 1.473
 0.458
 0.246
-0.872
-1.346
-0.973
 0.330
-0.565
-2.028
-0.047
-0.378
-1.355
 0.376
-0.712
 0.561
-0.528
 1.023
 0.700
 0.524
-0.447
 0.000
 0.945
-1.270
 0.730
 0.135
 0.684
-0.190
 0.336
-0.066
-0.208
 0.631
 0.300
 0.007
-1.417
-0.230
 1.274
-0.721
 0.381
 0.147
 0.150
 0.792
-0.193
-0.384
-0.948
-0.855
 0.355
-0.313
 0.967
 0.627
 1.620
 0.669
 0.442
 0.194
 0.779
 0.429
-1.147
-0.628
-0.100
-1.486
-1.505
-0.362
-0.268
-1.040
-0.981
-0.445
 0.412
 0.979
-0.021
 0.241
-0.391
-0.755
-1.193
-0.454
 0.429
 0.614
 0.452
-0.753
 0.300
 0.626
 1.065
 0.239
-0.294
-0.885
-0.474
 0.617
 1.257
-0.842
-0.323
-1.877
-1.427
-0.002
 0.697
 0.677
 1.329
-0.213
-0.795
 0.128
 0.343
-0.505
 0.113
-0.717
-0.477
 0.411
 0.044
-0.202
 0.108
 0.681
 0.155
-0.331
-0.769
-0.977
-1.340
-1.856
-0.168
-0.390
-0.207
-0.807
 0.452
 0.419
-0.712
 0.727
-1.113
 0.042
-1.587
-0.249
-0.823
 1.267
-0.708
-0.294
-0.427
-0.340
 0.409
 0.566
 0.493
 0.102
-0.981
-2.122
-0.345
-0.386
-0.047
-0.543
 0.656
 1.198
 1.535
 0.701
 1.077
-0.180
 0.665
-0.137
 0.797
-1.291
-1.252
-1.400
-1.927
-0.142
 1.382
-0.204
 1.455
 0.807
-1.357
-0.301
-0.043
 0.131
 0.236
 0.329
-0.330
 0.456
-0.639
-0.700
 0.381
-0.311
-1.120
-0.423
-1.229
-2.574
-0.909
-1.138
-2.203
-0.600
-2.559
-0.449
-0.809
 0.442
 0.177
-2.219
-2.003
-0.771
-0.887
-2.203
-1.603
-1.645
-2.037
-1.027
-0.257
-1.407
-1.135
-1.181
-0.303
-1.380
-1.842
-1.060
-1.093
-2.517
-2.089
-1.541
-0.122
-2.045
-2.789
-1.115
-1.391
-1.958
-0.802
-0.830
-0.822
-2.116
-0.371
-0.673
-1.395
-1.532
-1.317
-2.243
-3.261
-0.384
-0.636
-1.184
-0.430
-0.196
-0.604
-0.076
-0.275
-1.436
-0.062
-0.971
 1.236
 0.481
-0.299
-0.325
-0.307
-0.774
-0.297
-0.047
 0.711
 0.128
-0.967
-1.374
-0.012
-0.440
 0.609
 0.631
 0.698
 0.077
 0.553
 1.227
 0.963
 1.288
-1.075
-1.261
 0.314
 0.187
 0.364
-0.828
 0.337
-0.536
-0.482
 0.418
 0.777
 0.906
-0.311
 0.102
 1.005
-0.714
-0.525
-0.033
-0.651
 0.605
-0.351
 0.158
-1.132
-0.427
 0.361
 0.304
-1.343
-1.647
-0.859
-0.341
-0.383
-0.492
-0.615
-0.087
-0.308
-0.837
-0.256
-1.037
 0.277
 1.131
 1.996
 0.654
 1.031
 0.240
-0.517
 0.787
 0.975
-0.576
-0.386
-1.185
-1.399
-2.017
-0.964
-1.894
-2.352
-1.043
-1.577
-1.224
 0.124
 0.756
-1.077
-2.070
 0.427
 1.134
-1.049
-1.561
-1.260
 0.004
-0.913
-0.877
 1.035
 0.858
 0.421
 1.186
-0.247
-0.789
 0.641
 1.260
-1.323
 1.188
 1.158
-0.285
-0.009
 0.359
-1.294
 0.365
 0.792
 1.046
 0.404
-1.382
-1.307
-0.614
 1.704
-0.060
-0.703
-0.277
 1.089
 0.576
 0.449
-1.146
-2.453
-0.849
 0.150
 0.618
-1.195
-1.325
-0.896
-0.138
 0.189
 0.354
 0.242
-1.264
-0.286
 0.221
-0.524
-0.871
-0.873
-0.455
-1.452
-0.362
-0.002
-1.628
 0.495
 0.055
-1.001
 0.051
 1.126
 0.909
 1.950
 0.088
 0.943
 0.789
-0.374
-0.077
-0.330
 1.334
-0.309
-0.998
-0.112
-0.594
-1.381
-1.317
-1.283
 0.607
-0.521
-1.612
-0.083
-0.370
-1.172
 0.220
 0.805
 0.443
 1.260
 0.578
 1.291
 0.242
-0.240
-0.216
 0.431
 0.943
-0.098
 0.322
-0.358
 0.081
 0.580
 0.759
-0.606
-1.013
-1.529
-0.596
-0.781
 0.542
 0.654
 0.176
 0.012
-0.115
 0.206
 1.005
 0.200
 2.009
 0.891
-0.609
-0.528
 0.205
-0.009
-0.913
-0.639
-1.154
-1.390
-1.254
-0.963
-1.045
 1.091
 0.872
 0.165
 0.553
 0.350
-0.021
-0.346
 0.550
 0.911
-1.212
-1.528
-0.285
-0.140
 0.460
-0.165
 0.218
-0.029
-0.265
 0.771
-0.266
-1.048
 0.818
-0.445
-1.038
-1.152
-0.913
-0.326
-0.870
-0.484
-0.077
 1.020
 1.736
 0.671
 0.780
 0.008
 0.334
-0.364
-1.299
-0.972
-1.015
-0.296
-0.278
-0.134
-1.231
-0.064
-1.076
-2.508
-1.457
-1.719
-1.092
-0.668
-1.044
-0.742
-0.617
 0.180
-0.568
-0.767
-0.334
-0.224
-0.529
-0.589
-1.030
-0.226
 1.332
 1.751
 1.410
 0.041
-0.181
 0.136
 0.188
 0.739
 0.054
-0.096
 0.650
-0.681
-0.813
 0.360
-0.011
 0.738
-0.557
 0.737
 0.558
-0.815
-0.086
-0.802
-1.589
-2.175
 0.107
-0.716
-0.123
-0.121
-0.377
-0.873
-1.418
 0.786
 0.001
-1.442
-1.384
-0.879
-0.769
 0.490
 0.128
-0.874
-0.760
-0.201
-0.299
 0.289
-0.237
 0.628
 0.757
-0.305
-0.856
 0.588
-0.084
 0.384
-0.217
 0.975
 1.057
 1.459
 0.782
-0.490
-0.996
-0.533
-0.499
-2.036
-2.791
 0.165
-0.017
-0.516
-1.500
-0.920
-0.677
-0.551
 0.683
 0.011
 0.163
 1.269
 0.296
 0.222
 2.091
 0.341
 2.005
 0.609
 1.260
 0.103
 0.317
 1.258
 0.650
 1.210
 0.587
-0.552
 0.339
-0.267
-0.839
-0.898
-0.594
 0.002
 0.451
-0.239
-0.424
-0.759
-0.741
 0.113
 0.611
 0.309
 0.128
-1.790
-0.534
-0.018
-1.462
-1.796
-0.767
-1.891
-2.476
-0.208
-0.087
-1.239
-1.671
-0.715
-1.011
-0.884
-0.879
-0.631
-0.109
-0.912
-0.895
-1.240
-0.178
 0.566
-0.084
-1.169
 0.723
-0.285
-1.435
-0.983
-0.732
-0.469
-1.467
 0.209
-0.074
-0.860
-1.173
 0.060
-1.071
-0.100
 0.197
-0.241
 1.281
-0.661
-1.395
-1.217
-1.658
-0.477
-1.044
-1.054
-0.623
-1.360
-1.242
-1.181
-0.441
-0.079
 0.091
-0.833
 0.253
 0.714
-0.581
-1.402
-0.083
 1.935
 0.839
 1.097
 1.536
 0.619
 1.332
 0.472
 0.305
-0.120
-2.057
-0.696
-1.441
-0.584
-0.764
 0.090
-1.548
 0.877
 1.186
-0.315
-0.092
-0.783
 1.205
 0.890
 1.022
-1.965
 0.501
-0.041
-0.264
 0.360
 0.825
-1.334
-1.235
-1.287
 0.400
 0.181
 0.112
-0.661
-1.187
-0.803
 1.140
-0.925
-0.096
-0.063
-0.713
-0.324
 0.532
-1.287
-0.375
-0.300
-1.450
-0.917
 0.595
-0.035
-0.360
-1.060
-1.686
-0.848
-1.133
 0.380
-0.707
 0.351
-1.309
-0.508
 0.426
 0.988
 1.869
 1.049
 0.192
-0.365
-0.393
 0.140
 0.979
 0.469
 0.224
 1.148
 1.165
 0.210
 0.015
 0.199
-0.874
-0.833
 0.265
-0.339
 0.138
 1.515
-0.393
-0.003
-1.037
 0.084
 0.153
-0.981
-1.704
-1.230
-1.815
-1.140
-0.083
 0.948
-0.537
-0.619
-0.072
-1.030
-0.741
-1.481
 0.494
-1.292
-0.995
-0.322
 0.321
 0.265
-1.053
-0.308
 0.095
-1.255
-2.016
-0.529
-0.280
-0.308
 0.397
-0.509
 0.057
-0.874
 0.514
 1.476
 1.557
 0.189
-0.439
-0.854
-0.370
-0.182
-0.421
-0.549
-0.321
-0.532
-0.396
 0.021
-0.068
-0.571
 1.130
-0.214
 0.213
-0.796
 0.050
-0.304
 0.888
-2.071
 0.298
 0.181
-0.314
 0.704
-0.511
 0.363
-0.473
 0.918
 1.401
-0.152
-0.362
 0.607
 0.047
-0.599
 0.622
-0.045
-0.109
-0.765
 0.018
 0.246
-0.019
-2.620
-2.079
-0.552
 0.349
-0.287
 0.220
-1.334
-0.425
-1.176
-0.300
 0.743
-2.069
-1.859
-0.989
-2.521
-0.169
 0.902
-0.820
 0.511
-0.114
 1.413
-0.256
 1.611
 0.303
-0.370
-0.244
 0.188
 0.927
-1.110
 1.339
 1.169
 0.828
 0.731
 0.732
-0.110
 0.699
 2.038
-0.020
 1.061
 1.145
 0.521
 0.144
-0.011
-2.066
-1.091
-0.580
-1.268
-1.133
-1.024
 0.246
 0.838
-0.202
-0.754
-1.070
-1.442
-0.436
-0.096
 0.172
-0.366
-1.383
-0.787
 0.145
-0.096
 0.336
 0.937
 1.162
 1.368
 0.763
-0.323
-0.564
 0.957
 1.475
 0.604
-0.549
 1.490
 0.952
 0.730
 1.593
 0.678
 0.154
 1.270
-1.059
 1.012
 0.402
 0.750
-1.476
-1.119
-0.700
-0.049
-0.922
 1.097
-0.246
 0.689
-0.254
-0.546
 0.875
 0.465
 0.110
-1.156
-0.458
 0.341
 0.875
 1.730
-0.577
 0.984
 1.399
 0.152
 1.046
-0.487
 0.916
 0.100
-0.707
 0.126
 0.613
 1.453
 0.266
 1.517
 1.300
 1.724
 1.564
 0.766
 0.616
 1.216
 0.957
-0.163
 0.446
 2.304
 2.147
 0.005
-0.361
 0.390
 0.571
-1.768
 0.205
 1.018
 1.153
 0.146
 0.161
-0.783
-0.144
-1.546
-0.199
 0.342
-0.626
 0.893
 1.165
 1.639
 0.564
 0.951
 1.491
 0.915
-0.830
-0.596
-0.198
 0.160
 0.046
 0.281
 0.051
 0.293
-1.954
-0.936
-0.957
-0.506
 0.796
 0.155
-0.192
-0.886
-1.271
 0.720
-0.341
-0.370
 0.643
 0.925
 0.844
 0.829
-1.545
 0.282
 1.259
 0.277
 1.131
 0.591
 1.170
 0.559
 1.009
 0.174
 0.675
 0.312
 1.004
-0.910
-0.618
-0.528
-0.069
-0.857
 1.467
 0.220
-0.457
-0.523
-0.753
-0.719
-0.210
-1.072
-1.857
 0.443
-0.031
-0.122
 0.139
 0.051
-0.898
-1.533
-0.060
-2.599
-0.283
-0.595
-0.343
-0.564
-0.757
-0.054
 0.731
-1.260
-0.424
-0.432
-0.977
-1.379
 0.277
 0.160
-0.141
 0.445
 0.831
 1.562
 1.514
 0.476
 0.558
 1.589
 1.218
 1.656
 0.462
 1.274
 1.125
-0.152
-1.207
-0.342
-1.336
-0.665
-0.151
 0.615
 2.707
 0.050
 1.087
 1.181
 0.641
-0.666
 0.040
-0.642
-1.498
-0.252
 0.175
-0.069
 1.098
-0.102
-1.343
-0.466
-0.502
 0.169
-0.927
-0.065
-1.604
-0.577
-0.904
-1.217
 0.065
-0.001
 1.414
-0.437
-0.170
 0.014
 0.924
-1.078
 0.100
 1.111
-0.236
-0.542
-2.419
-1.108
-1.502
-0.385
-0.364
-0.046
-0.743
 0.006
 0.483
-0.919
 0.161
 0.314
-0.301
-0.145
-0.010
-0.539
-1.217
 0.188
 1.635
-0.606
-0.228
 0.095
-0.360
 0.636
-0.959
 0.100
 0.999
 0.750
 1.177
 1.582
 1.230
 1.419
 0.419
 0.179
-0.535
-1.888
-0.872
 0.051
 1.298
 0.609
 1.355
-1.609
-0.806
 0.049
 0.008
-1.367
 0.454
-1.346
-1.876
-1.558
-1.480
-0.628
-0.083
 0.112
-0.877
-1.417
-2.271
-1.550
-0.040
 0.033
-0.695
 0.148
-0.729
-0.575
-0.161
-0.155
-0.425
 1.113
 0.365
 0.332
 1.142
 0.022
-1.006
-0.079
 0.504
-0.824
-0.518
 0.422
 0.487
-1.137
-1.326
-0.295
-1.369
 0.223
-0.583
-1.549
-1.566
-1.267
-0.703
-2.055
-1.363
 0.710
-0.637
-1.372
-2.032
-1.156
-1.458
-0.852
-0.027
-1.062
-1.561
-0.890
-1.106
-1.572
-1.972
-2.801
-0.553
-0.286
-0.720
-1.083
-1.256
-1.769
-0.015
-0.142
-1.634
-0.303
 0.679
 0.376
 0.108
-0.246
 0.609
 0.999
-0.013
 0.549
 0.528
 0.086
-1.147
 0.223
 1.446
-0.456
 0.554
-0.636
 1.136
 0.538
 0.413
 0.288
 0.036
 0.099
 0.843
 1.167
-0.010
-0.994
-0.354
-1.342
 0.007
 0.301
-0.847
 0.083
 1.514
-1.436
-0.503
-0.715
-1.078
-0.757
 0.494
-0.016
-0.065
 1.014
-0.120
 1.664
 1.313
 1.088
-0.152
 0.295
-1.022
-0.135
-0.728
-0.800
-1.255
 0.518
 1.882
-1.432
-1.485
-0.506
 0.894
-0.652
-0.746
-0.854
 0.232
-1.919
-2.274
-1.331
-0.481
-0.059
-0.979
-1.356
-0.267
-1.097
-0.735
-1.666
-1.499
-0.750
-1.115
-2.448
 0.058
-0.209
 0.300
-0.556
-0.527
-1.780
-0.960
-2.025
-2.087
-1.371
-0.032
-1.128
-1.089
-1.215
-0.479
 0.088
-0.379
 0.355
 1.159
-2.877
-1.419
-0.875
-0.907
-0.620
 0.710
 1.378
 1.018
 0.442
-0.489
 1.871
 0.547
-0.953
 0.807
 0.624
-1.434
-0.372
-0.349
-0.776
-0.295
 1.032
-0.089
-2.220
-2.693
-2.521
-2.124
-2.533
-1.461
-0.136
-0.233
 0.522
-0.529
-0.232
-0.013
-2.225
-1.086
 0.005
 0.304
 0.726
 0.113
-0.599
 0.423
 0.814
 0.122
-0.701
-1.250
-1.361
-0.255
 0.487
 0.220
 0.085
 0.163
 0.466
 1.306
-0.294
-0.371
-0.596
 0.741
 1.274
 0.278
 2.010
 1.483
 2.638
 2.376
-1.472
-2.008
-1.968
-1.319
-0.505
 0.312
-0.864
 0.034
 0.599
-1.662
 1.426
 0.462
 0.499
-0.037
-0.580
-1.436
-1.137
-1.156
-1.474
-0.983
-0.934
-0.201
-1.548
-1.476
-2.662
-2.593
-1.742
-1.232
-0.568
 1.095
-1.358
-0.755
-1.390
-0.102
 0.481
 0.344
 0.445
-2.002
-2.793
-0.982
-1.520
-2.129
-1.209
-0.631
-1.615
-1.390
-1.989
-2.292
-2.210
-2.628
-3.671
-1.693
-1.350
 0.543
-0.411
-0.097
-1.605
-0.599
-0.103
 0.101
 0.783
-0.641
 0.151
-0.660
-0.716
-0.262
 1.644
 1.944
 0.532
 0.279
 0.457
-0.752
 1.114
 0.380
-0.430
-1.532
-0.178
-0.258
-1.592
-0.607
 0.022
 0.748
 0.413
 0.549
 0.254
-0.492
-1.581
 0.407
-1.565
-1.752
-0.313
-0.939
 0.228
 0.439
 0.538
-0.447
-0.449
-1.206
 0.241
 1.073
 0.139
-0.698
-0.417
-0.026
-2.114
-1.592
-2.590
-0.576
-1.580
-0.720
-2.114
-1.502
 0.277
 0.004
 0.446
 0.349
-1.042
-0.557
-1.610
-0.535
-0.279
 0.046
-0.938
-0.290
-0.059
 1.493
 0.906
 1.012
 0.369
 1.323
-0.669
 1.254
 0.980
 0.527
-0.779
-0.825
 0.345
-0.146
 0.267
-0.478
 1.034
 0.387
-1.318
-0.089
 0.480
-1.098
-0.846
 0.294
-0.507
-1.232
 0.692
 0.011
-0.599
-0.201
-0.704
-0.332
-0.958
 0.810
-1.042
 0.857
 1.039
-0.155
-1.164
 0.142
 0.899
-0.716
-1.434
 0.061
-0.012
 0.286
 0.334
-0.772
 0.427
-0.177
-0.805
-1.068
-1.362
-1.905
-0.724
-0.927
-0.325
 0.859
 0.020
-2.337
-1.074
 0.000
-0.122
 0.231
 0.713
 0.069
 0.530
-2.444
-1.064
 1.046
 0.368
 0.269
-0.555
 0.299
-0.669
-0.662
-0.971
 1.042
 0.457
 1.847
 0.233
 0.333
 1.796
 1.963
 0.206
 1.207
-0.676
 1.033
 0.162
 0.828
 0.401
-0.583
 0.051
 0.733
 0.684
 0.155
 0.723
 1.021
 0.436
-1.214
-1.743
 0.801
-0.512
-0.021
-0.636
-0.689
-1.412
 0.119
-0.861
-0.741
 0.095
 0.666
 0.625
 0.141
-1.837
-1.205
-0.130
 1.213
-0.501
-0.407
-0.473
 0.751
-0.100
-1.919
-1.292
-1.184
-2.073
-1.049
-0.049
-1.750
-0.839
-0.314
 0.216
-0.422
-0.990
 0.611
 0.031
-1.247
-0.139
 1.158
-0.241
 1.005
 0.247
 0.573
-1.478
-0.685
-0.663
-0.226
-0.779
-0.968
-1.237
 0.274
 0.854
 1.075
 0.718
 0.233
 0.086
 0.897
-0.416
-0.721
 0.655
 0.928
-0.717
 0.110
 1.034
-0.005
 0.336
 1.144
-0.386
-0.122
 1.316
-0.120
-0.414
 1.040
-0.771
 0.480
-0.126
 1.611
 2.087
 2.391
 0.629
-0.041
 1.537
-0.332
-0.138
 0.236
-0.854
-1.061
 0.333
-1.473
-0.892
 1.576
 1.344
-0.088
-1.837
 0.091
-1.429
-2.355
-1.370
-1.163
-0.511
-0.754
-0.154
-1.929
-0.923
 0.208
 0.284
 0.513
 0.597
 0.455
-0.475
-0.997
 0.029
 0.116
 1.788
 1.873
 0.810
 1.483
 0.294
 0.465
 0.308
 0.347
 1.022
 1.182
 0.332
 0.180
 1.053
-0.489
 0.844
 0.896
 0.374
 0.115
-0.272
 0.906
-0.807
-0.412
-0.041
-0.024
-0.568
-1.238
-1.404
 0.362
-2.008
-0.711
-1.309
-0.257
-1.328
-0.346
-0.543
-0.054
-0.770
-0.835
-0.647
 0.314
 0.240
-0.020
 1.294
-0.959
 1.931
 0.621
 1.316
-1.228
 0.851
 0.652
 1.975
 0.023
 0.163
-0.350
 0.661
 0.439
-0.181
 0.749
 0.375
 0.911
 1.452
 0.546
 0.464
-1.344
-1.368
-0.076
 0.073
 0.091
-0.755
 0.848
-0.466
-0.675
 0.116
-0.147
 0.955
 0.622
 0.329
-0.866
-0.152
-2.097
-1.272
-2.168
-2.780
-1.980
 1.461
-0.488
-1.275
-1.904
-1.073
-1.298
-0.464
 1.261
-0.377
-1.943
 0.510
 0.316
-0.569
-2.165
-1.747
-1.424
-0.800
-2.612
-0.210
 0.196
-0.737
 0.483
-0.902
-0.762
 0.201
-0.224
-0.870
 0.558
-2.006
 0.062
-1.567
-0.982
-1.973
-1.039
-1.352
 0.024
 0.594
 0.387
-1.135
 1.090
 0.934
-0.683
 0.108
 0.527
 0.249
 0.063
-0.557
-0.897
-0.900
-0.289
 0.232
 0.679
-0.757
 2.115
 0.870
 1.618
 0.642
 1.225
 1.051
 0.527
 0.953
 1.190
 0.122
 1.654
 1.337
 0.845
 0.938
-0.971
-1.136
-1.380
 0.171
-0.852
 0.582
 0.334
 0.450
-0.020
 0.724
 0.936
-0.360
-0.298
-0.961
-0.811
-0.701
-0.278
 1.094
 0.367
 0.154
-0.121
-0.233
-0.157
-0.009
-0.012
 0.063
-0.081
 1.428
 0.018
-0.761
-1.032
 0.137
 0.649
 0.987
-1.208
-0.599
 0.363
-0.322
-0.815
-1.728
-1.588
 0.616
-1.447
-0.728
 1.234
 0.582
 0.547
-0.613
 1.211
 0.031
-1.429
-1.601
-1.321
-1.131
-0.001
-0.005
-0.249
-0.524
-0.056
-1.130
-1.991
-1.017
-1.283
-1.839
-1.360
-1.073
-1.215
-1.103
-0.688
-0.113
 0.196
-0.638
 0.034
 0.581
-0.369
 1.135
-0.139
 0.013
-0.011
 0.473
 0.371
 0.319
 0.517
-0.467
 0.405
-0.689
-1.599
-0.568
-1.748
 0.397
-1.763
 1.194
-0.067
-0.940
-0.691
-0.408
-1.833
-0.036
-1.382
-0.169
-0.349
-1.521
-0.744
-1.097
-1.152
-1.940
-1.029
-2.206
-0.116
 0.098
 0.077
-0.079
-0.974
-0.070
 0.752
 1.493
 0.503
-0.308
 0.398
-0.780
 0.166
 0.877
 0.141
-1.092
 0.126
-0.305
-0.261
 0.093
-0.297
-0.775
 0.684
-0.415
 0.917
 0.446
 1.296
-1.029
 0.187
 2.031
 0.552
-0.491
 0.841
 0.833
 1.404
-0.774
-0.062
-0.082
 0.411
-0.109
-0.769
-0.856
 0.942
-0.164
-0.126
-1.294
-0.710
-1.578
-0.619
-1.413
 0.201
 0.442
-0.387
-0.310
-0.419
-0.605
 0.675
 0.941
 0.021
-0.297
 0.592
-0.517
-1.550
-1.076
-1.234
-1.692
-2.052
-0.044
-0.224
 0.720
-0.189
-0.712
-1.889
-2.480
 0.585
-1.053
-0.151
 0.706
 0.829
-0.523
 0.499
-1.539
-0.117
 0.010
-0.239
 0.658
 1.026
 0.662
 0.974
-0.516
 0.237
-0.617
 0.405
-0.415
-0.995
-0.748
 2.485
 0.808
-0.529
-0.358
 0.374
-0.088
 0.093
 0.588
-1.705
-0.992
 0.965
-0.730
-0.362
 1.195
 0.017
 1.509
 0.016
-1.153
-1.342
-0.924
-0.967
 0.485
 0.287
 0.444
-0.694
-0.334
-1.587
 0.194
 0.921
 0.111
 0.510
-0.853
-0.080
-0.825
-0.885
 0.288
-1.602
-0.034
 1.235
 0.410
-0.353
 0.402
 0.817
 1.046
 0.667
 1.768
 0.935
 0.812
-0.182
 1.717
-0.726
 0.564
 0.220
 0.252
 1.645
 1.885
 1.041
-0.873
-0.288
 0.128
 0.130
 0.355
-2.286
 1.618
 1.597
 0.988
-0.208
 0.920
 0.641
-0.037
-0.266
-1.341
-0.241
 1.789
 0.493
 1.772
 0.352
 0.169
-0.869
-0.458
 0.014
-0.496
-1.311
-1.716
-0.847
 0.920
-0.161
 0.541
-0.632
-0.770
 0.526
 0.007
 0.549
 1.814
 1.836
 1.788
 1.043
 0