.325
-1.417
 1.143
 1.836
 1.195
 1.439
-0.085
 0.894
 0.788
 0.585
 0.574
 2.644
 2.297
 1.114
 1.552
 2.270
 2.185
 0.156
-1.445
 0.967
-0.835
 0.401
-2.130
-1.644
-0.322
-0.857
 0.015
-0.927
-0.289
 0.281
 1.636
-0.027
 0.523
-0.733
 0.072
-0.811
-1.106
-0.623
-0.665
 0.910
 1.083
-1.187
 1.056
 1.000
-0.473
-1.022
-1.234
-0.280
-0.493
-1.133
-0.389
 0.293
-0.084
-0.218
-0.485
-1.570
-0.678
-1.585
-0.017
-0.203
-1.214
-1.491
-0.169
-0.273
-1.494
-0.708
-0.425
-0.092
-0.536
 1.244
 0.852
-1.641
 0.685
-2.068
 0.255
 0.582
-0.123
 1.628
 0.216
 1.005
 0.367
 2.286
 0.886
 0.862
-0.279
 0.291
-0.148
 0.577
 0.501
-0.432
 0.285
-1.035
-0.523
-0.955
-1.468
-0.827
-0.830
-0.816
-0.607
-2.411
-0.019
-0.866
 0.581
 0.147
-0.367
-0.246
-0.579
-0.916
-0.846
-0.981
-2.406
-1.415
 0.042
-0.178
-0.945
 0.290
 0.452
 0.632
-0.077
-0.459
 0.582
-0.925
-0.135
-0.094
-0.700
-0.952
 0.466
-0.789
-0.034
 0.375
 2.131
 1.771
 0.835
 0.800
-0.519
 0.217
 0.181
-0.837
-0.914
-0.673
 0.081
-1.626
 0.064
-0.290
 0.517
-0.092
 0.223
 0.400
-0.930
-0.503
 0.684
-1.092
 0.699
-0.015
 0.556
-0.396
-0.707
-1.692
-1.859
 0.509
-0.466
-0.583
-0.821
-0.435
-0.326
-0.270
-0.670
 1.012
 0.616
-0.959
-0.718
-1.409
-1.903
-0.553
 0.670
-0.383
-2.017
-0.911
-0.943
-1.120
-1.082
-1.776
-0.053
-2.205
-2.067
-1.815
 0.345
-0.091
-2.463
-2.459
-2.473
-1.170
-1.126
-1.069
-1.747
-0.763
-2.033
-1.842
-2.605
-1.494
 0.006
 0.464
 0.091
 0.142
 0.886
 1.259
 0.724
 1.209
 1.357
 0.070
-0.349
-1.001
-0.735
-0.164
-1.051
-1.065
-2.287
-1.204
-1.726
-1.309
-1.937
-0.163
-0.839
-0.553
-2.288
-2.387
-0.142
 0.292
-0.074
-0.185
-1.025
 0.931
-0.532
-0.150
-0.489
-0.164
 0.192
 1.447
 0.720
 1.540
-0.506
 0.366
-0.462
 0.529
 1.690
 0.807
-0.636
-1.036
-0.428
 0.271
 0.982
-1.192
 0.753
-0.728
-0.494
 2.514
-0.693
-1.126
-0.166
-1.279
 0.444
 0.750
-0.823
 0.252
 1.189
 0.390
 0.408
-0.317
 1.796
 0.371
 0.673
 0.531
-0.282
-0.464
 1.863
 0.596
 0.146
 0.112
 0.691
 1.532
 1.118
-0.021
 2.580
 0.871
 2.314
 0.390
 1.057
 0.717
 0.293
 1.123
 0.543
 1.770
 1.667
 1.028
-0.392
 0.200
 0.701
-0.676
 1.452
 0.001
-1.133
-1.156
-0.152
 2.019
 2.192
 0.487
 0.306
 0.337
-0.221
 0.111
-0.385
-0.370
-0.865
-1.016
-0.795
-1.270
-0.428
 0.449
-0.835
-0.301
-0.471
-0.700
 0.050
 0.078
 0.213
-1.069
-0.125
 0.012
 0.149
 1.308
 1.068
-0.563
-1.105
-0.387
-0.747
-1.773
-1.619
-0.855
-0.986
 1.287
-1.486
-0.725
 0.663
-0.634
 0.137
-0.570
-0.450
-0.079
 0.724
 0.539
-1.810
-1.436
-1.729
-0.180
-1.694
-0.498
 0.232
 0.460
 0.514
-0.886
 0.209
 0.076
-0.922
 0.512
-0.558
 0.493
 0.959
 0.299
 0.774
-0.097
-0.094
-0.472
 0.750
-0.582
 0.065
 1.407
 0.810
-0.423
-1.730
-1.867
-1.818
-1.160
-2.277
-0.971
-0.997
 0.958
 1.243
-1.421
-1.175
-1.398
-1.649
-2.036
-1.163
-0.281
-0.303
-0.523
-1.433
-2.120
-1.269
-0.365
 0.144
 0.607
-0.315
 0.407
 0.321
-1.507
-0.374
-0.951
-2.266
-2.509
-1.218
-1.592
-0.965
-0.801
-2.174
-1.905
-0.305
 0.005
-0.764
-0.661
-0.749
-1.642
-1.935
-1.722
-0.478
-0.885
-2.086
-1.024
-0.878
-0.694
-0.666
-0.866
 0.172
 0.870
-0.090
-0.422
-2.039
-0.629
-1.953
 0.284
 0.756
 0.155
-1.469
-1.760
-0.815
-2.051
-1.236
-1.478
 0.074
-1.647
-0.669
-0.427
-1.682
-1.734
 0.758
-0.370
 0.290
 0.974
-0.154
-0.961
-0.560
-1.065
-0.740
-1.109
-0.415
 0.285
-0.176
-0.215
-0.558
-0.795
-0.758
-0.742
 0.377
-1.091
-0.014
-1.251
 0.504
 0.223
-0.190
-1.490
 0.198
-0.466
 0.280
 0.381
-0.951
 0.261
 1.208
-0.054
-0.940
-0.838
-0.373
 0.585
 0.008
-0.234
 0.532
-0.166
 0.395
-0.280
-0.240
-2.145
-1.479
-0.029
-0.647
 0.695
 1.318
-0.450
 0.438
-0.127
-0.097
-1.201
-0.999
-1.139
-0.684
 0.631
-0.836
-0.770
 0.967
 0.264
-0.913
-1.310
-0.544
-0.061
-0.165
-0.906
-0.270
 0.951
-0.517
-0.240
-0.650
 0.154
-0.343
 0.589
-0.456
 0.317
-1.014
-0.412
-2.076
-0.127
-1.228
-1.874
-1.165
-0.363
-0.386
-0.730
-0.123
-1.282
-0.514
 0.125
 0.095
-0.054
-2.187
-2.051
-1.109
-0.463
-0.341
-1.758
-0.726
-0.178
 0.041
 0.737
-0.245
-0.822
-0.718
-1.422
-0.532
 0.236
-1.992
-1.619
-2.631
-2.002
-2.204
-2.216
-0.854
-0.598
-0.693
-1.465
-0.963
-1.091
-1.441
-1.240
-0.429
-0.162
-0.887
-0.309
-0.249
-0.715
 1.054
 1.665
 0.157
 0.231
 0.629
 0.530
 1.015
 1.646
-0.362
-0.424
 1.172
 0.291
 1.374
-0.342
 0.488
 0.376
-0.171
-0.909
-1.061
-0.849
-2.040
-1.769
-1.934
-0.580
 0.883
 0.061
-0.233
-1.110
 0.711
 1.262
-0.056
-0.076
-0.589
-0.807
-1.504
-2.251
-2.444
-1.965
-3.363
-1.614
-0.974
-0.277
-0.334
-0.156
 1.182
 0.043
-0.213
-0.430
-0.253
 0.221
-1.531
 0.328
-0.152
-1.563
-0.596
-0.347
-0.500
-1.882
-0.017
-0.654
-0.635
-0.443
-0.603
-0.414
-1.205
-1.432
 1.328
-0.316
-2.023
-2.680
-1.655
 0.104
 1.797
 0.413
-1.268
-0.477
-1.121
-2.039
-1.387
-1.060
 0.638
-0.209
 1.709
 1.900
-0.061
-0.238
-0.952
-0.724
-1.424
-1.703
-1.289
-0.234
-0.883
-0.963
-1.129
-1.046
-0.168
 0.455
-0.180
-1.223
-1.658
-0.670
 0.092
-1.439
 0.278
-0.660
 0.024
 0.316
-0.335
 0.958
-0.249
-1.511
-2.077
-1.900
-2.397
-1.533
 0.561
-0.307
 0.806
 1.325
 0.432
 0.651
-0.183
 0.776
 0.306
-0.220
 0.710
-0.983
 0.767
 0.972
 0.484
 0.820
 0.834
 1.287
 1.158
 1.176
-1.086
 1.047
 2.277
 0.215
-0.802
-0.944
 0.671
 0.795
 0.797
 0.607
 0.929
 1.069
 0.713
 0.951
 0.610
 1.069
 0.082
 0.633
 0.229
 1.542
 0.049
 0.691
-0.134
 0.021
-1.007
 1.070
-0.272
 0.396
-1.825
-0.822
 0.590
-0.444
-0.433
 0.237
-0.242
 0.384
 0.357
 0.220
 0.060
 1.344
 0.391
 0.625
 0.455
-1.601
-1.413
 0.096
-2.804
-0.700
-0.491
-1.013
-1.624
-1.416
 0.006
-0.189
 0.126
 0.492
 0.327
 0.740
-2.017
 0.002
 0.784
-0.455
-0.926
 0.354
-0.594
 1.137
-1.065
-0.186
-0.969
-1.793
 1.460
 0.751
 0.562
-0.479
-1.890
-0.832
 0.204
-0.907
-2.439
-0.322
-1.110
-2.176
-0.874
-1.567
-0.598
 0.688
 0.081
 0.026
 0.115
 0.564
-0.391
-1.505
-0.717
-0.100
-0.824
 1.264
 0.104
-0.023
 0.289
 0.263
 1.086
 0.275
-0.168
-0.621
-0.140
-1.331
-0.219
-0.309
-0.168
-1.377
-0.898
 0.276
-1.114
 1.002
-0.120
-1.227
-1.741
-0.124
-0.642
-0.222
-0.922
 0.220
-0.544
-0.340
-1.365
-1.365
-1.446
-0.195
-0.519
-1.952
-0.438
-0.733
-0.512
-1.080
-1.668
-1.360
-2.410
-0.429
-2.167
 0.630
-0.741
-1.667
-0.618
-0.116
-0.930
 0.471
-0.088
-0.211
-1.168
-1.208
-1.004
-0.946
-1.768
-0.601
-3.009
-1.510
 0.300
 0.749
 0.052
-0.239
-1.456
-0.539
 0.030
-1.307
-0.894
 0.146
 2.045
 1.482
 0.537
-0.884
-1.553
-1.100
-2.414
-2.720
-1.434
-0.215
 0.167
-1.547
-0.464
 0.926
 0.315
-0.207
 1.002
-0.224
-2.951
-1.400
-1.062
-1.314
 0.664
-1.234
-1.504
-1.060
-2.662
-0.660
-0.252
-0.025
-0.986
-0.791
-0.158
 0.800
-0.733
-1.156
-0.567
-0.801
 0.298
 0.004
 0.327
-0.133
-1.052
-1.317
-2.323
-0.721
-1.426
-0.484
-1.592
-2.057
-3.172
-1.949
-0.714
-0.576
-0.235
 0.038
-0.279
-0.891
-0.682
 0.811
-1.536
-0.700
-1.296
-0.036
 0.454
 0.279
 0.309
 1.082
 0.526
-0.262
 0.850
 0.530
-0.923
 0.251
 0.028
 0.456
-0.559
-0.230
-0.876
-0.086
 0.400
 0.730
-0.443
-0.581
 0.560
-0.516
-1.011
-0.190
-1.202
-0.811
-0.022
-0.986
 0.210
 0.001
-0.622
 0.010
 0.436
-0.027
-0.007
 0.865
 1.275
 0.105
 0.062
 1.040
 1.875
-1.301
-0.600
 0.238
 0.523
 0.105
 0.523
 2.118
 0.998
-0.027
 0.608
 0.132
 1.461
 0.593
 0.987
-0.528
-0.547
-0.702
-0.243
 0.296
 0.631
-0.477
-0.203
-1.916
-1.623
-2.169
 0.030
 0.303
 0.307
 0.878
 1.759
 1.242
 2.085
 2.105
 0.654
 1.478
 2.046
 0.406
 0.082
 1.562
 1.796
 1.276
 1.016
 0.841
 1.258
 0.024
-0.299
 0.513
 2.377
 0.152
-0.266
 0.003
 0.838
 0.382
 0.369
-1.812
-0.524
-0.427
-0.203
-1.177
-0.718
-0.613
-1.460
-1.545
-0.974
 0.212
-0.787
-1.122
-2.141
-1.380
-0.074
-0.446
-1.363
 0.653
-1.681
-0.929
-1.321
-0.544
 0.623
-0.686
-0.113
 0.726
 0.912
 1.386
 1.984
-0.517
-2.218
-1.074
-0.219
 0.987
 0.034
 0.577
-1.147
 0.607
-1.136
-0.453
-0.677
-1.058
 0.159
 0.117
 1.080
 2.049
 1.941
 1.114
 2.006
 0.999
 0.928
 1.092
 0.730
 0.322
 1.177
-1.950
 0.149
-1.087
 0.812
-0.836
-0.428
 0.699
 0.561
-0.785
 1.092
 0.770
 1.460
 1.852
-0.194
-0.741
-0.193
 0.081
-0.026
-1.082
-0.070
-0.629
 1.028
 0.706
 1.720
 1.537
 1.391
 1.999
 2.237
 1.546
 0.919
 0.206
 0.792
 0.911
 0.440
 0.578
-0.126
 0.386
 1.348
 0.615
 0.706
 0.045
-0.961
 0.706
 0.170
-0.915
 0.169
 0.822
-0.103
 0.520
-0.848
-0.394
-0.211
-0.585
 0.486
 0.431
-0.300
 0.733
 1.943
 0.143
 0.713
 0.043
 0.663
-1.262
 0.256
-0.789
-1.443
 1.787
-0.927
 0.555
 0.476
-0.187
 0.215
 1.249
-0.032
-0.070
-0.091
-0.636
-1.137
-1.375
-0.257
-1.220
-0.719
-1.508
-0.653
-1.011
-0.370
-0.360
 0.005
 0.421
 0.468
-0.387
-0.666
-0.109
-0.562
-0.090
 0.706
 2.348
 0.413
 1.033
 1.441
 0.150
 0.412
 1.575
-0.831
 0.224
-0.107
-0.472
-0.682
 0.446
 1.637
-0.248
 0.016
 0.308
-1.041
-1.092
-1.336
-0.087
-1.413
 0.033
-0.836
 0.714
 1.332
 1.319
 0.696
 0.572
 0.153
-0.009
 0.771
-1.868
-0.561
-0.314
-2.264
-1.200
-0.021
-0.240
-1.193
-1.518
-1.362
-0.679
-1.790
-1.225
-0.517
 0.490
 1.446
 1.008
-0.639
 0.300
 0.707
-0.041
 0.832
 1.281
 1.036
 0.566
-1.199
-1.634
 0.854
-1.278
-1.531
-1.076
 0.492
 0.347
 0.628
 0.983
 0.566
 2.112
 0.906
 0.222
 0.142
 0.589
 0.923
-0.137
 0.313
 1.530
 2.237
 2.659
 1.265
 0.382
 0.677
 0.167
 0.929
 0.725
 1.039
 1.868
 1.093
-0.458
-0.525
 1.374
 0.555
 0.619
-0.140
 0.809
 0.838
 0.696
 0.584
-0.190
-0.821
-1.388
 0.218
 0.027
 0.951
-0.089
 1.337
 1.666
 0.470
 1.519
 0.411
 0.847
-0.324
 0.137
 0.529
-0.057
 0.097
-0.861
-0.609
-1.375
-1.021
 1.443
-0.044
 0.425
-0.519
-0.086
 0.085
 1.317
-0.255
 0.136
 1.913
 0.362
 1.453
 0.484
 1.693
-0.513
 0.280
 0.189
-0.321
-1.359
-0.759
-1.077
-1.331
-2.241
-1.833
-1.158
-0.855
-1.131
 0.552
 0.302
-0.223
 0.132
 0.928
-1.751
-1.021
-1.854
-0.366
-0.151
-0.737
-2.073
-0.556
-0.632
-1.349
-1.128
-0.814
-0.169
-0.261
-0.406
-1.129
 0.206
 0.422
 1.012
 1.260
 0.150
-0.112
 1.095
 0.508
 0.936
 0.187
 0.159
-1.372
-1.524
-1.565
-0.932
-0.287
-0.951
-1.620
-0.464
-0.766
-1.151
-0.050
-0.444
-0.832
-0.690
-1.361
-1.288
-0.992
-0.790
-1.829
-2.074
-1.592
-1.859
-0.505
-0.582
-0.557
-0.975
-0.885
-0.880
-1.174
-0.960
-2.141
-1.580
 0.450
 0.185
 0.277
-1.298
 0.714
-0.855
-1.313
-1.193
-2.384
 0.334
-0.159
-0.318
-1.531
-0.564
-0.527
 0.309
 0.341
 0.237
 0.284
-0.630
 0.056
-0.307
 0.609
-0.299
-0.801
-0.287
-1.339
 0.042
-0.621
-0.897
-2.191
-1.522
-0.644
 0.388
-0.118
-0.524
-0.496
 0.811
-0.006
 1.036
 0.084
 0.533
 0.292
 0.297
-0.423
 0.210
 2.968
 0.094
-0.799
-0.228
-0.927
-0.233
-1.946
 0.586
-0.958
-0.089
-1.775
-2.467
-2.127
-1.330
-0.598
-0.043
 0.015
 0.886
-0.839
-0.496
-0.157
-0.413
-0.104
-1.571
-0.894
-2.300
 0.299
 0.482
-0.143
-0.385
 0.379
-0.818
 0.281
-1.480
-0.784
 0.043
-1.432
-0.159
-2.297
 0.517
 0.569
-0.703
 0.529
-0.844
-0.687
-0.974
-0.186
-0.137
-1.270
-0.705
-0.370
 0.103
 0.005
-1.214
-1.522
-0.729
-0.270
-2.419
-0.847
-0.618
-0.629
-0.082
-0.632
-1.210
 0.415
 0.842
-0.321
 1.631
-0.178
-0.113
 0.363
 0.001
-0.217
 0.462
-0.161
-1.189
 0.086
-0.610
 0.091
-0.886
 0.359
-1.004
-2.209
-1.542
-0.739
-1.423
-1.163
-1.611
-0.984
-0.867
-0.936
-0.334
-1.909
-2.601
-2.727
-1.146
-0.470
 0.076
-1.176
-1.232
 1.161
-1.770
-1.080
-1.561
-1.335
-0.833
 0.298
-0.550
-0.076
 0.018
 0.694
-0.640
-0.566
-0.726
-0.921
-0.995
 0.158
-0.146
-0.630
 0.756
 1.102
-0.320
-0.009
-0.658
 0.444
-0.985
-1.069
-0.874
-0.428
 0.714
 0.357
-2.015
-0.616
 0.114
 0.766
 0.024
 0.003
-0.386
-0.745
-0.443
-0.813
-0.800
-0.880
-1.957
-0.872
 1.000
 0.394
 1.049
 0.944
-0.595
 0.014
-1.053
-0.427
-1.643
 0.152
-0.398
-2.196
-2.550
-1.868
-2.627
-1.215
-1.612
-1.989
-0.156
-1.476
-1.277
-1.078
-2.499
-0.445
-1.126
-0.815
-1.579
-0.699
-1.211
 0.588
-0.579
-1.515
-1.096
 0.278
 0.261
-0.010
 1.336
-0.044
-1.182
-0.401
-1.070
 0.311
-1.432
-1.055
 0.440
 1.320
 0.994
 1.361
 0.982
 0.001
 0.781
 0.060
-1.555
 0.098
 1.059
-0.504
-0.367
 0.214
-0.782
-0.461
 0.608
-0.569
-0.263
-0.461
 0.375
 1.370
-1.429
 0.380
-1.201
-1.541
-0.813
-0.612
-0.790
-1.410
 0.184
 0.034
-0.373
-0.666
-0.364
-0.232
-1.353
-0.301
-1.567
-1.064
-2.089
-1.615
-0.722
-0.345
 0.732
 0.403
 0.234
-0.411
 0.243
-1.166
 1.465
-1.193
-0.272
-1.539
-0.239
-0.216
-0.435
-0.082
-0.420
-0.461
 0.698
-0.054
-0.935
 0.078
-0.525
-0.084
 0.297
 0.243
-0.301
 0.473
-1.800
-0.397
 1.011
 0.694
 0.399
-0.278
 0.057
-0.659
-0.328
 0.885
 1.203
 1.938
 0.186
-0.507
-0.322
-0.175
-0.028
-0.402
-1.586
-1.234
 0.003
-1.379
-0.019
-2.504
-1.260
-0.826
-2.948
-1.065
-0.306
-2.450
 0.087
-1.643
-1.119
-0.772
-0.856
-0.241
 0.470
-0.305
-1.566
-2.001
-0.777
-1.006
-0.858
-1.167
-1.530
-2.255
-0.688
-1.322
-2.118
-1.298
-0.411
-0.636
-1.155
 0.838
 0.837
 0.394
-0.272
-0.138
 0.943
-0.299
 0.389
 0.007
-0.683
-0.641
-1.095
 0.220
 0.281
-0.194
 0.251
 0.191
 0.123
-0.610
-0.510
-0.396
-0.231
-0.408
 1.238
-0.383
-2.272
 0.437
-0.993
-0.095
-0.698
-1.116
-0.395
 0.274
 0.392
 0.150
 0.095
-2.101
-1.237
-0.386
-0.471
 0.921
-0.592
-1.483
 0.235
-1.178
-0.837
 0.482
 0.833
-0.375
-2.478
 0.808
-0.693
-1.046
-0.378
-2.412
-0.931
 1.045
-0.138
-0.574
 1.371
 0.497
 1.193
 1.454
-0.762
-0.142
-0.865
-0.217
-1.016
-1.166
-0.042
-0.694
 0.259
 0.256
-0.572
 0.647
-1.004
-2.008
-1.328
 0.020
 0.174
-0.196
 0.379
 0.791
 0.139
-1.206
 0.720
 0.339
-0.858
-1.022
 0.019
-0.075
 0.000
 0.695
 1.166
 0.139
-0.874
-1.221
-1.312
 0.355
-1.051
 1.418
-0.317
-0.884
 0.137
-0.607
-0.574
-1.732
-2.449
 0.163
-1.602
-1.560
-0.903
-0.811
-0.918
-1.560
-2.774
-0.634
 0.217
 0.481
-0.851
 0.922
-0.073
-1.425
-2.685
-2.294
-0.634
 0.774
-1.035
-0.468
-2.523
-1.442
-0.341
 1.134
 0.847
-1.721
 0.105
-1.120
-1.707
-0.826
-0.127
 0.267
 0.815
-0.257
-1.148
-0.514
-0.104
 0.233
 0.039
-0.334
-0.052
-0.443
-0.890
-0.098
 0.576
-1.555
 1.443
 0.572
 0.577
-1.686
-0.197
-1.090
 0.266
-1.228
-1.391
-0.958
 1.178
-1.092
-1.941
-0.514
-0.177
-1.523
-0.177
 0.086
 0.108
-0.006
 0.433
-0.128
 0.865
-0.984
-0.604
 1.115
 1.103
-0.333
 0.842
-0.227
 1.203
 1.352
 0.892
 1.038
 0.261
 0.794
-0.365
 0.458
-0.339
 0.170
-1.744
-1.595
 0.858
-0.646
-0.890
-0.072
 1.028
 0.521
-0.540
-0.322
 0.038
-1.571
 0.527
 0.533
 1.862
 0.847
 0.820
 0.197
-0.734
 1.339
 0.803
 0.192
 0.245
-1.860
-1.504
 0.721
 0.564
-0.662
-1.748
-1.285
-0.477
-1.166
 0.336
-0.635
-0.763
-0.340
-1.511
-0.085
-0.598
-0.195
-0.005
 0.470
-0.357
-0.726
-0.586
 0.688
 0.317
 0.399
-1.076
 0.764
 2.296
 1.070
 0.374
 0.947
 0.438
-0.148
-0.489
 0.015
 1.246
-0.292
-0.452
-0.075
 0.933
 1.023
 0.225
 2.033
 1.820
 0.569
-0.202
 0.009
 0.633
 1.222
-0.673
-0.042
 0.003
 0.547
-0.822
 0.803
 0.501
 0.236
 0.021
-0.366
-1.818
 0.381
-1.319
-0.921
-0.711
 0.597
-1.313
-0.405
 0.036
-1.186
 1.105
-0.645
-0.336
 1.797
-0.975
 0.153
-0.618
-0.125
-1.113
-0.724
-0.306
-1.231
-1.156
-0.813
-1.435
-1.427
 0.618
 0.448
-0.569
-1.741
-1.396
-0.081
-0.704
-0.613
-1.372
-2.049
-2.204
-0.925
-0.141
-2.252
-0.472
-0.596
-0.907
 1.699
 1.786
 0.252
-0.028
-0.689
-0.688
 1.428
-0.238
-1.907
-0.664
-0.728
-1.512
-1.224
-1.461
-0.606
-1.983
-1.752
-0.417
-0.385
 1.146
-0.286
 0.096
-0.404
-0.313
 0.211
-0.736
-1.105
-0.373
-0.722
-1.026
-1.664
-1.270
-1.922
-1.565
-2.008
-0.852
-0.993
-2.591
-1.104
 0.127
-0.383
 0.116
-0.877
-0.065
-1.733
 1.537
 1.628
 0.782
 0.358
-0.363
-0.558
-1.084
 0.245
 0.803
 1.060
-0.193
 0.309
 1.511
 0.181
-0.012
-1.392
-1.741
-0.491
-0.766
-1.755
-0.629
-0.623
-0.119
-0.548
-0.414
-0.079
-1.297
-0.917
-0.050
-0.075
-0.280
-1.068
 0.347
 0.515
 0.164
 0.190
-1.363
-0.477
-0.560
 0.840
-1.143
-0.851
 0.945
 0.104
-0.891
-0.856
-0.756
-1.315
-1.578
-1.039
-1.048
-1.153
 0.072
-0.953
-0.316
-1.950
-0.378
 0.372
-1.394
-1.226
-2.291
-0.355
 0.330
 0.003
 2.459
-0.363
-1.858
-0.697
 0.624
 0.446
-1.071
-0.601
 0.105
-0.106
-0.304
-1.195
-2.079
-2.056
-3.339
-0.894
-0.868
-1.441
-1.151
-0.227
 0.644
-1.518
 0.613
-0.033
-1.960
-0.249
 0.486
 0.153
 0.120
 1.770
-0.040
-0.641
-0.998
 0.207
 0.020
 1.086
 0.269
-0.085
 0.195
-1.586
-0.634
-1.402
-0.457
-0.871
-1.640
 0.049
-1.041
-2.019
-0.191
-0.546
-0.906
-0.961
-2.138
-0.944
 0.196
-0.594
-0.522
 0.682
-1.346
-0.223
 0.087
-0.410
 0.086
 0.284
 0.155
 0.035
-1.983
-0.262
 0.133
-0.792
-1.663
-1.175
 0.234
-0.589
 0.483
-0.101
-1.393
 0.437
-0.366
-0.377
-0.486
 0.128
 0.168
-0.638
-0.142
 0.614
 1.426
-0.511
-0.732
 0.644
 1.233
 1.880
 0.688
-0.530
 0.490
 1.448
 0.846
 1.136
 1.390
 1.481
 0.062
 0.603
-0.422
 0.218
-1.628
-0.172
-0.634
-1.024
-0.665
-1.186
-0.822
 0.402
-0.414
 0.584
 1.129
-0.491
 0.189
-0.531
-1.443
 0.495
-0.882
-0.111
-2.009
-0.368
-0.171
-1.569
-1.509
-2.268
-1.490
-0.647
 0.595
-1.004
-1.774
-1.592
-0.320
-0.755
 0.122
-1.218
-0.476
 0.198
 0.223
 0.464
 0.652
 0.749
 0.259
-0.531
-2.644
-0.756
-1.447
-1.383
-0.662
-0.632
-1.269
-0.481
-1.242
-1.142
-0.150
-1.756
 0.805
-0.900
 1.182
 0.602
-0.278
-1.424
 1.771
-1.801
-0.777
 0.930
 0.451
-0.882
-0.909
-0.219
-0.404
 0.496
-0.700
 0.648
-0.810
-0.946
-1.349
 0.028
-0.938
-0.242
-0.450
-0.843
 0.520
-0.262
-0.327
-1.131
-0.891
-0.201
 0.942
 0.536
-0.810
-0.608
 1.589
 0.384
 0.418
 1.522
-0.003
 0.061
-0.617
-0.570
 0.425
 1.042
 1.956
 0.037
 0.081
 1.173
-1.110
-0.610
-0.201
-0.390
-0.570
-0.028
 0.816
 1.057
 1.069
 0.126
-0.307
-0.580
-1.090
 0.467
-0.675
-1.284
-0.356
 0.283
 0.295
-0.683
-0.923
-1.789
-0.162
-0.888
-1.347
-2.333
-0.264
-0.710
-1.618
-1.013
-0.693
-1.651
-1.404
-0.651
-1.208
 0.058
-0.925
-1.738
-1.151
-0.532
 0.153
-0.113
-0.938
-0.495
-2.415
-1.025
 0.493
 0.685
-0.056
-0.699
-1.317
 1.093
 0.474
-1.886
-0.633
-0.714
-1.673
-2.293
-0.056
-1.013
-1.304
-1.410
-0.654
 0.070
-3.404
-0.085
 0.223
-0.157
-1.222
-0.819
-0.561
-1.917
-2.615
-1.374
-0.754
 0.345
-0.424
-0.239
-0.874
 0.265
 0.596
-0.591
-0.193
-0.236
-0.989
-1.007
-0.549
 0.686
-0.714
-0.918
-0.145
-0.477
-1.036
-0.219
-1.081
-0.091
-0.146
-0.632
-0.236
-0.111
-0.550
-0.731
 0.790
-0.495
-0.806
-0.124
-1.488
-0.854
 1.305
 0.107
-0.842
-0.937
-0.573
-0.697
-0.876
-0.823
-1.325
-0.953
-0.795
-1.458
-0.786
-1.056
-1.580
-1.813
 0.780
-0.051
 0.706
-0.796
 0.390
 0.490
 0.066
 0.465
 0.360
 1.224
 1.166
 1.127
 0.293
 2.089
 1.152
 0.432
 0.117
-1.094
-0.932
 0.058
-1.053
-0.405
-1.512
-1.251
 0.320
-0.330
-0.004
 0.166
-1.149
-0.069
-0.665
-1.022
-0.694
-1.191
-0.840
 0.420
-0.885
 0.118
 0.300
-0.004
 0.034
-1.496
-1.884
 0.285
 1.093
-1.319
 1.061
 0.041
 0.695
 0.920
 0.813
 1.011
-0.170
-0.562
 0.789
 1.416
 0.904
 2.500
 0.866
 0.301
 0.910
 2.186
 0.942
 0.373
-0.385
-1.040
-0.190
-0.824
-1.381
-1.127
-0.220
-0.235
 0.448
-0.408
 1.271
 0.991
-0.493
-0.246
-0.035
-0.761
 0.086
-1.430
-0.245
-1.055
-0.064
-0.557
-0.784
-0.887
-1.225
-0.353
-0.412
 1.934
-0.089
-1.157
 0.907
 1.786
-0.964
-0.137
 0.759
 0.312
 0.636
-0.074
-0.220
 1.020
-0.297
 0.440
-0.793
-0.809
 0.526
 1.607
 0.689
-0.688
-0.522
-0.600
 0.409
-0.719
 1.321
 2.494
 0.113
-0.160
-0.072
 0.062
 0.591
-1.677
 0.279
 0.105
 0.113
 0.910
 0.280
-0.349
 0.119
-0.377
-0.600
-0.388
-1.371
-2.331
 0.133
 0.555
 0.853
-0.445
-1.140
 0.624
 1.416
 1.626
 0.760
-0.324
-0.286
 2.053
 0.706
 0.066
-0.553
-0.850
-0.991
-0.286
-0.033
 0.194
 1.710
 1.800
 1.297
 0.756
 0.129
 0.384
-0.072
 0.639
 0.140
 1.034
 2.095
 0.549
 2.225
 0.777
-0.738
 0.493
-0.811
 0.154
-0.546
-0.472
 0.315
 0.491
 0.257
-0.332
 0.296
-0.974
-0.724
-0.034
-0.177
-1.417
-0.096
-0.659
-1.157
-2.254
-0.202
-0.539
 0.515
-0.237
-0.574
-0.203
-0.635
-0.513
-0.461
-0.791
-0.423
-1.803
 0.544
-0.682
-1.555
-0.818
-1.383
-0.587
 0.441
-0.031
-1.743
-0.065
 0.207
-0.178
-0.723
-0.903
-0.464
 0.648
-0.202
 0.069
-0.358
 1.262
 0.438
-0.302
 0.288
-1.234
-1.465
-1.921
 0.204
 1.606
-0.972
 0.048
 0.490
 0.715
-1.268
 0.439
-0.598
-1.973
-1.425
-0.143
-1.004
-0.798
-1.045
-0.940
 0.325
-0.101
 0.141
 0.177
-0.323
-1.365
 0.673
 0.674
 0.183
-0.007
 0.519
-1.824
 0.669
-0.412
-1.473
-0.860
-0.282
-1.204
 0.303
-0.037
-0.767
 0.594
-0.317
 0.157
 0.322
-0.700
 0.691
-0.177
 0.312
-0.718
 0.460
 0.750
 1.312
-0.137
 1.152
-1.173
-1.573
-0.509
 0.944
 0.551
-0.537
 0.720
-0.034
 1.224
-1.773
-2.613
-3.271
-2.343
-2.341
 0.735
-0.003
-1.028
-1.715
-1.860
-0.541
-1.803
-0.716
-1.269
-0.970
-3.057
-0.398
-0.824
-0.245
-1.546
-0.559
-1.385
-1.736
-1.692
-1.574
-2.245
-0.088
 0.260
-0.420
-0.332
 1.095
-0.089
 1.167
-2.424
-1.462
-1.519
-0.773
-0.114
-0.719
-0.582
 0.045
-0.048
 1.562
-0.873
-0.976
-0.210
-0.014
-0.598
-2.244
-0.964
-0.423
-1.459
-0.896
-0.263
-0.491
-0.591
 0.186
-0.115
 1.272
 0.721
 1.091
 1.761
 1.061
 0.582
 1.604
 0.102
 0.888
 0.216
-1.351
-0.827
-0.617
 0.252
-0.069
 0.365
 1.707
 1.004
 1.611
-0.078
 0.923
 1.031
-0.250
 0.599
 0.424
 0.732
-0.492
-1.382
 0.488
 0.322
-0.206
-0.508
 0.411
 1.197
 0.866
-0.124
-1.667
 0.856
-0.142
 0.309
 0.047
 0.773
-0.083
-0.288
-0.341
 0.877
-0.126
 0.462
-0.701
-1.221
-0.670
 0.115
 0.217
-0.034
-0.544
 0.385
 0.765
 1.363
 0.813
 1.419
 0.002
 0.661
-0.292
 0.061
 1.328
-2.023
-1.438
-2.796
-1.384
-0.148
 0.092
-0.995
-1.198
-0.559
-1.156
 0.089
-1.756
-0.527
-1.260
-1.283
-0.522
 0.590
-1.168
-1.295
 0.944
 1.128
 1.597
 0.475
-1.008
 1.062
 0.365
-0.199
-0.173
-1.092
-0.540
-1.032
-1.609
-3.513
-1.989
-2.248
-1.287
-0.150
-1.197
-1.944
-1.158
-0.775
-1.419
 0.284
-0.234
-0.815
-1.643
-1.380
-1.648
-0.765
-0.007
-1.008
-0.879
-0.455
 0.156
 0.064
-0.383
-0.881
 0.385
 0.124
-0.072
 0.638
 0.287
 2.150
 2.381
-0.850
-0.135
-0.450
-0.711
-0.831
 0.032
-0.828
 0.542
 1.709
-0.468
-0.157
-0.663
 0.120
-1.385
-1.676
-0.030
-0.172
-1.825
-0.854
 0.333
-1.347
-1.495
-1.525
-0.049
-0.277
 0.878
-0.043
-0.117
-1.132
-1.112
-0.628
 0.202
-0.612
-1.178
 1.276
 0.798
 0.182
-0.244
 0.064
-0.776
-0.122
 0.479
 0.515
 0.303
 0.616
 1.411
 0.819
-1.557
-0.438
-1.339
-0.265
 0.177
-0.515
-1.420
-0.128
-0.059
 0.403
 3.319
 2.406
 2.715
 0.602
 0.356
-0.678
 1.033
-0.167
 0.608
-0.486
-0.607
-0.037
 0.821
 0.639
-0.386
 0.832
 0.451
-0.152
 1.403
 1.274
 1.027
-1.435
 0.756
 1.478
-0.060
 2.236
-0.016
 1.384
 1.184
 0.827
 0.907
-0.787
 0.909
 0.894
 0.608
-0.148
 1.346
 2.457
 1.242
 1.571
 0.322
 2.109
 1.149
 0.099
-0.043
 0.127
 0.463
 1.460
-0.373
-0.390
 2.153
-0.705
-0.268
 1.531
-0.003
 0.676
 0.506
-0.592
 0.736
 0.442
 0.056
 0.410
-0.095
-1.549
 0.275
 0.036
-0.197
-1.242
-0.826
 0.270
-0.520
-1.139
-0.851
-0.599
-0.529
 0.642
-0.328
 0.064
-0.340
 0.595
 0.609
 1.609
 0.281
 0.243
-0.713
-0.818
 0.316
-0.138
 0.058
-1.578
-0.958
-1.227
-0.867
 0.080
 1.107
 1.283
-0.122
 1.499
 0.312
 2.499
 1.528
 0.823
 0.609
-0.040
-0.351
 0.362
 2.696
-0.125
 0.866
-0.693
 0.037
 0.456
 1.145
 2.274
-0.293
 0.770
 1.415
-0.516
-2.528
-1.181
-0.601
-2.341
-0.401
 0.249
 0.529
-0.141
 0.560
 0.289
-0.866
-0.125
 0.708
 0.777
 0.503
-0.906
-0.511
 1.068
-0.418
-0.465
 0.670
-0.240
 0.841
 0.637
 0.254
-0.796
-1.223
-0.739
-0.555
-0.583
 0.077
 0.083
 1.118
 1.066
-1.472
-1.500
-0.549
-0.622
 0.415
-1.114
-0.258
 0.721
-0.934
-0.762
-0.356
-0.957
-0.522
 0.216
-1.548
-0.379
 0.718
 0.040
 2.820
 1.092
-0.400
 1.155
 0.462
 0.939
 0.399
 0.424
 0.952
 1.954
-0.179
-0.378
 1.212
 1.334
-0.904
-2.054
-0.650
 0.645
-0.704
-0.244
-0.238
-0.314
-0.907
-0.453
 0.545
 0.534
 0.099
 0.119
 0.482
 0.798
 0.406
-0.338
 0.743
 1.565
 0.876
 1.234
 0.484
-0.201
-0.182
 0.507
 0.882
-2.093
-1.727
-1.935
-0.611
-0.416
-0.666
-1.521
 0.559
-0.256
 0.134
 0.370
-0.831
-1.074
-0.866
-1.717
-1.457
 0.871
-0.910
 0.781
 0.544
 0.703
 0.286
 0.757
 0.675
 0.197
-1.368
-0.308
 0.601
-0.991
-0.876
-1.169
-0.116
-0.530
-1.718
-2.532
-0.824
-1.265
-1.411
-1.280
-0.949
-0.029
-1.198
-0.607
 0.443
 0.116
 0.157
 0.874
 0.277
-0.620
-0.294
 0.145
 0.651
-1.514
 0.173
 0.339
 1.476
-0.001
-0.179
 0.258
-0.039
-0.061
 0.175
 0.795
-0.046
-0.321
-0.890
 0.315
-0.470
 1.048
 0.589
-1.015
 1.156
 1.847
-0.310
-1.125
 1.016
 0.142
-1.610
-1.271
-0.504
-0.908
-1.349
-1.139
 0.580
-0.039
-0.315
-0.748
-1.261
 0.338
-0.015
-1.408
-1.036
-1.245
-1.139
 0.332
-1.251
-2.507
-2.259
-0.534
-0.317
 0.186
 0.891
 0.198
-0.007
-0.046
-0.082
-0.859
-0.147
 0.313
-0.132
 0.052
-0.434
 0.392
-0.941
 0.589
 0.107
 0.649
 0.213
-0.213
-0.807
-0.895
-0.438
 1.365
-0.458
 0.754
 0.196
 0.051
 0.192
 0.288
-2.709
-0.602
-0.700
 0.336
 0.227
 0.051
 0.932
 0.513
 0.656
-1.253
-1.145
-1.194
-0.944
-1.279
 0.014
 0.602
 1.344
 0.326
 1.886
 0.996
 0.797
 0.199
 0.904
 0.427
 0.381
 0.017
-0.585
-0.179
 1.814
 1.034
-0.225
 1.222
 0.529
-0.221
-0.100
-0.367
-0.609
 0.178
-0.971
 0.020
 1.719
 0.491
-0.874
-0.563
 0.349
-0.246
 0.103
 0.432
 0.908
-0.232
-0.155
 0.062
 0.440
-1.562
 0.051
 0.188
-0.397
-0.351
 0.183
 0.392
 1.491
 2.446
 0.586
-0.071
 0.238
 1.004
-0.930
 1.318
 0.282
-0.587
-0.573
 0.932
 1.022
-0.554
-0.029
 0.374
-0.851
-0.797
-0.650
-0.105
 1.713
 0.628
 1.416
-0.664
 0.496
-0.223
-0.790
-0.462
-0.231
-1.296
-1.602
 0.632
 0.123
-0.127
-1.364
-0.511
-0.913
-0.217
 1.949
 0.819
 0.486
-1.610
-0.380
 0.786
 2.480
 0.884
 0.969
 1.007
-0.549
 0.301
-0.390
-0.773
-1.333
 0.250
 0.325
 1.499
 0.320
-0.378
-0.664
-0.312
-1.552
 0.756
 0.074
-0.037
-0.878
-0.182
-1.355
-0.755
-0.505
-0.853
 0.867
 0.394
 0.473
-0.401
-1.043
 0.455
-1.308
 1.318
 0.365
-0.646
-0.538
 0.218
 1.082
 0.236
-0.341
 0.569
 1.575
 0.966
 1.729
 1.871
 0.753
 0.585
 0.932
 2.701
 0.340
 0.008
 2.399
 0.960
 0.326
 1.180
 0.967
 0.363
 0.643
 1.225
 1.620
 1.196
 1.276
-0.222
 1.062
-0.588
-2.418
-0.648
-0.944
-0.418
 0.706
 0.386
-0.364
-0.129
-0.046
-0.245
-0.102
-0.063
-0.213
 0.338
 1.619
 2.244
 1.426
 1.099
-0.283
 3.283
 2.000
 0.621
-0.238
-0.473
-1.221
 0.405
 1.982
 1.703
 0.278
 1.054
 0.332
-0.013
-0.507
-1.283
 0.101
 1.430
 1.273
 1.139
 0.858
-0.654
-1.179
-0.645
 0.013
-0.956
-0.251
-1.227
-1.266
-0.072
 0.216
-0.716
-1.690
-0.075
 0.080
 0.010
-0.780
 0.020
-1.633
 0.413
 0.926
 1.675
 0.885
 0.153
-0.221
 0.434
-0.117
-0.961
 0.599
-0.996
 1.161
-0.131
 0.375
 0.095
 0.084
 1.131
 2.109
 1.296
 1.153
 2.641
 2.856
 2.265
 1.232
 1.131
 0.910
 1.295
 1.354
 1.272
 0.762
-0.946
 0.449
 2.555
 1.139
-1.007
 0.081
 0.552
-0.808
-1.704
 0.175
 0.885
 0.697
-0.224
-0.225
 0.539
 1.195
 1.038
 0.769
 0.293
-1.198
-1.448
-2.612
-0.171
-0.127
-0.780
 0.422
 0.602
-1.601
-1.690
-1.345
 0.461
-1.452
-1.143
-2.187
 0.129
 1.093
-0.614
-0.037
-1.047
-0.915
-0.315
-1.138
-1.739
-0.319
 0.005
-0.160
 0.593
-0.184
 0.105
 0.498
 0.235
 0.253
-0.093
-0.154
 1.589
-0.056
 0.889
-0.807
 1.093
 1.518
 0.160
 0.053
 0.485
-0.035
 0.946
 0.451
 0.900
-0.227
 0.695
 1.417
-0.500
 0.162
-0.124
-0.519
-0.796
-0.298
-1.702
-0.381
-0.684
-0.572
-0.738
 0.504
-0.032
-0.343
-0.186
 0.047
-0.651
-1.070
-1.264
 0.594
 0.471
-0.541
-1.607
 1.447
 0.767
 0.729
-0.675
 0.474
-0.481
 0.547
 0.665
 2.276
 0.631
-0.174
-0.532
-0.727
-0.544
 1.441
-0.718
-1.011
-1.420
-0.748
 0.072
-0.227
 0.141
-0.609
-0.426
 0.844
-1.204
-0.885
 0.618
 0.010
 0.790
 3.183
 0.708
 0.347
 0.406
 0.638
 0.264
 0.846
 0.208
-0.019
 0.968
 0.917
 1.353
 0.962
 0.124
 2.066
-0.361
 0.060
-0.011
 0.690
 1.123
-0.621
 1.004
 0.217
 1.998
 0.890
 0.726
 0.513
-0.123
-0.337
 0.063
 1.940
 2.333
 2.220
 1.897
 1.296
 1.033
 0.601
 0.789
 1.160
-0.011
 0.043
 1.832
 0.889
-0.154
 0.261
 1.799
 1.150
 0.943
 0.796
-0.861
-0.988
-0.560
 0.895
 0.584
 0.684
 0.695
 0.385
-0.648
-0.700
-0.777
 0.096
 0.004
 0.102
 0.620
 0.007
 1.605
 1.553
 0.591
 0.139
 0.646
-2.034
 0.050
 0.196
-1.427
-0.069
 0.878
-0.463
 0.194
-0.409
-1.408
-0.603
-0.494
-1.239
-1.464
-0.833
-1.577
-2.052
-2.409
-0.501
 0.098
-1.003
 0.289
-0.471
 0.565
-0.438
 0.210
 0.049
 0.535
 1.018
-0.839
-0.389
 0.972
 0.472
-0.545
-0.234
-0.416
 0.163
 0.326
 0.411
 1.436
 0.402
 0.445
 1.144
-0.302
 0.216
 1.020
 0.572
 0.114
-0.488
-1.369
-0.067
-1.254
-2.164
-0.951
-1.116
-0.814
-1.132
-0.332
-1.382
-1.254
 0.631
 0.384
 0.042
-1.309
 0.273
 0.847
 0.820
-0.329
-0.403
-0.889
 1.892
 0.240
 0.647
-0.958
 0.823
-0.206
 0.153
 0.152
 0.227
 1.299
 0.945
 1.500
 0.519
 1.632
 0.491
 3.909
 1.788
 1.118
 0.471
 2.206
 1.152
 0.923
 1.519
 0.960
 1.153
 1.544
 0.286
 0.569
-1.197
 0.193
-0.716
 1.081
-1.735
-0.185
 0.429
 0.521
 0.928
 0.978
-0.047
 0.033
 0.611
-0.820
-0.218
 0.179
 1.109
 1.068
 0.740
 0.285
-0.885
-0.462
 0.146
-1.027
-0.829
-0.189
-0.605
 0.173
-0.206
 0.878
-1.884
-0.594
-0.534
 0.363
 1.040
-0.714
 0.457
-1.367
-1.186
-3.924
-3.509
-1.283
-2.135
-1.030
-1.419
-0.258
-1.493
 0.386
-0.354
-1.817
 0.350
-0.268
-0.292
-0.488
-0.977
-1.944
-0.969
-2.113
-1.130
-1.209
 0.099
-0.873
-1.480
-0.788
-1.172
-0.632
-0.088
-0.403
-1.319
-1.093
-0.837
-1.581
 0.112
-0.885
-0.594
 0.650
 0.155
 1.358
 0.511
 0.340
-1.215
-0.637
-0.813
-1.936
-0.358
 0.779
-1.018
 0.539
-1.576
-1.591
-2.177
-0.127
-1.314
-1.069
-0.215
-2.302
-0.530
 0.255
 0.898
-0.432
-0.514
-0.184
 1.127
 0.166
 0.447
-0.203
-0.406
-0.103
-0.392
-0.236
-0.751
 0.217
-1.655
-1.240
-1.725
-0.508
-0.340
 0.048
-0.500
-0.940
 0.839
-0.695
 0.524
-0.670
-0.632
-0.451
-0.177
-1.054
-0.199
-0.479
-2.084
-0.780
 0.601
-0.649
-1.531
-0.717
-0.717
-0.692
-0.927
 0.209
-1.318
-1.694
 0.467
-1.412
-0.278
-0.220
-0.180
-2.988
-0.222
-0.366
-0.338
-0.838
-1.094
-0.493
-0.829
-0.638
-1.570
-0.265
 0.404
 0.398
-0.416
-1.100
-2.738
-2.486
-1.137
-1.851
-2.085
-2.422
-1.569
-1.751
-1.610
-1.977
-2.190
-1.211
-1.273
-1.498
-1.052
-0.723
-0.589
-2.228
-1.045
-0.658
-0.151
 0.103
-0.638
-1.117
 0.619
 0.257
-0.686
 0.989
-0.363
 0.281
-0.682
-0.565
 0.270
 0.198
-0.514
 1.474
-0.711
 0.035
-0.111
-0.028
-1.010
 0.228
-0.127
-0.092
-0.799
-0.611
-0.191
-0.851
 0.045
-0.252
-0.465
-0.314
 0.424
 0.076
-0.631
-1.550
-0.627
-1.672
-0.770
 2.046
-0.760
-1.068
-1.249
-1.585
-0.313
-0.346
-1.247
 0.206
 0.214
 0.297
 0.394
 0.509
-0.001
 0.398
-0.656
-0.946
-0.976
-0.433
 0.032
 1.226
 0.793
-0.496
 0.031
 0.622
 0.598
 0.403
-0.176
-0.527
-0.239
 0.051
-0.394
-1.044
 0.910
-0.598
 0.277
 0.661
-1.325
-0.795
 0.066
-1.278
-1.314
-0.577
 0.565
-1.416
-0.823
-1.440
 1.250
-0.124
 0.674
-1.318
 0.224
 0.323
-1.444
-0.564
-0.070
-0.019
 0.439
 0.251
-2.348
-1.745
-0.510
-0.335
-0.445
-0.677
 0.286
-1.527
-0.999
-1.975
-2.866
 0.223
-0.651
-1.066
-1.529
-2.649
-0.072
-1.161
-0.649
-0.360
 0.035
 0.493
 0.436
-0.049
-1.124
-0.358
 0.877
-0.149
 0.287
 1.305
-0.197
 0.765
 0.749
 1.014
-1.407
-1.337
-1.082
 0.138
 0.158
 0.246
-0.728
-0.568
-1.587
-0.070
 0.548
-0.006
-0.323
-0.173
-2.221
-0.813
-2.865
-2.074
-0.093
 0.143
 0.270
 1.021
 0.960
-0.365
 0.632
-0.329
 0.533
 0.871
 1.195
-0.956
 0.455
 0.221
 0.343
 0.827
 0.049
-0.058
-0.454
-0.117
 1.408
 0.593
-0.261
-0.440
 0.135
-0.887
-0.498
-0.303
-0.147
-0.012
 0.204
 1.465
 1.510
 0.710
 0.668
 0.902
 1.077
 2.288
 0.551
 0.175
-1.894
-0.605
-1.210
-0.556
 0.821
-0.085
-0.427
 1.304
 2.142
 2.361
 0.743
-0.230
 0.593
 1.015
 0.185
 0.784
 0.777
-0.041
 0.026
 0.612
 0.481
 2.855
 1.561
-0.025
-0.275
 1.467
 1.647
 1.747
 0.573
-0.323
 0.009
 1.564
 1.139
 1.204
 0.189
-1.728
-0.558
-0.911
-1.252
-0.073
 0.701
 0.293
 0.034
-0.879
-0.463
 1.488
 0.855
 0.567
 0.665
 2.976
 2.079
 0.595
 0.582
 0.490
-0.473
-0.128
 1.618
 0.387
 1.068
-1.266
-0.149
-0.612
-0.436
-0.469
 0.301
-0.816
 1.324
 2.263
 2.162
 0.241
-0.816
 1.341
 0.562
 0.269
 1.048
 0.221
 0.320
-0.284
-0.215
 0.497
 0.561
-0.221
-1.142
-1.244
-0.454
-0.945
 0.952
 0.831
 0.517
-0.658
-0.019
 0.364
-0.224
-0.850
 0.024
-2.192
-1.368
-1.116
-1.273
 1.457
-1.462
-0.453
 1.334
-0.714
 0.316
-0.163
 0.757
-1.453
-2.027
 1.760
 0.316
-0.521
 0.221
 0.780
-0.539
 0.294
-0.886
 0.065
 0.009
-1.414
 0.607
 1.701
 0.336
 1.133
 1.265
 2.179
 0.002
 0.568
 0.859
 1.607
 2.574
-0.145
 0.665
 0.006
-0.922
-0.222
 0.306
 0.919
 0.416
-0.447
-0.740
-1.567
 1.087
 0.953
 0.922
 0.394
 1.715
-0.894
 0.564
-0.459
 0.376
 0.081
 1.407
 1.110
-0.837
-0.775
-1.726
-0.861
-1.064
 0.055
 0.323
-1.816
-1.414
 0.373
-0.199
-0.313
-0.278
-0.965
-0.134
-1.163
-1.255
-1.372
-0.900
-1.862
-1.822
-1.428
-0.675
 0.543
 0.446
-0.171
-0.165
 0.391
-0.205
 0.744
 1.451
-0.011
 0.214
 0.645
-0.095
-1.255
 0.955
 0.427
 0.800
-0.243
 0.961
-0.014
-0.182
-0.168
-0.236
-1.499
-0.307
 0.152
-1.139
-0.158
 0.885
 0.102
-0.960
-0.774
-1.355
-0.026
-0.140
-0.667
-1.098
-1.291
-1.647
 0.021
 0.566
-1.001
-0.116
 0.001
-0.940
-1.301
-0.918
-1.266
 0.465
 0.838
 0.867
 0.483
-0.140
-0.645
 0.654
-0.931
-1.320
 0.179
-0.588
-0.311
-0.785
-0.890
-1.239
 0.055
 0.246
-0.218
 0.716
 1.628
 2.749
 0.609
-0.027
 0.316
-0.149
-0.474
-0.877
 0.185
-0.074
-0.273
-0.739
-0.938
-1.539
-1.466
-0.864
-0.369
-2.469
-0.997
-1.481
-0.596
-0.605
 1.312
 1.259
 0.153
 2.549
 1.032
 1.128
 0.873
-0.280
-0.824
-0.165
-1.024
-0.721
-0.546
-0.448
 0.587
-2.055
 0.599
-0.696
 0.307
 0.830
 0.085
-0.354
-0.354
 0.893
 0.390
 0.525
-1.160
-0.018
 0.425
 0.524
-0.843
 0.325
-0.280
-2.142
 0.245
-3.463
-0.825
-1.317
 1.123
 0.407
 0.270
-0.012
 0.831
 0.727
 0.826
 0.236
 0.755
 0.313
 0.362
 1.832
 0.572
 0.751
 0.679
 0.995
-0.147
-0.557
 0.855
 0.825
 1.232
 1.276
-0.788
-0.520
 0.168
 1.204
 0.628
-0.182
-0.282
 0.270
-1.371
-1.935
-1.202
-0.605
 1.977
 0.097
 1.010
-0.721
-1.045
 0.190
 1.051
 0.402
 1.160
 1.029
 0.460
-0.783
-0.530
 0.028
-0.082
 0.619
 0.297
-0.143
-1.091
 0.246
-0.841
-0.254
-0.426
-0.497
 0.094
 0.161
 2.104
-0.240
 0.877
 0.046
 1.710
 0.463
 0.659
 0.391
-0.102
 1.440
 0.088
-0.218
 0.433
 0.096
 1.171
 0.603
-0.165
-0.136
 1.022
-1.232
-1.473
-1.287
-0.100
-0.345
 0.999
-0.637
-0.375
-1.490
-1.269
 0.039
 1.864
-0.473
-0.459
-0.486
 0.715
 0.449
 0.961
-1.095
-1.169
-0.559
-0.919
-1.116
-0.635
 0.192
-2.047
-1.126
-1.289
 0.650
 0.396
-0.049
 1.331
 1.565
 2.056
 1.772
 2.722
 0.780
 0.879
-0.218
-0.429
 0.961
 0.282
-0.100
 0.726
 0.716
 0.109
 0.265
 1.067
 1.007
 1.459
 1.335
 0.366
-0.118
 0.146
 1.177
 0.208
-0.556
 0.396
-0.013
-1.147
-1.576
-0.360
-0.481
-1.196
-0.601
-0.793
 0.404
 0.444
 0.183
 1.502
 0.494
 2.009
 0.106
-0.555
 0.470
 1.227
 0.709
-1.207
 0.188
 0.718
-1.523
 0.255
-0.589
-0.691
 0.219
-0.909
-0.313
-0.056
-0.853
-0.728
 0.497
 0.426
-0.059
-0.258
-0.160
 0.175
-1.631
-0.374
-0.930
-1.027
-0.654
 0.390
 2.075
 0.877
 0.896
 0.647
 0.018
 0.581
 1.035
-1.610
-1.522
 0.227
 0.729
-0.170
-0.798
-0.148
-0.157
 0.693
 0.068
-0.579
 0.331
 0.282
 1.517
 1.882
 1.937
 1.542
 1.041
 0.892
 2.146
 1.658
 0.950
 1.544
 0.642
 1.646
 1.622
 0.576
 1.690
 0.151
-0.183
-1.687
 0.554
 0.928
 0.320
 0.253
 0.009
 1.891
 0.796
 0.965
 0.821
-0.421
 0.881
 1.531
 0.211
-0.020
 0.327
 0.029
 0.495
-1.329
-0.717
-0.103
 0.609
-0.349
-0.380
 0.754
-1.306
 0.442
 0.638
-0.227
-0.116
-0.284
 1.271
 0.214
 0.019
 0.051
-0.211
 1.209
-0.076
-1.844
-1.101
-0.804
 0.694
 0.760
-0.565
-0.020
 0.287
 0.791
-0.687
-1.134
-0.627
-0.695
-0.106
-0.792
-0.330
-0.746
-0.750
-0.083
-0.458
-0.686
-1.750
-0.868
-1.810
 0.866
-0.723
-1.110
-0.054
 1.043
-0.059
-0.830
 1.314
 0.838
 1.138
 1.066
 1.004
 0.834
 0.078
 2.467
 1.999
 0.898
 0.287
 1.043
 0.195
 2.123
 1.447
 1.805
-0.665
-0.584
-0.666
 0.215
-0.549
 0.845
 1.165
-0.983
 1.892
 2.321
 0.787
 0.263
-0.255
 0.019
 1.825
 0.596
 0.507
-0.995
-0.150
-0.057
-0.014
 1.652
 1.261
-0.269
 1.160
 0.293
-2.277
-0.654
-0.668
 0.008
-0.797
 0.162
-0.013
-1.995
-0.402
-0.607
-0.287
 0.475
 0.612
-0.873
-0.049
-0.071
-0.359
 0.004
-0.022
 0.932
-0.093
-0.128
-0.341
 0.290
-0.310
-0.648
 0.493
-0.043
-0.416
-0.012
-0.843
-0.236
-1.104
-1.151
 0.128
 0.140
-0.118
-1.514
-1.090
-1.446
-1.815
 0.307
 1.669
-0.323
 0.145
-0.413
-1.103
 0.435
-1.082
-1.754
-1.791
-0.464
-1.266
 0.469
 1.325
 0.063
 2.075
 0.379
-0.718
-1.201
-1.147
 0.305
 0.965
-0.202
-0.409
-0.125
 1.401
-0.288
 0.397
-0.730
 0.393
-0.498
-1.643
-0.340
-0.018
-0.049
-0.794
 0.102
-0.145
-0.062
-0.053
-0.311
-0.336
-0.382
 0.240
 0.722
-0.060
-1.423
 0.561
 0.744
-0.021
 0.777
-0.024
 0.100
-0.208
 0.382
 0.272
 0.084
-1.593
 0.056
-0.250
-2.119
-1.863
-0.088
-0.273
-0.945
 0.078
-0.033
-0.227
-1.197
-0.941
 0.063
-0.082
-1.736
-0.565
-1.225
-0.180
-0.986
-1.088
-0.720
-0.143
-0.091
-0.783
-0.247
 0.042
 0.392
-0.962
-0.392
-0.267
 0.187
 0.443
 1.075
-0.347
 1.525
 1.211
-0.216
 0.187
-0.744
-0.928
 0.204
 0.098
 0.121
-0.551
 0.615
 1.217
 0.126
 2.125
-0.150
 0.031
-0.742
-1.986
-1.325
-1.888
-0.580
-0.141
-0.751
-1.189
-0.843
-0.106
 1.147
 0.714
 1.185
-0.162
-0.011
-0.433
-0.195
-2.408
-2.169
-0.531
 0.388
-0.978
-0.183
-0.296
-1.531
-0.291
-1.215
-0.091
-0.186
-0.479
-2.077
-0.807
 0.473
-0.621
-0.358
-0.100
-0.118
-1.539
-0.898
-1.086
-1.015
-0.281
 0.399
 0.295
 1.125
 0.017
-0.417
 0.490
 0.278
 1.056
 1.711
 0.232
 0.423
 1.091
-0.625
 1.430
 0.961
 0.439
-1.071
-0.535
 0.585
-0.169
-0.445
-0.867
-0.722
-1.172
-1.503
-1.076
-0.038
-0.585
-1.310
-0.901
-0.791
-1.776
-0.840
-1.222
 0.404
 0.022
-1.362
-1.097
-1.541
-1.364
 1.060
 0.173
-0.228
 1.339
 1.351
-1.485
 1.173
-0.687
-0.214
 0.126
 0.018
 0.763
-1.402
 0.632
-0.719
 1.242
-0.236
-0.590
 0.273
-1.219
-0.560
-0.861
-0.281
-1.257
-1.701
 1.058
 0.471
-0.250
 0.199
-0.409
-0.984
-1.152
-0.689
 0.315
-0.092
-0.183
-1.016
 0.908
-0.476
 0.789
-0.783
 1.622
 0.968
 0.510
-0.045
-0.619
-0.433
-0.995
 1.228
-0.247
 1.368
 2.063
 1.233
 0.307
-1.026
-1.150
-1.034
-0.841
-0.760
-0.943
 0.554
-1.551
-1.077
 0.372
-1.298
 1.446
-0.940
-0.215
 0.450
-0.537
 0.057
-1.885
-0.943
 0.488
 0.505
-0.034
-1.565
-1.155
-0.448
 0.694
 0.011
-0.515
-1.567
-0.651
-0.245
-1.318
-1.080
-0.104
 0.619
-0.174
-0.670
-1.094
-0.456
 0.665
 0.452
-0.928
-0.211
 0.129
 0.109
-0.854
-0.654
 0.450
 0.176
-0.520
 0.252
-0.558
-0.896
-2.449
-2.480
-2.152
 0.840
-1.862
-1.767
-1.533
-0.793
 0.529
-0.516
 0.066
-1.521
-2.152
-0.727
-0.368
-0.263
-0.043
-1.103
-1.300
-1.421
-0.535
-1.443
-0.071
-0.575
-1.259
-2.801
-1.692
-1.788
-0.522
-0.079
-2.214
-1.087
-0.321
-0.094
 0.343
 0.465
 0.753
 1.569
-0.598
-1.014
 0.386
 0.189
-0.499
-0.558
-0.037
 1.001
-0.459
-0.400
 0.011
 0.223
 0.194
 0.023
-1.184
-1.684
 0.157
-1.853
 0.130
 0.083
-1.135
-0.917
-0.630
 0.399
-0.592
-0.937
-1.837
-0.431
-1.862
-0.712
-1.485
 0.064
-0.957
-0.896
-2.421
 0.286
-0.246
-1.729
-1.489
-0.936
-0.193
 0.508
-1.121
-0.256
-1.865
-1.989
-1.256
-1.029
-0.299
 0.307
 0.674
-1.214
-2.548
-2.036
-1.016
-0.994
-1.027
-0.744
-1.918
-0.135
 1.671
 0.497
-0.311
 0.339
 0.704
-1.425
-1.581
-0.333
-1.286
-1.246
-0.443
 0.555
-0.066
-0.260
-0.185
-0.466
 1.238
 0.852
-0.022
 1.278
-0.110
 0.670
 0.054
 1.250
 0.036
-0.189
-0.061
 1.310
 0.442
 0.918
 1.605
 0.049
-0.880
-1.563
 0.512
-0.813
-0.390
-0.263
 0.248
-0.444
 0.750
 1.819
 1.249
-0.868
-0.026
-1.006
-0.073
 0.441
 1.144
 0.339
-0.383
 0.897
 1.880
 2.334
 1.167
 0.715
-0.665
-1.642
 0.029
-0.752
-0.830
 0.034
-0.637
 0.178
 0.596
 1.500
 0.258
 2.465
-0.159
 1.077
 0.688
 0.201
-0.195
-0.038
-1.490
-1.037
-1.193
 0.490
-0.436
 0.312
-0.110
 1.239
-0.561
-0.981
 0.043
-0.706
 0.255
-0.159
-0.143
-0.361
-0.314
-1.344
 0.345
-1.445
-1.572
-0.067
-1.225
-1.182
-1.208
 0.219
-0.598
-0.573
-0.029
 0.633
 0.009
 0.398
-0.029
 1.088
 0.907
 0.647
 0.561
-1.453
 0.194
 0.358
-0.747
-0.803
-0.943
 0.645
-0.212
 0.245
 1.576
 0.659
-1.565
-2.218
-1.635
-1.365
 0.299
-0.754
-1.937
 0.098
 1.828
-0.433
-0.335
-0.684
 0.716
 1.727
 0.620
-0.741
-0.506
-0.202
 0.423
 0.493
 0.279
 0.992
-0.386
 0.611
 0.462
 0.397
 0.513
-0.722
 0.964
-1.028
-1.592
-1.143
-1.726
-1.114
-1.144
-2.032
-2.278
-0.132
-1.040
-0.922
-0.691
-1.426
-2.786
-0.575
-1.327
-0.688
-1.507
-0.500
-0.017
-0.521
-0.480
 0.020
-0.392
-1.259
-1.281
 0.090
-1.781
-1.252
-0.268
-1.482
-0.107
-0.109
-0.633
-2.133
-1.999
-0.570
-1.233
-1.624
-1.975
-1.165
-1.099
 0.398
-1.604
-1.256
-2.469
-2.788
 0.335
-1.688
-0.844
-0.644
 0.085
-1.217
 0.160
-0.246
 0.141
-1.255
-0.460
 0.191
 1.960
-0.028
-0.753
 1.163
-0.595
-0.559
-0.988
-0.970
-1.418
-0.802
-0.800
-1.027
-1.163
-1.267
-0.598
-1.126
-0.823
-0.362
 0.913
 0.383
-0.590
-0.877
-0.666
-0.544
 0.915
 0.434
 1.054
 0.494
-1.575
-1.212
-0.632
-1.560
-1.432
-0.666
 0.314
 0.410
-0.198
-0.224
-1.239
-1.102
-0.885
 0.590
-0.304
-0.225
-0.488
-0.724
-1.550
-0.568
-0.180
 0.601
-0.754
 0.868
 0.039
-0.793
-0.089
-0.576
-1.264
-0.879
-2.009
-3.490
 0.205
 0.412
-1.198
-0.889
-1.080
 0.052
-0.165
-0.426
-1.448
-2.533
-1.683
-0.747
-2.068
-1.178
-1.440
-1.541
-1.812
-0.860
-2.098
 0.257
-1.577
-1.019
-2.099
-0.759
-1.288
 0.757
-1.030
-0.762
-0.398
-0.838
-0.175
 0.371
 1.063
 0.885
-1.568
 0.022
 0.614
 0.303
-2.003
-0.914
-0.272
 0.997
-0.096
-0.430
 0.683
-0.276
-1.638
-0.181
-1.512
-0.891
 0.358
-0.786
-0.015
 0.959
-1.623
-0.112
 0.142
 0.028
 1.061
 2.232
 1.035
 1.412
 0.442
 0.548
-1.233
-0.278
-0.004
-0.969
-0.637
-0.497
-0.055
-0.767
-0.714
-0.234
-1.014
-2.455
-0.887
-1.119
 0.775
-0.021
-0.425
 0.189
 0.015
-0.691
 0.283
-1.422
 0.316
 1.027
 0.880
 1.423
 0.752
-0.458
-0.865
-0.132
 0.324
-0.581
-0.178
-0.132
 0.520
-0.893
 0.037
-0.662
 0.931
-1.098
 0.114
-1.217
-0.311
-0.905
-1.510
-1.148
-0.039
 0.043
-1.456
-1.038
-0.628
-0.239
-0.843
 0.275
 0.179
 0.404
 0.421
-0.247
-1.015
-0.429
-0.006
-1.390
-2.117
-1.560
-0.796
-0.719
-0.667
-1.010
-2.982
-0.898
-1.686
-0.231
-0.025
 0.074
-0.302
 0.618
-1.038
-0.236
 0.147
-0.053
 0.974
 0.171
-1.213
-0.500
-1.859
-1.321
 0.191
-0.944
-1.098
-0.915
-0.165
-2.535
-0.756
-0.725
 1.134
 1.402
 1.316
 0.015
 0.016
-1.418
-0.942
 0.301
-0.982
-1.192
 0.006
 0.143
-0.800
-0.293
-0.641
-0.758
-1.154
 0.289
 0.174
 1.029
 0.056
 0.004
 0.749
-1.168
 0.012
-0.357
-0.069
 0.355
-0.709
-0.754
-0.095
-0.291
-0.094
-1.191
-1.973
-1.379
 1.171
-1.702
-1.652
-1.486
 0.899
 0.914
-0.658
 1.045
-1.157
-1.648
-1.095
-0.027
-0.558
-0.365
-0.736
 0.075
 0.138
-1.036
-1.602
-0.075
-0.506
-2.203
-1.975
-2.357
-0.957
-0.625
-1.752
-2.071
-2.815
-2.579
-0.783
-0.164
-0.858
 0.081
-0.935
-1.890
-1.109
-0.762
-1.423
-2.468
-0.555
-0.053
 0.567
-0.059
-0.677
 0.560
-1.643
-2.415
-1.404
-0.842
-1.159
-0.395
-1.999
-1.168
-0.920
-0.239
-0.617
 0.772
-0.549
 0.733
 0.086
-0.160
 0.073
-1.169
-0.935
 0.339
 0.293
-0.322
 1.108
 0.307
 0.205
 0.512
 0.029
-0.713
-1.262
-0.828
 0.389
-0.358
-1.134
 0.936
-0.551
-0.094
-1.812
-1.200
-2.349
-2.045
-1.967
-2.180
-0.075
-1.475
-1.957
-1.767
-0.578
-1.427
-2.101
-1.620
-1.554
-1.045
-1.994
-0.860
-1.091
-0.453
-1.995
-0.509
-0.195
-1.296
-0.494
-0.597
-0.426
 1.413
 1.168
 0.475
 2.112
 0.717
 0.041
-0.982
-0.019
-0.051
 0.641
-0.527
-0.951
-2.436
-2.184
-0.905
-0.916
-1.221
-0.578
-0.516
-1.073
-1.643
-0.456
-1.326
-1.180
 0.237
 0.575
 0.659
 0.343
-0.377
-1.455
-1.745
-0.864
-0.184
 0.399
 0.979
 0.646
 1.461
-0.386
-1.656
-0.369
-0.567
-0.767
-0.053
 0.123
 0.828
-0.049
 0.110
 0.686
 1.220
 2.049
 0.029
-0.589
-0.057
 0.392
-0.567
 0.341
 0.975
 0.073
-0.494
 0.455
 0.918
-0.537
 1.424
 0.134
-0.911
 0.247
-0.121
 1.358
 0.600
-0.702
-1.005
 0.238
-1.183
 0.595
 0.454
 0.736
 0.558
-0.417
-1.470
-1.136
-0.696
-0.055
-0.157
 0.989
 1.149
-0.367
-0.763
-1.225
-1.598
 0.466
 1.480
 0.449
-0.622
-0.756
-0.152
-1.615
-1.491
-1.293
-0.355
-0.767
-0.004
-0.482
 0.650
 0.402
 1.031
 1.313
 0.543
-0.292
-0.680
-1.425
 0.915
 0.598
-0.598
 1.051
-2.173
 0.000
-2.776
-0.557
-0.203
-2.013
-0.861
 0.294
-0.081
-0.077
-0.305
-1.167
-1.148
-0.557
-1.690
-2.598
-1.865
-1.123
-1.749
-1.316
-1.182
-1.698
-1.017
-0.498
-1.479
-1.533
-0.443
-1.313
-1.309
-0.615
 0.038
 0.553
-0.846
-0.042
-1.131
-0.843
-0.678
-1.786
-1.060
-1.337
-0.537
-2.003
-0.448
-0.832
-0.870
 0.828
-0.552
 0.397
 0.361
-1.687
-0.987
-0.267
 0.032
-0.704
 0.469
-0.990
 1.114
 1.219
-0.975
 1.168
 0.078
-0.008
 0.157
-1.313
-0.034
-0.473
 0.198
-1.000
-0.917
-1.194
-1.097
-2.613
-1.740
-1.697
-1.105
-1.507
-0.952
-0.399
-0.403
-0.602
-1.210
-1.332
-0.548
-0.017
-0.648
-0.703
-0.658
-1.101
 0.244
-0.704
-1.842
-0.722
-0.546
-1.604
-0.531
-0.558
 0.303
 0.162
-0.660
 0.066
-1.787
-1.260
-1.360
-1.118
-2.664
-2.973
-2.318
-2.536
-2.045
-2.244
-1.018
-0.726
 0.181
 0.234
-1.131
 0.001
 1.015
 1.366
-0.723
 0.814
 1.353
-0.420
 0.411
 0.106
-0.516
 0.426
 0.948
 0.382
 0.045
 0.425
 0.177
-0.441
-1.711
-1.164
-0.544
 0.202
-0.051
-0.164
 0.618
-0.027
-0.151
-0.975
 0.571
 0.033
-1.056
 0.441
 1.210
 0.516
-0.111
 1.775
-0.108
-0.163
-0.497
-0.519
 0.518
 0.115
-0.521
-0.139
 0.044
-1.276
 0.803
-0.127
 0.312
 1.183
-0.488
-0.234
-1.671
-1.385
-0.523
-1.396
-0.308
-0.832
-1.703
-1.081
-0.493
-2.074
-0.106
-0.136
-0.318
-0.788
 0.743
-0.738
-0.479
-1.741
-1.747
-0.952
-0.972
-1.547
-2.497
-1.043
-1.712
-0.989
-0.835
 0.449
-0.488
-1.402
 0.083
-1.700
-0.540
 0.156
-0.184
-0.363
-1.143
-0.499
-1.493
 0.059
-0.958
 0.370
-0.533
 0.090
 1.481
-0.303
 0.081
-0.302
-0.095
-1.061
 0.122
-1.279
-2.207
-1.616
 0.054
 0.729
 1.421
 0.359
 0.808
-0.056
-0.382
 1.148
 0.028
-0.657
-0.367
-1.009
 0.678
 1.103
 1.356
 1.493
 2.012
-0.412
 0.137
 0.288
 0.999
 0.158
 0.978
 0.349
-1.742
-0.210
-0.534
-1.842
-1.830
-0.389
 0.163
-1.415
-3.234
-1.595
-0.721
-0.369
-0.390
-0.185
-0.811
-0.458
 0.478
-0.613
-1.154
-0.615
-0.800
-1.693
-1.696
-1.259
 0.736
 0.472
-0.714
-0.828
 0.030
-0.188
-0.070
 0.422
 0.975
-0.074
-1.365
-0.685
-1.133
-1.019
-1.501
-0.724
-0.306
-1.550
 0.330
-0.564
-1.372
-0.311
-0.613
-1.295
-1.209
 0.749
-0.267
-1.415
 0.404
-1.781
-1.381
-0.609
-2.595
-1.260
-1.301
-1.798
-0.856
-1.703
-2.173
-1.388
-1.038
-0.143
-0.904
-0.796
-0.775
-1.171
-2.522
-0.480
 1.800
-0.525
 1.082
 0.458
-0.848
-0.198
-0.863
 0.211
-0.051
-0.096
 0.859
 0.226
-0.142
-0.644
-1.805
-0.908
-0.239
-0.075
 0.146
-1.091
-0.034
-0.395
 0.742
 0.276
-1.201
 0.132
-0.448
 0.924
 1.583
 0.369
 0.209
-0.087
-0.278
-1.378
-0.186
 0.465
 0.144
-0.049
 0.642
-0.783
-0.426
-0.609
 0.864
-0.438
 0.176
 0.731
 2.058
 1.826
 2.316
 2.303
 1.726
 1.341
 0.444
 0.552
 0.279
 0.198
-1.919
-0.207
-0.179
 0.030
-0.864
-1.176
 1.412
 0.988
-0.129
 0.443
-0.622
 0.340
 0.076
-0.363
 0.245
 0.173
 0.510
 1.342
 1.397
 0.487
-0.506
 1.056
 1.088
 0.303
-0.171
-0.417
-0.582
 0.480
 0.225
 0.826
 1.493
-0.360
 0.575
 0.399
 0.717
-0.504
 0.093
 1.230
 2.240
 0.644
 0.710
-1.023
-0.969
-0.771
-0.482
-0.540
-1.534
-1.211
-0.591
 1.425
 1.544
 0.547
-0.169
 1.389
 1.128
 2.276
 0.730
 1.891
-0.677
 0.049
 0.648
 0.006
-0.828
 2.390
 0.313
-0.190
 1.729
 0.750
 2.097
 2.356
 0.767
 0.153
-0.518
 0.956
 2.418
 0.589
 0.681
 0.732
 1.451
 1.184
 1.038
-0.388
 0.601
-0.862
-0.604
 1.698
-0.279
 0.267
-0.072
-0.944
-0.077
-0.483
-0.451
-1.231
-1.334
-0.121
 0.251
 0.078
 0.678
-0.506
-0.267
-0.164
-0.470
-0.316
-0.902
-0.816
-0.583
 0.851
 0.203
 0.081
 0.591
 0.734
 1.115
-0.684
-0.173
 0.834
 0.359
 1.179
 1.362
 0.198
 0.469
 2.040
 1.527
 0.689
 1.984
-0.171
-0.397
-0.143
-1.404
 0.624
 0.407
-0.104
 0.717
-0.089
 1.424
 1.450
 0.221
-0.167
-1.837
-0.167
 1.425
 0.775
 1.713
 0.182
-0.520
-1.862
-0.867
-0.366
-0.228
 0.698
 0.126
-0.609
-0.334
-0.414
-0.674
-0.781
-1.048
 0.012
 0.027
 0.923
-0.173
 0.292
 1.121
 0.171
-1.596
-0.842
-2.271
-1.554
-2.453
-1.848
-0.918
 0.187
 0.141
-0.019
-1.109
-0.592
-0.254
 0.933
-1.852
-0.964
-1.111
-1.211
-0.908
-0.618
-0.414
 0.323
 0.950
 0.033
-0.693
-0.520
-1.056
 0.598
 0.352
-0.045
 0.043
 0.367
 2.786
 0.100
-0.128
 0.961
 0.490
 1.059
 1.789
 1.103
 0.359
 0.543
-0.091
 0.678
 1.189
 1.566
 1.235
 0.344
 0.948
-1.211
-1.722
-0.751
-0.708
-1.560
-0.893
-0.397
-0.056
-0.383
-0.796
-0.587
-1.742
-0.066
-0.934
-0.417
-0.554
-0.003
-2.338
-1.555
-1.248
-0.904
 0.323
 0.235
-1.076
 1.714
 0.129
-0.087
-0.487
-0.126
 0.124
 0.303
 0.573
-0.350
 0.713
 1.325
 0.799
-0.451
 0.294
-0.048
 0.936
-0.758
-0.781
-0.860
-0.253
-0.393
-0.959
-0.960
-1.453
-1.438
-1.619
-0.417
-0.334
 2.435
 0.997
 0.981
 1.856
 1.742
 1.182
 0.541
-1.054
-0.188
 0.246
-0.695
-0.586
-1.460
-0.537
 0.263
-1.332
-1.463
-0.389
 0.293
-0.382
-0.422
 0.101
-0.187
-1.147
-0.812
-0.659
-0.710
-0.437
-2.115
-1.581
-2.394
-0.142
-0.347
-0.850
 0.315
 0.192
 0.311
-0.215
-0.805
-1.705
-1.212
-0.982
-0.927
 1.402
 0.131
 0.197
 1.293
-0.545
-0.434
-0.929
-0.958
-0.138
-1.150
-1.183
-1.243
-0.851
-2.483
-1.901
-2.185
 0.079
 0.845
-0.514
 0.479
 0.754
-0.283
 0.499
-1.404
 0.638
 0.822
-0.645
 0.187
-0.200
 0.304
 0.204
-0.088
 1.529
 0.565
-1.806
-0.091
-1.371
-0.073
 0.576
-0.057
 0.813
-0.355
 0.034
-1.743
-0.181
 0.442
 0.735
-0.110
-2.269
-1.401
-0.626
 0.677
 0.829
 1.716
 0.612
-0.324
-0.488
 0.514
 2.015
 1.476
 1.183
 1.088
 0.184
-0.337
-1.113
-1.921
-0.996
-1.109
-0.843
 0.022
-2.369
-0.774
-0.807
-0.915
-1.130
-0.734
-0.259
 0.395
-1.130
-1.529
 0.455
-0.592
-2.702
-1.459
-0.021
-0.536
-0.509
-0.707
-2.201
-0.950
-0.511
-0.167
 1.226
-0.768
-1.410
-1.445
-1.486
-1.002
-2.167
-1.202
-2.144
-0.253
-1.714
-0.310
-1.271
-0.313
 0.963
-0.386
-0.389
-0.301
 0.263
 0.057
-0.410
-0.374
-0.274
 0.580
-0.127
 0.172
 2.034
-0.084
 0.047
-0.037
-1.390
 0.802
 1.036
-0.365
-0.176
 0.096
-0.002
-1.483
-0.720
-0.276
-0.551
 0.907
-0.542
-0.271
-0.053
-0.588
-0.515
-0.945
-0.662
-2.380
 0.359
-0.686
-1.243
-0.251
-1.143
 0.545
 1.594
-0.378
-1.971
-1.212
-1.604
-1.456
-2.136
-2.219
-1.758
-0.730
 0.841
 0.189
-0.246
-1.938
-1.957
-1.574
-0.972
-0.310
-0.120
-0.588
-1.141
 0.710
-0.109
 0.177
 1.455
-1.228
 0.317
-0.469
-0.013
 1.950
 1.872
 0.279
-0.305
 0.803
-0.812
-0.118
-0.009
 0.646
-0.700
-0.601
-0.635
-0.917
-0.580
-0.472
 0.062
-0.735
-1.117
 0.267
-0.235
-1.348
-1.358
-0.701
-1.105
-1.224
-0.449
-1.054
-1.558
 0.005
-0.998
-1.720
-1.187
 0.855
 0.155
-0.923
-0.726
 1.029
-0.755
-1.322
-0.523
 0.302
 0.885
-0.824
-0.495
-0.701
-0.159
-0.035
 0.759
-0.637
-0.332
-0.525
-0.541
-0.466
 0.097
-0.467
-0.351
 0.537
 0.990
 0.581
-0.079
 0.247
-0.257
 0.381
 0.323
-0.592
 0.241
 0.768
-0.450
 1.108
 0.222
-1.344
 0.231
-0.039
-1.576
-0.262
 0.039
 0.263
 0.381
-0.493
-0.772
-0.121
-0.211
-0.597
 0.559
-0.596
-0.781
 0.116
-1.066
-2.286
-2.462
-0.780
-0.764
-1.055
-2.707
-2.930
-0.840
-0.876
-1.626
-1.225
-1.107
-0.461
-1.171
-1.448
-1.643
-1.162
-1.249
-0.786
-1.598
-1.212
-2.444
-1.446
-3.251
-0.822
 0.418
-1.494
-0.503
-0.467
-0.198
 0.015
-0.350
-1.925
-0.632
-1.118
-2.964
-2.803
-2.966
-2.317
 0.197
-0.924
-1.577
-1.761
-1.637
-2.522
 0.631
 0.811
 0.743
-0.329
 1.785
 1.515
 0.889
-1.312
-1.225
-2.918
-0.203
-0.550
-1.180
-0.306
-1.194
-0.394
 0.384
 0.658
-0.130
-0.167
-0.088
-0.287
 1.123
 0.457
-1.942
-0.702
 0.247
-0.073
-1.565
-1.238
-0.402
 0.303
 0.155
 0.489
 0.404
 2.098
 0.195
 0.456
 0.134
 0.279
 0.708
-0.140
 0.864
 1.294
 1.752
 1.105
-0.439
-1.391
-1.466
-0.602
-0.223
 0.718
 0.419
-1.202
-2.082
 0.091
-0.555
-1.346
-0.411
-0.381
-0.021
-0.846
-1.334
-0.108
 1.764
-0.280
-0.351
-1.213
-0.481
-1.188
 0.250
-0.685
-2.089
 0.362
-0.881
 0.181
-1.099
-1.664
 0.046
-1.716
-1.192
-2.087
-0.797
-1.569
-1.420
-1.032
-0.341
-0.287
-0.515
-0.875
-1.242
-0.290
-0.787
-0.751
-1.173
-1.517
-0.892
-2.735
-0.669
-1.160
-1.757
-2.667
-0.344
-0.509
-2.217
-0.973
 0.346
-0.857
-0.579
-2.010
-1.067
-0.439
-0.383
-1.408
-0.317
-1.913
-1.299
-0.355
 1.055
 0.554
-0.140
 1.368
-0.216
-0.654
-1.343
-1.077
-0.534
 0.487
 0.657
 1.480
 0.612
 0.716
 1.446
-0.457
-0.699
-0.180
 0.393
-0.335
-0.415
 1.535
 1.901
-1.724
 0.329
 1.002
 0.006
 0.986
-0.008
 1.567
-0.403
-0.652
 0.116
-1.838
 0.013
 0.221
-1.058
-0.247
-1.717
-0.474
-0.500
-0.239
 1.012
-1.908
 0.883
-0.106
-0.485
-2.081
-2.614
-1.524
-0.893
-0.509
-0.413
-0.188
-0.300
 0.781
-0.921
-1.241
-0.322
-0.079
-0.014
-0.541
-1.914
-1.081
-0.603
-2.629
-0.589
-0.640
-0.766
-1.563
-0.892
-0.232
-0.402
 1.365
-1.564
 0.218
 0.573
-0.329
-0.942
 0.987
-0.111
-1.111
-1.054
-0.648
-0.003
 0.979
-0.809
-1.188
 0.959
 0.418
-0.027
-0.225
-0.076
-1.118
 0.060
 0.124
-0.590
-1.052
 0.447
-0.290
-0.449
-0.034
-0.036
 0.917
 0.488
 0.803
 0.245
 1.194
 2.313
 0.227
 0.207
 0.887
 0.775
 1.427
 1.514
-0.665
-1.825
 0.184
 0.781
 1.350
 1.914
 2.306
 1.675
-0.466
 1.700
 0.360
-1.154
 0.328
-0.235
-0.022
 1.390
 1.331
 1.899
 0.509
-1.118
-0.396
-0.113
 0.278
-1.354
-0.889
 0.852
 0.319
-0.704
 0.718
 0.975
-2.261
-1.700
-0.566
-0.669
-2.043
-1.330
 0.687
-1.164
-0.652
-0.344
 0.683
 1.447
 0.806
-0.346
 1.363
 0.396
 1.802
-0.340
-0.878
-0.465
-0.711
-0.218
 0.658
-0.831
-1.218
-0.661
 0.333
 0.324
 1.315
-1.269
-0.682
-1.097
 0.684
-0.959
 0.495
-1.028
 1.375
-0.003
-1.962
-0.764
-0.892
-0.657
 1.242
 0.513
 0.175
 0.479
 2.160
 1.253
 1.629
-0.436
 0.112
 1.815
 2.245
-0.703
 0.620
-0.340
-0.620
-0.383
-0.912
-0.424
-0.759
-1.731
-0.865
-0.113
-1.508
-1.303
-0.966
-1.502
-0.032
-0.927
 0.037
-1.841
 0.207
-1.543
-0.978
-0.939
-0.926
-0.808
 0.037
-1.514
-1.013
-0.936
-1.999
-0.499
-0.039
-0.891
 0.198
 0.593
-0.387
-0.744
-1.153
 0.531
 0.534
-0.185
 0.079
 0.221
-0.936
 0.853
-0.473
-0.139
-1.319
 0.175
 0.200
 0.630
-0.407
-1.102
-1.655
-0.839
-1.814
-0.843
-0.265
-0.717
-0.940
-0.833
-1.373
-0.531
-0.395
-1.656
-1.473
-0.397
 0.337
-0.709
-1.750
-0.695
 1.177
-0.408
 0.017
 0.484
 0.344
-0.719
-0.559
 0.670
-1.465
-1.739
-2.996
-2.511
-2.246
-1.057
-0.139
-0.654
-0.231
-1.436
-1.297
-0.636
 0.101
-0.867
-0.179
-0.583
 0.318
 0.148
 1.082
 2.796
 0.498
 1.434
-0.566
 0.395
 0.141
 0.359
 0.484
 1.305
 1.470
-0.480
-0.215
 0.437
 1.833
 1.550
 0.106
-0.463
-0.536
 0.816
 1.249
 1.296
 1.952
-0.495
-1.019
 0.414
-0.731
-0.359
-0.763
-0.658
-0.251
-1.093
 0.780
 1.549
 0.698
-0.848
 0.004
 0.710
-0.530
-0.275
 0.348
-1.719
-1.388
-1.898
 0.508
 0.152
 0.775
-0.864
-1.150
-1.070
-0.609
-1.229
-0.897
-1.455
-0.130
-1.605
-1.107
-0.827
-2.234
-0.917
-2.137
-1.678
-1.338
-0.542
-1.636
-0.695
-1.094
-0.466
-1.058
 0.180
 1.966
-0.157
-0.687
-0.756
-0.029
-0.387
-0.864
-0.561
 0.224
-1.869
 0.450
-0.483
 0.446
 0.674
-0.217
-0.491
 0.446
-0.289
 0.004
 0.261
-0.533
-0.479
-0.092
 0.687
 0.282
-0.611
 1.924
 0.201
 0.136
-0.264
 0.645
 0.839
 0.738
-0.982
-0.910
 0.364
 0.418
 1.896
 0.561
 0.528
 0.245
 0.945
 1.015
 2.232
 1.738
 1.185
 0.719
-1.180
 0.617
 1.437
 0.092
-0.377
-0.827
 0.948
 0.492
 1.268
 0.337
 0.075
 0.821
 0.220
 0.404
 0.080
 1.945
 2.642
 1.103
-1.180
 0.216
 1.269
 0.223
 1.749
-0.338
-0.040
 1.052
-0.161
 0.234
 0.499
 0.217
 0.054
 0.324
-0.459
-0.920
 0.302
-0.878
-2.550
-0.223
 0.894
-0.560
-1.064
 0.947
-0.186
-1.650
-1.035
 0.755
-0.340
-1.071
-2.659
-0.896
-0.412
-0.500
-1.041
-2.024
-1.991
 0.373
-0.821
 1.007
 1.633
 0.560
-0.388
-0.442
 0.049
-0.825
-0.048
-1.366
-0.405
-0.059
-0.418
-0.098
 0.590
-0.384
-0.738
-0.647
-0.625
 0.634
-1.764
-0.050
-0.185
 0.272
-0.758
-1.431
-0.258
 0.696
-0.234
-0.412
 0.246
 2.363
-0.321
 0.116
-1.010
-1.547
-1.337
 0.538
-0.040
 0.636
-0.223
-0.010
-1.146
-0.480
-0.651
 0.588
-0.541
 0.033
 0.820
 0.465
 1.563
 1.181
-0.234
 0.733
 0.500
-0.291
 0.203
-0.594
-0.231
-0.278
 0.943
 1.657
 1.412
 0.725
-0.240
-1.465
 0.195
 0.970
 1.534
 1.507
 0.618
 0.171
 0.040
-0.642
-1.416
-0.895
-0.401
 0.433
 0.213
 0.034
-0.918
-1.189
-0.790
-0.535
-1.153
-0.417
-1.006
-1.955
-2.878
-1.697
-1.472
-1.061
 0.036
 0.007
 0.988
-1.182
-0.449
-0.449
-0.528
-2.149
-1.832
-2.479
-1.971
-1.914
 0.102
-0.172
-0.189
 0.603
-1.773
-0.483
-1.224
-2.230
-0.959
-1.261
-1.050
-0.790
-1.204
-0.903
 0.877
 0.408
-0.240
-0.995
 0.037
-0.445
 0.286
 0.320
-0.102
-0.651
-0.686
 0.879
-0.834
 0.264
-0.299
-0.620
-1.789
-1.542
-1.102
-1.102
-0.053
 0.441
-1.136
 0.146
 0.458
 0.476
-0.504
-1.676
 0.403
 1.474
-0.030
-1.205
-1.272
-1.763
-0.934
-0.904
-1.154
 1.367
 0.367
 0.251
 0.191
-1.179
 0.380
 0.363
-0.624
-0.221
-1.013
-0.387
 1.015
-0.983
-1.588
 0.944
 0.844
-2.984
 0.535
-0.716
 1.127
 1.432
 0.417
 0.826
 0.376
 0.367
 0.480
 0.417
 1.119
 1.500
 1.164
-0.869
-0.158
 0.330
-0.562
 1.049
 1.993
-0.031
 0.450
-1.097
-0.695
 0.838
 0.179
-0.573
 0.164
-0.011
-0.396
-0.226
 1.169
-1.230
-0.636
-0.406
-0.261
 0.505
-0.537
-0.118
 1.082
 0.829
 0.624
 0.170
 0.509
 1.654
-1.347
-0.109
-0.835
 0.716
-0.356
-0.168
-0.243
 1.756
 0.363
 0.697
 1.534
 1.793
 0.492
 0.459
-0.802
 0.347
 0.813
-1.181
-0.074
 0.546
-0.410
-0.233
 0.477
 0.012
 0.686
-1.232
 0.911
 0.079
 1.403
 0.685
 1.744
 1.313
 0.135
 0.812
 0.507
 2.284
 1.316
 0.295
 2.040
 1.829
 0.551
 1.230
 1.449
 0.600
-0.082
 0.661
-1.992
 1.149
 0.455
 0.444
 0.058
 0.711
 0.281
 0.679
 0.075
-0.295
-0.394
-0.096
 0.184
-0.375
-0.156
-1.896
-0.847
-0.452
-0.693
-0.002
-0.422
-0.871
-1.003
-1.078
-1.461
-0.377
-0.828
 0.633
 1.476
 0.551
-0.496
-1.312
 0.435
-0.038
 0.673
-0.273
 0.156
 0.559
 1.703
 0.641
 0.535
-0.922
 0.399
 0.673
 0.809
-0.348
 1.315
 1.163
 0.405
-0.852
 1.722
-0.715
-0.190
 1.442
 0.497
 0.503
 1.062
 1.306
-1.121
-0.126
-0.478
-0.745
-0.238
 1.128
 0.133
 0.749
 0.555
 1.574
 0.960
-0.543
-0.419
 0.252
-0.804
 0.060
 0.270
 1.435
 1.138
 0.962
 0.038
 0.314
 1.459
 1.214
 0.132
 1.443
 0.368
-1.181
 0.367
 1.318
 1.164
-0.618
-0.719
-0.404
-0.315
 0.509
 0.134
 0.480
 0.487
-0.099
 1.406
 0.337
 0.638
 0.881
 0.395
-0.755
-0.678
 0.346
 0.063
-0.039
 1.506
-0.802
-0.307
-0.765
-0.438
-1.510
-1.970
-1.565
-1.665
-2.558
-1.567
-1.276
-0.231
-2.474
-2.440
-3.556
-2.682
-2.877
-1.494
-0.698
 0.086
 0.367
-0.137
-2.298
-1.749
-1.028
-0.788
-0.606
 0.176
-0.618
-0.240
-0.197
-2.132
 0.209
 0.177
-0.632
-1.472
-1.568
-0.042
-1.290
-0.449
-1.292
-2.461
-1.097
-0.572
-0.577
-1.806
-0.012
 0.520
-0.600
-1.096
 0.042
-0.450
 0.426
-2.453
 0.012
 0.172
 0.069
 0.200
 0.213
-0.361
 0.832
 1.389
 1.720
 2.054
 1.252
 0.118
 0.748
 0.896
 0.504
 1.121
 0.543
-1.199
-1.952
-0.108
 0.528
-0.344
 0.433
-0.440
-0.697
 0.496
 0.397
-0.371
 0.470
 0.685
 1.096
 0.150
-0.687
 0.780
-0.637
-0.163
-0.567
 0.853
 0.711
-1.486
-0.940
-1.407
-1.326
-1.716
-0.485
-1.296
-1.748
-0.825
-0.398
 1.611
 0.318
 1.116
 0.109
 2.354
 1.824
 0.884
 0.420
-1.280
 0.305
 0.104
 0.035
 1.064
-0.287
-0.265
 0.351
-1.858
-2.288
-1.054
-0.621
-0.025
-1.347
-1.598
-1.375
-0.108
-0.600
-0.599
-1.169
-1.122
-0.951
-0.551
-1.338
-0.515
 0.095
-0.998
-1.191
-1.209
-1.859
-0.832
-0.605
-1.186
-1.746
-2.259
-1.138
-1.092
-0.440
-1.040
-1.198
-2.419
-0.148
-1.585
-1.067
-1.029
-1.588
-1.257
 0.008
-1.049
-0.887
-1.459
-0.698
-0.347
-0.340
 0.247
-0.484
-0.604
 0.449
 0.721
-0.440
-0.745
-0.443
 0.084
 0.698
-0.337
-0.329
-1.137
 0.385
 0.243
-0.791
-2.018
-1.637
 0.161
-0.466
 0.768
-0.832
-0.605
-0.837
-1.488
-1.360
 0.681
 0.660
 0.210
-0.738
-0.808
-0.118
 0.327
 1.070
-0.670
 0.023
-1.070
-0.267
 0.804
 0.892
-0.051
 0.575
-0.740
-1.456
-0.259
-1.358
-1.478
-0.827
 0.540
-1.022
-0.119
 0.001
-0.691
 0.085
-0.146
 0.176
-1.003
 0.029
-0.401
 0.127
-2.127
-0.203
-2.035
-0.737
 0.394
-1.300
-0.695
 0.998
-0.786
-2.355
-0.894
-2.101
-1.497
-0.314
 0.106
-0.496
-0.177
 0.435
-0.688
-1.982
-0.956
-1.562
-0.780
-2.220
-0.052
 0.079
-1.587
-2.197
-2.053
-0.723
-0.706
-0.263
-0.957
-0.566
-0.512
-1.232
-0.827
-0.482
-1.017
-1.310
-0.119
-0.981
-1.071
-0.990
-0.236
-0.333
-1.710
-0.647
-2.204
 0.235
-0.769
-0.106
-0.608
-0.343
 0.383
-1.587
-1.872
-1.197
 0.036
-0.656
-1.381
-0.488
 0.059
-0.136
-0.834
 0.149
 0.264
-0.727
-1.238
-1.233
 0.408
 0.218
 0.081
-0.443
 0.583
 0.114
 0.829
 0.348
-1.018
 1.233
 1.843
 0.438
-1.912
-0.759
 1.430
-0.097
-0.177
-1.232
-1.694
-1.523
-0.481
-1.453
-0.497
 0.046
 0.309
-0.938
-1.085
-0.510
 0.518
 0.448
-0.628
-0.409
 0.850
-0.913
 0.803
 0.882
 1.528
 0.675
 0.605
 1.038
 1.556
 1.572
 0.801
 0.515
 0.087
 0.054
 0.547
 0.698
 0.589
-0.135
-1.901
-1.684
 0.243
-0.741
 0.898
-0.749
-0.738
-1.157
-1.034
-0.495
-1.822
-2.077
-0.943
-0.498
-1.377
-0.133
 0.730
-0.360
 0.250
 1.608
-0.356
-1.422
-1.327
 0.068
-2.631
-2.592
 0.171
 0.872
 0.869
-0.091
-0.978
 0.476
-0.313
-0.845
-0.008
-1.048
-1.053
 0.826
-0.704
-0.863
-1.216
 0.284
 0.411
 1.274
 0.450
-0.686
-1.139
 0.637
 0.622
-1.563
-0.742
-0.782
 0.661
 0.991
-0.093
-0.518
-0.591
-2.032
-2.501
-1.982
-2.969
-1.880
-0.929
-0.802
-1.163
-1.465
-1.877
-0.768
-1.095
-0.871
 0.765
-1.588
-1.542
 0.485
 1.126
 0.074
-0.413
-1.219
-1.268
-1.100
 0.719
-1.528
-0.614
-0.694
-0.035
 1.129
-0.954
-0.267
 0.169
 1.902
 0.056
 0.581
-0.047
 0.159
-0.618
 0.532
-1.642
 0.139
-0.612
 0.394
 1.529
 1.050
-0.565
-0.219
 0.181
-0.247
-1.109
-0.683
-0.094
-1.440
-0.920
-1.519
-1.273
-0.702
 0.302
-0.493
-1.895
-1.716
-2.313
-0.059
-0.785
-1.715
-1.469
-1.599
-0.384
-2.155
-1.736
 0.823
-0.253
-0.122
 0.283
-0.858
-0.440
-0.981
-1.142
-1.690
-0.680
-1.699
-0.667
-1.440
-0.807
-1.287
-1.119
 0.021
 0.287
 0.555
 2.139
 1.307
-0.258
-0.263
-0.467
 1.934
 0.927
 0.471
-0.279
-0.435
-1.046
-0.138
 0.434
-0.194
-0.881
 0.307
 0.646
 0.484
-0.206
 0.422
-1.119
-0.933
-0.414
-1.723
-1.787
-0.988
-1.071
-0.298
 0.503
 0.191
 0.602
 0.818
-0.798
-0.765
 0.151
-0.978
-0.486
 1.381
 0.030
 0.369
 0.084
 0.987
-0.027
 1.901
-0.480
 1.092
 0.378
-0.290
-0.050
 0.217
-0.699
-0.872
 0.511
-0.402
-0.485
 0.195
-0.808
 0.330
-1.420
-0.269
-0.646
-1.592
-0.325
 0.490
 0.353
 0.406
 0.979
 0.270
 0.964
 0.235
 0.281
-0.786
-1.986
-0.814
-0.193
-1.905
 0.549
-0.320
 0.569
-0.679
 0.054
-0.034
-2.013
 1.393
 1.200
 0.725
 0.824
-0.599
-1.098
-0.553
-1.078
 0.037
-0.525
-0.017
 1.272
-0.474
-0.936
-0.584
 0.204
 0.203
-0.010
 0.707
 0.750
-0.151
 1.515
 0.770
 1.526
 0.372
 2.028
 0.799
 0.794
-0.183
-0.829
 0.176
 0.213
 1.201
 0.540
 0.668
-0.348
-0.432
-0.201
-0.488
 0.201
 1.094
-0.497
 0.590
 0.890
 0.626
 1.804
 1.258
 2.750
 1.421
-0.093
 1.993
 0.809
-1.398
-1.035
 0.625
 0.281
 0.606
 0.982
 0.527
-0.931
-0.762
-1.386
-0.796
-0.476
 0.581
 0.222
-0.690
-1.457
-1.443
-1.175
-1.273
-1.118
-1.140
-0.999
-0.507
-1.915
-0.391
-0.536
-1.007
-0.831
-0.296
 1.010
 1.201
 1.270
 0.723
 1.392
 1.814
 0.504
 0.573
-0.880
-0.927
-0.099
 0.235
 1.249
 2.077
 1.450
 1.764
 0.623
 2.835
 1.496
 1.582
 0.977
 1.637
 0.818
 0.173
 1.125
 2.416
-0.472
 0.926
 1.759
 0.232
 1.512
 0.584
 0.126
 0.963
 1.240
-0.408
 2.559
 1.049
 1.168
 0.625
-0.410
-1.023
 0.012
-0.401
 0.447
-0.472
-0.047
-0.109
 1.399
 0.414
 0.554
-0.529
 0.381
 0.596
-1.711
-0.997
 0.387
 0.585
 0.903
-0.577
-1.237
-0.731
-1.319
-0.468
 0.255
 0.491
 0.982
-0.106
-0.857
 0.109
 0.964
 1.427
 1.532
 0.563
 0.828
 1.073
 0.818
-1.725
 0.347
-0.884
-0.528
-1.239
-0.008
-0.278
-0.362
-0.706
-0.582
-0.535
-0.169
-0.932
-0.892
-0.789
-2.220
-1.410
 0.096
 0.276
 0.816
 0.431
 0.830
-1.128
-1.013
-0.284
 0.130
-0.078
 0.089
-0.081
-1.134
 0.223
-0.692
-0.491
 1.283
-0.086
-0.111
 0.107
 0.194
-0.291
 0.863
 0.340
 0.777
 0.063
 0.858
 0.138
 1.134
 0.927
 0.950
 1.574
-0.016
 0.989
-0.318
-0.444
 0.044
 0.451
 0.745
 0.130
-0.143
-0.951
-0.374
-0.859
 0.440
 1.393
 0.569
-0.088
 0.339
-0.079
 0.795
 0.859
-0.381
 1.122
 0.440
-0.040
 1.706
 0.084
 0.601
 1.501
 1.034
 0.521
 0.716
-0.014
 0.221
-0.381
-0.676
-0.995
-2.378
-1.955
-0.544
-0.657
-1.104
 0.324
 0.933
 0.202
-0.159
 0.171
-0.213
 0.288
 0.697
 0.094
 1.419
 0.683
-0.471
 0.773
-0.332
 0.060
 1.271
 2.016
 1.438
-0.220
-0.725
-0.060
-0.328
-0.867
 0.247
 0.622
-0.409
 0.045
 1.227
 0.199
-0.119
 0.355
 0.840
-0.085
-0.202
 0.905
-0.428
-0.065
-0.981
 0.644
 1.746
 0.679
 0.651
 1.159
 0.564
 0.172
 0.066
 1.012
-1.017
-0.770
 0.217
-1.216
-1.077
 0.267
-0.682
-1.096
-0.602
 0.314
-0.116
-2.197
-1.059
-0.616
-0.856
-2.157
-0.607
-0.104
-0.155
-0.236
-0.671
-0.710
-0.314
 0.470
 0.325
 0.140
-0.521
-0.056
 0.308
 0.851
-0.551
-0.521
 0.073
-0.316
-2.195
-1.355
-0.539
-0.786
-1.427
-0.231
 0.328
-0.848
-1.384
-0.263
 0.939
-0.735
-0.834
 0.570
 0.071
 0.893
-1.685
 0.153
-1.095
-2.157
-1.861
-1.532
 1.217
 0.612
-1.655
-1.128
 1.374
-1.138
-1.557
 0.491
-0.525
-0.280
 0.938
 0.489
-0.594
 0.309
-0.373
 1.343
-0.262
-0.446
 0.545
-1.898
-0.676
-0.086
-0.741
 1.093
-0.047
-0.556
-0.940
 0.797
 0.520
-2.378
-1.152
-0.873
-1.278
-0.722
-0.664
-1.367
-1.018
 0.507
 0.341
 0.225
 0.140
 0.611
-1.090
 0.724
 0.648
-0.116
 0.073
-0.188
-0.489
-1.230
-2.463
 0.559
 0.583
-1.418
-0.637
-1.451
-0.263
-0.911
-1.601
-1.666
-1.100
-0.580
 0.201
 0.353
 0.057
 1.306
 0.308
-0.320
 0.423
-1.564
-0.701
-0.595
 0.745
-0.424
-0.192
 0.447
 1.435
 1.221
 0.380
 1.119
 0.431
-0.024
-1.347
 0.163
 0.895
-0.433
-0.478
 0.745
-1.597
-0.711
-1.589
 0.157
 0.426
 0.728
 0.549
 0.841
-0.538
 0.191
-0.581
-1.070
 0.409
 0.671
-0.065
 0.424
 0.398
 0.290
-0.012
 1.169
-0.544
-0.609
-1.828
-1.160
-0.420
-0.606
-1.641
 0.865
 0.663
-1.347
-0.076
-1.029
-1.654
 1.606
-0.067
-0.333
 0.368
-0.176
 0.286
-0.757
 0.137
-0.572
 0.028
-1.410
 0.085
 0.470
-0.350
-0.580
 0.032
 0.700
-0.487
-1.568
-1.612
-1.172
 0.359
-0.241
-1.952
-0.404
 0.389
 0.933
-0.290
 0.352
 0.889
 0.073
-1.584
-0.269
 0.984
 0.768
 0.124
 0.827
 0.937
 0.993
 1.008
 0.480
 0.055
-0.856
-1.180
-0.843
-0.560
-1.162
-1.033
-0.315
 0.270
-0.871
 0.205
-0.307
-0.893
-1.911
 1.140
-0.232
 0.680
 0.100
-0.956
 0.064
-2.191
-0.951
-0.391
-1.087
-2.291
-0.354
 0.004
-1.264
-1.350
-1.923
 0.575
-0.447
-1.774
-1.177
-2.093
-3.110
-2.092
 0.100
-2.072
-1.484
-2.769
 0.112
-0.130
-1.440
 0.457
-0.439
 0.076
-1.077
 0.102
-2.198
-0.517
-0.312
-1.910
-1.963
-0.858
-0.029
-1.604
 0.052
 0.022
-0.983
-1.701
-1.482
-0.102
-0.702
-0.222
-0.928
-0.406
-1.070
-1.029
-1.040
-2.457
-3.272
-2.183
-1.070
-0.834
-2.387
-1.280
 0.143
 0.694
-1.478
 0.002
 0.686
 0.178
 1.330
 0.459
-0.706
-0.041
-1.310
-0.173
 0.914
-1.721
-0.208
-0.871
-0.553
 0.417
-0.421
-0.528
-0.254
-0.321
-0.050
-0.363
-0.125
-0.668
-0.043
-0.209
-0.611
 0.886
 0.768
 0.761
 0.063
 0.245
-0.607
-1.272
-0.468
-2.812
-0.933
-0.893
-0.676
-1.134
-1.991
-2.284
 0.029
 1.210
 0.932
 0.015
-0.824
-0.145
-0.694
-0.920
-1.233
-0.812
-0.906
-0.293
 0.300
 0.251
-0.187
-0.111
 0.506
-0.377
-0.325
-0.236
 0.030
 0.904
-0.143
 0.048
-0.247
 1.042
-1.320
-1.530
 0.175
 0.164
 1.154
-0.760
-0.461
-1.063
-0.214
-1.885
-0.821
-1.105
-0.503
 0.692
-0.702
-1.604
-0.966
-0.611
 0.767
-1.868
-0.946
 0.737
-0.263
-0.554
-0.112
-1.604
-0.644
 0.078
-1.804
-0.182
-0.106
-0.106
-0.220
-1.081
-0.823
 0.615
-0.187
-0.322
-0.812
 0.698
 0.310
-1.864
 0.871
-0.959
-0.292
-1.142
-1.981
-0.592
-0.341
-1.196
-1.104
-0.962
-0.384
-0.037
 1.736
 1.160
-0.170
-1.729
-1.272
-0.280
-0.580
-0.910
-0.869
-1.202
-1.266
-0.744
-1.102
-0.176
-0.853
-0.787
-1.948
 0.236
-0.262
-1.108
-0.453
-0.268
 0.238
-0.469
-2.145
 0.368
-2.535
 0.288
-0.939
-0.793
-1.356
-3.068
-2.386
-1.558
-2.127
-0.131
-1.408
-1.703
 0.467
-2.832
-1.921
-1.237
-1.894
-1.517
-0.628
-0.780
-1.239
-1.471
-1.374
-0.684
-0.744
-1.480
-1.360
-0.120
-1.331
-0.631
 0.015
-0.252
 1.330
 1.381
 1.526
 0.919
 0.563
 0.183
 0.977
 0.489
 0.655
-1.127
-2.616
-1.070
-0.801
-0.305
 0.812
-1.856
 0.292
-0.254
 0.765
 0.980
 0.658
 0.188
 1.256
-0.170
 0.775
-0.128
-1.834
-0.719
 1.667
 1.063
 2.569
 1.558
 1.305
 1.485
 1.319
 1.164
 0.683
 0.821
-0.056
 0.550
 1.366
 0.127
 1.379
 2.769
 2.594
 0.725
 0.562
-0.312
-0.280
 0.587
 0.894
 0.719
 0.262
-0.163
-0.074
 0.138
 0.175
-1.313
-0.284
 0.761
 0.209
 0.560
-0.956
-1.871
-0.338
-2.433
-0.132
-1.329
-1.368
-1.617
-0.575
-1.118
 0.377
 1.489
 0.183
 0.004
-0.728
-1.347
 0.609
 1.105
 1.400
 0.797
-0.067
 0.647
 0.157
 0.469
-0.784
-1.062
-0.082
 0.728
 0.471
 0.812
-0.593
 1.994
-0.110
-0.807
 1.202
 2.159
 1.059
 1.425
 2.393
 0.698
 2.168
 0.800
 0.544
 1.559
 0.268
-0.088
 1.123
-0.433
-1.123
 0.477
-0.196
-0.909
-0.896
-1.010
 0.846
-0.843
-0.208
-0.231
-1.396
-0.405
-0.716
-0.377
-0.612
-1.001
-0.391
-1.798
-0.759
-0.094
 0.764
 0.851
-1.306
-0.827
-0.208
-0.338
-0.810
-0.532
-1.175
-0.751
-0.105
-0.248
 0.570
-1.207
-0.169
-0.250
-0.041
-0.069
-0.551
-0.372
 1.109
-0.148
 0.517
 0.292
 0.306
 0.407
 1.268
-0.641
-0.519
-1.400
-0.480
 0.293
 1.236
 0.071
-0.597
-0.395
-0.385
-0.929
-0.620
-0.755
-0.053
 0.299
 0.129
-0.512
-0.717
-0.648
-2.264
-0.815
-0.595
-0.564
-1.067
-0.463
-1.068
 0.013
 0.214
 0.298
-0.005
 0.631
-1.142
-1.676
-1.287
 1.515
 0.000
-1.405
 0.246
 0.172
-0.170
 1.016
-1.812
-0.773
 0.280
-0.310
-0.942
 0.834
 1.117
-0.437
 1.037
 1.067
 0.958
-0.176
 0.949
-0.287
 1.630
 0.834
-0.145
-0.679
-0.134
 1.202
 1.105
-0.164
 0.418
-0.127
-0.321
-0.269
 0.236
 0.104
 0.106
-1.448
-0.448
 0.299
 0.444
-0.349
-0.449
-0.591
 0.261
 0.727
-0.270
 0.829
 1.535
 0.195
 0.891
 1.251
 2.421
 0.432
 0.579
 0.869
 1.196
 0.570
 0.852
 1.138
 1.203
 1.765
-0.036
 1.252
 1.133
 0.499
 1.236
-0.486
-1.651
-0.583
-0.690
-0.808
-0.581
-1.860
-1.334
-0.361
 0.242
-0.690
-1.360
-0.117
 0.234
-0.132
-0.447
-0.769
-2.312
-2.022
-0.833
-0.986
-0.545
 0.225
 0.258
-0.378
 1.163
-0.638
-2.654
-0.994
-0.760
-1.500
-1.327
-0.661
-0.489
-0.168
 0.331
 1.362
-0.408
 0.436
-1.374
-1.864
-0.043
-0.273
 0.390
-0.410
-0.282
 1.524
 1.040
 0.195
 0.984
 1.925
 0.991
 1.551
 0.074
 0.301
 0.511
 1.437
 0.834
 0.326
 1.073
 1.759
 1.885
 1.915
 1.606
 1.141
 0.390
-0.220
-0.370
-1.357
-1.032
 2.098
 0.989
 0.760
 0.378
 0.646
 1.772
 0.868
 0.614
 0.787
 1.268
 1.145
 0.480
 1.084
 2.446
 1.649
 1.720
 1.224
 0.567
 1.392
-0.363
-1.563
 0.047
 2.303
-0.188
 0.275
-1.342
-0.506
 0.593
-1.455
-0.916
 0.379
 1.351
 1.353
 1.035
-0.342
-0.864
 0.032
 0.009
 0.582
 0.049
-0.564
-0.619
-0.487
-0.582
 0.285
-0.179
-2.238
 0.058
-1.418
-1.344
-2.115
-2.468
-0.440
-0.511
-1.071
 0.528
 0.560
-0.914
-0.210
-2.083
-1.608
-0.153
-0.254
-1.384
 0.506
 1.983
 0.935
 0.080
-0.634
-0.371
-0.569
 0.393
 0.226
-1.228
 0.056
 0.157
-0.468
 0.349
-1.172
-1.887
-0.008
-0.292
 0.428
-1.288
-1.278
 0.058
 0.091
 0.463
-0.714
 0.244
-0.072
-0.580
 0.324
-0.033
-0.127
-2.390
 0.757
 0.136
-1.382
-0.057
 1.397
-0.373
-0.106
 0.648
 0.787
-0.906
 1.398
 0.097
-0.180
 1.053
 0.584
 0.588
 0.909
 0.061
-0.241
-0.404
 0.078
-0.158
-1.818
-0.286
-0.933
 0.403
 1.530
 1.483
-0.136
 0.363
-0.593
-0.354
-0.219
 0.880
-0.950
-0.485
-0.541
-0.012
 0.099
-0.553
 0.946
-1.728
-0.767
-0.828
 0.512
 0.275
 0.364
 0.446
-1.784
-0.423
-0.325
 0.303
-0.012
-0.012
-0.743
 0.475
-0.134
 0.637
 0.265
 0.458
-0.031
 0.196
-1.158
-0.729
-2.284
-0.329
-0.338
-0.285
-1.029
 0.409
 0.015
 1.619
 0.684
-1.021
 0.256
-0.674
-1.361
-1.746
-0.069
-1.405
-0.908
-0.584
-0.296
-1.154
-0.038
-0.619
-0.752
-0.114
 1.053
 0.129
-1.161
 0.819
-0.890
-1.519
-2.044
-1.556
-0.306
 0.196
-1.123
-0.803
-0.438
-0.855
-0.982
-0.444
-0.101
 0.682
 0.207
 0.081
-0.265
-0.384
-0.827
-0.214
-0.056
 0.684
 1.258
-0.436
-1.022
-1.237
-1.411
 0.137
-0.145
 0.643
-0.822
 0.284
-0.165
 0.349
 0.055
-1.062
 1.409
 0.034
 0.248
 0.509
-0.012
-0.935
-0.409
 1.297
-0.846
-1.129
-0.906
-1.588
-0.323
 0.477
-0.564
-1.093
-0.997
-0.441
-1.897
-0.551
-1.647
-1.593
-0.196
-0.815
-2.164
-2.517
-1.762
-1.368
-0.756
-1.230
-0.851
-1.449
 0.336
 0.261
-0.298
 0.393
 1.025
 0.781
-0.052
-0.705
-1.743
-0.968
 0.631
-1.294
-1.293
-0.458
-0.893
 0.333
 0.311
-0.573
-0.822
 0.750
-0.183
-0.544
-0.350
 0.449
 0.574
 0.570
-0.356
-1.468
-0.266
 0.041
-1.344
-2.724
-2.179
-1.478
-0.912
-0.489
-0.581
-0.681
-0.720
 0.512
-0.197
 0.249
 0.056
-0.629
-0.110
-1.064
-0.600
-0.531
-0.445
 0.788
 0.107
-0.662
-1.957
-1.553
-1.329
-1.888
 0.028
-0.820
-1.067
 0.127
-0.691
-0.004
 0.628
-0.382
 0.776
-0.429
 0.831
 0.414
 0.946
 0.557
-0.258
 0.765
 0.023
-0.803
-0.312
 0.419
-1.092
-0.349
-0.307
 0.039
 0.273
-0.190
 0.882
 0.712
-0.304
-0.954
-0.760
-0.732
 0.839
-0.141
 0.503
 0.387
 1.599
 0.236
 0.131
 0.544
 1.666
 1.128
 0.107
 0.773
 2.348
 1.276
-0.686
-0.417
-0.830
 0.734
 0.039
-2.327
-1.046
 0.850
 0.783
-0.904
-0.731
-0.351
 0.467
-0.188
-1.354
 0.360
-0.555
 1.595
 0.598
 1.144
 0.975
-0.047
-0.108
 0.946
 0.470
 0.343
 0.934
 1.404
 0.845
 0.373
-0.210
 0.087
-0.945
-0.844
-1.457
-1.681
-1.579
-0.957
-0.707
-1.124
-0.223
-0.616
-1.205
-0.891
-0.495
 0.255
-0.928
-0.552
-1.047
-0.023
 0.645
-0.642
-0.212
-1.384
-1.138
-0.668
 0.270
 0.017
 0.095
 0.405
-0.193
-0.231
-2.257
 0.260
-0.646
-0.859
 0.255
-0.951
 0.070
 0.698
-0.991
-0.616
-1.263
-1.382
-2.309
-0.274
 1.068
-0.273
 0.276
-0.741
 0.867
 1.608
 1.244
 0.665
 0.634
 1.914
-0.499
-1.142
-0.234
 1.054
 0.436
-0.041
 2.087
 1.559
 0.306
 0.579
 0.482
-0.412
-0.098
 0.391
-0.164
-1.542
-0.519
 0.830
 1.266
 1.027
 1.474
-0.888
-0.266
-0.560
 0.093
 0.999
-1.816
-1.353
-0.183
-0.635
 0.063
-1.767
 0.013
 0.050
-1.217
-1.760
-0.424
-0.792
-0.060
-0.300
-0.176
-1.356
-1.084
-0.265
-0.115
 0.541
 0.573
 0.162
-0.312
 0.883
-0.133
 0.487
 0.111
 1.802
 0.781
 0.411
 0.767
-0.074
 2.164
 0.751
 0.317
-0.903
-0.614
-0.561
 1.217
 1.744
 1.005
 1.059
 1.388
 1.459
 0.673
 1.555
 2.062
 1.643
 0.533
 1.515
 1.922
 2.009
 0.635
 1.327
 1.369
 0.153
 0.712
 0.433
-0.133
 0.497
-1.232
-1.053
 0.615
-0.729
-0.537
-1.680
-0.813
-1.301
-1.156
-2.031
-2.468
 0.549
-0.585
 0.050
-0.248
-0.831
-1.241
-1.377
-0.637
-0.221
 0.059
-0.690
-0.649
-1.604
-1.366
 0.210
-1.986
-2.048
 1.250
-0.086
-0.467
-0.878
 0.834
-0.060
-0.398
 0.619
-1.436
 0.291
 0.723
 0.721
-0.037
-1.264
-1.153
 0.414
 0.549
 0.592
-1.536
 1.070
-0.235
 0.207
 0.924
-0.336
 0.690
 0.998
 0.249
 0.920
 1.323
 1.678
-0.969
-0.593
-0.731
 0.088
-0.190
-0.879
-1.202
-0.190
 0.741
 0.153
-0.670
-0.649
-0.764
-1.001
-0.059
-1.095
-0.088
-0.461
-0.879
 0.818
-0.662
 0.562
 0.150
-1.769
 0.030
 0.772
-0.480
-0.967
-0.454
-1.777
-0.544
-0.913
 0.411
-0.058
 0.390
-1.438
-1.295
 0.557
-0.055
-0.029
-0.868
 0.784
 0.310
-0.393
-0.877
-0.301
-0.065
-1.134
 1.257
 1.219
 2.193
 0.843
 1.189
 0.082
-0.763
-0.357
-0.747
 0.545
 0.149
-1.558
-0.573
 1.403
 2.314
 0.079
-0.120
 0.159
 1.237
 0.677
 0.179
 0.537
 0.584
 0.896
-0.102
-0.554
 0.869
 0.295
 0.007
-2.029
-1.983
-1.880
-0.282
-1.436
-1.294
-1.633
-0.021
-1.303
-0.142
-0.909
 0.149
 0.932
 1.644
-0.127
-2.000
 0.998
-0.196
 0.537
 0.615
 1.254
 1.510
 1.140
-0.442
-0.762
 1.255
-0.216
-0.310
-0.954
 0.359
-0.059
 0.443
 0.602
-0.057
 0.613
-0.944
 0.859
-0.532
-0.282
-0.537
-0.748
 0.769
-1.696
-0.088
 0.623
 1.105
 0.202
 0.091
-0.050
 0.034
 1.473
 0.692
 1.966
 1.267
 0.353
 1.046
 2.784
 3.425
 1.873
 0.870
 0.624
-0.283
 0.841
-0.621
 0.246
-0.475
-1.059
 0.433
-0.749
-1.402
-0.458
-0.499
-0.829
-0.029
-0.826
 0.279
-0.437
 0.122
-0.007
 0.322
-0.126
 0.989
 1.513
 0.987
 0.391
 1.355
 0.306
 0.982
-0.043
 0.830
 0.446
-1.076
-1.639
-1.750
-1.609
-1.144
-1.675
 0.421
 0.108
-0.945
-1.090
 0.023
 1.538
-0.643
-0.225
 0.453
 0.621
-0.517
 1.207
-0.176
-0.486
 0.617
 0.948
-0.689
-0.695
-1.454
-1.128
-0.452
-0.148
-0.967
-0.450
-0.779
 0.055
-0.018
-0.687
