
-1.846
-2.235
 0.419
 0.019
 0.971
 0.669
 0.504
 0.116
 2.011
 0.089
 1.101
 1.025
 0.336
-0.259
 1.871
 0.747
 2.300
 0.952
 1.701
-0.269
 0.356
-0.242
 1.845
-0.036
 0.337
 1.001
 0.587
 0.723
 0.135
-1.471
 1.012
 0.320
-0.554
 0.030
 1.502
-0.171
-0.178
-0.859
-0.020
 0.319
-0.201
-0.021
-0.062
 0.761
 1.183
-0.347
 0.216
 0.824
 0.176
 0.416
 1.014
-0.268
 0.995
 0.164
 0.670
 0.187
-0.172
 0.103
 0.677
 0.376
-0.379
-1.518
-0.633
-1.537
-1.310
-0.326
-1.498
-0.370
-0.448
-0.290
-1.302
-0.742
-0.466
 1.775
 0.131
 0.250
 0.838
-0.618
 0.537
-0.061
-0.512
 1.592
 0.955
-0.285
 0.700
 0.602
 0.988
 0.438
 1.495
 0.734
-0.246
 0.094
 1.712
 1.273
 1.510
 0.202
-0.190
 0.592
-1.594
-0.136
-0.976
-0.307
 1.094
 0.756
 0.991
 1.759
 1.110
 0.654
-0.047
 1.380
 0.687
-0.198
 0.507
 0.534
 1.205
 0.367
 0.081
 0.452
-0.404
 0.455
 1.293
 0.870
 0.388
-0.718
 1.526
 0.583
-1.216
-0.438
-0.021
-0.671
 0.197
 0.231
 0.405
 1.418
 1.674
-0.405
 0.506
 0.217
-0.127
-0.752
-0.236
-1.990
 0.017
-0.396
 1.730
-0.443
-0.533
 0.531
 0.432
-0.094
-1.014
-0.294
 1.174
 0.234
-1.834
-0.104
 0.384
 1.697
 0.318
 0.994
-0.157
 0.927
-0.787
-0.564
 1.100
 1.050
 1.611
 0.901
 0.717
-0.061
 0.581
 1.047
 0.532
-0.762
 0.780
 1.154
 0.083
 1.306
 0.685
 0.223
-0.942
-0.811
-0.022
-1.154
-0.771
 0.500
 0.029
 1.202
 0.633
 0.889
 0.614
-0.161
-0.667
 0.044
 0.916
 0.079
-0.502
-0.178
 0.086
 0.265
-0.133
 1.220
-0.503
-1.094
-0.273
-0.398
-1.368
-1.068
-1.450
-1.296
-0.386
-0.911
-0.640
 0.213
 0.805
 0.130
-0.447
-0.126
-0.074
-0.730
-0.698
 0.216
-0.612
-1.260
-0.691
-0.806
-1.551
-1.038
-2.116
-0.176
-0.417
-1.516
 0.984
 0.350
 0.023
 0.519
-0.256
 0.513
 0.069
 0.699
 1.868
 0.721
 0.708
-1.188
-0.925
-0.864
-0.077
-0.823
-0.417
-0.983
-0.220
-1.296
-0.622
 0.083
 0.234
-1.247
-1.341
-0.992
-1.327
-0.039
-1.411
-0.161
-1.223
-1.562
-1.129
-1.275
-1.038
-0.312
-0.108
-1.080
-1.691
-0.458
-1.223
-0.627
-0.255
-0.849
-1.186
 0.240
 0.147
-0.781
 0.738
 0.644
 0.000
 0.167
-1.559
-1.052
-0.973
-0.689
 0.226
 0.289
-0.963
-0.330
-1.675
-1.571
-2.561
-0.153
 0.613
-1.384
-0.096
-1.381
-2.873
 0.142
-1.928
-1.548
-1.022
-1.244
-0.408
-0.643
-0.742
-1.097
-1.622
-2.605
-1.782
-1.968
-0.479
-1.614
-2.764
-2.183
-1.452
-0.811
-0.226
-1.241
 0.318
 0.645
-0.369
-0.829
-0.110
 0.035
-0.380
 0.091
 0.303
 0.624
 0.191
-0.678
-0.624
 0.827
-0.656
-0.881
-0.905
-1.999
-0.296
-0.335
 0.462
 0.242
 0.721
-1.488
-0.707
-0.341
-1.031
-1.088
-0.050
 1.759
-0.027
 0.201
 0.359
-0.437
-0.711
 0.321
 0.190
 1.184
 0.905
 0.924
 1.298
 1.516
 0.111
-0.020
 0.546
 0.919
 2.442
 2.065
 2.108
 1.362
 0.899
-0.102
 1.282
 0.284
-0.007
-0.032
 1.626
 0.098
-0.579
 0.681
-0.244
 0.385
-0.314
-0.130
 0.326
-0.621
 1.478
-0.105
-1.704
-0.610
 0.689
-0.247
-1.300
-1.111
-0.438
 0.832
 0.231
-0.783
-1.953
 1.009
 0.423
-1.851
-0.368
-1.432
-0.647
 0.551
 0.480
-0.096
 0.986
 1.610
-0.195
-0.628
-0.867
-0.618
-1.523
-2.272
-1.289
-1.039
-0.474
 0.214
 0.568
-0.038
 0.163
-0.601
 0.884
 0.849
 0.410
 1.032
 1.750
 0.969
 0.544
-2.944
-1.381
 0.339
-0.556
 0.599
-0.147
-0.578
-0.841
-0.039
-0.504
-0.959
 0.410
-0.124
-0.864
-1.314
 1.603
-0.878
-0.022
 0.020
 0.513
 0.968
 0.781
-0.655
-1.063
-1.060
-0.842
-0.647
-1.601
-1.396
-0.518
-0.722
-1.578
-0.538
 0.015
-1.178
-2.317
-2.484
-3.031
-2.600
-2.559
-1.663
-3.477
-1.465
 0.995
-0.751
 0.715
-0.621
-0.632
-0.930
 0.285
-0.261
-0.839
-1.349
 0.557
 0.096
-1.086
 0.473
 1.038
 0.277
 1.158
 0.032
-0.310
 0.450
-0.274
-1.287
-0.477
-0.032
-1.096
-2.440
-3.082
-1.052
-1.011
 0.488
-0.214
-1.333
-1.108
-0.092
 0.532
-0.545
 1.205
 0.050
-0.031
-0.292
 0.122
-2.532
-1.523
-0.535
-0.116
-0.219
-0.447
-0.175
 0.034
 0.045
-0.446
-0.964
-1.964
-0.823
-0.670
-1.101
 0.296
-0.208
-0.646
-0.239
-1.166
 1.213
-0.014
-0.248
-1.064
-1.418
 0.409
 0.017
 0.218
-0.180
-1.672
-2.382
-1.614
-1.820
-0.271
 0.468
-0.221
-0.614
 0.141
-1.643
-2.154
-0.898
-0.266
-1.201
-1.396
-2.022
-0.823
-1.768
-2.003
-0.575
-0.581
-2.148
-0.778
-1.283
-0.348
 0.855
-0.597
-0.507
-1.149
 1.077
 2.060
 0.644
 0.461
-0.221
-0.517
 0.351
 1.522
 1.104
 1.005
 1.316
 0.166
 1.261
 1.712
 1.661
 1.571
 1.363
 1.207
 0.516
-0.207
 1.627
 0.429
 1.767
 0.675
 0.298
 0.208
 0.271
 0.205
 1.231
 2.367
 1.675
 2.565
 1.913
 1.028
 2.594
 0.353
-0.518
-0.652
 0.636
 0.872
 0.633
-0.957
 1.362
 0.953
-1.037
-0.580
-0.334
 0.302
-0.803
 0.568
 0.816
-0.872
-2.161
 0.436
 0.651
 0.596
 1.912
-1.507
-0.549
-0.260
-2.463
-1.844
 0.429
-0.451
 0.917
 0.252
 0.878
-0.824
-0.974
-1.367
-1.357
 0.071
 0.312
 0.591
-0.028
 0.489
 0.057
-0.492
 0.803
-1.225
-1.897
-1.739
-1.262
-2.620
-2.012
 0.508
 0.881
 1.374
 1.374
-1.224
-0.515
-0.262
-0.602
-1.067
-1.061
-2.745
-2.044
-0.949
 0.665
 0.513
 1.410
-1.567
-0.175
 0.461
 0.703
 0.183
 0.019
-1.190
-0.770
-0.215
-0.842
-0.458
-0.638
 1.075
 0.772
 0.448
 0.262
-0.612
-0.807
-1.290
 0.099
 0.195
-0.145
-0.602
 0.577
-1.009
 1.241
 0.325
-0.020
 0.463
 0.555
-0.282
 1.441
-0.233
 0.669
 1.507
 0.806
-1.165
-0.200
-0.621
-0.231
 0.063
-1.440
-0.520
 0.113
-1.894
-0.296
 0.011
-1.347
-0.358
-0.734
-2.392
 0.164
 0.279
-1.166
-0.533
-0.560
 0.707
 1.132
 1.591
 0.867
-2.525
 1.153
 0.892
-0.189
-0.499
 0.722
-0.926
-0.791
 1.453
-0.557
 0.732
 0.021
-1.535
-0.896
 0.791
 0.441
 0.386
-0.672
-0.277
-0.259
 0.524
-0.082
 1.394
 0.614
-1.618
-0.101
 0.258
-0.739
-0.667
-1.251
-0.860
-1.355
-1.846
-1.786
-2.234
-0.891
-0.644
-1.475
 0.348
-0.889
-2.060
-1.535
-1.578
-0.389
 0.210
-0.196
 0.151
 0.509
 0.262
-0.187
-1.024
-0.029
-0.210
-0.342
-0.135
 0.682
-0.571
-1.644
-0.780
-3.030
-0.193
 0.106
-0.295
-1.282
-1.295
-0.625
-1.016
-0.380
-0.312
-0.571
-0.841
 0.294
 0.182
 0.663
-0.540
-0.017
-1.135
-0.238
-1.258
 0.528
-0.183
-0.049
-0.456
-1.996
-1.294
-1.173
-2.001
 0.569
-0.382
 0.158
-0.394
-0.454
 0.905
-0.251
-0.030
-0.420
-0.069
 0.803
 2.004
 0.698
 0.091
-0.047
 0.312
 0.058
 1.429
-0.507
 1.609
 2.114
 0.542
 1.758
 0.470
 0.235
-0.141
 0.556
-0.428
-0.604
 0.414
-1.057
 0.301
 0.288
 0.824
 1.231
 1.321
 1.698
 0.915
 0.177
-0.026
-1.299
-0.246
-0.489
-0.396
-1.617
-1.870
-1.429
-0.673
-0.318
-1.586
 0.080
 0.030
-0.861
-0.561
-0.622
-0.389
-0.863
-1.266
-1.435
-2.358
-2.421
-0.751
-2.235
-0.124
 0.373
-0.350
 0.411
 0.192
 0.993
-0.705
 0.066
-0.219
 1.187
 0.038
 0.171
-0.988
 0.871
 0.544
 0.368
-0.241
 1.359
-0.943
-1.082
-1.126
-0.887
-0.925
-0.214
-1.012
 0.726
-0.955
 0.330
 0.085
-0.136
 1.082
 0.122
-0.271
 0.284
 0.562
 0.268
 0.394
-1.294
-1.514
 0.028
 0.708
 0.043
-0.240
 0.127
 0.343
 0.423
 0.987
-0.500
 0.159
 0.944
-0.369
-0.423
 0.699
 1.134
-0.103
-0.339
 2.137
 0.783
 1.160
 1.404
 1.973
 1.853
-0.837
-0.055
 0.176
 0.317
-0.960
 1.054
 1.191
 0.977
 0.386
-1.403
 0.254
-0.622
-0.485
-0.371
-0.872
-0.456
-1.064
-0.694
 0.836
-0.766
 0.415
-0.969
-1.571
-0.711
 1.283
 0.238
-2.163
-0.006
-1.018
 0.232
-0.086
-1.084
 0.651
 0.397
-0.257
 0.725
 0.143
 0.802
 1.333
 0.620
 0.222
-1.149
 0.251
-1.225
 0.306
-0.165
 0.378
 1.067
 0.575
-1.641
-1.042
 0.982
 0.522
-0.170
 0.719
-0.454
 0.822
-1.268
-0.651
-0.208
 0.745
-0.083
 0.995
 0.527
-1.765
-0.119
-1.712
-0.371
-0.852
-0.405
 0.321
-0.614
 0.053
-0.255
-0.211
 0.648
-0.313
-1.730
-1.138
-0.704
-1.309
-2.029
-1.510
-1.482
-1.353
-1.245
-0.705
-0.375
-1.866
-1.362
-1.292
-0.355
-1.828
-0.718
-0.589
-0.514
-0.768
-0.563
-1.059
-0.315
-0.247
-0.124
-2.259
-2.229
-2.935
-3.728
-3.325
-1.654
-1.374
-0.069
-0.349
-1.286
-1.311
-1.394
-1.059
-0.010
-1.538
-1.116
-0.442
-0.998
-0.253
-1.647
 0.373
-0.714
-0.774
-0.867
-0.915
-0.466
 0.395
-0.765
-0.825
-1.393
-0.421
-1.783
-0.550
-1.624
-1.119
-1.038
-0.708
 0.241
 0.007
 0.837
-0.887
-0.396
-0.564
 0.567
-0.889
-0.519
-0.528
-0.941
-0.432
 0.319
-1.029
-1.433
-0.797
-2.053
-1.821
-2.675
-0.476
-0.810
-0.520
 0.421
-0.499
-0.309
-0.381
 0.160
-0.705
-0.139
 0.182
 1.820
 1.118
 0.642
 0.559
-0.611
 0.839
 0.744
 1.106
 0.375
 2.179
-0.671
 0.379
 0.638
 1.440
 0.965
 0.668
-0.438
 0.559
-0.417
-0.924
-0.461
-1.574
-1.464
-1.054
 0.769
-0.409
 0.596
-0.168
 0.581
-0.505
-1.156
-1.650
-1.686
-2.356
-0.344
-0.708
-2.505
-0.606
 0.150
-1.674
-0.449
-0.135
-0.884
-1.739
 0.088
 0.053
 0.549
-0.836
 1.214
-0.070
-1.818
 0.109
-0.420
 0.326
-0.157
-0.989
-1.464
-0.084
-1.364
 0.277
-0.191
 0.536
-1.465
-1.397
-0.727
-0.189
 0.191
 0.027
-1.585
-0.472
 1.086
 0.116
-1.273
-1.207
-1.434
-0.347
-0.061
 0.567
 0.406
 0.350
-0.372
-0.776
-0.743
-0.755
-0.324
 0.812
-0.130
 0.476
-0.004
-0.870
 0.230
 0.728
-0.127
 1.125
 1.099
-0.328
 1.121
 0.301
 1.535
 1.121
 1.180
 0.141
 0.589
-0.387
 0.811
 0.509
-1.501
 0.862
-0.297
-0.226
-0.705
-0.818
-0.903
-1.035
-1.095
-1.798
-1.198
-0.049
 1.492
 1.253
 0.959
 0.409
-0.437
 0.645
 0.497
 0.441
-0.984
-0.317
-0.167
-0.635
-0.373
-1.084
-0.368
-0.103
-0.640
-0.042
 0.081
 0.729
 0.526
-0.568
-0.777
 0.330
 1.265
 0.622
-0.505
-0.451
-0.598
-0.564
-0.021
-0.396
-0.938
-1.213
-0.243
 1.056
 1.186
 0.588
 0.253
 0.094
 0.295
-0.399
 0.382
-0.935
 0.025
-0.645
-0.518
-0.292
-0.607
 0.180
 0.742
-0.645
-0.924
 1.076
 0.243
-0.009
-0.996
 0.209
 0.489
-1.556
-1.326
-1.311
-0.325
 1.187
-0.445
-0.232
 0.068
 0.611
 0.482
-1.112
-0.103
 0.142
 0.392
 1.933
 1.186
-0.369
-1.590
-1.554
-0.649
-0.541
-1.135
-0.301
-0.862
 0.438
-0.832
-0.002
 0.205
 0.497
 0.099
-2.162
 0.195
 0.404
 0.871
-1.463
-0.816
-0.210
-1.457
 0.593
-0.306
 0.523
-0.056
 1.298
 0.653
 0.832
-0.312
-0.855
-0.379
-0.313
 0.286
-0.954
 0.473
 1.384
-0.676
 0.918
 0.186
-0.258
-0.418
 1.031
 0.205
 0.091
 0.512
-0.336
 0.756
-0.215
-0.442
 0.014
 1.320
-1.524
-0.746
 0.389
-0.872
-0.041
 0.501
 1.000
 0.649
 0.179
 1.035
-0.611
 0.587
 1.081
 0.949
 1.887
 2.199
 0.352
-1.177
-0.025
 1.075
 0.184
 0.171
 0.232
-1.267
-0.268
 0.570
-0.697
 0.979
 0.120
-0.189
-0.862
-0.724
-1.050
-1.225
 0.227
-0.081
 0.156
 1.094
 2.045
-0.415
 0.581
 0.361
-2.510
-1.842
 0.161
-2.199
 0.019
-0.298
-0.005
-0.577
 1.534
 0.638
-0.223
 0.121
-1.462
-0.713
 0.208
-1.225
-1.827
 0.984
-0.649
-1.404
-0.311
 0.291
 0.019
 0.163
-0.870
-0.361
-0.268
-0.093
-1.189
-0.680
-0.602
 0.698
-1.036
-0.417
 0.596
-1.763
-0.803
-0.087
-1.163
-0.263
-1.381
-0.748
-1.103
-0.405
-0.572
-1.173
-1.236
 0.022
-0.762
-1.663
-1.321
-0.351
-0.573
-0.275
-1.127
-0.614
-0.471
 1.203
 0.873
 2.003
 0.762
-0.438
 0.202
 0.438
-0.810
 1.437
 1.027
 0.661
 0.239
-0.429
-0.371
-1.162
-0.770
 0.303
-0.673
-0.598
-0.628
 0.788
 0.040
-0.724
-0.277
-0.660
 0.210
 1.461
-1.278
-0.604
-0.562
-0.580
 1.129
 0.264
-2.117
-0.791
 0.203
-1.031
 0.227
-2.301
-1.294
-0.397
-0.323
-0.199
 1.113
-0.434
 0.919
 0.714
 0.929
 1.608
-0.826
 0.060
 0.640
-0.007
-0.238
 0.803
-1.228
-1.366
-0.788
 0.292
 1.166
 0.596
 0.042
 1.315
-0.097
 0.360
 0.737
-0.560
-0.284
-0.929
 1.061
 0.178
-0.545
-2.029
-0.278
-0.901
 0.321
 0.135
 0.463
 0.100
 0.124
-0.494
-0.446
-0.166
-0.467
-1.034
-0.188
 0.544
 1.016
 1.297
 1.143
 0.378
-1.241
-1.421
-0.883
-1.205
 0.449
-1.503
 0.353
-0.633
-0.565
 0.958
 0.588
 0.805
-0.342
 0.989
 0.952
-1.444
-0.685
-0.067
-0.458
-1.402
 0.741
 0.693
 0.511
-0.316
 1.491
 0.736
 0.289
-0.768
-0.692
-0.453
-1.288
-1.163
-0.197
-0.939
-0.526
 0.817
 0.674
-1.222
-0.330
-0.601
-0.552
 1.159
 0.416
-0.044
 0.337
 0.896
 0.358
 0.883
 2.173
 1.281
-0.711
 0.774
 0.208
-0.283
-0.216
-1.113
 1.339
 0.401
-0.398
 0.487
 0.384
-0.382
-1.018
 1.083
 1.189
 1.258
-0.271
-0.235
 0.658
 0.454
 1.306
 0.614
 0.716
-0.012
 1.033
 1.901
 1.617
-0.109
-0.050
-1.001
 0.871
-1.570
-0.631
-0.200
-0.942
-1.032
 0.625
 1.393
 0.067
 0.930
-0.144
 1.005
 1.002
 0.735
 0.760
 0.044
-0.936
 0.058
-0.204
-1.128
 0.497
 0.529
 0.288
 2.038
 1.401
 1.039
-2.200
-0.554
-2.825
-2.642
-0.469
 0.174
 0.063
-1.108
-0.574
-1.258
-1.872
 0.262
-0.550
-1.251
 0.562
-0.161
-1.232
-0.734
-0.092
 0.106
 1.040
 2.003
-0.147
-0.660
-0.478
-0.218
 0.573
 1.530
 2.195
 1.474
 0.683
 0.322
-0.275
 1.853
 1.209
 0.802
 0.050
-0.048
 0.294
-1.073
 0.135
 0.110
-0.226
-0.445
-1.025
-0.635
 0.348
 0.341
-1.083
-0.144
-0.098
 1.386
 0.201
-0.990
-0.477
-1.055
 0.216
 1.406
-0.098
-0.616
-0.504
-0.185
-0.946
-1.691
-0.561
 0.861
-1.048
-0.706
-0.550
 0.570
 0.032
-0.417
-1.205
-1.710
 0.119
-0.566
 0.846
-0.224
 0.993
 1.259
 0.942
 1.073
 1.113
 1.651
-0.995
 0.231
 0.413
 1.075
 0.771
 1.309
 1.883
 0.952
-1.508
 0.429
-0.419
 1.337
 0.756
 0.454
 1.029
 1.439
 1.097
-0.536
-0.104
 0.369
 1.251
 0.245
-1.239
-0.801
-1.186
-0.221
-1.429
-0.400
-0.593
-0.826
 0.593
-0.098
 0.262
 1.064
-0.769
 0.119
-0.100
-0.887
-0.441
-0.622
-0.573
 0.724
-0.047
-1.852
 0.558
 0.038
 1.365
 0.426
 1.617
-0.276
 0.011
-2.054
-0.828
-0.992
 0.150
-0.214
-1.145
-0.138
-0.432
 0.780
-0.182
 0.938
-0.488
 1.025
 0.109
-1.342
-0.942
 0.227
 0.579
 0.356
 0.166
-0.634
-0.420
-0.793
-1.579
-0.296
 0.051
 0.375
 0.817
 0.316
 0.004
-0.003
 1.262
 0.892
 0.696
 0.971
-0.046
 0.252
-0.280
 0.177
 0.003
 1.130
 0.543
 0.599
 0.316
 0.216
 0.881
-0.766
-0.998
 1.685
-0.400
-0.207
-1.848
-1.518
-0.816
-0.329
-0.722
 0.978
-0.623
 0.091
 1.518
 0.350
 0.323
 0.319
 1.170
-0.996
-0.551
 1.146
 0.226
-0.002
-0.535
-0.007
-0.362
-0.814
-1.703
-0.757
-0.913
-0.706
-0.419
-0.687
-0.999
-0.854
 0.132
-1.093
-0.132
-2.078
-1.117
-0.916
-0.194
 1.326
-0.115
-0.016
-0.410
 0.586
 0.235
-0.086
-0.947
-0.689
-0.054
-0.299
 0.052
 0.354
 1.160
 1.020
 1.199
 1.218
 1.636
 2.200
 1.455
 1.306
 0.513
 0.082
 0.519
 1.560
 0.792
 1.788
 1.925
 0.069
 0.775
 1.698
 0.720
 1.408
 0.969
 2.732
 1.510
 2.177
 0.609
 0.208
-0.675
 0.032
 0.741
 1.127
 1.343
 1.160
 1.235
 2.303
 1.934
 1.387
 0.914
-1.133
 0.748
-0.473
-0.446
 0.222
-0.063
 0.731
-1.691
 0.720
-0.258
-0.335
 0.431
 0.418
 0.636
 0.193
 0.247
-0.062
 1.023
 0.648
 1.943
 1.200
 0.888
 1.147
 1.413
 0.958
 1.045
 0.452
 0.934
-0.024
 1.016
 1.356
-0.121
 0.094
 0.187
 1.276
-0.040
 0.213
 0.186
 0.730
 0.708
-0.430
 1.107
-1.104
-0.727
 1.343
 1.184
 0.937
 0.185
 2.060
 2.083
 2.444
 2.338
 0.937
 2.126
 0.000
 0.647
 0.001
-0.266
-1.277
 0.300
-0.660
-1.679
-0.340
 0.863
 0.278
-0.161
-0.879
-0.664
-0.696
 1.083
-1.300
 0.389
 0.041
-0.197
 1.062
 1.600
 0.555
-1.134
 0.206
 0.055
-0.557
 0.218
 1.495
-1.225
-2.360
-0.680
-0.663
 0.002
 0.859
 0.843
-0.554
 0.742
 0.509
-0.246
-0.608
 0.477
 0.187
 0.617
 0.359
 0.416
 0.601
 0.924
-0.113
 1.493
 1.268
-0.107
 0.891
 2.379
 2.469
 1.780
 1.921
-0.474
 0.148
 0.213
 0.246
 1.124
-0.551
-0.575
-0.887
-0.997
-0.336
-0.739
-1.556
-1.363
-0.663
-0.162
 0.348
-0.378
-0.440
-0.134
 0.978
 0.165
 0.162
-0.156
-0.248
 1.280
-0.618
-0.633
 0.632
-0.162
-0.151
 0.072
 0.130
-1.428
-2.077
-0.767
 0.108
-0.222
-1.687
 1.333
-0.339
 0.065
 0.725
-0.495
-0.732
-1.524
-1.351
-1.522
-0.559
-1.530
-1.486
 0.196
-0.534
-0.063
-1.607
-0.136
 0.470
 1.368
-0.055
 0.702
 0.376
 0.512
 0.721
 0.476
-0.184
 0.616
 1.205
 1.246
-0.267
-1.278
-0.722
 0.008
-0.191
-1.021
 1.018
-0.528
 0.914
 1.135
-0.281
 0.519
 0.590
-0.049
-0.013
-0.411
 0.463
 0.252
-0.795
-1.187
-0.299
-1.492
-0.261
-1.404
-1.364
-0.007
 0.072
-0.894
-1.075
 0.171
 0.911
 0.155
 2.017
 1.358
-0.424
-0.444
-0.001
-0.544
 0.027
-0.047
-0.557
 0.294
-0.782
 0.811
 1.912
-0.453
-1.499
-0.303
-0.063
 0.802
-0.751
 0.978
 0.756
-1.909
 0.268
 0.587
 0.206
-0.148
-0.162
-0.023
 0.415
 1.221
 0.149
 0.964
 0.042
 0.347
-0.329
 0.470
 1.220
 0.199
-0.494
 0.945
-0.408
 0.016
 0.764
-0.975
 0.525
 0.460
-1.033
-0.984
-1.607
-1.216
-1.108
 0.222
-0.360
-0.973
-0.291
-0.921
-2.089
-0.265
-0.508
-0.596
-0.882
-0.688
 0.158
-0.010
-1.419
-0.377
-1.842
-0.752
-0.548
-1.737
-2.500
-1.634
-0.341
-2.493
 0.209
-1.290
-0.432
-0.105
-0.258
-1.398
-0.549
 0.404
 0.313
 0.488
 0.784
 0.793
-0.668
 0.917
 0.206
 1.064
-0.577
 0.557
 0.056
 0.556
-0.848
 0.270
 1.467
 1.511
 0.833
-1.368
-0.308
-1.467
-0.280
 0.529
 0.416
-0.336
-1.029
 0.014
-0.210
 1.379
 0.968
-0.122
 0.200
-0.458
-0.446
 0.871
 0.834
 0.761
 0.612
-0.388
-0.786
 0.857
 1.323
 1.305
-0.455
-0.820
 0.422
-0.152
 0.991
-0.043
 0.259
-1.048
 0.326
-1.209
 0.661
 0.559
-0.258
 1.096
 0.937
 0.676
 1.713
 1.298
 1.433
-0.236
 1.002
 1.772
 0.004
 0.239
 1.153
 0.515
 2.031
 0.551
 0.609
 1.067
 0.118
 0.914
 0.474
 1.972
 0.807
 1.518
 1.241
 0.968
 0.121
-0.682
 0.562
 0.202
-0.394
 0.341
 0.910
-0.013
-0.353
-0.815
-0.004
 1.119
 1.319
 1.648
 1.191
 0.827
 0.608
 0.603
 1.466
 1.263
 0.941
 0.994
 1.753
 2.234
 1.761
 1.518
 0.673
 2.228
 2.104
 1.553
 1.407
 0.794
 0.597
 1.693
 1.197
 1.478
 0.620
-0.206
 0.520
-0.690
 1.308
 1.965
 1.454
 0.158
-0.090
 0.681
-0.151
 1.114
 0.072
-0.737
 0.238
 0.958
 0.966
-0.449
 0.859
 1.059
-0.066
-0.479
-0.614
 0.546
 1.312
 0.207
 0.351
 0.053
 0.304
-0.751
-0.051
-0.479
-0.622
 0.725
-0.422
 1.029
 1.716
 1.776
 0.800
 1.631
 1.135
 1.260
 0.243
-0.321
 0.994
-0.288
-1.196
-0.353
-0.067
-0.779
 0.469
-0.073
-0.933
-0.271
-0.476
-0.585
-0.840
 0.068
 1.166
 1.583
 0.914
-0.941
 0.557
 0.969
 1.765
 1.450
 1.355
 1.699
 0.596
-0.518
 1.036
 1.283
-0.807
-0.557
-0.375
-1.579
 0.213
 1.211
 0.067
 0.136
 0.513
-1.281
-0.188
-0.001
 0.409
 0.267
 0.333
 1.172
 1.041
 0.817
-0.931
 0.044
 1.774
 1.071
 0.254
-0.005
-0.905
-1.806
 0.082
 0.881
-0.383
-0.526
 0.038
 0.463
 0.011
-0.010
 1.278
 0.733
-0.457
-2.070
-1.321
-0.134
-0.156
 0.731
 0.517
 0.720
 0.158
-0.318
 0.133
-1.614
-0.381
-0.005
-0.610
-0.377
-0.456
-1.078
-0.088
 2.132
 1.493
 1.130
 1.665
 0.019
-1.549
-1.710
-1.401
-1.066
-1.504
-1.527
 0.500
-0.104
 0.850
 0.360
 0.740
-1.552
-0.950
-0.301
-1.599
-0.195
-1.406
-1.608
-1.157
-0.824
 0.397
 0.512
-0.402
-1.118
-1.087
-1.029
-0.472
-1.117
 0.636
 0.542
-1.161
 0.819
 0.229
-0.722
-1.200
-0.856
 0.184
-0.507
-0.890
-1.185
-1.302
-2.761
-2.464
-1.156
-0.190
-0.893
 0.555
 0.606
 1.809
 0.173
-0.381
 0.231
 1.028
 0.590
 1.289
-0.505
-1.769
-2.873
-3.146
-1.902
-0.159
 0.729
-1.040
 0.103
-1.128
-1.032
-1.515
-0.928
-0.478
-0.498
 0.229
-0.421
-0.737
-1.655
-1.026
-0.345
-1.622
 0.439
-0.930
-0.791
-0.149
-0.024
-0.072
-0.782
-1.462
-0.485
 0.057
-0.071
-0.184
 0.156
 0.785
-0.002
 0.032
 0.500
-0.186
-0.428
 0.214
 1.313
 0.757
-1.371
 0.248
-0.157
 1.066
 0.722
-0.527
-0.540
 0.171
 1.173
 1.414
 2.075
-1.026
-0.651
 0.022
-0.400
-1.165
-0.285
 0.083
-0.804
-0.068
-0.001
-0.895
 0.453
-1.007
-1.479
-0.066
-1.070
 1.075
 1.238
-0.235
 0.838
-0.042
-1.049
 1.038
-0.615
-0.314
 0.302
-0.308
-0.170
-0.388
-0.662
-0.047
 1.957
-0.171
 0.924
 0.694
-0.398
-0.547
 0.100
 0.091
-0.704
 0.165
-2.022
 0.262
 1.494
 0.973
-0.852
 1.442
-0.051
 0.610
 0.149
 0.538
 0.243
 0.093
 0.639
 1.979
 0.972
 0.471
 0.437
 0.378
-0.539
-0.103
 0.097
 1.210
 0.837
 1.394
 1.096
-1.063
-0.109
-0.977
 0.338
-0.429
-0.492
 0.823
-1.178
 0.499
-1.129
-0.421
 1.249
-1.471
-0.775
 0.494
-0.029
-0.914
 0.081
 0.829
 0.250
 0.306
 0.290
 0.040
 0.176
-1.196
-0.933
-0.504
-1.073
-1.000
 0.689
 0.510
-0.802
-0.892
 0.283
 1.056
 0.338
 0.572
-0.873
 0.706
-0.236
 0.245
-1.132
 1.387
 0.052
-0.499
-0.593
-0.284
 0.215
-0.495
-1.274
 0.645
-0.982
-0.303
-0.469
 0.520
 0.581
-0.848
 0.993
-0.522
 0.014
-0.648
-1.657
-1.290
-0.645
 0.170
-0.036
-0.977
-0.350
 0.583
-0.799
-0.414
-1.305
-0.335
 0.308
 0.820
 2.800
 0.345
 0.079
 0.709
 0.076
 0.133
-0.216
 1.028
 0.275
-0.766
-0.697
-0.490
-0.784
 0.277
-0.331
 0.574
 0.908
 1.936
 0.049
 0.455
-0.511
 0.447
 0.617
-0.596
-0.372
-0.534
-0.486
-1.184
-0.458
 0.123
-0.248
-0.042
-0.697
 0.120
 0.421
 0.398
 1.591
 1.798
 1.773
 0.320
 0.363
-0.345
 1.486
 0.551
 0.664
 0.407
 1.037
 0.529
-0.325
-0.192
 0.736
-0.878
-0.596
 0.056
 0.652
 0.027
 0.325
 0.586
-0.676
-0.552
 0.324
 1.241
 1.014
 0.129
 1.191
 2.514
 2.504
 0.311
 0.008
 0.408
 1.186
-0.305
-0.029
 0.171
 0.412
-0.286
 0.069
-0.304
 1.833
 0.037
 1.773
 1.377
 1.212
-0.408
 0.423
 0.936
-0.184
 0.103
 1.651
 0.922
 1.974
 1.000
 0.816
 0.528
 1.130
 2.018
 1.687
 2.154
 1.291
 1.706
 0.499
 1.643
 2.424
 0.044
 0.050
-1.688
-1.784
 0.110
 1.171
 0.878
 1.267
 0.642
-0.005
-0.653
-0.133
-1.473
-0.353
-0.871
-0.124
 1.151
-0.521
 0.751
 0.318
-1.162
-0.287
-1.081
-1.109
 1.571
-0.076
-0.091
 0.257
 0.783
-1.315
 0.553
-0.753
-2.267
 1.339
 0.188
-0.600
-1.280
-0.013
 1.089
 0.619
 0.570
-0.602
-0.586
 0.638
 0.813
-0.322
 0.562
 1.033
 0.579
 1.063
 1.336
 1.568
 1.459
 0.983
 1.592
 0.440
-1.579
-0.379
 1.449
-0.065
 0.025
-0.407
-1.130
-0.499
 0.511
-0.124
 0.444
-0.831
-0.363
-1.399
-0.521
-0.147
-0.740
-0.225
-0.330
-0.772
-0.901
-1.955
 0.444
-0.305
-1.986
-1.552
-1.403
-1.293
 0.258
 0.567
-0.344
 0.706
 0.289
-0.058
 0.251
 0.720
-0.807
-0.251
-1.152
-0.878
-1.014
-0.898
-0.486
-0.165
-1.112
-0.207
 1.127
 0.413
 0.336
 0.425
-0.685
-1.391
 0.053
-0.851
-0.420
-0.612
-0.261
 1.072
 1.317
 0.597
 0.214
 0.825
 0.670
 0.662
 0.452
-0.203
 0.103
 0.139
 0.166
 0.240
-0.072
 1.727
-0.382
 0.059
 0.635
 1.370
-0.570
-1.739
-1.116
-0.916
-0.396
-1.115
-0.540
-0.750
-0.810
-1.334
-1.054
-1.099
-1.739
-0.244
-0.818
-0.513
-1.271
 0.061
-1.478
-1.569
-0.590
-1.276
 0.318
 0.436
-0.486
-0.975
 0.214
 1.374
-0.128
-0.700
 0.764
 1.892
 1.199
 0.520
 0.914
 0.349
 2.361
 0.753
-0.056
 0.996
 0.434
 1.874
 1.240
 1.474
 0.775
 0.209
 1.314
-0.598
 0.217
-0.190
-0.383
-1.830
 0.437
 0.731
-0.776
 0.251
-0.597
-0.423
-0.031
 0.307
 0.590
 0.109
-0.754
-0.049
 0.732
 0.206
 0.760
 0.744
 0.450
 0.634
-0.164
-0.396
-0.537
-0.757
-0.722
 0.675
 0.792
 0.208
 0.016
-1.956
-1.459
-0.708
-0.311
-0.057
-1.421
-0.602
 0.515
-1.676
-0.985
-0.609
-0.662
-2.352
-0.496
-0.297
-0.325
-0.482
 0.938
 0.559
 1.890
-0.399
-0.315
 0.090
-0.227
 0.109
-0.308
 1.234
 1.005
 1.419
-1.494
 0.979
 1.292
-0.101
 1.152
 0.804
 1.435
 0.996
-0.869
 0.603
-0.417
-0.743
-0.839
-0.369
-2.408
-1.225
-2.461
-0.947
 0.425
-1.573
 0.719
-0.723
-0.741
-0.026
-0.455
-0.357
-1.436
-1.615
-0.934
 0.962
-0.617
-1.243
-1.624
 0.598
-0.124
-1.356
-0.810
-0.734
-0.720
 0.682
 1.832
 0.441
-1.368
-1.406
-0.822
-1.184
-0.175
 0.118
 0.429
-0.158
-0.395
-0.792
-0.802
-0.648
-0.438
-2.367
-0.468
-0.621
-0.352
-1.103
 0.787
-0.303
-1.489
-0.159
-0.855
-0.160
-0.590
-0.619
-0.927
-0.453
 1.214
 0.888
 0.471
-0.605
-0.100
-0.784
 0.773
-0.552
-1.071
-1.553
-2.379
-1.275
-0.039
 0.294
-1.730
-0.305
-1.211
-1.949
 0.319
 0.558
-0.564
-0.119
 0.198
-0.358
 0.065
 0.721
 0.067
 1.194
 0.066
 0.440
 0.960
-1.153
 0.386
-1.276
 0.706
-0.010
-0.345
-0.961
-0.899
-0.250
-0.930
 0.127
 0.523
 0.315
 0.217
-1.123
 0.444
-0.569
-0.547
-1.282
 0.330
-1.483
-1.280
-1.198
-0.172
-0.236
-0.643
 0.780
-0.531
 1.164
 0.637
 0.012
 0.657
 2.271
 0.093
-0.006
 0.919
-0.570
 0.181
 0.284
-0.491
-0.439
 0.224
-1.019
-0.491
 0.612
-1.026
-0.061
 1.705
-0.475
-0.594
-0.389
 0.416
-0.155
-0.763
 0.435
-1.331
-0.747
-0.251
 1.558
-0.884
 0.939
-0.476
-1.080
-0.740
-0.213
-0.530
 0.578
-1.265
-0.539
-0.459
-1.369
-2.630
-0.573
-1.110
-0.716
-0.305
-1.169
-0.152
-0.228
-0.881
-0.217
-0.665
-1.115
-0.221
-0.868
 0.011
-0.053
-1.003
-0.523
-0.338
 0.585
 0.278
 0.414
-0.282
 0.337
-0.585
 0.056
-0.303
 1.193
 1.793
-0.202
 0.101
-0.232
-0.595
-1.340
-0.027
 0.288
 2.116
 1.352
 0.150
 0.711
-1.314
-0.330
-2.582
-0.684
-2.739
-1.429
 0.800
-0.792
-1.081
-0.256
-0.712
 1.053
-0.171
-1.802
-1.391
-1.173
 0.061
 0.376
-1.166
-0.754
 0.005
-1.557
-0.251
-0.246
-0.845
-1.299
-0.177
-0.506
-1.099
 0.135
 0.463
 0.412
-0.272
-0.656
-0.579
-0.585
 0.114
 0.417
-0.785
-0.214
-0.581
-0.612
-0.146
-0.313
-0.281
 0.898
 1.261
-0.196
-0.555
-0.513
-1.659
-1.226
 0.225
 0.331
 0.003
 0.332
 1.434
 1.557
 0.279
-0.287
-0.638
 0.264
-0.192
-0.044
-0.704
 0.454
-1.633
-2.175
-1.931
 0.161
 0.321
-0.174
 0.311
 1.136
 0.085
 0.909
 0.245
-0.296
-0.224
 0.584
 0.170
-0.341
 1.075
-0.484
-1.087
 1.848
 0.292
-0.544
-0.379
-1.842
-0.511
-0.524
 0.576
-1.620
 0.178
 1.146
-0.891
 0.883
-1.188
-1.420
-0.871
-0.883
 0.111
-0.849
-1.557
-0.747
-0.305
-1.362
-0.818
-1.420
-0.418
-0.718
-0.933
-0.957
 0.159
 1.046
 1.211
-0.761
 0.461
 1.183
 0.299
-0.352
-1.085
 0.133
 0.980
-0.761
 0.785
 0.884
 0.278
-2.122
-1.504
-0.829
-0.003
-0.283
-0.414
-1.316
 0.589
-0.500
-1.814
-3.132
-1.243
-1.541
-3.684
-1.378
-0.831
-0.874
-2.545
-1.380
-2.218
-0.596
 1.654
-0.519
-1.993
-1.977
-1.490
-2.163
 0.357
-1.139
 0.173
-0.907
-0.171
-0.770
-1.537
-0.889
-1.983
-2.276
-2.159
-1.274
-0.629
-2.281
-0.821
-2.053
-3.211
-1.407
-0.959
-1.346
-1.431
-1.062
-3.570
-1.826
-1.728
-1.794
-0.599
-2.057
-0.873
-1.155
-0.475
-0.621
-2.060
-0.529
-1.165
-1.804
 0.109
-2.269
-1.778
-0.952
-1.128
-1.060
-1.806
 0.476
-2.249
-1.211
-1.233
-0.881
-0.542
-0.881
 0.351
-1.396
-0.500
 0.065
-1.122
-1.295
-1.109
 0.159
 0.600
 0.464
-0.545
 0.426
-0.622
 0.021
-0.928
-0.981
-1.102
-0.390
-1.250
-0.437
 0.020
 0.272
 1.632
 0.546
 0.470
-0.094
 1.107
-1.200
-1.718
-1.773
-1.859
-0.787
-1.182
 1.318
-1.571
-0.657
 0.367
 0.081
 1.486
 0.277
 0.082
 1.289
 0.975
 0.438
 0.363
 0.081
 0.344
 0.290
-0.557
-1.928
 0.115
 0.870
 0.709
 1.854
 0.725
 0.180
 1.083
 1.256
 1.363
 0.372
-1.289
-1.392
 0.151
-0.820
 0.514
 1.688
 1.013
-0.273
 0.262
-0.443
-0.932
-1.503
 0.712
 0.519
 0.881
 0.396
-0.058
-1.680
 0.285
 0.384
 0.616
 0.170
 0.297
 0.551
 0.997
-0.946
 0.464
-0.062
 0.143
-0.751
-0.419
-0.446
-0.987
-1.073
-0.542
-0.975
-0.691
-1.030
-1.754
-1.032
-1.791
-1.033
-1.816
-0.626
-0.150
-1.381
-1.343
 0.221
-0.516
 0.507
-0.092
 1.156
-0.546
-0.708
-1.325
-0.762
-2.221
-1.314
-1.999
-2.286
 0.339
-1.193
-1.379
-1.409
-1.573
-3.371
-1.986
-1.948
-1.092
-0.949
-1.353
-1.220
 0.396
-0.251
-0.689
-0.495
 0.545
-0.710
 1.016
 0.238
 0.733
-0.713
-0.751
 0.668
 0.703
-0.383
-0.370
-0.579
-0.414
-1.574
-0.434
-1.484
-1.533
-0.698
 0.256
-0.534
-1.267
-1.047
-1.133
-0.263
-0.923
-1.519
-2.288
-0.772
 0.038
-0.169
-0.993
-2.102
-2.093
-2.243
-1.539
-2.095
-0.755
-0.409
-1.345
-1.150
-2.297
-0.222
-0.983
 0.005
-0.483
-0.017
-0.438
-1.463
 0.995
 1.089
 1.333
 1.307
 0.830
 1.773
 0.279
 0.377
-1.804
-0.719
-0.542
 0.124
 0.120
-0.176
 0.115
-0.668
-0.819
 0.208
 1.520
-1.294
 0.498
-0.114
-1.311
-0.653
-1.389
 1.009
-1.104
-0.723
 0.079
-0.809
-1.138
-0.486
-0.845
 0.013
-0.684
-0.730
-0.938
-0.913
 0.165
 0.024
-1.120
-0.141
-1.214
-1.455
-0.772
-1.288
 0.261
-1.003
-0.572
-1.020
 0.237
 0.489
-1.708
-1.695
 0.487
-0.774
-1.037
-1.417
-1.887
-1.635
-2.251
-1.555
-1.982
-1.732
-0.376
-0.361
-1.605
-1.017
 0.036
-1.054
 0.357
-0.665
-0.447
-0.254
-0.446
-0.337
-0.634
 0.614
-0.457
 1.283
 0.298
-0.992
-0.586
-0.760
-0.972
 0.486
-1.586
-1.347
-1.697
-0.581
-1.197
 0.432
-0.926
-2.076
-0.442
-0.202
 0.205
-0.021
 1.623
 0.627
-0.490
 1.362
-0.251
-0.137
-2.054
-1.612
-1.750
-2.256
-1.801
-2.327
-2.031
-1.244
-1.501
-0.800
-0.989
-1.248
-0.546
-1.016
-2.954
-2.682
-2.121
-2.975
-2.088
-1.792
-0.888
-0.397
-0.206
-0.463
 1.526
-0.219
 1.131
-0.476
-0.002
-0.632
-1.544
-1.594
-0.848
 0.566
-0.876
-1.745
-0.258
-1.177
-0.817
-1.192
-1.666
-0.109
 0.784
-0.467
-0.434
 0.333
-0.288
-0.113
-0.143
-0.008
-0.174
 0.684
 1.453
 0.276
 0.535
 1.163
 1.496
 0.624
 0.185
-0.084
 0.376
-0.035
-0.683
-0.602
 0.942
 0.182
 0.484
 1.369
 0.332
 0.279
-0.105
 0.926
 2.035
 1.358
 0.440
 1.370
 1.261
 1.601
 0.589
 1.330
 0.676
 1.079
 1.003
 1.754
 0.973
-1.096
 0.105
 0.353
-0.034
-1.029
-1.716
-0.785
-0.820
-1.882
 0.489
 0.068
-0.245
 0.463
-0.534
 0.550
-0.839
 1.622
-0.124
 0.296
 1.319
 1.447
 1.094
-0.209
 1.214
 0.239
-1.879
-1.128
-0.224
 0.086
 0.177
 0.770
 0.292
-0.144
-0.260
-0.339
-0.497
 1.403
-0.131
-0.622
-0.310
 0.222
 0.422
-0.453
-1.319
 0.813
 0.355
 0.389
-1.046
-0.426
-1.825
-0.730
-1.045
-2.179
-0.821
-0.301
-0.276
 0.861
 0.788
-0.314
-0.500
-0.845
-0.255
-0.134
-2.201
-1.239
-0.619
-0.902
-1.010
-1.253
-0.389
-0.239
-1.073
-1.817
-1.277
 0.133
-0.331
-1.506
-1.117
-0.485
-0.967
-0.308
-2.085
 0.028
-0.422
-0.163
-0.986
-0.221
-1.444
-2.225
-0.658
-1.404
-1.095
-1.619
-0.850
-0.335
-1.629
-0.312
 0.686
 1.138
-1.363
 1.198
 0.445
-0.254
-0.498
-1.164
-1.068
 0.376
-0.900
-1.636
-1.245
-0.143
 0.041
 0.778
-0.574
 0.287
 0.675
 0.757
 1.063
 0.919
-1.159
-2.109
-1.739
-0.537
-1.667
 0.298
-0.951
-1.352
-0.902
-0.754
-1.211
-0.052
 0.723
 0.169
-1.485
-0.111
 0.180
 0.243
-0.304
-1.443
-1.610
-2.477
 0.724
 0.896
-0.061
-0.561
-0.640
 0.418
-0.261
-0.902
 1.145
-0.767
-1.028
-0.988
-1.007
-1.951
-1.078
-0.655
-1.344
-0.192
-0.985
-2.011
-1.423
-0.466
-1.700
-1.897
-2.724
-2.536
-0.684
-0.998
-1.176
-0.587
-1.275
-2.262
-0.165
-1.691
 0.766
-0.100
-1.069
-0.447
-0.657
-2.104
-2.080
-1.180
-1.730
-1.538
-0.827
-1.052
-1.481
-0.202
-1.171
-2.419
-0.506
 0.483
 0.469
-1.892
-1.071
-1.171
-0.704
-1.927
-1.324
-1.777
-1.845
-1.651
-1.901
 0.493
-1.120
-2.145
-0.661
-0.822
-1.443
-0.721
-2.160
-1.635
-1.500
-1.246
-1.076
-1.335
-0.774
-0.370
-1.795
-1.034
-1.593
-1.437
 0.249
-0.175
 1.065
-0.695
-3.348
-0.555
 0.313
-0.581
 0.406
-0.058
-1.419
 0.472
-1.167
-0.245
-1.779
-0.621
-0.900
-1.457
-2.482
-1.498
-1.642
 0.465
-0.997
-1.265
-0.323
-0.555
-2.434
-1.391
 0.478
 0.225
 2.003
 0.184
 0.686
 0.425
 0.959
-0.012
 0.295
 1.030
 2.016
 1.004
 1.940
 1.344
 0.903
-0.113
 1.751
-0.351
 0.251
 0.993
 0.028
-0.296
 0.206
-1.472
 0.156
-0.071
-0.872
-0.299
-0.083
-0.250
-1.827
-2.443
-1.081
-1.365
-0.612
 0.164
-0.015
-0.089
 0.281
 1.422
 1.053
 0.392
 0.726
-0.366
-1.066
 0.182
-0.814
-0.501
-1.898
-0.626
-0.746
-1.607
-0.327
-0.970
-0.938
-1.894
-1.356
-0.018
-1.175
-1.513
-1.059
-0.820
-1.335
-0.920
-0.945
-0.712
-0.379
 0.030
-1.784
-1.627
-0.872
-0.085
-0.452
-0.060
-1.101
-1.371
-1.235
-1.646
-1.243
-2.054
-0.177
 0.571
 0.074
 0.678
 1.153
 0.477
 0.818
 0.747
-0.022
-1.208
-0.292
 0.107
-1.177
-0.357
-0.514
-0.191
-1.310
-1.051
-0.743
-0.223
-0.796
-1.505
-0.464
-0.889
-0.319
-0.060
-0.493
 1.680
-0.416
-0.133
 0.685
 0.648
-0.715
-0.179
-0.750
-0.685
-0.554
-1.311
 0.914
-1.836
-0.428
-2.143
-2.365
-1.038
-0.798
 0.271
-0.424
-0.203
 0.981
-0.139
 0.222
-1.283
-1.251
-0.083
-0.527
 0.119
-0.187
 0.653
 0.349
-0.638
-0.783
 0.792
 0.008
 0.418
 0.632
-0.186
 1.294
 0.482
 0.105
-0.104
-0.614
-0.680
-0.024
-0.110
-0.420
-0.118
-0.143
-1.020
-1.177
-0.065
-2.082
-1.690
-2.386
-1.152
 0.051
-0.039
 1.807
 1.467
-0.580
-0.271
-2.552
 0.056
-0.340
-0.660
-0.622
-2.192
-1.507
-1.065
-0.549
-0.143
-0.043
-1.790
-0.655
-1.742
-0.952
-0.692
-0.681
-2.588
-2.590
-2.450
-1.657
-1.139
-2.460
 0.111
-0.612
-2.723
-0.088
 0.062
 0.456
-0.479
-1.633
-0.859
-1.180
-1.743
-1.784
-3.524
-0.779
-2.402
-1.040
-1.339
-2.430
-1.704
-0.834
-0.394
-1.584
-1.002
-0.890
-0.793
-1.058
-0.428
 0.027
-0.652
-0.598
-0.581
-0.147
-0.392
 0.671
 0.121
-0.382
 0.253
-1.738
-0.278
-0.004
-1.268
-0.002
 0.270
-0.523
-1.822
-1.178
-1.301
-1.270
-0.264
-0.136
 0.235
-0.176
-0.215
-0.305
-1.012
-0.110
 0.725
 0.309
 1.528
 0.615
 0.467
 1.130
 0.186
-1.496
-0.332
 0.133
-0.451
 0.436
-0.726
-1.485
-2.337
-0.729
-0.436
-0.633
-1.694
-0.319
 0.514
-0.518
-0.999
-0.619
-2.321
-3.141
-2.118
-0.181
-0.858
-0.069
-1.607
-0.560
-1.298
-1.432
-0.924
 0.452
-0.523
 1.618
 1.564
-0.979
-1.164
 0.625
 1.581
-0.603
 0.688
 0.914
-1.266
-1.361
-0.860
-2.158
 0.158
 2.247
 0.906
 0.014
 0.258
-1.410
-2.085
-0.705
-0.337
-0.858
-0.448
-0.512
 0.548
-0.335
-0.508
-1.212
-1.118
-0.914
-1.063
 0.497
-0.828
 0.079
 1.126
 0.164
-0.554
-0.419
-0.658
-1.989
-1.080
-1.303
-0.207
-0.251
 0.073
-0.334
-1.855
-1.143
 0.168
 0.073
 1.535
 0.635
-0.420
-0.003
 0.343
-0.210
-1.210
-0.445
-1.202
-1.678
-0.016
 0.074
-0.110
-1.568
-1.807
-0.945
-0.952
-1.088
-1.519
-0.963
-0.619
-1.665
-0.840
 0.309
-1.058
-0.853
-0.204
-1.908
-1.083
-0.129
-0.013
-0.977
-0.277
-0.587
-1.266
-1.120
-0.201
 0.139
-0.817
 0.434
-0.215
 0.588
 0.595
-0.139
-1.441
 0.426
 0.147
-0.830
 1.455
 0.704
-0.165
-0.270
 0.556
 1.685
 0.446
 0.642
-0.311
-0.546
-2.135
-1.817
-2.325
-1.770
 0.487
-0.033
 0.183
 0.478
 0.261
-0.076
-0.037
-0.080
 1.008
 0.365
 0.577
-0.031
-1.839
-0.629
 0.445
 0.729
 1.093
 0.126
 0.477
 1.324
 1.813
 1.473
 0.399
-0.149
 1.279
 1.131
 2.703
 1.746
-0.120
-0.667
-0.041
-0.766
 0.416
 0.068
 0.122
 0.959
 0.363
 0.413
 0.175
 1.215
 0.834
 2.266
 0.091
-1.003
-0.548
-1.497
-1.362
 0.499
-1.193
 0.530
-0.930
-0.436
-0.937
 0.185
-0.486
-0.035
-0.098
 0.097
 0.300
-0.822
 0.219
 0.072
-0.867
 0.997
-1.162
 0.131
-0.683
-1.586
-0.888
 0.475
-0.130
 0.115
 0.093
-0.851
-0.050
-0.275
-0.556
-0.184
 0.077
-0.616
-1.394
 0.330
 0.068
-0.254
-1.300
-0.577
-0.286
-1.201
-0.404
-0.818
 0.215
-0.217
 1.281
 2.921
 1.306
 1.419
 1.669
 1.968
 0.322
-0.672
-0.010
-1.214
-1.044
-0.349
 0.359
-0.033
-0.010
-1.316
-0.599
-0.658
-0.685
 0.630
-0.120
-1.089
-1.204
-0.968
-1.062
-1.289
-0.149
-0.104
-0.900
 0.802
 1.313
 2.609
 1.579
 1.953
 1.953
 0.665
 0.710
 0.853
 0.889
 2.215
 2.185
 1.854
-0.542
 0.051
 0.919
 0.377
 0.697
-0.212
 0.912
-0.078
-1.730
 0.273
-0.027
-0.079
 0.095
-0.028
 1.202
 0.944
 2.109
 0.648
 1.480
 1.087
-1.234
-0.142
-1.055
 1.045
-0.013
-0.408
 0.370
 0.064
-0.902
 0.378
-0.413
-0.334
-1.401
-0.954
 0.180
-0.244
 0.037
-1.103
 0.146
 0.072
-0.359
-1.037
-2.207
-0.692
-0.025
 1.193
-0.111
-1.378
-0.887
-1.100
-0.962
-0.412
-1.111
 0.102
 0.876
 0.009
-0.433
-0.266
-0.691
-1.024
-1.235
 0.536
-0.195
 0.710
 1.027
-1.421
-1.030
-0.558
-1.131
-1.433
 0.438
 1.383
-1.739
-1.845
-0.855
-0.238
-0.793
 0.427
 0.130
 0.067
-0.803
-0.806
 0.207
-0.559
-0.493
-0.059
-1.013
-1.827
-0.853
-0.211
-0.934
-0.851
-1.406
-2.040
-0.688
-1.475
-0.023
-0.626
-0.441
-1.477
-0.446
-0.025
 0.555
 0.276
-1.928
-0.260
-0.268
-1.355
-1.467
-1.310
-1.205
-0.273
-2.294
 0.271
-0.101
-0.242
 0.728
 0.326
-0.596
-1.160
 0.174
-0.916
-0.512
-0.884
-0.388
-1.320
 0.085
 0.333
 0.564
 0.180
 0.662
-1.279
-0.762
-1.562
 1.103
 1.363
 1.171
 0.703
-1.083
 0.384
-1.293
-1.712
-0.419
 0.415
 0.333
 1.145
 0.237
-0.628
 0.077
-0.029
 0.246
-0.166
-0.385
 0.329
-2.344
-0.631
-0.341
-0.426
 0.238
-1.166
-0.191
-1.181
-0.079
 2.123
 0.713
 0.586
-0.154
-0.693
 1.609
 1.089
 1.660
 1.355
 0.462
 0.170
 1.234
 0.265
 1.554
-0.586
 1.228
 0.833
-1.950
-1.711
-0.805
-0.339
 0.480
-0.881
-1.335
-2.201
-1.968
-1.962
-1.627
-2.083
 0.066
-0.218
-0.003
-0.432
 0.896
-0.446
-1.008
 0.183
-1.234
 1.019
 0.371
-1.199
-1.488
-1.117
-2.073
-1.182
-0.776
-1.285
-0.349
-1.875
-1.517
-1.025
-0.651
-0.645
-1.638
 0.441
 0.391
-0.055
-0.700
-0.479
 0.197
 0.782
-0.434
-1.059
-0.778
-0.565
 0.156
-0.027
 1.191
-0.956
-0.729
-1.041
-0.774
-1.907
-0.376
 0.190
 1.165
-1.125
 1.276
-0.169
 0.026
 0.245
-0.771
-0.824
-0.443
 0.106
 0.043
 1.565
 1.002
-0.957
-0.796
-0.568
 0.493
-0.023
 0.895
 1.898
 0.595
 1.591
 2.256
-0.772
-0.866
 0.162
-0.677
 0.118
-0.421
-0.356
-0.258
 0.069
-0.352
 0.242
-0.008
-1.085
-0.493
 0.277
-1.656
-0.942
-2.625
-1.160
-0.792
-0.853
-0.474
-0.382
-0.336
-1.294
-2.278
-0.497
-1.812
-1.670
-1.979
-1.745
-1.411
-0.102
-0.037
-1.111
-0.585
-1.170
-1.293
 0.541
-0.528
 0.703
-0.517
-1.171
-0.843
-0.119
-1.802
-1.607
-2.014
-1.766
-0.472
-0.480
-1.804
 0.092
-1.662
-1.543
-0.353
-0.751
 0.398
-0.183
-1.427
 0.036
-0.275
-1.378
-0.363
-0.334
 0.328
-0.839
 0.187
-1.914
-1.254
-1.787
-0.281
 0.258
 0.799
-0.982
-0.599
-2.251
-1.849
-0.859
-1.410
-1.717
 0.278
-1.762
-1.571
-1.576
 0.822
 0.185
 0.131
-1.153
-2.032
-0.897
-2.029
-0.421
-0.448
-1.188
-0.757
-2.515
 0.209
-0.605
-0.262
 0.744
 0.562
-0.186
-1.771
-2.243
 0.685
-0.471
-0.467
-0.526
-0.851
-0.462
-0.981
-1.256
-1.512
-0.342
-0.331
 0.396
-1.360
-0.176
-0.796
-0.444
 1.033
 0.063
 0.239
-0.779
-0.513
 0.210
-0.208
 1.056
-1.332
-2.220
-0.227
-0.533
-0.957
-0.589
-1.641
-1.576
-1.460
-1.134
-1.019
-0.016
 0.282
 0.179
 0.767
-1.029
 1.269
-0.120
-1.177
-1.515
-0.703
-1.997
 0.177
-1.857
-0.373
-1.534
-2.151
-1.167
-0.858
-1.115
-0.672
-1.428
-0.892
-1.173
-1.159
-0.645
-1.809
-1.413
-1.445
-0.289
-2.150
 0.089
-1.082
-0.597
-1.079
-1.086
-0.512
-0.244
 0.144
-0.643
-0.312
-0.462
-0.933
 0.024
-0.183
 0.909
-0.844
-0.528
 0.385
-0.078
 0.232
 2.443
 0.974
 0.599
-0.917
 0.171
-1.004
-0.327
-0.032
-0.278
-0.558
-0.224
-0.555
-0.866
-0.204
-1.546
-1.464
-0.840
 0.425
-0.419
-1.692
 0.198
-0.836
-0.820
-0.100
-1.483
 0.067
-0.294
-0.875
-0.736
-0.721
-1.853
-0.836
-0.160
 1.203
-0.364
-0.398
 0.718
 0.538
 1.834
 1.680
-0.147
-0.229
-0.863
-0.063
-0.402
-1.667
-1.506
-0.856
 1.390
-0.378
-1.198
-0.607
 0.219
-1.079
-0.463
 1.306
-1.103
-2.092
-1.426
-0.780
-0.326
-0.358
 0.850
-0.417
-0.692
-0.481
-1.428
-0.282
-0.418
-0.425
 1.289
-0.322
 1.003
 1.736
 0.709
-0.358
-0.869
 0.661
-0.153
-0.493
 0.411
 0.894
-1.223
-1.409
-1.273
-0.349
 0.241
 1.230
-1.758
 0.894
 0.728
 0.298
 0.438
-1.536
 0.433
 0.304
 1.863
-0.454
 0.532
 0.344
 1.246
 1.034
 0.924
 1.042
-0.288
-0.477
 0.769
 1.092
 0.431
 0.180
 2.665
 0.448
 0.819
 1.385
-0.378
 0.022
 0.713
-0.138
-0.368
 0.000
-0.262
-0.248
 2.465
 0.281
 0.654
 0.684
-0.258
 0.280
 1.163
 0.253
-1.306
-1.316
 0.395
-0.127
 0.857
 0.431
-0.127
-1.595
-0.147
 0.264
 0.305
-1.557
 0.652
 0.172
 0.821
 1.294
 1.325
-0.934
-0.295
 0.711
 0.040
 0.676
-0.705
-0.269
 0.282
 0.533
-0.581
-0.591
 0.935
 0.425
-0.779
-0.354
 1.863
 0.875
 1.947
 2.080
 0.318
-1.056
 0.365
 1.011
 0.576
 1.883
 0.877
 1.889
 0.400
 0.428
-0.194
 1.546
-0.248
 0.411
 0.248
 1.188
-1.327
 0.734
 0.745
-1.113
-0.205
 0.380
-0.943
-0.953
 0.057
-0.482
-0.637
-0.699
-0.512
 0.523
 0.384
-0.252
 1.230
 0.998
 1.126
 0.790
 1.363
 2.430
 1.371
-1.002
-0.908
-0.541
-0.482
 0.096
 0.352
-0.271
 0.443
 0.993
 0.065
 0.296
 1.244
 1.251
 0.846
 0.443
-0.046
 0.297
 1.501
 0.622
 0.109
 1.185
 0.856
 1.469
 0.467
 0.810
 0.509
-1.138
-0.580
 0.805
-0.890
 1.546
 0.417
-0.172
-0.802
 0.242
 1.108
-0.712
-0.780
 0.377
 0.456
 1.038
 0.812
-0.503
-0.460
-0.501
 1.416
-0.225
-0.255
-0.121
-0.278
-0.784
-0.821
-0.891
-0.289
-0.810
 0.333
 0.608
 0.467
-0.241
 1.462
-0.432
 0.037
-0.323
 0.744
-0.118
 1.445
 1.844
 1.307
-0.556
-0.983
-0.067
-0.992
-0.604
 0.630
 0.217
-1.361
-0.757
-1.430
 0.265
-0.545
 0.036
-0.703
 0.940
 0.664
 0.382
 0.694
-0.450
 0.081
-1.431
 0.359
-0.239
-0.104
-0.220
-0.188
 0.255
 0.063
 0.596
-0.602
 0.801
-0.460
-0.564
-1.160
-1.219
-1.558
-0.253
-0.873
-0.492
-0.645
-1.476
-0.859
-0.354
-0.323
-0.071
 0.306
-1.091
 0.040
-1.168
-2.166
-1.288
-2.520
-0.794
-0.544
-1.339
 0.184
-0.546
-0.088
-2.372
 0.361
 2.990
 0.943
 1.178
 0.876
 0.533
-0.117
-0.139
 0.130
-0.322
 0.616
-0.924
-1.123
 0.870
 1.119
-0.853
-0.065
 0.719
-0.412
 1.205
 0.555
 0.087
 2.032
 1.341
-0.874
-1.404
-2.170
-1.669
-0.452
-0.569
-0.001
-0.310
-0.107
 1.295
-0.148
 0.698
-0.580
 1.255
 1.374
 1.086
 2.062
 1.972
 1.631
-0.264
 0.529
 1.029
-0.163
-0.088
-0.431
-0.103
-0.188
-0.088
-0.182
 0.467
 1.231
-0.158
-0.126
-0.615
 0.757
 0.735
 0.645
 0.388
-0.915
-0.939
-1.066
-0.252
-0.672
-0.701
 0.273
-0.517
-0.674
-2.235
-1.308
-1.430
-1.757
-1.068
-1.355
-0.836
-0.693
-0.893
-1.201
 0.249
-0.350
-0.198
 0.511
-0.193
-0.438
-0.896
-0.331
-0.532
-0.888
 0.523
-0.521
-1.527
-1.947
-1.501
-0.266
-0.623
-1.586
-0.213
-1.288
 0.887
 0.559
-1.191
 0.241
-0.020
 0.635
-1.562
 0.621
 1.250
 0.768
-0.257
 0.901
 0.467
-0.437
 0.448
-0.826
 0.030
-1.107
 0.135
-0.012
-0.410
-1.136
-0.274
-0.455
 1.427
 0.104
 1.324
-0.500
-0.110
-0.874
-0.938
 0.338
 0.031
-0.045
-1.318
-0.140
-0.218
-0.675
-1.610
-0.882
 0.199
-1.194
-0.096
 0.005
 1.342
-1.072
-0.624
 0.709
 1.229
-0.297
 0.045
-0.954
-1.999
-1.322
 1.129
 0.889
 0.321
-1.739
 0.060
-2.290
-1.047
-0.291
-0.701
-0.940
-0.141
 0.392
 0.363
-1.248
 1.326
-0.547
-0.791
-0.428
-1.099
 0.059
-1.652
-1.201
-3.533
-1.669
 0.216
 0.588
-0.457
 0.312
-0.505
-0.983
-0.763
-0.124
-0.977
-1.860
-0.385
-0.162
 1.149
-1.227
-0.181
-1.269
-0.991
-1.316
-1.049
 0.103
 0.179
 0.442
 0.304
-1.991
-2.109
-0.251
-1.165
-0.812
-0.169
 0.832
 1.315
-0.194
-0.081
-0.535
 0.645
-0.864
 0.587
-1.726
-0.667
 0.402
 2.416
 1.540
 1.129
 0.471
-0.117
 0.190
 0.472
-0.362
 0.382
-0.534
 0.523
 1.276
 1.314
-0.313
 0.915
-0.017
 0.349
 1.146
 1.108
 1.536
 0.355
-0.296
 0.240
 0.326
 1.289
-0.710
 0.544
 0.138
 1.183
 0.834
 0.167
-0.056
-1.250
-1.112
-0.186
 1.934
 0.467
 0.482
 0.349
 0.875
 1.456
 0.854
 0.269
-0.310
 1.042
-0.562
 0.697
 1.069
 0.716
-0.509
-0.232
-1.006
-0.660
-0.088
 1.411
 0.699
 2.067
 0.685
-0.169
 0.791
 0.351
 1.353
 0.013
-0.361
-0.775
-0.209
-0.751
-0.154
-0.553
-1.889
 0.017
-0.181
 0.756
 1.207
-0.663
 0.815
 1.537
-0.043
 0.899
-0.011
 0.741
 0.051
-1.390
-0.375
 0.080
 0.549
-0.385
-0.415
-0.403
-0.958
 0.409
 0.447
-0.227
 0.190
 0.022
 0.008
-0.049
-0.663
 0.257
-0.529
-1.498
-0.048
 0.099
-0.902
-0.022
-0.298
 0.239
-1.516
 0.288
-0.119
-0.095
 0.750
-1.358
 0.051
 0.999
-0.035
 0.208
 1.584
 0.834
 0.245
-0.647
-0.161
-0.250
 0.077
-2.175
-2.738
-1.042
-1.755
-0.826
-2.037
-0.607
-1.666
-1.507
-1.080
-1.099
-1.502
-1.644
-2.142
-1.110
-0.565
-1.093
-2.348
-3.520
-1.259
-1.779
 0.733
-0.049
-1.042
-1.561
-1.061
-1.995
-1.914
-2.094
-0.153
-2.341
-1.081
-0.902
-2.351
-0.268
 0.104
-0.187
 0.393
-0.719
 0.441
-0.390
 0.742
-1.143
-2.187
-1.541
-1.281
-0.316
-0.742
-0.060
-0.038
 0.019
-1.169
-0.286
-0.675
-1.024
 0.489
-0.407
-0.494
-0.448
-1.780
 0.681
 1.741
 0.374
-0.600
 0.419
-1.121
-1.519
-0.947
-0.748
-1.243
 0.653
-0.416
 0.909
 0.444
-0.173
 0.036
 0.590
 0.165
 0.622
 1.522
-0.556
-0.101
-0.321
-1.638
-0.213
-0.467
-0.614
-1.285
-0.759
-1.982
-0.324
-1.891
-0.341
-1.405
-0.901
-0.037
-0.261
-1.230
-1.368
-0.430
 1.397
 0.803
 1.594
-0.797
-1.419
-0.464
 0.223
-0.242
 0.631
-0.183
-0.629
 0.471
-0.746
 0.032
-0.021
 0.886
-0.566
-0.343
-0.646
 0.960
 0.341
 0.240
-0.586
-1.381
-1.717
-0.386
-1.777
-1.052
-0.220
-0.686
 0.712
 0.506
 1.588
-0.102
-0.976
-0.291
 0.309
 0.791
 1.301
 0.501
 0.473
 0.613
 0.093
 0.481
-1.688
-1.298
 0.259
-1.096
 0.094
 0.610
-1.815
-1.319
 0.435
 0.007
-1.833
-0.901
 0.555
-1.323
-1.759
-0.450
-1.962
-1.189
-1.190
-2.185
-1.734
 0.280
-1.137
-1.091
-0.770
-1.807
-2.531
-0.613
-0.782
-1.709
-0.320
 0.006
-1.185
-1.208
-1.502
-1.179
 0.539
-0.373
-0.252
 1.157
 1.457
-0.322
-0.703
-1.123
-1.317
-1.334
-1.903
-1.277
 0.809
-0.359
-0.273
-0.555
-1.303
-1.744
-1.077
-0.236
-0.329
-0.666
-0.684
-0.455
-0.756
-0.568
-0.050
-0.978
-0.774
-0.091
-0.384
-0.897
 0.510
 0.777
-0.797
-0.684
-2.429
-0.953
-0.078
-0.370
-1.167
-2.343
-0.780
-0.780
-0.502
-0.600
-1.933
-0.614
 0.357
 1.623
 0.931
-0.024
-0.323
-1.592
 0.105
-0.884
-1.170
-0.230
-0.250
-2.212
-0.764
-1.456
-1.253
-0.563
 0.377
-0.188
 0.396
-0.036
 0.250
-0.651
 1.730
 1.370
 0.158
 0.512
 0.934
 1.119
 2.341
 1.610
-0.213
-0.122
 0.715
 2.487
 0.372
 1.027
 0.091
 0.680
 0.280
-0.764
-0.114
-0.468
-0.633
 0.984
-0.038
-0.158
-0.933
-0.498
 0.315
-1.300
-0.823
-0.188
 0.173
 0.668
-0.167
-0.960
-1.259
-0.768
-0.063
 0.221
 0.349
-0.275
 0.060
-0.189
-0.981
-0.301
-0.408
-1.792
-1.306
-1.774
 0.192
 0.393
-0.947
-0.936
-0.037
 0.041
 0.339
-0.164
 0.171
-0.038
-0.097
 1.436
-0.684
-0.618
-0.213
-0.358
-0.534
 0.199
 0.388
 1.216
-0.630
 0.921
 0.417
 0.180
 2.291
 1.157
 0.632
 0.184
-0.905
-0.509
 1.089
-0.137
 0.632
 0.295
-0.242
 2.319
-0.511
-2.273
-1.417
-0.939
-1.450
 0.422
 0.086
 1.228
 0.882
 1.595
 0.330
 0.448
-1.158
-1.427
 0.080
 0.490
 0.163
 0.653
 0.367
 0.793
 1.149
 0.614
-0.699
 1.846
-0.215
 0.532
-0.543
-2.314
-1.082
 0.061
 2.137
 0.978
 0.150
 0.166
-0.162
-0.730
 0.302
 0.216
 0.360
 0.546
-0.541
-0.789
 0.129
 0.395
 0.301
 0.025
 0.128
-0.203
-0.957
-1.451
-0.593
-0.021
-0.814
 1.337
-0.922
-1.163
 0.190
-0.392
 0.027
-0.340
 0.217
 0.568
-0.926
-1.348
-0.079
-0.777
-2.007
-1.945
-0.103
-0.970
-0.472
 0.624
-0.510
-0.281
-1.187
-1.314
-1.554
-2.417
-0.964
-1.682
-0.856
-2.024
-0.604
-1.350
-0.264
-1.437
-0.411
-1.194
-1.541
 0.381
 0.076
-1.419
-1.220
-2.336
-0.789
-1.662
-1.010
 0.146
-0.142
-0.808
-1.114
-0.678
-0.925
-0.348
-0.399
 0.971
-0.020
-1.535
-1.880
-0.715
-1.342
-0.567
 0.710
 0.306
-0.229
-1.453
 0.151
-0.264
 0.234
 0.943
-1.061
 0.649
 0.548
 0.923
 0.697
 0.273
-0.516
 0.424
 0.292
-0.500
 0.227
 0.037
-0.813
 0.732
-1.448
 0.693
-0.864
 0.102
-0.299
-1.951
-1.175
 0.694
-0.439
 1.478
 0.075
 1.230
 1.376
-0.140
-0.375
 0.675
 0.012
-0.235
-1.553
 0.534
 0.700
 0.625
-0.779
-0.555
-1.011
-2.366
-1.972
 0.061
-0.583
-1.467
 0.213
-0.844
-1.654
-2.474
-0.097
 0.465
-0.386
 1.734
-0.197
-0.089
-0.075
 0.146
-0.700
-0.273
 0.070
 0.395
 0.298
 2.758
 0.348
 0.497
-0.882
-0.783
-0.391
 0.742
-0.368
-0.270
-0.897
 0.206
 1.385
 0.748
 1.312
 0.618
 0.661
-1.258
-1.585
-0.721
-2.004
-1.191
-1.090
-1.032
 0.430
-0.671
-0.694
-1.321
 1.103
 0.961
-0.020
 0.140
-1.046
-1.515
-1.973
 0.568
 0.367
-0.523
 0.491
-0.768
 0.233
 0.615
 0.815
-0.977
-3.307
-0.987
-0.586
-0.833
 0.840
-0.251
-1.134
-0.098
 0.682
 1.292
 0.571
 1.465
-0.790
-0.564
 0.780
 1.281
 1.179
 1.105
-1.372
-0.599
-0.847
-1.370
-0.875
 0.419
 0.076
-1.341
 1.112
 1.288
-0.103
 1.226
 0.552
 0.336
 0.098
 0.437
 1.518
 0.393
 0.822
 1.414
 0.415
-0.134
 0.114
 0.092
 0.222
-0.123
 0.950
 1.237
 0.114
-0.241
 1.329
 1.250
 0.777
-0.588
 0.077
 0.014
 1.199
 1.887
 1.254
 0.336
-0.265
 1.551
 0.753
 0.208
 1.081
 1.207
-0.391
 0.204
-0.415
-0.520
-0.540
 0.806
 0.317
 0.515
 0.750
 1.457
 1.792
 0.911
 0.860
 1.289
 2.010
 2.105
 0.733
-0.020
-0.384
-0.197
 0.637
 1.735
 3.231
 1.162
 1.257
 1.303
-0.334
 0.353
 0.438
-0.818
-0.379
-0.695
-0.851
-1.008
-2.056
-1.557
-0.699
-1.094
-1.404
-2.187
-1.260
 0.579
 0.454
 0.123
 0.100
-0.254
 0.542
-0.473
-1.542
 0.801
-0.354
 0.628
-0.096
-0.272
 1.634
 0.164
-1.313
 0.621
-1.993
 0.140
 0.611
-0.277
-0.314
-0.229
-0.311
 0.951
-0.075
 0.284
-0.848
 0.235
 0.879
 1.046
 0.917
 0.501
 1.357
-0.005
-0.554
 0.616
 0.157
 1.119
 1.350
 0.987
-1.404
-1.233
-1.430
-0.718
 0.161
 0.177
 0.147
-0.708
-0.189
 0.824
 0.335
-0.283
-2.018
-1.322
-1.291
-0.862
-0.269
 1.328
-0.620
 0.546
 1.045
-0.433
 0.277
-1.376
-1.543
-0.048
-1.124
 0.440
-2.314
-0.678
 0.853
-0.431
-1.912
-1.213
-0.922
-1.439
-0.837
-2.049
-3.938
-1.156
-1.926
-1.279
 0.032
-1.008
 0.011
-1.482
-0.278
-1.046
-1.100
-1.625
 0.194
 0.166
 0.136
 0.285
-1.727
-1.788
-1.765
-1.748
-2.079
-1.453
-1.536
-2.486
-1.649
-2.433
-0.463
 0.067
-0.160
-0.084
-0.731
-0.835
-0.963
-1.902
-4.272
-1.667
-2.084
-1.729
-1.289
-0.610
-0.450
-1.318
-2.640
-2.328
-1.878
-0.741
 0.008
-0.751
 0.487
 0.271
-0.186
-0.130
-0.108
 0.672
 0.882
 1.216
 0.221
 0.565
-0.092
 0.481
-1.419
 0.395
-0.536
 0.951
-1.089
-1.109
-0.593
 0.076
 0.600
-1.778
-0.769
 0.772
 0.357
-0.644
-1.064
-0.908
-0.241
-1.627
-1.043
-0.551
-1.813
-0.810
-1.730
-1.094
-1.550
-1.474
-0.269
-1.592
-1.100
 0.291
 0.181
-0.146
 0.114
-1.117
-1.105
-0.585
-1.366
-1.767
-0.910
-1.083
-0.385
-1.822
 0.884
-0.312
-1.286
-0.863
-0.409
-0.646
-0.639
-0.792
-0.668
-0.793
 0.493
 0.253
 0.937
 0.998
 0.055
-0.121
 0.839
-0.247
 0.969
-0.020
-0.441
-1.292
-0.422
-0.684
-0.410
 0.182
-0.476
-0.983
-0.579
-1.086
-0.603
-0.475
 0.812
-0.505
-0.735
 1.221
-0.415
 1.716
-0.270
 1.055
 1.550
 0.508
 1.450
 1.087
 1.006
-0.962
 0.283
-0.919
 0.015
-0.375
-1.229
-0.349
-0.844
-1.654
-1.127
-1.037
 0.229
-0.914
-1.212
-1.486
-0.721
-1.316
-0.838
-0.048
-0.822
-0.738
-1.514
-0.493
 0.287
 0.635
 1.437
 0.814
 0.131
-0.659
-0.864
-1.597
-2.121
 0.390
-0.548
-0.387
-1.076
-0.563
-0.616
-1.690
-0.770
-0.040
-1.846
-0.417
-0.968
-0.888
-1.277
-1.393
-2.147
-1.491
 0.137
-0.050
-0.607
-0.756
-1.978
-1.046
-1.123
-1.221
-1.532
-2.035
-1.403
 0.032
 0.274
-0.267
 0.483
 0.413
 0.398
-0.162
-1.095
 0.752
-0.894
 0.419
 0.121
 0.549
 1.102
 1.613
 0.870
-0.526
-0.372
 0.992
-0.377
-0.303
 0.665
-0.273
-0.909
-0.250
-0.477
-0.196
-1.563
-1.011
-0.390
 1.396
-1.190
-0.668
 0.169
 1.008
 1.133
 0.188
 0.789
 1.133
 1.662
-0.081
 2.421
 1.637
 1.221
 0.599
-0.571
 0.403
-1.139
-2.109
-0.219
-0.128
-0.618
 0.367
-1.509
-0.536
 0.133
-0.169
-0.300
-0.239
-0.325
 0.000
 0.564
 0.265
 0.479
 0.824
-0.148
 0.072
 0.041
-1.564
-1.759
-1.555
-1.875
-0.310
 1.684
-1.671
 0.301
 0.031
 0.210
 0.507
 1.578
-0.676
-0.164
 0.665
 0.406
 0.023
 1.209
 0.771
-0.102
 0.509
-0.208
-0.043
-0.737
 0.303
 1.070
-0.164
 1.960
-0.033
-0.963
-1.343
-1.810
-0.852
-1.722
-1.805
-0.466
-0.589
-0.634
-0.666
 1.647
 0.235
-1.956
-0.988
 0.491
 0.044
-0.218
-1.508
-1.702
-1.372
 0.090
 0.511
-1.223
 0.742
 1.024
 0.316
 0.059
-2.482
-0.716
-0.206
-0.166
-2.517
 0.771
-0.011
-0.099
 2.236
 0.263
 0.013
-0.515
 1.385
 0.611
 0.389
 0.829
 0.106
 1.249
 0.780
 1.733
 0.591
 0.427
-1.072
 0.153
 0.812
 1.207
-0.219
-0.334
-0.153
-0.181
-1.726
-1.347
 0.612
-0.128
-0.793
-0.005
 0.258
-1.589
-0.528
-0.859
 0.195
-0.380
 0.598
 1.118
 0.361
 0.213
 1.468
-0.645
 0.457
-0.930
-0.304
 0.805
 0.908
 0.855
-0.067
 0.166
 1.473
 0.331
 0.389
-1.151
-0.566
-0.449
 1.233
 0.465
-1.886
-1.140
-0.334
-0.082
-1.467
 0.242
-0.498
-0.883
-0.748
-0.239
-0.735
-0.252
-0.703
-0.676
-0.497
-0.775
 0.282
-1.126
-1.334
-0.586
-0.252
 1.696
 0.264
-0.929
-0.294
 0.513
-0.233
-1.711
-0.410
-1.443
-0.655
 0.551
 0.713
-1.133
-1.479
-0.791
-0.630
-1.452
 1.373
 2.022
-0.076
-0.855
-1.047
-0.544
-0.275
-0.588
-0.228
-0.929
-0.955
-0.195
-1.288
-1.570
-0.500
 0.791
-0.947
-1.140
-1.016
-0.556
-0.550
-2.201
 0.195
 0.404
-0.092
 0.451
-1.115
-1.643
-0.885
-0.310
 1.306
-1.655
-0.831
-0.580
-1.095
 0.406
-1.090
-1.131
-2.015
-2.163
-0.236
 1.030
 0.517
 0.673
 0.199
-1.112
 0.969
 0.185
-0.931
 0.455
-0.181
 0.324
 1.517
 0.262
 1.184
 0.349
 0.859
-0.694
-1.286
-1.659
-1.419
-1.308
 1.403
-0.573
 0.490
-0.084
-0.228
-0.741
-0.743
-0.050
 0.525
-1.448
 0.721
-0.075
 1.297
-0.295
 0.039
-0.878
-0.285
-0.965
-0.964
-0.446
-1.284
-0.153
 0.799
 1.005
-0.131
 0.260
-1.717
-1.545
 0.217
-0.593
-0.758
 0.215
 0.922
 0.955
-0.325
 0.049
-0.182
-0.834
-1.554
-0.874
-1.903
-2.240
-1.684
-0.273
-1.090
-1.146
-1.663
-0.567
-0.289
 0.914
 1.613
-0.449
-0.145
-0.646
-0.063
-0.310
-1.784
-0.761
-1.790
 0.899
-1.967
-1.795
-0.906
-1.242
-1.433
-2.877
-1.249
-0.013
-2.182
-1.300
-0.477
-0.279
-0.375
-0.553
-1.530
-0.800
-0.050
 0.001
 0.598
 0.482
-0.427
-1.027
-0.425
-1.295
 0.901
-1.058
 0.396
-0.063
 0.383
-0.805
 0.507
-0.254
 0.225
-1.658
-0.553
 0.174
-0.877
 0.443
-0.163
-0.189
-1.456
-1.058
-1.615
-0.642
-0.410
 0.449
 1.499
 0.571
 0.268
-1.645
-0.752
 0.278
-0.224
 0.122
 3.191
-0.081
-0.263
 0.301
-0.583
-1.603
-0.688
-0.593
-1.611
-0.143
-0.703
-1.093
 0.830
-0.912
-1.565
-1.216
-0.248
-1.752
-0.762
-0.471
-0.466
-1.486
-0.055
-0.171
-1.519
-1.811
-1.234
-1.831
-0.653
 0.467
-0.279
-2.155
-1.413
-1.729
-0.778
 0.913
 0.380
-0.647
-0.498
-0.099
-1.394
 0.843
-0.217
 0.789
-1.220
-0.766
-0.265
-1.509
-0.442
 0.079
-0.723
 1.043
-1.795
-0.721
-1.496
 1.027
 1.013
 1.383
 2.116
 0.263
-0.702
-0.704
-0.850
-0.038
-1.240
-0.869
-0.873
-1.187
-0.003
 0.457
 0.178
-1.206
-0.848
 0.039
-0.663
-0.635
-1.045
 0.542
-1.355
-1.169
-1.322
-1.541
-2.247
-0.121
-0.277
 0.021
-1.202
-0.932
-0.244
-1.572
-0.444
-1.242
-2.344
-0.426
-1.982
-1.522
-1.253
-1.530
-1.237
-1.398
 0.435
-0.299
-1.848
-0.680
-1.322
-1.841
 0.226
 0.071
-0.915
-0.102
-0.026
-0.857
 0.081
-1.871
-1.477
-1.322
-0.609
-0.184
-1.731
-1.302
-0.504
-0.724
-0.362
-1.405
-2.138
-2.032
-0.816
-2.108
-1.520
-2.637
-0.257
-1.824
-0.315
-0.581
-1.158
-1.751
-1.511
-0.778
-1.855
-1.572
-2.209
-1.262
-1.252
-0.246
 0.060
 0.174
-1.550
-1.326
-1.819
 0.854
-0.719
-0.577
-1.133
 0.246
 0.626
-1.132
-1.130
-1.178
-1.956
-1.218
-2.311
-2.086
-1.152
-0.880
-1.518
-1.159
-0.726
-1.365
-0.225
-0.661
-2.331
 0.099
-0.998
-0.463
-2.416
-1.629
-0.735
-0.673
-2.757
-0.181
-1.034
 0.098
-0.517
-0.963
-1.764
-0.589
 0.086
-0.779
-1.664
-1.533
-0.942
-1.012
 0.291
-1.238
-2.312
-0.914
-1.491
-1.371
-1.340
-0.646
-1.967
-0.619
-1.044
-0.624
-0.063
-0.126
-0.614
-0.318
 0.530
-0.591
 0.274
-0.957
-2.059
 0.773
-0.568
 0.582
 0.220
 0.003
-1.443
 0.001
-1.521
-1.169
-0.581
-1.762
-0.720
-0.822
-2.066
-0.644
-0.655
-1.721
-2.157
-2.465
-2.732
-1.885
-2.243
 0.773
-0.056
 0.557
-1.326
-2.956
-2.214
 0.082
-0.792
-1.614
-1.865
-1.334
-0.040
-0.552
-1.170
-0.724
-1.481
-0.725
-2.687
-1.686
-1.779
-2.248
-3.620
-2.044
-1.357
-1.260
-1.767
-1.249
-1.261
-0.194
-1.675
-1.390
-0.924
-2.952
-0.621
 0.505
-1.349
-1.222
-0.451
 0.360
-0.935
-1.294
-0.636
-0.950
-3.332
-1.847
-1.660
-0.127
-0.019
-0.374
-0.469
-0.465
-1.065
-1.209
-0.086
-0.875
-0.081
-1.301
-1.003
-2.713
-2.406
-1.045
-0.880
-2.273
-0.661
-1.951
-2.152
-2.736
-1.129
-2.699
-3.127
-3.047
-2.984
-1.346
-0.751
-0.902
-1.619
-1.585
 0.212
-0.599
-1.508
-0.808
 0.423
-1.567
-1.216
-2.511
-1.848
-2.499
-2.561
-1.162
-2.904
-1.931
-0.136
-0.679
-0.050
-0.784
-1.735
-0.497
-2.667
-1.953
 0.088
-1.572
-2.372
-0.911
-0.978
-2.358
-1.480
-2.550
-1.681
-2.538
-1.983
-2.037
-1.304
-1.735
-1.979
-0.700
-1.349
-0.487
-1.851
-3.672
-2.166
-0.169
-0.569
-0.285
-0.558
-0.475
 0.565
-1.073
-1.235
-1.324
-1.535
-2.043
-0.786
 0.394
-0.825
-1.073
-0.568
-1.030
-1.584
 0.113
-1.347
-0.758
-1.019
-1.458
 0.419
-0.654
 1.634
 0.317
 0.123
-0.719
-0.380
-0.931
 0.324
-0.007
 0.083
 0.160
-1.088
-0.817
-1.126
-0.086
-0.353
-1.322
-2.595
-1.309
-2.329
-1.657
-0.892
-0.786
-0.463
-1.393
-1.683
-1.799
-1.473
-1.208
-0.695
-1.108
-2.195
-1.028
-2.780
-1.505
 0.018
-0.555
-0.476
-0.771
-0.611
 0.433
 0.099
 1.514
 1.973
 1.886
 0.393
 0.042
 0.436
-0.966
 0.368
 0.303
 0.905
 1.089
 2.192
 0.587
 0.115
-0.003
 0.368
-1.845
-1.350
-1.119
-0.713
-1.464
-2.207
-1.925
-0.253
-1.941
-1.850
-1.905
-1.974
-1.530
-1.056
-1.308
-0.032
-0.733
-1.532
-2.028
-2.877
-0.646
-3.289
-2.328
-1.633
-2.044
-0.515
-1.476
 0.309
-0.848
-1.935
-1.742
-1.541
-1.951
-1.825
-2.314
-1.721
-1.583
-2.528
-3.471
-3.517
-1.419
-2.433
-2.287
-1.587
-1.524
-2.684
-2.213
 0.565
 0.427
-0.713
-1.481
-0.856
-0.890
-1.327
-1.319
-0.571
 0.168
-0.220
-0.177
-0.917
-2.442
 0.088
-1.190
-0.461
-1.158
-1.968
-0.545
-1.573
-1.033
-0.951
-1.937
-2.496
-0.375
-0.898
-1.513
-2.009
-0.521
 0.617
-0.308
-0.010
-0.463
-1.624
 0.137
-1.620
-0.896
-0.654
 0.163
 0.746
-2.467
-0.950
-0.581
-0.283
-1.107
-2.514
-2.454
-0.743
-0.935
-1.497
-0.981
-1.180
-2.463
-1.314
-0.241
 0.411
-0.695
-1.262
-2.585
-0.817
-1.493
-0.698
-0.215
-1.214
-0.936
-0.672
-0.424
-0.359
-0.363
-0.680
-0.120
-0.886
-0.575
-1.985
-1.466
-0.929
 0.189
-1.619
 1.053
-2.019
-1.921
-2.462
-0.796
-0.982
-0.441
 0.083
-0.484
-0.191
-0.749
 0.623
 1.306
 0.865
 0.079
-1.983
-1.972
 0.121
-2.025
-0.842
-0.497
-0.322
-0.327
-0.641
-0.029
 0.371
 1.242
-0.646
-1.615
-2.153
-2.139
-0.870
-2.469
 0.152
 0.256
 0.305
 0.420
 1.048
 0.587
 1.242
 0.787
-1.070
 0.021
-0.755
-0.890
-0.172
-0.196
 0.363
-1.334
-0.018
-0.555
 0.211
 0.231
-0.023
-1.094
-1.340
-0.554
 0.180
 0.562
 0.316
 1.095
 1.474
 1.044
-0.643
 0.133
 0.435
 0.058
 0.338
 0.974
-0.768
 0.402
 0.960
 1.245
 1.309
-0.999
 0.146
 0.606
-0.576
-0.235
-0.742
-0.496
-0.698
-0.148
-0.671
-1.175
 0.743
-0.674
-0.324
-0.758
-0.214
 0.267
-1.201
-0.534
-0.431
 0.299
 0.808
 0.815
 0.436
-0.301
 0.959
 0.419
 0.738
-0.391
 0.457
 0.758
 0.166
-0.609
-1.244
-0.264
 0.654
 0.580
-0.122
 0.431
-0.562
 0.376
-0.373
-1.041
 0.529
-0.657
 1.566
-0.512
-1.081
-0.287
-1.010
-0.807
 0.552
-0.491
-1.618
-0.402
-0.890
-1.838
-2.108
-1.155
 0.032
-0.238
 0.044
-0.510
 1.123
 1.267
-0.115
-0.067
 0.563
-0.733
-0.482
-0.197
 0.992
 0.088
 1.535
 0.069
 0.466
 1.254
 0.079
 0.001
 0.308
-1.755
-1.307
-1.507
-0.445
-2.219
-1.280
-2.047
-3.802
-1.307
-1.761
-1.440
-0.441
 0.442
-0.526
 1.457
 0.793
 0.396
 0.236
-1.515
 0.484
 1.117
-1.149
-0.164
-0.048
-0.016
 0.670
 0.393
 1.474
-1.000
 0.447
-0.329
-0.801
-2.200
-1.575
 0.054
-0.201
-0.291
-0.467
-1.405
-0.696
-1.220
 0.502
-0.404
 0.852
-1.399
-0.657
 0.553
-0.622
-0.717
-2.714
-2.568
-0.448
-0.451
 1.156
 1.187
 0.728
 0.696
 0.725
-0.566
 0.422
 1.227
-0.611
-1.299
-1.652
-0.825
-0.263
-1.123
-0.779
-0.456
-0.827
-0.828
-0.214
-0.256
 0.885
-1.070
-1.470
-1.497
-1.581
-1.100
-0.174
 0.983
-0.550
-1.196
-0.036
-0.486
-0.698
 0.802
 0.285
 0.006
-1.626
-1.684
-1.188
-1.942
-1.087
-0.980
-1.058
-1.779
-1.463
 0.129
 0.047
 0.491
-0.564
-1.164
-2.415
-1.009
-1.558
-1.895
-0.977
 0.521
 0.792
 1.866
-1.884
-0.614
-1.990
-1.345
-0.151
-0.679
 0.638
 0.372
-0.273
 0.582
 2.141
 0.199
 0.579
-0.869
-0.446
 0.345
-0.009
-0.047
-0.235
 0.021
-1.324
-2.118
-2.888
-1.474
 0.077
-0.117
-1.757
-2.660
-1.338
-1.806
-0.696
-1.752
-2.741
-1.843
-1.687
-1.470
-1.986
-1.994
 0.462
-0.588
-1.661
-0.147
-0.390
-0.199
-0.402
-0.929
 1.262
 0.329
-0.298
-0.568
-1.170
 0.035
-0.412
-0.149
 1.371
 1.222
-0.431
-0.954
-1.063
-0.942
-0.051
-1.167
-1.925
-1.889
-1.681
-1.668
-1.879
-0.586
-0.573
 0.035
-1.278
 0.193
 0.134
 0.457
-0.091
-0.696
 0.455
-1.113
-1.399
-1.643
-2.321
-0.773
-0.824
-1.185
-2.519
-0.778
 0.456
 0.361
 0.383
 0.936
-0.462
 0.186
-0.552
 0.388
-1.231
-0.361
 0.011
-0.649
-1.761
-0.390
 1.467
 0.447
-0.447
-0.491
-0.032
-0.232
-0.607
-0.494
 1.006
-0.058
 0.010
-0.530
-1.510
-0.720
 0.511
 0.186
-0.246
-0.998
-0.822
-2.079
-0.245
-1.395
-1.429
-0.785
-1.079
-2.786
-1.491
-0.829
-2.087
-0.317
-0.271
 0.803
-0.323
-0.050
-1.271
-0.609
-0.163
-1.325
-0.247
 0.367
 0.194
-0.553
-0.661
 1.323
-0.936
-0.611
 1.012
 0.938
-0.929
-0.973
-0.739
-1.398
-1.639
-1.897
-0.908
-0.246
-2.265
-2.209
-2.090
-0.785
-0.320
-1.519
-2.228
-2.633
 0.082
-0.831
-0.928
-2.045
-0.864
-1.322
-0.908
-1.039
 0.208
-0.466
-1.352
-0.587
 0.178
 0.490
-1.114
-0.972
-1.606
-0.968
-0.958
-0.316
 0.569
-0.978
-0.514
-1.496
 0.151
-0.604
-1.634
-0.841
-2.283
-1.280
-1.927
 0.098
 0.419
-0.128
-0.854
-2.279
-0.893
-0.247
-1.538
-0.784
 0.601
-1.155
-0.278
-0.836
-1.253
-1.694
-0.859
-0.360
 0.963
 0.031
-0.579
 0.571
 2.401
 1.133
-1.659
-0.831
-1.377
-0.059
-1.079
 0.449
-1.257
-0.019
 0.081
 1.450
 0.532
 1.697
-0.151
 0.314
-0.514
-1.590
-1.298
-1.012
-0.688
-0.690
 0.667
 0.526
-1.496
-0.860
-1.602
 0.247
-1.797
-2.373
-0.993
 0.050
-0.996
-0.774
-1.448
-0.942
-0.681
 0.317
 0.141
-1.778
-0.153
-1.321
-2.480
-0.443
-0.799
-1.281
-0.213
 1.480
-0.027
-0.900
-1.772
-1.312
-0.307
 0.572
 0.082
-1.015
-0.657
-1.387
-0.892
 1.075
-0.306
-1.051
-0.656
-1.445
 0.807
 0.681
 0.576
 0.816
-0.887
-0.549
-2.859
-0.466
-0.387
-1.093
-1.348
-1.701
-1.477
 0.392
-0.523
-0.138
-0.136
-0.481
-1.726
-0.695
 0.023
 0.062
-1.168
-1.272
-2.297
-1.988
-2.451
-1.663
-2.047
-1.782
-0.672
-0.380
 0.759
-0.160
 0.602
-0.061
-0.529
-0.519
-1.309
 0.305
-0.850
-0.760
-0.905
-2.164
-1.893
-2.372
-1.473
-2.202
-1.556
-0.627
-1.632
-0.793
-1.047
 0.007
-1.337
-2.239
-1.500
-2.606
-2.413
-1.765
-0.169
-2.048
-0.211
 0.155
-0.859
-0.457
-2.891
-0.561
-1.384
-1.228
-2.205
-1.024
-1.199
 0.898
 0.319
-0.531
-0.657
-0.969
 0.839
 0.209
-1.412
-0.157
-0.672
-1.015
-0.991
-0.836
-2.132
-0.280
-0.861
-0.096
-0.947
-0.129
 0.404
 0.291
-0.544
-0.603
 0.023
-0.257
 0.347
-1.689
 0.161
-0.563
-0.443
-0.071
-0.138
 1.003
-0.123
-0.067
 0.692
 0.052
-1.764
-2.556
-0.811
-0.380
 0.264
 0.316
-1.194
-0.076
-2.404
-0.919
-0.655
-1.870
-0.178
-0.700
-0.468
-1.119
-1.044
-0.448
-0.927
-0.030
-0.136
-1.068
-1.135
-0.236
-0.218
-0.827
-0.705
-0.610
-0.370
-1.047
-1.021
-0.547
-0.634
-0.415
 0.544
-1.069
 0.532
 0.352
-1.153
-0.364
 1.170
 1.256
-0.103
-0.228
 1.263
-0.605
-0.046
-0.297
-0.753
 0.162
-0.384
-0.044
 0.226
-1.137
-0.450
-0.539
-0.262
-0.524
 0.216
 0.781
 0.666
-0.054
-0.138
-0.498
-0.038
 0.999
-0.972
 1.089
 1.527
 0.790
 0.930
-0.248
 0.235
 0.118
 1.425
 1.591
 0.132
-0.651
-1.108
 0.787
-1.892
-0.176
-1.278
-0.342
-1.706
-0.345
-0.306
-0.066
-0.958
-0.831
 0.092
-0.779
-1.560
 1.137
-0.692
-1.370
-0.296
-0.970
 0.602
-0.531
-0.111
 0.259
 0.529
 1.328
 0.642
-0.735
-0.452
-1.132
-1.745
-0.690
-1.071
-2.209
-1.482
-0.370
-1.225
-0.737
-2.628
-2.089
-0.625
-1.452
-2.662
-1.088
 0.213
-0.359
-1.163
-0.711
-1.457
-1.614
 0.535
-0.375
-1.991
-1.827
-1.818
-1.281
-0.036
-2.785
-0.670
-0.320
-1.244
-1.264
-1.668
-0.272
-0.365
-0.586
-0.853
-0.103
 0.601
-0.306
-1.495
-1.590
-0.644
-2.769
-1.273
-2.363
-2.074
-1.917
-0.895
-1.332
-1.749
 0.622
-0.132
-0.087
-0.704
-0.297
-0.920
-1.135
-0.185
-1.373
-1.880
-2.184
-1.504
-1.333
-0.608
-0.825
-3.298
-1.095
-0.327
-0.900
-1.884
-0.633
-1.196
-1.561
-1.748
-1.213
 0.109
-0.101
-0.600
-0.456
 0.417
 0.023
-0.996
-0.283
 0.963
-2.026
-0.859
-1.208
-1.211
-0.773
-0.256
-1.171
-0.476
-0.738
-0.274
-1.036
-2.002
-2.417
-0.602
-0.283
-0.150
-0.184
-1.179
-3.104
-1.195
-1.555
-1.935
-1.040
-1.935
-0.815
-1.442
-0.700
 0.795
-0.835
-0.533
-0.771
-0.651
 0.108
-0.894
-1.684
-0.877
-1.593
-0.119
-0.843
-1.545
-1.060
-1.579
-1.751
-2.540
-0.777
-0.888
 0.142
-1.023
-0.381
-0.952
-1.468
-1.406
-0.594
-1.636
-1.531
-1.000
 0.016
-1.536
-0.130
 0.117
-0.306
-1.038
-0.365
-1.086
-0.698
-1.782
-2.037
-1.363
-1.962
-0.995
-0.272
-0.196
 0.628
 0.458
-0.011
-0.707
 0.287
 0.097
-0.080
 0.771
-0.046
-0.797
-1.366
-0.215
-0.297
-1.059
-0.805
-0.292
-0.724
 0.230
-1.246
-0.815
-1.898
-0.338
-1.613
-3.102
-0.814
 0.431
-1.913
 0.096
 0.387
-0.552
 1.163
-0.560
 0.095
-0.233
-0.583
 0.650
-1.450
-0.849
 0.092
-0.792
-1.234
-1.282
-2.555
-3.704
-2.162
-2.852
-2.968
-1.660
-0.388
-0.916
 0.121
-1.544
-1.294
-0.758
-0.547
-0.267
-1.152
-0.045
 0.098
-0.628
-2.758
-2.488
-0.489
-0.333
 0.611
 0.795
 0.195
 0.466
-0.336
 0.305
-0.092
-1.943
-1.115
 0.190
-0.632
-0.770
-0.983
 0.154
 0.174
-0.340
-0.986
-0.500
-0.208
-1.794
-0.371
 0.113
 0.381
-0.311
-0.586
-2.566
-0.652
-0.530
-1.345
-0.967
 0.273
-1.226
-0.418
-0.215
-0.548
-2.908
-2.476
-0.028
-1.444
-1.282
 0.069
-0.677
-0.673
-0.285
-1.088
 0.029
-1.253
-1.360
-1.540
-1.266
-0.640
-2.430
-2.019
-2.051
-0.327
-1.645
-0.900
-0.251
-1.819
-0.890
-2.104
-0.840
-0.840
-0.491
-0.592
 0.697
-0.765
-0.357
-1.101
-0.788
 0.011
-3.338
-2.836
-2.358
-2.415
-0.983
-2.127
-3.557
-2.167
-2.160
-0.995
 0.307
-0.278
 0.595
-1.336
-0.972
-0.783
 0.793
-1.715
-0.993
 0.284
-0.429
-0.700
 0.285
-1.272
-0.489
 0.116
-0.234
-0.925
-0.753
-0.193
-0.725
 0.207
-1.042
 1.626
 0.105
-1.513
 0.507
-0.627
-0.490
-1.568
-1.305
-1.403
-0.756
 0.064
-0.123
-2.555
-1.063
-0.633
-2.081
-1.522
-2.124
-0.875
 0.094
 0.471
 0.453
-0.324
-0.352
-0.695
 0.539
 0.669
 0.842
 0.472
 0.749
-0.210
-0.715
-0.826
 0.842
-0.414
-0.009
-1.005
-0.808
-0.358
-0.788
 0.855
-0.484
-0.933
 0.810
 0.187
-0.212
 0.856
-0.115
-0.958
-0.387
 1.238
 0.728
 0.095
-0.488
-1.210
-0.685
-0.687
-0.505
 0.403
 0.067
-0.301
-0.583
-0.328
-0.355
-0.628
-0.678
-0.763
-0.040
 0.853
-0.732
 0.539
 0.083
-0.569
-0.456
-0.193
-0.145
-0.373
-0.293
 0.773
-0.580
-0.608
-0.525
-0.025
 1.178
-0.282
-1.745
-0.475
-0.180
-1.303
-1.421
 0.377
-0.140
-0.005
 0.626
 1.031
 0.892
-0.284
 0.098
-0.150
 1.074
 0.470
 1.690
 0.018
 1.132
 0.239
 1.365
 0.154
-0.125
-1.985
-1.194
-0.041
 0.380
-0.461
 0.243
-0.940
-0.440
 0.003
 0.110
 0.032
-1.754
-0.477
-1.154
-0.776
-0.403
 0.011
 0.168
-0.171
-0.794
 0.825
-0.634
-1.099
 0.782
-1.240
-0.551
-0.805
-0.124
 0.517
-1.371
-1.406
 0.362
-0.731
 0.423
-0.050
 0.656
 0.520
 0.599
-1.634
-1.195
-0.249
 0.567
-0.181
 0.358
 0.118
-0.346
-0.033
-0.776
 2.089
 1.550
 0.250
 0.373
 0.312
-0.224
-0.169
 0.335
-0.302
-0.652
-0.749
 0.517
 0.223
 0.398
-0.769
-0.854
-0.187
-1.504
 0.998
-0.074
-0.864
-0.487
 1.294
-1.080
 2.063
-1.091
-0.642
-1.386
-0.106
-0.381
-0.297
 0.131
-0.694
-0.034
 0.347
-1.571
-1.825
-2.032
-1.975
-0.751
-0.665
-0.657
-0.606
-0.602
-0.638
-2.065
-1.598
-1.344
-0.728
-0.284
-1.135
-0.510
-0.457
-1.976
 0.929
 0.423
-0.650
 0.665
 0.159
-0.319
 0.172
-0.735
 0.725
 1.658
 1.411
 0.871
-0.098
-0.675
-0.059
 0.795
-0.199
-1.086
-0.307
-1.878
-0.796
-1.601
-0.157
-2.307
-0.202
-0.732
 1.086
-0.037
 0.359
-1.872
-1.374
-0.362
-2.136
-0.836
 0.028
-0.718
-1.244
 0.102
-1.695
-0.984
-0.752
-1.491
 0.527
-2.018
-1.440
-2.406
-2.158
-0.582
 0.132
-0.267
-1.448
-0.381
 0.176
-2.006
 0.186
-0.561
-1.386
-1.058
-0.032
 0.376
 0.655
-0.334
-2.155
-0.364
 0.434
-0.970
-0.392
-0.593
 0.575
 0.086
 0.392
-1.375
 0.069
 0.245
-0.191
-0.059
-1.193
-0.930
-1.346
 0.494
 1.652
-0.301
-0.125
-0.792
-0.016
-0.935
-1.417
-0.307
-1.541
-1.338
-1.922
-1.599
-0.522
-1.578
-1.035
-1.311
 0.131
 0.214
-0.618
-0.206
-1.274
-0.937
-2.083
-1.082
-2.346
-0.054
-0.782
-0.521
 0.554
 0.676
 0.668
 0.161
-0.975
-1.352
-0.337
 0.515
 0.357
-1.708
-2.100
-1.848
 1.119
-0.741
-1.741
-2.169
-1.007
-1.615
-1.282
 0.881
 1.189
 0.387
-1.099
 0.153
-0.913
 0.420
 0.175
-0.489
-1.038
 0.398
-0.091
 0.198
-0.432
 0.480
-1.638
-0.529
-0.568
 0.090
-0.646
-0.350
-1.555
-1.484
 0.161
-1.408
-0.927
-0.886
-1.470
-2.008
-1.163
-1.328
-2.744
-2.483
 0.035
-1.526
-0.569
-1.031
 0.407
 0.667
 0.430
 0.487
-0.623
-0.606
-0.678
 0.019
-0.773
-0.948
-0.546
-1.556
-0.374
-0.848
-0.622
 0.508
-0.746
 0.047
-0.802
 1.004
 2.267
 0.140
-0.409
-1.872
-0.147
 0.007
-0.529
 0.131
 1.695
-0.118
-0.294
-0.258
 0.192
 1.765
 0.012
-0.104
 0.360
 0.078
-0.835
 0.416
-0.417
 0.828
-1.119
-1.158
-0.014
-0.735
 0.739
 0.267
-0.104
-1.275
 0.096
 0.261
-0.279
 0.241
-0.688
-0.856
-0.746
-0.120
 0.164
 0.683
-1.040
-0.747
-1.255
-0.702
-0.821
 0.799
 0.014
-2.373
-0.682
-0.642
 0.469
-0.680
 0.869
 0.817
 1.110
 2.293
 0.796
 1.150
 1.938
 0.395
 1.009
-0.467
-0.753
-0.340
-0.807
-1.610
-2.156
-1.240
-0.652
-0.025
-1.196
-1.538
-0.946
-0.938
-0.756
 0.437
-0.646
 0.088
 0.607
 0.275
-0.335
 0.097
-0.138
 0.776
-1.372
 0.139
 0.433
-0.296
 0.284
 0.548
-0.983
-0.118
 0.518
 0.067
-0.730
-1.029
 0.436
-0.858
-0.353
 1.672
 0.276
 0.707
-0.998
-0.694
-0.740
-0.599
 1.387
-0.295
 0.205
-0.399
-0.687
 0.685
 1.393
 0.451
-0.683
-1.012
 0.763
-0.304
 2.345
-0.383
 0.785
 0.954
 1.901
 0.797
 1.134
 1.649
 1.196
-0.797
 0.812
-0.401
-0.569
 0.451
-2.304
-0.525
-0.489
 0.192
-0.052
-0.067
-0.926
 0.093
-0.673
 0.132
 1.086
 1.235
 1.041
 0.499
-0.581
 0.403
-0.069
-0.441
 0.147
 0.778
-0.435
-0.309
-0.950
-1.528
-0.421
-0.851
-1.014
-2.316
-2.510
-2.215
 1.559
 0.522
-0.126
-0.085
-0.791
 0.420
-0.647
-0.256
-1.863
-1.487
 0.187
 0.174
-0.523
-0.364
 0.040
-0.720
-1.871
 0.975
-0.907
-0.871
 0.152
 0.383
-0.008
-0.588
 0.319
-1.179
-0.820
-0.360
-1.757
-0.257
 0.877
 0.184
 0.670
-0.523
-0.440
 0.125
 0.907
-1.339
-1.023
-0.222
-0.861
 0.625
-0.128
-0.073
-1.065
-1.732
 0.420
-0.792
-0.922
-1.838
-1.375
-0.229
-1.485
 0.967
 0.205
 1.496
 0.330
-0.666
 1.222
 0.993
-0.283
 0.512
-1.089
 0.723
 0.512
 0.263
 1.973
 0.021
-1.543
 0.556
 0.357
-1.762
-2.148
-0.097
-0.618
-0.210
 1.509
 0.332
-1.300
-1.069
-0.555
-0.743
-0.607
 1.290
-0.505
 0.032
 0.090
-0.375
 0.890
 0.286
 0.892
-0.476
-0.254
 0.838
-0.122
 0.365
 0.119
-0.403
 0.544
-0.864
 0.683
-1.574
-0.772
-2.388
-2.293
-0.449
-0.860
-1.231
-1.517
-1.564
 0.525
-1.003
-1.324
-0.547
 0.304
 0.088
-0.177
-0.719
-0.309
-0.265
-0.607
-0.027
-0.198
-1.189
-2.250
-0.950
-1.409
-1.991
-1.713
-1.591
-0.721
 0.550
-0.597
-0.037
-0.155
-0.370
-1.225
-2.186
-1.220
-0.118
-1.953
-2.234
-0.740
-1.004
 0.039
-0.636
-0.962
-0.562
 0.005
 0.216
 0.358
-1.636
-1.122
-1.242
-1.607
-1.113
-2.112
-0.838
-0.878
-1.029
-0.288
 0.401
-0.155
-0.276
-0.218
-0.847
 1.024
 0.162
 0.014
 2.316
 0.434
 0.137
-0.008
-0.641
-0.475
-0.818
-1.057
-0.137
 0.328
 0.230
-0.205
 0.475
 0.910
-0.855
 1.511
 0.531
-0.581
-0.296
-0.565
-0.960
-1.570
-1.721
-0.787
-1.436
-1.129
 0.124
-0.949
-0.307
-1.006
-0.130
-0.525
 0.014
-1.730
-0.925
-0.108
 1.136
 0.288
-0.921
-1.031
 0.083
-0.387
-1.894
-0.865
-1.252
-1.165
-0.443
 0.895
 0.770
 0.721
-0.575
 0.623
 0.496
 0.596
 0.043
 0.262
-0.606
-1.212
 0.601
 0.063
 0.565
 0.065
-0.636
 0.047
 1.318
-1.215
-0.592
-0.065
 0.591
 1.087
 0.934
-0.022
 0.318
 0.980
-0.052
 0.829
 0.992
-0.791
-0.305
-1.097
-0.825
-0.160
-0.885
-1.343
-0.860
-0.373
-0.368
-1.393
 0.264
-0.432
-0.878
-0.012
-1.387
-0.471
 0.578
-1.671
-0.980
-0.971
 0.055
 0.007
-0.033
-0.412
 0.603
-1.179
-0.316
 0.019
-0.771
-1.303
-2.296
-1.974
-0.796
-1.228
-1.428
 0.128
-1.258
-0.247
-1.060
-0.008
 0.245
 1.109
-0.045
 1.197
-1.304
-0.747
-0.819
-0.796
-0.555
-1.977
-1.537
-1.403
 0.424
 0.141
 0.272
-0.420
-0.636
-1.762
-1.895
 0.111
 0.442
-0.533
-0.993
-1.514
-2.592
-0.269
-0.472
 0.045
-1.290
-0.097
 0.012
-0.285
-0.183
-1.646
 0.878
-1.689
-1.029
-0.646
-2.281
-1.719
-1.215
-0.075
-1.037
-0.832
 0.470
-0.716
 0.570
-0.285
-0.692
-2.061
-0.358
 0.601
 0.222
 0.589
 0.277
-0.190
 1.506
 2.183
 0.139
 0.723
 1.181
-0.002
-0.632
 0.859
-0.306
-0.788
-2.110
-0.195
 0.249
 0.544
-0.277
-0.870
-1.576
 0.325
-0.251
-0.618
-0.312
 0.885
 1.261
-0.190
 0.769
 0.666
 1.990
 0.384
-0.111
 0.800
 0.021
-0.503
-0.523
-0.207
-0.963
-0.203
 0.108
-0.656
-0.504
-0.262
-0.464
-0.129
-0.278
 1.052
-0.273
-0.265
-1.785
-0.500
-0.967
 1.279
 0.382
-1.359
-0.825
-0.831
-0.053
 1.474
 1.137
 0.602
-0.383
 0.036
-0.057
-0.590
 0.158
-0.181
 1.111
-0.011
 1.112
 0.923
-0.788
-1.485
-0.706
-0.674
-1.534
-1.013
-0.008
-0.933
-0.546
-0.089
 0.697
-0.678
-1.156
-0.547
 0.076
-0.036
-1.316
 0.099
 0.688
-0.797
-0.137
 0.376
 0.207
 0.453
-0.269
-1.278
-2.059
-2.334
-0.765
-0.736
 0.982
-0.065
 0.359
 0.070
-0.670
-1.574
-1.338
 0.138
-1.449
 0.362
-2.204
 0.277
-0.659
-2.260
-1.372
-0.928
 1.185
-1.095
-0.578
-0.894
-2.154
-2.764
-2.301
-2.441
-0.810
-0.559
-1.683
-2.255
-1.139
-2.264
-2.745
-0.188
-0.940
-0.808
-1.650
-0.247
 0.481
-0.375
-2.020
-0.914
-0.690
-0.312
-0.904
-0.305
-1.135
-0.669
-1.898
-1.659
-0.828
-0.219
-1.041
-1.388
-0.395
 0.419
-0.295
-0.798
-1.715
-1.639
-0.522
 0.485
-0.032
 0.300
-1.451
-0.792
-1.018
-0.459
-1.554
-0.461
-1.662
-1.708
-2.332
-0.657
-2.578
-0.950
-0.720
-0.486
-0.111
-0.496
-0.097
-0.970
-1.429
-1.258
 0.733
-0.096
 0.441
 1.052
 1.466
-0.914
-0.407
 0.078
 0.499
 0.905
-0.919
-0.859
 0.732
-0.465
-0.778
-1.002
-0.906
 0.772
 0.378
-0.771
-0.337
 0.967
 0.840
-0.058
 1.092
-0.729
-0.354
-0.033
 0.479
 0.608
-0.154
-0.119
 1.291
 1.153
 1.123
 1.505
 0.731
 0.854
-0.363
 0.331
 0.276
-0.740
-1.417
-2.015
 0.577
-0.697
-1.212
-1.716
 0.181
 0.704
 1.527
 0.130
 0.213
-0.630
 1.185
 0.487
 0.342
 0.960
 2.405
 1.405
-0.027
-0.515
 1.119
 0.804
-0.151
 1.094
-0.315
-0.099
-1.398
-1.337
 1.810
 1.276
-0.087
 0.227
-0.385
-0.046
 0.440
 0.828
-0.502
-0.183
-1.674
 0.230
-0.355
 0.209
-1.070
-0.297
-0.363
 0.829
-1.608
-0.912
-0.237
-0.200
 0.319
-0.485
 1.340
 0.547
-0.860
-0.983
-0.106
-0.635
-0.274
-0.387
-1.414
-0.405
-1.508
-0.393
-1.091
-2.278
-1.218
-0.338
-1.942
-1.935
-1.628
-0.840
-0.047
-1.064
 0.693
-0.189
-0.855
-1.102
-0.454
-0.685
-0.267
-0.580
 0.579
 0.585
-0.097
 1.171
 0.662
-0.297
-0.214
-1.708
-0.430
 0.254
 0.311
 1.339
 0.804
-0.392
 0.591
 0.089
 0.264
 1.056
 0.025
-0.384
-0.689
-0.226
-0.295
 0.057
-0.492
 0.132
-0.264
-0.266
 1.296
 0.495
-0.079
 0.692
 0.292
 0.402
 0.283
 1.115
 1.016
 1.088
 0.294
 0.451
 0.967
 0.667
 0.767
 1.218
 0.922
 2.077
 0.698
 0.895
-1.130
 1.941
-0.077
-1.000
 0.063
-0.399
-0.972
 0.619
 0.465
 0.051
 0.926
 0.401
 0.712
-1.895
-1.223
-0.962
 0.046
-0.584
 1.488
 0.862
-0.305
 0.167
 1.182
 0.609
-0.844
-0.142
-1.127
-0.629
 0.384
-0.120
-0.100
-0.971
-1.052
 0.350
-1.487
 0.752
-0.636
 0.292
 1.091
-0.270
 0.648
-0.490
 0.212
-1.148
-1.118
-1.562
-1.391
-0.689
-1.252
-2.835
-2.111
-2.599
-1.320
 0.293
-0.655
-1.517
-1.485
-1.124
-0.007
-1.213
-0.569
-1.044
-0.264
-0.442
-1.923
-0.643
-2.008
-0.810
-0.481
 0.096
 1.451
 0.481
 0.237
-1.465
-1.410
-1.642
-0.733
-1.466
-0.985
-0.233
-1.170
-1.997
-1.610
 0.234
-0.541
-1.647
-0.236
-1.585
 0.466
-0.186
-0.480
-1.703
-0.866
 0.010
 0.359
-1.013
-2.166
 0.716
-0.253
-1.462
-1.824
-1.101
-2.243
-1.115
-0.421
-0.655
-0.894
-2.012
-1.730
-1.234
-2.102
-0.759
-1.166
-2.123
-0.732
-1.106
-0.881
-1.866
-1.301
-1.195
-1.552
-0.526
-0.622
-0.175
-1.227
 0.072
-0.642
-0.041
-0.901
-0.478
 0.237
-0.499
 0.116
-1.618
-1.146
 0.684
-0.466
-0.669
-0.938
-1.606
-0.958
-0.238
-0.400
 1.172
 0.624
-0.767
-0.355
 0.203
-0.339
 1.258
 0.483
 0.619
 1.250
 1.238
 0.847
 1.415
-0.671
 0.893
-0.957
-0.405
 0.413
-0.718
 0.429
 0.536
 0.327
-1.283
-0.035
-1.862
 0.020
-0.346
-1.288
-0.015
 0.728
-0.023
-0.413
-0.396
-0.999
-0.431
-0.648
 0.156
-0.945
-0.550
-0.071
 0.342
-1.489
 0.235
-1.223
-1.672
-1.072
 0.156
-0.235
 0.187
 0.284
-0.686
 0.540
 0.339
 0.357
-1.149
-0.123
 1.013
 0.273
-0.797
 1.140
 0.353
 1.370
 0.745
 0.950
 0.619
-0.596
 0.580
 1.388
-0.862
 0.686
 1.551
 1.448
 2.091
 0.831
 1.375
 2.549
 1.316
 0.090
 0.423
 1.400
 1.216
 2.329
 1.269
 0.321
 0.806
 1.828
 3.216
 2.491
 1.216
 2.128
 0.802
 1.052
 1.810
-0.496
 0.956
-0.719
 0.378
 0.518
-1.497
-0.695
-0.427
 0.575
-1.247
 0.222
 0.744
 1.116
 1.796
 0.325
 0.647
-0.001
 0.046
-0.899
-1.556
-1.133
-1.573
-0.910
-0.565
-0.103
 0.628
 0.372
 0.385
 0.368
 1.031
-0.517
-2.213
-0.970
-0.490
-1.035
 0.104
 0.333
-1.350
-0.653
-0.987
 0.020
-1.246
-1.913
-1.395
-0.623
-2.490
-1.842
-0.787
-1.028
-1.226
-0.745
-2.388
-0.893
-1.940
-2.503
-1.130
-1.029
 0.525
-0.440
-1.757
-2.628
-3.087
-1.300
-1.731
 0.516
-0.251
 0.298
-0.662
-1.537
-0.064
-1.323
 0.499
-2.674
-2.321
-1.941
-2.371
-1.400
-0.458
-0.747
-0.022
-1.952
-0.665
-1.352
-1.517
-0.617
-0.249
-0.613
-2.121
-1.035
-0.222
 0.713
 1.014
-0.198
-0.199
-0.656
 0.014
-1.072
-0.307
 1.601
 0.017
-0.193
-0.996
 0.016
-0.079
-0.184
 1.029
 0.571
 0.811
 2.124
 0.440
-0.247
 1.314
-0.495
 1.331
 1.122
 0.248
 1.176
-0.504
-0.163
-0.287
-0.521
 0.762
-0.749
 0.067
-1.348
 0.250
 1.720
-0.845
-1.871
-2.565
 0.199
-0.220
-1.852
-0.455
-1.779
-0.949
-0.299
 0.070
 0.385
-0.360
-0.452
-0.697
-0.358
-1.458
-0.356
-1.449
-1.349
-0.162
 0.222
 0.070
 0.206
-0.912
 0.054
 0.780
 0.997
-1.883
-0.602
 0.211
 0.359
-1.592
-1.501
-0.805
 0.723
 0.688
 0.859
 0.698
 1.544
 1.153
-1.065
 1.012
 0.686
 0.170
 0.702
-0.741
 0.109
 0.384
-0.101
-2.484
-0.064
-0.685
-0.511
-0.117
-0.948
 0.602
-0.958
-0.574
 0.066
-1.432
 0.491
-0.825
-0.143
-1.757
-0.547
-0.983
-0.465
-1.038
-1.067
-0.893
 0.227
 0.285
-0.882
-0.341
-0.024
 0.730
 1.487
 1.069
 2.251
 2.912
 3.245
 1.616
 1.403
 1.007
 2.409
 1.413
 0.485
 0.949
-0.225
 1.480
 0.198
 1.840
 2.122
 0.972
-0.205
 0.486
 0.787
 1.020
 0.458
-0.484
 0.265
 0.404
-0.7