.252
-0.708
-1.484
-0.806
-1.365
-1.249
-0.853
 0.038
 0.076
 0.577
-0.365
-0.548
-0.861
-1.795
 0.421
-0.017
-0.846
 0.215
-0.063
-1.271
-1.978
-2.321
-0.983
-0.859
-0.924
-2.137
-1.240
 0.689
 0.117
-0.104
-0.030
 1.048
 0.517
-0.727
-1.165
 0.924
 0.585
 0.501
 0.600
 0.929
 1.007
-0.080
-0.251
 0.927
-0.308
-1.005
 0.498
 0.496
-0.004
-0.820
-1.112
-0.769
 0.718
-0.261
-0.525
-0.078
 0.295
-0.021
-0.368
 0.841
 0.477
-0.946
 0.385
 0.581
-0.480
-0.901
-0.105
-1.260
-1.324
-0.004
-0.082
 1.670
 0.821
 2.306
 0.073
-0.097
 0.960
-0.360
 0.650
-0.343
-0.586
 0.476
-0.327
 0.975
 0.793
 0.813
 0.302
-0.995
 0.293
 0.136
 0.534
 2.057
 2.109
 0.109
 0.077
-0.630
 0.008
-2.537
 0.841
 0.189
-0.269
 0.273
-1.325
 0.102
 0.400
-1.034
-1.089
-0.157
-0.164
-0.593
-0.804
-1.988
 0.273
-0.952
-0.687
-0.726
-0.647
-1.852
-0.425
 0.478
 0.372
 1.119
 0.348
 0.586
 0.285
-0.477
 0.234
-0.157
-0.824
-1.049
-0.231
 0.675
 0.720
 0.994
-1.254
 2.097
-0.038
-1.255
-0.458
 0.259
 0.086
 0.658
-0.627
-1.796
-1.007
 1.006
-0.742
-0.938
-0.205
 0.815
 0.002
 0.119
 0.657
-0.052
 0.599
 0.986
-1.299
-0.563
 0.906
 0.005
 1.079
 0.400
 0.124
 0.370
-0.085
 1.330
 0.398
 1.084
 0.796
 1.398
-1.011
 0.919
 0.124
 0.287
-1.007
-0.926
 0.326
 0.569
 1.334
-0.108
-0.836
 1.536
-0.019
 1.446
 0.320
 0.720
-0.715
-1.124
-0.051
-0.001
 0.324
 1.275
-0.112
 0.675
-1.346
 0.236
-0.249
-0.092
-0.024
 0.922
 0.133
 0.685
 2.293
 1.508
 0.587
 0.864
 0.987
-0.400
-0.377
 0.876
 0.324
 1.042
 0.532
-0.321
 0.441
 0.296
-1.063
 0.279
-0.896
-0.124
-0.475
-0.749
-0.548
-1.471
-0.327
 0.568
-0.337
-0.177
-0.941
 0.335
 1.384
-0.237
-0.109
 0.083
-1.423
-1.460
-0.746
 0.945
-0.024
-0.604
-2.080
-0.987
 0.683
-0.405
-0.005
-1.523
-1.806
-0.216
-1.068
-0.973
 0.635
-0.032
-0.010
-0.555
-0.152
-0.281
 0.492
 0.267
-0.032
-0.142
 0.134
 0.949
 0.788
-0.853
-0.011
-0.310
-0.791
 0.203
-0.705
-1.910
 0.651
-0.525
 0.886
 0.393
-0.452
-0.004
 0.278
-0.022
-1.567
-0.219
-0.259
 0.282
 0.770
 1.753
 2.372
 0.505
 0.736
 1.041
-0.005
-0.050
-0.797
 0.971
 0.793
 0.957
 0.544
-0.279
-0.471
 0.240
 0.131
-0.362
 1.218
 0.345
-0.339
 0.557
-0.317
-0.013
-0.236
 0.891
 0.986
 0.589
-0.344
-0.282
 0.578
 0.532
 0.660
 1.407
 0.062
 1.764
 1.459
-0.510
 0.315
-0.588
 1.206
-0.908
-0.198
-0.064
 0.012
-0.012
 0.029
 0.271
 0.798
 0.492
 0.294
-1.093
-0.639
-1.122
 0.089
-0.706
 0.602
 2.160
 2.290
 0.478
 1.744
-0.580
-1.037
 0.161
-0.619
-1.831
-1.345
-1.097
 0.516
 1.554
-0.044
-0.621
-0.731
-1.309
 0.963
 1.121
-0.833
-1.303
-0.648
-0.428
-1.079
-0.472
-0.328
 0.368
 0.196
-0.702
-0.456
-0.663
 0.494
 0.923
 0.234
 0.815
 0.590
 1.705
-1.064
 0.077
 0.180
 0.457
 1.149
 0.272
-0.407
 0.709
-0.444
-0.508
-1.400
-1.146
-1.502
-1.827
-0.154
 0.234
-0.838
-1.771
-0.043
-0.691
-0.733
 0.788
 1.426
 2.011
-0.155
 1.321
 0.467
-0.424
 0.294
-0.368
 0.354
 0.369
 0.843
 1.262
 0.329
-0.438
-1.029
-0.711
 1.448
-0.548
 1.272
 1.131
 0.912
 1.155
-0.119
-0.621
-0.790
 0.328
 1.018
 1.056
 2.351
 0.638
-0.057
 1.445
 0.815
 0.780
 0.601
-0.411
 0.525
-1.034
-0.855
 0.315
 1.944
-0.543
 1.520
-0.167
 1.780
 0.591
 0.372
 0.871
 0.877
 2.072
 0.402
 0.128
 0.433
 0.233
 1.262
 1.354
 0.450
-0.028
 0.755
 0.158
 1.148
 0.848
 2.275
 1.282
 1.412
 1.465
 0.253
 1.473
-0.502
-0.475
 0.864
 1.229
 0.237
 0.819
 2.189
 1.771
 1.371
 0.671
 0.332
 0.572
-0.114
 0.254
 0.082
 1.183
 0.548
 0.967
 0.489
 0.710
 0.039
 0.837
 0.733
 0.111
 0.612
-1.180
-0.449
 0.122
 0.754
 0.073
-0.352
 0.520
 1.330
 1.334
-0.097
 0.576
-0.712
-0.937
 1.396
-0.387
 0.378
-0.583
-0.883
-1.539
-0.657
-0.192
 0.458
-1.052
-1.065
 0.297
-0.543
-0.238
-0.893
 0.796
-0.442
 0.715
-0.388
 0.232
-0.512
 0.267
-0.563
-0.542
-0.255
 1.037
-0.874
 2.001
 0.402
 0.884
-0.040
-1.076
-0.226
 0.515
 0.030
 0.147
 0.489
-0.603
-0.368
 0.704
 1.320
-0.473
 0.501
 0.805
 1.308
-1.681
-0.549
-0.131
-0.387
 0.080
 0.811
-0.892
-0.170
 1.185
 0.503
 1.567
-0.054
-0.382
-0.840
-0.147
-0.430
 0.373
 0.078
 0.110
 0.230
 0.551
-0.275
-0.091
-0.714
-0.695
-0.060
-0.644
 0.627
-0.838
 0.533
 1.076
-1.063
-0.349
 1.211
 0.376
 0.970
 0.094
-0.226
-0.458
-0.534
 0.673
 0.465
-0.548
 0.474
 1.804
 1.562
 0.283
 0.830
 1.025
 0.063
 0.808
 1.719
 0.378
-0.002
-0.079
 0.604
 1.068
 0.267
-0.495
 0.444
 0.028
 0.298
-1.138
-1.182
-0.720
 0.292
 0.789
-0.334
 0.276
 0.334
 2.464
 1.811
 0.480
 0.275
 0.357
 1.122
 1.047
 1.619
 1.764
 0.289
 1.932
 1.263
 2.345
 1.150
-0.210
-1.138
-0.876
 1.505
 1.605
 1.377
 0.715
 0.674
-0.442
 0.081
 0.672
 0.441
 0.194
-0.082
-0.291
 0.036
 0.378
-0.737
-0.218
-0.040
 0.123
 0.876
-0.139
-2.236
-0.778
 0.946
 0.700
-0.238
-0.736
-0.760
-0.525
 0.528
-0.160
-0.553
-0.313
-0.142
-0.858
-1.181
-0.194
-0.197
-1.356
-0.605
-0.758
 0.515
-0.780
-1.959
-1.019
-1.478
-0.021
-1.057
-1.196
-0.636
 0.549
 1.001
 0.799
 1.539
 0.913
 1.350
 0.621
 2.100
 0.807
-0.301
-0.133
 1.676
 1.341
 1.031
-0.590
 0.275
 0.086
 1.273
 0.936
-0.925
-2.362
-1.562
-0.519
-1.169
-1.771
-1.065
-2.410
-1.409
-0.666
 0.939
 0.136
-0.360
-0.183
 1.972
 0.698
 0.027
 1.541
 1.462
-1.184
 1.305
 1.082
 1.751
 1.249
-0.731
 0.503
-0.746
-2.342
-1.227
-1.028
 0.513
 0.127
 0.634
 0.857
 0.350
 0.415
 1.120
-0.021
-0.348
-0.291
 0.571
 0.724
 0.645
 0.699
 0.021
 2.014
 0.559
-0.109
 0.717
 1.525
 1.801
 0.540
 0.767
 0.209
 0.608
 3.066
 1.985
-0.817
-0.266
 1.226
 0.885
 0.322
 0.219
 1.786
 0.248
 1.879
 0.772
 1.107
 1.708
 1.173
 2.593
 0.501
 0.989
 0.344
-0.106
-0.405
-1.174
 0.106
 1.031
 0.738
 0.145
 1.216
 1.172
 1.418
-0.695
-2.018
-0.549
-0.198
 0.726
-0.500
 0.308
-0.479
-0.100
 0.312
 0.724
 0.672
 0.842
 1.246
 0.543
 0.503
-0.491
-0.111
-0.057
 1.132
 0.880
 0.758
-0.838
 0.562
 1.575
 1.930
 0.138
-0.101
-1.521
-1.867
 0.438
-0.500
-0.427
-0.550
-0.015
-1.914
 0.190
 0.581
-1.085
 0.842
 0.087
-0.041
 1.312
 0.399
 2.653
 0.152
 0.051
 0.883
-0.512
 0.373
 0.217
 0.251
 1.113
 0.258
-0.621
-1.053
-0.207
 1.476
 1.788
-0.374
-0.608
 0.421
 0.754
-1.086
-0.223
 0.627
 0.882
 0.572
 1.868
 0.443
 0.025
-1.058
-0.749
-0.516
 1.065
 0.885
 0.256
 0.022
 0.045
-0.475
 1.169
 2.474
 1.636
 0.471
 1.095
 0.904
 1.577
 0.580
 0.180
-0.939
 0.545
-1.722
-1.770
-1.073
-0.765
-1.368
-1.516
-1.979
 0.002
-0.514
-2.160
-0.685
 1.138
-0.491
 0.562
-0.222
-0.992
 0.499
 0.270
 0.518
 0.006
 0.226
 0.641
 0.736
 0.733
 2.312
-0.393
 0.406
 1.137
 1.765
 1.186
 0.953
 0.069
 0.339
-0.278
 0.461
 1.462
 1.115
 2.553
 1.798
-0.308
 0.125
 0.265
 0.371
 0.524
 0.359
 2.026
 0.789
 1.297
 2.773
 0.262
 0.491
-0.147
 0.063
-1.274
-0.364
 0.364
-3.164
-0.386
 0.780
 1.339
 1.096
 0.059
 0.512
 0.061
-0.001
 0.315
 0.563
 0.664
-0.507
-1.217
 1.157
 1.010
 0.758
-1.191
-0.638
 0.531
 0.219
-0.366
-0.475
-1.297
-0.379
-0.462
 0.919
-1.226
-1.206
 0.243
-0.079
-1.082
 0.516
-0.477
-0.688
 0.997
 1.805
-0.199
 0.879
 1.644
 0.514
 0.746
 1.885
 2.424
 0.807
 0.464
 0.289
 0.979
-0.499
 0.331
 1.284
-0.140
-2.067
-0.649
 0.947
-1.153
 0.621
-0.925
-0.385
 0.017
-0.716
 0.608
-0.517
 0.357
 0.383
 0.434
 0.389
 0.357
-0.368
 0.983
 0.555
 1.079
 0.518
 0.943
 0.061
 0.521
-0.634
 0.476
 1.267
 2.139
 0.594
 0.496
-0.367
-0.841
 0.290
-0.452
-0.427
 0.663
-0.247
-0.713
-1.380
-0.711
 0.002
 1.008
 1.795
 1.114
-0.078
-1.460
-0.533
-0.723
-1.609
 0.435
-0.345
-0.634
-1.629
-1.076
-0.202
-0.381
 1.067
-1.069
-0.252
 0.504
 0.575
 0.120
 0.161
 0.570
 1.581
 0.126
 0.147
-0.760
-0.948
-0.607
-0.258
-0.436
 0.325
-0.423
 1.539
 1.470
 0.576
 0.859
 0.543
 1.075
-0.275
-0.231
-0.427
 0.337
 1.319
 0.588
 2.039
 0.791
 0.672
 0.100
 0.353
 0.116
 0.289
 0.743
 0.747
 0.494
 0.668
-1.531
 0.763
 0.042
 0.840
 0.063
-0.315
-0.880
 0.911
-0.481
-0.380
 0.885
-0.631
 0.048
-0.004
 0.738
-0.462
 0.533
 1.214
 1.210
 1.229
 1.611
 0.543
 1.069
 0.817
 1.604
 0.950
-0.168
 1.369
-1.380
-0.315
-0.058
 0.643
 1.400
-0.523
 0.558
-1.036
 1.078
 1.367
-0.307
 0.937
 0.931
 0.371
 0.080
 1.155
 1.346
 0.606
 0.236
 1.082
 0.052
-0.980
-0.894
-1.061
-1.508
-0.562
-0.952
 0.991
 0.334
-0.260
-0.347
 0.363
-0.859
-0.861
-1.362
-2.562
-1.416
 0.272
-0.294
 0.894
 0.524
 1.116
-0.128
-0.214
 0.078
 1.544
 0.606
 0.851
 0.278
-0.219
 0.200
 0.279
 2.327
 1.082
-0.393
-0.613
-1.109
-0.364
 0.609
 0.521
 0.169
 1.325
 0.207
-0.846
 1.661
 1.478
 0.609
 1.222
-0.558
-2.075
-0.648
-0.220
 0.340
 0.765
 1.343
 0.768
-0.179
-0.174
 0.841
 1.401
 2.169
 0.694
-0.619
-0.466
 0.206
 0.791
 1.910
 0.044
 0.465
 0.387
 1.327
 1.577
-0.766
 1.631
 2.091
 1.789
 2.902
 2.229
 1.934
 0.025
 2.516
 1.087
 0.805
 1.425
 1.990
-0.406
 1.552
 1.664
 0.800
-0.384
-1.060
 0.919
 2.392
-0.397
 0.511
 1.438
 0.210
 0.498
 1.379
 0.458
-0.096
-1.772
-0.598
-0.498
-0.545
-1.393
 0.175
 0.478
 0.598
-0.259
 0.254
 0.775
 0.562
 1.730
-0.246
-0.796
-1.225
-0.320
 0.388
-0.432
-0.876
-1.982
-1.921
 1.915
-1.708
-0.723
-0.917
-1.779
-0.188
 1.314
 0.831
 0.457
 1.244
-0.167
-1.077
-0.769
-0.493
 0.688
 0.512
-1.372
-1.096
 0.705
-0.161
-2.277
-0.433
-0.113
 0.362
-0.515
 1.587
 0.881
 1.276
 0.721
-0.428
 0.390
 0.067
 0.804
 0.365
 1.601
-1.256
-1.968
-1.076
 0.714
-0.706
-0.151
-1.045
-0.338
-0.442
 0.215
 1.244
-0.578
-0.756
-0.945
 0.947
-0.083
 0.854
 1.407
 0.324
 0.930
-0.135
 0.450
 0.838
 0.382
 0.607
 1.046
-0.407
-1.433
 0.024
-0.306
 0.225
-0.402
 1.444
 0.186
-1.102
-1.430
-0.704
 0.990
 2.090
-0.128
-0.942
-1.133
-1.683
 1.658
 0.940
 0.765
 0.545
 2.036
 0.491
 1.021
 0.539
 2.114
 1.608
 0.746
-0.242
-0.316
 0.718
 0.904
-0.159
-0.344
 0.268
-0.789
-0.512
-0.083
-1.290
 0.296
-0.983
 0.500
 0.691
 0.263
-0.513
 0.953
-1.332
-0.951
 0.631
-0.949
-2.020
-0.657
-0.689
-0.936
 0.209
-0.179
 0.087
 0.385
-1.341
-0.134
-0.711
-1.124
 0.326
-0.594
-0.258
 0.105
-0.011
-0.765
-1.726
-1.170
-0.566
-0.558
-1.117
-0.134
-0.345
-0.488
 0.258
-0.527
 0.833
 0.076
-0.037
-0.743
-0.345
-1.026
 0.124
-0.551
 0.758
-1.555
-1.331
-1.002
-0.612
 0.061
 0.304
-1.101
-1.944
-0.374
 1.267
 0.838
-0.106
-1.473
 0.272
 1.633
 0.938
 0.623
 0.299
-0.174
 0.198
 0.321
 0.338
-1.337
-1.223
-0.266
 0.360
 1.036
-0.192
-1.147
 0.152
-0.581
-0.830
 0.796
-1.804
-1.008
 0.424
 0.571
-0.197
 0.968
 0.370
-0.606
 0.312
-0.254
-0.518
 0.066
-0.257
 0.230
 0.589
-0.679
 1.322
 2.153
 0.593
-0.261
 0.179
-0.246
 0.915
-0.185
 2.017
 1.742
-0.039
 1.657
-0.979
 0.245
 0.544
 0.364
 1.575
 1.232
 1.201
 1.409
 1.824
 0.767
 1.350
-0.519
 1.618
 0.604
 1.487
-0.091
-0.459
 1.482
 0.886
 0.452
 0.507
 0.696
-0.410
 0.596
 1.177
 0.381
-0.333
-0.729
-2.568
 0.827
-2.093
-0.525
-0.625
-0.693
-0.075
-0.537
-0.629
-0.781
-0.988
-0.375
-1.069
-1.689
-1.027
-1.095
-0.747
-0.640
-0.796
-0.320
-0.026
-0.905
-0.858
-0.204
 0.084
 1.577
-0.016
 0.900
-0.151
-0.317
-1.528
 0.455
-1.846
 0.238
-0.958
 0.582
-0.954
-0.642
 0.522
-0.175
 0.137
 1.034
 0.690
-0.620
-0.938
-1.134
-1.092
 0.271
 1.032
-0.286
 0.114
-2.070
-1.653
 0.688
-0.293
 0.218
-1.162
-0.475
-0.958
-2.150
-1.268
-1.154
-1.104
-1.316
-1.030
-0.989
-0.475
-0.529
 0.011
 0.677
-0.361
-0.114
-0.397
-0.852
 0.948
 1.614
-0.647
-0.778
 0.272
 0.079
 0.997
 0.197
 0.842
-0.211
 0.848
 0.032
 1.073
-0.258
-0.219
 0.232
 0.685
-0.398
 0.788
-0.051
 0.391
-0.242
-1.058
-0.267
-1.390
 0.970
-0.477
-0.186
-1.224
-0.288
-0.596
-1.076
 0.597
 0.356
-1.081
 0.380
-1.412
 0.312
-0.982
-0.234
-0.682
-1.460
-1.061
-0.682
 0.252
-0.326
-0.994
-0.886
 0.605
-0.645
 0.263
 0.247
-1.870
 0.553
-1.847
-1.790
-1.502
-1.726
-0.825
-1.132
-1.128
-1.105
-0.619
-0.478
-1.390
 0.159
-1.048
-1.206
-1.686
-0.352
 1.318
-0.630
-0.738
 1.076
-0.183
-0.431
 1.613
 1.864
 1.603
 0.520
-0.932
-0.477
 0.098
 0.601
-0.382
-0.402
-1.350
-1.831
-0.461
-0.777
 0.729
 1.288
 0.390
 0.992
 0.477
 0.260
 0.690
-1.524
-1.683
-0.974
 0.722
 0.491
-0.456
 0.384
 0.720
 0.176
 0.613
-0.380
-1.290
-1.821
-1.239
 0.594
-0.052
 0.375
 0.747
 0.930
 0.119
 0.569
-0.583
 0.514
 0.958
 0.445
 1.223
-0.220
-1.265
 0.421
 0.996
 0.825
 0.796
 1.202
 0.111
 0.343
 1.562
 1.118
 1.070
 0.016
 0.579
 1.977
 0.448
 0.926
 1.668
 1.023
-1.256
 1.186
-0.377
-0.917
 0.342
-0.334
-0.612
 0.283
-0.234
-1.305
-2.091
-0.016
 0.086
-0.160
 0.413
 1.047
 0.569
 1.270
-0.364
 0.021
-1.087
-1.226
-1.213
-0.628
-0.378
 0.047
 0.209
 0.799
-0.294
 0.244
-0.061
-0.944
-1.273
-0.617
-1.169
-0.297
 0.100
-1.952
 0.480
-0.526
-0.245
-1.697
-0.802
-0.734
 0.365
-1.909
-1.662
-0.377
-1.309
-0.195
-1.319
-0.650
-0.686
-0.398
 0.306
 0.079
-0.365
-0.441
 0.856
 0.039
 0.215
 0.178
 0.042
 0.319
-0.539
-0.078
 1.145
 0.990
 1.094
 1.613
 1.165
 1.350
-0.041
-0.766
-0.278
 0.354
 1.517
 0.361
-0.312
 2.196
 0.547
 0.318
 0.604
 0.987
-0.912
-1.295
 0.846
-1.319
-1.564
-0.213
-1.277
-0.671
-1.087
-0.142
 1.010
-0.412
 0.599
 0.362
-0.219
-0.724
 0.561
-0.022
 0.034
 0.896
-0.344
 1.104
 1.057
 0.798
 0.062
 2.044
 0.571
-1.138
 0.167
 0.549
-2.121
-1.219
-0.868
-0.536
 0.668
 1.089
-0.118
-0.689
-1.131
 1.543
-0.926
-1.492
-0.398
-0.226
 0.789
 0.832
 1.030
-0.481
-1.139
-1.403
-0.915
 1.603
 1.225
 0.696
 0.439
 1.453
 2.457
-0.120
 0.230
 0.712
 0.603
 0.184
 1.096
 0.556
 0.780
 1.881
 1.230
-0.862
-1.826
 0.136
 1.264
 0.253
 2.727
 1.425
 1.633
 2.954
 1.101
-0.209
 0.703
-0.407
 0.370
 1.009
 0.467
-0.390
 1.503
 0.807
-0.386
 0.696
-0.198
-0.575
 1.097
-0.645
-0.009
-0.025
-0.226
 0.589
-0.663
-0.982
-0.910
 0.764
 0.145
 0.514
-0.643
-0.294
 0.281
-0.269
 0.235
 0.586
 0.228
-0.277
 0.351
 0.544
 1.016
-1.874
-1.138
 0.051
-0.699
-0.428
-1.386
-0.077
-1.193
-0.133
-0.544
-1.246
-1.707
-0.635
-1.083
-0.510
-0.761
-0.935
-0.115
-0.442
-0.822
-0.323
-0.880
-1.256
 0.596
-0.808
-0.162
-0.066
 0.591
 1.607
 1.392
-0.515
 1.255
-0.040
-0.371
 0.844
 0.206
 0.571
 0.648
 0.262
-0.445
-0.198
-0.513
-1.334
 1.144
 0.912
 2.074
 0.352
-0.010
-0.702
 0.101
 0.443
-0.434
-1.204
-1.071
-0.854
-0.496
 0.367
 1.190
 0.362
 0.924
-0.395
-1.280
 1.272
-0.374
-0.108
 0.876
 2.607
-0.062
 0.359
-1.829
-0.217
 0.165
-1.527
-1.402
-0.300
 0.176
-0.273
-1.424
 1.280
 2.323
 1.080
 0.433
 1.396
 0.588
-0.656
 0.281
 0.088
-1.444
-0.180
-1.425
-0.617
-0.292
-1.142
 0.400
 0.155
 1.559
 1.741
 0.301
-1.356
-0.868
 0.433
 2.127
 2.300
 1.328
 0.257
 0.648
 1.022
-0.077
 0.497
 0.331
 1.011
-0.076
-0.471
-0.382
 0.301
 1.453
 0.810
 0.952
 1.787
 2.745
 1.966
 1.254
 0.733
 1.750
 1.792
 1.565
 2.235
 1.437
 0.583
 0.911
 1.645
 1.500
 2.352
 1.703
 1.566
-0.580
 0.305
 0.588
 1.102
 1.076
 2.769
 1.613
 1.243
 0.932
 0.993
 1.303
-0.830
 0.187
-0.104
-0.503
 0.619
-1.189
-1.378
-0.092
-0.231
 0.002
-1.480
-0.710
 0.003
-1.077
 0.349
 0.640
-0.208
-0.370
 0.005
 0.868
-0.567
 0.354
-1.132
-0.590
-1.548
 0.162
-0.047
-0.508
 0.992
 1.393
 0.515
 2.458
 0.228
 0.627
 1.441
 0.127
 0.306
 0.264
 1.891
-0.070
-0.306
-0.332
 0.556
-0.282
 1.346
-0.946
 0.425
-0.095
 1.605
 1.787
 1.478
 0.819
 0.172
 0.991
-0.037
 0.781
 0.712
 1.459
 1.312
-1.051
-0.974
 0.453
 0.951
 2.008
 0.794
-0.420
-0.126
 0.272
 1.471
 0.715
 0.249
-0.783
-0.547
 0.891
-0.268
 2.140
 0.731
 1.290
 1.599
 1.897
 1.136
 0.453
 1.839
-0.447
 1.379
 0.264
 0.747
 0.974
 2.961
 0.458
 0.680
-0.110
 1.566
-0.706
 1.265
 0.684
 1.280
 1.774
 0.197
 1.793
 0.562
-0.542
 0.018
-0.683
 0.147
-0.366
 0.587
-0.054
 1.640
 2.041
 1.764
 0.970
 1.513
 1.154
-1.003
-0.285
 0.655
 1.411
 1.191
 0.817
-1.353
-1.521
 0.012
-0.301
 0.887
 0.291
 1.035
-0.310
-0.500
-1.410
 0.299
-0.004
-0.110
-0.068
-1.942
-0.122
-1.072
-1.245
-0.163
-1.022
-0.934
-2.275
-1.044
-1.060
-2.166
-1.601
-1.959
-2.178
-2.411
-0.958
-1.204
-1.517
-0.654
-1.916
-1.153
-0.068
 0.006
 1.448
-0.757
-1.222
-1.798
-1.162
 0.448
-0.088
 0.123
-0.457
-0.252
-1.164
-0.319
-1.531
-1.694
 0.320
-0.618
-1.740
-0.604
-1.556
-0.458
-0.644
-0.316
-0.486
-0.783
-1.070
-1.232
-0.859
-0.271
-1.722
-0.602
-1.790
-0.718
-1.294
-0.213
-1.849
-2.199
-1.797
-0.737
-1.109
-1.577
-1.176
-1.432
-0.251
-2.753
-1.628
-0.439
 0.562
-0.060
-1.599
-0.804
 1.312
-0.035
 1.672
 0.625
-0.273
 0.716
 0.077
 0.495
-2.335
 0.039
-0.410
-0.228
-0.720
 1.218
 0.080
-0.530
-0.143
-0.346
-0.108
-0.572
-0.962
 0.602
-0.554
-1.336
-1.114
-0.635
-0.690
-0.038
-0.404
 0.583
 0.187
-1.249
 0.699
 1.225
 0.457
-1.263
-1.117
-1.107
-2.204
-0.937
-1.406
-1.819
 0.059
 0.011
-0.511
-0.770
-0.263
-2.812
-1.946
-1.485
-1.957
-0.969
 0.123
-0.884
-0.934
-1.251
-0.518
-0.042
 0.362
 0.706
 0.007
-1.022
 0.348
 1.475
-0.769
-0.694
 0.065
-0.929
-0.311
-0.254
-1.787
 0.368
 0.050
 1.111
-0.450
 0.083
-0.075
 0.019
 0.649
 1.344
 0.925
 1.651
 1.996
-0.091
 1.426
 0.750
-0.767
-1.030
-0.279
 0.200
 0.806
-0.962
 0.031
 0.369
-1.083
-1.065
 0.229
 0.532
-2.364
-0.716
 1.146
 0.802
 0.201
 0.369
-2.017
 0.447
-0.409
-0.908
-0.416
-0.164
-0.875
-0.622
-0.938
-0.748
 0.065
-1.352
 0.522
 0.413
 0.720
-0.217
 0.683
 0.937
 0.035
 0.167
-0.206
-0.660
 1.290
 0.232
 0.140
-0.223
-2.093
-1.015
-0.281
 0.300
-0.353
-0.186
 0.292
 1.600
 0.588
-0.310
-1.060
-0.207
-1.541
-0.251
-0.808
-0.303
-1.200
 0.805
-0.366
-0.779
-0.325
-0.108
-0.477
-1.946
-1.484
-0.541
-1.893
-2.493
 0.485
 1.508
-0.040
-0.424
-0.591
-0.705
-0.979
-0.605
 0.838
-0.886
-0.225
-1.869
-0.618
-0.737
-1.106
-0.441
 0.516
 1.824
 1.130
 0.896
 1.098
 0.507
-0.564
 1.018
 0.107
-0.610
-0.489
 0.437
 0.665
-0.966
-0.390
-0.331
 0.299
-0.888
-0.788
-0.442
 0.331
-0.229
-0.574
 0.445
 1.107
-0.366
 0.732
 0.406
 0.601
 0.680
-0.249
-1.688
-1.282
 0.230
 0.181
 0.994
 0.159
 0.560
 1.631
 0.824
 1.022
 2.664
 1.518
 1.859
 2.018
 0.786
 0.010
 0.605
-0.704
-0.315
-1.568
-2.148
-1.843
-1.946
-1.217
-0.773
-1.321
-0.980
-0.749
-1.030
-0.799
-0.947
 0.771
 0.928
 1.812
 0.655
 0.052
 0.770
-0.142
-0.538
 1.082
-0.771
-0.027
-0.596
 1.077
 1.866
 1.454
-0.050
 0.574
-1.017
-0.900
 0.352
 0.988
 0.680
-0.464
 0.735
 0.405
 1.222
-0.464
-1.025
 0.173
-0.712
-0.445
-0.979
-0.101
 0.545
 0.686
 1.079
 0.032
-0.262
 0.042
 0.922
 2.184
-0.277
-0.211
 0.900
 0.270
 0.458
 1.143
-0.738
 0.038
 0.419
-0.844
-0.535
 1.040
-0.895
-1.358
 0.188
-1.024
-0.968
-1.761
-1.870
-1.735
-2.294
-0.953
-0.775
-0.460
 0.081
-1.001
-0.473
-1.335
-0.597
-0.111
 0.107
 1.351
 2.138
 0.962
 1.714
 1.702
 1.909
 1.186
-0.101
 1.219
 1.507
 1.157
 1.173
-0.137
 0.250
 0.174
 1.380
 0.031
-0.890
-1.850
 0.336
-0.772
-0.719
 0.515
-0.052
-1.173
-1.424
 0.241
-0.453
 0.186
 1.072
 0.793
 0.072
 0.059
-0.352
 0.402
-0.593
-1.098
 0.956
-0.445
-0.930
-1.134
-2.176
-1.038
-0.099
-0.533
-0.359
-0.166
-0.530
 0.273
-0.281
 1.597
-0.007
-0.098
-0.618
-1.364
-0.732
-0.771
-0.135
-1.733
-0.332
-0.645
-1.657
-1.315
-3.288
-2.518
-1.020
-0.886
-2.064
-1.271
 0.010
-1.355
 1.633
 0.511
 0.151
-0.972
-2.384
-1.822
-1.347
-1.180
-0.695
-2.107
-1.815
 0.290
-0.691
 0.709
 1.411
 0.177
 1.811
 0.803
 1.654
 1.208
-0.704
-0.972
-0.798
-0.553
-1.723
-1.397
-1.649
-1.789
 0.005
-0.080
-0.241
-1.395
-0.410
-0.047
 0.372
-0.959
 0.003
 0.372
 0.367
 1.188
 1.375
 0.671
 0.142
-0.433
-0.283
 0.773
 0.155
 0.144
-1.496
 0.160
 0.221
-0.419
-0.988
-1.116
 0.123
-0.790
-0.100
-0.253
-0.382
 1.785
 1.824
 0.791
 0.179
-0.176
-0.527
-0.804
-0.500
 0.012
 0.690
 0.091
 1.130
 0.095
 0.059
 0.785
 1.391
-0.783
-0.864
 0.055
 0.885
 2.823
 0.604
-0.918
-0.445
 0.537
 0.058
 0.050
 0.652
 0.380
 0.099
 0.570
 0.439
-0.481
 0.446
 0.348
 1.714
 0.688
 1.391
 1.228
-0.162
-0.263
 0.924
 1.434
 1.598
 0.566
 1.471
 0.733
 0.240
 0.592
 0.559
-0.037
 0.124
 1.248
 0.195
-0.445
-0.713
-0.272
 1.179
 1.015
-0.864
-0.219
 0.563
-0.585
 0.418
 1.555
-0.012
-0.308
 0.277
-0.176
-0.140
-1.689
-1.612
 0.118
-1.026
-0.437
-0.046
 0.883
 0.415
 0.915
 2.049
 0.424
 1.050
 0.869
 0.709
 0.186
-1.199
 0.254
-0.188
 1.021
-0.528
-0.619
 1.247
-0.120
 1.065
-0.739
-0.288
 0.473
 0.066
 0.431
 0.298
 1.258
 0.022
-0.953
-0.299
-0.791
-0.993
-0.851
-0.405
-0.851
 0.781
 1.313
 2.536
 1.485
-0.217
-0.522
-0.535
-1.115
-1.223
-0.537
-0.357
-1.419
-0.673
 1.460
 0.070
 0.933
-0.151
-0.148
-0.525
-1.974
 0.769
 1.400
 0.634
-0.126
-0.375
-0.165
-0.082
-0.853
 0.228
-0.493
-0.480
 0.451
 0.788
-0.103
-0.362
-0.882
-1.536
-1.960
-0.465
 0.284
-1.723
 0.422
-0.773
-0.347
-1.343
-1.194
-1.732
-1.059
-1.243
-1.300
-0.483
-1.709
-2.104
-1.592
-2.623
-0.964
-2.031
-0.335
-1.688
-1.778
-0.286
 1.010
-0.919
-0.774
 1.195
-0.058
-0.873
 0.514
 1.143
-1.085
 0.049
 0.137
-0.271
 0.464
 0.923
-0.927
-0.330
-0.485
 0.040
-0.205
-1.512
 0.559
 0.567
-0.125
 0.940
 0.556
 0.650
 1.674
 0.263
-0.739
 0.519
 0.402
-1.035
-1.043
 0.889
-0.394
 0.121
 0.618
 0.474
 1.582
-0.140
 0.704
 0.182
-0.346
 0.519
 1.316
-0.508
-0.266
 1.137
-0.162
 1.552
-0.162
-1.320
-1.031
-0.316
 0.588
 1.222
 0.447
 0.553
 0.827
 0.236
 0.117
 0.472
 0.175
-0.490
 1.292
 0.278
 0.541
 0.555
-0.274
-1.837
-0.417
 0.513
 0.383
 0.721
 0.443
 0.104
 0.676
 1.305
-2.205
-0.724
-0.511
-0.653
 0.028
-0.037
 0.541
 1.225
-0.233
-0.240
 0.832
 0.124
-1.498
-0.317
-0.716
-2.976
-0.041
-0.147
-0.680
 0.058
 0.042
-0.256
 0.739
 0.678
-0.422
-0.030
 0.750
 1.145
-0.244
-0.124
-0.149
-1.310
-1.862
 0.757
-0.325
 0.257
 0.475
 0.142
 0.960
 1.164
-0.244
-0.133
-1.477
-2.077
-0.560
-1.107
-0.103
-0.585
-0.173
-0.262
-0.710
 0.287
 1.909
 1.534
 0.321
-0.218
-0.587
 0.520
 1.675
-0.883
-0.387
-0.706
-0.006
 0.005
 0.227
 0.811
-0.326
 0.070
-1.456
-1.132
-0.205
-0.487
-0.912
 0.888
-0.370
-0.033
 0.178
-0.507
-0.385
-0.584
-0.866
 0.546
-0.892
-0.328
 0.528
 0.412
 1.027
 0.308
-0.917
-0.560
-0.772
-0.677
-2.580
-1.683
 0.391
-1.184
 0.340
 2.734
 1.156
 0.818
 0.689
 0.488
 0.459
-0.376
 0.103
 0.924
-0.512
-0.371
-0.538
-0.156
 1.378
-1.195
 0.108
-0.367
-0.677
-0.683
-1.654
-1.161
-1.429
-0.011
 0.954
-0.760
-0.133
-0.005
 0.342
 1.302
 1.185
-0.789
 0.587
-1.124
-0.461
-0.382
-0.287
 0.382
-0.140
 0.032
-1.761
-2.551
-2.034
-2.039
-0.589
-1.143
-1.209
-0.648
-0.593
-0.496
-0.748
-0.010
-0.443
-0.256
-0.602
-0.029
 0.234
-0.590
-0.341
 0.211
-0.445
 0.097
 0.702
-0.106
 0.135
-1.788
-0.786
-0.491
-0.999
-0.061
-1.400
-1.317
-0.740
-2.114
-1.710
-2.379
 0.043
-1.432
-1.675
-0.034
 0.295
-0.486
-0.755
-0.797
-0.939
-1.375
-0.896
-0.127
-0.678
-0.493
-0.385
-0.098
-0.196
 0.623
 1.057
 1.665
 1.095
-0.189
 0.562
-0.168
 0.221
 0.378
 0.708
-0.254
 0.120
-0.138
 0.462
 1.116
 0.255
 1.363
 0.326
 0.158
 0.995
 0.206
 0.887
-1.619
-0.590
-1.076
 0.742
-0.614
-0.348
 0.497
 2.022
 2.126
 0.634
 0.942
 0.973
 0.338
 0.998
 0.941
 2.011
 1.575
-0.200
 0.678
 1.045
 1.650
-0.048
 1.535
 0.317
 1.228
 1.809
 1.161
 0.264
 0.630
-0.764
 0.162
-0.800
-0.244
 0.032
 0.321
-0.783
-0.363
-1.349
-1.344
-0.501
 0.207
 0.062
-1.217
-0.793
-0.349
-0.351
 0.649
-0.163
 0.384
 0.358
-0.376
 0.396
-0.152
-0.209
 0.782
 0.460
-0.617
 0.239
-0.382
 0.615
-0.314
 1.423
 0.848
 0.402
 0.207
-0.221
 0.047
 0.734
 1.978
 0.484
 0.315
 0.733
-1.140
-1.252
-0.579
 0.798
-0.226
 0.554
 0.979
-0.627
-1.566
-1.697
-0.972
-1.721
-1.051
-1.273
 0.663
-1.120
-0.836
-1.343
-1.200
-0.629
-0.108
 0.329
-1.418
 1.239
 1.323
-0.073
 1.008
-0.012
 0.435
 0.562
 2.103
-0.777
-0.912
 0.371
 0.177
 0.829
 0.566
-0.298
 0.991
 1.414
 0.345
-0.076
 0.372
 1.901
 1.891
 1.039
 0.360
 0.368
 0.361
 1.563
 0.455
 0.907
 1.267
 1.616
 1.756
 1.126
-0.642
-0.340
 0.915
 1.864
 0.170
 0.042
 0.555
 0.754
 0.868
 1.352
-0.040
 0.434
-0.682
 0.380
 1.517
 0.274
 0.857
-0.607
-0.632
-0.999
-1.932
-0.051
-0.161
 0.337
 0.661
 1.418
 1.554
 1.763
 0.604
 1.122
 1.072
 1.580
 0.118
 0.360
 0.151
 0.121
 0.211
-0.035
 0.944
 1.198
 0.110
-0.179
 0.721
-0.626
 0.864
 1.458
-0.592
-0.729
-0.222
 1.146
 0.043
 0.897
 1.134
-0.528
 0.143
 0.595
 0.300
-0.551
-0.028
 3.124
 1.537
 1.065
 1.669
 1.845
 1.043
 0.971
 1.223
 1.109
 0.162
-0.968
 0.863
 0.895
 0.810
 1.669
-0.648
-0.775
-0.220
-0.771
-1.303
-0.600
-1.825
-1.110
-0.989
-0.646
-0.503
 0.486
 0.490
 2.017
-1.017
-0.621
-0.455
 0.359
-1.161
 0.185
-0.119
-0.946
-0.896
-0.943
-1.037
 1.032
-0.180
-0.324
-0.088
-0.442
-0.735
 0.683
-0.189
-2.092
-2.253
-2.213
-0.465
 0.892
-0.233
 0.656
-0.873
-0.338
 1.315
 0.627
-1.244
-1.210
-1.432
 0.298
-0.280
-0.519
-0.689
-0.531
-1.756
-1.903
-1.696
-1.037
-1.943
-1.971
-0.132
 0.177
-0.761
 0.605
-0.175
-0.038
 0.824
-0.060
-2.064
-1.088
-0.781
-1.922
 0.561
 0.057
-0.689
-0.929
-1.692
-1.688
-2.480
-0.204
-0.546
-0.055
 0.157
 1.586
 1.512
 0.148
 1.354
-1.006
-0.873
 0.641
 0.859
-0.005
 0.928
 0.830
 2.428
 0.567
-0.481
 1.531
 0.686
-0.506
 0.639
 0.476
-0.603
-0.796
 0.531
 0.431
 1.163
 1.426
 0.350
-0.241
 1.127
 1.185
 0.785
 2.214
 0.827
 0.715
-0.210
 0.212
-0.907
 1.495
 0.472
-2.717
-0.655
-3.388
-1.138
-1.294
-2.386
-0.896
-0.567
-0.665
 0.396
-1.810
-0.733
-0.733
 0.098
-1.343
-0.576
-0.950
-2.982
-0.571
-1.664
-0.567
-1.334
-1.401
-0.486
-0.631
-1.822
-2.670
-2.868
-1.895
-2.252
-0.395
-0.592
-0.903
-1.060
-1.679
-1.118
-1.078
-0.084
-0.849
-1.250
-1.992
-2.231
 0.182
-1.266
-1.353
-1.339
-0.102
-0.709
 0.138
-1.200
-0.441
-0.281
-0.156
-0.052
-0.962
-0.953
-0.808
-0.648
-1.391
 0.227
-2.005
-2.277
-1.186
-1.673
-1.806
-2.050
-0.492
-1.216
-0.511
-0.855
-0.796
-1.425
 0.012
-1.628
-1.755
-0.257
-0.704
 0.155
 0.806
-0.183
-0.643
 0.023
-1.769
 0.795
-0.277
 0.479
 0.074
-0.402
 0.684
-0.323
 0.404
 0.473
 0.928
 2.194
 1.224
-0.263
-1.224
 1.125
-0.330
-0.972
 0.905
 0.061
 0.503
 0.327
 0.981
-0.429
-0.854
 0.374
-1.750
-0.900
-1.872
-0.913
-0.752
 0.262
-1.547
-1.411
-2.476
-1.976
-1.777
-2.946
-0.993
 0.542
 1.406
 0.839
 0.465
-0.712
-0.279
 0.193
-0.436
-0.242
-0.250
 0.601
-0.285
-0.640
 0.137
 0.283
 1.248
 0.213
 1.484
 1.448
 0.507
 0.218
 1.456
 0.726
-1.120
 1.048
 0.358
 1.002
-0.733
 0.387
-0.186
-0.848
 0.075
 1.401
 1.645
 1.103
 0.243
 0.109
 0.250
 1.823
 0.349
 1.835
 0.570
 1.039
-0.432
 0.415
-1.144
 0.644
 0.773
-0.387
 0.936
 0.799
-0.158
-0.884
 1.038
-0.456
-1.500
-0.569
 1.292
 1.904
-0.549
-0.515
-0.281
-0.463
-0.509
 0.896
-0.456
-0.355
 0.670
 1.506
 1.664
 1.162
-0.211
 0.398
-0.911
-1.536
 0.302
 0.832
-2.128
-1.083
-0.070
-1.308
-1.047
-0.908
-1.276
-2.032
-0.512
-0.092
-0.635
 0.641
-0.368
 0.276
-0.227
-0.530
-0.722
 0.296
 0.261
 0.778
 0.157
 0.230
-0.254
-0.581
 0.574
-0.137
 0.101
 0.991
 0.374
 0.341
-0.720
 0.190
-0.151
-0.516
 0.517
-0.305
 0.548
-0.162
 0.070
-0.562
-1.184
-1.763
 0.100
 1.306
 0.149
-1.137
-0.002
 0.613
-0.122
-0.431
 0.040
-1.334
-0.047
 0.992
-0.175
-0.386
-0.019
-0.422
-0.520
-0.580
 0.747
-0.615
-0.247
 0.878
-0.285
-0.128
-1.144
-1.936
-1.301
-2.092
-1.415
-2.435
-0.973
-1.820
-1.608
-0.600
 0.308
 0.697
-0.460
 0.284
-0.253
 2.286
 1.702
 0.700
 0.539
 0.098
 0.666
 0.306
 1.117
 1.001
 0.840
-0.325
 0.153
 1.990
 0.835
 0.683
 1.569
 0.707
 0.667
 0.174
-0.078
-0.786
-0.691
 0.067
-1.203
 0.211
-0.389
-1.100
-0.353
-0.334
-0.526
-1.325
-1.169
-0.765
 0.318
 0.537
-0.090
 1.140
-0.299
 0.124
-1.215
-0.008
-0.524
-0.009
-0.136
 0.480
-1.098
 0.061
 0.024
 0.291
 0.972
 2.533
 1.157
 1.889
 0.670
 1.195
-1.101
-0.732
 0.027
-0.906
 0.147
 1.813
 0.531
 0.017
-0.897
-0.780
 0.693
 0.915
 0.054
-0.262
 1.996
 1.395
-0.212
-1.021
 0.134
-1.227
-0.651
-0.679
 0.245
 0.063
-0.062
 2.200
 1.402
 0.260
-0.117
-0.072
 1.022
-0.282
-0.378
-0.183
-0.673
 1.165
 0.318
 0.422
-0.644
-0.933
-0.083
 0.661
 0.175
 0.232
-0.783
-0.720
-0.397
 0.258
-0.235
-1.233
-0.862
-0.826
-1.042
 0.730
-0.992
 0.567
 0.630
 1.123
 0.897
 1.036
 1.420
 0.541
 1.317
 0.595
 2.108
 0.607
 0.695
 0.686
-0.409
-0.275
-1.149
-0.184
-0.789
-1.453
-0.359
 0.182
-0.588
-0.018
-0.035
 0.475
 0.837
-0.395
 1.332
 1.251
 0.114
-0.714
-0.037
-0.229
-0.254
 0.435
-0.898
-0.851
 0.541
 1.147
 1.316
 0.892
 0.854
 0.979
 0.741
 1.062
-0.577
 0.706
 0.884
 0.517
 0.011
-0.600
-1.409
-0.753
-1.481
-0.945
-1.638
 0.311
-1.568
-0.765
-0.711
 0.346
 0.236
 0.549
 1.107
 0.783
 2.233
 2.215
 1.776
 1.003
 1.071
 0.628
 0.549
 0.274
 1.603
 0.305
 0.295
-0.214
 0.405
 3.291
 1.860
 1.640
-0.210
-0.257
 0.667
-0.292
 0.463
-0.946
-0.518
-0.014
-0.366
 0.624
 1.982
 0.345
 0.735
 0.227
 0.133
-0.275
-0.264
-0.325
-1.147
 0.823
 0.552
 1.276
-0.257
-0.808
-0.108
 0.109
 0.436
 0.973
-0.374
 1.376
 0.772
 0.050
 0.874
-0.849
 0.425
-0.254
 0.378
-0.026
-1.560
 0.127
-0.117
 0.628
-0.798
-0.579
 0.517
-1.092
 0.254
 0.695
-0.620
-0.260
 2.056
-0.919
-1.037
-1.142
 0.538
 0.462
 0.733
 0.849
 0.097
 0.126
 1.118
 0.178
 0.813
-0.667
 0.606
 0.947
 0.247
-0.454
 0.251
 1.846
 0.992
 2.504
 0.705
 1.331
-0.448
 0.091
 0.919
 0.842
-0.742
-0.251
-1.522
-1.245
-0.903
-1.206
-1.063
-0.461
-0.150
 0.391
-0.131
 0.120
 1.125
 0.777
 1.807
 0.631
-0.537
-0.866
-0.042
 1.163
 0.457
 1.898
 1.349
 0.468
 0.208
 0.009
 0.602
 0.019
 0.751
 0.006
-0.717
-0.358
 0.256
 0.233
 0.613
 0.869
 0.836
-0.424
 1.064
-0.417
 0.829
-0.015
-0.973
-0.416
-0.495
-0.485
-1.225
 2.666
 0.100
 0.219
 0.030
 0.134
-0.945
 0.046
-0.413
-0.542
 1.065
 0.620
 0.845
-0.816
 0.047
 0.063
 0.673
-0.576
-2.169
-0.905
-0.568
-1.050
-0.787
-1.220
 0.587
 0.352
-0.621
-0.739
 0.177
-0.744
 0.729
-0.545
 0.203
 0.024
-1.241
-1.324
-0.189
 0.325
 0.699
 0.518
 1.501
 1.128
 1.152
 0.116
 0.559
-0.256
 0.811
 0.846
 1.013
 0.878
 1.523
 1.890
 3.540
 1.335
-0.078
 0.985
 0.808
 1.136
 1.196
-0.516
-0.767
-1.797
-2.646
-2.216
-2.096
-0.006
 0.554
-0.468
-0.713
-0.116
-0.399
 1.407
-0.242
 0.098
-0.012
 1.465
 1.172
 1.149
-0.442
-0.556
 0.017
 0.103
 0.578
 0.653
 0.547
-0.622
 0.899
-0.213
-0.605
-0.307
-0.535
-0.687
-1.129
-1.383
-1.195
-0.501
-0.850
-1.366
-1.003
-0.589
 1.172
 0.011
-0.183
-0.403
 0.897
-0.239
 0.070
-0.648
-0.338
 0.031
-0.739
 1.161
 1.087
-0.685
 0.782
-0.448
 0.109
 0.557
-1.464
-0.672
 0.248
 0.402
-1.128
 0.838
 1.175
 1.344
 0.992
-0.564
-1.205
-2.215
-0.586
-1.849
-0.756
 0.039
 0.041
 0.286
-0.415
 0.217
 0.058
 0.586
 0.251
 1.217
 1.593
 0.021
 1.241
 1.186
-0.168
-0.148
-0.879
 1.100
 0.558
-0.195
-0.049
-0.897
-0.200
 0.258
 0.463
-1.032
 0.109
 1.434
 0.483
 0.432
 0.786
 1.299
-0.401
-0.387
-0.857
-0.181
 0.975
-1.284
-0.839
-0.753
-0.127
 0.754
-0.377
-0.466
 0.164
-0.116
-0.399
-1.967
 0.368
-1.992
-0.817
-1.002
-1.077
-1.310
-1.890
-1.259
-0.947
-0.719
 0.053
-0.371
-1.822
-1.346
-0.186
-1.719
-0.920
-1.697
-0.594
-0.787
-1.227
-1.104
-1.174
-1.021
-1.082
-0.192
 0.200
 0.935
 0.970
 2.319
 1.189
-1.297
 0.385
-0.079
 0.520
 0.624
-1.124
 0.356
 0.896
 0.252
 0.566
-0.833
 0.739
 0.126
-0.734
 0.602
 1.092
 1.081
 0.472
 0.934
-0.449
-0.442
-1.171
-0.419
 0.303
-0.026
-1.574
-1.570
-1.566
-0.089
-1.433
 0.067
 0.099
 0.128
-0.637
 0.174
-0.456
-0.948
-0.409
-0.681
 0.255
 1.169
 1.364
-0.125
-0.670
-1.145
-1.106
-0.369
 0.248
-0.413
 0.198
 1.727
 1.709
-0.272
 0.116
 1.858
 0.502
 0.140
 1.984
 1.293
 0.867
 0.642
 0.192
-0.769
 0.183
-0.407
 0.514
-0.295
-0.172
-0.942
-0.409
 0.132
 0.063
 1.683
 0.397
 1.088
 0.264
 2.083
 1.807
 1.584
 2.916
 1.489
 0.808
 1.996
 1.283
 0.839
 0.534
 0.238
 1.289
-0.010
 1.457
-0.728
 2.057
 2.471
 1.817
 0.817
 0.683
 0.117
-0.421
-0.621
-0.096
 0.418
 0.145
 0.929
-0.124
 0.974
-0.776
 1.351
-0.379
 2.318
 0.873
 2.345
 2.256
 2.179
 1.041
 0.801
-0.208
 0.565
-0.255
 0.104
 0.005
 0.096
 2.297
 1.731
 0.859
 1.721
 1.415
 0.939
-0.093
 0.609
 1.245
-0.928
-0.898
 1.125
 0.847
-0.908
-1.829
 0.005
-0.455
-1.271
-0.876
-0.135
 0.310
-0.539
-0.547
 0.889
 1.253
 0.254
 0.429
 1.328
-0.636
 0.412
-0.935
 0.235
-0.895
-0.541
 0.339
-1.445
-1.588
 0.947
-0.717
-0.801
-0.701
 0.623
 1.152
 1.051
 0.038
 0.026
 0.406
-0.930
-0.735
 0.978
 0.147
 0.273
 0.226
 1.652
-1.527
-0.968
-0.049
-0.275
 0.120
 0.671
-0.839
-0.015
-1.639
-1.202
 0.997
 0.250
 0.377
 0.643
 0.737
-0.221
-1.020
 0.253
 0.278
-0.062
 0.089
-0.256
-1.810
 0.308
-0.121
-0.604
 0.705
-0.449
-0.278
-0.248
 0.182
 0.445
 0.114
 1.954
 0.182
-0.400
-1.317
 0.824
 0.383
-1.321
-0.596
-1.084
 0.285
 0.381
 1.032
 1.014
-0.653
-0.308
 0.163
-0.336
-0.591
 1.739
 0.615
 1.524
 0.086
 0.731
-0.586
-0.507
-0.358
 0.442
-1.040
-0.619
 0.480
 2.032
 1.988
 1.304
-0.134
 0.081
 0.031
-0.979
 0.442
-0.063
 0.367
-1.532
 0.562
 0.398
 1.601
 1.550
 1.077
 1.604
-0.257
 0.429
 0.650
-0.667
-0.322
-1.556
-0.692
-0.431
-0.407
 0.514
-0.235
-1.224
-1.508
-0.366
-2.063
-2.279
-1.839
-0.011
 0.224
-0.310
-0.211
-0.720
-0.771
-1.911
 0.036
 1.359
 0.346
-2.422
-0.392
 0.103
-0.537
-0.395
-0.875
 0.015
 1.236
 1.212
-0.490
-0.131
 0.052
-0.302
 1.678
-1.083
 0.180
 0.144
-0.626
 1.173
 0.418
 0.286
 1.496
 1.147
 1.443
 0.626
 0.204
 0.772
 0.753
 1.445
 0.446
-0.287
-0.595
 0.693
 0.097
 0.527
 0.314
 0.508
 0.646
-0.821
 0.974
-0.485
 1.274
-0.795
-0.741
 0.343
-0.048
 0.694
-0.200
 0.094
 0.989
 1.805
 0.164
 0.660
-0.347
-1.083
-0.305
 0.381
 0.596
 1.689
 1.142
 0.624
 0.791
-1.068
-0.734
-0.311
 0.181
 0.164
 0.244
-0.890
 0.633
 0.620
-0.899
-0.278
 0.300
-1.414
-0.818
-0.200
-1.882
-0.405
-0.354
-0.277
-1.248
 0.987
-0.452
-1.694
-0.094
 0.153
-0.745
-0.839
 0.118
-0.902
-1.254
 0.435
-0.221
-0.845
-0.585
-0.360
-0.350
-2.007
-0.302
 0.943
-0.121
 1.591
 0.425
 1.392
-0.328
 0.795
 2.023
 1.372
 0.898
 0.580
 0.700
 0.592
-0.126
-0.188
 0.177
 0.190
-1.710
-0.524
 0.696
 0.288
-0.716
 1.612
 1.241
 0.772
 1.054
 0.532
 1.368
 0.386
 0.255
 1.385
 0.623
 0.166
-1.736
-0.446
-0.564
 0.265
-0.291
 0.687
 1.030
 1.416
 0.746
 1.536
 0.678
 1.196
 0.341
-0.227
 0.158
 0.001
-1.171
-1.199
-1.033
-1.961
-1.176
-1.091
 0.292
 0.122
 0.351
-1.992
-0.991
-0.350
-0.788
-1.115
-1.218
-0.959
-1.430
-1.223
-3.078
-2.221
-0.269
 0.598
-1.141
-0.158
-0.537
-1.001
 0.905
 0.259
 0.267
-0.445
-0.911
 2.131
-0.156
 0.614
 1.602
-0.061
 1.658
 0.707
 0.893
 0.194
 0.608
 1.079
 0.166
 1.302
 0.730
 1.650
 0.617
 1.472
 2.151
 0.935
-0.089
 0.275
 0.141
-0.039
 1.372
 1.757
 1.749
 1.378
 1.800
 1.233
 0.584
-0.151
 1.002
-1.418
-0.742
 0.182
 0.325
 1.311
 0.761
-1.444
 0.582
-0.565
 1.528
 2.174
 1.429
 0.672
-0.045
 1.159
 0.774
 0.071
 1.374
 1.399
 0.370
-0.220
-0.472
 0.306
-0.689
-1.213
-1.522
-0.846
-0.210
-0.427
 2.019
 0.920
 0.393
-0.250
-0.758
-1.586
-0.352
-0.157
 0.125
 2.007
 0.212
 0.315
-0.202
-0.027
 0.917
 1.513
 1.750
 1.457
 0.439
 1.778
 0.381
 1.622
-0.265
 0.509
 0.989
-0.100
-0.621
-0.014
 0.182
 0.273
-0.190
 1.125
 0.776
-0.666
 0.879
 1.433
-0.833
 1.100
 1.105
 2.426
 1.069
 0.599
-0.310
 0.596
 0.172
 0.165
 1.393
 0.847
-0.043
 1.157
 0.795
 2.026
 0.539
 1.338
 0.853
 1.082
 0.709
 0.840
 0.206
 0.803
 0.026
 0.395
 2.197
 2.129
 2.033
 1.467
-1.472
 0.285
 0.665
 1.555
 1.827
-0.361
 0.320
-0.044
 2.721
 1.241
-0.564
 0.407
-0.312
 0.639
 0.209
 0.204
-0.842
-0.410
-0.997
 0.043
 0.075
 0.384
-0.313
 0.492
 0.819
 0.057
 1.748
 1.009
 0.687
 1.562
 1.212
 1.226
 0.798
 0.406
 0.709
 1.490
 1.608
 1.463
 1.871
 1.429
 1.780
-0.127
 1.070
-0.362
-0.328
 0.298
 2.464
 1.621
 0.646
 1.601
 0.750
 0.943
 1.858
-0.844
-0.024
 0.205
 0.996
 0.705
 0.676
 0.393
-0.920
-0.388
-0.210
 1.062
 1.184
 0.877
-0.158
 2.087
 0.310
 1.072
 0.036
 0.334
-1.399
-1.764
 0.478
 0.022
 0.274
 0.302
-0.255
 0.182
 1.338
 0.531
 1.313
-0.212
 0.069
 0.382
-0.341
 0.520
 1.055
-0.108
-0.827
 0.154
 0.297
 0.203
-0.509
-0.989
-0.751
-0.771
-0.635
-2.290
-0.887
 0.394
-0.756
-1.324
-0.968
-1.258
-2.740
-1.377
-0.462
 0.893
 0.402
 0.399
 0.403
-1.726
-1.070
-0.177
 0.124
-1.309
-0.786
 0.089
 0.896
 0.165
 0.687
-0.316
 0.483
 0.663
-1.151
-0.403
-0.343
 1.055
-0.890
-1.007
-1.803
-1.161
-2.205
-2.129
-0.713
-0.139
-0.624
-1.045
-1.734
-0.955
-0.350
-0.613
-1.727
 0.643
-1.045
-0.821
-1.709
-0.451
-1.823
-0.855
-1.874
-0.104
 1.131
-0.578
 0.496
 1.433
 0.554
 1.293
 0.695
-0.601
-0.976
 0.299
 0.905
 0.378
 0.270
 1.228
-0.571
 0.158
-0.351
-1.384
-0.129
-1.557
-0.906
-0.485
-1.231
-0.262
-1.232
-0.936
-0.409
 0.357
-0.326
-0.237
 0.718
-0.843
-0.764
-0.262
 0.521
-0.289
 0.692
-0.173
-0.484
-0.425
 0.376
-0.545
-0.222
-0.055
 1.286
 1.344
-0.457
-0.694
-0.147
-2.325
-0.363
-0.275
-1.868
-0.099
-0.739
-1.111
-0.916
 0.503
 2.353
 0.939
 0.322
 0.210
 1.280
 1.031
 0.774
-0.113
 1.131
 0.620
 1.325
-0.660
 0.488
 1.229
 0.506
 1.376
 0.962
 0.603
 0.139
-0.002
 1.415
-0.435
 0.126
-0.467
-1.462
-1.851
-0.584
 0.653
 1.466
 0.190
 0.468
 0.053
-0.776
-1.239
-0.717
 1.251
-0.724
 0.469
 1.012
-0.533
 0.929
 2.097
 0.514
-0.742
-1.053
-2.073
-1.152
-0.667
 0.176
 0.145
-0.467
 0.193
 1.234
-0.316
-0.320
 2.287
 0.436
-0.020
 0.485
-0.079
 0.136
 0.275
 0.418
-0.082
-1.131
 0.763
 0.433
-0.022
 0.270
 0.067
 1.148
-1.224
-0.145
 0.674
-0.353
-1.233
 0.998
 0.807
 0.429
-0.865
-1.131
 0.660
 0.910
 1.700
 2.065
 2.066
 1.707
 0.538
 0.621
 0.367
 0.439
 0.837
-0.325
 1.272
 0.900
 0.543
 0.166
-0.353
 0.463
-0.369
 0.401
-0.105
-0.070
-0.135
 0.725
 0.493
-0.404
 0.472
 0.215
 0.690
 0.415
-1.150
-1.320
-1.621
-0.914
-0.033
 1.030
-0.295
-0.091
-0.226
 0.067
 1.287
-0.402
 0.932
 1.391
 1.106
 0.397
 1.610
-0.479
-0.655
-0.611
-1.115
-1.011
-0.932
-0.418
 0.700
 0.775
 0.454
 0.471
 0.078
 0.559
-0.136
 1.344
 0.392
 0.722
 0.328
 1.022
 1.237
 0.430
 1.596
 1.916
 1.450
 1.158
 2.125
 1.332
 1.155
 1.172
 0.226
 1.192
 2.434
 1.744
-0.516
-0.102
 0.710
 0.998
 1.005
 0.322
 0.771
 1.605
 0.636
 0.181
 1.435
-0.255
 0.670
 1.687
-0.331
 0.614
 1.454
 1.518
 2.172
 1.794
 0.936
 0.430
 1.842
 0.471
-0.071
 0.787
 1.809
 0.560
-0.357
-0.069
 1.329
-0.084
-0.035
-0.451
 0.480
 1.042
 0.100
-0.658
 0.619
-0.159
 0.005
 0.003
 0.105
 0.632
 1.333
 1.027
 0.140
 0.901
 1.019
-1.205
-0.042
 2.226
 1.472
 1.081
 0.337
 0.292
 1.894
 0.800
 0.923
 1.319
 1.000
-0.388
 2.641
 2.020
 0.855
 1.911
 1.537
 0.830
 0.345
 1.595
 1.099
 0.728
 1.945
-0.074
 0.191
 0.858
 1.470
 2.059
 1.048
 1.716
 0.487
 0.036
 0.455
 0.180
 1.559
 0.144
 0.490
 0.847
 1.415
 0.316
 1.156
 1.290
 1.368
 0.865
-0.903
 0.778
-0.307
 0.836
 1.232
 1.069
-0.279
 0.412
 2.065
 1.262
 2.009
 1.606
 1.971
 0.501
 0.936
 0.283
-0.729
 0.567
 0.886
 1.158
 0.880
-0.520
-0.153
 0.997
-0.207
-0.725
-0.022
 0.117
 1.010
-1.011
 1.184
 0.642
 1.439
 1.978
 1.404
-0.370
 0.828
-0.310
-0.580
 0.294
 1.193
-0.449
 0.233
-0.100
 0.439
 0.803
 1.632
 0.050
 1.894
 1.015
 0.828
 0.508
 1.845
 1.654
 2.856
 1.880
 1.289
 0.669
 0.776
-0.762
 0.172
 0.412
-0.865
 1.259
 0.269
-0.017
 0.477
 0.917
 0.245
 1.311
 0.235
-0.236
 1.822
-0.259
 1.653
 0.276
 1.490
 0.011
 0.546
 1.227
 1.051
-0.334
 0.848
 0.645
 1.966
 1.483
 0.562
 0.789
 0.940
-0.255
 0.971
-0.739
 1.317
 1.428
-0.674
-0.641
 0.563
 0.140
 0.326
 0.242
 0.692
 0.623
 1.145
 1.625
-0.269
 0.546
 0.357
-0.039
 0.106
-0.389
-0.576
-0.422
-0.002
 0.424
 0.274
-0.490
 0.293
 2.375
 0.357
-0.594
 1.546
 0.886
 1.644
 0.507
 2.428
 0.427
 0.431
 2.284
 1.984
 0.234
 0.216
 0.493
 0.677
 2.469
 2.686
-0.532
 0.046
 0.112
 0.908
 0.037
 0.022
-1.663
-1.234
-0.637
-0.839
-0.102
 0.143
 0.236
 0.022
-0.499
-0.630
 0.880
 0.318
-1.150
 0.083
-0.167
-0.209
 0.717
 2.253
 0.747
-0.098
-0.830
-1.058
-1.007
 0.489
 0.766
 0.707
 0.687
 1.454
-0.138
-0.366
-0.710
 0.375
-0.160
 1.285
 1.174
 0.361
-0.919
 1.330
-0.034
 0.250
 1.084
 1.255
 1.599
-0.881
-0.176
-0.075
 0.972
-0.212
 0.974
 2.021
 0.950
 0.267
 0.424
 0.627
 2.428
 1.662
 1.134
-0.391
 0.276
-0.749
-0.746
 0.545
 0.859
-0.014
 0.073
 0.479
 1.227
 2.125
 0.819
 0.744
-0.697
-0.232
 0.187
 0.793
 0.192
-0.086
-0.737
-1.405
-1.095
 0.159
 1.021
 0.757
-0.129
 0.646
 0.525
-1.239
-0.107
-1.252
-1.263
 0.541
 0.682
 0.809
 0.755
 0.093
 0.534
-0.844
 0.629
-0.524
 0.363
 1.394
-0.192
-0.354
-1.227
-0.928
-0.148
 0.002
-0.987
 0.581
-0.824
-0.249
 0.494
-1.054
-0.324
-1.347
-0.877
-0.182
-0.141
 0.331
 0.267
-1.421
-1.008
-0.899
 0.453
 1.071
 0.051
 0.916
-0.771
-1.403
-0.185
 0.283
-1.118
 0.162
-2.352
-1.338
-0.037
 1.386
 0.785
 1.075
 0.074
-0.447
 0.347
-0.411
 0.857
-0.934
 0.875
-0.751
 0.507
 0.553
 0.104
 0.944
-0.913
-0.866
-1.174
-0.104
 0.483
 0.202
 0.352
 2.077
 1.021
 0.288
 1.540
 0.872
 0.147
 0.838
-0.414
 0.091
-0.570
 1.390
 1.497
 1.470
 1.312
 0.870
 0.848
 0.740
 0.402
-0.013
 0.644
 0.470
 0.200
 0.164
 0.572
 1.181
 0.826
 0.713
 0.597
 1.354
 1.361
-0.262
 0.432
 1.444
 0.484
 0.863
 1.140
-0.748
-0.020
 0.013
 1.345
 0.869
 2.926
 1.563
 1.028
 1.507
 0.563
 1.858
 1.365
 0.544
 0.267
 0.613
 1.539
-0.539
-0.416
-0.944
-0.690
-0.466
-1.574
-0.272
 0.322
 0.411
-0.518
-1.027
 0.265
-1.538
-2.077
-0.352
-0.508
-1.607
-2.059
-0.592
 0.145
-2.230
-0.385
-2.695
-2.221
 0.251
-0.211
-0.469
-2.474
-4.060
-2.545
-0.277
 0.215
-0.588
-0.366
-0.103
-0.857
-0.760
 0.391
-0.758
-1.552
-0.634
 1.229
 0.908
 0.868
 0.019
 0.053
-0.744
-0.085
 0.209
-1.016
 0.683
-0.980
-1.321
-1.268
-0.063
-0.461
-0.810
-0.639
-0.546
-0.165
-0.648
 0.247
 0.166
 0.630
 0.254
-1.663
 1.384
 0.982
 0.513
-0.367
 0.295
-0.847
 0.086
 0.183
-0.097
 2.272
 0.081
 0.424
 1.139
 0.486
 2.946
 0.818
-0.755
 0.134
-1.341
-0.336
-0.203
-0.633
-1.201
-1.849
-2.314
-1.033
-2.109
-0.980
-1.980
-1.568
-1.001
 0.000
 0.822
 0.303
-0.602
-1.793
-0.142
-1.144
 0.645
 0.287
-1.067
-2.311
-1.656
-1.479
-2.095
-0.284
-0.606
-1.666
-1.909
-1.559
-0.934
-1.033
 0.162
-1.231
 0.625
-0.902
-1.245
-0.013
 0.013
 1.124
 1.145
-0.147
-0.630
-0.676
-0.014
 0.281
-1.379
-0.516
-1.789
-0.500
 0.534
 0.915
 0.759
 0.784
-0.718
 0.296
-1.309
 0.083
 0.861
 0.569
-0.335
 0.394
 1.865
 1.654
 0.106
-0.610
 1.073
 1.699
 0.827
-0.213
-0.203
 0.340
 1.434
 1.828
 1.058
 0.471
 0.179
 0.352
-0.128
-1.375
-1.402
-0.038
-0.591
-0.564
-1.359
-0.384
-1.752
 0.009
 1.040
-0.747
-0.644
 1.088
-0.539
-2.004
-0.701
-0.990
-0.620
 0.248
-1.187
-0.349
-1.501
 0.190
-0.105
 0.032
-1.114
-1.715
-1.905
-0.409
-0.538
-1.272
 0.363
 0.330
-0.763
 0.465
 1.176
 0.322
 1.033
 1.006
-1.316
-0.657
-0.342
-0.511
-0.299
-1.780
-0.734
-0.788
 0.264
-0.609
 0.427
-1.037
-2.109
-0.514
 0.231
 0.797
-0.950
-0.920
 0.982
-1.005
-1.458
 0.649
 0.152
 0.836
 0.076
-0.432
-0.708
-0.887
-0.388
-1.844
-0.411
 0.297
 2.189
-0.037
 1.315
-0.634
-2.184
 0.091
 0.143
-0.712
-0.111
-0.267
-0.569
-0.635
-0.043
 1.072
 1.519
-0.797
-0.295
-0.218
-0.196
-0.499
-0.902
 0.176
 0.530
-1.611
-1.771
 0.067
-0.300
 1.058
 1.409
 0.098
 1.374
 1.100
 0.847
-0.385
-0.069
 0.127
-1.059
-1.597
-0.419
-0.012
-0.367
 1.573
-0.149
 1.313
 1.093
 0.006
 0.628
 0.249
 0.840
 2.053
-1.008
-0.870
-1.054
-0.111
-0.099
 0.954
-0.368
 0.684
 0.941
-1.176
 0.839
 1.073
 0.734
 0.585
-0.321
 1.236
 0.180
-0.141
-1.240
-0.295
 0.550
 1.017
 0.291
 0.269
 1.316
 1.340
-0.021
-0.238
-1.778
-1.376
 0.119
-1.622
-1.076
-1.186
-1.891
-0.476
-1.412
-0.444
 1.313
-1.078
-0.023
-0.005
-1.868
 0.734
-0.732
-0.219
-0.015
-0.802
 0.611
 0.991
 0.281
 0.887
 1.488
 1.223
-0.204
 1.250
-1.213
 1.697
 1.146
 0.735
 1.147
 1.490
 0.585
 1.564
 2.065
-0.581
-1.186
 0.239
 1.257
-0.798
-0.307
-0.166
-0.075
-1.063
-1.145
-1.119
-1.521
-1.667
-0.503
-1.909
 0.093
-0.653
-0.659
-0.050
-0.199
-0.137
-0.781
-0.535
 0.057
 0.019
 0.365
 0.732
-0.627
-0.227
-0.611
-0.958
-0.185
-1.050
-0.368
-0.841
-1.431
-0.102
-0.683
-0.439
 0.023
-0.567
-0.785
 0.319
-0.739
-1.098
-0.350
 0.410
 0.063
-0.209
-0.818
 1.014
 0.799
 0.128
 0.064
 0.281
-0.867
 0.218
-0.688
 0.028
-0.404
-0.160
-0.018
 0.699
 1.356
 0.698
 0.059
 0.200
 0.624
-0.107
-1.075
 0.584
 0.579
 1.602
 0.108
 0.679
 0.286
-0.246
 0.054
 0.069
-1.360
-0.987
-0.917
-0.025
-1.029
-1.385
 0.101
-1.096
-0.043
 0.514
 0.364
-0.205
 1.023
-0.619
 0.600
 0.734
-0.600
-0.104
 0.303
-0.933
-0.559
-0.065
 0.069
-0.808
-0.511
 0.022
 0.500
-0.664
-0.217
-0.918
-0.527
 0.145
-1.322
 0.255
 0.341
 0.133
 0.733
-0.516
 1.591
-0.165
 1.278
 1.009
 0.295
 0.163
-0.203
-0.589
-0.549
 1.161
-0.078
 0.187
 0.536
-0.865
-0.384
-0.210
-0.458
 0.009
-1.365
-0.904
-0.354
-1.240
-0.384
-0.359
-0.282
 0.377
-0.740
-1.349
-1.455
 0.382
 0.881
-0.602
 0.198
 1.137
 0.543
 1.349
 1.254
 1.462
 0.378
 0.057
-1.798
-2.574
-1.763
-1.903
-1.287
-0.859
-1.178
-1.420
-0.591
-0.860
-0.231
-1.308
-1.071
 0.125
-0.558
-1.720
-0.137
 0.762
 0.452
 0.157
-1.004
-0.846
-1.291
-0.495
-0.254
-0.897
 0.007
-0.592
 0.627
 0.448
 0.274
-0.284
-0.560
-0.281
 0.117
-0.517
-0.045
 0.092
-0.696
-0.828
 0.873
 1.471
 1.096
-0.076
 0.832
-0.584
 0.898
-0.578
 0.208
 0.406
 0.139
 0.388
 0.746
 0.347
 0.595
 1.433
-0.022
-0.227
 0.620
-0.792
 0.109
-0.526
 0.199
-0.121
 0.418
 1.325
 0.635
 0.180
 0.401
 0.730
 0.098
 0.036
-0.028
 0.342
 0.487
 2.100
 0.995
-1.318
 0.860
 0.110
-0.051
 0.314
 1.044
 1.595
 0.931
 1.328
 0.585
-1.047
-0.368
 0.166
 1.243
 1.326
 0.315
-0.888
-0.191
 0.011
-0.943
-1.404
-0.311
-0.067
 0.147
 1.164
-0.154
-0.158
 0.339
 1.523
 0.236
 0.511
-1.179
 0.171
 0.248
-0.095
-1.441
 0.464
-0.226
 0.617
 0.687
 0.385
-0.521
-0.486
-0.815
-0.600
 0.377
 0.674
 0.959
 1.136
-0.210
 1.508
 0.350
 0.008
 1.028
 0.886
-0.018
 0.143
-0.475
 0.021
-1.111
 1.253
 0.667
 1.544
-1.290
-0.310
 0.310
 0.436
 1.300
 1.032
 1.433
-0.039
 1.689
 0.762
 0.345
 0.513
 1.097
 1.415
 1.116
 1.029
-0.442
 1.237
-0.113
 1.048
 1.759
 0.344
 0.450
 1.752
 1.383
 0.617
 1.578
 1.297
 0.114
-0.469
-1.404
-0.457
-0.386
-0.915
-0.391
-0.311
 0.832
-0.443
 1.133
-0.170
-0.561
-0.324
-0.106
 0.290
 0.309
 0.304
-0.270
-0.343
-1.721
 0.520
 0.648
 1.458
-0.609
 0.314
-0.234
 0.112
 0.835
-2.242
-1.564
-2.127
 0.044
-1.064
-0.615
-0.979
 0.851
-0.623
 0.132
-0.737
-0.161
 0.511
 0.955
 0.776
 1.354
 0.868
 0.208
 0.565
 2.594
 1.419
 0.918
 0.950
 1.937
 0.684
 0.367
 0.971
 0.614
 0.995
 0.346
 0.692
-0.589
 1.147
 1.936
-0.080
 1.229
 1.308
 1.410
 1.567
 1.516
 0.478
 1.032
 3.098
 1.642
 0.882
 0.902
 0.524
 0.458
-0.171
 0.671
 0.159
 0.415
 0.776
-2.162
-0.359
 1.839
 0.496
-0.038
 0.876
 0.161
-1.610
-1.036
 0.714
 0.273
-0.340
-1.242
-0.242
-0.722
-1.625
 0.165
-0.120
-0.045
 1.094
-0.410
 0.146
-1.607
-0.419
-0.620
-0.364
 0.310
 0.703
-0.030
-0.396
-0.400
 0.075
 0.445
 0.478
 0.447
 0.632
-1.096
-0.985
 0.999
 1.387
 0.237
-1.096
 0.574
 1.598
-0.374
 0.603
-0.564
 0.000
 0.004
 0.461
-1.749
-0.236
 0.399
 0.017
-0.372
-0.445
-0.065
-1.342
 0.180
 0.226
-0.005
-1.137
 0.734
-1.606
-0.919
 1.440
 1.240
-0.053
 0.741
-0.124
 0.451
-0.443
 0.477
 1.229
 0.720
-0.087
 1.193
 1.299
 0.058
 0.816
 0.631
 0.704
-0.242
-0.840
-0.605
-0.845
-1.023
-1.245
-0.624
-0.283
 0.555
-0.568
-1.166
-0.596
 0.304
 0.567
 0.313
-0.334
 0.079
-0.307
-0.770
-2.409
-1.186
 0.328
-1.043
 0.173
 1.097
-0.075
-1.386
-0.518
-1.772
-0.078
 0.723
-1.019
-0.135
 1.536
 1.306
 0.431
-0.929
 0.059
-0.122
 1.733
 2.251
 2.125
 0.610
 1.521
 2.186
 0.758
 1.573
 1.701
 2.553
 1.271
 1.204
 0.212
-2.257
-2.627
-1.897
 0.244
 0.913
 1.594
 1.097
-0.053
 1.167
-0.772
 0.596
 0.790
 1.564
 0.418
 0.481
-0.658
 2.259
 0.421
 1.719
 0.367
 1.352
 2.594
 0.580
-0.656
 0.568
-0.719
-0.377
 0.735
-0.366
 0.141
 0.338
-0.242
 1.051
 0.696
 0.587
 1.083
 0.326
 1.900
 1.755
 0.115
-0.244
-0.487
-1.387
-1.069
-0.374
 0.883
 0.363
 0.477
 0.943
 0.460
 0.688
 0.837
 0.882
 1.169
 1.133
 1.317
 0.460
 0.565
 0.449
 0.936
 2.492
 1.246
-0.303
 1.092
 1.500
-0.331
-0.207
-0.695
 0.669
 1.377
-0.223
 0.453
-0.057
 1.670
 1.137
 1.657
 2.484
-0.251
 0.978
 1.833
-0.162
 0.024
 0.727
-0.134
 0.805
 1.510
 0.334
 0.408
 0.502
-0.299
 0.738
-0.623
-0.442
-1.329
-1.300
-0.677
 1.653
 0.173
-1.459
-1.532
-0.515
-0.022
-1.503
-1.020
-1.030
-0.307
 0.030
-1.512
-0.562
 1.214
-1.861
 0.579
 0.160
-0.108
-0.299
 0.188
 0.198
 1.192
-0.652
-0.096
-0.086
-0.275
-0.237
 0.330
 1.646
 1.437
 0.967
-0.425
 1.174
-0.280
-0.985
-1.283
-0.737
-0.800
-0.457
-0.598
-1.135
-0.865
 0.383
 0.455
-0.732
 0.428
-0.178
-0.841
-0.271
-0.054
-0.596
-0.622
-2.630
-1.688
-1.031
-2.616
-1.242
-0.851
-1.019
-0.618
-1.182
-2.430
-0.133
-0.672
-0.769
-0.848
-0.946
-2.499
-0.827
-1.409
-0.712
 0.088
-0.527
-0.328
 0.782
-0.614
 0.234
 1.409
-0.180
-0.130
-0.539
-1.541
-1.811
-1.340
-0.614
-1.415
 0.402
 0.592
-1.131
-1.165
 0.100
-0.929
-0.648
-0.590
-1.815
-1.710
-0.895
-0.932
-0.449
-0.285
-0.951
-0.355
-0.211
-0.856
-1.178
-1.992
-1.407
-1.671
-1.987
-0.447
-0.098
-1.627
-0.970
-0.668
-1.026
-1.343
-0.397
-2.113
-0.547
-1.324
-1.070
-0.801
-0.354
-0.617
-1.804
-0.537
-1.203
-1.390
-1.971
-1.687
-1.305
-1.174
 0.252
-1.773
-2.344
-2.056
-1.711
-0.274
-0.481
-1.825
 0.225
-0.693
 1.069
 0.312
-0.199
-0.692
-0.855
-0.500
-0.189
-0.169
-0.101
-0.394
 0.152
-0.345
-0.426
 0.385
-0.648
 0.025
-0.462
-0.014
 0.395
-0.121
-2.657
-2.442
-0.407
-1.150
-0.316
-0.080
-1.001
-1.679
-0.688
-0.681
-0.391
-0.726
-1.515
-0.200
-0.654
-0.363
-2.794
-0.382
-0.735
-0.361
-0.624
 0.418
 0.027
-0.465
 0.251
 0.776
 0.091
 0.922
-0.089
 0.840
 1.574
 1.663
 2.757
 1.595
 2.298
-0.503
 0.497
 0.385
 0.627
 0.269
 1.168
 0.269
 0.880
 2.326
 0.017
-0.490
-0.561
-0.351
-0.017
-0.003
-0.951
-1.156
-0.324
 0.808
-0.634
-1.040
 0.149
-1.222
-1.340
 0.048
 1.392
-0.505
-0.236
 0.761
-1.760
-1.487
-0.815
-0.822
-0.715
-1.240
-0.563
 0.940
 0.776
-1.868
 0.243
-1.566
-0.872
-1.088
-0.290
-0.668
-1.728
 0.768
-0.333
 0.053
 0.024
 1.038
-1.743
 0.104
 0.756
-0.091
-0.857
 0.913
-0.945
 0.067
 0.559
-0.499
-0.582
-1.338
-0.058
 0.070
-1.188
-0.517
-1.603
-1.040
 0.231
 0.550
 0.470
 0.387
 0.596
 0.652
-0.416
 1.039
 1.179
 1.289
 1.515
 0.532
 0.841
 1.507
 0.430
-0.385
 0.989
-0.504
 0.192
-0.941
 0.809
-0.970
-0.490
 0.023
 0.442
-1.840
 0.408
 0.211
-0.042
 0.170
 0.066
 0.478
 0.028
-0.199
 0.136
 1.035
 1.338
 0.468
 1.212
-0.031
-1.042
 1.130
 0.318
 1.013
 1.902
 0.429
 0.802
 0.335
 2.227
 0.714
 1.520
 1.700
 0.479
 1.411
 1.891
 0.765
 0.813
 0.400
-0.484
-1.027
-0.574
-0.647
 0.909
-1.222
 0.436
 1.236
 2.043
 1.356
 0.170
 1.544
 0.699
 0.973
 0.221
-0.416
-1.140
-1.301
-0.568
 0.311
-0.352
-0.207
-0.764
-0.040
 1.382
 1.601
 0.723
-0.473
-0.048
 0.331
 0.898
 0.208
 0.546
-0.863
-1.811
-0.389
 0.290
-0.597
 0.314
-1.928
-0.269
-0.759
-1.571
-2.452
-0.576
-1.714
-0.349
-0.986
-1.019
 0.169
-1.778
-1.818
-0.909
-1.296
-1.230
-1.088
-0.459
-0.926
 0.437
-0.998
-1.033
-0.821
-0.135
-1.235
 0.737
-0.530
 0.119
-1.567
-0.257
-0.675
-0.357
-0.191
-0.533
 0.911
 1.560
 0.724
 1.885
 0.972
 2.527
 2.465
 1.428
 0.552
 0.335
-0.316
 0.315
 0.001
 1.669
-0.384
 0.677
-0.460
 0.316
 0.384
-0.303
-0.233
 0.449
 0.491
-0.270
 1.127
 0.020
-0.482
 0.305
 1.091
 0.026
 0.711
 0.171
-0.625
 1.830
 0.226
 0.597
-1.198
-0.312
 0.263
-0.328
-0.938
-1.361
-0.778
-0.068
 0.651
 0.570
 0.723
-0.818
-0.489
 0.397
 0.184
 1.421
 0.864
 0.939
 0.178
 0.268
 0.114
 1.589
-0.316
-0.968
-0.560
 0.692
 0.616
-0.327
-0.282
-0.399
-1.239
 0.452
-0.857
-1.327
-0.935
-2.438
-1.589
-1.875
-2.455
-1.388
-0.878
 0.066
-0.560
-0.559
-0.155
-0.658
-1.226
-1.147
-1.074
 0.155
 0.547
-1.120
-2.330
-0.078
-0.200
-0.625
 0.119
 0.795
 0.854
-0.959
-0.230
-0.224
-1.889
-0.927
-0.937
 0.042
-0.333
-0.674
-1.991
-0.793
-1.755
-1.707
-1.697
-1.620
-0.033
-1.456
-1.115
-0.524
-0.303
-0.568
-1.450
-0.898
-1.052
 0.180
 1.773
-0.067
-1.157
-1.313
-0.935
-0.084
 0.327
-0.318
-0.036
-0.667
-1.521
-1.995
-0.656
-0.804
-1.171
-0.141
-0.802
-0.056
-0.182
-0.110
 0.683
-0.172
 0.131
-0.224
-0.233
 0.275
-0.783
-0.282
-0.285
 0.203
 0.296
-1.078
-0.463
-0.625
-2.120
-0.945
-1.744
-2.856
-2.037
-2.789
-3.655
-1.926
-0.413
 0.920
-1.000
-2.339
-1.037
-0.791
-0.856
-1.661
-1.120
-1.128
-1.851
-1.121
-0.928
-1.805
-1.655
 0.184
 0.633
-0.905
-1.243
 0.262
 0.961
 0.231
 0.176
 2.283
-0.403
 1.609
-0.197
-0.860
-1.510
-1.154
-0.076
 0.721
 0.382
-1.278
-0.935
 0.458
-1.631
-1.154
-1.931
-1.070
-1.912
-0.526
 0.670
 0.267
 0.046
 0.006
-1.019
-0.849
-0.207
 0.445
 0.518
 1.420
 1.464
 0.911
 1.010
 2.493
 0.459
 0.470
 0.142
-1.436
-0.220
-1.256
 0.526
 0.978
 0.778
 1.503
 1.020
 0.641
 0.605
-1.508
 0.682
 0.476
 1.069
-0.005
-0.603
-0.089
 0.141
-0.272
 0.054
-0.143
 1.129
-0.154
-0.206
-1.615
 0.339
-1.599
-1.013
-0.623
-1.085
 0.063
-0.181
 0.190
-1.035
-1.125
 0.737
-0.399
-1.037
-1.377
-0.403
-0.763
-1.027
-0.625
-0.932
-1.040
 0.185
-0.304
 0.492
-0.730
 0.257
-0.481
-0.004
 0.000
-1.190
-0.877
 0.188
 0.918
 0.824
-0.527
-1.718
 0.863
 0.085
 1.129
 0.824
-1.203
-1.203
 0.622
-0.360
-0.382
-0.652
 0.620
 1.112
-0.068
-2.295
 0.063
-0.284
 0.251
 0.404
 1.398
 0.733
-0.224
-0.261
-1.077
 1.709
 1.121
-0.364
 1.236
 0.091
 0.282
 0.640
 0.542
 1.361
 0.822
 1.053
 1.423
 1.676
 1.690
 0.144
 0.587
 0.365
-0.863
-0.148
 0.436
-0.737
 1.027
 0.256
 0.447
 0.708
-0.473
-0.798
-0.580
-2.012
-1.605
-1.337
 0.153
-0.357
 0.338
 1.371
-0.623
-1.009
-0.939
 0.263
 0.192
-1.109
-1.101
 0.020
 0.397
 1.015
-0.231
-0.743
 0.005
-0.922
 0.366
 0.989
 0.782
-1.517
 0.203
 0.428
 0.258
-0.908
-0.490
 0.701
 2.142
 0.284
 0.280
 1.103
-0.141
 0.400
 1.436
 0.905
 1.633
 0.632
 0.227
-0.367
-0.239
 2.688
 1.966
 0.954
 1.308
 2.010
-0.078
-0.642
-0.811
-0.531
-1.363
-0.814
-0.359
-0.275
 1.151
-0.202
-1.199
 0.970
 0.196
-0.296
-0.307
-0.747
-1.956
-0.404
 0.606
 1.240
 0.744
-1.807
-1.042
-0.817
 0.111
-0.729
 0.507
 0.779
 2.958
 1.389
 1.504
 1.298
 0.407
 0.059
 1.181
-0.474
 0.051
 0.016
 0.140
 0.061
-0.837
-0.534
-0.206
-0.643
-0.729
-0.877
-0.459
 0.073
-0.128
 0.624
 0.824
 0.902
 1.774
-0.121
 0.558
-0.883
-0.023
 0.896
 0.587
 0.684
 1.024
 1.674
 0.319
 0.141
-0.767
 0.442
 1.003
 1.129
-0.082
 0.710
 0.275
 1.540
 0.512
 1.244
-0.222
 0.014
 1.193
-0.601
-0.493
 0.193
-1.986
-1.502
-0.292
-0.025
-0.021
-0.283
-0.712
-0.672
-1.603
-0.990
 0.516
 0.497
 0.684
-0.541
-0.666
 0.115
 1.082
 0.982
 0.630
-0.446
 1.474
 0.038
 0.051
-0.591
 1.189
-0.144
 0.928
 0.196
-1.502
 0.450
 0.464
 1.410
 1.198
 1.198
 1.458
 1.599
-0.179
 1.565
 0.948
 1.336
 1.406
 1.861
 1.263
 1.297
 1.306
 2.277
 1.233
 1.628
 2.461
 1.310
 0.631
 0.205
 1.644
 0.213
 1.340
-0.294
-0.256
 1.097
-1.330
-0.407
 0.685
 1.379
 0.834
 0.842
 0.935
-0.620
 1.573
 0.778
 0.016
 0.148
 1.630
 0.708
 1.729
 1.268
 0.200
-0.227
 0.423
-0.928
-0.522
-1.074
-0.942
-0.622
 0.151
-1.113
-0.181
-0.075
 1.562
-0.075
 0.822
 1.067
-0.957
 1.250
 0.174
-0.192
 0.004
 0.352
 1.810
 0.573
-0.664
 2.176
 0.729
 1.305
 0.075
-1.323
 0.940
 0.331
-0.892
-0.423
 0.438
-1.330
-1.596
 1.160
 0.432
-0.293
 0.179
-0.674
-0.072
 1.610
-0.585
-1.086
-0.964
 0.135
 0.134
 0.859
-0.614
-0.961
 0.795
-0.797
-0.044
 1.135
-0.358
-1.265
 0.488
 1.354
 0.658
 0.902
-0.639
 0.248
 0.180
-0.033
-0.040
 0.700
 1.078
 0.294
-0.233
 0.674
 0.965
-0.049
-0.637
 1.167
 0.025
 0.435
 1.056
 0.364
-0.543
 0.433
 0.899
 0.304
 0.306
-0.261
-0.286
 0.122
 0.457
-2.801
-0.737
 0.261
-0.080
 1.108
-0.595
-0.136
-0.934
-0.234
 0.445
 0.463
-0.914
 0.999
 0.546
 0.454
-0.236
-0.086
 0.171
-0.447
 0.684
 0.130
 0.582
 1.013
-0.396
 1.510
-0.039
-0.399
-0.244
-0.557
 0.343
-0.391
 0.608
 0.260
-0.029
 0.144
-0.491
 0.358
 0.077
 0.195
 0.538
 1.016
-0.578
 0.221
-1.597
 0.257
-0.258
 0.028
 0.310
 1.191
 0.183
-0.444
-0.956
 0.975
 1.393
-0.264
 0.934
 0.641
 1.821
 0.850
-0.025
-0.227
 0.776
-0.043
 0.778
 0.263
 1.188
 0.416
 0.202
 0.070
 0.427
 2.156
 1.133
-1.107
 0.835
-0.857
-0.700
 1.475
-0.197
 0.623
 0.218
 1.200
-0.885
 0.899
 0.987
 0.916
 0.425
-0.327
 0.584
 0.023
-1.452
 0.402
-0.311
 0.051
-0.414
 0.600
 0.514
 1.137
 1.114
 0.090
-0.531
 0.539
 0.271
-0.018
 0.558
-0.044
 0.790
 2.136
-0.073
 1.049
 0.371
-0.214
-0.559
-0.093
-0.029
-0.580
 0.142
 0.459
-0.854
-0.467
-1.426
 0.921
 1.121
 0.897
-0.166
 0.237
 1.255
 0.709
 0.999
 1.304
 0.492
 1.106
 0.506
 0.804
 0.495
 0.746
-0.427
-0.715
-0.380
-0.340
 0.585
 1.195
 1.381
-0.393
 2.026
 0.307
 0.183
 1.270
 1.149
-1.098
 2.195
 0.395
 0.312
-0.139
 0.717
 1.514
-0.376
 0.309
-0.904
 0.566
-0.265
 0.864
 0.401
-0.194
 0.735
-1.170
-1.187
 0.527
 0.299
-0.552
-0.249
 1.492
-0.122
-0.450
-0.827
 0.128
 0.423
 0.727
-0.101
-0.739
 1.238
 0.529
 1.010
 1.077
 0.521
 0.404
 0.877
 0.214
-0.408
 0.594
-1.176
 0.649
 0.787
 0.014
-0.233
 0.353
 0.876
 1.023
 0.317
 0.671
 0.106
 0.828
 0.738
-0.680
-0.546
 0.768
 0.139
 0.193
 0.195
 0.314
-0.587
 0.297
 0.077
 0.176
-1.964
-0.159
-0.984
-0.907
-2.171
-1.116
-0.856
-2.067
-1.488
-1.132
-2.464
-1.674
-1.819
-2.086
-1.893
-1.843
-1.267
-1.414
-0.550
 0.530
 1.351
 0.231
-0.660
 0.217
-1.833
-0.375
-0.848
 0.234
 1.068
 0.664
-0.664
-0.191
-0.263
-0.822
-1.540
-1.917
 0.394
-0.300
 0.793
-1.434
-0.713
 0.708
-0.856
 0.329
-0.278
 0.634
 0.521
 0.562
-1.037
-0.136
 1.322
 0.064
 0.933
 1.088
 0.994
-1.407
 1.222
 1.394
 2.574
 0.468
 0.751
 0.579
 1.354
 1.272
 0.630
-0.037
-0.898
 0.061
 1.333
 0.177
-0.340
 0.109
-0.934
 1.474
-1.137
 0.776
-0.641
-1.522
 0.454
 0.633
-1.084
 1.533
-0.011
-1.227
-1.827
-1.569
-0.895
-0.693
-2.196
-2.450
-2.400
-0.753
-0.371
-0.367
-0.307
-1.413
-1.163
-1.069
-0.443
-0.650
-0.193
-0.306
-1.442
 0.635
 0.102
 1.253
-0.193
-0.801
 0.354
 1.514
 0.679
-1.065
 1.362
 0.938
 0.521
 0.686
 0.507
 0.528
 0.604
 0.538
-0.560
-0.127
-0.349
 0.909
 0.095
 1.149
 1.031
-0.486
 0.242
 0.309
 0.403
 0.049
-0.984
 0.173
 1.660
 0.363
 1.323
 0.396
 0.779
 0.050
-0.241
-0.651
 0.143
-0.064
 0.900
-1.434
 0.018
-0.317
 0.106
-0.567
 0.148
 0.036
-2.224
-0.508
-1.515
-0.508
 0.260
-0.043
 0.250
-0.372
-1.474
-0.857
-0.258
 0.318
-1.045
-0.089
-0.351
-0.547
 0.301
 0.365
 0.126
 0.969
-0.709
-0.260
-0.763
 0.500
-0.039
-1.057
-0.549
-1.959
 0.711
 0.250
 1.495
-0.325
-0.300
-0.604
-0.694
 0.756
-0.068
-0.268
-0.107
 0.456
 0.550
-0.104
 0.467
-0.864
-0.003
 0.875
 0.484
 0.896
 0.395
 0.133
-0.747
-0.785
-0.412
-0.146
-0.525
-0.636
-0.332
 0.147
-0.140
 0.434
 0.018
 0.713
-0.388
-0.559
-1.526
-0.495
-1.035
 0.485
-0.677
-1.637
-1.290
 0.292
 0.876
 0.177
 0.477
-0.157
 0.653
 1.058
 0.684
 0.648
 1.338
-0.904
 1.066
 0.103
-0.357
 0.424
 0.498
-0.591
-0.271
 1.100
 0.222
 1.672
 0.515
 0.084
 0.673
 0.605
-0.773
 1.100
 0.578
 1.187
 1.177
 0.708
 2.435
-0.218
 0.835
 0.899
 2.240
 2.690
 1.703
 1.470
 1.509
 0.491
 0.642
 0.452
-0.386
 0.325
 0.317
 0.598
 0.634
 1.777
 1.948
-0.538
 0.731
 0.120
 0.729
 0.546
 1.658
 1.349
 1.576
 1.602
 0.635
 1.428
 2.787
 0.397
 0.455
 1.727
 0.298
-0.092
 1.152
 0.542
 0.560
 0.867
 0.359
 0.023
-0.122
 0.524
 0.623
-0.582
 0.249
 0.755
-1.000
 0.225
-1.394
-1.333
-0.852
-0.325
 0.060
 0.685
-0.229
-0.636
-0.118
-0.318
 0.662
 0.500
-0.354
-1.454
 0.577
-1.005
 0.427
 0.209
-0.994
-1.563
-1.147
 0.114
-0.795
-0.657
-0.041
-0.004
-0.963
 0.093
 0.218
 1.509
 1.101
 0.465
 0.271
 0.196
-1.049
-0.619
-0.395
 0.204
-0.343
 0.251
-0.994
-0.024
-0.544
 1.207
 0.234
 0.077
-0.222
-0.165
 0.574
-1.533
-0.706
 0.111
-0.267
 0.312
 0.097
-0.298
-0.282
-1.237
-0.239
-0.107
 0.128
-0.749
 1.224
 1.253
 1.389
-0.078
 0.192
 0.776
-0.266
-1.266
 0.725
-0.397
 0.917
 0.616
-0.406
 0.242
-0.108
-1.573
-0.832
-1.620
-0.481
-0.342
-0.937
-0.425
-2.355
-2.293
-1.038
-1.629
 0.103
-0.595
-1.270
-0.355
 0.364
 0.007
 1.272
 0.968
-0.355
-1.697
-0.980
-0.854
 0.662
 0.185
 0.911
-0.394
 0.978
 0.223
-1.697
-2.101
 0.170
-1.069
-1.362
 0.273
 1.467
-0.742
-2.257
-0.787
-1.361
-0.172
-0.516
-1.323
-0.634
 0.022
-0.226
 0.844
-0.866
 0.599
 0.021
-0.565
 0.132
 0.539
 0.622
 0.255
 0.075
 0.200
 0.011
-0.948
 0.618
 0.198
 0.067
 0.636
 0.485
 1.059
 0.991
 0.424
-0.215
-0.574
-0.426
-1.030
 1.463
-1.591
 0.258
-1.972
-1.268
 0.995
 0.209
-0.030
-0.094
 1.006
-0.003
-1.252
 0.226
 0.543
 0.187
-1.450
-1.812
-1.577
-1.346
-2.521
-0.717
-0.326
-1.456
-0.919
 0.943
 0.884
-0.153
 0.196
-0.118
 1.507
 0.824
 1.230
 0.319
 1.079
-0.342
-0.518
-1.546
-0.425
-2.926
-0.011
-2.441
-1.813
-1.234
-1.466
-0.182
 1.520
 2.230
-1.401
-1.080
 0.270
-0.443
 0.106
 0.013
-0.224
-0.812
-0.983
-0.193
 0.323
 0.224
-0.736
 0.074
-1.102
-2.381
 0.522
-0.063
 1.194
 0.990
 0.133
-0.620
-1.655
-0.036
 0.924
-0.262
-1.047
-1.612
-0.582
-0.781
-0.500
 0.205
-1.628
-0.552
-1.573
-1.015
-0.885
-2.792
-1.584
-1.768
-0.339
-1.325
-3.388
-1.398
-0.509
-1.113
-1.373
-0.961
 0.853
-1.275
-0.336
-0.371
 0.035
-0.665
-1.772
-0.408
-1.462
-0.197
 0.959
-0.149
-0.468
-0.336
-0.756
-0.009
 0.094
 0.590
 1.385
 1.802
-0.692
 1.270
 1.384
-0.980
-0.337
-1.395
-1.085
 0.617
-1.168
-1.392
-0.891
-1.189
-1.022
-1.431
-1.276
 0.581
-0.765
 0.877
 0.335
 2.127
 1.155
 0.434
 1.288
-0.018
-0.253
 0.227
-0.421
-0.504
-0.797
-0.242
-0.203
-1.015
-0.992
-0.526
-0.336
 0.390
-0.419
-0.825
-1.035
-1.423
-0.211
 0.788
-0.787
-1.363
-0.365
 0.183
-0.999
-0.826
-0.131
 0.489
 2.574
 0.557
-0.309
-0.812
 1.222
-1.306
-0.756
-1.351
-0.101
 0.654
-0.173
 0.535
 0.566
 0.161
-0.810
-0.907
-1.455
-0.264
 0.319
 0.274
 1.644
 1.369
 1.615
 0.642
 2.085
 2.003
 1.429
 1.118
 0.663
 1.541
 0.875
 0.731
 1.489
 0.595
 0.708
-0.856
-0.390
 0.279
 1.719
 1.470
-0.331
-1.050
-1.205
 0.872
-0.063
-1.281
 0.431
-1.061
-1.014
 0.253
-0.252
-0.815
-0.432
 2.113
-0.629
 0.074
-0.385
 0.177
-0.955
-0.276
 0.210
 0.845
 1.424
 0.946
 0.515
 1.456
 0.037
 0.174
 0.038
 2.442
-0.634
-0.579
 0.192
 1.656
 1.717
 2.502
 1.419
 0.389
-0.381
-0.178
-0.513
-1.513
-1.339
-1.244
 0.797
-0.696
-0.162
-0.094
-0.348
-0.846
-0.419
 0.298
 0.361
 0.857
 0.228
 0.616
 0.152
-0.017
 1.396
 1.037
 0.374
-0.377
 0.562
 1.535
 0.852
-0.389
-0.539
 0.785
 0.014
 0.524
 1.667
-0.374
 2.732
-0.120
 0.130
-0.139
 0.756
 2.359
 0.786
 0.761
 1.125
 0.531
-0.526
-0.504
 0.231
 1.064
 1.357
 0.029
-0.410
 0.172
-0.432
-0.064
-1.560
 0.616
 1.409
 1.037
-0.048
 1.271
 0.140
-0.161
 0.342
-0.539
-0.214
-0.660
-0.379
 0.503
-0.146
-0.271
 0.687
 0.118
-0.323
-0.462
 0.398
 0.207
 1.580
 2.257
 1.075
 1.115
 0.734
 1.829
 0.077
-0.104
-1.314
-0.352
 1.642
 1.270
-0.520
-0.808
-0.335
 0.896
 1.305
 2.317
 0.230
 0.835
 1.050
 0.144
 1.193
 0.056
-0.601
-1.251
-0.390
-0.594
-0.161
 0.673
-0.588
-1.726
-0.372
 0.798
-1.269
 1.017
-0.719
-0.493
-0.375
 1.128
 1.472
 2.026
-0.244
-0.797
-0.098
 1.265
 1.706
 0.356
 0.020
 1.036
-0.433
-0.395
-0.178
 0.827
-0.675
-0.186
-0.085
 0.242
-0.964
-1.026
-1.040
-1.155
 0.478
-0.722
 0.982
 0.031
-0.277
-0.560
 2.015
 1.140
 1.542
 0.147
 0.558
 0.177
 1.442
 1.320
-0.147
 1.501
-0.038
 0.879
 0.142
-0.618
 1.724
 1.161
 0.701
-0.531
-0.052
-0.465
 0.125
-0.697
 0.677
 1.531
 1.135
 1.376
 1.282
 0.793
 0.107
 0.607
 1.121
-0.675
-1.211
-1.077
 1.054
 2.145
-0.159
 0.127
 0.511
-0.143
-0.030
 0.844
 1.826
 1.436
 1.034
 0.915
 0.275
-0.976
 0.923
 0.546
-0.471
-0.700
-0.746
-1.448
-0.859
-1.498
-1.884
-2.273
-3.072
-0.620
-0.294
-1.694
-0.440
-0.251
-0.262
-0.289
-1.586
-1.513
-0.265
 0.445
 0.638
 0.118
 0.566
 0.334
-1.314
 1.262
-0.286
 0.597
-0.727
-0.442
 0.600
-0.083
 0.790
-0.102
-0.725
 0.257
-0.469
 0.388
 1.833
-0.166
 0.356
 0.485
 0.999
 1.069
 2.137
-0.203
-0.809
-0.185
-0.166
-0.822
-0.209
-0.282
-1.796
 0.266
 0.751
 1.628
 0.949
 0.784
-0.380
-0.158
 0.330
-0.987
-0.937
-0.686
-1.333
-0.938
-1.563
-1.012
-0.932
-1.363
-1.994
-0.627
-0.385
-0.405
-0.219
-0.193
 1.009
-0.489
 0.613
 0.177
-1.124
-0.281
 1.215
 0.780
 1.259
 0.349
 0.879
-0.814
-1.639
 0.202
-0.483
-0.160
-0.205
-0.153
 1.742
 0.768
 0.225
 1.077
-0.123
-0.050
-0.181
 1.481
 0.033
-0.850
-0.658
 1.341
 0.642
 0.796
 1.020
 0.472
-0.869
 0.971
 0.998
 0.296
 1.143
 0.192
-0.454
-0.233
-0.991
 0.126
 0.783
 0.367
 0.653
 0.024
 1.808
 0.280
 1.829
 0.296
 0.581
 0.100
-0.009
 0.732
 0.805
 1.287
 2.044
 2.258
 1.515
 1.841
 2.232
 1.934
 0.956
 1.307
 1.635
 1.138
-0.377
 0.139
 0.448
-0.118
 0.661
 1.746
 1.937
 0.541
-0.454
 0.016
 0.955
 0.500
 1.179
-0.419
 0.320
 1.120
 1.889
-0.156
-0.563
-0.282
 0.166
 1.393
 1.458
-0.739
-2.017
-0.121
 0.139
-1.454
-1.627
-0.464
-0.395
 0.422
-1.443
 0.070
-1.163
 0.124
 0.810
 1.734
 0.873
 0.566
 0.212
 0.728
 1.619
 1.721
 2.271
 0.005
 1.156
 2.007
 0.742
 0.627
 1.028
-0.438
-0.812
-0.918
-1.196
-0.501
 0.119
 0.315
 0.771
 1.188
 0.910
 2.633
 1.104
-0.846
-0.012
 1.075
 0.049
 0.429
 0.378
 0.687
 1.224
 1.984
 1.083
-0.853
 1.221
-0.234
 0.167
 0.577
-0.003
 0.101
 1.297
 1.765
 1.051
 0.703
 1.067
 1.368
 1.448
 1.689
 1.379
-0.019
 1.476
-0.064
 1.213
 0.763
 0.984
 2.844
 1.529
 0.746
 0.434
 0.657
 1.049
 0.349
 0.431
-0.814
-0.749
-0.791
-0.555
 0.468
 0.406
-0.403
-0.421
-0.146
 0.073
-0.806
-1.333
-0.207
 0.965
-0.187
-0.529
 1.408
 0.440
 0.801
 0.379
 0.839
 0.870
 1.184
 0.094
 0.762
 0.975
 2.015
 1.558
-1.065
-0.321
-0.115
 0.471
-0.330
-0.812
-0.518
 0.463
 0.297
-1.078
-0.496
 0.713
-0.411
 0.337
 1.840
 1.405
-0.638
 0.115
 1.493
-0.682
 1.585
-0.063
 0.290
 1.485
 0.325
-0.130
-0.714
-0.062
 0.610
-0.192
 0.295
-0.953
-1.076
 0.462
 1.006
-0.331
 1.355
 0.403
 2.500
 1.135
 1.747
-0.039
-1.005
-0.560
 1.128
 2.255
 0.036
-0.447
 0.256
-0.360
 0.542
 1.579
 0.447
 1.048
-0.486
 1.873
 0.951
 0.795
-0.373
 0.867
 0.281
-0.042
-0.072
 0.909
-1.724
 1.275
 1.084
 0.241
 0.239
 1.244
 0.697
 0.524
 0.697
-0.234
 0.568
-0.754
-1.794
 0.493
 0.213
-1.833
 0.405
 1.181
 0.664
 0.146
-0.262
 0.065
-0.359
-0.605
-0.510
-0.831
-1.207
-1.183
-0.765
 0.494
-0.258
-0.480
-0.769
-1.390
-2.164
-2.130
-0.805
 1.391
 0.815
 0.315
 0.461
 0.694
 0.811
-0.002
 0.399
 0.415
-0.925
-2.570
-0.954
-1.004
-1.667
-1.068
-0.597
-1.347
-2.131
-1.289
 0.153
 0.280
 0.905
-0.306
 0.081
 1.145
-0.729
 0.758
 0.792
 0.469
 0.397
 0.093
-2.029
 0.281
 0.291
 0.965
 0.737
 0.490
 0.150
-1.147
-1.219
 0.034
 0.299
 0.172
 1.614
 1.165
-0.314
 0.672
 0.910
 0.871
 1.299
 0.684
-0.907
-1.705
 0.598
-0.094
-1.209
-0.046
-0.823
 0.128
-0.860
-0.479
-0.280
-1.695
-0.564
-0.210
-0.627
-0.677
-0.697
-0.230
-0.305
-0.207
 1.078
 0.004
 0.770
 0.670
 0.951
-0.803
 0.448
 0.874
 0.357
 0.909
-0.711
-0.379
-1.007
-1.476
-0.580
-1.034
-0.197
-0.197
 1.215
-1.525
-0.775
 2.426
 1.474
-0.425
-1.018
 0.020
-0.169
-0.982
-2.528
 0.063
-1.285
-0.061
-0.384
-0.509
 0.158
-0.605
-0.470
-0.596
 1.457
 0.566
-0.600
-0.101
 0.388
-0.973
-1.099
 1.034
-0.908
 0.516
-0.204
 0.492
 0.856
 0.072
 0.455
 0.030
 1.649
 2.462
 1.901
-0.016
 0.839
 0.218
 0.204
 1.118
 0.719
 0.463
 1.315
 1.256
 0.759
 1.744
 2.972
 0.152
 0.684
 0.679
 0.971
 2.766
 1.177
 0.392
 2.258
 0.471
 1.242
-0.137
-1.173
 0.155
-1.178
 0.451
-0.706
-1.449
-0.422
 0.507
 0.805
 1.070
-0.683
 0.498
 0.043
 0.468
-1.074
-1.990
-0.811
 1.026
 0.084
-0.963
 0.011
-0.721
-0.621
 1.547
-1.129
-0.096
-0.156
-0.312
 0.659
-0.016
-1.380
-0.810
-0.735
-0.783
-0.972
-0.672
 0.696
-1.175
 0.575
 0.528
 0.255
-0.216
 0.292
-0.195
-1.106
-1.513
-0.955
-0.734
-0.607
 1.053
-0.598
-0.683
-0.174
 0.361
-0.550
-2.221
-0.696
 0.374
 0.366
 0.993
 0.238
-0.561
-0.588
 0.190
 0.481
-0.993
-1.565
-0.787
-1.152
-0.877
 0.029
-0.510
-1.041
-1.765
-0.879
 0.255
-0.133
-0.814
-0.397
-1.611
-0.731
-1.175
-1.454
-0.918
-0.235
-0.665
-1.097
-0.853
-1.229
 0.685
-2.016
-0.855
-0.972
-0.749
-0.630
 0.100
-1.086
-0.241
 0.434
 0.337
-0.120
 1.271
 0.754
-0.083
 0.024
-0.902
-0.767
-1.493
-2.269
-0.966
-1.329
 0.462
-0.735
-0.715
 0.704
-0.298
 1.202
-1.248
 0.138
-0.367
-0.649
-1.358
-0.762
 0.704
 0.112
-0.478
-1.910
-0.945
-0.125
-0.058
 0.528
 0.888
-0.390
 0.318
-0.190
 0.224
 0.729
 0.526
-0.833
 1.019
 1.109
 1.327
 0.032
-0.711
-1.164
-0.051
 0.223
-1.423
-1.588
-0.975
-0.500
-1.424
 0.555
 1.525
 0.019
 0.859
-0.921
 0.399
 0.247
-0.578
-1.402
 0.893
-0.398
 0.107
 0.231
-0.032
 0.774
 0.208
-0.064
-0.001
 0.641
 0.590
 0.668
-0.137
-0.408
 0.146
 0.641
-1.426
 0.293
 0.472
 1.694
 1.102
 2.156
 0.505
 1.311
 0.345
 1.825
-0.330
 0.216
-0.639
 1.023
 1.136
 0.181
 0.892
-0.022
-0.375
 0.456
 0.735
 0.357
 0.419
-0.142
 0.071
 1.124
-0.291
 0.312
 0.830
 0.042
-0.903
 0.284
-0.803
 0.130
-0.275
 0.064
-0.215
 0.293
 0.746
 0.075
 0.810
-0.138
-0.792
-0.443
-1.227
 0.903
 0.601
 0.429
 1.363
-0.084
 1.236
 1.272
 0.481
-1.812
-0.251
-0.276
-0.006
 0.360
 0.663
-0.306
 0.795
 1.610
-0.069
-0.505
-1.625
-0.884
-3.009
-1.547
-1.998
-0.864
-1.539
-0.619
-0.408
 0.319
-2.400
 0.189
 1.611
-0.790
-1.109
 1.145
-0.673
-1.097
 1.408
 1.653
 0.717
 0.334
-0.629
-0.792
-1.091
-0.752
-0.354
 0.816
 1.497
 0.870
-0.552
-0.396
-0.199
 0.251
 0.513
-0.863
 0.347
 0.040
-0.214
 1.090
 1.097
 1.628
 2.583
 0.179
 0.087
 0.541
 0.269
 1.756
 0.303
 0.615
 0.028
-0.293
 1.595
 0.762
-0.392
 0.229
-0.421
-1.959
 0.357
-2.447
-1.959
-0.732
-1.483
-0.517
-0.513
-1.238
-2.748
-0.458
-1.363
-1.049
-1.776
-1.681
-1.158
 0.451
 0.231
 0.014
 0.072
-1.141
-0.853
-0.503
 0.710
 0.478
-0.116
 0.047
 2.236
 2.637
 0.264
 1.116
-0.508
 0.454
 1.104
-0.798
-0.266
-2.104
-1.118
-0.985
-0.569
-0.567
-0.967
-0.830
-1.086
 0.852
-0.175
 0.767
 0.046
 1.070
 0.739
 0.978
 0.567
-0.014
 0.052
 0.468
 0.700
 0.416
 1.798
 0.181
 1.605
 0.038
-0.182
 1.590
 2.016
 0.679
-1.245
-0.776
 1.173
 0.686
-0.426
-0.519
-0.816
 1.338
 1.210
-1.051
 1.512
-0.338
-0.222
-0.195
 0.653
 0.123
 1.488
 1.619
 0.507
 0.093
 0.140
 0.891
 0.743
 0.732
-0.386
 0.816
 0.544
 0.308
 1.385
 1.521
 0.256
 1.145
 1.352
 1.859
 1.333
 1.478
 1.191
 0.691
 1.138
 2.192
 1.574
 1.998
 0.131
 1.444
 1.722
 1.656
 0.499
-0.405
-1.534
 1.175
 0.842
 1.866
 1.233
 0.875
 0.481
 0.876
-0.052
 0.582
 0.618
-0.408
 0.184
-0.317
 0.478
-0.281
-0.290
-1.593
-1.292
-1.629
-1.266
 0.117
 0.611
 0.922
 1.546
 1.250
 0.226
 1.490
 0.699
 0.672
 0.136
-0.235
 0.203
 1.336
 0.556
 1.895
 2.224
 1.107
 0.210
-1.209
 0.771
 0.867
 0.653
 0.423
-0.539
-0.931
-0.667
 0.483
-0.897
 1.194
-1.729
-1.015
 0.167
 0.625
-0.355
-0.662
 0.011
 0.086
-1.618
-0.999
-1.607
-0.156
 0.242
-0.005
-0.571
-0.924
-0.430
 0.118
-0.588
-0.612
-1.146
 0.457
-0.172
-0.641
 0.471
-0.212
-0.621
 0.597
 1.378
 0.069
-0.934
 0.646
-0.567
 0.483
-0.015
-0.970
 1.078
 1.043
 0.278
-0.146
 1.059
 0.073
 0.220
-1.115
-0.248
 1.189
-0.047
 0.612
 0.824
-0.371
-0.738
 0.403
 0.543
-0.221
 0.659
-0.121
-0.441
 0.478
 1.198
-0.047
-0.175
 0.367
-0.083
-0.524
-0.140
-0.421
-1.032
-0.379
 1.195
-0.612
 1.457
-0.217
-1.173
-0.241
 0.178
-0.005
-0.483
 0.956
 1.246
 0.481
 0.651
 0.919
-0.027
-0.112
 1.310
 0.309
 0.022
 1.402
 0.136
 0.064
-0.395
 0.464
-0.495
-0.412
 0.663
 1.826
 2.195
 1.408
 0.057
-0.043
 1.686
 1.929
 1.424
-0.447
 1.546
-0.463
-0.563
 0.813
 0.243
 0.283
 0.425
 0.163
 0.640
 0.054
 1.251
 0.164
 1.745
 0.990
 0.803
 1.257
 1.230
 2.793
 1.198
 1.603
 1.999
 1.873
 1.698
 0.987
 1.736
 1.779
 1.240
 2.246
 1.950
 0.557
 1.004
-0.075
-0.117
-0.706
 0.060
-0.526
-0.512
 0.455
-0.063
 0.595
 0.139
-1.587
-0.551
 0.388
 1.525
 0.231
-0.240
-1.220
-0.070
-0.596
-1.327
-0.085
-0.210
-0.084
 0.996
 0.182
 1.592
 1.462
 1.629
 0.602
-0.920
-0.687
-1.145
-0.345
-0.687
-1.910
-0.899
-1.797
-1.029
 0.830
 1.957
-0.056
 0.794
-0.740
-0.348
 0.205
 1.307
 1.272
 1.354
 0.567
-0.476
 0.325
 0.699
-0.373
 0.405
 0.085
 0.653
 0.190
 0.746
 0.598
-0.692
-0.790
-0.913
 0.873
-0.367
-0.675
 0.908
-1.114
-0.180
-0.883
 0.078
 1.387
 0.036
 1.008
 0.929
 0.141
 0.180
 1.939
 0.304
 2.013
 1.198
 1.679
 1.346
 0.663
 1.567
 0.541
 0.783
 1.338
 1.526
 0.558
 1.038
 2.052
 0.470
 0.719
 0.304
-0.941
-0.089
-0.306
 0.297
 0.598
-0.003
-0.457
 0.102
 1.611
 1.131
 1.901
 1.219
 1.230
 0.997
-0.649
-0.125
 0.743
 0.501
-1.822
 1.013
-0.009
-1.602
-0.406
-0.615
-1.153
-2.038
-2.054
-0.462
-0.232
-0.519
-0.057
-0.201
 0.006
-1.020
-0.687
 1.127
-0.248
-0.855
 0.398
 1.181
 0.044
 0.065
-0.129
 0.342
-0.379
-0.301
-0.243
-0.739
-0.956
 0.380
 0.500
 0.924
-0.942
-0.471
-2.322
-0.115
-0.322
-1.344
-1.318
-1.058
 0.667
-1.240
 0.018
-1.282
-0.708
-0.279
-0.541
-0.730
-0.723
-0.037
-0.913
-0.797
-0.554
 0.144
 1.603
 1.072
-0.263
 0.674
-0.282
-0.893
-0.171
 0.454
-0.365
-0.052
 1.432
-0.450
 1.398
 0.551
-0.993
 0.849
 0.340
-0.435
-0.678
-2.006
-0.111
-0.363
 1.063
-1.162
-0.141
-1.371
-0.528
-1.022
-0.948
-1.529
-0.401
 0.352
 0.561
 0.696
 0.591
 1.215
 1.501
 0.054
 0.093
 0.494
 0.278
-0.254
 0.331
 1.684
 0.125
-0.810
-0.741
-1.758
 0.031
 0.195
-0.305
 0.832
-2.353
-0.582
-0.691
-1.819
-0.160
 0.330
-0.204
-0.343
-0.958
-0.381
 0.743
-0.980
 0.221
 0.147
-0.376
-1.754
-0.676
-0.120
-0.683
 0.717
 0.731
 0.559
 0.128
 0.639
-0.256
 0.402
-0.416
-1.327
-1.048
-1.432
-1.761
-0.900
 0.235
 0.244
 0.893
 1.493
 0.225
-0.031
 0.265
-0.098
-0.617
 0.969
 0.095
-0.001
-0.111
-0.743
-0.172
 0.557
-0.189
-0.120
 0.061
-0.416
 0.728
 0.622
 0.252
-0.252
 0.631
-0.595
-0.566
 0.762
-0.198
-1.061
-1.531
-1.101
 0.596
-0.139
-0.471
-0.444
-1.086
-1.093
-0.768
-0.393
-0.400
 1.274
 0.637
-0.795
-0.032
 1.012
 0.817
 1.231
 1.181
 0.334
 0.335
 0.687
-0.426
 1.405
 0.117
 0.092
 0.481
-0.793
 0.730
-0.488
-0.439
 1.086
-0.557
-0.049
-0.706
-0.957
-0.229
 0.052
-0.643
-1.346
-0.080
 0.807
-1.164
 0.986
 0.535
 0.107
-0.493
-0.483
 1.483
 2.803
 1.170
-0.020
-0.644
 0.798
 0.256
 1.205
 1.469
 0.193
 1.283
-1.104
-0.175
-0.296
-0.059
 1.051
 0.135
-0.807
 0.114
 0.202
 0.615
 0.164
 0.158
-0.783
 0.987
 0.400
-0.484
 1.227
 0.859
 0.051
 0.512
 0.255
 1.958
-0.981
 0.721
-0.625
 0.356
 0.024
-1.466
-0.965
 0.497
-0.998
-0.534
 1.104
 0.218
 0.333
-0.424
-0.914
 0.238
 0.821
 1.549
-0.311
-1.171
-0.792
-0.921
-0.816
-0.612
-1.027
 0.574
 0.270
 0.281
-0.745
 0.128
-0.296
-1.300
 0.215
-2.074
-0.938
-1.703
 0.081
-0.515
-0.199
-2.263
-1.280
-2.272
-1.198
-1.465
-1.285
-1.977
-0.484
-1.426
-1.474
-2.442
-2.635
-1.676
-2.393
-0.576
-0.456
-0.760
-1.265
 0.311
 1.082
 1.041
 1.024
 0.314
 0.703
-1.221
 0.513
 1.699
 0.664
-1.163
 0.731
 0.324
-0.353
-0.003
 0.555
 1.047
 1.049
 1.035
 1.373
 1.282
 1.582
 1.606
 1.007
 0.921
 0.265
-0.192
 1.019
-0.237
 0.876
 0.042
-0.799
 1.590
 2.861
 1.205
 0.581
 2.544
 0.814
 2.026
 0.764
-1.694
-0.607
 0.323
-1.024
-1.441
 0.000
-0.178
 1.733
 0.196
 0.906
 0.521
 0.386
-0.644
-0.675
-1.234
-1.365
-1.003
-1.200
-1.231
-0.476
-1.228
-2.210
-1.395
-0.741
-0.895
-1.298
-0.646
-1.398
-0.329
-0.556
-0.043
-0.792
 0.860
 0.846
-0.163
-0.677
-0.133
-0.312
 0.529
-0.856
-0.962
 1.179
-0.038
-0.793
-2.384
-1.999
-1.704
-0.687
-0.055
-0.432
-0.829
-1.638
 0.357
-0.123
 0.036
-0.392
-1.929
-1.696
-1.226
 0.288
 0.203
 1.415
 1.468
 1.209
 1.173
 1.039
 0.219
 1.024
-0.985
 0.728
-1.287
-0.133
-0.561
 0.270
 0.041
-0.592
-1.063
-0.349
-0.132
-0.146
 0.162
 0.831
 0.014
 1.116
 0.915
-1.231
 0.272
 0.318
-0.281
 1.336
-0.027
 0.023
-1.331
-0.807
 0.118
 0.877
 0.830
 0.256
 0.140
-0.270
-0.239
 0.264
-0.258
 2.095
-1.180
