.336
 0.121
 1.449
 1.042
 0.998
 1.031
 0.745
 2.061
 0.937
 0.743
 1.552
 2.821
 1.414
 1.225
 0.265
 1.066
-0.304
-0.585
 0.240
 0.492
 1.819
 1.459
 1.700
-0.128
-0.479
-0.639
-1.481
-0.873
-1.070
-2.027
-1.097
-0.587
-1.406
-1.113
-1.359
-0.391
-2.192
-0.374
 0.259
-0.687
-0.072
-0.346
-0.489
-1.234
-0.516
-2.081
 0.654
-0.532
-0.757
 0.996
 0.254
 0.565
-0.304
-1.483
-0.750
 0.147
-0.292
 0.537
 0.915
-0.107
-0.685
 0.188
 1.275
 0.466
-0.877
-1.965
-0.842
-0.202
-0.667
-0.481
 0.327
-1.482
-1.614
-2.793
-1.606
-1.237
-0.775
 0.080
-1.090
-1.619
-1.359
-2.942
-2.474
-0.234
-2.131
-1.459
-0.698
-1.537
-0.742
 0.531
 0.194
 1.022
 0.054
 0.312
-0.204
 0.087
 1.495
 1.120
 0.199
 0.091
-0.196
 1.108
-0.138
 0.378
 1.438
 0.757
-0.055
-2.091
-1.402
-1.538
-1.517
-1.808
-0.271
-0.879
-1.292
-0.978
-1.866
-0.393
 0.537
 0.486
 1.222
-0.105
 0.162
 1.053
 0.328
-1.137
-0.971
 1.118
 0.475
 0.779
-0.608
-0.627
 0.390
-0.533
 0.350
 1.347
 0.595
 2.051
 1.633
 0.998
 0.714
 1.736
 1.355
 0.466
 0.083
 0.209
 1.713
 1.694
 0.949
 0.053
 2.089
 1.021
-0.031
 0.411
 0.808
 0.509
 2.233
 1.526
 2.314
 0.809
 1.658
 0.515
-0.496
 0.753
-0.218
 0.608
 0.076
 0.107
 0.249
-1.187
-0.476
 0.389
-0.382
-0.450
-0.189
-0.250
 0.688
 0.124
-0.155
 1.065
 0.309
-0.314
 0.066
-0.044
 1.209
 1.553
 0.826
-0.067
-0.278
-0.817
 1.377
-2.053
-1.697
 0.592
 1.091
 0.631
-1.112
 0.426
 0.780
 0.152
-0.536
-0.141
-1.076
-1.712
-0.094
 0.019
-0.522
-0.909
-1.153
-2.432
-1.736
 1.248
 1.118
 0.531
 0.303
-0.186
-0.792
 0.118
-0.087
-0.333
 0.572
 0.599
-0.981
-0.090
 0.536
-0.912
 0.978
 0.577
 0.172
 0.386
 0.840
 0.859
 1.729
 1.642
 2.206
 1.446
 0.778
 1.604
-0.291
 0.362
-1.389
-0.343
-0.452
 1.166
-0.279
-0.101
-1.484
-0.373
 0.677
 0.047
-0.247
-0.965
-0.516
 0.263
-0.314
 0.091
 1.155
-0.256
-0.063
 1.485
 0.426
 0.043
-0.412
-0.396
 0.190
 0.149
 0.205
 0.694
 0.412
-0.962
 0.101
 1.276
 0.524
 1.424
 1.934
 1.157
 1.181
 0.304
-0.323
-1.368
 0.427
 1.242
 1.478
-1.315
 0.726
-0.534
-0.554
-0.349
-0.885
-1.849
-0.761
-0.539
 0.234
-0.836
-1.077
-0.753
-0.824
-1.095
 0.258
 0.605
 0.467
-0.910
 0.708
-0.485
 0.770
 1.612
 1.778
 0.412
 1.413
 0.562
-0.296
 0.830
-0.179
-1.233
-0.585
 1.112
-0.521
 0.781
 0.114
 0.515
 0.484
 0.567
 0.039
 0.719
 1.070
 1.103
 0.810
-0.829
-1.109
-1.590
-1.382
-1.743
 0.566
 0.817
 1.362
 0.066
-0.320
 0.079
 0.272
 0.999
-0.306
-0.863
 0.223
 0.974
 1.563
 1.176
 1.013
 0.405
-0.817
-0.841
 0.430
 0.879
 1.130
 1.322
-0.370
-0.749
 0.057
-1.381
-1.753
-1.517
-0.310
-0.628
-0.104
 0.721
 1.124
 0.688
 0.722
 0.184
-0.041
 1.039
 1.901
 0.372
 0.044
-0.362
-0.337
-1.195
-0.258
 1.223
 0.941
 0.787
 1.409
-0.297
 0.347
 0.006
 0.075
 0.802
-0.444
 1.187
 0.203
-0.354
 0.058
 0.838
 0.456
 1.117
 0.434
 2.284
 0.541
 0.350
-0.811
 1.970
 2.099
 1.538
 2.351
 0.838
 1.190
 0.747
 1.459
 1.167
 0.593
 0.577
 0.335
 0.189
 0.125
 0.909
-0.697
-0.141
 0.696
 1.456
 1.005
 0.834
-0.179
 0.779
 0.635
-1.113
-0.847
-0.904
-1.362
-0.604
-0.568
-0.680
-0.983
 0.134
-0.247
-2.262
-0.931
-0.988
-0.953
-1.038
-0.909
-1.139
-1.075
-0.350
 1.611
-0.178
-0.971
-1.011
-1.849
 0.463
-1.146
-1.435
-0.386
 0.994
 1.392
 0.279
 0.360
-1.471
-0.783
 0.425
 1.093
-0.035
 1.036
 0.131
-0.363
-1.037
 0.394
 0.329
 0.158
 1.040
 1.239
-0.369
 1.177
 0.125
 1.068
 1.502
 0.354
-0.946
 0.478
-0.886
-0.297
 0.845
 0.396
 1.055
-0.833
 0.507
-0.934
-1.265
-0.817
-0.429
 0.057
-0.224
 1.467
 0.875
-0.221
 0.806
 0.022
 0.008
 0.590
 2.323
 0.476
 1.568
 1.309
-1.203
-1.111
-0.461
-1.320
-0.507
-1.092
-0.531
-1.628
-1.465
-0.450
 0.058
-1.248
-0.991
-0.815
-0.398
-1.597
-0.275
-0.757
-0.739
-0.904
 0.608
 0.694
 0.809
 0.901
-0.357
 1.580
 0.494
 0.615
 0.940
-0.431
 1.106
 1.042
-0.283
 0.104
 0.032
 0.143
-0.403
-0.126
 0.283
-0.045
-0.076
-2.047
-0.252
 1.841
-0.351
 0.533
 0.668
-0.368
-1.319
-1.526
 0.555
-0.908
-0.895
 0.262
-0.238
-0.555
-0.634
-1.353
-0.507
-1.700
-1.590
-0.664
-1.520
-0.218
-0.884
 0.380
-1.072
-0.525
 0.903
 2.126
-0.490
-0.713
-1.121
-0.519
-0.330
-0.317
 0.673
 0.512
-0.052
 0.676
-1.328
-0.512
-1.313
 0.632
-0.405
-0.299
-0.270
-0.113
-0.416
 0.398
 0.123
 0.528
-1.879
-0.304
-0.931
-1.090
-0.587
-1.448
-0.033
-0.227
 0.349
 0.874
 0.878
 0.960
 0.655
 0.114
-1.740
-1.090
-0.911
-0.660
-0.986
-1.382
-1.376
-1.267
-1.224
-0.933
 1.052
 1.006
-0.587
-0.926
-1.351
-1.113
-0.479
 0.790
 0.912
-0.084
 0.085
 0.637
-1.199
-0.968
-0.835
 0.413
 0.513
-0.932
-0.911
-0.345
 0.317
-0.608
-1.107
-1.095
-0.471
-0.524
 0.931
-1.342
 0.053
 1.154
-0.718
-0.843
-0.534
-2.793
-0.449
-0.350
-1.558
-0.773
-0.640
 0.875
 0.059
 0.515
 1.236
 0.951
 1.615
-0.700
-0.282
 0.088
-1.706
-0.774
 0.671
-0.798
 0.658
 0.897
 1.829
 0.776
 0.326
 0.604
 0.040
-0.154
-0.041
 0.139
 1.925
 0.617
-0.805
-1.585
 0.410
-0.824
-1.595
-0.456
 1.016
 1.250
 0.731
 1.236
 1.198
 1.713
 2.724
 1.010
 0.979
-0.031
-0.079
-0.163
 0.251
-0.607
-0.663
-0.290
 0.196
-0.509
 1.935
-0.034
 0.379
 0.337
-0.521
 1.032
-0.001
-0.719
 0.181
-0.321
-1.769
-1.607
 0.000
-1.677
-0.734
 0.484
 0.227
 0.674
-1.684
-0.342
-0.528
 1.108
 1.317
 1.027
 0.261
 0.601
 0.765
 0.520
 0.466
 0.943
 0.252
 0.230
 1.262
 1.285
 0.460
-0.090
 1.385
 0.922
 0.687
-0.255
 0.307
 0.457
 0.650
-0.679
 0.067
 0.422
-0.996
 0.172
 0.687
 0.024
 0.592
 1.327
-0.222
-0.457
 1.583
 0.049
 1.323
 2.671
 0.695
 0.763
 1.631
-0.565
 0.333
 1.479
-0.139
 1.241
 1.057
 0.490
 0.952
 0.578
 0.473
 1.758
 1.685
 0.291
-0.865
 1.048
 0.678
-0.358
-0.070
 0.619
 1.350
 1.510
 0.565
 0.469
 0.655
 0.687
 1.011
 2.450
 0.975
 0.222
-1.183
-0.132
 0.966
 2.035
 1.576
 1.879
 0.623
 0.865
 0.143
-0.301
 0.346
-0.138
 0.531
 0.716
-0.870
-0.871
 0.506
-0.745
-0.490
-2.743
-0.687
-1.065
-0.197
-0.146
 1.221
 0.141
-0.600
-1.967
-0.052
 0.817
-0.295
 0.396
-0.436
 0.814
-0.261
 0.260
-0.588
 0.906
 0.124
 0.408
 1.608
 0.657
 0.420
 1.762
 0.947
 0.403
 0.081
-1.083
-1.358
-0.316
-0.408
 1.103
-0.295
 1.668
 1.329
-0.633
 1.228
 1.642
 0.287
 1.386
 0.560
 0.252
-0.209
 1.489
 0.502
 0.437
 0.849
-0.068
 1.372
 1.310
-0.620
-0.703
-0.655
 0.588
-0.099
 0.760
 0.705
-1.179
-0.303
 0.132
-1.451
-0.916
-0.775
 0.708
 0.506
 2.032
 1.059
 0.903
 0.527
-0.864
-0.038
 0.560
 1.638
-0.549
 1.215
-0.585
 1.493
-0.018
 0.159
 0.300
 0.028
 1.539
 0.793
-0.567
 1.855
 0.956
 0.201
-0.116
 1.291
 1.376
 1.926
 1.649
-0.119
-0.056
 0.973
 0.119
 0.994
 1.292
 1.066
 2.066
 0.469
-0.422
 1.262
 1.238
 0.531
-0.602
-1.383
-1.090
 0.412
 0.770
-0.171
 1.178
 0.822
 0.561
-0.021
 0.039
 0.036
 1.246
 0.649
 0.890
 0.452
-1.015
-0.318
 0.520
 1.762
 1.387
 1.739
 0.580
 1.292
 1.600
 0.760
 0.215
 1.399
-0.189
 0.372
 0.776
-0.008
 0.931
 0.037
-0.093
 1.279
 0.189
-0.021
 1.024
 1.116
 1.689
-0.100
 0.281
-1.103
 0.240
 0.052
-0.898
 0.563
-1.239
-0.725
-1.226
-0.216
 0.065
 0.361
-0.114
 0.129
 1.013
-0.259
-0.649
-0.773
-1.251
-1.390
-1.375
 0.132
 0.145
-0.369
-1.265
 0.302
 0.319
 0.156
 0.043
 0.097
 0.629
 0.776
 0.244
-0.121
-0.813
 0.181
 0.126
 0.273
 0.388
-0.177
-0.393
-1.041
-1.027
 0.134
 0.429
 0.705
 0.753
 1.864
 2.294
 0.532
 1.004
 0.361
 1.652
 0.089
 1.643
 0.738
 0.876
 0.838
 1.039
 1.819
 1.804
 1.102
 0.168
 1.047
 1.615
 2.022
 0.639
 0.590
 1.055
-0.235
 1.128
 0.429
 0.016
 2.481
 2.389
 1.114
 0.106
 0.569
 0.818
 0.299
 0.972
 1.662
-0.285
 0.528
 0.626
 0.218
 0.963
 0.988
 0.147
-0.232
 0.138
 0.965
-0.373
 0.395
 0.764
-0.778
 0.063
-2.399
 0.227
-1.140
-0.870
 0.423
-1.198
-0.613
-0.038
 0.044
 0.917
 0.590
 0.655
-0.033
-0.426
 0.364
 0.788
 0.077
-0.458
 0.835
-1.163
-1.076
-1.670
-0.987
 0.939
 0.108
 0.039
 0.705
-0.359
-0.633
 0.051
-0.073
-0.694
 0.373
 0.958
-0.727
-0.972
 0.405
-1.198
-2.233
-1.574
-0.302
-0.770
-1.200
 0.347
 1.273
 0.393
-1.643
-1.038
-1.053
 0.347
 1.611
 1.946
 0.149
 1.416
 0.343
-0.097
 0.547
 0.560
-0.079
 3.160
 1.952
 1.958
 2.987
 2.656
 1.241
 0.507
 2.399
 1.269
 0.722
-0.343
 0.303
 1.643
 2.933
 0.760
 1.260
 1.810
 1.353
 1.174
 0.469
 2.137
 0.452
-0.566
 0.330
 0.938
 1.035
 0.497
 0.523
 0.869
 0.790
 1.631
 1.071
 0.456
 1.224
 1.150
 0.095
 0.455
 1.811
 1.265
 2.299
 1.366
 0.796
 3.209
 2.686
 2.384
 0.570
 0.684
 0.439
 1.559
 0.158
 0.452
 0.171
 0.170
 1.802
 0.824
 0.294
 0.491
-0.064
 0.361
 0.475
 1.524
 1.198
 0.034
-0.188
 0.638
-0.244
 0.064
 0.807
 1.307
 1.546
 1.444
 1.401
 0.973
 1.482
 0.619
 1.479
 0.124
-0.840
-0.242
-0.652
-0.687
 1.276
 0.291
-0.304
-0.456
 0.950
 0.193
 1.741
-0.926
-1.294
-0.421
 0.593
 0.428
 1.045
 0.737
 0.316
 1.324
 0.965
 1.290
-0.853
-1.020
-0.152
 0.785
 0.544
 0.252
-0.844
 0.295
-0.809
 0.120
-0.723
-0.562
 1.004
 0.545
-0.019
-0.610
-0.559
 0.784
-0.358
-0.622
-0.621
-0.819
 0.419
-0.611
-1.259
-0.976
-0.624
-1.710
-0.097
-1.076
 0.310
 0.677
 0.754
 0.557
 0.136
 1.117
 0.483
-1.613
-0.465
-0.684
-1.259
-1.508
 0.201
-0.557
-0.012
 0.608
 1.302
 0.868
 0.047
 1.299
 0.611
 0.221
 0.605
-0.287
-1.537
-0.510
 0.240
 1.118
 0.801
 0.586
-0.183
-0.694
-0.906
-2.518
-0.848
-0.875
-2.147
-0.592
-1.628
-1.119
-2.058
 1.045
 0.239
-0.386
-0.012
-1.222
-1.406
 0.625
-0.986
-0.509
-1.041
-1.655
-1.033
-0.979
 0.636
 1.021
-0.626
-1.109
-0.411
-0.870
-1.308
-0.189
 0.213
-0.131
-1.081
 1.533
 1.103
-1.236
-0.723
-1.194
-0.779
-0.013
-0.869
 0.125
-0.236
-0.623
 0.645
 0.022
 1.298
 2.241
 0.391
 1.437
 0.731
-0.143
-0.556
 0.189
 0.331
 0.848
-0.979
-1.701
 0.881
-0.701
-0.838
-1.080
-0.960
-1.985
-1.642
-0.172
 0.123
 0.438
 0.515
 0.315
-0.515
-0.315
 0.256
 0.446
-1.107
-0.918
 0.119
-0.288
-1.891
-2.432
-0.649
-0.892
-0.395
 0.759
 1.037
 0.486
 1.914
 1.034
 0.698
 1.330
 1.113
 0.687
 1.399
 2.093
 0.888
 2.182
 1.216
 1.273
 0.525
 0.854
 1.964
 1.629
 0.553
 1.452
 0.413
 1.406
 1.211
 0.280
-0.152
 0.147
-0.002
 0.774
 1.030
 0.094
 0.272
 1.052
 2.332
 1.507
 0.187
 1.349
-0.070
 0.352
-0.618
-0.871
-0.718
-0.203
-0.707
 0.340
 0.388
-0.647
-0.217
-0.178
-0.565
-0.128
 0.966
-0.589
-0.418
-0.778
 0.094
 0.338
 0.188
 1.036
 0.651
-0.023
 0.876
 1.553
 2.571
 0.711
 1.802
 1.080
 0.823
 0.774
 0.501
 1.048
-0.629
-1.869
 1.726
 1.373
 1.046
 2.217
 0.953
 1.592
 2.552
 2.197
 0.699
 0.333
 0.916
 0.812
 0.052
-0.161
-0.736
 0.490
 0.672
 0.033
 1.737
 0.396
 0.712
 0.125
-1.042
-0.953
 1.145
-0.273
 0.954
 0.501
 0.759
-0.630
-0.535
 0.456
 0.438
 0.391
 0.602
 0.166
 0.335
-0.239
 1.187
 0.595
 0.731
 1.112
 0.866
 1.033
 0.188
 0.007
 0.244
-0.666
 0.680
 0.345
 1.629
 0.902
 1.503
 0.135
 1.290
 0.707
 0.874
 0.652
-0.276
 1.436
 0.386
 1.954
 0.420
 0.033
 0.631
 0.161
 0.805
-1.094
 0.360
-1.573
-0.953
-0.084
 0.201
-1.193
-0.387
 2.089
 0.611
 0.867
 0.545
 0.047
 1.094
 0.672
 1.616
 1.250
-0.669
-0.094
 0.640
 0.600
-0.723
 0.704
-0.093
-0.201
 0.118
-0.785
 1.890
 2.940
 0.599
 0.857
 0.736
 0.044
 0.885
 0.474
 0.257
 1.435
 0.568
 0.819
 1.198
 0.793
-0.047
 0.217
 1.002
 0.094
 1.140
-1.134
-1.619
 0.640
 0.497
 1.794
 2.251
-0.865
 0.542
-0.421
 0.606
 0.793
 0.344
-0.460
 0.284
 1.985
 1.167
 1.055
 1.700
 0.518
 1.889
 1.517
 0.138
-1.091
 0.219
 0.942
 0.662
 2.072
 1.707
 0.439
 1.230
-0.419
 0.410
 1.583
 0.986
 2.375
 0.051
-0.618
 1.213
 1.080
 0.657
 0.231
-0.440
-0.247
 0.023
 0.735
 0.794
 0.776
 0.235
 0.001
 0.773
 1.610
 0.480
-1.123
-0.022
-1.234
 0.268
 1.458
-0.094
-0.442
 1.417
 2.845
 0.748
 0.445
 1.150
 0.897
-0.207
-0.740
 0.647
 0.920
-0.618
-0.278
 0.069
-1.508
-0.617
-0.371
-0.199
 0.049
-1.115
 1.754
 0.377
 0.314
 0.680
-0.406
 0.752
 1.499
-0.586
-0.957
 0.342
-2.763
-0.902
-0.026
 0.749
 0.535
 0.362
 0.838
 0.685
-0.396
 1.869
 0.897
 1.629
 0.360
-0.798
 0.554
 1.225
 1.498
 0.770
-0.295
 0.014
 0.914
 0.153
 0.878
 0.101
 1.246
-0.733
 1.163
 1.151
 1.449
-0.013
 0.950
 0.921
 0.339
 0.119
 1.454
 0.671
 2.122
 2.263
 1.697
 1.897
 0.827
 0.736
 0.223
 0.747
 0.125
 0.586
 0.545
 0.045
 1.077
 0.838
-0.623
-1.545
-0.482
-0.855
-0.290
 0.475
-0.206
-0.413
-0.348
 1.740
 0.386
-0.632
-0.442
-1.167
-0.975
-0.334
 0.165
 1.536
 0.521
-0.298
 0.906
 0.476
 1.075
 0.408
 0.988
 0.505
 0.153
-0.547
 0.848
 0.782
 0.564
 0.412
 1.251
-1.544
 0.210
-1.404
-0.847
-1.162
-0.328
-0.162
 0.771
-0.167
-0.740
 0.591
 0.526
 0.083
 1.461
 1.745
 0.355
-0.370
-0.490
 0.604
 0.758
 0.330
-0.579
 0.377
 0.070
-0.809
 1.002
-1.125
 0.023
 0.127
 0.112
-0.030
 2.558
 0.628
-1.042
-1.046
-0.606
-1.269
-0.934
-0.701
 0.194
 0.970
-0.339
 0.441
-0.319
-0.061
-0.537
-1.538
 0.993
 0.106
 0.076
-0.544
-0.489
-1.518
-1.895
 0.634
 0.097
 1.148
-0.618
-0.190
-1.150
-1.657
 0.550
-1.101
-0.283
 0.867
-0.995
 1.366
 1.944
 0.363
 1.535
 0.993
 1.198
 2.095
 2.035
 1.127
 2.745
 1.343
 1.234
 1.706
 0.168
-0.547
-0.467
 0.188
 1.011
 1.417
 0.239
-0.218
 0.357
 0.136
-1.253
-2.396
-0.029
-0.025
-0.899
-0.913
-0.426
-0.942
 0.053
-0.170
 0.823
-0.775
 0.520
 0.467
 1.514
 1.701
 2.947
 1.159
 1.108
 0.879
 0.151
 2.023
 0.262
-0.200
 1.532
 1.598
-0.300
 0.507
 0.229
 0.856
 1.083
 0.623
 2.617
 1.510
 0.794
 0.067
 1.407
 2.290
 0.431
-0.561
 0.229
 0.164
 0.301
 0.664
 0.952
-0.981
-0.940
-0.532
 0.949
 1.941
 0.025
 1.880
 1.264
 1.933
 0.476
 0.774
 2.031
 0.941
 0.917
 1.206
 0.022
 0.279
-1.152
 0.998
 0.736
 0.981
 0.234
 0.461
-0.064
 0.713
 0.950
 0.671
 1.709
 1.349
 1.497
 2.555
 0.927
 0.636
-0.227
 1.024
-0.038
 0.139
-0.527
 1.435
-0.476
-0.124
-0.655
-0.111
 0.790
 0.762
 1.609
-0.838
-0.332
-0.724
 0.675
 0.610
 0.983
 0.430
 0.124
 0.875
 0.461
 2.863
 1.531
 1.144
 0.285
-0.458
-0.256
-1.067
-0.527
 1.393
 0.105
 0.355
 0.694
 0.942
 0.678
-0.402
 0.142
-0.126
-0.215
-1.244
-0.465
-0.879
-0.431
-0.274
-0.147
 0.117
-0.519
 0.862
 1.128
-0.770
 1.551
 1.538
-0.121
-0.639
 0.729
-0.679
 0.671
 1.682
 1.454
-0.464
-0.815
-0.749
 0.564
 0.298
-0.981
-1.479
-0.125
-1.212
-0.327
-1.198
-0.425
-1.029
 0.447
-0.151
 1.430
-0.243
 0.771
-0.973
-0.743
 0.344
 0.677
 0.051
-0.009
-0.013
 1.139
 0.277
 0.031
-1.414
 0.327
-0.884
-0.356
 0.586
 0.012
-1.504
-0.706
 0.333
 0.067
 0.737
 0.324
 0.005
 1.451
 0.102
 0.690
 1.330
 1.027
 0.436
 0.822
 0.662
 1.325
 0.922
 0.372
 0.482
 0.738
-0.197
 0.003
 1.324
 0.619
 0.411
-0.197
 0.511
 1.198
 1.343
 0.967
 0.093
-1.180
-0.967
-0.151
 0.761
 0.983
 1.239
 1.588
 0.522
-0.154
-0.632
 0.368
 0.918
 1.081
-1.507
 0.393
 0.751
 0.787
 0.955
 0.261
 1.055
 0.443
 0.306
-0.489
-0.376
 0.093
 0.742
-1.076
 0.340
 0.478
-0.364
-0.055
 0.172
 0.251
 0.522
-0.367
-0.074
-0.213
-1.271
-2.877
-1.648
-1.833
-1.035
-0.313
 0.016
-1.432
-0.068
-0.288
-2.207
-1.664
-1.756
-2.350
-0.706
-1.816
-1.854
 0.131
 0.249
-0.291
-0.598
-1.383
 1.187
 0.764
-0.720
-0.756
 0.122
-0.153
-0.881
-0.731
-0.959
-0.058
-0.139
 0.797
 0.109
-1.494
-2.660
-0.186
-0.185
-1.785
-0.649
-2.241
-0.674
-0.592
-0.905
-0.713
 0.426
 0.796
 0.148
-0.495
-0.269
 0.336
 0.214
 0.419
 0.341
-0.092
 1.079
-0.537
 0.567
-0.033
-1.924
-0.500
 0.373
-0.846
 0.717
 0.181
-1.105
-0.314
-0.272
-0.624
-0.824
-0.799
-0.854
-0.754
 0.199
-0.927
-0.396
-0.980
-1.295
 0.107
-0.546
-1.686
 0.548
-0.378
-0.519
-0.485
-0.727
-0.689
 0.720
-1.644
-1.150
-0.187
-1.643
-0.614
-0.420
-0.390
 1.376
 2.263
 0.982
 1.297
 1.343
 1.099
 0.003
-0.655
-1.247
 0.148
-1.602
-0.150
 1.167
 0.102
 0.047
 0.073
-0.306
 0.438
 0.002
 0.357
-1.576
-0.610
 0.117
-0.062
 1.362
 0.034
-0.851
 0.696
 1.007
-0.172
-0.670
 1.019
-0.487
-0.409
-1.008
 0.107
 0.193
-0.909
 0.296
 0.537
 0.704
-0.393
-0.013
-0.599
-0.093
-0.601
 0.417
 1.026
-0.374
-0.899
-0.241
 0.486
 0.461
 0.595
 0.640
 0.238
 0.336
-0.321
-0.857
-0.989
 0.001
 0.082
 0.276
 0.275
-0.483
-0.512
-0.604
-1.183
-1.503
-1.014
-0.876
-1.213
 0.241
-0.834
-0.118
-0.326
-0.803
 0.231
-0.259
-0.250
 0.087
 0.370
-0.684
-0.609
 0.580
 0.469
 1.295
 1.591
 0.053
-0.624
 0.071
-0.361
-0.898
 0.356
-0.583
-0.485
 0.889
-0.335
 0.135
 0.220
-0.088
 1.046
-0.595
 0.160
 0.350
-1.258
-2.133
-1.524
-0.403
-0.638
-0.708
-1.482
-0.037
 1.066
-0.120
 0.432
-0.278
-0.747
-0.455
 1.912
 0.385
 0.929
 0.886
 0.344
-0.999
-0.045
-0.537
-1.163
 0.068
-0.280
 1.458
 0.790
 0.170
-0.986
 1.004
-0.096
-0.424
 1.163
 1.144
-0.051
-0.742
-0.732
 0.042
 0.032
 0.035
-0.402
-1.112
 0.861
 0.539
-0.741
 0.540
 0.014
-0.079
-0.265
 0.249
-0.828
 0.691
 1.980
 1.206
 0.765
-0.246
 1.174
 0.410
-0.225
-0.190
 0.283
 1.110
 1.855
 1.125
 0.493
 0.179
 0.645
 0.840
 0.787
 1.254
-0.806
-0.245
-0.237
 0.929
 0.603
 0.657
 1.419
 1.482
 1.326
-1.255
 0.482
 0.515
-0.225
-0.326
 0.290
-0.489
 0.274
-0.236
 0.231
-0.261
-1.474
-0.412
-1.035
-1.204
-0.840
-1.170
-0.750
 0.344
-0.285
 0.051
 0.930
 0.511
-1.331
-0.677
-0.647
 0.079
 1.307
 0.233
 0.985
 1.787
 1.141
 0.929
 1.619
 0.452
 1.046
 1.767
 2.680
 0.423
 0.994
 1.111
 1.412
 0.523
 0.213
 0.422
 1.601
 1.601
 0.196
 0.367
 0.147
 1.294
 0.724
 0.945
 0.419
-0.450
 1.847
 1.328
 1.814
-0.307
 0.331
 1.384
 0.352
-0.022
-0.379
 0.109
 0.915
 0.027
 0.117
 0.439
-0.828
-0.333
 0.990
 1.341
-0.725
-0.284
 1.737
 0.591
-0.394
 0.046
-0.161
 0.999
 1.644
 0.225
 0.905
-0.565
 0.855
 2.469
 2.138
 0.373
 1.134
 0.121
 0.096
 1.718
 0.904
 2.033
 0.019
 0.742
 2.082
 2.077
 1.255
-0.652
-0.775
-0.185
 0.487
 1.571
 0.771
 1.490
 0.750
 0.309
-0.855
 0.299
 0.273
-0.595
 0.605
 0.329
 0.699
 0.389
 1.561
 0.162
 0.650
 1.504
-1.025
-1.078
 0.307
 0.614
 1.059
 0.670
 0.366
 0.935
 0.472
-0.794
-0.582
 0.600
 0.073
-0.207
-0.577
 0.874
 2.196
 2.567
 1.770
 2.060
 1.569
 1.072
 1.493
 3.042
 2.141
 0.808
 0.212
 1.553
 0.458
-0.205
-0.637
-0.103
-0.666
-0.111
 0.865
-0.009
 0.211
 0.669
 0.352
 1.210
-0.123
-0.180
 0.304
 0.439
-0.082
-1.187
-1.989
-1.169
 0.285
 0.234
-0.440
-0.204
 0.263
-0.575
-0.822
-0.481
-0.664
-0.239
 0.559
-1.342
 0.381
 0.451
 0.750
 0.909
 0.207
-0.521
-0.888
 0.155
-0.009
-0.316
-1.277
-1.483
-0.314
 0.881
-0.590
 0.485
-0.642
 0.366
-2.234
 0.291
-0.701
-0.313
 0.773
 0.474
-0.722
-0.437
-1.153
-0.687
-0.570
 1.504
-0.098
 0.473
 0.049
 0.992
-0.775
-0.890
 0.193
-0.274
 0.560
-0.992
-1.313
 0.363
 1.122
-1.344
-1.374
 0.229
-0.217
-1.556
-1.096
-1.308
-0.091
-0.633
 0.029
-0.741
-0.099
 0.259
-1.756
-1.453
-0.550
-0.622
-0.390
 1.360
 0.275
 1.012
 0.077
 0.033
-0.842
 0.637
 0.606
-0.296
-0.081
 0.994
 1.743
 1.408
 0.486
 0.649
 0.005
-0.492
 0.126
-1.245
-1.413
-1.643
-1.454
-0.570
 1.060
-1.330
-0.691
-0.368
 0.904
-0.137
-0.713
-0.306
 0.432
-1.570
-0.958
-0.612
 0.604
-0.880
 0.265
 2.130
 0.969
-1.875
-0.836
-0.739
-0.163
 0.398
 0.013
-0.761
-0.522
 0.014
 0.146
-0.190
 0.276
-0.611
 0.341
 0.948
 1.788
 0.862
 0.176
-0.109
 0.589
-0.321
 0.509
 0.758
 1.697
 0.772
 1.518
 0.469
-0.428
-1.160
-1.675
 0.402
-2.410
-1.423
-0.300
 0.080
 0.330
-1.043
-0.589
-2.277
-0.603
-1.874
-0.112
 0.399
 1.064
 0.141
 1.231
 2.185
 1.975
 1.829
 0.758
 0.671
 0.073
 1.213
 0.384
-1.636
-0.554
 0.352
 0.913
-2.205
 0.095
 0.162
 0.008
-0.791
 0.837
-0.080
-0.535
 0.054
 0.411
 0.089
-1.012
 0.087
-0.270
-1.822
 0.368
-0.410
 0.693
-0.132
-0.474
-0.817
-0.909
-0.323
 1.030
 0.429
 1.009
-0.189
 0.151
 0.320
 1.124
 0.880
 0.346
-0.676
 0.400
 0.182
-1.808
 0.107
 0.247
-0.954
-0.189
-0.254
 0.038
 0.334
-0.787
 1.069
 0.194
 0.619
 0.505
 0.612
 0.083
-0.017
-1.050
 0.256
-0.753
-0.982
 0.602
-0.974
 0.091
 0.651
-0.272
-0.769
 0.184
 0.563
 0.380
 1.000
 2.206
 1.620
 1.396
-0.348
-0.087
-0.671
-1.896
-0.800
-1.095
-0.361
 1.813
 0.150
 0.835
-0.129
-0.110
 0.151
 0.046
 1.172
 0.096
 0.787
 1.300
 0.470
-0.975
 0.424
-0.285
 0.050
 0.341
 0.225
-0.281
-0.330
-0.252
 0.123
-0.379
 0.704
 1.875
 1.057
 0.708
-0.708
-0.043
 0.060
 1.302
-0.442
-0.046
-0.327
 0.042
-0.022
-0.162
-0.836
 0.429
 0.430
-0.108
 1.052
 1.044
-0.871
-1.832
-0.584
-0.098
-0.472
 0.299
-0.078
-0.987
-0.291
-1.700
-1.204
 0.324
 1.060
-0.514
 0.360
 1.614
-0.176
-1.097
-1.537
-1.608
-0.044
 0.721
 0.269
-0.517
-0.059
 0.931
 0.554
-0.911
 1.603
 0.601
-0.273
-0.090
 0.465
-1.121
 0.334
-0.736
-1.395
-1.901
-0.920
 0.744
 0.679
 0.204
 0.701
 0.696
 0.553
 0.214
 0.083
 0.828
 1.371
 1.373
-0.092
-0.152
-0.593
-1.307
-1.268
-0.519
 0.133
-0.493
-0.621
-1.677
-2.765
-1.895
-1.178
-0.649
-1.029
 1.295
-0.063
-1.762
-0.780
-1.429
-0.244
-0.077
 0.640
 1.376
 0.266
-0.290
-0.435
-0.223
 0.648
 1.001
-0.901
-1.367
-1.310
-1.542
-1.553
-0.243
-0.662
-0.733
-1.619
-0.735
-0.698
-0.157
 0.820
-0.020
 0.045
 0.226
-0.967
-0.355
-1.033
 1.214
-0.447
-2.609
 0.466
-0.881
 0.382
 0.767
 0.930
-1.072
-0.718
 0.144
 1.053
-0.002
-0.372
 0.368
-0.755
 1.442
 0.821
 1.138
-0.317
-0.345
-0.792
-1.747
 0.135
 1.373
 0.151
-0.734
 0.554
-1.360
-1.070
-0.953
-1.650
-1.424
-0.471
 0.197
-1.871
-0.617
-1.044
-0.131
-0.679
-0.922
 0.271
 0.850
 1.209
 1.294
 1.040
 0.053
-0.214
-1.490
-0.323
-1.389
 0.904
-0.332
-0.174
 0.126
 0.161
 2.571
 2.392
 1.115
 1.528
-0.663
-0.749
 0.397
 0.246
 0.161
 1.025
-0.497
 0.111
 1.428
 1.227
 0.802
 0.845
 2.145
 0.493
 0.005
 0.398
-0.802
 0.154
-1.900
-1.325
-0.163
-1.110
-1.236
-1.219
-0.247
-1.612
-0.921
 1.242
-0.012
-0.353
 0.867
 0.370
-0.962
 1.482
-0.675
 1.498
 0.986
 0.127
 0.100
 0.067
 0.565
 1.436
 0.780
-0.359
 0.914
 1.798
 0.764
 2.639
 1.028
 1.575
 1.183
 2.114
 2.669
 1.905
 1.200
-0.118
 1.227
 1.479
 2.065
 2.033
-0.210
 0.359
-0.309
 0.467
 0.916
 0.730
 1.285
 1.248
 1.953
 0.564
 0.147
-0.612
 1.147
 0.837
 1.889
-0.199
 1.176
 1.041
-0.638
 0.440
 0.086
 0.223
 0.226
 0.720
 0.524
-1.078
 0.181
-0.777
 0.787
 1.545
 0.752
 0.661
 0.047
 0.685
 0.199
 0.173
 1.301
 0.532
 1.203
-1.877
-1.953
-0.917
-0.142
 0.312
-1.973
-0.932
 0.255
 0.819
 0.099
-0.150
 1.383
 1.618
-0.492
 0.059
-0.952
-0.654
-0.914
 0.287
-0.725
 0.431
 0.068
-1.080
-0.343
-0.896
-1.117
-0.535
-0.697
-0.910
 0.032
 0.029
-0.470
 0.060
 1.383
-0.122
 1.037
 0.182
-1.335
 0.495
 0.746
 0.081
-1.212
-3.380
-1.526
-1.310
 0.106
-0.706
 0.090
 0.304
 1.502
 1.537
 1.186
 2.025
 0.477
 0.244
 1.495
 0.988
 2.559
-1.203
-0.784
 0.508
 0.026
 0.556
-0.052
-0.520
 0.089
 0.124
-0.626
-1.145
-1.080
 0.207
 0.113
 0.405
-1.201
-0.423
 0.074
-0.981
-0.344
-0.431
-0.840
-0.651
-0.318
 1.249
 0.768
 2.055
 0.293
-0.243
-0.418
-0.763
-1.070
-2.442
-2.129
-1.812
-1.730
-1.087
-0.570
-0.621
-0.841
 0.332
-1.064
 1.146
-0.621
-0.493
 1.044
-0.271
-0.053
 0.746
 0.619
 1.573
 1.983
 0.704
-0.512
 0.569
-0.690
-0.922
 0.634
 0.423
 0.621
-0.116
 0.312
 1.878
 1.955
 0.525
 1.485
 1.173
 2.881
 1.236
-0.706
 0.033
-0.078
-0.130
-0.378
 0.336
 0.194
 0.300
-2.163
-0.613
 1.215
 0.276
 0.368
 0.296
-0.042
 1.116
 0.093
-1.896
-0.798
-1.271
 0.927
-0.577
-0.283
 1.047
-0.061
 0.317
 0.673
 0.609
 1.549
-0.996
-1.644
-1.380
-0.346
 1.473
-0.570
 0.837
 0.739
-0.005
 0.470
 0.551
-0.139
 0.012
-0.760
-0.413
-1.468
-0.985
-0.865
 0.322
 0.672
 1.828
 1.677
 1.752
 0.379
 1.475
-0.484
-0.387
 0.983
 0.324
-0.133
 1.303
 0.591
 1.925
-0.430
 1.136
 1.716
 0.010
 0.279
-0.901
-1.016
 0.119
-1.054
-0.536
-1.056
-0.877
-1.283
-0.718
 0.590
-0.678
-0.945
 0.596
-1.087
 0.218
-0.414
-0.084
 1.169
 1.065
-0.935
-0.243
-0.922
-0.298
-1.474
-0.871
-1.294
 0.345
 0.206
-1.038
 0.054
 0.828
-0.317
-1.053
 0.768
 0.277
-0.711
-2.169
-0.822
-0.435
 0.077
 1.076
 0.373
 0.767
-0.767
 0.116
 2.869
 0.619
 0.185
 0.276
-0.390
-0.450
 2.126
 2.023
 0.854
 0.858
 2.418
 1.298
-0.456
 0.120
 0.792
-0.406
-0.018
-1.158
-0.977
-1.308
-0.843
-0.352
-1.282
-1.276
-0.119
-1.399
-0.983
-0.506
-0.247
-2.275
-1.409
 0.956
-0.890
 0.080
 2.859
-0.181
 2.135
-0.117
 0.883
-0.798
 0.059
 0.785
 0.180
 0.145
 0.350
-1.152
 0.341
 0.467
-0.108
 1.007
-0.418
-0.820
-0.557
-1.025
-1.158
-2.246
-0.696
-0.072
-0.104
 0.026
 0.872
 0.247
-0.124
-1.005
 1.945
 1.398
 0.091
 1.165
-0.925
 0.156
 0.378
-0.466
-1.255
-1.174
-1.627
 0.874
 0.713
 1.732
 3.606
 1.941
 0.730
 1.312
 0.615
 0.664
 0.286
 0.390
 0.409
 0.261
 1.060
 0.281
-0.632
 0.026
-0.840
-0.015
-1.477
 0.303
 0.352
-0.463
-0.115
-0.483
-1.532
 0.089
 0.374
-0.431
 0.316
 0.545
-0.711
-0.416
-1.003
-0.749
-0.559
 0.891
-0.175
-1.349
-1.448
 0.743
 1.961
 0.405
 1.530
 0.064
-0.515
 0.081
-0.838
 0.853
 1.339
 0.419
 0.040
 0.894
 0.397
 0.608
 1.256
 0.561
 0.269
 1.052
 0.838
 1.305
-0.633
 0.599
-0.069
 2.190
 1.082
 0.483
 1.805
 0.895
 0.700
 0.092
 1.018
 0.403
 0.541
 1.408
 0.082
-0.109
 0.718
-0.341
 1.513
 0.087
 1.001
 2.262
-0.055
 0.597
 0.942
 1.180
 1.361
 1.664
 1.376
 1.469
 1.881
 0.910
 1.000
-0.930
-0.407
-0.217
-0.238
-0.293
 0.668
 0.994
-0.021
-0.320
 0.057
-1.144
 0.794
 0.597
-0.574
-0.093
-0.649
 0.033
 0.999
 0.366
 0.397
-0.610
-0.486
 1.768
 1.247
 0.639
 0.391
 0.369
 0.193
 0.813
-1.438
 0.259
-0.212
-0.667
-2.489
-0.986
-0.858
-1.046
-0.052
 0.188
-0.288
-0.809
-0.350
-0.253
-0.853
-0.041
-0.182
-0.263
 0.166
-0.372
 0.269
 1.146
 0.902
 0.961
 1.310
 0.283
-0.786
-0.923
 0.112
-0.984
-0.055
-0.955
-0.197
 0.349
-1.428
-0.526
-0.398
-1.266
 1.209
 0.023
 0.033
 0.052
 1.570
 1.001
-0.956
 0.080
 0.300
-0.401
-0.884
-2.422
-0.174
-1.058
-0.603
 0.210
 1.213
-0.378
-0.771
-0.842
-1.785
-0.738
-0.695
-0.682
-0.188
 0.169
 0.970
-1.102
 0.615
-0.884
-2.485
-1.769
 0.247
 0.619
 0.305
 1.760
 0.364
 0.968
-2.528
-1.907
 1.290
 0.313
 1.286
 1.098
 1.086
 0.629
-1.012
 0.483
-1.229
 0.054
 1.184
 0.227
 1.271
-0.816
 0.473
 0.415
 0.394
-0.396
 0.376
 1.373
 1.870
-0.049
-0.507
-0.957
-0.741
 0.338
 0.808
-0.526
 0.458
-0.166
-0.851
 0.390
-0.259
 0.905
-0.011
 1.030
 0.399
 1.282
 1.895
 0.400
 0.350
 0.512
 1.137
-0.075
-0.498
-1.633
-0.491
-1.062
-1.890
-0.482
-0.275
-1.017
-0.438
-0.800
-0.335
 0.421
-0.174
 0.047
 0.760
 0.807
 0.609
 0.889
 1.387
 0.994
-1.084
 0.439
-0.825
-1.880
-0.715
-0.411
 0.288
 0.692
-0.423
-0.208
 1.705
 0.156
-0.533
-0.374
-1.138
-0.410
-0.086
-0.074
-0.176
-0.867
-0.551
-0.566
-1.395
 0.387
-2.025
-1.253
-0.241
-0.811
-0.659
-1.044
-0.675
-1.101
-1.339
-0.087
-1.185
-0.902
-1.268
-1.127
 0.887
-0.980
-1.216
-1.428
-0.781
 0.130
-0.163
-0.631
-0.475
 1.079
 1.538
-1.877
-1.443
-0.953
 0.228
 0.910
-1.596
-1.780
-0.835
 0.665
-0.532
 0.730
 0.375
-0.050
 0.018
-0.089
-1.453
-0.271
-0.005
-0.535
 0.027
 0.738
 1.896
 0.886
 0.769
 1.247
-1.269
-0.013
 0.147
 0.034
 0.409
-0.110
-0.077
 1.205
 0.009
-0.186
-0.879
-0.918
-0.703
-0.436
-0.788
 0.945
-0.774
-0.431
-0.799
-0.262
 0.578
-0.039
 0.761
 0.908
 1.111
 1.115
 1.620
 1.258
 0.670
 0.618
 0.086
 0.002
 1.014
 0.509
 0.616
-0.571
-0.577
-0.108
-0.692
-2.636
-0.643
 0.398
 0.486
 1.413
 1.231
 0.730
 0.166
-0.811
-0.077
 0.786
-0.055
 0.062
-0.575
-0.838
-0.186
 0.149
 0.891
-1.322
-0.775
-0.599
-0.515
 0.323
-0.441
-1.169
-0.557
-0.458
-1.077
-0.002
-0.389
 0.304
 0.029
-0.635
-0.172
 1.347
 0.966
 0.152
-1.411
-2.846
-1.268
-0.270
-0.636
-0.022
-0.892
-0.390
-0.579
-0.948
-0.069
-0.479
-0.458
-0.920
-0.379
-1.321
-2.844
-3.611
-1.597
-1.166
 0.290
-0.223
-0.791
-0.202
 0.036
-0.141
-0.478
 0.811
 0.929
-0.025
 0.483
-1.151
-0.492
-0.134
-0.036
-1.031
-1.124
-1.409
-1.413
-1.485
-1.544
-2.251
-1.380
-2.174
-2.248
-2.220
-1.361
-0.343
-1.031
-1.378
-1.202
-0.415
-0.247
 0.244
-0.713
-0.013
-1.110
-0.902
 0.106
 0.066
-0.119
-2.185
-0.431
-0.224
-1.242
-0.656
-0.631
-0.659
-0.203
-1.494
-0.624
-0.773
 0.349
-0.056
 0.838
-0.434
-0.736
 0.284
 1.138
 0.834
-0.124
 0.379
-1.482
-0.041
 0.153
-0.293
 0.217
-0.867
-1.176
-1.615
 0.099
 0.502
-0.344
 0.349
 0.575
-0.199
 0.801
-1.022
-0.626
-0.195
 1.564
 0.250
-0.511
 0.502
-0.599
 0.064
 0.175
-2.275
-1.134
-0.090
 1.388
 0.559
 0.490
-0.533
 0.279
 1.476
-0.155
-0.018
 0.207
 0.960
 0.576
-0.186
-1.088
-1.112
-1.358
 0.186
 1.379
 0.060
-0.930
-0.767
 0.094
 0.697
-0.285
-0.160
-0.910
 0.308
-0.936
-1.280
-0.434
 0.339
-0.784
 1.121
-0.215
-0.167
 0.192
-0.012
 0.837
-0.228
 0.522
-1.816
-1.313
-0.790
-1.584
-1.535
-0.975
 0.069
-0.558
 0.111
-0.235
-0.133
 0.077
 0.697
-0.695
-1.179
-1.758
-0.164
 0.649
 0.266
-0.174
-0.639
-0.764
-0.130
 0.523
 0.760
 0.143
 1.040
 0.002
 0.206
 0.897
-1.127
 0.277
 1.488
-0.585
-0.577
-0.134
 0.854
-0.556
-0.589
-1.171
-0.605
 0.719
-1.185
-0.619
-0.633
-0.528
 0.130
 0.162
-0.634
 0.616
-0.610
-0.517
-1.128
-2.186
-2.341
-0.006
-2.225
-2.181
-1.294
-0.945
-1.667
-0.991
-0.708
-1.016
-1.134
-0.566
 0.059
-0.874
-0.867
 0.557
 1.608
-1.305
-0.414
-1.716
-0.192
-2.163
-1.004
 0.379
 0.716
-0.038
-0.218
-0.725
-0.760
-0.261
-0.850
 0.541
-0.904
-1.439
-0.189
-0.499
-1.741
-0.953
-0.466
-1.358
-0.883
 0.075
 0.611
 0.456
-0.485
 0.495
-0.931
-0.427
 0.726
-0.305
-0.766
-0.457
-1.228
-0.156
-0.538
 0.582
-0.249
 0.241
 0.797
 0.829
 0.257
 0.468
-0.298
-0.660
-0.492
 0.235
 0.276
 0.987
-1.589
-0.962
-0.690
-1.575
-1.674
-2.151
-0.566
-0.533
 0.713
-0.321
-0.328
-0.534
-1.235
-0.466
-0.782
 0.754
 0.955
-0.564
 0.388
-0.208
-1.842
-0.791
-2.087
-1.203
-0.014
-0.977
-1.113
-0.389
-0.508
-0.669
-1.743
-1.169
-1.469
-0.111
-0.114
 0.462
-0.940
 1.096
-1.218
-0.356
-0.737
-0.565
-0.118
 1.399
 1.195
-0.227
-0.200
 0.984
 0.418
 0.388
-0.129
-1.040
-0.861
-1.915
-1.657
-0.792
-0.246
-0.720
-0.487
-0.330
-0.716
 0.969
-0.919
-1.705
-0.052
-0.226
 0.269
-0.304
-0.216
-0.368
-0.287
-0.067
-0.074
-1.638
 0.637
-1.399
-1.772
-1.179
 0.468
 0.127
-1.399
-0.826
-1.480
-1.141
-0.128
-1.421
-1.752
-0.637
-0.956
-2.072
-1.012
-1.033
-2.037
-2.331
-0.275
 0.637
 0.730
-0.458
-0.147
-0.574
-0.247
 0.678
-0.015
-0.001
-0.687
 1.030
 1.746
 1.731
 2.700
 1.689
 1.369
 0.350
 0.361
 2.121
 0.483
 0.154
 0.369
 0.216
-0.739
 0.991
 0.149
-0.585
 0.722
 0.393
 0.661
-0.497
-0.078
 0.809
 0.941
-0.046
 0.227
-0.015
 0.218
 0.165
 1.058
 0.070
 0.491
 0.378
-0.352
 0.235
 0.423
-0.136
 1.791
 0.287
 1.344
-0.175
-0.685
-1.228
-0.250
 0.816
-0.628
 0.600
 0.882
-2.239
 0.339
 0.114
 1.537
-0.153
-1.063
-0.939
 1.526
 0.614
-0.228
 1.322
-0.487
-1.361
-0.648
-0.354
-2.193
-0.156
 0.069
-1.398
 0.393
-0.222
 0.541
 1.455
-0.469
-2.308
-2.021
-0.544
 0.904
 0.697
-0.698
-0.592
-0.116
 2.040
 1.601
-1.028
 0.558
 1.402
-0.322
-0.106
-0.024
-0.401
-0.986
 0.160
 0.028
 1.655
 0.841
-0.719
 0.393
 0.040
-0.741
 1.002
 0.505
 0.929
 1.291
 1.081
 0.441
 0.212
 2.174
 1.680
 0.758
-0.207
 1.109
-0.333
-0.594
-0.848
 0.466
-1.847
 0.347
 1.920
-0.154
 0.677
 0.093
-0.653
-0.463
-0.003
 0.349
 0.282
-1.131
-0.241
-0.393
 0.108
-0.176
-1.068
-1.215
 0.207
-0.028
-1.091
-0.873
-0.770
-1.336
-0.137
-0.743
 0.266
-0.192
-1.164
 0.440
 0.057
 0.917
 1.018
-0.067
-0.682
-0.196
-1.028
 0.232
 0.179
-0.634
 0.577
 0.909
 1.611
-1.147
 0.098
-0.725
-0.533
-2.163
-0.288
 0.624
-0.733
 0.035
 0.116
-0.187
-0.573
-1.013
 0.911
-0.636
 0.163
 0.570
 1.073
 0.099
 0.697
-1.030
 0.641
-0.406
-0.914
-0.278
-1.385
-2.027
-0.521
 0.380
-0.240
-0.092
-1.032
 0.022
 0.066
-0.151
-0.009
-1.472
-0.639
-2.019
-1.823
-1.494
-1.740
-1.432
-0.845
-1.271
-0.299
 1.512
-0.287
 0.128
 0.638
-0.306
-0.787
-0.335
-0.573
 0.830
-0.278
-0.262
 0.205
-0.427
 1.605
-0.623
 0.795
 0.871
-1.162
-0.730
 0.242
 0.055
 0.207
 0.372
-1.228
-1.150
-0.299
-1.892
-0.692
-2.459
-3.215
-2.789
-1.840
-1.006
-0.813
-0.460
-2.342
-0.089
 1.111
-0.703
 1.281
-0.779
 0.803
-0.242
-0.955
 0.173
-0.122
 0.336
-1.646
-0.152
-1.357
-0.860
-0.700
-0.452
-0.715
-0.838
-0.093
-1.234
-0.179
-1.434
-2.665
-1.801
-1.171
-0.882
-1.357
-0.985
-0.945
-1.588
-0.584
-0.643
-1.404
-0.218
-0.444
-0.691
-0.933
-1.439
-1.544
-0.950
-1.015
-0.077
-0.394
 0.170
 0.218
-0.216
-1.956
-0.130
-0.877
-0.377
 0.074
-0.595
 1.262
 0.350
-1.367
-0.699
-0.290
-0.254
-0.678
-1.327
 0.727
-1.189
 0.435
-0.613
-0.370
-0.439
-0.576
-0.456
-0.310
 0.338
-0.302
 0.338
 1.424
 0.041
-0.998
-0.643
-0.457
-0.656
-0.563
-3.109
-0.921
-1.336
-0.437
 0.256
 0.042
-1.042
 0.112
 2.653
 1.287
 0.177
 1.301
 1.218
 0.942
 0.288
 0.012
-0.472
 0.250
 0.049
-0.353
 1.510
 0.889
 0.655
 0.063
-1.411
-0.139
-0.952
-0.871
-0.314
 0.977
 0.100
-0.674
 0.140
 0.825
-1.201
-0.404
-1.300
 0.393
 0.717
 0.017
 1.214
 1.063
-1.417
 0.842
 1.494
-0.120
-1.003
 0.093
 0.548
 0.594
 1.081
 0.312
 0.126
-0.344
-0.062
 0.327
 0.289
-0.271
-0.647
-0.415
-0.267
-0.824
 0.121
-0.318
 0.616
 1.269
 0.506
-1.021
 1.656
 0.976
 2.911
 0.742
 1.413
 0.749
 2.090
 1.641
 2.402
-0.308
 0.542
 0.740
 0.963
 0.535
 0.720
 0.692
 0.500
 1.205
 1.066
 0.643
 2.155
 2.134
 1.280
 0.283
 0.528
 0.435
-1.437
-0.649
-1.361
-1.442
-1.116
-1.940
-0.026
-0.044
-1.226
-0.191
-0.916
 0.901
-0.133
 1.373
-0.368
-2.024
-0.992
 0.353
-1.704
 0.570
 0.781
-1.169
-1.049
-2.198
 0.195
-0.056
-0.811
 0.038
 0.122
-0.341
-0.361
-1.446
-1.342
-0.351
-1.359
-0.485
 0.918
 0.592
 1.563
-0.439
 0.155
 0.834
 0.007
-2.140
-0.924
-0.756
-0.197
-0.114
 0.836
 1.223
-0.027
-0.145
 0.702
 0.072
-0.617
 1.049
 1.089
 1.427
 0.240
 0.882
-1.566
 0.979
 0.759
-1.494
 1.414
 0.990
 1.675
 0.548
 1.441
 1.876
 0.376
-0.318
-0.662
-0.512
 1.466
-1.102
 0.288
 0.091
-0.227
-1.838
-1.453
-0.630
 1.443
 1.848
-0.074
 0.097
-0.713
-0.768
-0.702
-0.667
-1.330
-0.884
-0.644
-0.001
 0.596
 0.791
-0.805
-0.955
 0.269
-2.083
-1.781
-1.855
-0.405
-0.956
-0.697
-0.780
 0.654
-0.062
-0.044
 0.842
-0.315
-0.536
 0.012
 0.223
 1.102
 1.389
 0.668
 0.586
-1.131
 0.851
 0.716
-0.805
 0.206
 0.153
 1.647
 1.106
 0.524
-0.167
 0.041
 0.207
-0.186
 0.356
 0.741
 0.577
 0.243
 0.041
-0.025
 1.247
-0.694
-0.545
-0.593
 0.124
 1.884
 1.763
 1.202
 0.452
 1.075
 1.769
 0.443
 0.738
-0.543
-0.146
-0.055
-0.121
 0.549
 1.307
 0.211
 0.602
 1.135
 0.043
 0.386
 0.313
-0.825
-0.181
 0.261
 0.678
 0.565
 0.017
 0.232
-0.688
 0.819
 0.862
-0.248
 0.405
-0.031
 1.035
 0.333
 0.089
 1.900
-0.483
 0.466
 0.516
-0.687
 0.197
-0.552
-0.235
-0.293
-0.660
 0.149
 0.861
-0.056
 0.486
 0.933
 0.856
 1.282
 2.039
 0.595
 1.411
 0.723
 1.628
-0.934
-0.751
 0.479
 1.346
-1.139
-0.127
 0.550
-0.040
 0.813
-0.045
-0.805
-0.697
-0.598
-0.681
-0.016
-2.041
-2.224
-1.027
-0.695
-0.106
-0.154
-0.500
-1.499
-0.673
-0.174
 0.029
 0.251
 0.799
 1.513
 1.211
 1.301
 0.852
 1.053
-0.017
 0.641
 0.212
 1.524
 1.426
-0.380
-0.092
-1.371
-0.016
-0.063
-1.757
-1.093
-0.743
-0.701
-0.244
 0.837
 0.786
 0.729
-1.029
-0.221
 0.899
 1.370
 0.106
-0.864
 0.119
-0.853
-1.192
 1.338
 0.519
-0.709
 0.233
-0.241
 0.218
 0.284
-0.651
 0.772
 0.351
-1.227
-0.334
-0.235
-0.538
 0.208
-0.424
-0.623
-0.603
-0.786
 0.079
-1.349
-1.028
-0.664
-0.652
-1.212
-1.106
-0.496
-0.691
-1.361
-1.170
-1.755
-0.871
-1.515
-1.506
-1.773
-2.075
 0.845
-1.257
-0.448
-1.075
-1.557
-1.651
-2.454
-1.506
-0.607
-1.281
-0.656
-0.172
 0.483
-0.441
-0.791
-2.258
 0.420
-0.586
 0.638
-0.814
-0.390
 1.328
-0.301
-0.737
-1.555
-0.326
-0.493
-1.450
-0.233
-0.745
-1.915
-2.375
-0.880
-0.686
-0.665
 1.452
 0.510
 0.611
 0.407
-0.196
-0.724
 0.204
-1.352
-1.672
-0.773
-1.655
-0.919
-1.257
-0.444
-1.218
-0.084
-0.654
-0.055
-0.739
-0.232
 0.487
-1.291
-0.333
-1.217
-1.832
-0.035
-1.419
 0.178
-0.329
-0.674
 0.510
-0.834
-0.625
-0.466
-1.383
 0.161
-0.251
-0.842
-0.676
-0.506
-1.008
 1.002
 1.113
-0.612
-0.711
-0.373
-0.010
-0.057
 0.377
 0.726
 0.533
-0.476
-1.929
-0.093
 0.061
-0.287
-0.734
 0.054
 0.093
 0.034
-1.271
 0.129
 0.723
 1.538
-0.894
 0.412
-0.164
-0.027
 1.965
-1.199
-1.311
-0.770
-0.812
-1.480
-0.284
 1.243
-0.235
-2.035
-0.102
 0.855
 0.930
-0.219
 0.482
-0.439
 0.017
-0.282
-0.077
-0.640
 0.547
-0.264
 0.397
 0.326
 0.809
 1.116
 0.816
 0.269
-0.863
 0.188
 0.278
-0.289
 0.088
 0.177
 0.639
-0.518
-0.459
-1.160
-0.306
-0.392
 1.576
 0.602
-0.702
-0.837
-1.605
-1.319
-0.885
-2.203
-1.127
-0.347
-1.010
-1.069
 0.045
 0.456
 1.070
 1.870
 0.092
-0.026
 0.118
 1.002
 0.928
 0.295
 0.623
-0.910
 0.611
 0.192
-0.522
 0.390
 0.556
-0.281
 1.206
 0.331
 0.416
-0.981
-0.026
 1.721
 0.455
 0.979
 0.917
 0.502
 1.750
 0.751
-0.514
-0.611
 0.027
 0.116
 0.631
-0.451
-0.301
-0.846
-0.055
 0.625
 0.322
-0.480
-1.921
 0.438
 0.018
-1.290
-0.468
-0.495
-1.067
-1.950
 0.072
-0.891
-0.055
 0.304
 0.531
 1.047
 1.351
 1.752
 0.102
 1.829
-0.514
 0.075
-0.122
 0.655
 0.087
 0.147
 1.400
 0.720
-2.126
-2.189
-0.537
-0.445
 0.618
 1.292
 0.110
-0.424
-0.469
-0.708
-0.584
-0.216
 0.492
-0.896
-0.270
 0.776
 0.034
 1.138
 1.600
 2.226
 2.642
 1.257
-0.376
 1.270
 1.262
 0.460
 1.289
 0.035
 0.269
 0.681
 2.337
 1.332
 0.773
 1.675
 1.488
 0.035
 0.917
 0.460
 0.362
 0.357
-0.011
 1.800
-0.001
-0.085
-0.132
-0.554
 0.409
 0.665
 1.486
-0.297
 1.006
-0.250
 0.552
 1.821
 1.190
 0.947
 2.454
 1.228
 1.771
 1.060
 1.477
 0.048
-0.771
 0.477
-0.755
-0.797
 1.805
 0.359
 0.903
 0.392
 0.910
 1.313
 2.162
 2.546
 3.281
 1.587
 0.787
 0.667
 0.841
 1.510
 1.218
 1.022
 1.670
 1.707
-0.155
 0.408
 1.895
 1.685
 2.155
 0.588
 1.344
 1.654
 3.623
 2.248
 3.426
 1.896
 1.057
 0.760
 1.246
-0.025
-0.225
 0.360
-0.078
 1.133
 0.675
 1.317
 0.856
-0.204
-0.709
-1.134
-0.483
-0.780
 0.704
 1.283
 0.947
 0.538
-0.742
-0.689
-0.953
 0.008
 0.051
-0.880
 0.402
 0.673
-0.896
-0.802
 0.092
 0.657
-0.792
-0.524
 1.083
 1.579
 1.492
 0.393
 0.357
 1.197
 1.550
-1.007
-0.881
-1.219
 0.184
-0.004
 0.801
 0.871
-0.139
 0.093
-1.590
-0.587
-0.759
-0.842
-0.313
-0.191
-1.264
-0.847
-0.171
-1.197
-0.694
 0.124
-1.777
-0.686
-1.098
-1.806
-2.308
-0.964
 0.197
-0.391
-0.161
-1.312
-1.204
-0.880
 0.393
 0.265
 0.918
-1.365
-0.342
 1.246
-0.698
 0.030
-0.386
-0.531
 0.140
 0.036
-0.333
 0.582
-0.188
-0.186
 0.327
 0.049
 0.791
-0.335
-0.218
-0.041
 0.214
 1.474
-0.597
 0.178
 0.106
 0.238
-0.505
 1.079
-0.115
 0.174
 0.094
 1.253
 1.064
 0.158
 1.621
 0.170
 0.195
 0.268
 0.060
 0.608
-0.028
-0.454
 0.447
 0.192
-0.151
 0.029
 0.964
 0.266
-1.492
 0.011
 0.053
 1.354
 0.140
-0.363
-1.006
 0.068
-0.656
 0.432
 0.327
-1.114
-2.515
-0.173
-1.474
 0.138
-0.469
-1.752
-2.421
-0.058
-0.355
-0.196
-0.417
-0.577
 0.104
 1.094
 0.875
 0.255
 0.113
-0.718
 0.008
-0.456
 0.681
 0.135
 1.290
 0.847
 0.232
-1.051
 0.065
 0.456
 0.058
-1.222
-0.441
 0.010
-0.645
-0.793
-0.299
 0.160
 0.479
 0.197
-0.977
-2.051
-0.621
-0.133
 0.280
 0.148
-0.568
-0.023
-0.468
 0.863
-0.901
-1.240
 0.278
-0.994
-0.431
 0.476
-0.597
-0.901
 0.746
 0.439
 2.892
 2.023
 1.124
 0.878
 1.458
 1.832
 1.457
 1.156
 1.217
 1.340
 0.924
 1.030
-0.092
-0.041
 0.309
 0.091
 0.136
-1.749
-1.364
-1.336
-0.632
-0.901
-1.648
-0.397
-1.751
-0.143
-1.147
-0.116
-1.439
 0.634
 0.677
 0.418
 1.056
 1.165
 0.671
-0.625
 0.375
-0.231
 0.149
-0.168
 0.204
 1.845
-0.710
-1.046
 0.494
-1.225
-1.274
-0.999
 2.119
 0.105
 1.296
 1.661
-0.874
-1.246
-0.668
-0.832
-0.698
 0.620
 0.085
 0.274
 0.814
-0.197
-0.017
 0.425
 2.006
 0.709
-0.368
-0.079
 0.337
 2.018
 1.271
 0.322
 1.284
 1.094
 1.379
 0.273
 0.426
-0.506
 0.092
 1.411
-0.329
-0.355
-0.213
-0.490
-0.162
 1.040
 0.803
 0.292
 0.873
-0.319
-0.853
 0.354
 0.116
 1.356
 0.324
 0.936
 0.545
 0.779
 3.143
 1.125
 1.365
 0.544
 0.770
 1.570
 0.916
 0.177
-0.450
 0.009
 0.643
 1.727
 0.886
 1.441
 0.391
-1.464
 0.212
 2.510
 0.876
 0.468
 0.177
 0.541
 0.907
 0.314
-0.833
-1.243
 1.294
-1.436
-0.277
-0.446
 0.336
-0.540
 0.719
-1.910
-1.761
-0.192
 0.273
-0.577
-1.374
-1.191
-0.047
-0.963
-0.455
 0.488
-0.227
 0.009
 0.191
-1.574
-0.155
 0.028
-1.966
-1.332
-1.835
-0.685
-0.402
 0.307
 0.330
 0.139
-0.325
-1.589
-1.497
 1.097
 0.560
-0.576
-1.339
 0.287
-0.046
 0.089
-1.033
-0.028
 0.235
 0.572
 0.622
-1.601
-0.443
-0.073
 0.857
 1.575
 0.681
 1.812
-0.850
-1.590
-1.042
 0.459
 0.725
-0.344
-0.365
-1.776
-0.103
-0.069
-2.143
-1.386
-1.077
-0.205
-1.525
-0.548
-1.067
-1.213
-1.778
-0.644
-0.979
-1.354
-0.516
-2.160
-1.079
-0.073
-0.654
-0.606
 0.002
 0.647
 0.278
 1.376
 0.018
 0.771
-0.238
-0.664
 0.138
-0.548
-1.021
-1.054
-0.787
-1.053
-0.831
-1.562
-1.981
-0.960
-1.038
-0.315
-0.913
 1.179
-0.084
-0.201
-0.060
-0.034
-1.149
-1.697
-0.131
 0.413
-0.512
-0.604
-0.259
-0.793
-0.248
 0.182
-1.571
-0.809
-0.301
 0.204
-0.569
-2.084
-1.837
-1.819
-1.329
-0.856
 0.759
-0.644
-0.795
-1.845
-1.496
-1.683
-0.270
-0.542
 0.321
-0.437
 0.636
-0.925
-0.225
-0.345
 0.352
 0.418
 1.188
-1.817
-0.409
 0.397
 0.085
 1.055
-0.011
-0.329
 1.764
 1.932
-1.131
-0.070
-0.464
 1.331
-1.178
 0.433
-0.708
-0.914
 0.199
 1.296
 0.505
-0.196
-0.801
-0.300
-1.754
-1.729
-0.357
-0.192
 0.412
-0.157
 0.368
 0.369
-1.074
 0.080
-0.189
-0.431
-1.151
-0.528
 0.065
-0.022
-0.482
-0.160
-0.055
-0.574
-0.803
-0.367
-0.117
-0.279
-0.810
-0.167
 0.137
 0.197
-0.631
-0.802
 0.531
 1.215
 1.435
 1.250
-0.923
-0.887
-0.126
 0.450
 0.256
-1.686
 0.082
 0.442
-1.197
 0.550
 1.411
-0.638
-1.672
 0.293
 0.873
-0.011
-0.473
 0.047
-0.237
 0.254
-0.648
 1.509
-1.094
-0.713
-1.100
-1.277
-1.379
-0.668
-0.950
-1.869
-1.850
-0.073
-1.341
-0.857
-2.177
-1.649
-0.317
-1.187
-0.473
-0.384
-0.509
-1.560
-0.605
-1.035
 0.340
-0.312
 0.899
-0.557
-0.446
-1.449
-1.423
 1.057
 0.215
-1.381
-0.986
-0.427
-0.932
-0.803
-0.884
-1.751
-0.645
-1.033
-0.597
-2.206
-0.934
 1.246
 0.494
-1.239
-0.359
-0.646
 0.565
 0.553
-1.803
-0.990
-0.093
 0.261
-1.042
 0.473
 0.008
-1.248
-1.179
 1.443
 0.096
 0.099
 0.830
-0.586
-0.323
 0.468
 0.030
-0.617
 0.046
 0.269
 2.135
 0.744
 0.673
 1.606
-0.662
-0.749
-0.939
-1.090
-0.047
 0.240
 0.579
 2.319
-0.282
 0.079
-0.321
-0.347
 1.148
 1.243
 1.257
-0.788
 0.217
 0.676
-0.678
-0.531
-0.412
 0.487
 0.531
 0.190
 1.217
-1.120
 0.076
 1.051
 0.017
 1.050
 1.968
 1.611
 0.987
 0.601
 1.292
 0.713
-0.231
 0.296
-0.544
-0.106
-0.446
 1.515
 1.134
 1.013
 0.546
 0.056
 0.001
 0.748
 0.268
 0.583
-0.361
-0.853
-0.818
-0.574
 0.308
-1.800
-1.117
-0.894
 0.682
 1.039
-0.383
-0.119
-0.279
 1.658
 0.178
 1.447
-1.133
 0.010
-0.419
-0.563
 0.228
 0.007
-0.125
 0.444
-1.288
 0.917
 0.292
-0.044
-0.018
-0.115
-0.965
 0.892
-0.279
-1.152
-1.456
-0.172
-1.094
 0.193
-0.140
-0.881
-2.815
-2.697
-1.213
 0.058
-0.285
-1.773
-1.036
-0.956
-0.801
-0.584
 0.785
 1.419
 0.301
-0.601
-0.790
-1.142
 1.818
-0.075
 0.215
-0.601
 1.430
-0.012
-0.199
 0.143
-0.299
 1.759
-0.100
-0.054
-0.509
-0.408
-0.591
 1.545
 1.612
 0.714
 0.566
 0.426
 0.193
-0.118
-0.138
-0.127
 0.291
-1.057
-0.689
-0.486
-0.379
 0.092
-1.149
-0.958
-1.460
-0.122
-0.276
-0.326
-1.622
-0.985
-0.579
-0.713
-0.983
 0.283
-0.744
-1.537
-1.413
-2.425
-1.375
-0.787
 0.494
-1.484
-1.670
 0.964
 1.054
 0.245
 1.240
 1.040
-1.339
-1.512
-1.129
-1.019
-1.728
-1.582
-1.450
-0.296
-0.379
 0.406
 0.844
 1.542
 0.298
 0.859
 2.288
-0.825
 0.274
 1.111
 1.578
 0.675
 0.603
-0.162
-0.338
 0.013
 0.296
 0.060
 1.558
 1.874
 1.167
 0.566
 1.262
 1.162
 1.020
 0.590
 1.212
 2.071
 0.676
 0.743
 0.735
-0.422
 1.370
-1.631
-0.886
 0.178
-0.701
 1.574
 1.594
 0.201
-0.055
 0.869
 1.581
-0.961
 0.187
 0.790
-1.481
-0.072
 0.279
-0.012
 0.743
-0.457
-1.190
-0.813
 0.331
-0.776
 0.300
-1.650
-0.402
-1.640
-2.157
-2.574
-0.736
-1.834
 0.354
-0.394
-1.348
-1.943
 0.163
-0.718
-0.997
 0.070
-0.820
 1.517
 1.194
 1.041
 1.879
-0.876
-1.403
-1.279
-0.683
-1.137
-0.834
-0.983
 0.290
-0.350
-0.645
-0.020
-0.934
-0.082
-0.260
 0.226
-0.121
-0.545
-0.516
-1.298
-0.331
-0.888
-0.015
-0.169
-1.665
-1.122
-1.759
-1.664
-0.659
-1.075
 0.567
-1.042
-1.029
-1.863
-0.434
-0.395
-1.738
-0.820
 0.838
 0.320
 0.002
 0.995
 0.085
 0.060
 0.778
-0.825
-0.461
-1.077
-0.693
-1.079
-1.760
-1.238
-1.304
 0.952
 0.522
-0.813
-1.289
-1.059
 1.277
-0.187
-0.349
 0.457
-0.154
-0.805
-1.223
-0.069
-0.370
-0.566
-1.267
 0.354
 0.832
 0.895
 0.215
-1.209
 0.931
-1.066
-0.796
-0.837
-0.460
-0.120
-0.583
 0.457
-1.689
-0.766
-1.277
-1.203
-0.564
-1.299
-0.005
-0.113
-0.644
-1.039
-1.102
-2.082
-1.030
-1.446
-1.291
-0.444
 1.257
-0.386
-1.615
-0.108
 0.960
-1.010
-0.589
-1.841
-0.401
-0.170
-0.049
-1.106
-1.460
-1.157
-0.880
-0.642
 0.015
 1.082
-0.130
-0.951
 0.853
 0.832
-0.334
 0.659
-0.359
-0.520
 1.409
 0.259
-0.056
-0.772
-1.414
 1.175
 1.025
-0.418
-0.135
-0.047
 0.022
 1.916
 2.030
 1.392
 1.141
 0.907
 0.115
-1.456
-0.764
 0.410
 0.092
-0.076
-0.319
 1.133
 0.233
 0.775
 0.784
-1.460
 0.768
 1.512
-1.386
-0.114
-0.948
 1.980
 0.069
 0.636
 0.956
-0.059
 0.776
 0.353
 1.405
 0.449
-0.198
-0.020
 0.595
 0.456
-0.398
-0.806
 0.303
 0.444
-0.604
 0.452
-0.472
-0.281
 0.210
-1.073
-0.823
-1.521
 0.660
 1.063
 0.288
-0.598
-1.067
-1.502
-0.781
-1.075
-0.785
 0.677
-1.243
-0.121
 0.587
 0.629
-0.545
 0.132
-1.537
-1.943
-1.803
-0.527
-0.665
-1.844
-0.147
-1.063
-0.997
-1.116
-1.103
-0.383
-0.853
-0.902
-1.117
-1.127
-1.158
-0.876
-0.714
-0.872
-0.543
-1.583
-0.743
-2.427
-0.748
-0.577
 0.805
-0.489
-0.259
-0.681
-0.928
-0.435
-0.111
-0.605
 0.203
 0.640
 0.095
-0.562
-1.267
-0.932
-1.616
-1.666
 0.150
-1.087
-0.531
-0.766
-1.607
-0.793
-1.320
-2.376
-0.870
-0.925
 0.707
-0.580
-1.206
-0.032
-0.749
-0.383
-0.836
-0.859
 0.000
 0.475
-1.764
-1.143
-2.164
-0.359
-1.981
-0.362
-0.559
-0.568
 0.750
-1.090
-1.943
 0.436
 0.159
-0.280
-0.030
-0.361
 1.983
-0.133
 0.285
-0.703
-1.240
-0.161
 1.316
 0.234
-0.441
-0.402
-1.013
-1.255
 0.015
 0.656
-2.010
-1.487
-1.504
-1.849
-1.584
-0.896
-0.906
 0.494
-1.549
-1.314
 0.472
-0.020
 0.600
 1.288
-0.566
 2.280
 1.397
 0.551
-0.833
-0.413
 0.132
-0.079
 0.439
-0.019
-0.366
-0.413
-0.975
-2.017
-0.489
-0.791
-0.364
 0.432
-0.439
-1.697
-0.511
-0.078
-1.940
-1.196
 0.596
 1.462
-0.309
 0.916
 0.010
 0.247
 0.678
 0.356
-0.221
-0.444
 0.326
-1.101
-1.351
-1.503
-2.297
-1.176
-1.223
 0.325
 1.121
-0.537
-0.275
 0.099
-0.728
-0.728
 0.590
-0.300
-1.214
 0.468
-0.184
 0.655
-0.467
-0.396
 0.334
 0.029
-1.171
-0.133
 0.560
-0.972
-0.346
 1.020
-1.305
 0.287
 0.224
-0.696
 0.103
-0.669
 1.256
 1.286
-1.197
-0.286
-0.595
-1.012
-1.236
-1.294
-0.789
-0.771
-1.553
-0.203
-0.945
-0.923
-1.953
-2.304
-0.888
-1.005
-1.949
-0.505
-0.322
-0.023
-1.373
 0.182
-0.839
 0.095
-0.379
-1.165
-0.978
-1.162
-2.052
-2.714
-1.169
-0.091
 2.499
-0.195
 0.043
 0.039
 0.748
 0.237
-2.073
-1.251
-2.017
-1.628
-0.066
-2.118
-0.537
-1.077
-0.222
-0.470
-1.954
-0.965
 0.218
 1.061
-0.309
 0.375
 0.714
 0.662
 0.756
-0.337
 1.350
 1.719
-0.446
-0.044
-0.328
-0.007
-0.094
-0.476
-0.137
 0.809
 1.752
 1.019
 0.493
 0.019
-0.667
-1.158
-1.460
-0.039
 0.528
-0.184
-0.422
 0.272
-1.985
 0.474
 0.345
 0.472
-0.013
 0.308
 0.851
 0.877
-0.027
 1.558
 1.318
-0.061
 1.389
-0.224
-0.452
-0.068
 0.871
 0.607
-0.908
 0.848
 0.233
 0.700
 0.086
 0.729
-0.040
 1.355
 0.652
-0.143
 0.523
-1.223
 0.401
-0.718
-0.093
-0.272
-0.140
 0.444
 1.385
 0.079
-0.265
-1.928
-1.649
-2.401
-0.820
 0.597
-0.813
-0.869
-1.786
-0.955
-0.445
-0.499
 0.582
-0.304
-1.730
 0.085
 0.178
 0.801
 0.534
-0.767
 1.076
-1.693
-0.267
-0.344
-1.312
-0.958
 1.799
-0.554
-0.450
-1.214
-1.316
-1.102
-1.974
-0.233
-1.387
-2.781
-0.547
-2.382
-3.828
-2.702
-2.898
-1.822
-1.479
-1.276
-1.617
-1.718
-0.678
-1.741
-1.695
-2.612
-1.752
-1.061
 0.315
-0.806
-0.389
-0.717
-1.378
-1.568
-1.772
-1.350
-1.588
-1.056
-2.048
-1.321
 0.521
-0.493
-1.493
-1.776
-2.000
-0.846
-1.349
-1.551
-1.080
-1.605
-1.558
-1.226
-1.628
-0.730
-0.406
 1.084
-0.590
 0.376
 0.009
 0.700
-0.444
-1.633
-0.265
 0.027
-0.186
-0.185
 0.472
 0.028
-0.499
-0.551
 0.246
 0.009
 0.209
-0.177
-0.258
-0.168
-0.361
 0.643
 0.763
-0.460
-0.133
-1.185
-1.164
-1.866
-0.399
 0.110
-0.774
-1.249
-1.116
-1.519
-1.880
-0.418
-0.831
-0.145
-0.116
-0.340
-0.545
-0.349
 0.293
 0.279
 0.975
 0.284
-0.425
-0.970
 0.441
 0.091
 0.355
-0.722
-1.492
 0.404
 1.160
 0.675
 0.735
-0.321
-0.461
-1.479
-1.386
-0.722
-0.359
 0.075
-0.104
-1.454
-1.563
-1.036
-0.821
-1.567
-0.327
 0.730
-0.794
-0.168
 0.614
-0.344
-0.355
-0.685
 1.439
-0.823
-0.909
 0.423
 0.182
-0.024
-1.205
-1.174
-0.632
-2.369
-1.967
-1.589
-1.421
-0.909
-0.552
-0.248
-0.001
 0.789
 0.348
 0.161
-0.268
 0.916
-0.566
-0.075
-0.982
-0.605
 0.337
-0.608
-0.149
-0.944
-0.878
 1.040
 0.136
-0.600
-1.076
-0.005
-0.199
-2.177
-1.086
-1.629
-0.344
-0.229
-1.135
 0.263
-0.421
 0.029
 0.703
-0.034
 0.726
 1.274
 0.687
-0.127
-0.690
-1.957
-1.356
-1.144
 0.974
-0.925
-0.904
 0.260
-1.238
-1.884
-0.524
-1.280
 0.452
 0.628
 0.451
-0.493
-0.289
 1.544
 1.377
-0.860
-2.214
-1.623
-2.008
 0.333
 0.881
 0.573
 0.752
 0.581
 2.117
 1.090
 0.433
 0.408
 0.088
 1.056
-0.297
-0.628
-1.270
 0.828
-0.671
-0.419
 0.038
-0.563
-0.474
-2.369
-1.362
-1.531
-0.170
 0.374
 1.031
-0.692
 0.154
 0.181
 0.905
 0.108
-0.252
-0.038
 0.988
 1.242
 1.806
-0.651
 0.003
-1.229
-0.031
-0.180
-0.207
-0.134
 0.244
 0.111
 1.267
-1.490
 0.925
-0.689
 1.243
-0.451
 0.744
-0.476
-1.213
-0.877
 0.841
 2.130
 1.023
 1.001
-0.583
-0.699
-1.096
 0.527
 0.914
-0.146
 0.084
-0.814
 0.145
-1.423
 0.334
 1.116
-0.070
 0.877
 0.648
-0.165
-1.591
-0.271
-0.180
 0.232
-0.133
 0.254
-1.239
 0.138
-0.341
-1.011
-0.117
 0.901
-0.537
-0.513
 0.487
 0.297
 0.538
 0.470
-0.378
-1.103
 0.339
-1.296
-0.234
-0.808
-0.953
 0.697
-0.433
-0.227
-0.591
-0.782
 0.169
 0.401
 0.028
 0.393
 1.171
 1.874
-0.103
-0.672
-0.812
-0.781
-1.456
-0.420
-0.058
-1.438
-0.932
-0.729
-0.150
-0.109
 0.411
-1.209
 0.471
-0.047
-0.467
-1.723
 0.267
-1.990
-1.619
-2.380
-1.349
 0.557
 1.161
 1.011
 0.495
-1.110
 0.000
 0.919
-0.527
-0.536
-0.092
-1.902
 0.274
-0.293
 0.804
 1.675
 0.090
 0.669
 0.112
-0.221
 0.812
-0.565
-0.323
 0.353
-0.210
-1.243
-1.110
-0.281
-0.891
-1.331
 0.029
 0.262
-1.314
-1.564
-0.407
-0.828
 0.347
-1.012
-0.950
 0.119
 0.111
 0.841
-0.060
-1.158
-0.466
-2.237
-0.698
-1.474
-0.633
-1.346
 0.276
-0.308
 0.023
-0.527
-0.436
-0.464
 0.140
 0.640
-0.423
-0.008
-0.269
-0.838
-0.307
-0.677
 0.738
-0.103
-1.221
 1.006
-0.302
-0.234
 0.553
-0.884
-1.455
-0.348
-0.077
-1.743
-1.146
 0.449
 0.102
 0.058
-0.560
-0.766
-0.755
-1.090
 1.393
-1.342
 0.852
-0.892
 0.266
 2.540
 2.098
 2.195
 2.158
-0.272
-1.203
-1.823
-1.363
 0.107
-0.197
 0.392
 0.400
 0.531
-0.411
 0.393
-0.122
-1.313
-0.254
-0.307
 0.160
-0.450
-0.588
-1.570
-1.300
-1.009
-0.168
 0.427
 0.604
 0.323
 0.310
-1.661
-1.269
-2.254
-0.600
-0.957
-1.266
-1.916
-1.668
-1.733
-2.087
-2.788
-0.832
-2.268
-1.882
-1.389
-0.005
-0.328
-0.226
-1.044
-0.833
-1.376
 1.494
-0.506
-0.995
-0.392
 0.451
 0.201
-0.311
 0.378
-1.257
 0.095
 0.176
 0.479
 0.196
-0.186
-0.679
 0.602
 0.603
-0.419
-1.062
-0.442
-0.834
 0.309
-0.864
 0.683
-0.842
-2.400
-1.734
-0.671
-1.269
-1.162
-1.092
 0.918
 0.333
-0.267
-0.495
-0.123
 0.387
 0.685
 0.060
 0.571
 0.148
-0.111
-0.376
 0.203
 0.399
 0.073
-0.398
 1.687
 0.080
-0.984
 0.414
-0.946
-0.350
 0.510
 0.965
 0.441
 0.542
 0.439
 0.048
-0.260
 1.406
-1.255
 0.962
 0.111
-0.878
 0.556
 0.382
-0.224
 0.347
-0.335
-0.158
 0.007
 0.879
 0.335
-1.046
-0.033
-0.357
 0.546
 0.054
-1.174
-0.959
-0.419
-1.375
-2.046
-0.605
-1.575
-0.307
 0.842
 1.135
 1.225
 1.398
 1.904
 0.284
 1.313
 0.723
 1.553
 0.554
 1.303
 0.670
 0.585
 2.229
 0.031
 0.684
-0.556
 0.605
 0.816
 1.170
 0.176
 0.300
 0.448
 0.579
 0.443
 0.058
 0.022
-0.235
-0.673
 0.370
 1.017
-0.500
-0.207
 1.991
-0.413
 0.674
 0.398
-0.742
 0.398
 0.943
-0.020
 0.316
-0.072
 0.034
 0.833
-0.012
-1.652
 0.259
-0.368
 0.278
-0.166
-1.338
 0.065
-0.529
-0.891
-1.715
-0.683
-0.771
-0.261
 0.420
 0.049
-0.135
 1.061
-0.484
 0.485
-0.688
 0.431
-0.715
-0.482
 0.340
-1.510
 0.003
 0.056
 0.750
 0.543
-0.874
 1.531
 0.946
 1.509
 0.937
-0.756
 0.219
-0.075
 0.440
-1.426
-1.465
-0.582
 0.257
-0.641
 0.515
 0.488
-1.370
-1.096
 0.457
-0.736
-1.059
-0.584
-0.294
 2.750
 0.383
 0.984
 0.269
-0.884
-0.908
 0.188
 0.007
-0.351
 0.139
 0.117
 0.464
 0.660
 0.404
 1.311
-0.015
 0.582
 0.906
 0.360
 1.698
-0.009
 0.188
 0.514
-1.412
 0.018
 0.886
 1.220
 1.509
-0.358
 0.097
 0.268
-0.745
 0.853
-1.083
-1.405
-0.501
 0.363
 0.686
 1.273
 0.134
 0.024
 0.629
 0.827
-1.932
 0.437
-0.458
 0.549
-0.633
-1.221
-2.134
-1.580
-1.080
-1.344
-0.326
-0.863
-0.784
-2.357
-2.038
-2.268
 0.000
 0.796
-1.833
-2.388
-1.281
-1.300
-0.695
-0.019
 1.271
 0.689
 0.523
 1.268
 1.465
-0.489
 1.918
 0.189
-0.130
-0.408
-0.592
-0.549
 1.044
-0.799
-0.118
-0.908
 1.109
 0.880
 0.495
 0.004
-0.043
 0.586
-0.925
-0.626
 0.376
-0.515
-0.512
-0.100
-0.022
-0.670
-0.740
-0.349
 1.514
-0.009
 0.911
-1.317
-1.726
-0.344
 0.325
-1.489
-0.579
-1.312
-0.258
-0.545
-2.344
-2.308
-1.497
-1.741
-0.009
 1.243
 0.458
 0.728
-0.995
 0.085
 0.779
-0.591
-0.754
-0.089
-1.684
 0.535
-0.566
-1.457
-2.659
-2.092
-2.201
-1.277
-0.076
 0.125
-0.658
-1.080
-1.398
-1.733
-2.194
-0.354
-1.208
-1.143
-0.376
-0.505
-0.603
-0.459
-0.165
-1.575
-0.988
-1.581
-2.409
 0.191
-0.222
 0.813
 0.653
-0.305
-0.475
-0.968
 0.986
-0.407
 0.016
 1.458
 1.072
-0.026
 0.143
-0.850
-1.202
 1.275
 0.710
-0.760
 0.558
 0.437
 1.894
 1.365
 0.041
 0.669
 0.174
-1.214
-0.195
 0.361
 0.698
 0.431
-0.479
-0.484
 0.029
 0.648
 0.306
-0.018
-1.235
-1.003
-0.746
 0.680
 1.369
 2.658
 0.659
-0.412
-0.512
-1.675
-1.306
-1.155
-0.240
 0.263
 0.039
 0.131
-1.396
-0.798
 0.871
 0.071
-0.949
-0.657
-1.624
-2.217
-1.745
-1.471
 0.074
-1.086
 1.094
-1.213
-0.083
-0.471
-1.265
-0.103
 0.465
-1.130
-1.176
-1.102
 0.923
 0.120
-1.059
-0.378
-1.465
-0.047
 0.529
-1.342
-0.268
-0.561
-1.949
-0.556
 0.583
 0.249
-0.955
-0.948
-1.388
 0.920
-0.258
-1.254
 0.256
 0.135
-2.118
-0.862
 0.132
 0.456
 1.253
-0.001
 1.357
-0.153
 0.599
-0.371
-0.460
-0.158
-0.089
 0.148
 0.908
 0.208
 1.052
-0.242
-0.297
-1.535
 0.499
 0.129
-0.068
-0.820
 0.067
-1.094
 0.115
-1.784
-1.620
 1.129
-1.283
-1.521
-0.517
 0.769
-0.847
-1.193
-0.548
 0.497
-0.771
-0.886
-0.001
-0.929
 0.668
 0.595
 1.223
 0.156
-1.386
-1.347
-0.471
 1.231
 1.573
 1.217
-0.265
 0.627
 2.137
 0.007
 1.607
 1.013
-0.371
 1.801
 0.207
-0.474
 1.319
 0.066
 0.238
-0.360
-0.012
 0.097
-0.063
 1.153
 0.045
 0.251
-0.311
-1.852
-0.284
 0.409
-2.201
-0.042
 0.323
-1.114
-1.482
-1.644
-0.751
-1.559
-1.952
-1.047
 0.299
 0.565
-0.412
-0.207
 0.559
-0.281
 0.883
-0.469
-0.497
 0.028
-0.958
 0.044
 0.413
 0.238
 0.326
 1.230
 1.081
-0.199
 0.742
 0.495
 0.821
-0.172
-1.155
-0.068
 0.122
-0.510
-0.575
-1.210
-0.882
-1.399
-0.520
-0.491
 2.040
 0.832
 2.635
-0.298
 0.501
 0.423
 0.111
 0.534
-0.506
-0.624
-0.761
-0.548
-0.125
 0.389
 0.410
 0.700
 0.451
 0.118
-0.532
-1.463
-1.251
-0.936
 0.924
 0.682
-0.771
-0.892
-2.183
-1.705
-1.016
-1.587
 0.728
 1.006
-1.503
 0.364
-0.127
-0.694
-0.101
-0.041
 1.466
 0.957
 1.780
 0.871
-0.536
-0.258
 0.854
 0.872
 1.149
 0.024
 1.318
 0.237
 0.035
 0.706
 1.326
-0.578
 1.451
 1.057
-1.232
-1.546
-1.297
 0.451
-0.841
-1.139
-1.000
-0.962
-0.514
-0.182
-0.592
 0.367
 0.239
 1.855
 0.944
 0.785
 0.525
 1.773
 1.521
 0.358
-0.180
 1.218
 1.803
-0.957
 0.170
-0.169
 0.553
-0.488
 0.219
 0.376
-0.826
-1.722
-0.185
 0.828
 1.241
-0.112
 0.710
-1.024
-0.670
 0.092
 1.969
-0.221
-1.609
-2.005
 0.578
 0.286
-0.687
-0.627
-0.505
-0.249
 0.336
-0.009
-0.111
-0.130
 1.148
-0.583
-0.794
-2.010
-1.223
-2.030
-0.280
-0.188
-0.475
 0.048
-0.993
-0.214
 0.558
-0.504
-0.721
-1.386
-1.552
-1.021
-0.414
-0.195
 0.908
-0.952
-1.425
-1.531
 0.362
-0.325
-1.559
-1.414
-0.134
-1.508
-0.894
-0.673
 1.203
-1.288
-1.423
-1.086
-0.744
-0.375
-0.076
-1.291
 0.453
 0.292
 1.122
 0.581
-0.811
-1.017
 0.481
 0.745
 1.076
-0.065
-0.799
-0.238
-1.080
-0.486
 0.993
-0.647
-1.653
-0.555
 0.945
 0.939
 0.203
 0.620
-0.559
-0.609
 0.492
 1.073
 0.254
 0.474
-0.124
-1.225
-0.210
 0.842
-1.016
-0.278
-0.008
 0.639
 0.167
-0.602
-2.051
 0.233
-0.301
-1.490
-0.206
-1.202
-0.800
-0.226
 1.002
-0.089
 0.142
-0.389
 0.485
 0.167
-0.400
 0.505
 0.658
 1.298
 1.688
 1.324
 0.817
 0.498
 1.217
 0.484
 0.347
 0.571
-0.371
-0.454
-1.274
-0.477
-0.919
-0.643
 1.640
 0.714
-0.372
 0.409
-0.287
 1.242
-0.074
 0.688
 0.321
 0.842
 0.205
 0.320
-0.265
 0.035
 1.339
 0.389
 0.009
-0.668
 0.670
-0.298
-0.007
 1.031
 1.174
 0.235
 0.862
 1.511
 0.829
 0.753
 0.729
 1.309
 1.300
 0.419
 0.021
-0.567
-0.131
-0.514
-0.630
-0.373
 0.376
-0.399
-1.048
-1.475
-0.325
-1.639
-1.603
-1.399
-1.053
 0.944
-0.400
-0.864
 0.196
 0.551
 0.003
-0.779
-0.898
 0.376
 0.038
 0.412
-0.805
-0.183
 0.876
 1.816
-0.005
-0.051
 0.804
-0.305
 1.860
-0.731
 1.151
 1.760
 2.041
 0.668
-0.051
 0.641
-0.148
 1.189
 0.420
 0.952
 0.846
 1.270
 1.022
 1.177
 1.055
 1.355
 1.963
 0.356
 0.633
-0.792
 0.322
 0.051
 1.266
 2.474
 1.347
 0.505
-1.449
-1.586
-0.633
-0.675
-0.986
 0.585
 0.714
 0.712
 1.881
 1.248
 0.700
 0.542
 0.312
 0.716
 0.741
 1.078
 1.502
 1.084
 1.292
 0.345
-0.168
 2.955
 2.332
 3.131
 0.775
 0.260
 0.877
 1.075
 0.536
-0.100
 0.485
 1.493
-0.635
 1.179
 0.409
-0.114
-0.523
-1.528
-1.604
-1.102
-0.910
-0.810
-0.106
-0.388
-0.081
-0.711
-0.197
 0.208
-0.589
 0.074
-0.440
-0.679
 1.726
 1.836
 1.041
-0.640
 0.558
 0.442
-0.258
-0.293
 1.029
 0.624
-0.646
 0.585
-0.728
-0.845
 0.835
-0.080
 0.093
 0.812
 0.414
 0.645
 0.285
 1.532
 0.011
-0.916
-0.256
 0.430
-1.079
-1.459
 0.580
 1.405
 0.764
-0.263
 0.484
 0.732
-0.443
 1.185
 0.748
 0.038
 0.317
-1.823
-1.079
-0.543
-0.466
-1.059
-0.830
-3.208
-2.160
-0.865
-1.143
-1.278
-0.059
 0.397
 0.321
-0.385
-0.419
-0.852
-1.801
-0.315
 0.280
-0.709
-0.021
 0.204
-0.383
 0.527
-0.533
 0.630
-0.163
-0.382
-0.282
-1.254
-0.540
 0.608
 0.069
-0.366
-1.334
-0.055
-0.391
 0.293
-0.820
-2.186
-0.879
 0.243
-1.304
-0.106
 0.214
-0.407
 0.002
-1.335
-0.699
-1.234
-0.808
-0.253
-1.265
-1.374
-1.418
-0.804
-1.110
-1.839
-0.278
-0.700
-1.286
-0.215
-0.652
-0.220
-0.001
-0.447
-0.245
-1.467
 0.388
-0.109
 0.151
-1.489
-0.460
 0.187
-0.770
 0.246
 0.505
-0.886
-0.832
 0.632
 0.546
 0.007
-0.441
-1.401
-0.384
 0.225
 0.162
-1.781
 0.986
 1.440
 1.098
 1.184
 0.911
 0.713
-1.080
-0.656
-0.461
-1.780
-0.202
 0.777
-0.383
-0.187
-0.841
-0.519
-0.244
-0.285
-0.243
-0.851
 0.872
 0.320
-0.243
-1.593
 0.461
-1.823
 0.008
 0.083
-0.977
-0.464
-0.882
-1.852
-1.425
 0.085
 0.991
 0.159
 0.784
 0.574
 0.322
 0.823
 0.400
 1.265
-0.142
 0.055
 1.301
 0.949
 0.059
-0.200
 1.679
 1.398
 0.021
-0.689
-1.429
-1.249
-0.558
-1.317
-0.527
-2.067
-3.403
-1.020
-1.837
-0.239
-0.912
-0.013
-0.483
 0.317
 0.239
-0.682
 0.586
 0.657
-0.302
-0.491
-1.535
-0.515
 0.446
 0.164
 0.934
 0.217
-0.392
 0.246
-1.789
-0.650
-0.213
 0.516
 1.972
-0.718
-0.851
-2.036
-0.760
-0.718
 0.258
-0.189
 0.566
 0.069
-0.096
 0.289
 0.103
 0.484
 1.067
-0.215
-0.555
 0.236
 1.337
-0.817
-0.495
 0.257
-0.238
 0.902
-0.114
-1.197
-0.990
 0.103
-0.729
 0.688
 0.791
 1.194
 0.328
 0.093
 0.953
 1.311
 1.090
 1.287
 0.471
-0.820
-0.440
-1.977
-1.659
-0.943
-1.766
 0.023
 2.104
 1.266
 0.174
-1.495
-1.273
-1.225
-0.354
 1.416
 0.669
-0.860
-0.101
-0.432
-0.868
-1.104
-0.696
-0.840
-0.185
 1.075
 0.716
-0.637
-0.663
-0.301
 0.054
 0.035
-0.535
-1.692
 0.568
-0.695
 0.866
 1.045
 0.174
-0.137
 1.599
 0.376
-0.120
 0.907
 1.460
 2.122
-0.803
-1.502
-1.093
-0.654
 0.612
 1.688
 0.483
 0.953
-0.897
-1.248
-0.032
 0.509
 0.807
-0.848
-0.008
 0.237
 0.339
 1.062
-0.740
-0.696
 0.220
 1.123
-0.544
-0.731
 0.364
 0.034
-0.337
-0.498
 0.138
 2.083
 1.157
 1.054
-1.402
 0.579
 1.415
 0.325
-0.521
 0.732
-0.062
 0.029
-0.202
-0.003
 1.209
 0.690
 0.442
 0.504
-0.438
-0.870
 0.403
 0.780
-0.861
-0.581
 1.445
-0.005
-0.690
 0.402
 0.401
 0.741
-1.432
-0.551
 0.746
-0.302
-0.463
-0.710
-1.919
 0.372
-1.936
-0.113
-0.597
-0.214
 0.626
-0.051
 0.979
 0.218
 0.861
 0.545
 0.581
 1.350
 0.252
 1.017
-0.675
 0.669
 0.469
 0.635
 0.637
 1.967
 0.240
 0.394
 1.091
 0.230
 0.440
 1.256
-0.744
-0.336
-0.307
-0.080
-1.479
-0.093
-0.093
-0.278
-1.378
-0.094
-1.794
-0.237
-0.348
 0.428
 0.213
 0.866
-0.095
-0.991
-0.672
 0.459
-2.200
-1.114
-0.928
-1.298
-1.611
-1.233
-0.592
-2.010
-0.500
-1.053
-0.754
-1.228
-2.107
-0.908
-2.420
-1.677
-1.330
-0.628
-1.198
 0.104
-1.209
-0.390
-0.710
 0.473
-1.683
-1.460
 0.086
 0.319
-0.318
-1.153
-0.910
 0.732
-0.092
-0.768
-1.163
-1.359
-1.685
-1.661
-0.702
 0.580
-1.067
-1.740
 1.480
 1.226
 0.852
 1.168
 0.895
 1.061
-0.088
-0.746
 1.234
 0.892
 0.479
-0.899
 1.193
 0.798
 0.399
 0.676
 0.946
 0.330
 1.091
 1.141
 1.413
-0.937
 1.347
 0.197
 0.838
 0.386
 0.045
 0.855
 1.060
 0.610
 0.029
 0.473
 0.623
 1.001
-0.985
-0.631
-0.620
 0.736
 0.064
-0.236
-1.066
 0.878
 0.889
-1.142
-0.859
-1.699
-0.345
 0.704
-1.230
 0.191
 0.402
 1.151
 0.364
 0.783
-0.027
-0.292
 0.968
-0.180
-0.014
-1.024
-1.005
-1.152
 0.038
-0.241
-0.230
 0.151
-1.063
-0.927
 0.929
-0.331
-0.584
-0.390
-1.946
-1.832
 0.358
 0.791
-2.507
-1.204
-1.929
-1.047
-0.859
-0.945
-0.248
-2.419
-0.936
-0.885
 0.093
-0.514
 0.415
 0.420
 1.959
-0.275
-0.652
 0.178
 1.214
-0.034
-0.711
 0.391
-0.843
-0.430
-0.385
-0.365
-0.406
 0.552
-0.117
 0.715
-1.159
-0.297
-1.115
 0.001
-1.422
-1.356
-0.675
 0.164
-1.023
 0.749
 0.513
 0.596
 0.017
-0.219
-0.550
 0.535
-0.334
 0.704
 1.292
 0.857
 0.419
 0.385
 0.471
 0.642
 1.821
 1.384
-0.620
 0.094
 1.041
 1.072
 1.603
-0.394
-0.253
-0.897
 0.580
-0.589
 1.662
 1.381
 0.141
 1.036
 2.168
 0.452
 0.354
 1.427
 1.733
 1.164
 0.716
 0.710
-0.047
 0.924
 0.303
-0.659
-0.689
 0.448
-0.267
-0.671
 1.378
 0.374
-0.501
-0.468
-1.157
-0.945
-1.487
-0.527
 0.709
 1.508
 1.804
 0.513
-0.037
-1.325
 0.563
 0.514
 0.488
-1.387
-0.360
-0.551
-0.716
 0.318
 0.761
-0.200
-0.263
 0.869
 2.184
 1.427
 2.433
-0.453
-1.564
-0.116
 0.501
 0.331
 0.990
-0.403
-1.063
-2.409
 0.062
-0.558
 0.048
-0.240
 1.800
 0.355
 1.125
-2.146
-0.419
-0.715
-0.031
 1.627
-0.614
 0.320
-1.126
 0.596
-0.302
 0.373
 0.254
 0.193
 0.813
-0.393
-1.144
-0.618
 1.097
 0.764
-0.259
 0.269
-0.050
 0.590
-0.661
-0.749
-0.412
-2.196
-0.350
 0.170
-1.329
-0.045
-0.670
 0.548
 0.315
 0.950
-0.007
-0.152
-0.959
 1.278
-0.487
 1.591
 0.366
-0.755
-0.505
-0.290
-0.197
-0.037
-2.082
-0.828
-0.769
-2.013
-1.348
 0.421
-1.074
-0.420
-1.343
-1.943
-1.164
 0.539
-1.599
 0.049
 0.244
 0.481
-0.995
-1.421
 0.003
-1.770
-2.500
-1.442
-2.623
-1.816
-2.578
-0.327
-0.805
-0.635
-0.199
-0.255
-1.361
-1.381
-2.437
-0.447
-0.128
 1.118
-0.681
 0.065
-1.312
-1.341
-0.186
-0.310
-0.749
 0.018
-0.771
-0.163
 0.783
 0.012
-1.505
-1.743
-1.427
-0.446
-1.527
-2.133
-0.071
-1.439
-0.127
-0.660
 0.037
-0.742
-1.470
 0.522
-1.447
 0.351
-1.514
-0.804
-1.293
 0.270
 0.639
-0.583
 0.322
-1.493
-1.921
-0.570
 0.662
 0.440
 0.227
-1.671
-1.298
-0.839
-1.334
 0.884
-1.644
-0.389
-0.389
-0.818
-1.750
 0.215
-0.442
-0.100
 0.254
-1.183
-0.472
 0.063
-0.416
-0.437
 0.138
 1.054
 0.878
-1.134
-1.853
-0.694
-1.267
-1.014
-0.660
 0.503
 0.548
-0.768
 0.212
-1.228
-0.748
-0.206
-0.022
 0.341
-0.603
-0.123
-0.089
-1.168
-0.450
-1.874
-0.085
 1.751
 1.405
-0.707
-0.252
 0.810
 0.496
-1.366
-0.440
 0.715
-1.352
-1.096
-1.018
 0.127
-0.642
-2.152
-1.279
-1.289
-0.429
-0.233
-0.659
-1.067
-0.703
-0.453
-1.916
-1.595
-1.102
 0.805
 0.203
-1.075
-2.449
-2.112
-2.662
-2.027
-1.860
-1.158
-0.460
-0.066
-1.745
-0.216
-0.329
-1.072
-0.950
-0.195
-0.514
-1.389
-0.922
-1.829
-0.637
-0.736
 0.349
 0.326
 1.732
 0.877
 1.137
 0.401
 0.172
-1.684
-1.741
-2.808
-1.929
-2.483
-1.751
-1.473
-1.930
-0.836
-0.638
-1.694
-0.297
-0.204
-0.997
 0.164
-0.764
 0.211
-1.052
-1.577
-0.751
 0.684
-0.680
-0.221
 0.234
-0.932
-0.289
-0.253
-1.992
-0.267
 0.542
 0.916
 0.265
 0.090
 0.801
-1.045
-1.224
 0.158
 0.431
 0.544
-1.703
-1.538
-1.419
-0.213
-0.644
-0.145
-0.611
-0.671
 0.022
-0.373
-0.196
-0.728
-0.271
-0.137
-0.800
-1.004
-0.801
-1.250
-0.514
-0.923
-0.426
-0.195
 0.716
-0.193
 0.276
 0.263
 0.180
 0.477
 0.011
 0.131
 0.003
-1.059
-0.428
 0.156
-0.437
-0.230
 0.544
 0.087
 0.868
 1.791
 0.262
-0.545
 0.133
-0.582
-0.474
-1.364
-0.986
-0.716
 0.635
-0.485
-2.009
-1.274
-0.360
-0.263
-1.185
-0.204
-1.309
-2.042
-0.529
-2.163
-0.828
 1.551
-0.040
-1.660
-1.158
 0.186
-0.651
 0.370
 1.025
-1.638
-1.159
-0.026
-0.664
-1.958
-0.770
-1.044
-1.510
-2.117
-0.795
-0.324
-0.851
-0.617
 0.049
-0.902
-1.482
-0.497
-0.316
-1.675
 0.075
-0.352
-1.183
-0.704
-0.850
 0.183
-0.186
-0.007
 0.862
 0.640
-0.438
 0.131
-0.056
 0.323
 2.419
-0.480
-0.584
-2.528
-0.164
-0.975
 1.255
-0.125
-0.354
-0.725
-0.518
 0.070
 0.449
 1.192
 0.635
 0.401
-0.807
 0.601
 1.708
 1.034
 0.656
 0.798
 1.196
 2.150
 2.627
 1.870
-0.437
 0.104
 0.294
 1.137
 1.580
 0.967
-0.878
-0.710
 0.059
-0.792
-0.257
 0.035
 0.414
 0.075
 0.317
 0.725
 0.614
-0.296
-1.704
-0.018
-0.562
-1.603
-1.326
-0.614
 1.244
 0.809
 1.109
-0.007
-0.015
-0.630
 2.193
 3.411
 1.575
 0.844
-0.201
 0.782
 0.655
 1.838
 0.981
 1.141
 0.319
-0.827
 0.215
 1.427
-0.393
-1.334
 0.985
 0.903
 0.545
-0.751
 0.107
 0.732
 0.199
-0.254
 0.534
 0.408
 0.644
-0.267
 0.041
 1.536
 0.919
 1.282
 0.871
 0.629
 0.371
 0.689
 0.690
 2.194
 1.127
-0.315
-0.481
-0.119
 0.401
 0.489
 0.828
 0.591
-0.250
-0.274
 1.496
 2.009
 0.969
 0.140
-0.028
-0.217
-0.417
-0.116
 0.497
 0.378
-0.108
 0.702
 0.547
-0.852
 0.997
-0.022
 0.062
 0.082
 1.376
-0.508
-0.187
 0.819
-0.193
 0.212
-1.188
-0.973
 1.110
 0.947
-0.023
-0.008
 1.967
 1.362
-0.374
 0.062
 0.850
 0.302
 1.125
-0.811
-0.250
-1.424
 0.011
-0.371
 1.105
 0.382
 1.009
 0.478
-0.474
 0.076
 0.237
 0.599
 1.436
 1.466
 1.422
 1.486
 0.638
-0.402
-0.245
 0.993
 0.006
-0.976
 0.795
 0.402
 0.216
 1.680
 0.766
 1.396
 0.670
 0.744
-0.108
-0.119
 0.346
 0.211
 0.040
-0.293
-0.284
-0.628
 0.260
 1.089
 0.006
 0.731
 0.523
-0.076
-1.356
 0.301
-1.481
 0.753
-1.396
-1.309
-0.027
-0.956
-0.214
-0.037
-0.961
-0.343
 0.228
 0.692
 0.594
 0.473
-0.494
-1.457
-0.614
-0.062
-1.391
-1.371
-0.517
-1.059
-1.591
-1.446
 0.836
 1.240
 0.643
 1.542
 0.098
-0.434
-0.688
 1.115
 0.898
-0.465
-0.217
 0.151
 0.050
 0.942
-1.346
-0.098
 1.318
 0.843
 0.476
 0.663
-0.758
-0.116
 0.573
-0.526
 1.189
 1.467
 1.908
 1.886
 0.439
 2.561
 1.271
-0.456
 0.927
-0.532
 1.174
 0.411
-0.025
 1.189
 1.105
-0.386
-0.801
 0.001
 0.580
 0.981
-0.865
 1.114
 0.758
 0.809
 0.846
 1.207
 0.250
 0.074
-0.507
-0.362
-1.485
 0.484
-0.055
-0.553
-0.548
-1.706
-0.701
-0.419
 1.050
-0.033
 0.597
-0.033
 0.291
-0.620
 0.792
 1.413
 1.156
-1.198
 0.215
 0.523
 0.535
-1.540
-1.250
 1.291
 1.546
 0.944
 0.251
 0.473
 1.471
 1.960
 0.767
 1.349
 2.234
-0.703
 0.037
 0.925
-0.276
-1.313
-0.328
-0.767
 0.947
 1.167
 1.752
-0.616
 0.567
 0.394
 0.710
-1.661
 0.664
 0.400
 1.232
 0.416
 0.110
-0.059
-0.502
 2.085
 1.035
 0.468
 0.253
 0.834
 1.211
-0.014
 0.895
 1.536
 0.034
 0.699
 1.396
 2.244
 2.303
 1.403
 1.235
 0.680
 1.969
 0.570
 0.219
 2.120
 0.813
 1.230
 2.189
 1.989
-0.055
 1.436
 2.832
 0.845
 1.686
 0.885
-0.232
-0.515
 1.226
 0.221
 0.645
 1.579
-1.773
 0.849
 0.992
-0.536
 0.335
-0.175
-0.245
-1.534
-1.418
 0.645
-0.307
-0.088
 0.367
 0.576
-1.175
 0.321
 0.557
-0.542
-1.838
-0.688
 0.304
 0.388
 0.258
-0.069
-0.410
-0.783
-0.710
 0.017
 0.308
 0.851
 1.387
 1.366
 1.306
 0.178
 1.461
-1.103
-1.212
 0.527
 0.860
 1.460
 0.649
 1.062
-0.915
-0.770
 0.969
 1.170
 0.043
-0.275
 0.738
 0.401
 0.341
 0.330
 0.776
-0.318
 1.374
 0.365
 1.995
 0.210
-0.227
-0.322
 0.619
 1.341
 1.049
 0.596
 0.603
-0.066
 0.088
-1.212
 1.255
 1.008
-0.426
-0.818
-1.476
-1.424
-1.124
 0.016
-0.889
-0.063
 0.136
 0.413
 0.850
 0.086
 0.633
-0.225
 0.622
-0.151
-0.262
-0.840
-0.743
-1.059
-0.908
-0.095
-0.398
-0.035
 1.134
 0.712
 0.873
-0.150
 0.151
-0.691
 0.225
 0.216
-1.101
 0.607
 0.700
-0.736
-1.915
-0.528
 0.467
 0.919
 2.002
-0.824
-0.269
-0.434
-0.171
 0.445
-1.301
-1.310
-1.690
-1.019
-0.869
-0.722
-1.379
-0.414
 0.056
-1.106
-0.288
-0.509
-0.561
-0.776
-0.070
 0.519
 0.135
-2.225
 0.654
-0.476
-0.848
-0.349
-0.427
 0.406
-0.669
 0.782
-0.795
-0.492
-0.573
-0.051
 0.183
-0.576
 0.310
 0.115
-0.130
-0.059
-0.018
 0.596
 1.130
 0.407
 0.730
 1.048
 0.595
 0.801
-0.145
 1.617
 0.161
-1.369
-0.961
-0.940
 0.597
 0.577
-0.624
-0.213
-1.014
 0.756
 1.260
 1.073
 1.017
 1.147
 0.516
-0.522
-0.568
-0.076
 0.436
 0.220
-0.264
-0.655
 0.395
 0.913
-1.291
-0.725
-0.348
-1.024
 1.090
 0.924
 0.446
 0.145
 0.823
-0.625
 1.009
 2.218
 0.995
-0.096
-0.345
 1.103
 1.190
 1.134
 1.431
 1.655
-1.026
-0.839
-0.754
-1.172
-0.052
-1.173
 0.455
 2.246
-0.809
-1.690
-1.153
-1.089
 0.596
 0.273
 0.838
 1.082
 0.213
-0.543
-0.565
-0.279
-0.178
 0.959
 0.973
 1.688
-0.002
 0.881
-0.126
 0.000
 0.947
-0.335
 0.714
 0.345
 0.418
-0.186
 0.520
 1.350
-0.181
 0.624
 0.319
 0.425
 0.390
 0.520
-0.324
-0.098
-0.165
 0.213
 0.583
-0.525
-0.959
 0.249
-0.032
-0.133
-0.414
-0.688
-0.524
-0.301
 0.398
-0.150
-0.461
 0.484
 0.153
-0.519
 0.186
-1.009
-0.319
 0.419
 1.360
 1.899
 0.453
 0.885
-0.520
 0.572
 1.240
 1.360
 1.112
-0.219
 1.245
-0.226
-1.375
 0.512
 1.374
 0.374
 1.071
 1.004
 0.571
 0.185
-0.303
-1.042
 1.100
 0.375
-0.005
 1.551
 0.448
 0.051
 1.016
 1.855
 1.780
-0.367
 0.066
 2.073
 0.194
 0.212
-1.148
 0.012
 0.868
 0.442
 0.676
 1.236
 0.885
 0.862
-0.873
 0.502
-0.262
-0.612
-1.970
 0.320
-2.066
-1.074
-0.325
-0.283
-0.444
 0.262
 0.372
-0.523
-0.543
-1.088
 0.637
-0.589
 0.864
 0.150
 0.354
 1.467
 0.193
-0.591
-1.212
-0.887
-0.382
-0.422
 0.223
-0.048
-0.333
 0.803
-0.432
-1.369
 0.497
 0.048
-0.580
-1.474
-0.719
 0.104
-1.484
-1.519
 0.569
-0.436
 0.265
-1.156
-0.564
-0.286
-0.594
-0.278
 0.958
-0.046
-0.919
-1.558
-0.542
-0.479
-1.052
 0.205
-1.329
-0.534
 0.617
-0.299
-1.963
-0.588
-0.578
-0.539
 1.116
-0.726
-0.219
-0.421
-0.494
-0.155
 0.025
-0.041
 0.445
-0.715
 1.165
 0.920
 1.040
-0.311
 0.339
 0.447
 1.692
-0.422
-1.052
 0.916
 0.759
-0.208
-1.039
-0.351
 1.510
 0.374
-0.323
 0.950
 0.071
-0.920
-0.220
-0.550
 0.775
-0.290
 0.489
 0.564
 0.238
-1.133
-1.010
 0.100
-0.031
 0.331
 0.776
-0.593
 0.674
 1.988
 0.860
 1.210
 1.099
 0.930
-0.236
 1.814
 0.796
 0.749
 1.681
 0.488
-0.891
-0.618
 0.998
 0.810
 0.272
-0.287
 0.156
-0.283
 0.348
-0.229
 0.507
-0.231
-0.457
 1.170
-0.200
-0.723
-2.709
 0.556
 0.432
-2.477
-0.685
-1.026
 0.008
-0.142
-0.291
-0.367
-0.340
 0.650
 2.016
-0.503
-0.608
 1.395
-0.552
-0.556
-0.495
 0.080
-0.159
-0.426
-0.548
-1.052
 0.913
 0.579
 1.106
-0.342
-0.091
-1.217
 0.426
 1.744
 1.625
 0.179
 0.949
 0.331
 0.081
-0.830
-0.448
-0.035
 0.729
-0.788
-0.079
 1.361
-0.924
-0.993
-0.819
-0.233
-0.626
 0.036
-0.023
 0.092
-1.631
 0.989
 0.754
 0.934
 1.037
-0.492
 0.294
 0.362
 1.332
-0.207
 0.419
 0.752
 0.653
-0.240
-0.881
-1.055
 0.057
-0.783
 0.035
 1.351
 0.324
 1.097
 0.466
 1.093
-1.938
-0.958
-1.213
 1.361
-0.224
 0.233
-0.766
-1.012
-0.843
-2.162
-0.301
-2.198
-1.903
-0.003
-0.325
-0.105
 0.028
-0.488
-0.735
-0.877
-0.339
-0.538
-0.737
-1.238
 0.431
 0.115
 0.044
 0.178
-0.506
 0.734
-1.388
 0.669
 0.931
 0.964
 0.685
 0.289
-0.994
 0.463
-0.677
-0.863
 0.031
 0.672
-0.719
-0.327
-0.646
-0.327
 0.457
 0.654
-0.378
-0.286
-1.198
-0.581
 0.262
-0.774
 0.666
-0.366
-1.873
-0.524
-1.055
-0.562
-0.792
-0.617
-0.799
-0.670
-0.730
-0.797
-0.680
-1.307
-0.329
-0.374
 0.677
-1.169
-0.063
-1.020
-0.433
-0.545
-0.254
-0.848
-0.646
-1.070
-0.315
 0.374
-0.485
 0.677
 0.674
-1.117
 0.858
 0.693
 0.085
 0.273
 0.453
 0.333
 0.617
-0.690
-0.226
-0.622
-0.559
 0.187
-0.329
-0.369
-0.716
-1.171
-1.519
-1.262
-0.718
-2.325
-0.748
-1.085
-0.954
-1.351
-0.903
-2.105
-1.810
-2.035
-1.208
 1.123
 1.089
 0.749
 1.188
 1.193
 1.465
 0.962
-0.929
 0.948
 0.604
 0.217
 0.204
-0.488
-0.743
-1.097
-1.324
-1.489
-1.469
-0.866
 0.337
-1.836
-0.726
 0.261
-0.108
-0.405
-0.229
-1.444
-0.916
-1.245
-0.469
-0.193
-0.801
-0.232
 0.116
-0.806
-0.668
-0.530
-1.469
-0.901
-1.178
-0.058
-0.434
-1.072
 0.473
 0.561
 0.563
-0.864
-1.189
-1.328
-1.190
-0.536
-0.039
-1.016
-0.516
 1.581
 1.236
 0.052
 0.619
 0.894
-0.596
-0.069
 0.263
-0.510
-0.621
 0.046
 0.323
 0.897
 0.647
-1.195
 0.275
 1.193
 0.419
 0.555
 0.639
 0.268
 0.986
 0.376
-1.721
-0.859
 0.172
-1.422
-0.348
-1.763
-0.425
-0.162
 0.404
 0.599
 1.409
 0.092
 0.190
 0.684
-1.230
-0.937
-1.345
-0.794
-0.269
-0.521
-1.264
-0.346
-0.548
-0.346
 0.545
 1.260
 1.427
 1.332
-0.414
 1.554
-0.128
-0.254
-0.760
 0.196
 0.791
 0.833
 0.606
-0.628
 0.244
 0.701
-1.121
-0.110
 0.382
-0.690
-0.457
 1.044
-0.388
-0.846
-0.434
 1.056
 0.483
-0.912
 0.724
-1.134
 0.196
-0.878
 1.356
-0.617
-1.194
-0.231
-1.169
-0.229
-0.397
 0.061
-0.060
-0.686
-0.689
 1.753
-0.187
 0.091
-1.119
-0.289
 0.050
-0.846
 0.584
-1.807
-1.644
-0.541
-0.671
-0.153
 0.105
-0.402
 0.004
 0.779
 0.093
-1.900
-0.860
 0.174
 0.443
-0.076
-0.224
-0.288
 0.491
-0.991
 0.910
 0.349
-0.737
 0.495
-1.976
-1.699
-2.217
-1.910
-1.299
-0.424
-1.588
-0.275
-0.880
-0.977
-0.882
-0.906
-2.091
 0.442
-0.015
 0.353
-1.048
-0.251
 1.841
 1.566
 1.320
 0.720
 0.043
 0.608
 0.340
 0.705
-0.296
 1.433
 1.529
-0.646
 1.202
-0.055
 0.719
 0.227
-0.116
-1.110
-0.206
-1.714
-0.252
 1.265
 1.241
 1.740
 1.112
 0.226
-0.519
-0.211
-0.688
-0.933
-0.202
 0.933
-0.761
 0.818
 0.163
-0.217
 1.136
 1.406
 1.350
-1.191
 0.278
 2.295
 0.466
-0.456
 1.709
 0.764
 1.608
 0.274
 1.005
 2.148
 0.867
 0.479
 0.888
 1.641
-0.367
-1.444
-1.574
-0.915
 0.383
 0.351
 1.932
 0.331
-1.022
-0.950
 0.263
-0.636
-0.179
-1.401
-0.830
 0.135
 0.396
-0.052
 0.631
 0.673
 0.229
 0.985
 1.195
 0.265
 1.199
-0.232
-0.298
 0.977
-0.201
-0.342
-0.108
-0.490
 0.243
 1.588
 1.204
 0.229
 0.881
-0.536
 0.288
 1.346
 2.452
 2.010
 0.069
 0.679
 1.360
 0.609
 0.202
-0.991
-0.454
 0.210
-0.268
-0.561
 0.583
 1.182
 1.750
 1.089
-0.174
-1.821
 1.074
-0.832
-0.203
 1.211
 0.356
 0.798
-1.491
 0.225
-0.718
 0.947
 0.691
 0.232
 1.415
 1.116
-0.289
 1.925
 0.806
 0.157
 0.203
 1.686
 1.006
 1.270
 1.652
 1.270
 0.831
 1.569
 0.838
 1.635
 0.500
 1.996
 1.599
 1.101
 0.636
 0.967
 0.454
 0.277
-0.804
 0.333
-0.274
 0.217
-0.357
 0.089
-0.989
-0.231
-1.477
-0.568
-0.414
 0.527
 0.618
-1.312
 0.239
 1.343
 0.678
 0.063
 0.600
 0.352
 0.815
 0.593
 0.490
-0.374
 0.599
 0.648
 1.283
 0.823
-0.373
-1.034
 0.052
 0.315
-0.408
-0.563
 0.283
 0.037
-0.046
-0.606
 0.493
 0.510
 0.375
 0.551
 0.598
 0.062
-1.017
 0.561
 0.699
-0.584
 0.314
 0.089
-0.161
 0.658
-0.193
 0.513
-0.099
 1.400
-0.514
-1.219
-1.307
-2.910
-1.527
 0.664
 0.650
 0.558
-0.766
-0.759
-0.011
-0.036
 1.275
 0.140
-0.093
-0.243
 0.137
-1.100
 0.026
-1.029
-1.078
-0.126
-0.892
-1.269
-0.645
-2.849
 1.096
 0.873
 0.389
 1.717
 0.610
 0.501
 0.334
 1.435
-0.307
 0.497
 0.169
-0.773
-0.184
 0.545
 1.008
 2.022
 0.822
-0.109
 0.868
-1.268
-0.366
-0.856
-1.669
-2.229
-1.803
-0.573
-0.873
-0.609
 0.105
 0.112
 0.301
 1.249
-1.443
 0.338
-0.288
 0.877
 1.110
 1.473
 1.155
 1.662
 1.066
-0.082
 0.607
 1.390
 1.318
 0.344
 0.774
 0.109
 1.209
 0.476
-1.050
-0.763
 1.536
 1.030
 1.180
 1.741
 1.144
 0.745
 1.320
 1.921
 1.664
 0.953
 1.128
 1.306
 1.439
 1.874
 0.941
 2.077
 0.766
-0.175
 1.075
-0.361
-0.196
 1.869
 1.386
 1.452
 1.380
 0.359
-0.059
-0.208
