.403
 0.628
 0.076
-1.068
-1.169
 1.342
-0.489
-0.005
 0.309
 1.022
-0.211
 0.673
 0.052
 0.790
 1.252
-0.082
 0.840
 0.328
 0.481
 0.931
 0.253
-0.102
-0.050
-0.175
 0.311
 0.911
-0.539
-0.657
 0.060
 0.375
 0.517
 0.366
 0.400
-0.961
 0.039
 0.774
-0.202
 1.029
 1.268
-0.475
 0.382
 0.745
 0.773
 1.603
 1.406
 0.515
-0.236
-0.122
 0.668
-0.954
-0.359
 1.701
 0.174
-0.452
 0.882
 0.541
 1.243
 0.391
-0.197
 0.855
-1.086
-1.103
 0.934
 1.057
 0.073
-0.141
-0.151
 0.382
 0.319
-0.592
-0.064
-0.477
-0.249
 0.020
 0.551
-0.856
-1.262
-1.075
 0.470
 0.642
-0.530
-1.334
-1.311
-0.719
-1.053
 0.153
-0.767
-0.162
 1.383
-0.099
 0.662
 0.268
 0.104
 0.236
 0.553
 0.580
 2.274
 1.779
-0.060
 1.967
 0.038
-0.364
-0.048
-0.554
-0.642
-1.326
-0.298
-0.612
 0.581
-0.017
 1.111
 0.495
 0.555
 0.817
 0.735
-0.820
-0.843
-0.045
 1.008
 0.606
-0.009
 1.471
-0.321
-0.432
 0.139
-0.283
-0.026
-0.663
 0.152
-0.751
 0.743
-1.304
-1.535
 0.055
 1.336
 1.245
 1.212
 0.638
-0.328
 0.247
 0.638
 0.936
 0.038
-1.022
-0.038
-0.165
-0.657
-0.290
-1.362
-0.499
-2.224
-1.187
-1.090
-0.345
-0.704
-0.589
-0.794
 0.029
-0.122
 0.323
 0.569
 2.194
 0.610
 0.466
 0.605
 0.083
 0.891
 0.535
 0.631
 0.007
 1.229
 0.325
-1.703
 0.435
-0.644
-1.133
-0.566
 0.461
 0.087
 0.518
-1.068
-0.355
 1.432
 0.821
-0.925
-1.371
-1.268
-0.205
-1.092
-0.342
-0.704
-1.649
-0.959
-2.060
-1.097
-1.480
-1.994
-1.017
-0.188
-1.037
-0.763
 0.283
 0.355
-0.065
-0.766
-0.871
 0.033
 0.847
 0.010
-0.388
 0.604
-0.826
 0.291
 0.574
 0.146
 0.259
-0.281
 0.367
 1.706
 1.448
 0.867
 0.144
-0.645
-0.646
 0.182
 0.022
 0.500
 0.917
 0.435
-0.250
 1.155
 0.877
 1.492
 0.509
 0.432
 1.406
 0.466
-0.263
 0.922
 0.137
 0.529
-0.331
 0.187
-0.341
 0.251
 0.566
 1.307
 2.478
 0.387
 0.223
-0.563
-0.026
 0.397
 1.882
 0.454
 0.495
-0.014
 0.219
-0.138
 0.801
-1.269
-0.363
 0.923
 0.235
 0.450
-0.426
-0.603
 0.902
 1.493
 1.907
 0.299
 0.035
 0.545
-0.491
-0.250
-0.997
 0.956
 0.577
 0.294
-0.960
-0.060
 1.782
-0.946
-0.530
-0.277
-0.035
-0.113
-1.152
-1.047
 0.294
 0.384
-1.130
-0.039
-0.747
 0.309
 1.107
-1.102
 0.928
-0.451
 1.627
-0.157
-1.549
-1.461
-0.164
 0.863
-0.124
-1.670
-1.409
 0.140
 1.074
 1.621
 0.961
 0.097
 0.562
-0.348
-1.045
-0.730
 0.100
 0.133
-1.457
-0.141
 0.006
 0.142
 0.314
-0.695
 0.908
-0.936
-0.356
 0.442
-0.948
-1.853
-1.098
-1.210
 0.031
 0.138
-1.575
-0.050
-0.671
-1.495
-1.892
-1.479
-0.288
-1.782
 0.512
 0.840
-0.496
 0.334
-0.426
-0.530
-0.414
-0.334
-0.674
-0.055
-1.100
-0.641
-0.276
-1.299
-0.210
 0.340
-1.406
 0.425
-1.005
-1.425
 0.172
-0.623
 0.681
-0.546
-0.871
-1.164
 0.024
 0.481
 0.107
-1.520
-1.165
-1.006
-0.252
 0.607
 0.678
 0.128
-1.342
-1.564
-1.284
-3.399
-2.130
-2.939
-0.998
-0.304
 0.322
 0.202
 0.257
-1.076
 0.905
-0.027
-0.666
 0.520
-0.743
-1.378
-0.326
-0.288
-1.352
-0.825
-0.382
 0.182
 0.406
 0.215
 0.154
 0.422
-0.678
 0.203
-0.318
-0.754
-0.604
 0.077
-0.510
 1.039
 1.280
 0.356
-0.196
-0.419
-0.248
 0.205
 0.857
-0.201
-0.123
 0.778
 0.103
 0.905
-0.360
 0.422
-0.427
-0.399
 0.462
-1.781
 0.329
 1.111
-0.766
-0.063
 0.295
 0.800
-0.421
 0.237
-0.363
 0.818
 0.418
 0.061
 0.331
 0.991
 3.043
 1.503
 1.850
 0.166
-0.227
 0.403
-0.113
 0.053
 1.283
-0.041
-0.307
 0.428
 0.461
 0.121
-0.593
 1.621
-0.638
-0.288
 0.364
-1.095
 1.001
-0.022
 1.646
 1.597
 1.370
 1.041
 0.675
-0.749
-0.242
 0.981
-1.381
-0.608
-0.469
-1.349
-0.593
 0.295
-0.186
 0.390
-0.245
-0.579
-0.183
 1.908
 0.185
 0.411
 0.921
 0.695
 0.181
 0.109
-1.417
-1.632
-0.497
-0.954
-0.492
-0.823
 0.613
 0.370
-0.234
-0.680
 1.477
 0.668
 1.311
 0.418
-0.464
 0.501
-0.378
 0.259
-0.778
 0.911
 1.297
 0.766
-1.405
 0.540
 0.836
 1.612
 1.042
 0.419
 1.559
 1.740
-1.457
 0.074
 1.694
 0.262
-0.428
-0.528
 0.530
 2.149
 0.887
 1.474
 0.899
 0.402
 0.626
-0.932
 0.288
 0.455
 0.504
 1.209
 0.199
 0.604
 0.430
 0.460
-0.089
 0.042
 1.977
 0.136
-0.322
-0.152
-0.478
 0.063
-0.706
-0.001
 0.342
-0.478
-0.402
-1.567
-0.861
-2.495
 0.799
 1.357
 0.197
 1.652
 1.529
 1.413
 0.230
 0.842
 0.701
 0.595
 0.687
 1.432
 0.041
-0.297
-0.523
-1.118
-0.758
-1.433
-2.055
-1.743
-0.666
 0.176
 0.782
-1.395
-0.370
 0.081
-0.027
-1.033
-0.494
 0.882
 0.645
 0.984
 0.883
 0.506
 0.020
-0.656
-0.477
 1.334
-0.344
-0.280
 0.153
 0.834
 0.295
-0.383
-1.953
-0.254
-0.446
-1.215
-1.216
 1.133
-0.464
-1.749
-0.295
 0.241
-0.497
-0.383
-0.051
-0.362
 0.642
-0.517
-0.749
-0.676
-0.496
-0.918
-0.897
-1.627
-1.071
-1.318
-0.958
 0.906
 0.171
 1.626
 1.830
 1.071
-1.195
-0.885
-0.521
 0.621
 0.343
 0.481
-0.379
-0.397
-0.210
-0.432
 0.646
 0.671
-0.625
-0.243
 1.385
 1.411
 1.290
-1.181
 0.317
 0.756
 0.708
-0.436
-1.217
-0.373
-0.477
-1.478
-0.303
-0.142
 0.163
 0.753
-0.451
-0.336
-1.032
-0.713
-0.108
 0.299
-0.866
-0.505
-0.940
-1.543
 0.715
 0.260
 0.592
 0.862
 1.404
-0.183
-0.919
-0.523
 1.019
 0.154
-1.068
-1.207
-0.150
-1.089
-1.462
-1.278
-1.472
 0.038
-1.117
-1.064
 0.881
-0.063
-1.408
-1.262
-0.714
-1.492
-0.881
-0.088
 0.753
 1.691
 1.256
-0.392
-0.167
-1.388
-0.697
 0.030
 0.518
-0.558
 0.518
 0.720
 0.430
-1.435
 0.092
 0.641
 0.187
-0.509
-1.717
-0.504
-0.970
-0.779
-2.065
 0.178
 0.705
-0.543
-1.862
-3.328
-2.164
-1.124
-2.585
 0.533
 0.999
-0.604
-0.548
-0.366
-0.525
 0.359
-0.655
 0.691
-0.004
 0.320
 1.006
 0.334
 0.781
 1.754
 0.581
-0.204
-0.767
-1.937
-0.041
 1.675
-0.436
 0.543
-0.192
-0.422
 0.173
 0.033
-0.089
 0.571
 0.313
 0.656
-1.886
-1.323
-1.084
-0.120
-0.860
-0.248
-0.977
-0.857
-2.903
-1.575
-0.726
-2.161
-1.621
-2.258
-1.485
-1.129
-2.618
-2.105
-2.262
-1.890
-1.462
-0.349
-0.902
-1.207
-0.391
-0.990
-0.086
-0.534
-1.052
-0.036
-1.005
-2.835
 0.110
 0.183
-0.199
-1.333
 0.848
-1.474
-0.638
-0.895
-0.083
 0.208
 0.441
 1.843
-1.266
-1.479
 1.154
-0.174
 0.114
 0.265
 1.338
-1.263
-2.000
-0.633
 0.541
-0.066
-0.104
 0.098
 0.311
 0.301
 0.240
 1.439
-0.537
-1.507
-1.609
-1.278
-0.956
-2.845
-0.481
-0.113
 0.011
-1.154
 0.389
 0.261
 0.163
-0.647
-0.610
 1.084
 1.361
-0.541
 0.435
 0.076
 0.224
 0.873
 0.332
-0.743
 0.768
 0.484
 1.739
 0.332
-1.187
 0.023
 0.683
 1.490
 0.434
-1.459
 1.054
 1.201
-0.250
 0.410
 0.354
-0.710
 1.029
-0.710
-1.232
 0.458
 0.181
 0.468
-1.025
-0.484
-0.843
-0.027
 0.763
 0.026
-0.472
-0.899
-0.095
-0.844
 0.707
 1.387
 0.323
 0.761
-2.094
-0.917
-0.304
-0.597
 1.041
-0.085
-0.149
 1.077
 1.578
 0.422
 0.165
-0.120
-0.423
 0.448
 0.707
 0.289
 1.157
-0.239
 0.168
 0.202
-0.609
-0.049
-0.700
-1.145
-0.279
-0.738
-0.952
-1.173
 0.186
-0.830
-1.228
-0.354
-1.194
-0.874
 1.133
 1.317
 1.000
 0.588
-0.135
-0.061
-0.505
-0.459
-0.987
-2.661
-1.074
-2.790
-1.306
-2.079
-1.397
-1.100
-0.359
-1.290
-0.033
-1.172
-0.535
-0.494
-0.737
-1.252
-1.694
-0.922
-0.608
 1.449
 3.383
 0.720
 0.832
 0.141
-0.880
-0.373
 0.504
 0.976
 2.142
 1.519
 0.328
-0.588
 0.091
-0.097
-1.470
-0.719
 0.302
-0.250
-0.399
 0.026
-0.037
-0.327
-0.231
-0.438
 0.146
-0.827
-0.009
-0.053
 0.841
-0.166
 1.054
-1.148
-2.032
-0.692
-1.746
-0.969
-1.051
-0.721
-0.605
-0.163
 0.524
-0.960
 1.125
-0.649
-0.378
-0.012
 0.769
-0.031
 0.840
 0.630
 2.802
 0.409
-0.267
 0.583
 0.488
-0.611
-1.610
-0.539
-0.876
-0.287
 0.701
-0.073
 1.470
 0.206
 1.434
 0.989
 0.833
 1.078
 1.765
 0.868
-0.143
 0.820
-0.072
 2.533
 0.743
 0.547
 2.074
-0.672
-0.972
-0.271
-1.481
-0.337
 0.952
-0.776
 0.258
 0.566
-0.459
 1.547
 0.188
-0.570
 1.086
 0.149
-0.438
-0.670
-1.982
-2.785
-2.126
-1.956
-0.567
-0.799
-2.092
-1.584
-0.567
-0.967
-0.119
 0.838
 0.478
 0.142
-0.021
-0.183
 0.519
-0.740
 1.972
-0.736
-1.157
-1.554
 0.829
 0.355
-1.392
-1.736
-0.839
-0.050
-1.368
-0.346
-1.084
-0.328
 1.016
 0.954
 2.203
-0.781
 0.109
-1.248
-1.459
-0.712
-0.152
-0.789
 0.375
-0.562
-1.029
-1.119
-1.749
-0.747
-0.803
-1.613
 0.437
-1.055
-0.143
 0.575
-0.869
-0.582
 0.233
-0.251
 1.507
 1.890
 0.088
 1.100
-0.001
 1.345
 0.700
-1.132
-0.709
-0.188
 1.510
-0.104
-0.478
-0.398
-0.392
-0.768
 0.460
-0.165
 0.645
 0.534
 0.278
 0.611
-0.563
-0.892
-1.208
 0.512
 0.680
 0.495
-0.228
 0.014
 1.212
 1.454
-1.186
-0.962
-0.724
 1.429
 0.719
 0.243
 0.190
 1.214
-0.387
-0.212
 0.574
 0.551
-0.013
-0.905
 0.089
 0.997
 0.064
 1.190
 0.432
-0.066
 0.949
 0.843
 0.371
 1.433
-0.766
-1.033
-0.217
-0.289
 1.424
 1.144
-0.255
 1.483
-0.397
 0.896
 0.562
-0.234
 0.497
 0.040
-0.595
 0.596
-0.522
-0.278
-1.072
-1.422
-0.163
-0.085
-0.231
-1.671
-1.277
 0.967
 0.612
-0.170
 0.763
 0.251
 1.162
 0.761
 0.411
-0.571
-0.027
-0.237
-1.153
 0.047
 1.375
 0.377
-0.574
 0.437
 0.290
 0.593
-0.941
-1.117
-0.663
-0.827
 0.867
-0.263
-0.331
-0.998
 0.172
 0.271
-0.070
 0.846
 1.210
 0.556
-0.309
 0.877
 0.422
-0.032
-0.565
-0.528
-1.292
-0.156
 0.347
 2.254
 0.948
 0.948
-2.457
-1.850
-0.805
 1.580
 0.515
-0.415
-0.047
-0.269
 0.695
-0.432
-0.867
-0.489
-1.708
-0.660
-0.610
-0.143
-0.590
 1.157
-0.176
-0.533
 0.676
-0.314
 0.458
 0.379
-0.299
 0.943
 0.483
 0.258
 1.097
 0.713
 0.318
 0.854
-0.132
-1.796
-0.529
 1.249
-0.628
-0.269
 0.304
-0.982
-1.756
-1.364
 0.476
-0.929
 0.698
 0.742
 0.665
 0.219
-0.421
-0.335
-0.181
-0.826
-3.689
-0.540
-0.043
-0.759
-0.568
-0.748
-0.927
 1.274
 1.381
 1.304
-0.522
 0.613
-0.284
-0.364
 0.292
 1.140
 0.568
 0.482
 1.119
 1.788
 1.370
 0.017
-0.361
 0.589
-1.511
-1.677
-1.371
-0.136
-0.531
-0.268
-0.391
 0.309
-0.052
-0.219
 1.875
 1.710
 0.401
 0.605
-0.043
-0.320
-0.337
 0.174
-0.640
-1.678
 0.176
-0.914
-0.405
-1.468
-0.654
-1.333
-0.140
-0.953
-0.006
 0.817
 1.025
 1.243
 0.107
 0.140
-1.715
-0.039
 0.155
-0.498
 0.199
-0.083
-0.020
 0.407
 1.034
 1.084
 1.952
 0.295
 0.389
-0.256
-0.043
 1.021
 1.880
 1.093
 0.682
 1.084
-0.688
 0.317
-0.854
-0.972
-1.587
-2.363
-1.095
-0.039
-1.271
-1.208
-0.857
 0.803
-0.327
-0.909
-0.764
 0.875
 0.724
-0.927
-0.814
 0.541
-0.457
 1.181
 0.041
-0.987
 0.974
 0.463
-0.058
-0.279
 0.534
 1.023
 1.270
 3.068
 2.008
-0.025
 1.321
 1.998
 1.055
 0.085
-0.122
 0.278
 0.074
-0.144
-1.461
-0.816
 1.015
 1.174
 0.478
 2.803
 0.478
 0.475
 0.046
 0.358
 1.718
 0.952
 1.039
 1.050
 0.073
 0.803
 0.463
 1.188
 1.593
 1.465
 0.904
-0.017
-0.160
-0.062
-0.708
 0.415
-0.614
 0.340
-0.136
-1.217
-1.087
-1.455
-1.307
-0.101
 0.441
 0.762
 0.671
 0.946
 1.196
-0.204
-0.383
-0.405
 1.269
 0.273
-0.614
-0.751
-1.223
-0.369
-0.065
 0.243
 0.237
-0.861
 0.485
-0.053
-0.913
 0.343
 1.037
-0.721
 0.177
 0.160
 1.303
 1.194
 1.141
 2.901
-0.090
-0.409
 0.119
 0.048
 1.042
-0.048
-1.895
-1.032
 0.108
 0.174
-0.352
 1.380
 0.764
 0.274
-0.257
-0.422
-0.364
-2.718
-1.126
-1.138
-0.385
-0.443
-0.358
 0.308
 1.556
 0.627
 0.860
-0.385
 1.171
 1.812
 1.201
 1.728
-0.286
 1.331
 0.869
 1.349
 1.440
 2.858
-0.265
 0.082
 0.050
 0.394
-0.923
 0.739
-0.129
-0.380
 0.077
 0.349
 1.015
 1.622
 2.008
 1.203
 0.953
 0.567
 0.221
-0.056
 1.484
-0.554
-0.894
-0.570
-0.050
 0.301
-0.828
 0.171
 0.440
-0.051
 0.653
-1.059
 0.148
-0.424
-0.258
-1.424
-1.656
-0.088
-1.367
 0.202
-1.618
 0.672
-0.188
-1.054
 0.223
-0.529
-0.394
-1.643
 1.737
-0.338
 0.521
-1.027
-2.031
-0.637
-0.393
-0.812
-0.811
-0.586
 0.007
 0.382
 0.872
-0.297
 1.225
-0.953
 0.986
 0.251
 0.627
 0.519
-0.598
 0.321
-0.668
 0.788
 0.500
 0.354
-0.589
 0.979
 0.634
 1.479
 0.748
 1.915
 1.666
 1.798
 1.664
 1.715
-0.103
 0.121
 1.326
 1.228
-0.103
-0.203
-0.190
 0.009
-0.643
-0.373
-0.908
-0.936
 0.512
-0.374
 0.075
-0.008
-0.459
 1.349
 1.550
 0.942
 1.734
-0.724
-0.491
-0.150
-0.227
 0.022
 0.106
 0.209
-0.297
 1.288
 1.110
-0.274
 1.038
 0.513
 0.061
 0.131
 1.035
 0.367
-0.502
-1.300
 0.343
-1.346
 0.235
-0.668
 0.411
 1.014
-0.660
-0.709
-0.464
-0.502
-0.760
-1.430
 0.715
 1.113
-0.737
-0.244
-0.962
 0.129
-0.527
 0.225
 0.324
 0.014
-2.651
-0.855
 1.413
 1.842
 0.225
 0.970
-0.682
 0.726
 0.649
 0.303
 1.291
 0.175
 1.135
 0.516
 0.640
 1.273
-0.363
 0.760
 1.352
-0.098
 1.522
-0.951
-0.230
 0.970
 0.854
 1.028
 1.261
 1.503
 1.340
 0.050
-0.130
-1.071
-0.785
 0.871
 1.300
-0.251
 0.430
 1.696
 1.496
 1.194
 0.786
 0.501
-0.192
 0.399
 0.202
-1.471
-0.169
 0.208
 1.257
 0.481
-0.960
-1.490
-0.648
 1.168
 0.496
 0.941
 0.489
-0.042
 0.379
 1.342
 0.277
 1.160
 0.993
 1.410
 0.699
 0.573
-0.471
-0.125
-1.628
-1.231
-1.229
 0.605
 0.410
-0.478
-0.547
-1.109
-0.539
-0.166
-1.315
 0.174
-0.476
 0.226
-0.104
-1.915
-1.558
-2.018
-0.898
-1.772
-0.010
-0.052
 0.125
-0.632
-0.489
-0.949
-1.069
-1.086
 0.599
 0.044
 0.210
-1.445
 0.041
 0.011
-0.610
-0.389
 0.690
 1.396
 0.164
-0.638
-0.525
-1.089
-1.372
-2.224
-0.778
-0.755
-1.086
-0.160
-0.718
 0.191
-0.682
-1.515
-1.385
 0.460
-0.200
-0.185
-0.735
-0.070
-0.597
-0.689
-0.073
-1.009
 0.018
-0.669
 0.303
 0.083
 1.796
-0.392
-0.477
-0.111
-2.002
-2.125
-0.931
 0.336
 0.157
-1.056
 0.665
-1.351
-0.480
-2.207
 0.078
-0.578
-1.107
-1.902
-0.456
 0.004
-0.457
-1.583
-0.340
 0.478
-0.673
-2.730
-1.033
 0.546
 0.986
 2.463
 1.988
 0.947
 0.969
-0.283
-1.208
-1.233
-0.410
-1.257
 0.407
-0.545
 1.182
-0.665
 0.042
-0.090
 0.246
 0.517
 0.007
-0.251
-1.125
-2.127
-0.600
-1.845
-0.928
-0.583
-0.082
-0.584
-1.135
-0.160
 0.494
-0.110
-0.355
-1.882
-1.608
 0.018
-0.907
-1.210
-0.714
-1.732
-0.861
-0.654
-0.992
-1.150
 0.000
-0.595
-0.764
 0.456
-0.694
-0.765
-0.105
-0.172
-1.104
-0.770
 0.125
 1.051
 1.025
 0.824
-0.447
 1.114
-0.179
 0.594
-0.517
 0.546
-0.194
 1.102
-0.373
-0.756
-1.005
-0.245
 0.772
-0.562
-1.120
 0.794
-0.738
-0.783
 0.806
-0.075
 0.351
 0.302
 0.481
-0.137
-0.869
 0.413
 0.913
 0.630
 0.041
 0.475
 1.885
 0.734
 1.536
 0.076
 0.515
 0.063
-1.444
-0.880
 1.014
 0.525
 1.039
 1.682
-0.484
-0.002
-0.853
 0.956
-0.100
-0.690
-0.132
-0.967
-0.638
-0.210
-0.432
-0.321
 0.389
 2.288
 0.290
 1.802
 1.351
-0.944
-2.136
-2.834
-1.871
-1.506
-1.980
-1.768
-1.766
-1.670
-1.533
-1.379
-1.734
-1.442
-2.165
-1.455
 0.133
-0.600
-2.031
-2.380
-0.683
-0.417
-2.255
 0.031
 0.466
-0.554
-0.622
-1.772
-0.443
 0.472
-1.255
-0.687
-1.062
-1.313
-2.136
-0.767
-0.055
 0.633
 1.210
 0.235
-0.636
 0.277
-0.290
 0.566
 1.250
 0.518
 1.538
 0.272
 1.047
 1.969
 1.196
 0.996
 0.308
-0.183
 1.073
 0.783
 0.062
 0.010
 0.512
 0.555
-0.492
 1.829
 0.371
 0.683
 1.272
 0.634
-0.007
-0.394
 1.775
 0.536
 0.576
 0.389
 2.314
 1.058
 1.748
 0.613
 0.217
 1.811
-0.481
-0.662
-1.356
-1.343
-0.929
-0.799
 0.018
-1.325
-0.177
 0.744
 0.045
-0.344
-1.273
-0.715
-0.680
-1.632
-0.245
-0.995
-0.769
-1.040
 0.166
-0.069
-0.231
 0.072
 0.347
 0.446
-1.181
 1.183
 0.456
-0.699
 0.493
-0.508
-0.037
-0.361
-0.788
-1.372
-0.923
-2.456
-1.930
 1.106
-0.217
-0.694
-1.421
-0.515
-0.052
-0.928
-0.522
-0.163
 0.466
-1.224
 0.489
 0.475
-0.072
-0.188
-0.512
-0.257
 0.722
-0.075
 0.997
-0.623
-0.316
-0.026
 0.372
-0.040
 0.138
-0.765
-0.098
 0.937
 0.462
-0.045
 0.908
 2.387
 1.407
 0.709
 0.128
 0.619
 0.804
-0.792
-0.371
-0.847
-1.031
-1.295
-0.239
-2.270
-0.349
 0.665
 0.422
-0.562
-1.092
-0.412
-1.391
-1.342
-2.159
-0.224
-0.796
-0.060
-0.230
-0.428
 0.014
 1.196
 0.229
-0.191
 0.357
 0.144
 0.466
-1.641
-1.880
-1.355
 0.044
-0.202
-0.817
-0.314
-0.286
 0.242
-0.007
-1.405
-0.732
-1.064
-0.710
-1.024
-1.273
-0.078
-0.379
-1.437
-0.796
-0.468
-2.036
-1.338
-0.888
-0.600
-0.219
-0.409
-1.413
-1.497
 0.188
-0.349
-0.392
-1.819
 0.377
-1.232
-1.483
 0.167
-0.553
 0.235
 1.293
-1.426
-1.422
-2.014
-2.634
-1.303
-0.892
-2.565
-1.124
-1.268
-0.896
-1.013
 0.685
-1.375
-1.412
-1.017
-0.470
-0.181
-0.686
-1.886
-2.667
-1.093
-0.045
-1.930
-2.450
 0.143
 0.812
 0.022
 0.146
-1.330
 1.093
-0.873
-1.154
-1.208
-1.078
 0.116
-2.009
-2.766
-0.002
 1.671
 0.576
-0.839
-2.686
-2.129
-0.964
-1.122
-0.618
 0.208
 0.153
 0.438
 0.550
-0.395
 1.007
 0.527
-0.490
-0.682
-1.099
-1.156
 1.247
-0.298
-1.077
-1.065
-2.615
-1.830
-1.382
-0.068
 0.402
-0.665
-2.831
-1.790
-0.800
-1.833
-1.826
 0.792
-0.169
-0.871
-0.298
-0.141
 0.955
-1.077
 0.728
-0.833
-0.645
-0.894
 0.763
 0.198
-1.262
 0.135
-0.392
-0.115
-1.798
-1.947
-0.950
 2.393
 0.958
 0.376
-1.422
-0.540
 0.703
 1.318
-0.983
 1.282
-0.518
 2.303
 1.046
 0.937
 1.248
 1.004
 0.953
 2.088
 1.858
-0.026
 0.082
-0.564
 1.939
 1.936
-0.352
 0.124
-0.239
 0.781
 0.228
 0.926
 0.319
 0.766
 0.657
-0.117
 0.819
 1.306
 1.180
-0.228
 0.030
-0.347
 0.628
 0.477
 0.131
-0.271
 0.761
 0.570
 0.251
 0.585
 0.230
 1.551
-0.653
-0.327
-0.117
 0.830
-0.130
 0.228
 1.545
 0.631
 1.243
 0.755
-0.377
-0.103
 0.371
 0.291
-0.288
 0.854
 0.527
 0.207
 0.939
 3.194
-0.009
-0.569
-0.434
-1.339
-0.249
 0.197
-0.429
 1.184
 1.443
-0.555
-0.885
 0.618
 0.641
 0.853
 0.170
 0.874
 1.222
 1.110
-0.192
-0.573
-0.669
 0.035
-0.488
-0.418
 0.881
-2.131
-0.073
 0.305
-0.322
-0.639
 1.245
 1.723
 0.340
 0.122
 0.389
 0.156
 0.559
 0.724
-0.023
-0.611
 0.555
 0.627
-0.929
 0.023
 0.224
 1.661
-0.632
 0.117
-0.355
-0.497
 0.981
 0.038
 0.460
-0.300
 0.827
 1.124
 0.007
 0.428
 0.086
-1.066
 0.348
 0.671
 0.121
 0.943
 0.084
 1.485
 1.618
-0.353
-0.923
 0.919
 1.068
-1.010
-0.886
-1.067
 0.026
-0.105
 0.131
 1.133
 0.573
-0.278
 0.382
-0.482
-0.278
-0.670
-0.153
 0.051
-0.021
 0.025
-0.358
-1.776
 0.494
-0.321
-0.238
 0.370
 0.532
-1.015
 0.517
-1.208
-0.977
-0.745
-1.334
 0.661
 0.511
 0.186
 1.341
 0.796
-0.117
-1.648
-1.892
-0.662
-1.644
-1.811
-1.133
-0.378
-0.120
-0.219
-0.737
-0.257
 0.507
 0.464
 0.911
 0.006
 0.001
 0.826
 0.927
 0.097
 1.696
 1.182
 1.030
-0.207
 0.160
-0.378
-0.399
-0.046
-0.413
-0.624
 1.674
 0.430
 1.258
 0.205
-0.806
 1.234
-0.147
-1.127
 0.385
 0.672
 1.003
 0.919
 1.301
 0.793
-0.635
 1.445
 0.787
-1.082
-0.039
 0.942
 1.745
-0.323
-0.154
 0.290
 0.789
 1.755
 0.423
 0.865
 0.423
-0.655
 0.178
 0.332
 0.852
 0.664
 0.323
 1.165
 1.528
-0.175
-0.145
 0.792
 1.528
 2.035
-0.403
 0.295
 0.824
 0.533
 0.164
 0.732
 1.814
 1.205
 0.954
-0.318
 0.720
-0.602
-0.007
 0.924
 0.910
 0.327
 0.386
-0.141
 1.192
 1.042
 1.664
 0.864
 0.664
-0.090
-1.429
 0.248
-1.004
-0.912
-0.509
-0.597
-0.329
-0.400
-0.172
 0.052
 0.724
 1.382
 1.422
 0.941
 1.464
 0.870
-0.902
 0.798
 1.785
 0.563
 1.113
-0.910
 0.244
 2.039
-0.233
 1.534
 0.672
 0.224
-0.567
 0.459
 0.827
 0.775
 1.080
-0.012
-1.131
-1.099
-1.115
-1.286
-1.062
-1.334
 0.736
 0.012
-0.666
-0.423
 0.575
-1.040
-0.783
-1.378
-2.141
-1.618
-0.499
-0.709
-1.976
-0.829
-1.605
-1.520
-1.176
-1.368
-0.529
 0.201
-1.649
-1.103
-0.136
-0.883
-0.795
-2.871
-0.312
-0.403
-1.061
-1.205
-0.650
 0.555
-0.531
-0.912
-0.391
-0.190
-0.795
-0.252
 1.064
-0.428
-0.922
-1.953
 0.274
 0.862
-0.558
-0.261
-0.759
-1.163
-0.085
 0.260
-0.520
-0.301
 0.665
-0.941
-1.359
-0.982
 1.475
 0.160
-0.894
-1.549
-0.016
-1.757
-1.242
-0.161
-0.923
-0.031
 1.135
 0.430
 0.169
 0.858
-1.516
 0.441
 1.228
-0.002
 1.286
 0.592
 0.039
-0.298
-0.827
-0.367
 0.706
 2.000
-0.973
 0.119
-0.398
 0.359
 2.382
 0.188
-1.698
-0.818
-1.308
-1.764
 0.231
-0.649
-0.589
 1.200
 1.031
-0.363
 0.858
 0.280
-0.940
-0.874
 0.366
-0.882
-0.718
-0.072
 1.412
 0.920
 0.694
 0.138
 0.004
-1.363
-1.049
-0.443
 0.826
 1.218
 1.244
 0.780
 0.089
-0.391
 0.359
-0.420
-0.369
 0.432
 0.922
 0.297
 0.615
-0.090
-0.201
 0.610
-1.992
-0.184
-0.587
-0.896
 0.466
 0.184
 1.252
-0.348
-0.145
-0.008
 0.103
-0.949
-0.918
 0.692
 0.179
-0.207
 0.123
 1.251
 1.467
-0.315
 0.686
 0.603
-0.194
 1.084
 0.214
 0.583
 0.560
-0.544
 1.402
 2.946
 0.658
 0.382
 0.386
 1.824
 1.763
 0.991
-0.086
 0.148
 1.147
-0.656
-0.097
-0.316
-0.325
 0.470
-1.189
-1.683
-1.835
-2.140
-0.372
-1.461
-1.251
-0.983
-0.969
-0.926
-1.486
-1.386
-0.918
 1.178
 0.837
 0.439
-0.169
-0.042
 0.315
 1.936
 0.468
 0.168
 0.258
 0.504
-0.029
 0.256
-0.025
-0.884
-0.694
-1.613
-0.946
-0.363
 0.581
-1.481
-0.328
-1.186
 0.596
 0.495
-0.990
 0.842
-0.775
-1.154
 0.159
 0.645
 1.058
-1.239
-0.105
 0.692
 0.875
-0.439
 1.673
-0.795
 1.522
 0.740
-0.178
 1.304
 2.031
 1.064
-1.131
-0.301
-0.469
-0.702
-0.610
-0.150
-0.772
 0.334
 1.181
 0.579
 0.169
-0.144
 1.295
 2.409
 2.434
 0.747
 0.244
-1.252
-0.196
 1.201
 0.321
 0.677
 1.042
 1.162
 0.594
 0.072
 3.050
 0.572
-0.006
 1.176
 1.910
 1.580
-0.007
 1.341
 0.307
 0.150
 0.028
 0.443
-1.411
-0.821
 0.376
 0.506
-1.227
-0.502
-0.444
 0.033
 0.242
 0.008
-0.074
-0.296
-0.178
-0.849
 1.695
 2.428
 1.090
 1.233
-0.706
 1.959
 0.417
 1.973
 2.216
-0.055
 0.472
-1.033
 0.040
-0.340
 1.094
 0.929
 0.977
-0.073
 0.393
 0.496
-0.305
-0.435
-1.660
-1.064
-1.074
 0.003
-0.295
 0.304
-0.825
-0.079
-0.089
-0.862
-0.806
-1.527
-0.874
-0.175
 0.320
-1.793
-1.196
-1.993
 0.268
 2.184
 1.492
 0.394
-0.348
-0.108
-1.096
-0.157
 0.065
 0.291
 0.603
-0.320
-2.056
-1.065
-0.731
-1.707
-0.256
-1.208
-1.464
-0.842
-1.176
 0.086
-0.801
-0.470
 0.825
 0.062
 0.750
-0.754
 0.491
 0.581
 0.583
 1.261
-0.005
-1.257
-0.417
-3.062
-1.062
-1.825
-0.821
-0.991
-1.496
-1.127
-1.613
-1.592
-2.275
-1.192
-0.239
-0.054
 0.123
-0.041
 1.613
 0.759
 0.380
-0.208
 0.004
-0.785
-0.528
-0.822
-0.879
-0.761
-0.777
-1.661
-1.867
-2.297
-0.522
 0.416
 0.578
-1.095
-2.204
-1.607
 0.803
 0.049
-0.653
-1.146
-1.464
-1.189
 0.194
-0.448
 0.214
 0.032
-0.690
-1.245
-2.090
-2.170
 0.496
-0.261
 0.702
 0.767
 2.018
 1.504
 2.471
 1.166
 0.851
 0.552
-0.384
 0.042
 0.656
 0.116
-0.911
-0.370
-1.448
-1.286
 0.853
 0.620
-0.188
-1.078
-1.145
 0.068
-1.803
-0.637
-1.332
-1.721
-1.957
-0.009
-0.422
-1.263
-0.564
 0.303
-1.180
-0.380
-1.947
-0.816
 0.194
-1.387
-0.938
-0.310
-0.863
-0.319
-1.469
-0.994
-2.083
 0.042
-1.257
-1.234
-0.169
-0.571
-1.226
 0.107
-0.963
-1.664
-1.960
-1.279
-0.951
 0.384
-0.619
-0.748
-0.686
-1.170
-0.096
-0.463
-0.896
-1.033
-1.141
-1.953
-0.474
-1.436
-1.315
 0.437
 0.025
 1.300
 0.244
-0.107
 0.799
-0.100
 0.216
-0.590
 0.029
 0.756
-1.804
-0.887
 1.131
 1.216
-0.191
 0.201
 0.620
 0.000
-1.157
-0.866
-0.493
-0.108
-0.413
-0.873
-0.450
-1.528
-1.569
-1.821
 0.196
-1.497
-1.316
-1.918
-1.769
-1.398
-1.824
-0.254
 1.194
 0.239
 0.991
-0.407
-0.465
 0.773
 1.005
-0.886
 0.414
 1.225
 1.734
 0.785
 1.391
 0.808
 0.827
-0.154
 0.038
 0.059
 0.507
 0.553
 1.590
 2.869
 1.780
 1.337
 2.951
 1.554
 2.029
 0.031
-0.527
 2.197
 0.404
-0.005
-0.413
 0.859
 0.016
 0.594
-0.828
-0.505
-0.348
 0.268
-0.059
-0.092
 0.193
 1.286
 0.531
-0.058
 0.292
 1.458
-0.117
 1.201
 1.297
 0.814
 0.278
-0.111
 0.743
-0.700
-0.036
 0.976
-0.530
 1.424
-0.248
 1.548
 1.503
 0.151
 0.448
-0.039
 0.541
-0.413
 0.316
 1.015
-0.057
-0.978
 0.389
-0.070
-0.031
-1.935
-1.128
-1.601
-2.122
-0.623
-0.319
 1.549
 0.563
-1.602
-2.223
-0.434
-1.300
 0.386
-1.120
-1.518
-1.465
-1.046
 0.370
 0.460
-1.070
-0.252
-0.294
 0.941
 1.646
 0.606
 0.997
 1.212
-0.081
-1.189
-0.889
 0.424
-0.744
-0.728
-2.213
-1.177
-1.784
-0.598
 0.224
-0.306
-0.390
-0.945
 0.343
-1.067
 0.415
 0.373
-0.233
-0.713
 0.021
 0.569
-1.574
 0.188
-0.418
-0.619
-0.528
-0.483
-0.256
 0.675
 0.287
 0.372
 1.052
-2.126
-0.074
-0.490
-0.527
-0.432
-1.367
-1.229
-0.501
-1.357
-0.509
-1.318
-0.595
 0.791
-0.035
-0.459
-1.600
 0.119
-1.884
-1.146
-0.166
-1.362
-1.428
-1.198
-1.362
-0.154
-0.737
 0.196
-0.717
-1.996
-0.937
 1.304
 0.596
 1.628
-0.265
 1.457
 0.047
-0.273
-1.133
-0.530
 0.161
 0.308
 0.086
-0.401
 0.569
 1.079
 0.851
 0.684
 1.851
 0.003
-0.158
 0.022
 0.926
 0.204
 0.503
 0.418
 0.564
 2.114
 0.871
 1.511
 0.919
 2.276
 1.515
 0.066
 0.517
 0.186
 0.523
 0.726
 0.443
 1.322
 1.276
-0.258
 0.875
-0.199
 0.488
 0.804
 0.101
-0.612
-1.574
 0.988
 0.536
 1.055
 0.134
 1.307
 1.168
 0.186
 0.725
 0.835
-0.213
 1.242
 0.425
 0.899
-0.208
 0.618
 0.042
 2.030
 1.073
-0.335
 0.598
 0.737
-0.777
-0.351
 0.229
 0.106
 0.558
-0.084
 1.149
 0.561
-0.494
 0.404
-0.074
 1.219
 1.132
 0.446
 0.106
-0.648
-0.952
-0.325
-0.955
 0.733
 0.533
 1.320
 1.639
-0.365
-1.041
 0.436
 0.851
 1.128
 1.085
 1.079
 0.419
 1.667
 0.459
 1.495
-0.418
 0.772
 0.539
 0.520
 0.090
 1.129
-0.203
-0.154
 0.037
-0.453
 0.082
-0.988
-0.097
-0.602
 0.214
 0.493
-1.537
-0.956
-0.048
-0.021
 0.247
 0.092
 2.375
 0.213
 1.261
 0.179
 0.274
-0.212
 0.124
 0.195
 0.879
-0.031
-0.558
-0.692
 0.873
 0.585
-0.718
-0.716
-0.796
-0.796
 0.408
-1.146
-0.957
-0.093
-0.914
-0.807
-0.883
-0.311
 0.680
-0.924
 0.410
 0.396
-1.441
-0.648
 0.696
-0.437
-0.849
-0.640
-0.224
 0.181
 0.912
-0.188
 0.010
 1.425
 1.956
-0.261
-0.858
 0.069
-0.661
 1.183
 0.108
-0.299
-0.337
-0.746
-1.266
 0.123
 0.366
 0.625
 0.195
 1.529
 1.257
-1.049
 1.354
 1.171
 0.443
-0.398
 1.113
-0.284
-1.548
 0.012
-0.839
-0.706
 1.801
 0.451
-0.811
-0.071
 0.279
-0.515
 0.842
-0.932
-0.706
 0.450
 0.450
-0.729
 1.037
 1.361
-0.875
 0.606
 0.169
-0.779
-0.506
-1.484
-1.683
-2.432
-0.547
 0.621
-0.179
-0.339
-0.642
-0.228
-0.374
 0.953
 1.972
 1.165
 0.484
 0.040
 0.239
 2.015
 0.568
 1.355
 0.574
 0.999
 0.366
 0.851
-0.095
 2.397
 0.351
 1.323
-0.233
 0.957
 0.914
 0.586
 1.965
 1.249
 1.091
 1.435
 1.061
 1.780
 2.051
 0.069
-0.653
 0.261
 0.147
 0.792
 2.241
 2.056
 1.334
 1.670
 0.501
 0.833
 2.708
-0.284
 0.192
-0.224
-0.007
 2.069
 0.819
 0.929
 1.742
 0.943
 0.962
 1.652
 0.533
 0.284
 1.157
 0.733
 0.435
 0.979
 0.899
 0.322
 1.479
-0.505
-0.324
-0.173
 1.641
 0.780
 0.550
-0.452
-0.184
 1.270
-0.399
 0.896
 0.506
 0.338
 0.801
 0.119
 2.286
 1.543
 0.372
 0.182
 0.795
 0.482
 1.049
-0.023
 0.039
 1.063
 0.816
 2.854
 1.867
 0.103
 0.099
 1.538
-0.412
-0.105
-1.003
-0.445
 0.828
 1.724
 0.707
-0.111
 0.662
 0.200
 0.687
-0.100
-0.189
-1.337
-0.796
 0.344
 1.929
 0.327
 0.291
 0.397
 0.090
 0.915
 1.401
 0.677
-1.806
-0.215
 0.123
 0.789
-0.424
 1.167
-1.276
 0.348
 0.842
 0.604
 0.393
 0.610
-0.218
 0.995
-0.538
-0.946
 0.428
-0.591
-1.263
-1.246
-1.119
 0.608
-1.319
-0.241
 1.330
 1.396
 1.845
 0.030
 1.033
-0.061
 0.394
 0.590
 0.690
 1.351
 0.016
 1.028
 1.393
 1.691
 1.475
-0.301
 1.165
 1.152
 1.653
 2.320
 0.588
 0.726
 1.005
 0.827
 1.939
 0.276
-0.937
-1.356
 0.462
 0.416
 0.794
 0.616
 1.243
 2.331
 0.380
 1.164
-0.288
 0.083
-0.436
 1.738
 1.511
 1.437
 0.074
-0.261
 1.288
 1.413
 1.000
 0.998
 0.219
 0.398
-0.266
-1.209
-0.584
-0.746
-0.273
-0.972
-0.232
 0.111
 0.330
 1.076
 0.408
-0.697
-0.955
 2.319
 0.298
 0.223
 0.513
 0.265
-0.365
 1.534
 0.088
 0.756
 0.032
 0.859
 1.002
 0.564
 0.498
 0.903
 0.549
 0.449
 1.451
 1.246
 0.517
 1.496
 0.957
-0.226
 1.402
 0.520
 2.412
 3.075
 1.107
 1.172
 1.121
-0.313
-0.655
-0.413
-0.701
 0.021
 0.626
 0.118
-0.380
 0.009
 1.197
 1.118
 0.851
-0.046
-0.205
-1.137
-2.246
-1.062
-0.371
-0.543
 0.997
 1.112
 0.621
 1.020
 0.028
 1.414
-0.031
-0.039
-0.617
-0.476
-0.679
-0.069
-1.220
-0.668
-0.641
 0.289
 0.404
 0.026
-0.291
-0.561
 0.087
 1.630
-0.763
 0.781
 0.172
-0.039
-1.431
-0.621
-1.301
 0.515
-0.333
 0.292
-1.827
-0.950
-0.957
-0.082
 0.276
-1.745
 0.366
 1.083
-0.651
-0.113
 1.132
-0.312
 0.823
 0.926
 0.894
 0.338
 0.647
 0.036
 0.878
-1.567
-0.397
 1.285
-0.091
 0.314
 1.381
 0.810
-0.041
 0.035
-0.462
 0.747
-0.629
 0.380
 1.287
 2.602
 0.303
 1.371
 0.994
 1.531
 0.115
 0.559
 0.334
 0.370
-0.747
 0.932
-0.204
-0.666
 1.336
 0.378
 1.835
 1.435
-0.298
 0.619
-0.496
 0.949
 0.796
 1.103
 0.912
 1.335
 1.525
-1.139
-0.851
 0.067
-0.231
 0.759
 0.628
-1.376
-0.500
 0.339
 1.790
 1.309
 1.256
 0.250
 0.276
 0.230
 2.613
 1.830
-0.057
 1.160
 0.654
 0.406
 0.313
 0.324
 1.006
 1.445
 0.602
 1.772
 0.497
 1.813
 0.812
 1.081
 0.958
 1.884
 0.545
-0.109
-0.476
 0.859
 0.268
-0.619
 1.812
 0.662
-1.234
-0.687
-0.382
-0.947
-0.351
-0.548
 0.265
-0.085
-1.438
-0.603
 0.309
-0.581
-0.372
 0.336
 0.112
 0.565
 1.116
 0.131
-0.606
-1.653
-0.328
 0.002
-0.279
 0.099
 0.256
-0.098
 0.824
 0.234
-0.130
-1.169
 0.949
 0.299
-1.202
-0.008
-0.954
-0.979
 0.305
-0.646
-1.029
-0.727
-1.742
-0.311
 0.530
-2.081
-0.026
-1.248
-1.612
-1.011
-0.266
-1.292
 0.410
-0.422
-1.048
-0.348
 2.106
 1.037
-0.088
-0.792
-0.331
-0.126
-0.025
-0.017
 0.998
 0.845
 0.280
-0.402
-0.353
 0.388
 0.851
 0.898
-0.187
-0.090
-0.744
-0.832
-0.504
-0.101
 0.049
 0.793
 0.213
-0.647
-0.188
 1.042
 1.327
-0.130
 0.473
-0.378
-0.189
 0.213
 0.188
 0.294
-0.515
 0.461
 0.545
-0.488
-1.875
-0.503
 0.009
-0.611
-0.374
-0.513
 0.375
-0.059
 0.693
-0.555
 0.002
-0.289
-0.161
 0.636
 0.994
 0.535
 0.914
-0.082
-0.552
 1.655
 1.143
 1.409
 0.496
 0.744
-0.417
-1.134
-1.697
 0.446
 0.398
-0.176
-0.887
-1.250
-0.579
 1.071
 0.939
 0.616
 2.660
-0.029
 0.969
-0.242
-0.257
 1.557
 1.566
 1.217
 0.706
-0.264
-1.118
 0.925
 1.925
-0.010
 0.720
 1.662
 1.194
 1.487
 0.588
-1.564
 1.154
 1.946
 0.020
-0.289
 0.712
 0.586
-1.371
-1.701
-0.405
-0.657
 0.846
 0.263
 1.435
 0.746
 0.959
-0.287
 1.392
 0.606
 0.832
-0.055
 0.673
 0.415
-0.265
 0.526
-0.301
 0.204
-1.050
-0.896
-0.725
-0.480
 1.207
 0.467
-0.221
 0.645
-0.141
-0.153
 0.763
 1.282
 0.678
 0.211
 0.004
 0.589
 0.538
 1.428
 0.655
-0.082
 0.053
-0.417
-0.575
-0.641
-1.081
-0.472
 0.210
-0.066
 0.510
-1.483
-0.267
-0.046
 2.233
 0.410
 0.207
 0.766
 0.078
 0.945
 0.226
 0.101
 0.633
 0.373
-0.259
-0.376
-0.360
 0.677
 0.825
 2.088
 1.159
 1.848
 1.142
-0.621
-0.494
 0.405
 0.504
 0.681
 0.384
 0.206
 0.748
 0.939
-0.226
 1.005
 1.553
 0.848
 2.063
 0.556
 1.790
 1.738
 2.344
 1.324
-0.039
 1.447
-0.499
 0.725
 0.421
-1.549
-0.747
-0.396
 0.608
-1.208
-0.134
-0.331
 1.397
 0.609
 1.063
-0.046
-0.677
 0.782
-0.608
 0.337
-0.386
-0.067
-0.224
 0.844
-0.329
 0.087
 0.547
 0.710
 0.945
-1.182
 0.206
 1.103
 0.530
 0.215
 0.801
-1.431
-0.108
-0.410
 0.032
 1.563
 0.898
 1.323
 0.298
-0.816
 1.849
 0.826
 1.107
 0.428
 0.501
 0.828
-0.516
 0.980
-0.087
-1.344
-0.622
-0.202
 0.241
 0.778
-0.555
-0.327
-1.239
-0.275
-0.067
-0.364
 0.613
-0.483
-1.635
-1.663
-0.758
-1.781
-0.238
-0.656
 0.688
 0.050
 0.298
-1.218
-2.566
-1.452
-1.775
-0.420
-0.021
-1.059
-0.177
-0.041
 0.376
-0.846
 0.633
 0.811
-0.852
 0.001
-0.840
-1.925
-2.579
-2.118
-1.903
-0.738
 0.334
-0.887
 0.701
 1.459
-1.606
-1.314
-1.202
-1.442
-1.717
-0.111
 0.548
 0.102
-0.113
-0.074
-1.002
-0.753
-1.692
-0.971
-2.201
-1.058
-0.975
-0.497
 0.784
-1.381
-1.547
-0.416
-0.831
 0.106
-1.714
 0.422
 0.064
-0.237
-0.429
-0.579
-0.010
-1.047
-0.415
-0.134
-0.617
 0.582
-0.646
-1.355
-0.827
-0.052
 0.402
 0.841
-1.445
-0.452
-1.041
-0.894
 1.071
-0.876
-1.055
 1.025
-0.085
-0.534
-0.791
-0.728
-0.790
-1.157
-1.568
-1.466
-0.706
-0.181
-1.217
 0.589
-0.015
 0.274
-0.802
 0.141
-0.492
 0.147
-0.436
-0.361
-0.765
-0.455
 1.193
-0.817
-0.014
 0.352
-0.209
-0.851
 0.837
-0.088
 0.765
-0.257
-1.142
-0.378
 0.243
-0.725
-0.521
 0.295
-0.367
 0.574
-0.274
-2.315
-0.546
-0.130
-0.511
 0.239
 0.328
 0.190
-1.341
 0.125
-0.701
-0.029
-1.478
-0.620
-1.978
-1.616
-0.875
 0.554
-1.669
-0.701
-1.179
-1.780
-1.414
-0.990
-0.842
-1.858
-0.305
-1.368
-0.005
 0.313
 0.004
-0.801
-2.224
-1.563
-1.541
-0.772
-0.271
 0.534
 0.774
-0.492
 0.279
-1.175
 0.497
 0.136
-1.422
-1.827
-2.101
-1.058
-1.356
-0.825
-1.675
-1.338
-0.178
 0.141
-0.598
-0.496
-0.871
 0.372
 0.241
 0.394
 0.218
-1.531
-1.395
-0.277
-0.612
-0.614
 0.372
-1.094
-0.664
-0.510
-1.453
-1.673
-0.819
-0.522
 1.162
-0.062
-0.921
-1.489
 1.306
 0.036
-0.884
 0.231
-0.369
-1.359
-2.557
-1.391
-0.831
-0.142
-0.742
 0.110
-0.158
 1.007
-0.522
 0.854
-0.506
 0.373
 0.366
 0.528
-0.315
 0.410
 0.175
 0.057
-0.356
-0.111
-1.126
-0.022
-0.840
-0.571
-1.147
-0.553
-0.150
 0.148
 0.539
-0.358
 0.759
 0.096
-1.723
-1.145
-0.331
-0.914
-1.515
 0.188
 0.597
 0.099
 1.342
 0.958
 0.896
 0.544
 0.637
 0.460
-0.081
-0.001
-0.178
 1.324
 1.211
-0.177
-0.900
-0.366
-0.069
 1.047
-0.433
-0.196
 0.424
 0.042
 0.121
-0.020
-0.762
 0.110
 0.877
-0.501
-0.407
-1.152
-1.171
 0.859
 0.289
-2.082
-0.786
-1.742
-1.728
-2.849
-0.696
-0.376
-1.103
-0.425
 0.357
 0.912
 1.260
 0.813
-0.243
 1.118
-0.923
-0.241
-0.329
-0.529
-1.374
-0.186
 0.666
 1.474
 0.708
 0.044
 0.959
-0.477
-1.626
-1.195
-1.129
-0.702
 0.038
 0.387
-0.949
-0.537
 1.079
-1.074
-0.624
-1.235
-1.755
-0.804
-0.654
-1.286
 0.056
-2.201
-1.108
-1.443
-1.089
-1.330
-1.740
-1.645
-1.458
-0.278
-1.234
-0.195
 0.517
 0.116
-0.372
-0.236
-0.509
-0.688
-0.876
-1.245
-0.989
-1.299
-2.215
-1.111
-0.833
-0.391
-0.977
-0.184
-1.094
-0.506
-1.035
 0.143
 1.408
 0.291
 0.012
-0.094
 1.228
 0.654
 1.124
-0.582
-0.204
-0.404
-0.157
-0.602
-0.579
-0.464
-1.508
-1.673
 0.224
-0.790
-0.249
-0.941
 0.598
 0.106
-0.346
 0.721
-0.858
-1.013
-0.919
-1.480
 0.525
-1.561
-1.417
-1.854
 0.358
 0.566
-0.414
 1.101
 0.797
 1.209
 2.045
 1.036
 1.267
 1.086
 0.162
 0.944
 0.615
 0.077
-0.879
-1.239
 0.600
 0.341
 1.739
-0.185
 1.906
 2.542
 0.266
-0.055
 0.099
-0.249
 1.482
-0.286
-1.267
-0.510
-0.375
-0.727
-0.925
 0.543
 0.871
-0.580
-1.244
 1.196
 0.522
 0.836
-1.119
-0.377
-0.211
-0.998
-1.493
-0.861
-0.517
-0.233
 0.262
 0.805
 1.293
 1.274
-1.094
-1.198
-1.161
-0.898
-1.792
-0.337
 0.351
 1.273
 0.947
 0.137
-0.877
-0.003
 0.567
-0.163
-0.146
 0.566
 0.704
-0.650
 0.108
 0.962
 0.104
 1.903
-0.344
 1.739
-0.018
-0.318
-1.078
-0.627
 0.762
 0.682
-0.603
 0.203
-0.094
 1.473
-0.316
-1.311
 0.450
-1.753
 0.829
-0.230
 0.683
-0.976
 0.283
 0.962
 0.972
 0.668
 1.376
 1.862
 1.472
 0.920
 1.055
-0.044
 1.893
 0.830
 1.004
 1.188
 0.509
 0.587
-0.120
 1.430
 1.877
 1.414
 1.979
 1.102
 1.078
 0.493
 0.146
 2.851
 1.752
-0.235
 1.018
 0.406
 0.308
 0.557
-1.082
 0.977
 0.095
-1.187
-1.182
-0.469
-1.372
-0.152
-1.030
-1.022
-0.899
-0.562
-0.130
-0.274
-0.276
 0.338
 0.833
-0.316
-0.746
-0.292
-0.690
-1.627
-1.742
-0.068
 0.139
-0.353
-0.142
 0.961
-0.079
-1.235
-0.950
 0.431
-1.793
-0.966
 0.490
 0.942
-0.496
-0.204
 0.233
-1.059
-0.127
-0.759
-1.191
-3.510
-1.570
-0.624
-0.226
-0.201
 0.166
-1.590
-2.060
-1.212
-0.355
-1.480
-1.534
-0.950
-0.206
-0.611
-1.341
 0.012
-0.362
-0.361
-0.921
 0.070
-2.333
-2.193
-1.417
-0.953
-0.717
-2.234
-1.439
-1.342
 0.000
 0.880
 0.557
 1.090
 1.971
 1.178
 0.367
 0.969
 0.876
-0.473
-1.770
 0.314
-0.096
-0.182
-0.682
 0.228
 0.853
-0.484
-0.957
 0.001
-0.776
-0.393
 0.452
-0.149
-0.530
-0.384
 0.596
-1.165
-1.342
 0.276
 1.082
-0.838
-0.168
-1.703
-0.669
 0.013
 0.297
 1.297
 1.086
 0.159
-0.770
 0.688
-0.140
-0.389
-1.084
 1.020
-0.643
-0.570
-0.218
-0.294
 0.293
-1.423
-0.791
-0.705
-0.485
-0.431
-1.566
-1.110
-0.035
 0.585
 1.155
 2.082
 1.097
 0.623
 0.211
-0.155
 0.409
 0.145
-0.858
 2.564
 0.743
 0.483
-0.086
 1.202
 1.329
 2.015
 1.382
 0.977
 0.877
-0.068
-0.694
-0.201
-1.111
-0.862
-1.361
-0.377
-0.425
-0.317
 1.190
-0.268
-0.763
 0.775
 1.351
-0.248
 0.769
 1.024
 0.014
 0.842
 2.649
-0.002
 0.245
 1.879
-0.052
-0.853
-0.194
-0.670
 0.522
 0.306
-1.135
-1.073
-0.520
-1.013
-0.225
-1.047
-1.424
-0.003
 0.258
-0.592
-0.164
 0.543
 0.565
-0.249
 0.267
 1.931
 0.638
-0.594
-0.006
-0.542
 0.048
-0.539
-0.591
-0.897
-0.670
-0.048
-0.694
 0.226
-0.515
 0.084
-0.074
 1.294
 0.583
 0.749
 0.574
 0.850
-0.308
-0.043
 0.641
 1.488
 1.282
 0.626
 1.471
 1.201
 0.086
-0.108
 0.627
 0.458
 1.110
-0.474
 0.734
 0.459
 0.255
-1.551
-0.591
 0.233
-0.954
 0.020
 0.019
 0.086
 1.731
-0.253
-0.735
 0.233
-0.032
 0.469
 1.194
 0.024
 0.640
-0.901
 0.852
 0.041
 0.978
 0.764
 0.962
 0.415
-0.393
-0.410
-0.266
-0.998
-1.159
-0.861
-0.277
-1.184
-0.725
 0.513
 0.560
 0.722
 1.194
 1.203
 1.069
-0.165
-0.049
-1.044
 0.032
 0.410
-0.367
 0.857
 0.255
 0.297
-0.865
 0.729
 0.743
 0.590
-1.100
-0.113
 1.477
 1.667
-0.827
 0.935
 0.021
-0.468
 0.030
 1.898
 0.551
 1.177
 0.453
-0.701
 0.247
 0.279
 0.030
-0.628
-0.682
-0.633
-0.245
-0.747
-1.267
 0.361
 0.514
-0.387
-0.385
 0.992
-0.623
 1.423
 0.000
 1.341
-0.200
 0.415
-0.691
 0.139
 0.810
 1.841
-0.471
 0.726
 0.336
 0.443
 1.115
 0.184
 1.638
 2.661
 2.003
 2.044
 2.709
 1.725
 1.063
 2.467
 2.374
 0.976
 1.616
 0.616
 0.456
 1.283
 0.812
-0.120
 0.365
-0.432
 0.835
 0.310
 1.755
 1.733
 0.380
 1.529
 0.400
-0.413
 1.090
 0.493
 0.007
-0.424
 0.275
 0.581
 0.057
 0.191
 0.423
 1.479
 0.210
 0.137
 1.001
-0.186
-0.623
 0.504
 0.879
 1.280
-1.316
 0.515
 0.124
-0.858
 0.584
 0.764
 1.578
 0.982
 2.147
 1.554
-0.021
 1.277
 0.770
 0.503
 0.639
 0.536
-0.385
 1.554
-0.006
-1.295
-1.044
 0.384
-0.605
-0.380
 0.389
 0.497
-0.025
-0.111
-1.159
-0.540
 0.745
 1.376
 1.059
-0.493
 0.188
 0.821
 0.649
 1.379
-0.115
 2.198
 1.225
 0.565
 1.472
 1.532
 0.150
 0.193
 2.174
 2.379
 2.166
 2.009
 0.255
 0.941
-0.142
 0.835
 0.913
 0.564
 0.383
 0.659
-1.697
-0.435
 1.771
 1.207
 2.524
 1.005
 0.550
 0.670
 0.615
-0.719
-0.726
 0.288
-0.782
 0.651
-0.021
-0.226
 0.198
 0.473
-1.419
-0.997
-0.888
-1.233
-1.343
 0.105
-0.084
-0.707
-0.755
-0.392
-1.853
 0.515
-0.694
 0.115
-0.246
-0.474
-1.810
-0.068
-1.347
 1.209
 0.060
-0.789
 1.618
 0.456
-0.641
-0.411
-0.357
 1.027
 1.124
 0.553
 0.222
 0.113
-0.969
 0.847
-0.689
 1.649
 0.409
 1.109
 1.850
-0.150
-0.445
 1.043
 0.481
-2.014
-1.233
-1.093
 0.064
-0.718
-1.028
-1.426
 0.338
 0.532
-1.304
-0.692
-0.697
 0.472
 0.286
-1.265
 0.078
-0.092
-1.312
-0.219
-1.551
-0.967
-0.202
-0.720
-0.746
-0.438
-0.507
-0.634
 0.591
-0.338
-1.745
-0.844
 0.059
-0.642
-0.500
 1.128
 0.226
-0.052
 1.168
-0.349
 1.185
 0.796
 0.283
 0.567
 1.537
 0.267
 0.723
 0.187
-0.142
 1.180
 0.591
 1.034
 0.211
 0.730
 1.630
 0.237
-2.192
-1.077
-0.033
-1.428
-0.045
-0.915
-1.079
-1.678
-0.155
-1.680
-1.726
-1.858
-3.236
-1.681
-0.791
-1.988
-0.852
-1.180
 0.156
-1.296
 0.133
 0.315
 0.686
-1.530
 0.618
-0.296
 0.445
-0.116
 0.008
-1.008
 0.620
-1.222
-2.116
-1.368
-0.481
-1.828
-0.549
 1.167
 0.859
-0.288
-0.541
-0.652
-1.468
-2.050
-0.523
-1.343
-0.059
-1.317
-0.169
-1.288
 0.539
 0.436
 1.621
 0.606
 0.965
 0.479
-0.956
-0.769
 0.361
 0.778
-0.785
-0.798
 0.941
 0.115
-0.727
-0.617
-0.871
-0.991
 0.842
 0.684
 1.098
-0.032
 0.656
 2.785
 2.539
 0.508
-0.476
-1.742
-0.029
 0.409
-0.689
-0.068
 1.869
 0.762
-0.185
-1.138
 0.132
 0.782
-0.357
 1.084
 1.353
 0.474
-0.476
-0.193
 0.167
 0.773
 1.232
 0.578
 0.538
 1.031
 0.794
 0.035
 1.408
 1.251
 0.076
-0.818
 0.650
-0.140
-1.060
-0.091
 0.418
 0.705
 2.141
 2.492
 0.461
-0.333
 0.177
 0.473
-0.688
 1.442
-0.206
 0.222
 0.993
 1.937
 0.217
 0.172
 0.103
-0.923
 1.047
 2.086
 1.765
 0.990
 2.432
-0.853
 0.859
 0.477
-0.654
 0.125
-1.304
-0.929
-2.263
-0.489
 0.396
-0.835
 0.802
 0.353
 0.895
-0.709
 0.156
 0.185
 0.106
-0.041
-0.193
 0.979
 1.083
-0.841
-0.448
 1.143
 0.469
-0.416
 0.137
 0.029
 0.171
 0.979
 0.641
 0.399
 0.489
 1.146
-0.135
 0.746
 0.608
 0.796
 0.311
-0.041
-0.353
-0.733
 0.531
 0.010
 0.245
-0.694
 0.686
 0.628
-0.868
 0.373
 0.430
-0.641
 0.506
-0.339
 0.786
-2.408
-0.641
-0.161
 0.165
 0.039
-0.925
 0.910
-1.819
 0.398
 0.079
 0.178
 0.255
-0.880
-0.050
-0.241
-1.266
-0.593
-1.426
-0.199
-1.026
-1.542
-0.128
 0.426
-0.479
-0.041
-2.152
-1.719
-1.353
-1.140
-2.056
-0.357
-0.416
 1.309
 1.042
 2.087
-0.081
-0.222
-0.298
-0.810
-1.749
-0.519
 0.152
-2.045
-2.114
-0.054
 0.356
 0.636
-1.473
-1.546
-1.078
-0.336
-0.278
-1.390
-1.696
-0.859
-1.244
 0.344
-3.011
-2.378
-0.098
-0.495
-1.643
-0.078
-0.920
-0.669
 0.372
-1.234
-0.044
 0.814
 1.109
 1.489
-0.680
 0.684
-1.654
-1.132
-0.012
 0.778
-0.638
-0.050
 0.071
 0.577
 1.235
-0.353
-0.768
-1.143
-0.723
 1.195
 1.405
-0.196
-0.239
 1.034
 0.120
 1.918
-0.570
 0.044
 0.573
-0.105
-0.450
-0.035
 0.215
 0.311
 1.189
 0.430
 0.464
-0.878
 0.798
 0.485
 0.791
 1.691
 0.662
 1.270
 0.338
-0.538
 0.097
 0.160
 0.643
 0.572
 0.005
 0.631
-0.701
 0.097
 0.515
-0.439
-0.617
-1.055
-1.257
 1.022
 0.108
-0.666
 0.373
-0.271
-0.577
 0.914
 1.354
-0.528
 0.461
-1.169
 0.030
-1.356
 2.301
 1.008
 0.828
 0.610
 0.878
 0.657
-0.699
 0.141
-0.100
 0.240
 0.985
 0.658
 0.584
 1.241
-0.094
-0.308
 0.243
 1.088
 0.090
-0.849
 0.720
 0.370
 1.671
-0.576
 0.261
-0.066
-0.101
 0.903
-0.175
-0.335
-0.836
-0.267
 0.991
 0.705
-1.193
 0.652
 1.110
 0.844
-0.566
 0.771
 0.194
 1.330
 0.697
-0.860
-0.707
-2.005
 0.315
-0.059
-0.180
-0.049
 0.407
-1.498
 1.919
 1.305
 0.640
 0.190
 1.830
 1.384
 0.518
-0.439
 0.552
-0.046
 0.180
-0.827
 0.653
 1.000
 0.372
-0.435
-0.044
-0.434
-0.699
 0.839
 0.452
-0.976
-0.650
-1.724
 0.024
 1.083
 0.504
 0.374
-1.318
 0.260
 0.250
 1.022
 0.326
 0.067
-0.577
-0.538
 0.324
 0.445
 1.545
 0.162
 0.771
-0.009
 1.239
 0.135
-0.395
 1.036
 0.316
-0.990
 0.470
 0.425
-0.786
-0.694
 0.049
-1.746
-0.805
 1.040
-0.290
 0.258
 1.633
 1.441
 0.193
 0.010
-0.013
-1.035
 0.546
 1.121
-0.334
 0.062
-1.460
-0.829
-2.232
-0.420
 0.521
-0.834
-0.777
 0.075
-1.331
-0.751
-0.990
 0.151
 1.593
 0.546
-0.962
-1.529
-0.720
-0.666
-1.673
-0.967
 0.139
 0.500
 0.049
-0.002
-0.081
-0.308
-0.658
-0.064
-0.127
-1.351
-1.020
 0.066
-0.208
-0.659
-1.515
-1.837
-0.719
-1.062
 0.337
 1.610
-0.331
-1.420
-1.787
-0.632
-1.686
-3.062
-2.544
-2.450
-0.772
-1.471
-0.892
-0.433
-1.599
-0.003
 0.554
-0.317
-1.513
 0.459
-0.990
-1.511
 0.520
-0.887
-1.609
 0.242
-0.325
 0.892
-1.388
-0.593
-0.471
-0.917
-0.988
-0.290
 0.251
-0.818
-1.881
-1.714
 0.486
-0.898
-1.757
 0.106
-0.510
 0.246
 0.297
 0.579
-1.928
-0.234
-0.824
 0.381
 0.665
-0.083
 0.461
 0.533
-0.615
 0.320
-0.259
 0.430
 1.203
 0.124
 0.966
 0.278
-0.967
-1.193
-0.186
-0.502
-1.751
 0.204
-0.750
-0.533
-0.565
-0.937
-1.431
-0.058
-1.922
-0.647
-1.132
 0.751
-1.273
 1.160
 0.273
-1.830
-1.175
-0.315
-0.214
-0.196
-0.850
-0.628
-0.313
-2.079
-1.084
-1.989
-0.368
-0.564
-0.582
 0.318
-0.940
-2.015
-1.191
-1.764
-1.011
-0.976
 0.100
 0.618
 1.156
-0.121
 0.785
-0.651
 0.962
-1.362
 1.248
 0.033
 1.344
 1.043
-1.080
-0.674
-0.169
-1.312
-0.726
-1.342
-1.653
-0.107
-0.588
-0.752
-1.546
-0.586
 0.468
-0.012
 0.209
-0.761
-0.808
 0.198
 1.015
-0.765
 0.182
-0.048
 0.965
-0.683
 0.030
-0.871
-0.424
 0.288
-1.168
-0.961
-0.468
-0.057
 1.252
 2.113
 0.410
 2.034
 2.092
 0.667
 0.028
 0.566
-0.986
-0.993
 0.887
 1.201
 0.622
-0.928
-0.272
-0.823
-0.730
-0.347
-1.577
-0.196
-0.347
 0.161
 0.034
-1.396
-1.504
-1.307
 0.061
 0.468
 1.332
 0.375
-0.052
-1.126
-0.002
-0.178
-0.369
-0.592
-0.961
-0.398
-0.505
 0.838
 1.005
 1.322
 0.907
 0.013
 0.201
-0.537
 0.164
-0.616
-0.585
-1.917
-1.293
-1.630
-0.874
-0.542
 0.135
 0.489
 1.400
 1.080
-0.129
-0.294
-0.023
-0.634
-1.319
-1.499
-0.969
-0.250
 0.838
-0.371
-1.126
-1.417
-0.571
-0.551
 0.797
 0.730
 0.229
 0.447
 1.467
-0.060
 1.893
 0.621
 1.317
-1.216
-0.706
 0.509
 0.272
-0.663
-3.432
-0.694
 0.469
 0.188
-1.176
-0.394
-0.352
 1.329
-0.426
-0.815
-0.850
-0.432
 0.296
-0.162
-0.666
 0.533
-0.467
 0.798
 0.433
-0.317
-0.614
-0.118
 0.555
 0.375
-0.904
 0.876
-0.043
-1.095
-1.272
 0.508
 0.556
-0.019
 1.334
 1.195
 2.031
 0.186
 0.604
-0.248
 0.107
-0.733
-0.132
 0.414
-0.932
-0.564
 0.685
-0.202
 0.162
 0.074
 0.442
-0.219
-1.839
-1.849
-1.508
-0.420
 0.958
 0.655
 0.451
 0.337
 0.011
 0.095
 1.213
 0.092
 0.847
 1.789
 0.988
 2.018
 1.735
 0.327
-0.204
 0.648
-0.155
 0.227
-0.172
 0.875
 1.539
 0.304
 1.588
 0.163
 1.012
 0.365
 2.027
 1.512
 1.407
 1.537
 0.834
 0.998
 0.407
-0.421
 0.328
 0.063
-1.200
-0.990
-1.249
-0.149
 0.935
-0.138
-1.165
 0.430
 0.787
-0.730
-0.026
 0.564
 0.648
 0.779
 0.741
 0.300
 0.473
 1.119
-0.084
-0.977
 0.520
-0.250
-1.065
 0.383
 0.317
 0.551
-0.525
-0.695
 0.632
 2.174
-0.085
 0.547
 1.939
 0.018
 1.105
 0.380
 0.626
 0.461
-0.695
-0.618
-2.087
 0.213
-0.083
 0.316
 0.810
-0.458
-1.127
-0.081
-1.617
-0.945
-0.922
-0.271
 0.076
 0.418
 0.357
-0.738
-1.205
-1.027
-1.733
-0.560
-0.535
-0.309
-0.105
 0.166
-0.241
-0.504
-1.100
 1.236
 0.952
 0.829
 1.422
 0.791
 1.006
 1.257
 0.768
 0.858
 0.604
 0.299
 1.369
 0.298
 1.682
 0.361
 0.416
 0.039
 0.696
 0.798
-0.341
-0.506
-0.763
 0.313
 1.654
 2.187
 1.883
 0.503
 0.137
 0.221
 1.865
 2.281
-0.381
 0.516
 0.192
-0.624
 1.009
 1.327
 0.809
 0.516
 1.040
-0.152
 1.205
 0.294
 1.401
 0.816
 0.573
 1.505
 0.776
 0.594
 0.147
-1.087
 0.333
-1.354
-2.345
 0.248
-0.110
 0.135
-0.570
-1.141
 1.237
 0.296
-0.912
-0.421
 0.761
 1.078
-0.172
-0.053
-0.106
 0.390
-0.646
-1.265
 0.173
 0.958
 0.798
-0.250
 0.554
-0.787
-0.709
-0.673
-0.868
-0.637
-0.614
 1.496
 0.106
-0.956
-1.265
 0.119
-0.181
 2.237
-0.355
 1.946
-0.467
-0.519
-0.582
-0.150
-1.057
-2.036
-2.169
-1.821
-0.699
 0.470
-0.139
 0.352
-0.816
 0.736
 1.296
 0.827
 0.366
-0.185
-0.338
-0.484
 0.497
 1.427
 1.626
 1.134
 0.147
 0.678
 0.091
 0.753
 1.404
 0.160
 0.755
 0.511
-0.729
-0.658
 1.388
 0.512
 0.605
 0.822
 0.732
-0.161
-0.082
 0.740
 0.048
 1.844
 0.060
-0.579
 0.150
-0.181
 1.056
 0.347
 1.099
 1.612
 2.315
 2.584
 2.104
 0.706
 0.450
-0.365
-2.019
-0.600
-1.076
 0.126
 0.473
 0.215
-0.976
-0.749
-0.542
-1.333
-1.249
-0.447
-1.167
-0.452
 0.533
 0.081
-1.089
 0.481
 0.215
-0.851
-0.337
-1.686
-0.458
-0.370
 0.569
 0.899
-0.099
-0.235
-0.151
 0.560
-0.014
-0.178
-0.731
 0.116
-0.837
-1.424
-0.444
-1.430
 0.509
-0.234
-1.225
-0.071
-0.932
-1.503
 0.004
-0.613
-1.076
-0.035
-0.746
 0.904
 0.507
 0.397
 1.095
 0.463
-1.106
 0.143
-1.295
-2.160
-1.282
-1.163
-0.306
 1.910
 0.867
-0.520
-0.244
 0.809
 1.251
 0.411
 2.314
 0.633
 1.551
 1.482
 0.682
 0.315
 0.381
 0.203
-0.365
-0.289
 0.679
-0.274
 0.429
 0.506
 1.252
-0.206
-1.085
-0.175
-0.401
 1.127
 0.646
 1.066
 0.689
 0.362
 1.001
 1.156
 0.865
 0.676
 0.090
 1.950
 1.505
 0.585
 0.909
-2.264
-0.174
-0.419
-0.079
 0.980
 0.514
 0.271
-0.286
 0.283
-0.992
-1.666
-1.029
 0.203
 0.473
-0.200
 1.431
-0.221
-1.709
 1.604
 1.343
 1.410
 1.297
 0.138
 0.038
 0.484
 1.551
 2.031
 0.497
 0.424
 1.270
 1.350
 0.612
 0.806
 0.201
-1.469
 0.349
-0.011
 0.892
 1.646
 1.566
 0.395
 0.120
 0.931
 1.297
 1.752
 2.211
 0.056
-0.006
 0.250
-0.313
-0.322
 1.363
 0.403
 0.632
 1.778
 0.289
 0.586
 1.132
 1.362
 1.274
 2.560
 0.662
 0.035
 1.287
 1.480
 2.302
 2.011
 1.407
 0.387
 0.808
 0.595
 0.338
 0.741
 0.232
-0.426
-0.247
-1.011
-1.817
-0.565
 0.449
-1.407
 0.516
 0.248
-0.147
-0.031
-0.216
-0.451
-0.548
-0.374
 0.255
 0.279
 0.210
 0.633
 0.089
 0.501
 0.479
-0.238
-0.676
 0.768
-0.703
 0.573
-0.238
-0.097
-0.305
 0.718
 0.431
-0.181
-0.256
-0.442
-1.397
-0.322
 0.007
-0.505
 0.822
 0.507
 0.446
-0.812
 0.398
-0.004
 0.380
-0.521
-0.739
-0.203
-0.223
-0.601
-0.576
 0.001
 0.714
-0.724
-0.441
 0.950
 1.248
 0.423
 0.635
-0.692
 1.196
 0.119
-0.346
-0.284
-0.355
-0.180
-0.271
-0.748
 1.220
-0.693
 0.418
-0.884
 1.210
 1.318
 0.184
 0.383
-0.306
-0.269
-0.169
-0.086
-0.033
-0.726
-1.696
-0.911
-0.222
 0.133
-0.191
 0.483
 1.380
-1.165
 0.812
-0.216
 0.317
-1.381
-0.082
 0.620
 0.067
-0.001
-0.414
-1.535
-0.889
-0.262
 1.120
 0.866
 1.437
 1.310
 1.552
 1.265
 1.245
 1.750
-0.754
 0.944
-0.026
 0.880
-0.356
 0.367
-0.703
 1.024
 0.417
-0.088
-0.291
 0.990
 0.266
-0.032
 0.574
-0.075
-0.697
 0.198
-1.087
-0.837
-0.708
 0.115
-0.054
-0.027
 0.221
 0.913
 0.424
-0.757
-0.662
 0.123
 1.591
 1.270
 0.381
 0.156
 1.782
 0.562
 0.351
 1.336
 1.050
 1.588
 1.921
-0.553
 0.926
 2.434
 0.317
 0.888
 1.610
 0.290
 0.893
 1.955
 0.381
 1.875
 0.328
 1.714
 0.435
 1.374
 1.286
 1.024
-0.215
 0.413
 0.752
-0.158
 0.092
 2.172
 1.136
 2.137
-1.114
-0.640
 0.476
 1.493
 1.171
-0.252
 0.150
 0.282
 0.037
 0.894
-0.529
 0.239
-0.226
 1.380
 0.962
 1.639
 0.050
-0.312
 0.494
-0.667
-2.136
-0.671
 0.527
-1.041
 0.650
-1.079
-2.826
-1.974
-2.216
 0.889
 0.419
 0.275
-0.107
 0.552
 0.590
 0.936
-0.429
-0.593
-1.520
-1.089
 0.100
-0.097
 2.190
-0.846
 0.503
 0.407
-0.939
-1.384
-1.446
-1.389
-0.577
-1.100
-1.799
-0.695
-0.736
-1.453
-0.414
-0.999
-1.409
-0.346
-0.661
 0.354
-1.043
-0.831
 0.324
 0.788
-0.687
-0.341
 0.298
-0.017
-1.052
-1.241
-0.806
 0.390
-0.638
-0.201
 0.809
 0.394
 1.156
-0.341
 0.600
-0.201
-0.843
-0.250
 1.133
 0.128
-0.473
-1.047
 0.158
-0.068
-0.043
 0.469
 0.763
 0.396
 1.441
 1.530
 0.829
 0.937
 0.382
 0.838
 0.747
 1.086
-0.119
 0.854
 0.350
 0.698
 1.106
 0.623
 1.053
 1.707
 0.211
-0.121
 1.470
-1.162
-0.344
 0.655
-1.544
-0.769
 0.419
-0.425
-0.171
-1.002
-0.629
-1.402
-0.952
-2.213
-2.030
-0.726
 0.078
 0.581
 0.487
-0.053
-0.283
-0.250
-0.553
-0.897
-2.306
 0.130
 1.143
 1.004
-0.270
-0.834
-0.479
-1.452
-1.610
-1.121
 0.087
 0.573
-0.661
 0.157
-0.042
 1.273
 2.041
-0.911
-1.586
 0.636
-0.339
-1.286
-0.121
 0.270
 1.443
 0.478
 0.665
-1.046
 0.045
 1.494
 0.677
 0.078
 2.387
 1.671
 1.447
 0.820
-1.695
-0.582
 0.296
-0.973
 0.273
-0.447
 0.959
 1.595
 1.929
 0.406
 1.801
 0.779
 0.441
 1.361
 0.960
 1.511
 1.085
 1.606
 1.812
 0.310
 0.332
-0.758
-0.046
 0.376
 1.119
 0.754
-0.046
 0.669
 0.609
 0.242
-0.251
-0.121
 0.362
 0.549
-0.216
 0.502
 0.348
 0.244
 0.462
 0.869
 0.931
 1.354
 1.736
-0.440
-0.780
-1.350
-0.595
 0.102
 0.229
 0.989
-0.212
-1.073
-2.315
-1.346
-0.471
 0.744
 0.584
-0.863
-0.095
 0.655
-0.825
 0.228
 0.164
 0.110
-0.327
-2.028
-1.390
-1.203
 0.032
-0.748
-1.166
-0.564
 0.303
 0.535
-1.462
-2.245
-1.124
-1.559
-0.396
-0.790
-0.426
-0.705
-1.170
-0.742
 0.537
 0.973
 0.437
-0.400
-0.943
-1.162
-0.041
 0.448
-0.169
 0.471
-0.922
 0.368
 1.069
-0.480
 0.432
-0.324
 1.220
-0.398
 1.237
-0.539
 0.621
 0.152
 0.377
 0.364
 1.607
 1.446
 2.621
-0.003
 0.448
-1.316
-1.099
-2.044
-3.012
-1.858
-1.618
-1.573
-1.200
 0.431
-0.856
-0.564
-1.203
-1.016
-2.012
-1.715
-1.047
 0.023
-1.688
-1.742
-0.892
-1.456
-2.054
-1.753
-0.403
-0.251
 0.249
-0.294
-0.422
 0.639
-0.200
-0.498
-0.658
-0.110
 0.306
 1.624
-0.324
-0.577
 0.092
-0.252
-0.141
 0.370
-0.814
-0.017
-0.465
 0.593
-0.623
-0.736
 1.381
 1.114
-0.493
-1.567
 0.538
-0.368
 0.105
-0.168
-1.363
-1.142
-1.858
-1.442
-0.682
 0.749
-1.005
-2.033
 0.919
 0.650
 0.183
-0.003
 0.140
-0.350
-0.002
 0.080
-0.098
 0.012
 1.966
 0.706
 1.314
 0.733
-1.949
-0.090
-0.970
-0.844
-0.279
-1.027
-0.437
 1.248
-0.688
 0.875
-0.088
 0.389
 1.066
 0.376
 0.131
-0.384
 0.396
 1.148
 0.410
-0.170
 1.898
 1.880
 0.737
 0.539
-1.099
-1.398
-1.169
-0.204
-0.726
 1.061
-2.294
-1.780
-1.590
 0.038
-0.062
 0.000
-0.241
-1.343
-1.168
 0.384
-0.171
-1.302
 0.881
-0.126
 0.502
-0.207
 0.482
 0.011
 1.090
 0.843
 0.999
 0.444
 0.604
 0.286
 0.576
 0.712
-0.566
-1.016
-1.808
-0.666
 0.520
 1.640
-0.791
-0.799
 0.347
-1.438
-1.232
 0.385
 0.814
-0.719
-1.515
-0.208
 0.210
-0.966
 0.550
 0.184
-1.121
-1.404
-0.093
 0.631
-0.575
-1.826
-0.476
-0.147
-1.350
 0.916
 1.472
-1.576
-1.721
-2.612
-2.596
-0.654
-1.637
-1.154
-1.861
-0.235
 0.246
 0.561
-0.035
 0.099
 0.316
 0.139
-0.954
-2.278
-2.570
-0.846
-1.060
-0.378
-1.285
-1.542
-1.096
-0.993
-0.041
-1.156
-1.377
-1.302
-1.373
-1.367
-1.495
-0.434
-1.542
-1.230
-0.574
-0.508
-1.301
-1.478
-1.554
-1.318
-1.932
-2.345
-2.610
-2.553
-1.551
-1.647
-0.853
-0.416
 0.003
 0.807
 1.515
-0.806
-0.921
-0.712
 0.463
 0.226
-0.717
-0.330
-0.653
-1.321
-1.814
-1.253
-1.116
-1.063
-0.794
-0.134
-0.196
-1.214
-2.389
-2.241
-3.108
-1.254
-2.641
-2.288
-1.985
-1.295
-3.413
-2.356
-1.298
-0.956
-0.925
-0.410
-0.092
 0.074
-0.542
-1.395
-0.990
 0.789
-0.025
-0.008
-0.014
 0.555
 0.980
 0.793
 0.358
-0.776
-0.286
-2.062
-1.044
-0.484
-1.574
-1.430
 0.103
-0.430
 0.764
-0.388
-0.163
-0.893
-1.965
-0.258
 0.001
-1.346
-0.752
-1.731
-0.576
-1.326
-0.169
-2.189
-1.371
 0.254
 0.592
 0.678
-1.021
 0.159
-0.031
-0.233
 0.011
-0.540
 0.262
-0.288
-0.803
-1.019
-0.633
 0.197
-1.315
 0.333
-0.539
-0.638
-0.807
-1.135
-1.098
-1.675
-0.473
 0.187
-1.726
 0.151
-0.344
-1.247
-0.131
-1.950
-0.004
-0.025
 0.850
 0.873
-1.026
-0.299
-0.759
-0.820
-1.046
-0.720
-1.564
-1.999
-1.499
 0.436
-1.619
-0.371
-1.012
 0.014
 1.439
 1.415
 0.931
-0.104
-0.230
-1.329
-0.654
 0.090
 0.064
 1.153
 0.851
-0.818
 0.054
 0.067
-1.025
-0.963
-1.588
-2.335
-0.547
-1.750
-1.515
-0.793
-0.739
 0.305
-1.575
-1.252
-0.098
-0.112
-1.272
-1.837
-2.113
-0.381
-0.162
-1.357
-0.728
-1.096
-1.323
 0.004
-0.335
 0.410
-0.024
 0.020
-1.009
 0.824
 0.083
-0.646
-0.410
 0.513
-0.412
-0.780
-1.451
-1.102
 0.669
-0.387
 0.384
-0.072
-0.212
-0.145
 0.324
-0.632
-1.291
-0.447
 0.414
 0.913
 0.608
-1.458
 0.312
 1.052
-0.335
 0.309
-0.859
 0.830
 1.229
-0.466
-0.033
-0.067
-0.133
 0.002
 1.174
-0.286
-0.024
-0.134
-0.080
 0.291
 0.771
 0.259
-0.335
 0.045
-0.146
 0.005
-0.941
-0.532
 0.290
 0.406
 0.168
 0.748
-0.318
 0.250
-0.961
 0.984
-0.263
-0.180
 0.377
 0.623
 0.578
-0.241
 0.029
-0.270
 0.394
 0.731
 1.352
 1.291
 2.421
 1.425
 1.117
 0.143
 0.926
 0.080
 0.760
-0.912
 0.696
-0.566
-0.464
-1.146
-1.064
-1.093
-0.867
-0.283
-0.187
 0.072
-1.172
-0.052
-1.258
 0.023
-0.375
-0.065
 1.074
 0.170
-0.352
-0.083
 0.219
-1.528
-0.594
-0.277
-1.192
-0.728
-1.794
-1.355
-0.550
 0.151
-0.559
 0.078
-0.608
-1.022
-0.102
-0.694
-0.144
-0.170
-0.383
-0.195
-0.006
-0.504
 0.402
-0.114
-0.635
 0.103
-1.314
-0.420
 1.903
 0.050
-0.063
 0.536
 1.305
 0.877
 0.466
-1.296
 0.595
 1.856
 0.848
 0.512
 0.207
 2.176
 0.555
 1.488
-0.531
-1.465
-1.351
-1.135
 1.459
 0.561
-1.111
-0.532
 1.845
-0.110
-0.665
 0.836
-0.762
 0.484
 1.210
 1.886
 2.424
 1.695
 1.106
 0.397
 0.795
 2.067
 1.376
 1.435
 0.886
-0.137
-0.036
 0.493
 0.596
 0.454
-0.508
 1.661
 0.335
-1.196
-0.761
 1.691
 1.006
-0.310
-0.087
-0.033
-0.109
 1.499
 0.457
-1.494
-0.948
 0.851
 1.707
 0.829
 0.105
-0.139
 0.762
 0.510
 0.002
 0.015
-1.110
 0.676
 1.502
-0.906
-0.613
 0.723
-0.925
 0.120
 0.131
 0.913
-0.164
-0.671
 0.582
 0.605
 1.134
-0.406
-0.904
-1.099
 0.531
-0.294
-1.987
-1.314
 0.006
-0.006
-0.923
-0.932
-0.767
-1.882
-0.494
-1.129
 1.107
 0.085
 0.395
 0.597
 1.432
-0.144
-0.329
-0.012
 0.823
-0.285
-0.846
 0.726
 2.477
 0.570
 0.785
 0.426
 1.396
-0.396
-0.364
 0.690
-0.334
 0.184
-0.862
 0.928
 0.370
 0.374
 1.935
 1.455
 0.080
 0.909
-0.349
-2.043
-0.943
-2.228
-0.832
-0.235
-1.073
-0.737
-0.329
-0.448
-1.380
-0.395
-0.388
-0.633
-0.930
-1.104
-1.166
 0.999
 0.522
 0.106
-1.122
-0.580
-0.907
-1.749
-1.918
-0.467
-0.956
-1.380
-1.442
 0.245
 0.116
-0.330
-0.120
 0.742
 0.828
 1.698
 0.359
-0.577
 0.703
-0.660
-0.141
 1.081
 0.598
 0.707
 0.520
-0.280
-0.626
-0.555
-0.030
-0.183
-0.288
-0.720
-0.422
-1.320
-0.074
-0.966
-0.368
 1.979
-1.270
 1.361
-0.175
-1.689
-1.818
-0.542
-0.200
-1.095
 1.108
 0.272
 0.506
 0.985
 0.379
 0.360
 2.042
 1.244
 0.774
-0.422
-0.187
 1.250
 0.632
 0.876
 0.135
 1.332
 0.514
 1.802
 0.631
 0.711
 0.511
 0.324
 0.379
 0.768
 0.623
 1.160
 0.133
-1.304
-0.162
 0.608
-1.212
 1.581
 2.583
 2.349
 1.487
 1.068
 0.916
 2.114
 2.150
 2.983
 1.741
-0.192
-0.709
-0.072
 0.406
 1.450
 0.470
 1.797
 0.815
 0.082
 0.828
-0.233
 0.328
-0.485
-1.108
 1.896
 0.491
-0.091
-0.106
 0.521
 0.478
 0.988
 0.658
 1.062
 1.179
 2.582
 1.536
 1.640
-0.017
 1.112
 1.557
 0.122
 1.921
 0.381
 0.592
 0.359
-0.052
 0.524
 0.576
 1.054
 0.338
 0.367
-0.261
 0.238
 0.333
 0.452
 1.353
 0.516
 0.533
-0.792
-0.025
 0.162
-0.700
-0.648
-0.297
 0.240
-0.163
 1.480
 0.187
 0.578
 0.979
 0.557
 0.018
-0.008
 1.153
-0.424
-0.964
 0.495
-0.414
-0.856
-0.407
-0.981
-0.571
-1.051
-0.410
-0.098
 1.103
-0.329
-1.536
-1.291
 0.049
-0.038
-1.229
-0.597
-0.318
-0.356
-0.094
 0.955
 1.403
 0.245
 0.119
-0.235
-1.127
-0.324
 0.221
-0.586
-0.059
 1.041
 1.131
 1.429
 0.879
 1.476
 1.066
-0.002
 1.091
 0.438
 0.631
-0.139
 0.823
 0.555
 2.514
 0.965
 1.147
 1.370
 0.971
 2.462
 2.506
 0.354
-0.631
 1.256
 1.623
 2.377
 0.900
-0.260
 1.922
 2.365
 1.833
 1.259
 1.341
-0.199
-0.456
-0.286
-1.230
-0.699
-1.321
-1.762
-0.969
-0.943
-0.803
-1.309
-1.424
-0.809
-2.380
-0.619
 0.615
-1.299
-1.254
-0.742
-0.855
-0.785
-0.658
-1.736
-1.558
-1.601
 0.036
 1.430
-1.306
-0.818
-2.592
-1.030
-0.174
-1.323
-0.516
-3.078
-0.779
-1.362
-0.114
-0.252
 0.332
-0.067
-1.202
-0.577
-1.403
-0.293
-1.180
-0.258
 0.157
 0.641
 0.031
 0.756
 0.309
 1.540
-0.482
-0.875
 0.778
 2.124
 0.491
 1.528
-0.430
-0.870
-0.333
-0.988
-0.277
-0.554
-2.331
-1.548
-0.799
-0.093
-0.514
-0.394
-0.434
-2.571
-0.330
 0.555
 0.192
-0.514
 0.563
 0.456
 0.044
 0.234
 1.467
-0.389
-0.113
 0.926
 1.093
 1.659
 0.184
 0.813
 0.043
-1.750
 0.389
-0.569
 0.302
-0.046
 1.298
 0.569
-0.654
-1.227
-2.084
-0.488
 2.146
 0.659
 1.092
 0.688
 0.561
 2.169
-0.361
 0.523
 0.533
 2.117
 0.593
 0.537
 0.295
-1.122
-1.306
-0.736
-0.809
-0.405
-1.032
-0.677
-1.565
-1.008
-0.523
-0.619
 0.070
-0.163
 0.290
-0.171
 0.268
-0.811
-0.538
 0.120
 0.110
-0.422
-0.902
-1.114
-1.072
-0.676
 0.210
-1.456
-0.328
-1.104
 0.057
-0.245
 1.395
-0.601
 0.016
-0.555
 0.622
-0.439
-1.268
 0.134
-0.949
-0.319
 0.186
 0.319
-0.044
 0.730
 0.092
-0.759
 0.103
-0.257
 1.288
-0.935
 0.257
 0.485
-0.749
-0.571
-0.090
 0.233
-0.367
-0.909
-0.091
-0.522
-2.063
-1.224
 0.012
-0.709
-0.180
-0.428
-0.004
-0.978
 0.191
 1.854
 1.539
 0.739
 1.007
 0.279
 1.882
 0.649
-0.851
 1.600
 1.290
 0.685
-0.908
 0.293
 0.531
-0.712
-0.483
 0.559
-0.209
 1.315
 1.114
 1.617
 1.364
-1.563
-1.152
-0.461
 1.456
 2.231
 0.417
 0.930
 1.054
 1.352
-0.517
-0.295
 1.436
 1.202
 0.424
 0.037
 1.064
 1.130
 0.533
-0.262
 1.782
-1.271
-0.423
-0.430
 0.498
-0.512
-0.368
 0.609
 1.227
-1.167
-1.575
-0.238
 0.135
 2.204
-0.284
 1.601
 0.175
 0.153
 0.103
 0.488
 1.582
 0.274
 0.276
-0.218
 0.954
 0.224
-0.765
-0.467
-0.095
-0.554
-0.606
-0.778
 0.089
 0.727
-1.432
-0.239
-1.143
 0.558
-0.029
-1.119
 0.167
 0.249
-0.199
 1.614
 0.244
-0.489
 0.200
-1.009
 1.042
 0.668
-1.331
-0.671
 0.558
 0.153
-1.391
-1.762
 0.271
-1.672
-0.594
-0.522
-2.755
 0.168
-1.069
-0.705
-1.074
-0.665
-1.236
 0.610
 0.396
-1.673
-2.082
-2.982
-1.796
-0.366
-1.042
-0.940
-0.060
 0.665
 2.367
 0.390
 0.229
 0.766
-1.180
-0.455
-1.258
-0.568
-0.436
-0.437
-1.082
-0.075
-0.133
 0.349
 1.016
-0.381
-0.352
 0.763
 1.294
-0.025
 1.551
 0.693
 0.185
-1.193
-0.824
 0.122
 0.357
 0.011
 0.209
 0.738
 1.721
 0.891
 2.086
 0.836
-0.393
-0.235
 0.737
 0.650
 0.902
 1.541
 1.061
 0.299
 0.315
 0.811
-0.218
-0.919
 0.920
-0.083
 1.444
-0.482
 0.557
 0.259
-0.414
 0.605
 1.596
 1.610
 1.200
 2.280
 0.353
 1.198
 0.279
 0.496
 1.686
 0.465
 0.946
 0.042
 0.531
-0.224
-0.978
-0.207
-1.145
-1.752
 0.087
 0.255
 0.792
 0.200
 3.437
 2.068
 0.439
-0.944
 0.075
-0.250
 0.149
 0.856
 0.690
-0.596
-0.911
-1.429
 0.963
-0.985
-0.477
 0.335
-0.101
-1.116
 0.218
-0.291
 0.208
-0.149
-0.491
-0.331
 0.669
-0.310
-0.573
-1.128
 1.093
-0.595
 0.663
 0.028
-1.856
 0.157
-0.353
-0.503
-0.610
-0.536
 1.464
-0.467
-0.295
-0.466
-1.644
 0.482
-0.457
-0.836
 0.349
-1.430
-0.980
-0.865
-0.315
 0.555
 0.770
-1.096
-0.673
 0.106
-0.868
 0.917
 0.309
 0.917
-1.078
 0.155
 0.145
-0.345
-1.064
 0.492
-1.133
 0.431
 0.175
-0.188
 0.054
 0.741
-0.144
-0.038
 1.723
 2.376
 1.344
 0.807
 0.091
 0.031
-1.781
-0.699
 1.715
 1.135
-1.168
 1.639
-0.409
-1.531
 0.689
-0.448
-0.085
-0.826
 0.902
-1.620
-0.826
-1.807
-1.548
-1.414
 0.328
 0.896
 0.684
-1.232
-0.695
 0.773
 1.095
 0.861
 0.656
 1.484
 0.007
 0.577
 0.529
-1.497
-0.414
-2.254
 1.674
 1.520
 0.747
 1.589
 1.338
-0.028
-0.324
-0.723
-0.478
 0.121
-1.400
-0.971
-0.960
-1.134
-1.306
 0.481
-0.302
-1.289
-1.476
-2.161
-1.401
-2.499
-0.143
-2.523
-1.348
-1.464
-1.480
-1.195
-2.765
-1.964
-1.549
-1.250
-0.716
-3.574
-2.446
-0.336
-1.026
-0.521
-0.776
-1.877
-0.576
 0.007
 1.002
 0.188
 0.367
 0.286
 1.083
-0.861
 0.001
-0.529
 0.407
 0.029
 0.064
 0.858
 0.749
 1.307
-0.511
 0.854
 0.165
 0.167
-1.027
-1.637
-0.790
 0.402
-0.317
-0.166
-1.434
-0.388
-0.282
-0.758
-1.472
-0.686
-0.798
 0.064
 0.371
-0.520
 0.002
-0.162
-0.004
-0.917
-1.081
-1.205
-2.259
-0.687
-0.141
-1.052
-0.483
-2.196
-0.692
-0.874
-1.700
-1.266
-1.319
-0.496
-1.650
-1.125
 0.492
-1.918
-0.889
-0.333
-0.417
-1.862
-0.709
-0.884
 0.162
 1.312
 0.414
-0.961
-0.193
-0.153
-0.417
-0.665
-0.066
 0.920
-0.923
 0.364
 0.750
 0.062
 0.878
 0.560
-0.422
 0.601
-0.550
 0.349
 0.164
-0.541
-0.115
-0.187
 0.770
-1.018
-0.925
 0.725
 0.044
 0.678
 1.044
 1.183
-0.279
-0.187
 0.685
 0.874
 1.335
-1.486
-1.000
-0.025
 0.450
 1.273
 2.205
 0.615
 0.199
-0.595
-0.885
-1.427
 0.828
 0.602
 0.734
 1.829
 1.663
-0.388
-0.188
-0.449
-0.223
 0.335
-0.033
-0.287
 0.689
-0.435
-0.806
-0.586
-0.431
-0.286
 0.412
 0.765
-0.317
-0.740
-0.461
 0.152
-0.871
-1.277
-0.384
-0.781
 0.847
 0.478
-0.198
 0.626
-0.791
-1.093
-0.625
 0.716
-1.163
 0.891
 1.501
 0.175
-0.886
 0.230
-1.481
 0.687
 0.063
 0.613
 0.610
 1.187
 2.269
-0.853
 2.135
 0.691
 0.406
-0.139
 0.822
 0.364
 0.022
 2.228
 2.601
 0.860
 0.537
-0.400
-0.592
 0.373
 1.460
-0.312
-0.674
-0.798
-0.912
-0.331
 0.268
 0.955
 0.771
 0.041
-0.644
-0.473
-0.148
 0.512
 0.023
 0.724
 0.449
 1.813
-0.111
-0.256
-0.196
 1.286
 0.661
-0.022
 0.053
-0.041
-0.305
-0.506
 0.859
-0.770
-0.506
-0.248
 1.317
 1.196
 0.874
-0.033
 0.119
-1.740
-0.826
-0.750
-0.030
-0.775
 0.888
 0.379
-0.692
 0.275
-0.007
 0.183
 0.310
 0.547
 0.236
 0.289
-0.174
 0.376
-0.097
 0.175
-0.376
-0.980
 0.591
-1.559
-2.047
 0.683
 0.156
-1.718
-1.682
-1.133
-1.976
-1.713
-2.757
-0.818
-0.141
-0.292
-0.713
-0.527
 1.946
 1.113
 1.334
 0.885
 0.804
 0.068
 0.421
-0.988
 0.730
 0.228
-1.302
-0.536
 0.995
 1.852
 0.680
 0.315
 1.102
 1.270
 1.963
 0.089
-0.617
-0.742
-0.281
 0.189
 0.159
-0.707
-1.015
 1.588
 0.134
 0.557
 1.720
 2.891
 2.146
 1.152
 0.767
 0.839
 1.332
 1.126
 1.010
 0.264
-0.626
 0.465
 1.059
 1.356
 0.356
 1.100
 2.506
-0.022
 0.791
 0.043
 0.411
 0.260
-0.247
-0.027
-0.691
-1.129
 0.745
-0.370
-0.869
-1.242
-1.814
-0.417
-0.805
-1.501
-0.082
-0.421
 0.037
 0.596
-0.029
 0.343
-0.790
-0.515
-0.563
-1.281
-0.625
 0.376
 0.220
 0.021
 1.761
 0.743
-0.183
-1.005
 0.003
 0.100
 0.494
 1.427
 0.013
-0.747
-0.932
-1.022
 0.616
-0.562
-0.027
-0.692
-0.398
 0.224
 0.176
 0.079
 0.414
 0.455
 0.061
 1.079
 0.290
-0.575
-0.746
-0.494
 0.345
-0.538
-0.783
 1.113
-0.453
 0.937
 0.540
 0.232
-0.797
 0.387
-0.869
-0.671
-0.845
 0.569
 0.403
 0.346
 1.245
-0.613
 0.775
 0.624
 0.872
-0.232
 0.525
 0.645
 0.744
 1.230
 1.614
 0.939
-0.113
 1.405
-0.043
 0.592
 1.172
 0.335
 0.520
 0.993
 1.479
 0.204
-0.281
 0.357
-0.378
-1.529
 0.792
 0.323
-0.543
-0.058
-1.083
 0.453
 0.703
 0.954
-1.357
 1.178
 0.288
-1.299
-1.070
-0.430
 0.629
-0.291
-1.142
-0.268
-0.213
 0.357
 1.194
 0.482
-1.372
-0.738
-0.273
-0.491
 0.192
-0.359
 1.046
-0.051
-0.294
-0.002
-1.160
 0.706
 0.960
 0.787
 0.752
-1.756
-1.380
 0.265
-0.733
-1.868
 0.387
-0.124
 1.000
-0.320
 0.495
-1.655
-0.332
 1.772
 0.333
-0.196
 0.207
 1.311
 0.567
 0.694
 0.826
 1.221
 0.793
-0.372
 0.144
 0.374
 0.761
 1.054
 1.555
-0.400
 0.441
 1.241
 1.224
 1.520
 1.112
 1.233
-0.067
 0.554
-0.252
-0.279
-0.272
-0.060
 0.154
 0.125
-1.133
-0.617
 0.457
-1.053
-0.235
 0.716
 1.313
-0.109
 1.996
 1.542
 0.659
-0.482
 0.173
-0.397
-0.220
-1.654
-0.490
 0.544
 0.091
-0.898
-0.569
-0.722
 1.115
 0.135
 0.869
-0.496
-0.963
-2.276
-0.514
 0.693
 1.540
 1.525
 1.614
 1.339
-0.049
-0.222
 1.001
 0.520
 0.378
 1.419
 0.473
 0.082
-0.532
 0.409
 0.337
 0.838
 0.493
 1.087
 0.852
-0.135
 0.970
-0.236
 1.807
 1.419
 1.238
 0.367
 0.324
 0.320
 0.518
 1.231
 0.752
-0.529
-0.486
 0.403
 1.164
-0.174
 1.326
-0.146
 1.570
 1.422
 0.852
-0.138
-0.422
 0.468
 1.306
-0.424
 0.902
 1.809
 0.519
-0.066
 0.236
 1.077
 3.263
 1.407
 0.542
 1.826
-0.034
 0.489
 0.056
-0.265
 0.618
 0.783
 1.320
 0.707
 0.158
 0.006
 0.867
 1.405
-0.560
 1.227
-0.312
 0.548
 1.018
 0.136
 0.598
-0.345
 1.336
 0.726
 1.083
-0.095
-0.925
 0.486
-0.195
-1.428
-0.321
-1.065
-1.381
 0.900
 0.284
 0.678
 0.055
-0.133
-1.122
-0.040
 0.643
 0.567
-0.336
-0.388
-0.238
 1.508
 1.230
 1.421
 0.469
 1.052
 0.125
 0.073
 0.317
 0.536
 0.932
 1.128
-0.921
-0.773
-0.380
 1.441
 0.817
-0.107
 0.399
-0.244
-1.442
-2.032
-1.391
 0.134
 0.135
-0.425
 0.083
-1.163
-2.231
-2.080
 0.099
 0.467
 0.638
 0.873
 0.349
-0.562
 0.196
-0.886
-1.446
 0.132
 0.287
 2.004
 0.295
 0.743
 0.854
 0.024
-1.223
-0.034
-1.179
-1.033
-0.634
-0.198
-0.410
 1.049
 0.361
 0.748
 0.638
-0.168
 0.180
-1.042
 0.413
-0.673
-0.999
 0.308
-0.439
-0.587
-0.262
-1.164
-0.730
-0.488
-0.309
-1.425
 0.046
 0.216
-0.587
 0.415
-1.065
 0.469
 0.455
-0.193
-0.692
-1.339
-1.101
-0.585
 0.043
 0.356
 0.566
-1.158
-0.356
 1.474
-0.305
-0.035
 0.293
-2.165
-2.461
-1.951
-0.669
-1.487
 0.301
 0.420
 0.625
 0.178
 0.299
-0.218
 0.532
 0.040
-0.340
 0.328
 1.026
 1.722
-0.043
 0.499
 1.848
 1.020
-0.073
 0.268
 0.693
 1.384
 0.976
 1.072
 0.864
 0.176
 0.688
 0.901
 0.034
 1.491
-0.245
-1.069
-0.550
 0.556
 0.874
 1.350
 1.091
 0.904
 0.891
 1.141
 1.521
 0.615
 0.738
 0.263
-0.677
-1.205
 0.199
-1.522
-1.299
-0.153
-0.338
 0.290
 1.182
 1.112
 0.164
 0.063
 0.943
 0.056
 1.035
 1.043
 1.634
 0.474
 0.136
-0.400
 0.035
 1.250
 0.114
-1.315
 0.726
-1.001
 0.049
-0.596
-0.660
-0.626
 0.015
 0.388
 1.087
 0.287
-0.201
-0.705
 0.534
 0.221
-0.518
-0.208
-1.348
 0.127
-0.364
-0.778
-0.597
-0.256
 0.131
-0.160
 0.049
 0.727
-1.178
-0.602
-1.734
-1.406
-2.183
-0.835
-1.011
-0.343
-0.688
-0.590
-0.868
 0.430
-0.608
-2.270
-1.006
-0.761
-1.314
 0.035
-1.125
-0.530
-0.166
-1.465
 0.064
-0.754
-0.224
 0.180
-0.588
-0.246
-1.075
 0.743
-0.744
 0.043
 0.346
 1.547
 1.266
 0.396
-1.268
-0.461
 0.084
 1.108
 1.952
 0.889
 0.542
 0.287
 0.315
 0.548
 0.256
-0.144
 1.640
 1.390
 0.886
 2.124
 1.426
 0.084
 0.911
 0.452
 1.086
 0.581
 0.585
 0.268
 0.376
-0.624
-0.208
-0.286
-0.627
 0.396
-0.190
-1.634
-0.374
-0.608
 0.220
-0.442
 1.295
 0.475
-1.401
-1.936
 0.593
 0.111
 0.073
 0.213
-0.031
 0.712
-0.357
-0.427
 1.023
-1.495
-0.750
 0.037
 0.352
-0.508
 0.026
-0.870
 0.880
-1.331
 0.308
-0.254
-0.809
-0.724
-0.054
 0.324
 0.451
 0.422
 0.089
-0.364
-0.028
 0.895
 0.733
 0.349
 1.009
 0.030
-0.114
 0.906
-1.692
 0.236
 0.864
 2.754
 1.802
-0.218
 0.183
 1.319
 1.072
 0.202
 1.845
 0.331
 0.600
 0.734
 0.595
 0.307
-0.671
 0.385
 0.181
 0.401
 1.404
 0.917
 0.683
 1.959
 0.995
-1.105
 0.232
-0.816
-0.836
-0.740
 0.852
 0.609
-0.022
 0.147
-0.255
 1.746
-0.202
-0.513
 1.259
-0.437
-1.238
-0.761
-1.328
-0.146
 0.117
-0.865
-0.729
 0.158
 0.144
-0.697
-0.173
-0.707
 0.505
 0.171
-0.108
 0.830
 0.198
 1.612
-0.425
 1.105
-1.090
-2.091
-0.598
 0.248
 1.995
 0.667
-0.136
-0.207
-0.140
 0.163
 1.065
 1.405
 0.564
-0.419
 1.154
 1.831
 1.172
 0.858
 2.010
 1.451
 1.442
-0.181
 0.455
 0.548
 1.155
 0.660
 0.522
 1.887
 0.530
 2.083
 1.226
-1.208
-0.689
-1.303
 1.814
-0.573
 0.356
 0.307
-0.403
 0.010
-0.528
 0.027
 1.541
 0.397
 0.749
 1.913
 0.717
 2.437
 0.265
 0.549
 0.528
-0.838
-1.519
-0.447
 1.318
 1.263
-0.176
 0.261
-0.552
 1.167
 1.658
 0.788
 1.439
 1.082
 1.008
 0.989
 1.044
 1.510
-0.151
-0.102
 0.051
 0.334
 0.579
 0.792
 0.155
-0.517
 0.295
-0.118
-0.313
 0.030
 1.352
 2.533
 0.101
-0.219
-0.019
-0.537
 0.164
 1.764
 0.658
 1.334
 1.869
 0.863
 0.458
-0.227
 0.464
 0.217
 0.029
 1.047
 0.472
-0.119
 0.711
 1.139
 0.753
 0.540
 1.206
 1.413
 1.665
 2.655
 2.197
 1.434
 0.701
 1.075
-0.701
 1.119
 1.760
 1.288
 1.805
 1.061
 0.425
-0.065
-0.428
 0.559
 0.626
-0.271
-0.014
-1.247
-0.961
-0.532
-0.224
 1.077
-0.008
 0.817
 0.526
-0.392
 1.770
-0.139
 0.418
-0.067
-0.214
-0.302
 1.882
 0.230
 0.542
-0.402
-0.086
-0.146
 0.739
-0.723
 0.843
 1.409
 1.199
-1.299
 0.594
 0.662
-0.634
 0.799
 1.481
 0.645
 2.178
 1.604
-0.258
 1.024
-1.638
-0.072
 0.287
 0.509
 1.678
-0.019
 0.863
 2.403
 1.742
 1.310
 1.914
 1.492
 1.557
 2.587
 1.557
 2.421
-0.080
 0.577
 0.821
 0.712
 0.903
 1.339
 0.673
 1.228
 2.390
 0.126
 1.643
 1.260
 1.861
 0.876
-0.700
 0.698
 1.361
 1.530
 1.142
 1.130
 2.207
 0.569
 1.148
 0.130
-1.617
 0.214
 1.400
 1.168
 1.234
-0.804
 0.953
 0.175
 1.046
-0.442
 1.002
 1.006
-0.001
 2.211
 0.217
 1.867
 1.315
 0.738
 2.168
 1.782
-0.034
-0.658
-0.689
-0.340
-0.364
 0.140
 0.183
 0.906
 0.906
 1.479
 0.464
-0.039
-0.950
 0.268
 0.621
-0.791
-1.648
 0.504
 0.322
-0.682
-1.278
-1.519
-0.643
-0.457
-1.519
-1.219
-1.286
-2.023
 1.273
-1.762
-1.100
-0.688
-1.248
-0.661
-1.067
-0.819
-0.172
-1.890
-1.304
 0.218
 0.300
-0.028
-1.424
-0.148
 0.964
 1.727
-0.550
 0.109
 0.182
-0.630
-0.159
 0.260
-0.286
 1.477
 0.916
 0.737
-0.060
-0.191
 0.268
 0.233
-1.899
-0.201
 0.099
-0.334
-0.481
-0.283
-0.441
-0.417
-0.995
-0.853
-0.897
-0.690
 0.360
 0.101
 0.884
 0.697
-1.169
-0.646
-0.588
-0.910
-0.149
-1.325
 0.196
 0.204
 0.726
-0.418
 1.692
 0.644
-0.966
 0.673
 0.015
-0.165
 0.885
 1.030
-1.635
-1.425
 0.154
-1.039
-0.769
-1.121
-0.806
-0.742
-0.340
-0.184
 0.703
-0.430
 0.154
-0.268
-0.770
 1.110
 1.272
-0.658
 0.572
 0.549
 0.214
 0.539
 0.148
 1.228
-0.913
 0.327
 0.371
-0.128
-0.084
-0.264
 0.812
-0.536
-0.758
-0.898
 0.244
 0.390
-1.176
-0.758
-1.244
-0.027
 0.854
-0.202
-0.224
-0.774
-1.349
-0.462
 0.758
-0.622
-0.272
 0.787
 0.279
 0.499
 1.110
-0.967
 0.348
 0.368
 1.512
 0.984
 1.726
 0.218
 1.172
 0.666
 0.726
 0.050
 0.601
 0.567
 0.233
-0.491
-1.130
 0.352
 0.464
-1.182
-1.811
 0.780
-0.186
-0.487
-0.541
-1.328
-0.318
-1.012
-0.327
 0.483
 0.320
-0.678
-0.286
-1.072
-0.580
 1.128
 1.156
 0.606
 0.682
-1.162
 0.772
 0.962
 0.819
 0.487
 0.208
 1.621
 0.250
-0.840
-0.520
 0.797
 1.023
 0.258
 1.340
 0.515
-0.949
-0.484
-2.753
-1.530
-1.168
-1.454
-1.181
-0.738
-0.141
-0.644
-0.428
 0.303
 0.145
-0.110
 0.358
-1.011
-0.913
-1.500
 0.378
-1.345
-1.422
-0.278
-0.440
-0.113
-0.177
 0.878
 0.294
 0.514
 0.099
 0.196
 1.288
 1.590
 0.523
 1.715
-0.202
 0.121
 0.028
-0.323
 1.182
 0.446
 0.863
 1.270
 1.837
 1.494
-0.945
 0.109
 1.990
 0.195
-0.683
 1.871
-0.180
 0.956
 0.473
 1.302
 1.580
 1.373
 0.666
-0.348
-0.502
-1.764
-0.351
 0.284
 0.430
 0.793
 1.327
 1.002
 0.273
-0.909
 0.219
 0.596
 0.500
 1.346
-0.332
-0.261
 1.197
-0.275
 1.153
 1.671
 1.015
 2.155
 0.759
-0.057
 0.067
-0.492
 0.320
 0.004
 0.138
 1.140
 0.980
 0.578
 0.151
-1.675
-1.625
-0.224
-0.475
-0.104
-1.708
 0.382
-0.051
 0.109
-0.422
-0.107
-0.308
 0.394
-0.354
 0.411
-0.173
 0.175
-0.225
 0.101
-0.851
-0.666
 0.927
 0.046
 1.051
 0.056
 0.495
 0.076
-0.581
 0.888
 0.383
-0.477
 0.776
 0.535
 0.403
 0.535
 0.466
-0.315
-0.321
 0.483
 1.623
 1.808
 1.420
 0.964
-0.811
-2.116
-1.226
-0.907
-0.358
-0.130
 1.420
-0.344
-1.490
-0.479
 0.545
-0.564
 0.921
 0.287
-1.273
-0.515
 0.119
-0.867
-1.138
-0.261
 0.377
 0.201
-0.784
-1.095
-1.289
-0.217
-0.418
 0.379
 0.781
-0.636
-2.159
 0.911
 1.373
-0.110
-0.630
-0.475
 0.122
-0.342
-1.011
 0.015
 0.277
-2.184
 0.586
-0.358
 1.112
-0.206
 0.205
 2.605
 0.273
 0.384
 0.000
-0.057
 1.079
 0.640
 0.739
-0.258
 0.997
 0.732
-1.291
-0.732
-0.739
 0.152
 1.691
-0.125
 0.057
 1.279
 0.992
-0.719
 1.328
 1.419
 2.081
 1.210
-0.725
-0.136
 1.741
-0.074
-0.163
-1.085
-0.639
-0.305
 0.939
 1.423
 0.279
 0.655
 0.613
-0.593
-0.079
-0.252
 1.455
 0.504
-0.437
 2.038
 0.078
 0.806
 0.533
-1.867
-1.560
-0.302
-1.725
-0.712
-1.541
 0.565
 0.044
-0.012
-1.385
 0.601
-1.336
-1.429
 0.930
-1.556
-0.951
-1.158
-1.833
-2.252
-2.622
-0.898
-1.389
-0.624
-1.494
-1.015
-1.650
-0.761
 0.063
 0.786
 0.829
 0.490
 0.612
-0.703
-1.429
-0.528
-0.986
-0.913
 0.448
-1.078
-0.954
 0.152
-0.650
-1.460
-0.991
 0.237
-0.016
-2.102
-0.974
-1.570
-0.573
-0.833
-0.666
 0.412
 0.746
-0.428
-0.279
 0.328
-0.702
-0.057
 0.870
 0.263
 0.565
 0.345
-0.777
 0.970
 0.768
 0.780
 0.473
-0.499
-1.027
-1.706
-0.367
 1.583
 1.049
 0.040
-1.659
-0.117
 0.961
-0.180
-0.667
 0.070
-1.170
 0.351
-0.588
-1.367
-1.321
-1.025
-0.551
-1.077
 0.333
 0.992
 0.889
 0.401
 1.296
 0.507
-0.481
 0.362
 0.038
-1.097
 0.283
-0.401
 0.026
-1.312
-0.852
-1.236
-0.666
-0.343
-0.609
 1.181
 0.400
-0.706
 0.492
-0.024
-0.705
 0.972
 0.335
-0.150
-1.266
-1.818
-1.601
-0.556
-0.892
 0.952
 2.537
 0.867
 0.113
 0.699
-1.177
-0.030
-0.929
 0.345
-0.266
 1.031
-1.047
 0.006
 0.160
-1.320
 1.059
 0.530
-0.418
-0.186
 0.186
-0.757
 0.583
 0.713
-0.479
 0.172
-0.656
-1.882
 0.575
 0.377
-0.970
-0.019
-2.076
-0.408
-1.101
-0.094
-0.176
-1.139
 0.425
-1.407
-0.416
 0.176
 0.158
 0.152
 1.659
-0.004
-0.307
-0.046
-0.542
 0.806
-0.578
 0.972
 1.472
 1.284
-0.551
-1.528
-0.175
-0.425
-0.156
-0.758
-1.568
-1.090
-1.060
-1.327
-1.173
-1.872
-2.277
-0.066
-1.034
-0.634
 0.207
 0.828
-0.117
 0.236
-0.666
-0.502
-1.729
-0.596
-0.098
 0.436
 0.223
-0.636
-0.633
-0.139
 1.039
-1.149
 0.089
 0.356
 0.943
 0.649
 0.859
 0.158
 0.230
-0.923
 0.147
-0.396
-0.106
 1.522
-0.764
-0.296
 0.125
-0.245
-0.280
 0.963
 2.109
 1.061
 0.115
-0.081
-1.685
 0.046
-0.679
 0.558
-0.099
-1.966
-0.072
-0.963
-0.380
 0.174
-0.398
-0.630
-0.873
-0.700
 0.201
-1.247
-0.457
-0.846
-0.892
-0.080
-0.997
-0.629
-0.737
-0.652
-1.080
-1.329
 0.147
-0.002
 0.087
 0.845
 0.170
 0.421
-0.395
 0.312
 0.702
 2.283
 0.678
-0.677
-0.182
-0.959
-0.275
-0.561
-0.311
 0.099
 0.541
-1.383
-0.428
-0.250
-1.747
-0.702
 0.335
-1.226
-2.423
-0.728
-2.104
-2.654
-1.791
-1.824
-1.551
-1.692
-0.771
-0.699
-1.191
-1.406
 0.175
 1.006
-0.666
-0.618
 0.154
-0.762
-0.610
-0.177
-0.169
 1.270
-0.408
 0.447
-0.167
-1.001
 0.591
-1.101
-1.313
 1.035
 0.448
-0.396
-0.187
-0.563
 0.303
-0.420
-0.940
-0.295
 0.225
-0.034
 0.588
 0.555
 0.707
 0.955
 0.086
 1.881
 1.332
 0.238
 0.860
 1.381
-0.060
 1.261
-0.279
-0.901
 0.395
-0.960
-0.522
 0.600
-0.136
-2.025
-2.067
-0.071
 0.451
-0.940
 0.046
-0.203
 0.487
-0.254
-0.449
 0.062
-0.438
 0.475
 0.260
 0.118
 0.619
 0.063
 0.059
-0.102
-0.808
-1.318
-1.025
-1.756
-3.231
 0.428
 0.631
-0.449
 0.132
-0.944
-0.108
-0.464
-1.728
-0.301
-0.199
-0.278
-1.070
 1.688
 0.960
-0.507
-0.191
 0.102
 0.175
-1.666
 0.957
 0.078
-0.397
-1.365
-1.005
-1.438
-2.029
-2.518
-0.960
 0.207
 1.407
-1.400
 0.671
-0.327
-1.336
-1.106
-1.934
-0.856
-1.061
-2.081
-2.256
-0.770
-1.410
-2.352
-0.680
-1.901
-1.551
-1.212
-0.726
-0.470
-1.945
-1.122
-1.098
 0.722
-0.205
-0.508
-1.482
-0.139
-1.866
-1.710
-2.197
-0.047
-1.055
-0.739
 1.721
-0.323
-0.830
 0.246
-0.296
-0.271
 0.374
-0.555
-0.806
-0.347
-0.557
-0.494
-1.470
-1.308
-1.002
-0.568
-0.252
 0.133
 0.614
 0.085
-0.834
-1.304
 0.216
 0.288
-1.328
-1.133
-0.966
-0.028
-0.385
-0.445
-1.080
-0.974
-0.028
-0.726
-0.918
-0.791
-0.044
 0.336
-1.186
-0.504
 0.220
-0.833
-1.984
 0.697
 0.078
-1.594
-1.797
-0.896
-0.329
 1.884
 0.585
 1.538
 1.315
 0.968
 1.801
 1.421
 0.463
 1.285
-0.110
-0.515
 2.649
 0.947
-0.158
-0.117
-0.388
 0.373
-0.010
 0.430
-0.199
-0.458
-1.544
-0.789
-1.150
-0.370
-1.431
 0.110
 1.403
 1.441
 0.246
 0.373
-0.331
 0.499
-0.162
 0.027
 1.207
 0.462
-0.895
 0.137
 0.089
 1.054
-1.032
-0.209
 0.594
-0.049
-0.329
 0.532
 0.398
 0.575
 0.244
 0.536
-1.855
-1.124
-1.261
-1.953
-1.198
-1.252
-0.834
-0.164
 1.038
 0.646
 0.969
 1.285
-0.684
-0.864
-0.585
 0.526
 0.555
 1.021
-0.739
-0.748
 0.491
-0.190
-0.199
 1.225
 0.692
-1.046
 0.199
-0.725
 0.058
 1.360
-0.700
-0.897
 1.014
-0.570
-0.644
 0.624
-0.243
-0.156
-1.286
-0.666
 0.075
-1.152
-0.062
-1.993
-1.059
-0.663
-1.371
-0.027
-0.320
 0.723
-0.209
-0.231
-1.176
-0.504
-0.702
-0.888
-0.724
-2.217
 0.068
-1.942
-0.626
-0.134
 0.263
 0.416
-0.579
-0.736
-0.288
 0.608
 0.790
