 0.219
 0.945
 0.781
 0.614
 0.904
 0.382
 0.006
-0.805
 0.099
-0.734
 0.720
 0.969
 0.012
-0.018
-0.061
-0.081
-0.995
-0.662
-0.793
-0.644
 0.920
 1.441
 0.554
-0.318
 1.985
-0.803
 0.960
 0.314
 0.205
 0.373
 0.336
 0.545
 1.339
 0.385
 1.248
-0.270
 1.238
 0.023
 0.212
-0.594
 1.280
-0.612
-0.071
-1.593
-2.508
-2.121
-1.639
-0.338
-0.364
 0.568
 0.184
-1.258
-0.957
-1.000
-0.255
-0.091
 0.244
-0.998
-1.625
-0.530
 0.572
 0.734
 0.560
 0.440
 0.851
 0.673
 0.635
 0.579
-0.228
 1.737
 1.902
 0.867
-0.018
-0.067
 0.071
-0.622
-1.128
 0.762
-1.117
 0.196
-0.046
-1.460
-0.433
 1.999
 2.579
 1.011
 0.291
 1.009
-0.088
 1.089
 1.874
-0.108
-0.475
 1.639
 0.726
 1.521
 0.952
 0.814
 0.352
 0.558
 1.017
 0.663
 0.390
-0.312
 0.107
-0.867
 0.864
-0.665
-0.402
 0.334
 0.865
-0.206
 1.444
 0.941
 0.277
 1.495
 0.320
 0.434
 0.466
-0.869
-1.311
-0.989
 0.253
 0.416
-0.082
-0.769
 0.125
 0.565
 1.089
-0.319
 0.160
 0.644
-0.037
-0.027
 0.103
-0.825
-0.170
 0.696
 0.482
 0.687
-0.922
-0.027
-1.605
-0.642
-0.349
 0.062
-0.043
-0.275
 0.493
 0.101
-0.479
-0.009
-0.196
-0.803
-1.083
-0.255
-1.111
 0.363
-1.360
-1.099
-0.931
-0.685
 0.020
 1.189
-0.375
-0.039
-0.046
 1.887
-0.317
 0.211
 0.426
-0.196
 1.212
 0.574
 0.854
 0.938
 0.929
 1.581
 1.112
-0.132
-0.048
 0.448
 0.668
-0.342
-1.617
-0.787
-0.408
-1.578
 0.608
 0.785
 0.193
-0.873
-1.552
-0.563
 0.739
-1.146
-1.760
-2.105
-1.981
-2.520
-1.877
-2.117
-1.098
-2.042
-2.261
-1.121
-2.024
-3.834
-1.277
-2.472
-0.763
-1.894
-0.377
 1.890
 1.386
-1.895
-1.191
-0.797
-2.219
-1.556
-2.977
-2.536
-2.092
-1.254
-1.159
-0.579
-1.392
-0.953
-0.496
-2.561
-0.445
-1.693
-1.099
 1.943
-0.705
-1.588
-2.172
-2.643
-0.570
 0.369
 0.274
-0.566
-0.734
 0.053
-0.858
-1.994
-0.109
-1.930
-1.380
-0.353
-0.882
-0.088
 0.054
-1.494
-1.303
 0.302
 0.567
 0.009
-1.101
-1.325
-0.802
-1.041
-0.039
-1.261
-1.428
-1.154
-1.089
-0.730
-0.866
-2.328
-1.560
 0.163
 0.253
-1.565
-0.436
 0.584
-1.199
-0.195
-0.521
-1.070
-1.103
-0.354
-0.252
-1.246
-1.556
-2.182
-1.232
-1.110
-1.320
-2.450
-2.844
-1.169
-1.103
-1.690
-1.579
-0.518
 1.107
-0.407
-2.038
-0.775
-1.732
-0.550
-0.145
-1.824
-0.730
-0.283
-0.197
 0.019
-0.920
 0.770
-0.693
-0.587
-0.515
 0.084
 1.571
 0.065
 0.156
-1.076
-0.286
-1.526
-2.770
-2.459
 1.406
 0.080
-0.700
-1.115
-0.149
-0.127
-0.155
-1.323
-1.146
-1.270
-2.070
-0.891
-0.784
 0.412
 2.005
 1.109
-0.175
 0.546
 0.433
 0.460
-0.459
 0.089
 1.396
 1.490
-0.003
-0.262
-0.118
-0.687
 1.148
 0.408
-1.054
-1.417
 0.682
-0.309
 0.208
-0.785
 0.673
 1.007
-0.929
 0.174
-1.700
-1.028
 0.337
-1.786
-1.499
-0.946
-0.627
-0.470
-2.059
-1.848
-1.892
-1.147
-2.031
-1.208
 0.389
 0.280
 0.633
 0.830
-0.325
 0.580
-0.657
 0.571
 0.435
 0.163
-0.481
-0.349
-0.958
-1.530
-3.118
-1.311
-0.826
-2.062
-1.429
-0.956
-0.840
-1.904
-0.514
-0.629
-0.522
-0.810
-0.240
-0.638
-0.674
-0.842
-0.634
-1.054
-1.061
 0.031
-0.443
 0.284
-2.259
-1.704
-1.095
-1.725
-3.123
-1.688
-0.558
-0.862
-0.625
-0.782
 0.088
-0.636
-2.028
-2.763
 0.141
-1.277
-2.154
-0.470
-0.534
-1.488
 0.233
-0.110
-0.953
 0.484
-0.704
-0.735
-0.776
-1.937
-0.669
-2.406
-3.416
-1.577
-1.620
-2.845
-1.595
-1.059
-1.859
-1.065
-0.058
-0.151
-0.181
-0.395
-1.113
 0.648
-0.441
-0.936
-1.492
-1.777
-0.798
-0.505
-1.032
-0.319
 0.171
 0.006
-0.553
-1.104
-0.624
-0.627
-0.420
 1.149
 0.382
-2.325
-2.536
-1.507
-1.028
-0.357
-0.725
-0.214
-0.913
 0.119
-1.368
-1.518
 0.065
-0.306
 0.856
-0.384
 0.465
-0.204
 0.416
-0.956
-3.684
-3.136
-1.091
-2.364
-0.513
-0.626
 0.985
-0.435
-2.912
-1.457
-1.112
-0.990
-0.075
-1.056
-0.988
-1.556
-2.037
-0.705
-0.157
-1.743
-3.443
-1.675
-0.996
-1.026
-0.066
-0.394
-1.172
-0.545
-2.275
-0.795
-0.350
-2.238
-1.716
-0.653
-1.231
-0.866
 0.329
-1.469
-0.374
 0.144
-0.605
-1.645
-0.856
-0.751
-0.944
-0.261
-0.281
-2.277
-3.172
-2.843
-1.848
-0.344
-2.335
-3.030
-1.310
-1.716
-2.196
-0.387
 0.101
-0.532
 0.034
-2.306
-1.522
-0.238
 0.278
 1.096
-0.058
-1.041
 0.123
-0.164
 0.423
-1.090
 1.216
 1.295
-0.658
-0.551
-1.312
-2.414
 0.874
-0.404
-0.109
-2.559
-0.597
-0.042
-0.510
-1.456
 0.544
-1.155
-1.428
 1.137
-0.117
-0.292
-0.503
-1.286
-1.946
-1.107
-1.553
-0.508
-0.417
-0.350
-0.407
-0.702
-1.134
-1.035
-0.789
 0.050
-0.704
-0.526
-0.033
 0.767
 0.118
-0.404
-2.125
-0.866
-1.415
-1.215
 0.620
-0.459
-1.998
-2.708
-2.930
-1.836
-2.301
-0.535
-0.556
-2.909
-2.660
-1.152
-2.812
-0.306
-1.404
-1.947
-1.396
-0.364
 0.169
 0.178
-0.706
-0.322
-1.638
-1.414
-1.395
-2.336
-1.332
-0.985
 0.435
-0.906
-1.182
-0.126
-0.406
-2.371
-0.279
 1.014
 0.233
 1.629
-0.035
-0.109
-0.703
-0.495
-1.544
-1.818
-1.713
-1.745
-0.998
-1.890
-1.205
-2.580
-2.622
-1.807
-0.665
-1.338
-1.743
-0.421
-1.343
-1.245
-0.454
 1.283
-0.259
 0.394
-0.834
 0.801
-0.062
-0.034
-0.397
-1.527
 0.270
-0.472
 0.484
 0.585
 0.713
 0.075
 0.043
-0.587
-0.742
 0.565
-1.255
 0.174
-0.723
-1.058
 0.048
-0.520
-1.573
-1.748
-0.551
 0.206
-0.756
 0.284
-0.363
-0.018
-1.047
-1.021
 0.160
-1.224
-1.854
-0.834
-0.109
-1.318
-1.034
 0.826
-0.158
 0.211
-0.892
 0.942
 0.284
-0.326
-0.451
-1.629
-0.591
 0.212
-1.095
 0.142
-1.179
-0.331
 0.408
 0.996
-0.662
-1.431
-1.223
-2.069
-1.976
-1.652
-0.837
-1.381
-0.866
-0.833
-2.179
-1.054
-1.047
-1.078
-2.218
-1.429
-0.532
 0.350
 0.061
-1.289
-1.277
 0.587
 0.837
 0.255
 0.139
-0.454
 0.116
 0.073
-0.208
-1.076
-0.519
-0.219
-0.119
-0.881
-0.940
 0.162
 0.035
 0.815
 1.958
 0.338
 0.698
-0.353
-0.819
 1.074
 0.964
-0.726
 1.058
-0.239
 0.316
-1.534
 0.403
-0.050
 0.264
-0.342
-1.064
 0.313
 0.252
-1.427
-0.725
-0.202
 0.398
 1.819
-0.017
-1.127
-0.957
-0.731
-1.490
 0.135
-1.926
-2.234
-1.635
-0.760
 0.450
-0.132
-1.239
-0.451
 0.855
-0.150
 0.317
 0.310
-0.611
 1.048
 0.078
-0.585
-1.639
-0.009
-0.943
 0.704
-1.256
-0.177
 0.826
-0.718
-0.011
-1.113
-1.351
-1.342
-0.325
 0.741
-1.388
-0.954
-0.176
-0.538
-0.739
-1.129
-1.065
 1.060
 0.067
-0.641
 0.308
-0.571
-0.309
 0.047
-0.600
-0.759
-0.701
-0.630
-0.787
-1.818
 0.537
 0.024
-1.519
-1.654
-0.858
-0.184
-0.737
 0.355
 0.048
-1.531
-1.178
-1.384
-2.285
 0.385
-1.050
 1.027
-0.428
 0.041
-1.950
-1.859
-0.437
-1.299
-0.215
-0.216
-0.076
-0.294
-1.812
-2.373
-1.088
-1.950
-0.398
-1.423
 0.261
-1.462
-1.759
-0.105
-0.302
 0.513
 0.459
 0.467
-0.604
-1.575
-0.863
-0.514
-0.700
 0.641
 0.161
 1.792
 2.202
 0.149
-0.071
-0.788
-1.386
 1.493
-0.480
-0.704
-1.050
 0.039
-1.552
-0.807
-0.413
 0.973
 1.224
-0.601
-0.894
-0.287
-0.411
-0.690
-0.191
-0.096
-0.150
 0.134
 0.343
 0.076
-1.389
-0.117
 0.072
 0.695
 1.186
 0.292
-0.669
-0.556
 1.676
 0.445
-0.204
-0.840
-0.421
-0.945
-1.153
-1.278
-1.958
-1.027
 0.547
 0.050
-0.438
-2.432
-1.611
-1.657
-0.546
 1.080
-0.366
-1.227
-0.458
-2.357
-1.048
-0.262
-1.923
-0.245
-0.287
-0.247
-1.721
-0.659
-0.529
-0.104
-0.820
-0.485
-1.030
-0.756
-1.371
-0.674
-0.710
-1.460
 0.110
 0.100
-1.075
-0.234
 0.405
-2.202
-0.044
-0.883
-0.488
 0.786
 0.103
 0.638
-0.343
 1.163
-0.035
 0.237
 1.852
 1.151
 0.402
-0.314
-1.683
-0.656
-1.502
-1.303
-0.021
-1.719
-1.912
-1.960
-0.959
-1.635
-1.962
-2.334
-0.923
-0.991
-0.913
-0.453
-2.066
-1.215
-0.346
-1.602
-0.905
-0.626
-1.519
-0.238
-1.373
-0.477
-0.402
-0.052
-0.332
-0.261
-1.362
-0.261
-0.645
-1.131
-0.170
-0.718
-0.169
-1.781
-0.952
-2.067
-2.094
-1.361
-0.773
-0.484
-0.949
-0.843
-0.863
-1.575
-1.138
-1.246
-0.343
-1.036
-1.134
-1.856
-3.081
-0.780
-2.106
-1.341
-2.231
-2.285
-0.873
-0.555
-0.870
-1.384
-1.089
-0.747
-0.569
-0.235
 0.716
 0.706
 1.691
 1.669
 0.213
 0.669
-0.161
 0.504
 0.543
-0.260
-0.604
-0.520
 0.025
-0.840
 0.077
-0.155
-1.057
-0.582
-0.313
-0.446
-0.903
-1.449
 0.587
 0.811
 0.769
 0.088
 0.015
 1.296
-2.491
-1.343
-0.886
 0.101
 0.103
 0.652
 0.719
 0.346
-0.068
-1.252
-0.750
 0.195
-0.415
-0.730
-1.961
-0.316
-0.942
-2.746
 0.742
-1.583
-0.980
-0.286
-0.458
-0.425
 1.032
-0.598
-0.612
-0.373
-0.351
-1.561
-0.528
-2.114
-2.111
-1.350
-1.106
-3.575
-1.915
-1.310
-0.381
-0.736
-1.977
-0.104
 0.771
 0.520
-0.688
 0.130
 0.476
-0.221
 0.098
 0.220
 0.235
-0.423
-0.987
-0.891
-0.464
 0.392
-0.769
-0.959
-0.800
-0.562
-0.868
-1.174
-1.820
-1.263
-1.971
-0.794
-1.730
-1.302
-2.662
-0.065
-0.683
 0.095
-0.554
-1.297
-1.896
 0.218
 0.843
-0.813
-1.248
-0.672
-0.860
-1.469
-1.899
-0.758
-1.029
-1.003
-1.060
-0.032
-0.202
-0.603
 0.180
-0.236
-0.674
-1.051
-1.666
-0.949
-1.532
-1.646
-0.992
-0.336
 0.396
-0.360
-0.148
 0.294
 0.459
-0.234
-0.447
-0.103
-0.213
-1.015
 0.652
 0.975
-0.073
-0.913
-1.701
 0.120
-0.888
-0.496
-0.633
-2.512
-1.352
-2.968
-0.588
-0.774
 0.583
 0.244
-1.597
-0.125
-0.497
-0.737
 0.410
 0.980
-0.967
-1.925
 0.375
 0.951
-0.226
-0.373
-0.785
 0.037
 0.430
-0.014
-0.154
-0.445
 0.402
 0.699
-0.093
 0.059
 0.040
 0.026
 0.071
-1.030
-1.932
-0.292
-0.490
-0.179
 0.298
-0.269
 1.019
-0.124
-1.676
 0.963
-0.075
 0.244
-1.152
 0.227
 0.228
 1.977
 0.373
 0.117
-0.265
-0.357
-1.082
-1.597
 0.567
-0.414
-1.159
-1.011
 0.455
-0.553
-1.516
-1.356
-1.995
-1.858
-1.912
-1.465
-1.458
-0.737
-1.096
-2.084
-0.984
-0.442
 0.622
-0.691
 0.262
-0.335
-1.458
 0.654
 1.106
 0.410
-1.569
 0.259
 0.238
 0.089
-0.850
-0.982
-1.826
-0.151
-1.523
-0.483
-1.148
-0.848
 0.421
-0.205
 1.538
 0.343
 0.141
-0.672
-0.792
 0.478
 0.248
-0.214
-1.091
-0.429
-2.017
-1.464
-2.328
-1.885
-2.362
 0.383
-0.771
-0.383
-0.757
-0.985
-0.257
-2.731
-2.031
-1.942
-2.149
-0.627
 0.016
-0.915
-0.283
 1.367
 0.126
-2.034
 0.169
-0.653
-0.939
 1.152
 1.403
 0.183
 0.786
-0.162
 0.687
 0.726
 1.743
 0.030
-1.529
-0.944
 0.631
 0.356
 0.100
-0.775
 1.628
 0.640
-0.137
-0.407
 0.561
-0.460
-1.052
 0.133
 0.039
 0.301
 0.574
 0.561
 0.629
 0.953
-0.672
 0.134
 0.018
 1.026
 1.275
 0.418
 0.961
-0.661
-0.159
 0.294
-1.139
 1.030
 0.243
-0.883
-0.726
 0.452
-0.259
-0.347
-0.231
-0.438
-0.447
-0.148
-0.701
-0.761
 0.037
-0.796
-1.960
-1.439
-1.107
-0.980
-0.822
-0.851
-0.760
 0.117
-0.501
-1.204
-0.645
-2.114
-1.733
 0.017
 0.333
-0.396
 0.051
 0.919
 0.171
 0.262
 0.289
 1.436
 1.962
 1.076
 2.013
 0.541
-0.499
 0.423
-0.168
 1.039
-0.560
 0.626
-0.787
-0.621
-0.748
-1.435
 0.222
-0.732
-0.110
-0.881
-1.192
-1.438
-1.721
 0.041
 0.256
-0.697
-0.650
-0.958
 0.848
 0.736
 0.881
 1.364
 0.776
 0.544
 1.393
 0.309
 0.308
 0.561
 0.776
-0.612
-0.177
 0.087
-0.219
-0.045
 1.497
 1.141
 0.431
 0.269
-0.484
 0.262
 0.684
-0.815
-1.231
-0.258
-0.326
 0.499
 0.387
 0.163
 0.864
 0.408
 1.319
-0.139
-0.032
 1.263
-0.299
 0.071
 1.545
-0.517
-0.389
 0.296
 0.755
 0.452
 0.775
-0.061
-0.346
-0.044
-0.255
-0.097
 0.581
-1.430
-0.508
 0.297
-0.327
 0.155
 0.113
-0.436
 0.203
 0.431
 0.095
 0.437
 0.368
-1.107
-0.133
-1.580
-1.370
-1.331
-1.181
-0.806
 2.246
 1.477
 0.635
 1.245
 0.508
 0.565
 0.651
 1.107
 0.102
-0.493
 1.021
-1.102
-0.793
 0.256
-0.401
 0.636
 1.903
 1.776
 0.701
 0.246
-1.167
 0.670
-0.607
 0.167
 0.996
-0.304
-1.119
-1.461
-0.755
-0.258
-0.028
 0.614
 0.147
 1.137
-0.114
-1.083
-1.184
-0.656
-0.597
-0.963
-0.561
-1.501
-2.569
-0.282
-0.464
-0.006
-1.437
-1.135
-0.820
-0.841
 0.028
-1.111
 1.258
-0.443
-0.927
-1.263
-0.655
-0.242
-0.979
-0.101
 1.793
-1.245
 0.183
-1.314
-0.141
-1.462
-1.377
-0.068
-0.953
-0.200
 0.005
 0.343
-0.941
-0.676
 0.201
 0.527
-0.502
-0.039
-0.833
 0.529
 0.412
 0.874
-1.923
-1.880
-1.679
 0.352
 0.768
-0.661
 0.263
 0.184
-1.017
 0.214
-0.779
-0.722
 0.705
 0.913
 1.084
 1.717
 0.113
-1.417
 1.191
-0.314
-0.686
-0.018
 0.036
-0.709
-0.235
-0.100
-2.077
-0.956
-1.975
-0.754
-0.992
 0.404
 0.551
 0.670
-0.714
-0.390
 0.022
 1.549
 0.726
 0.848
 0.840
-0.702
-1.549
 0.023
-0.089
-0.581
 0.633
-0.336
 0.645
 0.369
 0.592
 0.418
 0.503
 0.666
-0.264
 0.605
-0.493
-0.187
-1.178
-0.990
-1.183
-0.229
-1.679
-0.410
-0.131
 0.152
-0.503
-0.638
 0.258
-1.247
-0.522
-1.653
 0.099
-1.484
-2.549
-0.944
-0.218
 0.114
 0.214
-0.342
-0.332
-2.470
-0.269
 0.932
-0.528
 0.345
-0.306
-1.265
 0.034
-0.223
-0.443
 0.731
 1.040
 0.816
 1.539
-0.919
 0.861
 0.797
 2.414
 1.248
-0.612
-0.086
 0.191
-0.315
-2.261
-2.543
-1.509
-0.155
-0.316
 0.097
-0.753
-0.825
 0.082
-0.383
-2.017
-0.485
-0.417
-0.729
-2.459
-0.722
-0.613
-0.813
-0.948
-0.772
 1.260
 0.840
 0.301
 0.139
 0.787
 0.031
-1.075
-0.364
 0.062
 0.096
 0.193
 0.129
 0.891
 1.318
 0.893
 0.147
-0.005
-0.786
-0.640
-0.922
-0.557
-0.372
-0.729
 0.304
-0.390
 0.399
-0.224
 0.128
-1.031
-1.009
-1.025
-1.721
-1.391
-1.530
-0.118
 0.023
-1.025
 0.567
 0.514
-0.046
-0.568
-1.924
-1.655
-0.534
-0.384
-1.216
-0.697
-2.650
-1.160
 0.314
-0.930
-0.139
 0.355
-0.048
-1.012
-0.163
-0.614
-0.661
-0.284
-1.959
-0.091
-0.995
-1.266
-1.666
-0.162
-0.256
-0.404
-0.309
-0.206
 1.036
 0.026
-0.335
-0.911
-1.617
 0.325
-1.865
-1.269
-1.651
-1.410
 0.345
 0.231
 1.632
 0.481
-1.094
-1.488
-1.874
 0.538
-0.979
-0.975
-0.518
-0.468
-1.105
-0.305
 0.937
 0.636
 0.498
-0.658
-0.467
-0.928
-0.538
-0.185
-1.348
 0.312
-0.904
 0.132
-1.996
-0.160
-1.561
-0.535
-0.416
-0.100
-0.659
-0.895
 0.237
-0.799
-0.196
-0.328
 0.478
-0.863
-0.691
-0.540
-1.189
-1.625
-0.397
-0.934
-1.191
 0.635
 0.763
 0.081
-0.722
 0.310
-0.329
-0.613
 0.583
 0.935
 0.604
 0.263
-0.655
-0.807
 1.269
 0.294
-1.378
-1.038
-1.149
 0.661
-0.626
 0.636
 2.405
 0.677
-0.912
-0.611
-1.107
-1.168
-1.259
-0.735
 0.641
 0.207
 0.289
-0.295
-0.775
 0.388
 0.224
-1.284
-0.931
-0.265
-0.451
-0.315
-0.019
 0.729
 0.098
-1.514
-0.454
-0.338
 2.085
 0.669
-0.542
-0.094
-0.481
-0.242
 0.294
-0.886
-1.207
-0.332
 1.262
-0.626
-0.334
-0.566
-0.012
-0.082
-1.059
-1.594
-0.257
-0.289
-0.500
-0.067
-1.158
 0.032
-0.626
-2.031
-1.955
-1.360
-1.375
-0.585
-1.059
-0.275
 0.332
 0.587
 0.584
-0.074
 0.514
 0.230
 0.248
 0.360
 1.190
 0.578
-0.552
 0.432
 0.872
 0.072
-0.727
-0.318
 0.598
 0.952
 1.012
-0.533
 1.152
 0.422
-0.437
-1.339
 0.441
-1.116
-0.960
-0.434
 0.534
 1.694
-0.272
 1.278
 0.571
-0.186
 0.195
 0.182
 1.592
 0.562
 0.823
 0.368
-0.114
 0.157
 0.081
 1.665
 1.677
 0.836
-0.700
 1.598
-0.678
-1.042
 0.037
-0.582
 0.048
 0.153
 0.298
-0.746
 0.503
-1.543
-0.693
-1.043
-0.378
-1.578
-2.400
 0.262
 0.627
-0.599
 0.328
-1.418
-0.025
 1.255
 1.561
-0.391
-0.005
-0.246
-0.513
 0.346
 1.452
 1.975
 0.677
 0.176
-0.697
 0.642
-0.712
-0.362
 1.245
 0.693
 0.619
-0.414
-0.046
-0.291
-0.815
 0.785
 0.471
-0.796
 1.137
-0.906
-0.399
-0.711
 0.512
 0.241
-0.096
 0.988
-0.796
-0.546
 0.579
 2.350
-0.941
 0.065
-0.396
 0.526
 0.312
 1.098
 0.972
-0.228
 0.797
-0.499
 0.493
 1.155
 1.552
 1.458
 1.832
-0.106
-0.308
 0.572
 0.015
 1.974
 1.052
 0.592
-0.746
 0.920
-0.337
-1.036
-0.754
 0.176
-1.241
-1.051
-0.452
-0.211
 0.493
 1.739
 0.587
-0.741
-0.363
 1.051
 0.202
-0.649
-0.814
-1.853
-1.981
-0.838
 0.536
-1.572
-1.321
-0.685
 0.310
-2.343
 0.030
 0.668
 0.431
 0.691
 1.446
 2.002
 0.049
 0.577
 1.922
-0.192
-1.747
-0.907
-0.910
 0.720
 0.421
-2.417
-0.620
 0.201
-0.881
-0.937
-0.966
-0.423
 0.409
-0.107
-2.006
-1.173
-1.140
-1.855
-0.771
-1.049
-0.478
-2.032
-1.283
-1.758
-1.271
-0.699
 0.613
-0.940
-0.163
-0.398
-0.581
-0.483
-1.331
 0.916
 0.168
-1.402
-1.587
 0.958
-1.046
-1.112
-0.406
 0.952
-0.231
 0.620
 0.355
-0.823
 0.325
 0.384
 0.159
-0.910
-2.600
-1.454
-0.554
 0.141
-1.203
-0.232
-0.468
-0.083
-0.477
-0.184
 0.520
-1.230
-1.489
-0.179
 1.125
 0.286
 1.564
 0.728
 0.259
-2.039
-0.696
 0.594
-0.489
-1.167
-0.293
-0.404
-0.041
-0.862
-1.522
-1.698
-0.841
-2.174
-1.342
-0.768
-0.656
-0.679
 0.511
-0.360
-2.451
-1.673
-2.265
-2.513
-1.599
-0.425
-0.757
-0.825
-2.390
-2.505
-2.084
-0.951
-1.511
-2.111
-2.438
-2.817
-0.579
-0.810
-1.482
-1.539
-0.864
-1.028
-1.435
-0.443
-1.611
-1.160
-0.854
-0.680
-1.203
-0.492
-0.568
 0.396
-0.497
 0.599
 0.126
-0.437
-1.486
-1.846
-1.108
-1.210
 0.012
-0.928
-0.583
-0.658
-0.265
-0.583
 0.706
-0.856
-1.116
-2.157
-1.288
-1.532
-0.358
-2.016
-2.659
-0.745
-1.662
-3.332
-1.344
-1.690
-1.235
-1.242
-0.808
-1.130
-0.101
-1.077
-1.959
-0.554
-2.709
-3.041
-1.568
 0.565
-0.055
 0.118
-0.158
 1.743
-0.445
 0.342
 1.273
 1.489
 0.273
-0.235
-0.696
-0.578
-1.981
 0.651
 0.542
 0.350
 0.078
 0.026
-0.176
 0.863
 0.215
-0.322
 0.900
-0.719
-0.194
 0.369
 0.065
 0.110
-1.319
-0.109
 0.397
 0.693
 0.519
-1.000
-1.375
-0.805
 0.149
 0.579
 1.124
 0.943
-1.237
-0.035
 0.319
 0.018
 0.281
-1.602
-0.846
-0.362
-1.082
-0.038
 1.629
-0.589
-1.900
 0.133
-0.493
-1.195
-0.463
-1.580
-0.529
 0.179
-0.061
 0.051
 0.560
-0.274
-0.868
 0.674
-0.217
-0.763
 0.443
 0.021
-0.851
-0.168
-1.302
-2.108
-0.494
 1.022
 0.677
 0.244
 0.517
 1.039
-0.083
-0.939
 0.462
 0.371
-0.621
-0.125
-1.078
-1.277
-0.248
 0.352
-1.241
-0.576
-1.519
-0.653
-0.925
-0.863
-0.821
-0.413
 1.787
-0.110
-1.336
-0.148
-1.419
 0.419
 0.789
 1.263
-0.102
 1.256
 0.582
 0.331
-0.035
-0.951
-1.448
-1.807
-1.529
-1.682
-0.230
-2.510
-0.965
-2.094
-1.646
-1.195
-1.718
-0.602
-0.571
 0.377
-0.388
-1.496
-0.350
-0.782
-2.453
-1.398
-1.365
-2.053
-2.608
 0.395
 0.441
 0.503
-0.599
 0.627
-0.570
-0.197
 0.418
-0.899
-0.797
-2.150
-0.821
-0.318
 0.844
 0.882
-0.505
 0.237
-1.584
-1.513
-0.694
-0.029
-0.520
-1.102
-1.700
 0.107
-0.656
-0.390
-1.305
 1.296
 0.282
-0.238
 0.313
 1.348
-1.067
-0.128
-0.492
 1.628
 1.033
 0.353
-0.957
 0.399
 0.049
-0.226
-1.529
-0.892
 0.043
 0.313
-0.259
 0.005
 0.439
-0.348
-0.684
-0.126
-0.975
-0.201
 0.165
 0.595
-1.249
-1.516
 0.358
 0.275
-1.001
 1.542
 0.278
 0.273
-1.596
-0.807
 0.167
 1.938
 1.896
-0.173
 0.831
-0.339
-0.924
 1.763
-0.742
-0.997
-0.113
 0.074
 1.067
 0.017
-0.167
 0.323
 0.309
 0.944
-1.000
-0.745
-0.409
 0.535
 0.507
 0.104
 0.836
 0.303
 0.161
 2.098
 0.694
 0.995
 0.134
 0.531
-0.924
 0.793
 0.066
-0.261
-0.727
 0.678
-1.092
-0.207
-1.783
-0.504
 1.461
-0.756
-0.566
 0.359
 0.370
 0.005
 0.542
 0.493
-0.826
-1.443
 0.421
-0.706
-1.681
-0.035
 0.035
-1.915
-0.925
 0.597
 0.426
-0.755
 1.670
 1.186
 1.984
-0.337
-0.167
-0.388
-0.004
-0.666
-0.431
-1.316
-0.568
-0.347
-0.315
 0.787
 0.189
 0.503
 0.213
 1.092
 1.235
 0.621
 0.149
-0.276
 0.272
 0.238
-0.221
 1.457
 1.260
 1.737
-0.022
 1.164
 1.420
 0.295
-0.210
-1.426
 0.715
 0.298
 0.908
 1.517
 0.692
 1.543
-1.367
-0.435
-1.699
-0.228
-0.399
-0.485
-0.164
-0.718
-0.902
 0.979
-0.141
-0.055
-1.328
-0.815
-0.524
 1.310
 0.073
 0.034
-0.243
-0.690
-0.422
 0.675
 1.189
-0.696
-0.004
 0.604
-0.834
-2.038
-2.182
-0.489
-0.862
-1.421
-1.473
-1.054
-1.129
-0.596
-0.151
 0.636
-1.490
-0.386
-1.111
-0.288
-1.986
-0.818
-0.217
 0.525
 0.212
-0.693
-0.115
 0.015
-0.396
-0.105
-0.664
-0.275
-0.572
-2.109
-0.586
 1.340
 0.611
 0.400
-0.366
 0.200
 0.859
-0.874
-1.780
 0.059
 0.201
-0.921
-0.536
 0.230
-0.331
 1.243
 1.228
 1.998
 0.625
 0.159
-0.276
 0.608
-1.201
-1.013
 0.217
 0.039
 1.218
 0.417
-0.440
 1.201
 0.178
-0.040
 1.599
 2.448
 0.964
 1.219
 0.671
 1.249
 0.151
 2.348
 1.255
-1.058
 0.297
 1.287
 0.225
 1.602
 0.550
 1.428
 1.673
-1.052
 0.956
-0.315
-0.765
-0.736
 0.313
-0.914
-1.307
 0.049
-1.693
-0.627
-0.181
-0.014
-1.282
 0.716
 0.424
-0.458
 0.291
 1.139
 1.366
 1.099
 0.202
 0.766
-0.216
 0.628
-0.270
-0.763
-0.948
-0.717
-1.101
 0.358
 0.658
-1.286
-1.123
-0.538
-1.151
 0.903
-1.861
 0.653
 1.276
 1.003
-0.525
 1.060
 2.102
-0.261
-0.317
-0.923
 0.134
 0.258
 0.313
-0.704
-0.176
 1.131
 1.239
 1.811
 0.759
-0.889
 0.799
 1.185
 1.315
 0.832
 0.545
 0.442
 2.148
 0.751
 0.569
 1.535
 1.233
-0.050
 0.386
 0.042
 0.720
 0.870
-0.176
-0.548
-0.306
 0.858
 0.628
-0.643
-0.126
-0.600
-0.356
 1.119
 0.244
 1.163
 1.324
 0.898
 0.426
-0.118
 0.077
 1.224
 0.171
-1.494
-1.066
-0.556
-0.924
-0.779
 0.431
-0.112
-0.974
-0.818
-0.738
-0.807
-0.740
 1.251
-0.352
 0.369
 1.193
 1.450
 1.475
 0.902
-0.155
 0.923
 1.232
-0.417
 0.861
 0.291
 0.944
 0.144
-0.417
 0.823
 0.188
-0.838
 0.243
-0.500
-0.137
-1.161
 0.926
-0.213
-0.253
-0.202
 0.605
-0.363
-0.769
-0.354
-0.756
-0.719
-0.253
-0.204
 0.733
 0.685
-0.545
 0.992
 0.639
 1.990
-0.767
 0.071
 0.046
-0.637
 0.248
 0.146
 1.292
 1.557
-0.364
 1.170
 1.249
 1.540
 0.041
-0.320
-1.033
-0.009
 0.052
 1.052
 2.026
 2.211
 2.062
-0.014
 1.696
 1.523
 2.104
 0.594
 1.280
 0.442
 1.947
 0.469
-0.076
 1.085
 1.728
 1.302
 1.647
 0.952
 2.393
 0.674
 0.362
 1.343
 0.731
-0.419
-1.241
-1.565
-0.351
 0.447
 0.142
 0.307
 0.590
 0.426
-0.283
 0.227
 0.694
 0.366
-1.390
-1.205
 0.333
 0.860
 0.281
 1.461
 0.685
-0.940
-0.289
-0.568
-0.423
 0.340
 0.836
 1.228
-0.035
-0.621
-0.003
-0.617
 0.060
-0.488
 0.989
-0.214
-0.852
-0.341
 0.378
 0.822
 0.535
-0.357
-0.287
 0.583
 0.116
-1.036
 0.591
 0.630
 0.349
-0.813
 0.006
-0.930
-0.979
-2.213
-1.126
-1.599
-1.247
-1.245
 1.386
 0.204
-0.643
-1.542
-1.159
-0.383
-0.862
-0.553
-0.741
-1.991
-0.094
-1.739
-1.039
-1.235
-0.490
 0.654
 0.782
 0.213
-0.016
 0.657
-0.755
 0.155
 0.295
 0.978
-0.156
 0.707
 0.089
 0.591
 0.903
-0.236
-0.509
-0.274
 0.835
 0.269
 0.301
 0.280
-0.301
-1.077
 0.973
-0.020
-3.226
-0.844
-1.348
-0.708
 0.773
 1.276
 0.352
 0.449
-0.817
-0.176
-0.194
-0.553
-0.281
-0.928
 1.889
 0.548
-0.035
-1.022
 0.474
-0.338
-0.096
-0.156
 1.294
 0.495
 1.702
 0.215
-0.680
-0.713
-0.662
-1.653
-0.214
-1.255
 0.721
 0.405
 0.175
 1.337
-1.456
-1.846
-1.028
-0.645
-0.593
 0.418
 1.171
-1.206
-1.917
-1.424
-0.103
-2.703
-0.736
-0.831
-1.742
-2.022
-0.982
-0.709
-1.355
 0.379
 1.561
 0.391
 0.353
 0.977
 0.885
 0.599
 0.849
 1.632
 0.963
 0.241
-0.420
-0.782
 0.471
-0.898
-1.206
-2.006
-0.854
-0.449
 2.141
 0.909
 0.311
 0.280
 1.536
 1.065
-0.499
-1.112
-0.818
-0.509
-0.854
-1.383
-1.331
-0.826
-0.075
-0.423
 0.073
-0.229
 0.379
 0.014
-0.784
-1.175
 0.383
 0.993
 0.037
 0.506
 0.329
 0.388
 0.857
 0.340
 1.238
-1.001
 1.039
 2.898
 1.360
 1.512
-0.002
 1.155
-0.010
-0.740
-0.246
-0.797
 0.312
-0.057
 0.934
 0.272
 1.307
 1.436
 0.979
-0.829
-0.164
-0.618
-0.481
-0.341
 1.785
 0.658
 1.613
 1.620
 0.743
-0.210
-0.110
-0.520
-0.547
 0.637
-1.208
-0.753
 1.079
 1.252
-0.626
-1.013
 1.468
-0.573
-0.979
-0.437
 1.165
 0.502
 0.910
 1.756
 1.790
 1.243
-1.407
-0.577
-0.060
 0.846
-0.422
-0.475
 0.238
 1.079
-0.417
-0.156
-0.560
-0.392
-1.301
-0.907
 0.358
-0.510
-0.361
 0.242
-1.800
 0.176
 0.141
-0.393
-0.805
-0.826
 0.562
 0.703
-0.036
 0.227
 0.634
 0.287
-1.011
 0.278
-0.408
 0.822
 0.005
-0.134
-1.318
 0.772
-0.643
-1.685
-0.831
-0.112
 0.075
 1.260
 0.271
 1.702
 0.780
 1.201
 1.294
 1.771
 1.568
 1.572
-0.586
 1.517
 0.166
-0.074
-1.243
 0.871
 0.259
 0.881
 1.256
 0.294
 0.653
 1.046
 0.578
-1.155
 1.090
 0.718
 0.214
 0.168
-0.850
 0.055
 0.381
-0.935
-0.823
-0.601
 0.112
 1.235
-0.401
-0.406
 0.098
 0.874
 1.273
 0.592
 0.543
 1.368
 0.015
-0.257
-1.844
-0.393
 0.326
 0.186
 0.060
 0.545
-0.725
-0.796
-0.075
-1.722
-0.234
-0.054
-0.050
 0.928
 0.065
 1.351
 1.582
 0.378
 1.456
 0.125
-1.117
 1.016
-0.227
-0.883
-0.469
-2.050
-0.427
 0.257
-0.652
 0.282
 1.389
 0.248
-0.642
 0.034
 0.850
-0.529
-0.801
 0.476
-0.045
-0.720
-0.237
 0.851
 1.451
 0.265
 0.098
-0.058
 0.789
-0.356
-0.451
-1.304
-0.808
-2.093
-0.602
 0.828
 0.414
 0.370
 0.524
 0.050
-0.499
 1.375
-0.014
 0.509
 0.839
 0.085
 0.220
 0.473
-1.365
-0.411
 0.633
-0.453
-0.518
-0.468
-0.392
-1.606
 0.009
-0.065
 1.341
 0.399
 1.263
 0.411
 0.187
-0.840
-1.116
-0.603
-0.221
 1.965
 1.357
 1.182
-0.662
-0.614
-0.881
-1.916
-1.706
-1.160
-1.864
-0.429
 1.239
 0.218
-0.560
-1.429
 0.083
-0.104
-1.214
-0.388
-1.368
-0.990
-0.941
 0.220
-0.390
 0.331
-0.546
 1.250
-0.848
-1.019
 0.169
 0.118
-1.300
-1.550
-1.701
-1.538
-1.128
 0.179
-1.640
-2.271
-2.372
-2.229
-1.922
-0.856
-1.329
-1.796
-0.370
 0.238
-1.204
 1.233
-1.369
-1.706
-0.496
-1.330
-0.763
 1.074
-0.124
-1.042
-1.426
-0.144
-0.408
 0.012
-1.550
-0.752
 1.400
 0.535
 0.191
 0.196
-0.216
 0.398
-0.634
-0.426
-0.688
 0.613
 0.780
-0.164
 0.551
-1.124
-0.862
 0.147
 0.979
-1.679
-1.931
-2.954
-0.159
-0.829
-1.035
-2.329
-3.075
-1.893
-0.361
-0.143
 0.020
 1.657
-0.338
-0.463
-2.702
-0.837
-0.179
 0.934
-0.051
-0.251
 1.049
-1.113
 0.310
-0.647
 0.012
 0.835
 1.728
 0.115
 0.022
-0.100
 1.636
 0.157
 0.018
 0.649
-1.183
 0.740
 0.816
 0.349
 0.760
 1.002
 1.886
 0.542
-0.206
 0.266
 0.539
 2.079
 1.531
-0.819
-0.003
 0.622
 0.516
 0.145
-0.633
-0.675
 1.221
 0.182
 0.469
 0.406
-0.099
 2.117
 0.241
-0.049
 0.934
 0.901
 1.574
 0.071
 0.096
-1.175
 1.517
-0.639
 1.123
-0.257
 0.980
 0.814
 0.226
 0.177
-0.272
-0.299
-0.045
 1.040
 2.055
 0.789
 1.644
-0.554
-0.666
-1.844
-1.139
 0.745
-0.829
-0.699
-0.585
-1.625
 0.312
-0.505
 0.000
-0.120
-0.657
-0.177
-0.514
-1.130
 0.125
-0.097
 0.728
-0.118
-0.790
 1.496
 0.168
 0.145
-0.790
 0.778
-1.451
-0.021
-0.141
 1.135
-0.267
-0.295
-0.326
-0.793
 0.104
-0.668
 1.011
 1.623
-0.462
-0.641
-1.521
-0.012
-0.938
 1.552
 0.224
 0.133
-0.938
-0.172
 0.440
-0.764
-0.219
-0.159
 0.057
-0.283
 1.008
 1.440
 0.696
 0.780
 1.222
 2.027
-1.050
-0.604
 1.225
-0.238
-0.385
-0.765
-1.265
-2.525
-1.480
-0.503
-1.190
-1.342
-0.984
-0.658
 0.417
 1.216
 0.185
-0.319
 2.361
 0.337
 0.282
 0.186
 0.930
 0.269
 0.429
-0.443
-0.195
 0.270
-0.829
-0.252
 0.411
 0.756
 0.463
-0.195
 1.396
 1.957
 0.616
 1.955
 1.448
 0.576
 0.460
 0.257
 0.685
-0.623
 0.996
-1.067
-1.760
-0.966
 0.195
 0.256
-1.206
-0.370
 0.930
 0.506
 1.127
-0.476
 1.312
 0.779
 0.837
 0.495
 0.720
-0.417
-0.514
-0.850
 0.807
-0.221
-0.537
-0.355
 0.702
-1.099
-0.501
 0.195
 1.224
 1.004
-0.462
 0.590
 2.780
-0.126
 0.546
-0.094
-0.682
-0.299
 1.565
-0.520
 0.078
 0.500
-1.071
-0.060
 0.938
-0.146
 0.745
 1.020
 2.091
 1.466
 1.339
-0.422
-0.104
 1.755
 0.708
 0.540
 0.370
-0.326
 0.773
-1.294
-2.631
-1.960
-0.140
-2.859
-0.343
-0.844
-0.219
-0.284
-0.189
-0.454
-0.014
-0.950
 0.211
 0.795
-0.506
-1.141
 0.454
-0.052
 0.998
 1.617
 0.890
-1.577
-1.525
 0.534
 0.387
 0.016
 1.513
 1.155
 1.064
 0.137
 1.367
-0.287
 0.546
 0.674
-0.786
 0.198
 0.200
 1.531
 1.181
-0.333
-0.403
 0.613
 1.123
-0.116
 0.582
-1.147
-0.347
 0.347
-0.819
-2.460
-2.017
-0.020
-0.765
 0.389
-0.471
 0.348
-0.844
-0.708
 0.451
-1.029
 0.526
-1.887
-0.264
 0.906
-0.421
-0.266
 0.434
 0.509
 1.480
-0.450
 0.841
-1.926
-0.673
-1.347
-1.235
-2.288
 0.477
 1.013
-0.578
-0.492
-0.163
-3.293
-0.735
-1.098
-1.213
-2.057
-1.005
-0.919
 0.068
-0.416
-0.562
-0.980
-1.606
-3.379
-2.149
-1.227
-1.838
-0.177
 0.314
-0.749
-1.308
-1.423
-2.406
-2.089
 1.239
-1.191
-1.569
-0.534
-0.487
 0.151
 1.494
 0.878
-0.269
-0.915
-1.079
-0.387
 1.144
 0.078
 0.066
-0.941
-0.677
 0.612
 0.655
 0.365
-0.313
 1.446
 0.948
 1.538
-0.285
-0.303
-0.309
-0.065
 0.079
 0.993
 0.080
-0.085
 0.553
-0.958
 0.354
-0.922
-1.946
-1.640
-1.332
-0.488
-0.180
-1.248
-0.349
-0.262
-2.049
-1.926
-0.026
 1.588
 0.017
 0.466
-1.524
-1.632
-1.003
-0.117
-0.222
-0.383
-1.317
-1.455
-1.757
 0.698
-1.151
-0.576
-1.388
-0.887
-1.898
-1.029
-0.745
-0.007
 0.557
 0.383
-0.802
 0.355
 0.290
-1.088
 0.208
 1.082
-1.938
-0.577
 0.416
-0.505
-0.746
-0.959
-1.547
-1.048
-0.259
 0.071
 0.492
 0.263
 0.378
 0.408
 0.021
 0.962
 0.442
 0.523
 0.840
 1.164
 0.158
 0.834
-0.304
-0.363
 0.717
 0.944
 1.006
-0.288
-0.181
 0.161
 0.198
-0.650
 0.898
 0.539
-1.059
-1.548
-0.514
-1.054
 0.061
-0.378
-0.219
-0.507
-1.702
 0.926
-0.308
 0.583
-0.795
-0.834
-0.443
 0.640
-0.281
 0.062
-0.240
-0.312
-0.480
-0.979
-0.600
 0.243
 0.035
-0.187
-1.050
 0.302
-1.734
-0.558
 0.091
 1.276
 1.450
-0.364
 0.651
 1.502
 0.741
 0.734
-0.223
 0.782
 0.342
 1.842
 0.985
 0.153
 0.380
 0.486
 0.984
 0.623
-0.043
 0.545
 0.872
 1.477
 1.624
 1.100
-0.222
-1.666
 0.401
-1.101
 0.689
 1.281
-0.188
-1.264
-0.795
-0.050
 0.990
 0.262
 0.110
-0.987
 0.861
 0.147
 0.726
-0.866
 0.058
 0.978
 0.681
 2.168
 1.345
 0.640
 0.261
-0.177
-1.797
-0.335
-0.371
-1.480
-1.717
-1.542
-3.343
-3.313
-1.708
-0.871
-0.969
-0.876
-2.042
-0.779
-0.772
-1.483
-0.576
 0.078
-0.795
-0.213
 0.847
 1.530
-0.386
-0.163
-0.175
-0.199
-2.131
 0.298
 0.823
 1.428
-2.093
-0.159
-1.220
 0.006
 1.413
 0.754
-0.021
-0.531
-1.481
-0.495
-0.781
-2.204
-0.692
-2.203
-0.673
-1.178
 0.203
 0.028
-0.264
-2.209
-2.252
-1.251
-0.923
-1.422
 1.730
-0.520
-1.065
 0.505
-0.904
 0.775
-0.069
-0.152
-0.443
-1.079
-0.108
-0.117
 0.080
 0.118
-0.500
 0.997
-0.556
-0.796
-0.688
-0.605
-0.339
-0.281
 0.393
-0.752
-0.099
 2.387
 0.112
-0.129
 1.072
-0.018
-0.188
 0.077
-0.160
 0.000
-0.164
-1.775
-0.224
-0.076
 0.357
-0.458
 0.044
-2.024
 0.270
-1.068
 0.229
 0.323
-1.335
-0.810
-0.258
-1.597
 0.631
-1.297
-1.021
-1.388
 1.174
-1.064
 0.430
 0.151
-1.003
-0.558
-1.600
 0.145
-0.807
-1.719
-2.458
-3.010
-0.608
-0.536
-1.322
-1.620
-0.495
-0.744
-0.982
-1.499
-1.351
-2.585
-1.967
-0.942
-0.321
-0.392
-1.122
-0.439
-0.171
-0.086
 0.424
-0.239
 0.122
 0.133
 0.406
-0.520
 0.937
 0.152
-0.412
-0.549
-0.418
 0.056
-1.703
 1.606
 0.164
-0.594
 0.921
 0.586
-0.920
-0.012
 0.411
-0.879
 0.227
 0.386
-0.434
 0.649
 0.810
 1.165
 1.371
 0.253
 0.904
 0.264
 0.672
-0.486
-0.916
-0.954
-2.080
-1.312
-0.056
-1.111
 0.625
 0.433
-0.216
-1.068
-0.423
-1.604
-0.520
-0.480
-2.005
-0.546
 0.731
-1.129
-1.914
-1.218
-0.796
-1.080
-1.796
-1.283
 0.067
 1.341
 0.146
 0.202
-0.554
-0.150
-0.546
-1.731
-0.157
-1.507
-0.074
 0.533
-0.594
 0.385
 0.513
 0.978
 0.883
 0.128
 0.778
 0.011
 0.256
-0.120
 0.516
 0.991
-0.496
-0.134
-1.223
-1.643
-1.732
-0.281
-0.062
 0.041
-0.498
-0.186
-0.072
-0.053
-1.834
-2.274
-1.210
-0.440
-0.293
-0.174
-0.402
 0.912
 0.981
-0.345
-1.738
-2.073
-1.240
-1.602
-0.392
 0.162
-0.342
-1.312
 0.270
 0.531
 0.486
-1.001
 0.200
-0.092
 1.048
-0.358
 0.357
 0.153
 1.420
 1.628
-0.435
 0.887
-0.781
 0.105
-0.982
-0.223
-0.309
-1.116
 0.896
-0.172
-1.126
-0.917
-0.545
-1.259
-2.397
-1.019
-0.949
 0.572
 0.204
 0.624
-0.580
-1.395
-0.108
-0.127
-0.439
 0.288
 1.401
 0.796
-0.169
 0.118
 0.872
 1.246
 0.956
 1.360
-0.168
-0.435
 0.326
 0.039
 0.115
 0.990
-0.424
-0.994
 0.030
 0.069
 0.585
-0.157
-1.976
-0.920
-2.286
-1.853
-0.098
-0.719
-0.470
-3.277
-1.586
 0.624
-0.556
-1.998
-0.194
-0.150
-0.666
 0.542
 0.841
 0.234
-1.173
-0.854
-0.236
-0.817
-1.234
-2.196
-1.670
-0.441
-1.289
-1.237
-2.012
-1.777
-0.014
-1.982
-1.901
-1.453
-1.107
-1.532
-1.559
 0.273
 0.780
 0.397
 1.259
 0.879
-0.727
-0.896
-0.618
-0.900
-0.662
-1.134
 1.579
 0.973
 0.272
 0.913
-1.295
-0.303
-1.493
-1.271
-1.117
-0.833
-0.115
-0.627
-0.679
 0.715
 0.744
 0.362
 1.455
 0.930
 0.522
-0.136
 2.173
 0.423
-0.165
-1.108
-0.743
-0.283
-0.847
-0.305
-1.546
 0.229
-0.475
 1.046
 0.324
-0.553
-1.905
-0.352
 0.410
-1.042
-0.289
-0.615
-0.377
-0.536
 0.342
 0.929
-0.041
 0.167
 1.558
 0.346
-0.300
-0.608
 2.211
 2.170
 1.507
 1.956
 0.706
-0.472
-0.245
 1.817
 1.159
 0.458
 1.048
 2.110
 0.008
 1.684
 0.990
 1.095
-0.044
-0.798
-1.750
-1.688
-0.695
 0.357
 0.111
-0.292
-0.437
 0.457
-0.207
 1.364
 0.828
 1.052
 0.165
 0.815
 0.249
-0.210
 0.641
 0.918
-0.664
 0.481
 1.207
 0.682
 1.555
 1.843
 0.660
 0.621
 0.961
 0.940
 1.159
-0.066
-1.365
 0.526
 0.011
 1.876
-0.451
 1.310
 2.160
 1.002
 0.097
 0.785
 1.234
-0.332
-0.514
-0.063
-0.202
 0.638
 1.416
-1.316
 0.882
 0.706
-0.295
-0.767
-2.136
 0.340
-0.427
 0.075
-0.316
 0.098
 0.188
-1.019
 0.813
 0.221
-0.459
-1.712
-1.563
-1.416
-1.280
-0.651
-0.337
-0.328
 0.351
 0.405
-2.208
-1.803
-1.825
-1.401
-1.015
 0.461
 0.289
-1.110
-2.473
-2.734
 0.439
-0.101
-0.433
 0.016
 0.364
-1.168
-0.437
-0.806
-0.259
-0.672
 0.722
-0.054
 0.607
 0.381
 0.627
-0.945
-1.869
 1.821
 1.111
 1.271
 0.491
 1.011
 1.097
 0.380
-0.119
 0.405
-0.180
-1.467
-0.599
 0.042
-0.712
-2.329
-1.673
-1.334
-0.731
-0.439
-0.411
 0.649
 0.904
-1.207
-1.828
-1.020
-0.740
-1.177
-1.145
-1.679
-0.818
-1.341
-0.485
-0.848
 0.084
 0.544
-0.341
-1.614
-0.478
-0.988
-1.247
-2.025
-2.440
-1.438
-1.171
-0.245
-1.779
-2.018
-2.209
-1.508
-2.817
-2.828
 1.343
-1.429
-1.102
-0.846
-1.869
 0.043
-1.163
-1.492
-0.892
-2.782
-1.903
-1.320
-2.223
-1.764
-0.474
 0.565
-0.723
-1.645
-0.023
-0.692
-1.132
-0.978
 0.210
 0.418
 0.531
-0.845
-1.629
-1.213
-1.829
-0.307
 0.684
-0.137
-0.589
 1.358
-0.555
-0.796
-0.500
-0.833
-0.264
 0.055
-0.206
 1.381
 1.044
 0.817
 0.271
-0.175
-0.312
 0.156
 0.539
 1.442
 0.427
 1.165
-1.050
-1.354
 0.250
 1.102
 0.846
 1.139
 0.834
 0.663
-0.995
-0.902
-1.559
-0.563
-0.380
 0.165
-1.491
-1.256
-0.288
-1.039
-0.439
-2.119
-1.874
-0.537
 0.713
 1.190
-1.042
 0.620
-0.187
-0.063
 0.083
-0.278
 0.102
 1.307
 0.635
 0.862
 0.559
 0.384
-0.327
 1.137
-0.952
-0.651
-1.514
-0.182
-0.328
-0.969
-1.416
-1.598
-0.377
-0.247
-0.696
-0.458
 0.216
 0.030
-1.411
-3.602
-1.328
-1.110
-0.339
 0.379
-0.588
-0.121
 0.537
 0.635
 0.704
 0.824
 0.202
 1.028
-0.225
-0.955
 0.756
-0.001
-0.212
-0.781
-0.110
 0.663
 2.355
 0.351
 0.135
-0.661
 0.634
-0.561
 1.435
-0.477
-0.621
-0.438
-0.241
-0.779
-0.650
-1.343
-1.050
-1.754
-1.530
-0.216
 0.299
 0.084
-0.387
-1.048
 1.161
 0.419
 0.563
 0.426
 3.671
-0.082
-0.656
 0.332
 1.117
 0.098
-0.352
 0.517
 1.118
 1.781
-1.694
 0.361
-0.944
 0.176
-0.335
 0.305
-0.604
-0.703
-0.382
-1.546
 0.036
 0.275
-0.875
-0.737
-0.106
-0.958
 0.338
 0.088
 0.327
-0.210
 0.549
 0.009
 0.890
 0.015
 0.624
 0.441
-0.454
-0.909
-0.013
-0.271
-0.022
 0.660
-0.080
 0.968
 0.291
-0.170
-0.574
-0.920
 0.768
 1.201
 0.284
-0.609
-0.105
-0.145
 0.560
-0.094
 0.956
-0.459
-0.564
-1.811
-1.179
-1.004
 0.900
-0.614
 0.593
-0.407
-0.134
-0.169
 0.450
-0.358
-2.603
-0.641
-0.187
 1.511
 0.362
-0.113
-1.532
 0.421
 1.694
-0.382
 1.231
 1.225
-0.548
 0.380
 0.674
 1.036
 1.007
-1.749
-1.149
 0.625
-0.469
-0.574
 0.358
 0.140
-1.294
-0.931
-0.694
 0.504
-0.404
-1.456
-0.557
-0.587
-0.141
-0.604
 0.602
-0.967
-0.674
 0.527
-0.609
-1.310
-2.097
-0.460
-1.212
-1.187
-1.708
-0.721
-0.010
-1.097
-0.082
-0.372
 0.238
 0.509
 0.339
 0.580
 0.396
-0.870
-0.287
-0.352
-0.427
-1.416
-1.503
-1.033
-0.729
-1.741
-0.847
-1.648
-1.039
-0.957
-1.761
-0.525
-1.070
-0.965
-0.566
 0.215
-0.731
 1.143
 0.324
-0.206
 0.874
 0.056
 0.141
 0.851
-0.108
-0.426
-0.044
-0.862
-0.203
 0.289
 0.897
 0.521
 0.100
-0.399
 0.192
 0.053
 0.451
 0.605
-0.704
 0.687
-0.276
 0.569
-0.204
 0.467
-0.328
-0.457
-2.229
-0.580
-1.251
-0.585
-1.006
 0.559
 0.218
-0.837
 0.672
-0.051
 0.101
 0.174
 0.664
 0.431
 0.170
 0.541
 0.477
 0.596
 0.253
-0.071
 0.133
-0.236
 0.510
-0.315
-0.553
 1.631
 0.913
 0.214
-0.528
-0.055
 0.040
 0.075
 0.754
 0.951
-0.546
-0.052
 0.498
 0.123
 0.915
 1.390
 1.464
 0.545
-0.379
-0.055
 0.748
 1.502
 0.251
 1.068
 0.873
-0.172
-0.957
-1.009
-1.175
-1.271
-1.915
 0.034
 2.377
 0.237
-0.104
-0.617
-0.375
-1.903
-1.517
-0.915
-1.230
-0.814
-0.296
-1.151
-1.771
-1.188
-1.981
-2.350
-1.070
-0.842
 0.039
-1.567
-0.301
 1.354
 0.952
 0.595
 0.530
-0.388
 0.280
-0.667
 0.005
-0.265
-0.180
 1.080
-0.960
 0.579
 1.144
 0.592
 0.755
 1.013
-0.150
 0.330
 1.398
 1.175
 0.763
-0.065
-0.211
 0.939
 0.292
 2.206
 0.030
 1.033
-0.748
-0.799
-1.378
-2.053
-0.514
-1.474
-0.961
-1.217
-1.019
-0.972
-2.244
-0.429
-0.289
 0.961
-0.065
 0.591
-0.284
 0.976
-0.309
 0.040
 0.963
-0.830
 0.448
 0.510
-0.289
-1.129
-1.217
 0.257
-0.038
-0.494
-0.224
 0.622
-0.137
-0.895
 0.089
 1.931
 1.267
-0.245
-0.359
-0.498
 0.572
 0.220
 1.538
 2.703
 1.285
-0.086
-0.680
-1.284
-0.937
-1.164
-0.478
 0.823
 0.169
-0.226
-0.652
-0.369
-1.076
 0.205
-0.252
-0.610
-1.567
-1.021
 1.655
-0.251
-0.564
 0.714
 0.201
 1.277
 0.801
-0.099
-0.506
 0.391
-0.118
 0.411
 0.509
 1.546
 1.341
 0.609
-0.083
 0.963
-0.208
-0.288
-0.059
-0.324
-1.879
-0.805
-0.748
-0.297
-1.133
-0.680
 0.677
 0.174
 0.255
-0.293
-0.048
 0.250
 0.799
-0.039
 1.152
-1.127
-0.568
-0.390
-1.642
 0.096
 1.146
-0.890
-1.279
-2.013
-0.171
-0.075
 0.762
-1.411
-0.213
 0.579
 0.561
 0.151
-0.519
-1.433
-0.958
-0.253
-1.656
-1.430
-1.241
-0.521
 0.898
 0.128
 1.130
 0.261
 0.414
-0.150
-0.893
-0.213
 0.896
 0.463
-0.074
-0.520
-1.590
-0.311
 0.086
-0.376
 1.156
-0.016
-0.003
 1.035
 0.543
-0.598
-0.297
-0.569
 0.104
 0.070
-0.300
-1.070
-1.660
 0.247
 1.066
-1.332
-0.739
-0.602
-1.294
-2.701
 1.545
 0.192
 0.746
 0.086
 0.211
 0.349
-0.226
 0.228
 0.114
 0.288
 1.485
 0.447
-0.289
 0.158
 0.649
 0.914
 0.645
 0.270
 0.248
-0.680
 0.120
 0.029
 2.411
 0.761
 1.454
 1.338
-0.939
-1.585
-0.414
-0.107
-0.775
 0.066
-1.488
 0.119
-0.991
-1.222
-0.187
-0.016
-0.360
-0.559
-0.003
 0.432
 0.094
-0.737
-1.727
 0.161
 0.926
 0.770
 0.722
-0.255
-0.167
-1.276
-1.150
-0.975
-0.990
-0.016
-0.130
-2.137
-3.234
-2.391
-1.495
-1.268
-0.495
 1.836
 1.038
-0.105
-0.734
-4.025
-2.760
-1.593
-3.186
-2.276
-2.434
-2.242
-1.529
 0.230
 0.232
-1.255
-0.604
 0.024
-0.545
-1.660
-1.401
-0.655
-1.539
-1.804
-1.365
-0.336
-0.571
-2.138
-1.509
-1.021
-0.719
-0.418
-1.905
 0.717
 0.610
 0.277
-1.157
-0.141
-1.087
-0.670
 0.320
 0.558
-1.482
-1.218
 0.936
 0.225
-0.234
 0.335
-0.185
-0.010
 0.594
 0.990
-0.922
-2.150
-0.918
 0.116
 0.873
-0.492
-0.349
 0.251
 1.329
 1.155
-0.572
-0.105
-0.136
-0.005
-0.901
-1.330
-1.974
-1.237
-0.426
 0.189
-1.687
-2.072
-0.788
-0.302
 1.370
 0.948
 0.127
-0.578
-0.774
-0.123
-0.066
 0.955
 0.222
 0.491
 0.808
 2.261
 1.154
 1.131
 0.131
 0.727
 0.053
 0.020
 0.445
 0.875
-1.193
 0.657
 0.770
-0.772
 1.594
 1.266
 1.401
 1.570
 1.092
-0.655
-0.283
 1.682
 1.491
 1.561
 1.898
 1.001
 1.039
 0.882
 1.014
 0.249
 0.199
-0.335
-0.135
 0.520
 0.133
-0.731
-0.401
 0.666
-0.670
 2.063
-0.433
 0.558
-0.555
 0.859
 1.590
 0.183
-1.105
-0.372
-0.458
-0.834
-1.392
-0.043
-0.245
-0.198
-0.626
-0.099
 0.266
 0.488
-0.437
-0.531
 0.081
 0.363
 0.804
 0.567
 1.827
-0.442
 0.349
-1.186
 0.623
 0.918
-1.029
 0.156
 1.183
 0.134
 0.293
-0.014
-0.914
 0.920
 0.342
-0.749
-0.486
-1.461
 0.751
-0.142
 1.208
 1.661
 1.769
 1.189
 0.205
 0.406
 0.282
 0.768
 1.880
-0.016
-0.441
 0.135
-0.817
 0.405
-0.355
 0.119
-0.059
-0.410
-1.187
 0.452
-0.175
 1.016
 0.295
-0.709
 0.204
 0.613
 0.245
-0.733
-0.360
-1.013
-0.146
-1.476
 0.286
-1.514
-1.258
 0.195
 0.285
 1.489
 0.807
 1.301
 0.053
 0.676
-0.009
 0.037
-1.544
 0.609
 0.157
 0.048
-1.156
-0.041
-0.042
 0.758
 0.744
 0.942
 0.276
-2.319
-0.903
-2.272
-0.799
-2.396
-0.230
-0.916
-0.059
 1.670
-1.745
-0.108
 0.027
-0.528
 0.041
 0.189
 1.171
-0.693
-0.110
 0.413
 0.061
-0.153
 0.279
-0.450
-0.693
 0.084
-0.113
 0.202
 0.097
 0.100
 0.434
 1.044
 0.592
-0.124
 0.418
 0.010
-1.137
 0.114
 1.201
 0.712
-1.381
 0.016
 1.178
 2.296
-0.665
 1.533
 1.279
 2.032
 1.776
-0.047
-1.173
-0.766
 0.081
 0.203
 1.486
 0.605
 0.057
 0.229
 1.128
-0.391
 0.054
-0.696
-1.344
-1.649
-2.020
-1.346
-2.090
-2.954
-1.961
-0.562
-1.369
-0.928
 0.603
 1.630
 0.622
-0.465
-0.091
-1.319
-1.088
 0.877
-0.464
 0.701
 0.605
-0.764
-0.802
 0.596
-0.834
-1.463
-0.787
-0.486
-1.668
-0.650
-1.170
-0.754
-0.988
-0.992
-1.245
-0.680
 1.229
 0.131
 0.005
 0.208
-0.512
-0.162
-1.986
-0.956
-0.479
-0.082
-0.734
 0.208
-0.309
-0.659
-0.995
-0.363
-0.080
 1.578
 0.013
 0.165
 1.773
 0.146
-0.930
-1.013
-0.264
-2.002
-0.780
-0.958
-0.272
-0.520
-1.562
-1.687
-1.175
 0.853
-1.039
-0.932
 1.536
 0.209
-1.198
-1.332
-1.278
 0.189
-0.149
-0.359
 1.176
-0.633
-1.309
-1.342
-0.080
-0.895
-0.918
-0.569
-0.580
 0.204
 0.603
 1.650
 0.210
-0.465
 0.570
 1.223
 1.418
-0.064
-0.680
 0.198
-1.086
-0.465
-1.017
-0.180
-1.290
-0.052
 0.130
 0.905
-0.158
-0.017
 0.164
 1.294
 1.393
 0.431
 1.683
 1.284
-0.006
 0.966
 0.118
-0.771
-1.336
 0.626
 0.008
 2.302
 0.858
 0.566
 0.188
 0.149
 1.734
-0.307
-1.313
-0.601
-0.841
-0.678
 0.860
 0.599
 0.232
 0.887
 1.132
 0.833
 0.119
 1.267
 0.046
-1.029
 0.613
 1.313
 1.120
 0.796
-0.274
 1.090
 0.063
 0.653
-0.042
 0.297
 0.912
 0.357
-0.122
-0.001
-0.125
 0.118
-0.663
 0.432
 1.213
 0.751
 0.749
 0.300
 1.250
 0.408
 0.718
 0.325
 0.489
-0.304
 0.761
-0.155
-1.997
 0.623
 0.139
-0.444
 0.044
 0.691
 1.721
 1.768
 1.111
-0.063
 0.591
 0.649
 1.239
 0.309
 0.206
 0.876
 0.623
 0.004
-0.140
-0.353
-0.455
 0.824
 1.708
-0.374
 0.521
 0.438
 0.843
 0.786
 0.166
-0.469
 1.200
 0.493
 0.052
-0.031
 0.023
-1.228
-1.326
 0.626
 0.175
 0.474
 1.973
 1.414
 0.408
 1.194
 0.898
-0.358
 0.107
-1.466
-1.250
 0.228
-1.704
-1.534
 0.541
 0.233
-0.776
-0.355
-1.353
 0.115
-0.700
-0.493
 0.077
 0.253
-0.164
 0.926
 0.767
-0.359
 0.237
 0.714
 0.934
 2.091
 0.285
 2.382
 2.062
 0.232
 0.594
-0.132
-0.304
-0.989
-0.068
 1.116
 0.974
 0.066
 0.860
 0.023
 1.218
 0.271
-0.140
-0.078
 0.014
 0.413
 0.489
 0.528
-0.278
-0.542
-0.144
 0.990
 0.160
-0.589
-0.567
-0.498
 0.839
 0.941
 0.186
 0.612
-0.439
 0.506
 1.478
 0.109
 0.791
 0.000
 0.147
 0.146
-0.847
 0.644
 1.487
-0.712
-1.151
-0.443
 0.513
 0.712
 0.006
 0.897
 0.242
 0.593
 0.332
 0.380
 0.802
 0.843
 0.154
 0.065
-2.156
-0.938
-0.132
 0.460
 0.323
 1.108
 1.547
-0.147
-0.083
 0.211
 0.493
-0.235
-0.751
-0.063
 1.294
 0.323
-0.645
 1.026
-1.427
-0.603
-0.430
-1.835
-1.616
-0.572
-0.045
-0.418
 0.418
-1.137
-0.201
-1.319
 0.709
 0.835
 0.840
 0.135
-1.892
 0.413
 0.208
-1.398
 0.031
-0.924
-1.147
-1.609
-0.199
-1.932
-1.295
-0.594
 0.132
-1.085
-1.897
-1.004
 0.053
 0.161
 0.336
-0.303
 1.145
 1.399
-0.691
-0.746
-1.642
-1.018
-1.858
-1.527
-0.811
 0.125
-1.887
-2.380
-1.970
 0.725
 0.613
 0.028
-1.119
-0.065
 0.295
 0.145
-0.933
-2.176
-2.262
-1.357
-1.650
-2.102
-1.169
-0.333
-1.135
-0.863
 0.211
-0.493
-0.343
-1.362
-0.361
-1.456
-0.944
-0.880
-1.042
-1.212
-0.762
 0.687
-0.148
-1.332
 0.399
 0.396
 0.016
-0.512
-1.001
-2.328
-1.468
-2.287
-1.783
-1.997
-0.990
-1.148
-2.177
-1.563
-0.934
-0.561
-0.124
-0.948
-1.314
-1.506
-1.098
-0.044
 0.824
-0.242
-0.443
-0.944
 0.764
 0.326
-0.452
 0.587
 1.237
 1.476
 0.812
 0.581
 0.662
 0.176
-0.338
 0.378
-0.112
 0.576
-1.099
-0.246
-0.401
-0.491
-0.576
 0.252
-0.138
 0.263
-0.484
-1.884
 0.384
 0.331
-0.035
-0.856
-0.676
 1.171
 0.182
-0.013
 0.060
-0.602
 0.054
 0.022
 1.109
 0.092
-1.236
-0.885
-2.737
-1.967
-1.214
-1.121
-1.049
-1.363
-1.520
-1.167
-1.588
-1.024
-0.186
-0.434
 0.819
-0.498
 0.645
-0.252
-0.717
 0.517
-1.083
-0.547
-0.482
-1.251
-0.623
-0.452
 0.474
-0.547
-0.999
 0.173
 0.259
-0.030
-0.163
-0.888
-2.341
-0.398
 0.082
-0.641
 0.778
 0.485
-2.278
-0.584
-0.598
-0.941
-1.852
-0.492
-1.448
-0.704
-2.190
-2.653
 0.072
-1.392
-1.159
-0.272
-0.566
 0.774
 0.405
-0.183
 0.743
 0.108
 0.810
-0.924
-0.564
 0.023
 1.654
 1.019
-0.408
 0.164
-0.869
-1.421
 0.856
-1.952
 0.125
 0.412
-0.432
-0.752
-2.278
-1.660
 0.073
 1.053
 0.743
 0.040
 0.328
-0.579
-1.300
-0.970
-1.977
-1.263
-2.007
 0.574
-2.504
-0.567
-0.092
-0.297
-0.847
-0.810
-1.449
-0.838
-1.062
-1.400
-0.955
-1.994
-1.482
-1.257
-1.023
 0.468
-1.682
-0.092
-1.084
-0.797
-1.806
 0.627
 0.471
 0.228
-0.241
 0.545
 0.349
-0.618
 0.132
 0.571
 2.402
 0.151
-0.965
 0.493
-1.869
-0.895
-0.447
-0.272
 0.597
-1.725
-1.345
-0.040
 0.421
-0.659
 0.189
-0.555
 0.970
 0.469
 1.095
-0.128
 0.271
-0.106
 0.312
 0.464
-0.758
 0.381
-0.229
-0.510
 0.125
-0.036
-0.150
-0.787
-0.646
 0.585
-0.984
-0.173
 0.223
-2.057
-1.436
-0.410
-0.099
-0.483
-1.475
-0.121
-0.051
-0.232
-0.169
 0.631
 0.260
 0.513
-0.186
-0.801
 0.512
-0.209
 0.035
-0.181
 0.479
-0.435
-0.190
 0.728
-1.706
-0.327
 0.901
-0.206
 0.652
 0.349
 0.476
 1.143
 0.257
-0.715
 0.049
 0.575
-0.334
 0.658
 1.087
 0.684
-0.125
-0.221
-0.317
-0.033
 0.224
-0.882
-1.905
 1.853
 0.482
-0.584
-0.033
 0.739
 0.199
-0.564
-0.125
-0.162
-1.994
-0.239
 0.426
 0.963
 0.147
-0.084
 0.154
 0.684
-1.082
-1.156
 0.513
-0.622
 0.607
-0.023
 0.412
 0.206
 0.059
-0.427
-0.706
-0.742
-0.431
 1.023
 1.142
 0.158
 1.348
 0.555
 0.275
 0.894
 1.002
 0.163
-1.276
 0.184
-0.104
-0.504
-0.571
-0.294
-0.948
 0.127
 0.380
-0.412
 0.013
 0.462
 0.307
-1.196
-1.093
 0.286
-1.100
-0.451
-0.917
-1.089
 0.150
-1.414
 1.042
 0.112
-0.626
 0.405
-0.402
-0.566
 0.742
 0.234
-0.198
 0.554
 0.819
-0.696
-1.172
-0.249
-0.986
-1.918
 0.661
-0.138
-2.081
-1.066
-0.632
-1.153
-1.117
-0.033
-1.392
-0.344
-1.572
-0.442
-0.957
-1.185
-1.357
-1.372
-1.804
-1.132
-2.041
-2.138
-1.824
-1.018
-2.311
 0.237
 0.179
-1.532
-0.572
-1.054
-0.977
-0.547
-0.596
-0.046
-0.288
-1.149
-0.460
-0.473
-0.536
-0.873
 0.295
-0.502
 0.493
-0.617
-0.399
-1.059
-1.608
-0.071
-0.958
-0.925
 0.076
 0.559
 0.271
-0.346
-0.648
-1.307
 0.768
-1.108
-0.394
 1.167
 0.486
-0.279
-0.775
-0.751
 0.133
 0.289
-0.495
 0.492
 0.175
-1.110
-1.421
-0.030
 0.057
 0.244
 0.431
-0.896
-0.084
 0.315
 0.179
 0.567
 0.179
-1.201
 0.256
 0.369
-1.913
-0.575
 0.242
 0.175
-0.573
 1.247
 0.260
 0.245
-1.317
 0.749
-0.346
-0.090
-0.667
-0.372
-0.524
-0.342
 0.836
 0.988
 1.225
 1.684
 1.798
 1.299
 0.015
-0.557
 0.737
 1.921
 0.971
-0.075
 1.092
-0.447
-0.267
 0.539
 0.936
 0.662
 0.100
-0.486
 0.122
 0.125
-0.509
-0.129
-0.409
 0.303
-1.714
 0.169
 2.458
-0.499
 0.208
 0.547
 1.131
-0.250
 1.714
 0.886
-1.270
-1.462
-0.979
-0.798
-0.526
-1.495
-2.304
-1.742
 0.284
-0.186
-1.088
 0.170
 0.245
-1.672
-1.317
-2.059
-1.915
-1.484
 1.159
-0.120
 0.864
-0.985
 0.611
-0.447
 0.315
-0.829
 0.783
-0.608
 0.723
-0.262
 0.593
 0.395
 0.152
-0.293
-1.759
 0.319
 0.444
-0.246
-0.100
 0.234
 1.592
 0.316
 0.103
-0.035
 0.069
 0.841
 0.590
-0.619
-0.219
-0.427
 0.229
-0.350
 0.587
 1.142
 0.556
 0.130
-0.413
 0.960
-1.483
 0.560
 0.632
 0.810
 0.893
 1.495
 0.635
 0.776
 0.742
 0.476
 0.719
 1.955
 0.825
 0.801
-0.299
-0.898
 0.036
-0.596
-0.155
 0.190
 0.288
 0.409
 0.504
-0.185
-1.050
-0.556
-0.225
 1.304
 0.710
 2.647
 2.159
 0.695
 0.256
-1.149
 0.425
 0.902
 1.135
 1.057
 1.194
 0.629
-0.676
-0.725
 0.659
 0.270
 0.407
 0.958
 0.429
-0.002
-0.720
-1.406
-0.390
-0.511
-0.956
 0.038
-1.028
 0.065
-0.181
-0.003
-0.901
 0.478
-0.142
-1.788
-0.226
-0.168
 0.085
 0.201
-0.702
-0.170
-0.566
-1.183
-0.115
 0.290
-0.743
 0.517
 0.609
-1.467
-0.606
 0.890
-0.809
-0.292
-0.707
-1.178
-0.051
-0.714
-0.700
-0.510
 0.989
 0.843
-0.560
-0.865
 1.447
 1.445
 1.447
 1.842
 0.749
 0.902
 1.375
 0.286
-1.367
-1.455
-0.135
-0.154
 0.462
 0.464
-0.315
 0.878
 0.008
-0.152
 1.061
 1.070
 1.083
-0.909
-0.168
 1.627
-1.224
-1.132
-1.533
-0.442
-1.020
-0.161
-0.627
 0.050
-1.758
-1.143
 0.231
-1.794
-0.846
-0.967
-0.389
-0.557
 0.179
-0.925
 1.264
 0.010
 0.096
-0.123
-1.141
-1.371
-1.492
 1.106
 0.076
 0.000
-0.487
 0.053
-0.110
-0.396
 1.092
 0.706
-0.143
 0.441
 0.514
 0.453
 0.472
-0.243
 0.231
-0.989
 0.007
 0.207
-0.712
-0.111
-0.919
-0.688
 0.330
-0.534
-1.060
-0.040
-1.179
-0.488
-1.266
-0.330
 1.707
 1.754
-0.895
-1.087
-1.711
-1.722
-0.753
-0.808
-0.455
-0.002
 0.861
-1.729
-2.438
-0.243
-1.270
 0.915
-0.019
-1.704
 0.566
 2.092
-0.268
-1.105
 0.581
-0.105
-0.340
 0.451
-0.953
-1.247
-0.175
-0.993
-1.926
-1.074
-0.619
-1.496
-0.278
-0.210
-1.045
-0.571
 0.888
 1.508
-0.508
-0.505
-0.774
 0.559
-0.922
-0.971
-0.104
 0.420
 0.224
-0.457
-0.128
 0.024
 0.867
 1.146
 0.895
 1.081
 0.042
-0.488
 0.776
-0.214
 0.225
-0.656
-0.554
-1.365
 0.105
 0.092
-0.563
-0.710
-0.319
 0.292
 0.371
 0.318
-0.616
-1.234
-1.382
 0.724
 1.235
 2.493
 0.179
 0.671
-0.271
-0.123
 0.662
 0.142
-0.917
-0.446
-0.286
 0.329
 0.339
 0.151
-3.132
-0.421
-0.247
-0.751
 0.096
-0.977
 0.925
-0.298
 0.280
 0.408
 1.393
 0.644
-0.352
-0.570
-0.534
-0.078
 0.746
-1.201
-1.012
-1.407
-0.972
-2.316
-1.031
-0.158
-1.225
-1.850
 0.973
 0.466
 0.614
 0.654
 2.179
-0.721
 0.003
 0.357
-0.125
-2.507
-0.668
 0.032
-1.014
-1.539
-1.056
 0.157
-0.829
-1.175
-1.424
 0.500
-0.322
 0.222
-0.025
-0.897
-0.482
-0.731
-0.467
 0.076
-0.647
-0.074
 0.696
 1.265
 0.448
 0.656
 2.004
 0.439
 1.053
 0.474
-1.053
 0.803
 1.831
 1.548
-0.631
-0.652
-1.459
-2.224
-0.572
-0.912
-1.421
 0.969
 0.624
-1.208
-1.346
 0.183
 0.166
-0.309
 0.531
-0.583
 0.819
 1.413
 0.300
 0.612
 0.132
 0.742
 0.469
-1.176
-0.180
-0.266
-0.230
 0.355
-0.960
-1.038
 0.158
-1.320
-0.177
-0.336
 0.341
-0.680
 1.131
 0.142
 1.307
-0.429
 1.460
 0.558
 0.450
-0.471
 0.707
-1.373
-2.228
-1.439
-0.289
-0.531
-0.467
 0.972
 0.546
 0.572
 0.783
-0.165
 2.171
 1.626
 0.527
 0.475
 0.527
-0.101
-0.058
-1.505
-0.288
-0.194
-0.884
-0.827
 0.537
-0.685
 0.538
 0.858
-0.033
 0.924
-0.436
 0.122
 1.000
 0.213
-0.002
 0.552
 0.390
 0.516
 0.314
 1.338
-0.758
-0.227
 1.350
 2.596
 1.292
 0.501
 0.379
 0.462
 2.676
-0.418
 0.642
-0.246
 2.164
 0.334
 0.574
 1.203
 0.674
-0.590
 0.125
-0.842
-0.227
 1.280
 0.844
 1.371
 1.298
 0.349
 0.113
 0.851
 0.898
 0.340
-0.415
-0.398
 0.820
 0.065
-0.323
-1.000
-0.850
 0.433
-0.030
-0.356
-0.060
 0.818
-0.782
 1.512
 0.860
-0.465
 0.739
 0.393
-1.001
-0.370
-1.050
-0.338
-0.083
 0.373
 1.474
-1.037
-0.603
 0.229
 0.733
 0.918
-0.371
-0.655
-0.813
 1.849
 0.747
 1.999
 1.648
 0.081
-1.008
-1.575
 0.270
 0.763
 1.238
 0.550
 0.532
 1.036
 0.547
 0.319
 0.979
 0.001
 1.023
 0.457
 0.485
 0.362
-0.080
 0.417
 0.649
-0.442
 0.735
 1.550
 1.187
 0.755
 1.220
 0.550
 0.322
 1.203
 0.395
 0.817
 1.493
 2.209
 1.011
 1.258
 0.428
 0.477
 0.019
 2.614
 0.760
 0.868
-0.136
 1.093
 0.619
 0.378
 0.697
 0.755
 0.343
 0.333
 1.421
 0.903
-0.732
-1.035
 0.150
-0.167
 0.073
 0.131
-0.113
 0.517
-0.248
-0.822
 1.553
-0.255
-0.629
-1.402
-1.250
 0.815
-1.002
-0.119
-1.003
-0.187
-1.118
 0.197
-0.683
-2.299
-2.361
-0.399
 0.243
-1.091
-0.115
-0.334
 0.297
-0.074
 0.300
 0.433
-1.362
 0.799
 1.039
 1.180
 0.877
 1.060
-1.398
-1.822
-0.139
 0.056
 0.065
-0.764
-1.395
 0.100
 0.259
-0.846
-0.616
-0.368
-1.532
-1.619
-2.762
-1.919
-1.379
-0.076
-0.530
-0.178
-0.994
 0.263
-0.821
-0.523
-0.711
-0.048
 0.282
-1.061
-1.331
-0.472
 0.531
 0.672
 0.692
 0.280
-0.129
-0.037
 0.458
-1.015
-0.549
 0.787
 0.328
-0.554
 0.504
 0.158
 0.132
 0.709
-0.055
 0.422
-0.347
-0.357
 0.121
-0.173
-1.263
 0.904
 0.775
 0.018
-0.289
 0.726
 0.448
 0.202
 0.395
 0.061
 1.540
 0.319
 0.443
 0.355
 1.019
-0.576
-0.264
-0.679
 0.169
-0.047
 0.888
 0.101
-0.151
-1.466
-0.269
-1.774
 0.677
-0.627
 0.817
 1.881
 2.115
 3.419
 2.210
 2.767
 0.664
 1.015
 0.137
 0.239
 0.128
 1.309
 1.322
 2.568
 1.284
 0.634
 1.238
 0.417
-1.136
-0.691
 0.435
-1.002
-0.337
 0.770
-0.264
 1.323
-0.081
 0.219
 1.501
 0.855
 1.088
-0.065
 1.119
-0.907
 0.072
-1.663
-0.928
-1.609
 0.133
-1.138
-0.624
 0.031
 0.590
-1.386
 0.861
 1.028
 0.194
-0.727
-0.102
-0.350
 0.014
 0.707
 1.680
 0.616
-0.429
 0.701
 0.014
-0.405
 0.256
 1.367
 0.637
-0.204
 0.042
-1.256
 0.942
 0.129
 1.051
 1.386
-1.820
 0.176
 0.875
 0.646
-1.337
-0.968
 0.049
 0.259
-1.190
-1.374
-0.133
-0.339
-1.401
-2.008
 0.170
-0.863
 1.041
-0.697
-0.841
-0.872
 0.634
-1.124
 0.113
-0.839
-1.057
 0.420
-0.058
-1.578
-1.092
-0.618
 0.412
-1.527
-2.046
-2.266
-3.449
-2.801
-1.078
-1.440
-0.636
-1.073
-0.406
-1.782
-0.269
-1.791
-1.905
-0.111
-2.647
-1.626
-1.477
-1.777
-0.668
-0.966
-1.905
-1.903
 0.671
-1.749
-0.141
-0.053
-1.294
 0.058
-1.449
-0.631
-1.449
-2.672
-1.055
-0.687
-1.081
-0.987
-0.359
 0.055
-0.664
-0.414
 0.776
 0.209
 0.080
 0.717
 1.249
 0.720
-0.839
 0.418
-1.621
-1.041
-1.204
-1.373
-1.470
-0.967
-1.030
-0.487
-0.838
 0.209
-1.402
-0.798
 0.101
-0.687
 0.567
-1.166
-1.030
-0.201
-0.342
-1.344
-1.538
 1.333
-0.016
 0.570
 0.202
 0.015
 0.415
 1.275
 0.171
-0.550
-0.104
-0.519
-1.081
-0.714
-0.238
 0.148
-1.255
-2.670
-1.364
 0.638
-0.738
 0.479
-0.182
 0.982
-0.377
-0.248
 1.082
 0.419
 2.063
 0.412
-0.756
 0.484
-0.136
-1.749
-1.263
 0.493
 0.557
-0.356
-0.530
 0.116
-0.253
 0.310
 0.589
-1.158
-1.182
-1.881
-0.764
 0.419
 0.191
 0.763
-2.562
-1.795
 0.199
-1.155
-0.779
-0.375
-0.393
-0.863
-0.003
-1.301
 0.118
-0.924
-2.014
-1.278
-0.133
-1.336
-0.612
 0.347
-0.392
-0.595
-1.544
-0.947
-0.224
 0.301
 0.147
 0.477
-0.393
-1.078
-0.660
 0.291
-0.209
-0.083
-0.303
-0.850
-0.857
-0.898
-0.013
-0.401
 0.020
-0.388
 0.554
 1.122
 2.166
-0.154
-0.889
-0.307
-0.542
 1.313
-0.141
 0.262
-0.146
 1.158
 0.087
 0.589
 0.797
 0.767
 2.873
 2.019
 1.444
 1.528
 3.233
 0.844
 0.158
-0.313
 1.223
 1.437
 1.383
 1.309
-1.105
 0.020
 1.122
 0.792
 0.840
 1.777
 0.347
 2.234
 1.600
 1.402
 0.917
 1.957
 0.849
 2.337
 2.378
 0.454
 0.497
-0.031
-0.012
-0.287
-0.393
-0.326
 0.033
 0.285
-0.822
-0.374
-0.550
 1.027
 0.807
-0.098
 0.446
-0.282
-0.361
 2.178
 1.715
 0.830
 0.381
 0.095
-2.344
-0.317
-0.435
 0.171
-1.325
-0.730
 0.079
-1.650
 0.471
-2.310
-0.944
-0.821
-1.230
-0.264
-0.703
-0.378
 0.526
-0.504
-0.546
-0.576
-0.326
 0.891
 0.111
-1.084
 0.147
 0.437
 0.977
 1.713
 1.699
 0.123
-0.272
 1.998
 1.271
-0.006
 1.361
-0.525
 0.841
-1.567
-0.789
-0.827
-0.478
-0.228
 0.189
-0.722
-1.790
-2.027
-1.424
-1.223
-0.560
-0.853
-1.315
-1.462
 0.325
 0.523
-0.037
-0.022
-0.834
 0.161
-1.783
 0.008
-0.871
-1.022
-1.443
-0.813
-0.912
-0.341
-1.063
-1.703
-0.433
-0.023
-2.086
-1.194
-1.729
-0.306
-1.188
-1.424
-1.606
 0.308
 0.132
-0.328
-0.084
 0.934
-0.757
-0.296
-0.763
-0.437
 0.499
-0.246
 0.288
-1.645
-0.888
 0.168
-0.653
-1.885
-1.403
 0.447
-0.247
-1.092
 0.548
-1.262
-1.425
-0.065
-0.760
-0.916
-1.518
-2.135
-0.123
-1.183
-1.216
-0.509
-1.422
 0.033
-1.443
-0.212
 0.282
-1.492
 0.619
 0.869
 1.035
 1.138
 0.748
-0.513
-0.865
 1.251
 0.337
-0.172
 0.650
 0.170
 0.484
 2.272
 1.287
 1.097
 1.285
-0.312
 0.439
-0.499
 0.987
 2.099
 0.269
-0.470
-0.288
 0.644
-0.069
-0.148
-0.700
 0.338
-0.131
 0.594
 1.119
 0.469
 0.950
 0.180
 0.435
 0.415
 1.141
 0.407
-1.254
-0.087
-0.045
 0.771
 0.736
-0.041
-0.523
 0.118
 0.205
-0.732
 0.718
 0.052
-0.571
-0.124
-0.449
 0.497
 1.134
 1.705
 0.561
-0.727
-0.828
-0.363
-0.106
-0.144
-0.482
-0.303
 0.318
 0.478
 0.224
-1.068
-1.261
-0.909
-0.709
 0.901
 1.369
 0.909
-1.186
-2.512
-1.964
-1.456
-2.241
-0.831
 1.300
 0.180
-0.383
-0.679
 0.150
 0.094
 0.072
 0.745
 0.254
 0.338
-0.485
 0.244
 1.021
 0.863
-0.685
-0.788
 0.246
 0.558
-1.174
 1.095
-0.013
-0.391
-0.227
-0.705
-0.569
 0.002
 0.778
-0.382
-0.236
-0.140
 0.507
-0.269
 0.520
-1.178
-0.212
 0.339
 0.522
 0.025
 0.738
-0.320
-0.390
-1.685
-0.978
-1.537
-0.579
-0.158
 0.165
-0.281
 0.016
-1.607
-0.885
-0.596
-1.182
-1.414
-1.194
-0.384
-1.864
 0.432
-0.963
-1.801
-1.632
-0.538
 1.045
-0.799
-1.735
-0.398
 0.424
 0.597
 0.874
 0.218
 0.521
-0.017
 0.479
 0.078
 0.294
 0.786
 0.749
-1.806
-1.397
-0.179
 0.931
 0.147
 1.296
 0.467
 0.453
 0.290
 2.300
 2.042
-0.691
 0.213
 0.171
-1.465
-2.097
-0.316
-0.338
-1.083
-0.435
-1.470
-1.342
 0.610
-0.613
-1.596
-1.961
-0.554
-1.471
 1.101
-0.450
-0.831
-0.726
-1.350
 0.310
 0.769
-0.923
-0.882
-0.103
-0.919
-2.959
-0.871
-0.709
-2.912
-2.119
-2.091
-2.138
-1.821
-3.824
-0.325
-1.307
-1.581
-1.744
-0.107
-1.023
 1.102
-1.263
-0.091
-1.083
-0.954
-0.364
-1.405
-2.018
 0.143
-0.588
-0.142
 0.393
-0.742
 0.299
 0.250
 0.945
-0.764
-0.629
-0.237
-0.124
-0.942
 0.181
 0.605
-1.038
 0.837
 0.499
-1.082
-1.198
-0.508
-1.228
-0.253
-0.772
-2.652
 0.009
 0.425
 1.130
 0.033
 1.171
-1.076
-0.667
 1.220
-1.070
-1.145
 0.062
-0.409
-1.083
-0.766
-0.098
-0.148
 0.246
-0.004
 0.246
 1.783
-0.557
-0.514
-0.767
-1.260
-0.685
 0.806
-0.796
 0.553
-0.041
-0.503
-0.757
-2.047
-0.787
 0.364
 0.650
-0.076
 0.366
-1.884
-1.335
-0.486
-0.705
 0.517
-0.822
-1.699
-0.280
 0.563
-0.062
 0.766
 0.600
 0.750
 1.729
-0.049
 0.694
 1.594
 1.615
 0.708
-0.418
 1.303
 0.399
-0.322
-0.533
-0.118
-1.933
-0.422
 0.182
-0.479
 0.594
-0.213
 0.302
-0.337
-0.327
 0.658
-0.029
-0.771
 0.089
-1.411
-0.400
 0.894
 0.009
-0.828
-0.635
-0.873
-2.107
-0.283
-0.750
 1.404
-0.042
-1.105
-0.423
 0.053
 2.187
 1.132
 0.164
 0.522
 1.657
 2.209
-0.564
-0.245
-1.985
-0.937
-1.008
-1.183
 0.316
 0.379
-0.926
 0.377
-0.267
 0.628
-0.989
 0.139
 0.361
-0.551
 0.708
-0.759
-1.149
-2.451
-1.498
 0.332
-0.575
-1.617
-1.844
-0.719
-1.240
-1.161
-0.820
-1.037
-0.145
-0.260
-0.193
-1.107
-0.374
-1.213
-0.513
-1.492
-1.455
-1.164
-0.294
-1.102
 0.123
-0.842
 0.141
 1.061
 0.221
 0.253
 0.136
 0.817
 0.873
 1.050
 0.306
-0.230
 0.601
 0.570
-0.852
 0.983
 1.826
 2.041
 0.651
 1.431
 1.224
 1.172
-0.497
 0.073
-1.269
-0.741
-0.566
 0.246
-0.586
-0.204
-0.947
-0.309
 0.137
 0.616
 0.938
 0.314
 0.697
-0.345
 0.020
-0.771
-0.133
 0.585
 0.182
-0.514
-0.059
-0.339
-0.434
 0.859
 0.394
 0.067
-1.213
-0.756
 0.482
-0.334
-1.661
-1.853
-0.136
-0.017
 0.552
 0.574
 0.461
-0.364
-1.940
-2.062
 0.818
-0.329
-0.398
-1.212
 0.244
 0.419
-0.592
-0.858
-0.891
-1.263
 0.834
-1.080
-1.805
-0.942
-1.239
-1.558
-2.500
-1.413
-2.715
-1.271
 0.706
 0.892
-0.528
-1.851
-0.180
 1.234
 0.296
 0.163
 0.811
-0.858
 0.166
-1.414
-1.192
-1.850
-1.402
-2.523
-3.010
-2.259
-1.678
-1.424
-1.734
-2.375
-2.629
-0.598
-0.459
-0.421
 1.039
 1.226
-0.101
 0.566
-0.367
-0.627
-0.498
-0.265
-0.164
 1.301
 0.937
 0.549
-0.507
-0.056
-0.494
-1.378
-0.469
-0.390
-1.454
 0.241
 1.232
-0.876
-0.194
-1.098
-2.249
-1.200
-0.749
 0.536
 0.019
 1.246
-0.636
 0.822
 0.437
-0.671
-0.828
 0.514
-0.622
-0.299
 0.797
-0.769
-1.570
-0.599
-0.177
 0.796
-1.518
-0.478
 1.180
-0.422
 0.071
-0.662
-1.263
-1.884
-0.760
-0.599
-0.693
-0.910
 0.475
-1.191
-0.489
-1.015
-1.008
-0.799
-0.920
-0.209
-0.778
-1.507
-0.038
-2.268
-0.637
-0.913
 0.729
 0.054
-1.265
-1.691
-1.617
-0.876
-1.002
-0.450
-2.280
-0.493
-0.435
-0.482
-0.678
 0.607
-0.358
 0.563
 0.901
 0.196
 1.183
 0.943
 0.370
 0.077
-0.400
 0.876
 0.610
 0.263
 1.303
 1.822
 1.204
-0.250
 1.039
 0.747
 0.666
 0.013
-2.268
 0.204
-0.096
-0.272
 0.606
 0.657
 0.574
 1.807
-1.293
-1.097
-1.214
-0.243
 0.718
-0.128
 1.320
-0.178
 0.304
-0.854
-0.422
-0.383
-1.961
-0.295
 1.288
-0.582
-0.874
-0.675
-0.748
-0.226
 1.797
 0.331
-0.816
-1.280
-1.301
-0.309
 0.119
 0.847
 0.951
-1.406
-0.190
-0.596
 0.236
-0.337
 0.092
-0.158
-1.125
 0.874
 0.031
 0.630
-0.369
-0.373
-0.533
 0.477
 0.479
-0.944
-1.836
-0.989
-1.718
-0.979
-0.575
-1.072
-0.338
-0.989
-1.336
-0.874
-1.854
-0.361
 0.316
 0.298
-0.456
 0.193
-0.866
-0.866
-0.761
-0.434
-0.042
 0.118
 1.252
-0.577
 0.704
 1.281
 0.932
-0.091
-1.876
-0.503
-0.682
-0.505
 0.305
 0.111
-0.487
-0.771
 0.355
-0.006
 1.191
 0.528
 1.376
 1.396
 0.743
 0.670
 0.026
 0.991
-0.280
 0.886
 1.948
 1.148
 0.735
-0.915
 0.610
 1.342
-0.754
 0.528
-0.488
 0.512
 1.286
 0.198
 2.755
 1.119
-0.433
 1.673
 1.432
 0.205
 0.576
 0.381
 0.453
 0.745
-0.116
 0.627
 1.646
 1.755
 0.917
 0.001
 0.197
-0.365
 0.050
-0.077
 1.684
 0.864
 0.777
 0.880
-1.116
 0.174
-1.340
 0.754
 0.686
-0.794
 0.881
 0.580
 0.655
 0.476
-0.355
 1.133
 0.908
 0.553
 0.228
 1.270
 1.635
 1.698
 0.890
 0.188
 0.097
 1.016
 1.855
 0.327
 0.668
 1.031
 1.251
 1.289
 1.182
 1.787
 1.010
 1.613
 1.120
 0.475
 1.904
 1.262
 1.131
 0.063
 2.408
 2.870
 0.985
 2.556
 1.007
 0.674
 1.049
-0.106
-0.029
-0.567
-0.376
-0.345
 0.174
-0.308
-0.640
-0.236
 0.077
-0.835
-0.471
-0.654
-0.711
 1.801
-0.385
-0.311
 0.646
 1.111
 0.846
-0.121
 0.752
 0.330
 0.761
 1.503
-0.496
 1.021
 0.078
 0.991
 2.086
 1.451
-0.262
 1.025
-0.234
-0.933
-0.014
-0.487
 0.437
-0.136
 0.080
-0.169
 0.633
 1.255
-0.366
 0.083
 0.304
 0.317
 2.007
-0.485
-0.246
-0.110
 2.457
 0.831
-0.734
-0.031
-0.001
-0.513
-1.977
-2.131
-0.363
 1.567
-0.962
-1.018
-0.356
-0.196
-2.199
 0.064
-0.152
 1.147
-0.313
-0.212
-0.299
 0.095
-0.330
 0.671
 0.499
-2.139
 0.319
-2.160
-0.002
-0.657
-0.368
 0.296
 0.590
-0.522
-0.538
-0.301
-1.255
 1.048
 0.250
-0.030
-0.200
-1.618
-1.094
-0.794
-0.575
-1.097
-0.423
 0.500
 0.490
-1.765
-0.553
-1.129
 0.500
 0.465
 0.294
-0.269
-0.190
 0.292
 0.620
 0.687
-0.006
-0.856
-0.506
-1.137
-1.662
-0.995
 0.718
-0.545
 0.282
-0.035
-0.045
-1.559
 1.236
 0.958
-0.166
-0.512
 0.231
 0.177
 0.502
 0.773
-0.617
-0.069
 0.473
 0.491
 0.713
 0.489
-0.741
-1.420
-0.909
 0.139
-0.763
 1.513
 0.734
-0.650
 0.284
 1.370
 1.820
 0.504
 0.486
 0.855
 1.441
 0.336
 0.914
 0.404
 0.966
-0.456
 0.480
 0.148
-0.022
-0.315
 1.269
 1.359
 1.674
 1.484
 2.316
-0.074
-0.213
 0.140
-0.460
-0.572
 0.524
 1.003
 1.445
-0.118
 0.749
 0.596
-0.288
 1.234
 0.278
-0.648
 0.193
 0.089
-0.727
-0.794
 0.292
 0.864
 0.444
 0.736
 0.619
 1.326
 1.366
 0.732
-0.044
 1.405
 0.590
-0.565
 0.014
-0.486
 0.115
-1.089
 0.141
-0.725
-0.177
 0.365
 0.702
 0.330
-0.746
-0.309
-0.661
-0.178
-0.224
-1.202
 0.729
-1.091
-0.327
 0.431
-1.023
-1.333
-2.546
-0.944
 0.633
-1.200
-0.948
 0.504
 0.354
 0.330
-1.273
-1.197
-1.013
-1.441
-1.489
-1.577
-0.902
-0.774
-1.880
-2.335
-2.037
-2.015
-1.011
-1.382
-2.355
-1.078
-1.201
-0.361
-0.650
-1.397
-1.083
-0.121
-0.213
 0.740
 0.342
-1.357
-0.439
-2.103
-0.815
-0.997
-0.593
 1.900
-0.425
 0.212
-0.870
 0.531
 0.243
 1.451
 0.491
-0.851
 0.219
-0.784
-0.816
-0.755
 1.169
-0.678
-0.572
-0.731
-0.615
-0.607
 0.234
 0.873
 0.579
 0.385
-0.578
 0.484
 1.187
 0.853
 0.173
 1.513
 1.461
 0.505
 0.441
 0.566
 0.057
 0.914
-0.845
-1.702
-0.186
 0.119
-0.502
-0.029
-0.018
 1.150
-0.152
-0.611
-1.108
-0.675
-0.440
 0.470
-0.808
 0.108
 0.147
-0.270
-0.153
 0.148
 1.170
 1.073
 1.136
-0.171
 0.822
 1.357
-0.121
 1.494
 0.720
 0.971
 0.724
-0.091
 0.420
 0.582
 0.662
-1.532
-0.057
-0.020
 0.367
 0.750
 1.536
 0.079
 0.745
 0.461
-1.675
-0.162
-0.655
-0.869
-0.065
 0.541
 1.546
 0.545
-0.347
-0.280
 0.727
 0.384
-0.927
 0.106
-2.032
-1.430
 1.016
-0.810
-1.056
-0.312
 1.184
-0.306
-0.326
 0.060
 0.331
-0.638
 1.955
 1.109
 1.192
 1.275
 0.632
-0.526
-1.187
-0.518
-0.186
 1.683
-0.543
 0.353
 0.481
-0.855
-1.093
-1.583
-2.273
-1.626
 0.025
 1.735
 0.870
 0.347
 0.504
 1.091
-0.410
-0.172
 0.395
 0.002
-2.274
 0.263
-0.060
 1.182
-0.396
-0.690
-1.569
-0.025
 0.225
-0.835
 0.850
-0.620
-1.945
-1.607
-0.045
-0.024
 0.787
 2.310
-1.119
 0.169
 0.293
 1.226
 0.828
 2.071
 1.874
 1.076
 0.758
 0.666
 0.785
-0.232
 0.725
-1.618
 0.648
 1.256
 0.885
 1.066
 0.661
 0.339
-0.715
-0.264
 0.792
 1.405
-0.533
 1.031
-0.081
-0.278
 0.941
 0.143
 1.948
 0.228
 0.930
 0.362
 0.950
 2.239
 0.351
 0.811
-0.406
 0.821
 0.825
-0.545
-0.769
 0.950
 0.130
 2.567
 1.029
 0.240
 0.208
 1.557
 1.317
 0.315
 1.451
 0.831
-0.332
-0.276
-0.629
 0.165
-0.087
 2.129
 1.204
 0.346
-0.173
-0.012
-0.292
 1.492
 1.569
 0.470
 0.699
 2.067
 1.394
 0.855
 0.581
-1.402
-0.786
 0.425
 1.089
 2.027
-0.609
-0.021
-1.197
 0.617
 0.011
 1.568
 1.990
 1.057
 1.768
-0.256
-0.983
-0.153
-0.607
-0.909
-1.351
 0.632
 0.462
-0.293
 1.191
-0.366
-1.592
 0.441
-0.649
-0.055
-0.033
 0.337
 1.002
-0.413
 0.609
-0.203
-1.578
 0.182
-0.243
 0.743
 0.908
 0.436
 0.192
-1.711
-0.791
 0.500
 0.549
 0.385
 0.324
 1.076
 2.517
 1.248
 0.805
 0.138
 1.142
 1.189
 0.363
 0.624
-1.979
-1.724
 0.542
 0.936
 0.563
-0.263
-1.263
-0.104
-0.792
-0.345
 0.564
 1.270
 0.367
 1.123
 1.846
 0.890
 1.278
 0.883
 1.313
 0.030
 0.229
-0.147
-0.080
-0.642
-0.441
 0.849
-1.132
-0.257
-0.621
-0.199
-1.032
-1.048
-1.517
-0.730
 0.310
 0.499
-0.862
-0.389
-1.488
 0.966
 1.282
 0.216
-1.069
-0.199
-0.169
-1.251
 0.170
-0.292
-0.948
 0.689
-0.403
-0.490
-0.152
-0.445
-0.507
-0.743
-1.013
-0.591
-0.444
-0.142
 0.034
-0.305
 0.484
-0.138
-1.312
-1.358
 0.149
-0.698
 0.374
 0.050
-0.719
-1.019
-2.652
-1.998
-1.673
 0.968
 0.328
 0.702
-0.194
-0.298
-1.391
-0.906
 0.823
-1.442
 1.114
-0.040
 1.027
-0.655
-2.320
-1.275
-2.031
-1.611
-1.972
-0.630
 0.328
 0.468
 0.237
-1.774
-0.117
 0.498
-0.046
 0.201
-0.186
-0.634
 0.182
 1.376
-0.770
-0.511
 0.978
-1.814
-1.760
-0.660
-0.404
-0.055
 1.684
-0.426
 0.280
-0.655
-0.795
-0.586
-1.676
-1.309
-0.472
 0.058
-0.492
-0.573
-0.510
-0.374
 0.574
-0.386
-0.648
-0.866
-1.177
-2.032
 0.078
 1.565
 0.311
 0.255
 0.045
-0.207
 0.585
 0.692
-0.343
-0.266
-1.066
 1.466
 1.467
 0.226
 0.551
-0.229
-0.691
-0.275
 0.110
-0.027
 0.782
-1.028
-1.045
-1.433
-1.638
 1.156
 0.892
-0.833
-0.608
 1.331
-0.611
-0.724
-1.040
-0.894
-1.091
 1.563
 0.087
 0.465
-0.789
-1.183
-0.372
 0.113
-0.644
 0.020
-0.477
-0.444
-0.429
 0.659
-1.029
-2.347
-1.799
-0.639
 0.220
-1.715
-0.762
-0.010
-0.605
-1.171
-0.352
 0.646
 0.536
 1.320
 0.753
-0.764
 0.778
 1.845
 0.988
 0.017
-0.512
-1.443
-0.153
-0.787
 0.278
-0.712
-1.041
-0.851
-0.919
 0.779
-1.236
 0.376
-0.208
-0.421
-0.473
 0.416
-0.559
 1.406
 0.764
 1.108
 0.043
 0.400
 0.273
-0.605
 1.768
 1.696
 0.548
 1.191
 0.882
 1.466
 0.805
-0.131
 1.842
 0.559
 0.330
-0.354
 0.000
-0.792
 0.860
-1.021
 0.047
 1.049
 0.478
 0.111
 0.795
-0.854
 0.497
 0.238
 0.751
 0.745
 0.696
 0.818
 0.266
-0.375
 0.122
 0.859
 0.270
-0.860
-0.693
 0.958
-1.683
-0.803
-0.011
 0.124
-1.596
-1.678
-0.005
-0.192
-1.592
-0.497
-0.596
 1.406
 0.116
-0.834
-1.498
-2.884
-0.389
-1.138
-0.756
 0.249
-1.630
-0.898
-0.530
-0.701
-1.085
-2.038
-1.264
-1.391
-0.394
-0.424
-1.210
-1.739
-2.079
-1.067
-0.845
-2.169
-1.578
-1.109
-0.599
-1.089
-0.883
-1.897
-0.691
 0.232
-0.167
-0.435
 1.204
-0.762
-0.592
-1.202
-1.238
-1.861
-2.073
-1.420
-0.521
-0.139
 0.242
 0.378
-0.216
-1.598
-0.144
-0.893
-0.252
-0.269
 0.025
-0.863
-0.214
 0.223
 0.073
-0.136
-1.243
-0.940
-0.792
 0.066
-0.967
-1.421
-0.327
-2.694
-1.408
-1.596
 0.825
 1.372
-0.831
-0.227
-0.400
 1.074
-0.676
-0.272
 2.118
 0.837
 0.092
-0.650
-1.122
 0.144
 0.729
-0.022
 0.554
 0.278
-0.032
 0.838
 0.587
-1.421
 0.107
-1.177
 1.162
 0.843
-0.105
 0.434
-0.268
-0.283
-0.531
 0.414
-0.065
-0.541
 0.465
 0.280
-1.966
 1.210
-0.158
-1.448
-1.077
-2.293
-1.298
-1.650
-1.260
-1.415
-0.532
 0.397
-1.055
-0.010
-0.131
 0.261
-0.138
-1.439
-0.521
-0.658
 0.071
 0.704
-0.575
-0.283
 1.203
-0.516
-0.575
-0.165
 1.810
 0.044
 0.744
 0.390
 0.452
-0.150
 1.244
-0.022
 1.542
-0.260
 0.783
 0.938
 0.832
 0.560
-0.097
 0.833
 0.808
-1.203
 0.202
-0.343
-0.414
 0.373
 0.863
-1.774
-0.535
-0.848
-0.222
 0.230
-0.998
-0.297
-0.983
-0.369
-0.427
 0.633
-0.610
 0.084
 0.285
 2.760
 0.862
-0.757
 0.492
-0.957
-0.580
-0.164
-0.511
-0.440
-1.140
-1.052
 0.637
 1.614
-0.098
 0.815
-0.052
-0.381
-0.171
-0.925
-1.603
-0.208
 0.136
-0.653
-0.382
 0.507
 0.485
-0.792
-0.526
 0.637
-0.705
 0.130
-0.070
 0.288
-0.124
-0.795
 0.711
-1.072
 0.957
-1.227
-0.379
-1.350
-0.907
-0.177
-0.158
-1.012
-2.249
-1.384
-1.493
-1.753
-1.792
-1.261
-0.594
-0.961
-1.054
-0.621
-0.582
-0.955
-0.935
-0.173
-0.645
-0.713
-0.554
 0.299
-0.228
-0.772
-1.537
-0.861
-0.952
-0.797
 1.069
-0.503
-0.266
-1.627
 0.873
 0.152
 0.150
 0.394
-0.403
-1.053
-0.223
-0.108
 0.652
-0.469
-1.898
-0.100
-1.444
-0.629
 0.430
-0.060
 0.557
 0.292
 0.717
 1.530
 0.939
 0.405
 0.172
 1.580
 1.693
-0.280
 0.257
-0.191
 1.561
 1.099
 0.202
 0.480
 0.468
 0.243
-0.323
 0.095
-1.184
 0.529
 1.830
-0.859
 1.038
 0.013
 1.190
 0.720
-1.480
-0.305
-0.969
-1.200
-1.283
-0.869
-2.343
-1.266
-0.728
-1.774
-1.246
-1.614
-0.462
-2.192
-1.714
-0.540
-1.030
-0.708
-0.229
-0.723
-0.811
-2.678
-1.757
-1.361
-0.518
-1.693
-1.764
-0.459
-0.380
 0.076
-0.643
-0.654
-0.092
-1.429
 0.578
-0.346
-0.833
-0.241
-0.065
 0.194
-1.185
-1.159
 0.434
 1.069
 0.349
-0.637
-1.565
 0.202
-1.321
-2.699
-2.754
-1.969
-1.890
-0.562
-1.087
-2.439
-1.740
-0.750
-1.909
-2.627
-3.646
-2.214
-1.864
-1.056
 0.502
-0.370
-0.860
-0.139
-1.471
-0.852
-1.158
-0.298
-0.093
 0.553
-1.857
-1.004
-0.667
-1.074
-0.543
 0.569
-0.726
-1.683
-1.517
-0.438
-0.090
-0.260
-0.923
-0.133
-0.193
-0.314
 0.559
-2.320
 0.576
 1.137
-0.786
-0.519
-0.792
-1.443
-1.545
-1.360
-1.923
-1.017
-0.137
-0.100
-0.373
-0.288
-2.496
-1.418
-1.537
 0.395
-0.473
-0.673
-0.961
-1.266
-1.478
-0.781
 1.104
 0.762
 0.447
-1.116
-1.593
-0.258
 1.793
-1.123
-0.545
-0.934
-0.474
-0.579
 0.038
 0.018
-1.151
-0.324
 1.276
-0.253
-0.388
 1.014
-0.504
 0.520
 0.836
-0.588
-1.716
-0.535
-1.180
-0.964
-0.613
 1.000
 1.745
 1.998
 1.052
-0.026
 0.390
 0.134
 1.027
-0.339
 0.193
-0.550
-1.055
 0.538
 1.218
 0.512
 0.834
-0.110
-1.545
-0.754
-0.404
-0.922
-0.291
-0.047
-1.119
 1.715
 0.236
 0.936
-0.505
-0.970
-1.143
-0.917
 0.278
 1.149
 0.529
-0.957
 0.006
-0.844
 1.203
-0.636
-0.358
 0.110
 0.348
-0.359
-0.901
 0.641
-0.562
-0.142
-0.475
-0.041
 0.832
 0.403
 0.791
-0.047
 1.104
 1.288
 1.312
 2.381
 1.731
 0.775
 0.098
-0.929
-0.780
-0.077
-0.843
-0.214
 0.491
 0.918
 0.131
 1.418
 1.221
 0.821
-0.315
 0.845
-0.684
 0.849
 1.564
-0.370
-1.153
-1.259
 0.175
-1.058
 0.589
-0.995
-0.473
 0.046
-0.398
-1.071
 0.354
-0.851
-1.212
-1.294
-0.839
-1.144
-0.813
-0.977
-1.793
-3.233
-1.962
-0.270
-2.571
-0.032
-1.621
-0.479
-0.585
-0.772
-0.882
-0.204
-0.677
-0.302
 0.148
-0.375
-0.444
-0.072
-1.786
-1.309
 0.518
 0.269
-1.521
-0.032
-0.891
 1.069
 0.541
-0.434
-0.640
-0.110
-0.952
 0.146
 0.701
 0.124
-0.190
-0.022
-0.133
-0.718
 0.947
 0.909
 1.010
 1.270
-0.126
 0.195
-0.170
 1.092
 0.674
-0.144
-0.020
 2.073
 1.896
 0.374
 0.371
 0.374
 0.719
 0.727
 1.094
 0.980
 1.660
 2.214
-0.068
-0.042
 1.319
 0.948
 0.839
 1.097
-0.463
 0.605
-1.591
 0.495
-0.733
 0.707
-0.010
-0.461
-0.989
-0.720
-1.109
-1.144
-0.245
-1.147
-0.546
 0.369
 0.285
-0.945
-0.705
-2.006
-3.240
-0.157
 0.340
-0.023
-0.499
-0.215
-2.365
-0.633
 0.528
 0.201
 0.427
 0.112
-0.484
-0.984
-1.177
-0.368
-0.365
 0.098
 0.925
 0.192
-0.974
-1.395
 0.937
 0.028
 1.188
 0.162
 0.083
 0.854
-0.022
-1.205
-1.488
 0.068
-0.036
-0.413
-0.679
-0.615
 0.038
 0.605
 0.474
-0.336
-2.245
 0.368
-0.002
 0.812
 0.240
 0.316
 0.327
-0.138
-0.171
 0.611
-0.233
-0.080
-0.361
-0.603
-0.654
-0.105
 0.851
-0.631
-0.989
-0.277
 0.174
 0.690
-0.040
-0.530
 0.757
-0.222
-0.155
-0.653
-0.327
 0.560
-0.419
 0.072
 0.439
-0.778
-1.948
-1.751
-1.921
 0.520
-1.565
 0.350
 0.852
 1.061
 0.406
-0.807
-1.133
-0.658
-0.506
-1.824
-0.672
 0.051
-1.665
-0.208
-0.147
-0.055
-0.521
-0.237
-2.527
-0.504
 0.732
-0.197
-1.454
-0.758
 1.191
 1.333
 1.274
 1.211
 0.842
-0.949
 1.373
 2.453
 1.891
 0.985
 0.139
 3.043
 0.828
 1.610
 2.255
 1.889
 1.374
 0.875
 1.039
-1.130
 0.320
 0.710
 0.824
 0.282
 1.180
 0.917
 0.504
 0.219
 0.602
-0.438
 1.513
 1.058
 1.071
 2.689
 2.280
 0.182
 1.440
 1.663
 0.203
 0.184
 0.007
 0.177
 0.607
 1.146
 1.100
 1.316
 0.065
 0.600
-0.709
-0.015
 0.087
-0.837
 0.282
-0.271
-0.122
 0.966
 0.511
-0.329
 0.984
 0.898
-0.779
-0.707
 0.547
-1.737
-0.505
 1.358
-1.134
 0.379
 1.714
 0.253
 1.244
 0.780
 1.420
-1.116
-0.470
 0.708
-0.104
 0.473
 0.191
 0.449
-1.298
-1.059
 0.019
 0.403
-0.621
-0.672
-0.200
 0.119
-0.273
-0.663
-1.323
-0.280
-0.231
 1.746
 0.836
 1.854
 0.507
 1.065
 1.561
-1.876
-1.026
-0.267
-0.702
 0.726
 0.541
 0.168
-0.415
 0.337
-0.173
 0.168
-0.716
-0.042
 0.277
-0.632
 0.939
 0.872
-0.181
-0.389
 0.492
 0.620
 0.405
 0.153
 0.847
-0.579
-0.233
-0.902
-0.645
 0.515
 0.547
-0.313
 0.945
-0.002
 0.688
-0.043
-0.619
 1.241
 0.335
 1.142
 0.810
-0.406
 0.145
 0.153
 1.077
-0.788
-0.581
 0.356
-1.611
-0.646
-0.205
 0.540
-1.379
 0.385
-0.224
 1.647
 0.576
-0.828
-1.638
-0.656
 1.429
 0.377
 0.726
-0.268
-0.088
-1.072
-0.255
 0.576
 0.437
-1.323
-0.162
-0.707
-0.003
 0.096
-1.321
-0.975
-0.163
 0.327
 1.688
 1.081
 1.609
-0.157
 1.146
 1.195
 1.389
 0.567
 0.929
 0.584
 1.015
-0.687
-0.229
 0.083
 0.735
 0.327
-1.222
-0.361
-1.933
-1.874
-1.600
-0.457
 0.694
-1.237
-0.137
 0.521
-2.215
-1.659
-0.664
-1.266
-0.951
-0.148
-0.306
-0.570
-0.599
-1.567
-1.094
-1.835
-0.922
 0.183
-2.049
-0.312
-0.798
 0.092
 0.656
 0.101
 0.320
 0.042
-0.407
 0.315
 0.782
 0.159
-2.323
-1.236
-2.235
-0.325
-0.681
-2.173
-1.997
-1.061
-2.672
-2.159
-1.698
-0.763
-1.021
-0.509
-0.186
-0.021
-0.795
-0.643
-0.134
-0.787
-1.039
-0.368
-0.897
 0.543
-0.300
-1.102
-0.822
-1.902
-0.594
-0.344
-1.572
-0.820
 0.860
-0.189
-1.414
-0.434
-0.542
-0.210
 0.652
 0.470
 0.058
-0.887
 0.650
 0.513
-1.452
-0.878
-0.661
-0.430
-1.174
 0.927
-0.424
-0.627
-1.497
-1.348
-0.332
-0.389
-1.727
-2.171
-0.845
-0.871
-1.429
 1.041
 0.441
 0.025
-1.404
-1.077
-1.123
-0.951
-1.367
-1.143
-1.297
-1.106
 0.413
 0.418
-0.395
 0.763
-0.200
-1.156
-0.727
-0.402
-0.990
-0.134
-0.009
 0.697
-0.331
 0.858
 0.687
 1.181
 0.194
-0.511
-1.737
-2.282
-1.542
-1.129
 0.036
-0.984
-1.816
-0.971
 0.702
 0.465
-0.608
 0.085
-0.900
 1.682
-1.211
-0.152
-0.709
 0.014
 0.274
-0.117
 0.052
-1.256
-0.516
 0.197
 0.556
-0.753
 0.140
-0.401
-2.351
-1.194
 0.071
-0.599
-0.311
-0.380
-1.076
-0.385
-0.845
-1.298
-1.486
-0.895
-1.769
-2.035
-1.232
-0.222
-1.795
 0.536
-0.568
 0.283
-0.544
 0.444
 0.449
-0.179
 0.980
-0.617
 1.329
 0.026
-0.136
-0.775
-1.593
-0.655
-0.498
-0.134
-1.010
-0.342
 0.027
-1.264
 1.427
 1.037
 2.015
-0.992
 0.653
 0.683
-1.366
 0.316
 1.193
 0.764
 1.028
-0.406
 1.490
-0.909
-0.741
-0.360
-0.438
-0.210
-1.928
 0.780
-0.150
-0.261
 0.812
 0.053
 1.008
 0.122
 0.283
 1.006
-0.109
 0.268
 0.377
 0.888
 1.477
 0.216
 0.967
 0.841
-0.041
 0.799
-0.001
 1.517
 0.053
-1.791
-0.050
-0.668
 0.109
-0.986
 0.044
 1.648
 0.782
-0.037
 0.602
-0.555
 0.662
-0.102
-1.881
-0.642
-0.197
 0.536
 0.485
-0.435
-1.005
-1.038
-0.174
-1.556
-0.294
 0.447
-0.336
 0.331
-0.682
 0.147
 1.519
 1.248
-0.548
 0.822
-0.423
-0.028
-1.503
-1.712
 0.168
-0.703
-0.676
-0.622
-0.733
-1.770
-0.482
-0.903
-0.243
-0.145
-0.174
-0.393
 1.660
 0.750
-1.094
-1.563
 0.198
-0.394
-0.479
 0.149
-0.926
-0.311
 0.467
-0.676
-1.153
-1.127
 0.315
 1.455
-0.459
 0.880
-0.153
-0.320
 0.101
-1.214
-0.586
-1.466
-0.188
 0.253
-0.119
-1.331
-0.712
-1.963
-0.216
-0.400
 0.779
 0.249
-0.337
 1.114
 0.125
 0.025
 0.108
 0.720
 1.067
-0.586
-1.875
-1.119
 0.016
-0.499
 0.049
-0.927
-0.658
-1.688
-1.411
-1.203
-2.003
-2.229
-0.370
-0.646
 0.608
-0.391
-1.111
-1.862
-1.345
-0.745
 0.111
-0.910
-1.014
-0.922
-0.901
-1.213
-1.920
-1.919
-1.314
-0.840
-0.377
-0.736
-0.935
-1.046
 0.414
-0.377
 1.160
 1.822
 1.125
 0.650
-1.406
-1.434
-1.054
-0.741
-1.619
-1.813
-0.931
-0.378
-0.332
-0.224
-0.850
 0.957
 0.640
 0.207
-0.365
-1.201
 0.686
 0.061
 0.484
 0.673
-1.248
-0.034
-0.500
-0.024
-0.226
 0.578
 0.772
 0.804
 0.502
-0.193
 0.694
 0.842
 1.128
-0.925
-0.238
 1.031
-2.098
-0.170
-0.637
-1.534
-1.179
-0.430
-0.770
-1.442
-1.729
-0.113
-0.399
-0.050
 0.351
-1.128
-1.295
-2.107
-1.783
-3.047
-2.084
-1.194
-1.402
-0.318
-1.533
-1.540
-1.583
-1.202
-1.139
-2.126
-0.799
-2.075
-1.650
-0.851
-1.579
-1.949
-1.705
-0.552
-2.341
-1.057
-0.534
-1.806
-1.417
-3.365
-2.117
-1.697
-3.725
-1.446
-0.639
-1.615
-0.095
 0.055
-0.435
 0.282
-0.143
 0.927
-0.170
-0.872
-0.096
-0.007
-1.090
-0.323
-1.153
 1.716
 0.421
-0.493
 0.302
-0.218
-0.750
-1.312
-1.802
 0.188
-0.474
-1.573
-2.314
-1.556
-0.023
-1.597
-1.510
-0.814
-0.657
-1.041
 0.962
 0.428
 0.997
 1.055
 0.096
-0.547
-0.254
-0.720
-0.399
-0.049
-0.578
-1.489
-0.323
-1.481
-1.093
 0.744
-1.429
-0.797
-0.683
-0.131
-0.380
-0.253
 0.204
-2.107
-1.344
-0.769
-0.358
-1.414
 0.513
-0.677
 0.455
 0.170
-1.525
-0.861
-0.979
-0.743
-1.582
-0.854
-0.145
-0.638
-1.786
-2.538
-1.378
-0.960
-1.477
-1.389
-2.729
-0.978
-2.419
-2.322
-2.451
-1.849
-1.559
-0.911
-1.003
-2.084
-1.339
-1.777
-1.737
-1.100
-1.063
-1.056
-0.769
-1.545
-2.044
-2.293
-1.333
-1.719
-2.889
-3.601
-2.202
-0.798
-1.234
-0.382
-1.497
-0.727
-0.996
-0.532
 0.527
 0.251
-0.808