-1.096
-2.309
-0.210
-1.358
-2.170
-1.949
-1.055
-0.925
 0.724
-1.031
 0.182
-0.863
-2.218
-0.923
-0.239
 0.625
 0.593
 2.475
 0.179
-0.436
 0.987
 0.349
 0.275
 1.914
 1.018
 1.367
 0.642
 0.760
 1.924
 0.033
 0.471
-0.165
 0.732
 0.141
 0.281
 1.818
 1.893
 1.752
-0.536
-0.797
 0.844
 1.466
 1.351
 0.920
 0.925
 1.555
 1.178
 0.975
 1.152
-0.505
 0.450
-1.241
-0.638
-0.929
 0.468
-0.029
-0.883
-0.921
-1.657
 0.792
 0.443
 0.072
-0.633
-1.937
-0.208
 0.434
-0.737
-0.782
 0.601
 0.276
-0.384
-1.996
-0.724
 0.672
 0.456
-1.055
-0.987
-0.498
 0.155
-0.364
-0.322
 0.489
 0.085
 0.011
-0.411
 1.264
 1.252
 0.856
-0.894
-0.440
 0.708
-1.568
 0.268
 0.673
 1.815
 0.818
 1.471
 1.156
 1.221
 0.775
-0.305
 0.668
 1.161
 1.737
 0.571
 1.301
 0.435
 0.929
 0.570
 1.100
 1.132
-0.691
 0.031
-0.334
-0.015
-1.538
-0.359
-0.154
-1.226
 0.754
 0.995
-0.043
-0.273
-1.167
-0.792
 0.764
-0.121
 0.283
 0.139
-0.891
-1.590
-0.214
 0.861
 1.388
-0.372
 0.083
-1.636
-1.106
-0.178
-0.262
-0.079
-0.697
 0.045
-1.259
 1.661
 1.412
 1.053
-0.479
 0.568
 1.552
-0.038
 0.102
-0.147
-1.122
-1.114
 0.003
-0.047
 1.096
 0.153
-0.177
 0.049
-1.509
 0.450
-0.499
-0.026
-0.842
 0.078
 0.889
-0.057
-1.040
-1.430
-0.421
 0.431
 0.384
-0.768
 0.206
 0.115
 0.359
 1.085
-0.002
 0.977
-0.073
-0.288
-1.039
 0.457
-0.061
-0.255
 1.500
 0.573
-0.090
 0.535
-0.897
 1.596
 0.864
 1.185
-0.491
-0.026
 0.236
 0.979
 2.718
 0.229
 1.666
 1.449
-0.706
 0.912
-0.147
-0.128
 1.772
 1.000
 1.658
 0.492
 1.577
 2.306
 1.805
 0.966
 1.002
 1.796
 2.223
 0.516
 2.578
 1.263
-0.039
 0.889
-0.308
-0.402
 1.665
 2.509
 0.983
-0.750
 0.318
 1.613
 1.292
 1.348
 1.626
 3.175
 1.478
 1.551
 0.496
 0.983
 0.316
-0.094
 0.086
 0.079
 0.469
 1.307
 1.049
 0.447
-0.301
-1.173
-0.890
-0.469
 0.681
 0.998
 1.360
 1.488
 1.554
 0.670
 1.598
 0.969
-0.703
 1.204
 0.906
 1.783
 1.583
 0.214
 0.494
-0.434
-0.772
-0.213
 1.479
 0.640
 0.915
 1.873
 2.123
 0.611
 0.899
 0.037
 0.485
 1.049
 0.222
 1.072
 0.260
 1.045
 0.340
-0.124
 0.960
-0.054
 0.363
-0.510
-0.940
-1.213
-0.333
 0.334
 0.391
 0.228
 0.169
-0.105
-0.510
-0.570
 0.268
 1.725
-0.401
-0.621
 0.423
 2.916
 1.199
 0.532
 0.396
 1.166
 2.243
 0.218
 0.374
 0.797
-0.369
-0.822
 0.497
-0.208
-0.315
 0.677
 1.018
 0.291
 0.054
-0.434
 0.142
-1.004
-0.209
 1.323
 0.849
-0.097
 1.828
 1.348
-0.860
 0.828
 1.248
 0.581
 1.743
 1.424
 0.513
 1.181
 0.617
 1.994
 0.969
 0.770
 0.792
-1.361
 0.505
-1.266
-0.783
-0.197
 1.935
 1.264
-0.839
-0.583
-0.225
 0.629
 1.199
 0.828
 0.139
-0.159
 0.412
 1.639
 0.179
 0.487
-1.510
-1.891
 0.099
-0.207
 2.048
 2.326
 0.620
-0.389
 0.334
-1.009
-0.370
 0.805
 0.365
 0.191
-0.521
 0.336
-0.337
 0.714
 1.077
-1.222
-0.034
-0.064
-0.528
-1.056
-0.538
-0.403
-0.824
-0.697
-0.304
 1.111
-0.047
 1.373
-1.866
-0.150
-0.132
 0.389
 1.166
-0.153
 1.538
 0.622
 0.505
-1.481
-0.366
-0.591
 0.257
 0.039
 0.003
 2.210
 1.244
 1.268
 0.245
-0.195
 1.885
 0.422
-0.748
 0.192
 0.196
-0.426
 0.075
-0.154
-0.616
 0.577
 0.851
 0.423
-1.456
-0.107
 0.404
 0.489
 1.390
-0.232
 1.367
 1.854
 0.251
-0.716
 0.124
-0.757
-0.789
 0.096
 0.239
 1.063
 0.888
-0.124
-0.643
-0.351
-0.933
-0.114
 1.227
 0.681
 1.110
-0.803
 0.934
-0.869
 0.071
 0.697
 0.680
-0.652
 0.182
 0.491
-0.101
 0.814
-1.047
-0.708
-0.427
-0.808
-0.918
-1.490
-0.802
-0.473
-0.570
-0.908
 0.554
 0.738
-0.817
 0.027
-0.014
 0.683
-1.234
-0.665
-0.487
 0.961
 0.226
-0.324
-0.618
 1.029
 0.666
 0.369
 0.679
 1.678
 1.435
 0.812
 1.515
 0.165
-0.124
 1.187
 0.677
 0.228
 0.882
 0.435
-0.084
-0.577
-0.355
 0.109
 0.870
 0.212
-0.103
-1.324
-1.784
-0.648
-0.527
-0.878
 1.621
 1.104
 0.348
-0.142
-1.446
-0.816
-0.390
-0.974
 1.265
 0.418
 0.071
 1.231
-0.020
 0.087
-1.002
-0.246
-0.221
 0.342
-0.129
 1.142
 0.551
 1.140
 0.934
-0.097
 0.801
-0.298
 0.182
 0.346
 0.786
-0.007
 0.146
-0.611
 0.100
-0.086
-0.118
 0.365
-0.430
-1.022
-0.507
 0.669
 0.270
-0.085
 0.697
 0.348
-0.451
 1.292
 0.751
 0.102
 0.176
-0.499
 0.133
-1.081
-0.054
-0.028
-1.082
-0.274
-1.470
 1.022
 0.661
 2.022
 0.820
 0.226
-0.167
-0.681
 1.929
 0.254
 1.495
 1.204
 0.989
 0.897
-1.064
-0.580
 0.723
-0.895
-0.299
-0.084
-0.420
 0.102
-0.046
-0.403
-0.142
-0.841
-0.232
-0.239
-2.065
-1.884
-1.115
-0.976
-2.451
-1.287
-1.302
-1.902
-1.572
-1.343
-1.119
-0.458
-1.525
-1.491
-1.643
-1.814
-0.337
-1.305
-2.025
-1.158
 0.159
 0.359
 0.836
-0.096
-1.297
-0.509
-0.174
 0.218
-0.487
 0.041
 0.755
-0.947
 0.876
-0.679
-0.251
-1.995
-1.564
-0.916
-1.630
-0.451
 0.662
-1.360
-1.059
-0.359
-0.940
 1.108
 0.649
-0.058
-0.456
 1.068
 1.468
 0.764
 0.307
 0.163
 1.084
 1.499
 0.778
 0.985
-0.438
 0.626
 0.828
 0.406
-0.414
-1.988
-1.614
 1.335
-0.397
 0.526
 0.591
 0.816
-1.052
-0.047
-0.821
-0.213
-0.401
-0.507
-0.749
 0.237
 0.817
 0.814
 1.271
-0.214
 0.468
-1.181
-0.958
-1.566
 0.717
 0.292
 0.218
-1.790
-0.283
-0.151
 0.126
-0.729
-0.533
-1.286
-0.976
 0.646
-0.876
 0.607
 1.529
 0.624
-0.240
 0.072
-0.116
-1.437
 0.105
-0.212
-1.291
-0.763
-1.775
-1.053
-2.525
-0.008
-0.520
-0.549
-0.218
-1.317
-2.253
-1.322
-1.016
-0.761
-1.847
-2.172
 0.387
-1.642
-1.568
-1.390
-0.663
-1.257
-1.104
 0.419
 0.326
-1.040
 0.447
-1.117
-1.478
-0.728
-0.349
-0.483
-1.042
 1.388
-0.392
-1.483
-0.671
-1.818
-0.185
 0.625
 0.324
-0.392
 0.024
-0.572
 0.668
 0.566
 0.671
 0.658
 0.174
 0.408
-1.268
-2.136
 0.686
 0.036
-2.081
-0.689
-0.386
-0.658
-0.965
-1.046
 0.248
-1.229
-0.539
-0.072
-2.113
-0.642
 0.132
 0.387
 1.243
-0.845
-1.161
-0.094
-1.838
-0.294
-1.129
-0.655
-0.064
-0.047
-2.026
-1.088
-0.925
-0.726
 0.410
 0.120
 0.472
-2.044
-1.611
-1.721
-0.692
-1.009
 0.545
-0.526
 0.952
-1.551
 0.039
-1.533
-1.344
-2.677
-1.225
-0.741
 1.462
-0.612
 0.429
-0.207
 0.154
-0.174
 0.420
-0.325
 0.840
-0.270
-0.088
 0.024
-1.602
-0.216
 0.173
 0.430
 0.570
 0.193
-1.720
-2.373
-1.735
-0.065
-0.540
-0.785
-1.625
 0.070
 0.910
 0.200
-0.596
-0.131
-1.141
 0.268
-0.257
 0.114
 0.017
-0.677
 0.994
-0.676
 0.168
-0.665
-1.170
-2.297
-1.647
-1.340
-1.814
-1.349
-1.380
-1.281
-1.237
-1.184
-0.743
 0.167
-1.835
-0.722
-0.942
-0.333
-1.058
-0.707
-1.201
-0.460
 0.555
-0.530
-1.064
 0.306
 0.116
-1.856
-2.254
-1.349
-1.044
-1.552
-1.417
-2.003
-1.819
-1.084
-0.692
-2.015
-1.217
-2.289
-0.328
-1.433
 0.876
 0.595
-0.320
-0.648
-0.379
 0.015
-0.777
-0.305
-1.048
 0.236
-0.072
 0.130
 0.216
 0.435
 0.374
-0.590
-2.150
 0.672
-1.050
-1.562
 0.232
-0.499
-0.719
 0.024
-1.214
 0.132
-0.038
 1.014
 0.792
-0.264
-2.202
-0.442
-0.434
-0.539
-0.314
 0.185
 0.778
-0.036
-1.180
-0.515
-1.085
-1.731
-1.194
-0.639
-0.007
 0.133
-2.363
-1.138
-0.598
 0.223
-0.779
-1.279
-1.507
-0.431
-0.560
-1.047
-1.266
-0.879
-1.306
-2.919
 0.406
-0.816
 0.653
-1.709
-0.945
-1.294
-1.802
-2.107
-1.467
-2.120
-2.690
-0.616
-1.473
-1.969
-1.881
-1.621
-0.223
-0.921
 0.090
 0.382
-2.677
-1.270
-0.955
-1.241
-1.709
-1.167
-1.151
-1.939
-0.672
-0.160
-0.393
-0.166
-0.917
-0.772
-0.669
-1.550
-1.132
-0.315
-1.058
-0.716
-0.936
-0.947
-2.550
-1.334
-0.253
-1.080
-0.299
 0.351
-1.026
 1.171
 0.248
 0.434
-1.458
-1.721
-0.781
-1.108
-0.300
-1.697
-1.423
-0.762
-0.953
-0.931
-1.056
-0.944
-1.804
-0.065
-1.950
-1.323
 0.501
-1.163
-2.249
 0.736
 0.057
 0.017
 0.175
-1.083
-0.501
-0.687
-2.127
-2.579
-2.167
-1.759
-1.973
-0.314
-0.942
-0.271
-0.255
 0.473
 0.384
 0.541
 0.850
-0.242
-0.634
-0.353
-0.072
-1.282
-0.774
-1.328
-0.946
-0.906
-0.604
-1.289
-2.278
-0.094
 0.464
 0.437
-0.220
-0.012
-0.355
-1.276
 0.649
 2.176
 2.270
 1.176
 0.585
-0.230
 0.446
 1.374
 0.746
-0.971
 0.602
 0.542
-0.569
-1.499
-0.256
-1.158
-1.475
-0.199
-0.920
-0.336
-0.850
-0.098
-0.942
-0.154
-1.604
 0.022
-0.420
-0.032
 0.712
 2.747
 1.043
 1.702
 0.340
 0.794
 0.273
-0.811
 0.360
 1.305
 1.261
 0.698
 0.431
 0.977
 1.316
 1.675
 0.764
-0.319
-0.634
 1.666
-0.255
 0.972
 2.335
 0.120
 0.644
 1.253
 0.773
 0.649
-0.066
 1.066
 1.374
 1.195
 0.970
 0.902
 0.572
 1.749
 1.195
 0.119
-0.751
 0.015
-0.568
-2.239
-0.471
-1.310
 0.169
 0.238
 1.148
-0.101
 0.531
-0.645
 0.604
 0.411
-0.586
-0.295
-1.731
 0.545
-0.405
 0.934
 0.647
-0.273
 1.222
-0.896
-0.110
-0.259
 1.080
-0.804
 0.281
-0.612
-1.165
-1.913
-2.319
-0.974
-1.128
 0.476
 0.086
-0.037
 0.203
 1.206
-0.054
-1.003
-0.382
 0.072
 1.212
 1.843
 0.030
 1.132
-1.576
-0.840
 0.190
-0.557
-1.123
-0.903
 1.151
-1.501
-1.458
 0.029
-0.934
-0.823
-0.448
 0.360
 0.426
 1.355
-0.642
 0.989
-0.629
-0.354
-0.539
-1.108
-0.643
-1.565
-0.744
-0.492
-1.049
-1.940
 0.457
 0.133
 0.530
-1.176
-1.087
 0.018
-0.522
-1.379
-1.903
-1.384
-1.428
-1.046
-0.044
 0.402
 0.630
-0.666
 0.091
 0.314
-0.890
-0.077
-0.097
-0.918
-1.178
-0.284
 0.140
 0.226
-0.545
-0.342
-1.072
-1.859
-0.019
-2.149
-0.506
-0.545
-0.202
-1.543
-0.833
-1.531
-0.369
-0.868
-2.015
-0.805
-0.830
-0.801
-1.782
-0.580
 0.203
-0.340
-2.002
-1.255
-0.357
 0.484
-1.096
 0.242
-0.659
 0.557
 0.754
-0.003
 0.327
-0.633
-1.413
-0.312
-2.633
 0.101
-1.240
-0.860
-1.629
-1.524
-1.622
-1.575
-0.686
-1.112
-0.382
-0.722
-1.555
-0.720
 0.100
 0.825
-0.777
-0.471
-2.549
-1.969
-1.473
-1.981
-1.359
 0.216
-0.345
 0.113
-0.462
 0.759
 0.023
 1.256
 0.537
 0.886
 1.689
 0.307
-1.096
 0.167
 1.025
 0.163
 0.411
-0.981
-0.115
 0.853
 1.134
-0.320
-0.717
 0.215
-1.579
-0.453
-1.249
-0.346
 0.205
-1.322
-0.084
-0.448
 0.543
-1.428
-0.715
 1.007
 1.582
-0.709
-0.329
 0.184
-0.450
-0.484
 0.796
-0.730
 0.735
-1.022
-1.924
-1.206
-0.283
-1.144
-0.207
-0.628
-0.545
 0.015
-1.243
 1.164
 0.336
-1.617
-1.191
-0.275
-1.845
-0.136
-0.574
-1.194
-0.060
-2.890
-1.476
-1.171
-1.384
-0.343
-0.395
-0.928
-1.287
-0.762
 0.600
-0.027
 0.251
-1.608
-0.134
 0.598
 0.427
 0.415
-0.552
-1.403
-1.565
-0.793
 0.692
 0.347
-1.334
-0.885
-0.791
 0.628
 0.615
-1.257
-0.450
-0.064
 0.765
 1.591
-0.480
-0.121
-0.427
-0.669
-0.109
-0.747
-0.392
-0.355
 0.075
 0.937
 0.574
 0.307
-1.154
-0.980
-0.144
 1.147
 0.507
 2.203
 0.801
 1.709
 0.797
-0.351
 0.087
 0.173
-0.986
 0.091
 1.710
 1.393
-0.439
-1.084
-0.831
-0.362
-1.569
-1.006
-1.759
-0.542
-0.434
-1.300
-1.665
-0.289
-2.529
 0.319
-0.035
 0.330
-0.478
-0.363
 0.254
 1.595
 1.364
 0.023
-0.249
 0.109
 0.687
 1.216
 0.921
-0.058
-0.574
-0.368
-0.624
-0.699
-0.166
 1.078
 1.111
 0.728
 0.570
 1.599
 1.594
 0.759
 1.147
 1.064
 1.477
 0.618
-0.266
-0.542
 0.030
-0.112
 1.083
-0.335
 0.348
-1.113
-0.834
-1.178
-0.533
 0.056
-0.054
-0.342
-0.575
 0.340
 0.058
 0.471
-0.647
-0.267
 0.397
 0.445
 0.580
-0.451
 0.786
-0.400
 1.563
 1.719
 2.068
 1.186
 1.844
 2.045
 0.875
 1.580
 0.715
 0.436
-0.141
 0.759
 1.657
 2.313
 1.134
 2.769
 1.356
 2.316
-0.150
 1.675
 2.218
 1.846
 0.877
-0.007
 1.083
 1.191
 0.264
 0.513
 2.346
 1.072
 0.050
-0.217
 0.306
 1.240
 0.372
-0.362
-1.899
 0.856
-0.583
-0.579
-0.055
-0.518
-0.481
-0.009
-0.117
 2.596
 1.098
-0.041
 0.587
-0.104
-1.724
-0.362
-1.386
-1.538
-0.709
-1.324
-2.469
-2.370
-1.388
-0.794
-0.603
-0.458
-1.317
-3.050
-1.710
-0.904
-1.162
-0.778
-0.829
-1.482
-1.831
-0.446
 0.113
-0.489
-0.252
-0.910
-0.485
 0.779
 0.161
 0.032
-0.170
-1.146
 0.173
 1.631
 0.787
 1.585
 1.132
 0.421
 0.899
 0.071
 1.836
 1.032
 0.618
 1.812
 0.508
 1.211
 0.113
 1.087
-1.580
-0.695
-0.405
-0.848
 0.721
-0.767
-0.030
-0.787
 0.522
 1.922
-0.036
 1.085
-0.763
 0.750
 0.736
 1.492
-0.657
-1.267
-0.323
-1.442
-1.319
-1.602
-0.016
 0.116
-0.322
 0.299
-2.802
-1.151
-1.051
-1.230
-0.195
 0.936
 1.100
 0.175
 0.602
-0.641
 1.505
 0.651
-1.359
-1.078
 0.570
-1.126
-0.188
-0.067
 0.336
 0.693
 0.343
 0.480
-2.025
 0.407
-0.406
 1.078
-0.507
 0.705
-0.307
 0.092
-0.246
-0.714
-1.290
-0.482
-1.243
-0.244
-0.995
-0.788
 0.939
-0.751
-0.351
-0.093
 0.431
-0.047
-0.443
 0.510
-1.000
 1.130
 0.165
 0.680
-1.313
-0.922
-1.987
-1.912
-1.554
-0.411
-0.755
 0.769
-0.273
-0.744
-0.698
-0.028
-0.650
-1.048
 0.101
 0.603
-0.250
-0.455
-1.957
-0.395
 0.033
-0.078
-0.353
-1.365
-1.198
 0.281
-1.645
-1.279
-1.955
-1.786
-1.710
-2.440
-1.441
 0.635
-0.735
 0.494
-1.054
-0.946
-0.367
-2.452
 0.297
-0.312
-1.279
-2.313
-1.752
-2.530
-1.432
-1.493
-2.443
-0.844
 0.291
-0.532
-0.726
-1.481
 0.095
 0.044
 0.223
-0.177
 0.147
 0.727
-0.124
-2.048
-1.008
-0.520
-0.227
-0.917
 1.658
 1.387
 0.291
 1.591
 0.900
 0.610
-0.150
-0.383
-1.211
 0.273
 0.029
 0.785
-1.663
-0.109
-0.745
-0.579
-0.921
 0.361
 0.022
-0.029
-0.983
-0.570
-2.088
-0.285
 0.743
-1.010
-0.937
-2.533
-0.860
 0.387
-0.652
-2.556
-0.148
-1.202
-0.767
-0.426
 0.700
 1.152
-0.849
-0.386
-0.728
-0.814
-1.203
 0.160
-0.372
-0.404
 1.367
 0.616
-0.676
 0.193
-0.759
-2.085
-2.099
 0.134
-1.805
-1.281
-0.174
-0.498
-0.714
-1.133
-2.521
-1.652
-0.859
-1.274
-1.399
-0.087
-0.658
 0.108
 0.707
 0.557
-0.711
-0.587
-0.761
-0.863
 0.403
-1.168
-0.634
 0.353
 0.401
-0.686
 0.019
 0.247
-0.076
-0.091
-1.658
 0.239
-0.372
-1.262
-0.772
-0.511
 0.276
-0.728
 0.832
-0.156
-0.300
-0.228
 0.788
 0.590
-2.023
-0.725
-0.931
-0.644
-1.821
-1.326
-0.225
-1.520
-0.472
-0.694
-0.060
 0.483
-0.688
 0.385
-0.171
-0.497
-0.149
 0.935
 0.344
 1.428
 1.391
 0.260
-0.933
-0.047
 0.497
 1.367
 1.007
 0.491
 0.772
 0.096
-1.392
 0.231
-0.170
 1.765
 1.543
 0.833
 0.536
-0.352
 0.781
 0.279
-0.501
-2.005
-1.466
-0.924
-0.884
-0.439
-0.828
-0.772
 0.983
 0.327
-0.345
-0.474
-0.607
-0.285
-1.012
-1.593
-0.367
 0.969
-1.594
-0.987
-1.143
-0.995
 0.422
-0.380
-1.191
-1.044
 0.180
-0.863
-0.138
-0.527
 0.079
 0.704
-0.749
 0.313
 0.050
 1.041
 1.739
 0.884
-0.234
 1.140
 0.032
 0.611
 0.345
 0.153
-0.942
-1.796
-0.246
-0.401
-0.833
 1.258
-0.580
-0.087
-0.880
-0.666
 1.969
-0.260
-0.823
 1.044
-0.512
 0.291
-0.132
 0.259
 1.061
 0.865
 0.262
 0.671
 0.921
 1.414
 1.580
 1.118
 1.123
-0.673
 1.325
 0.757
 1.734
 0.356
 0.562
 0.951
-0.019
 0.291
 1.810
 0.124
 1.368
 2.446
-0.314
 0.233
 0.217
 0.553
 0.601
 0.730
 2.357
 2.011
 1.226
 1.439
 1.531
 2.582
 1.387
 0.780
 1.943
 1.300
 0.581
 0.038
 1.281
 1.173
 0.435
 0.081
 0.346
-0.799
 1.078
-0.256
 1.338
 0.702
 0.077
-0.490
 0.329
 1.181
 1.239
-0.131
-0.145
 0.161
 1.547
 0.467
 1.444
 3.428
 1.804
 1.360
 1.113
 1.106
 0.106
-0.309
-1.954
-1.314
-0.570
-0.417
-0.905
 0.354
-0.387
-1.158
 0.070
 0.321
-1.026
-0.237
-0.747
-0.169
 0.863
 0.478
-0.408
-0.188
-0.067
-2.283
 0.139
-0.852
 0.387
 0.753
 1.751
 1.325
-0.024
-0.023
-0.337
 1.201
 0.462
 1.842
 1.968
 0.717
 0.539
-0.324
 0.769
 0.529
 0.546
-1.062
-0.257
 2.253
-0.262
 0.054
 0.638
 0.224
-1.091
-1.906
-1.232
-2.085
 0.935
 0.869
 0.090
 0.372
 1.044
 0.538
-0.008
-0.119
-0.818
 0.260
-0.354
-0.543
 0.056
-0.454
-1.289
-0.587
 0.093
-0.853
-0.969
-0.655
-1.604
-1.659
-0.547
 0.473
-0.771
-2.094
-2.224
 0.129
-1.859
-0.261
-0.816
-0.152
 0.284
-0.408
 0.133
 0.830
-0.094
-0.321
-0.126
 0.341
 1.345
 1.236
 0.149
 0.128
 0.575
 0.109
-0.415
-0.474
-0.486
-0.048
-0.452
 0.336
-0.509
-1.177
 1.685
 0.242
 1.062
-0.202
 0.206
 0.385
 0.201
-0.894
-2.008
-1.029
-2.789
-0.961
-1.831
-0.204
-1.455
 0.176
-1.385
-0.730
 1.886
 0.699
 0.420
-0.272
-0.084
 0.295
-0.025
 0.301
 0.892
-0.099
-0.128
 0.854
 0.585
-1.604
-0.204
-0.602
 0.108
 0.969
-1.776
-0.298
-1.031
-0.918
-0.254
-0.357
-0.931
 0.559
-0.791
-1.070
-0.432
-1.105
-0.402
-1.588
-0.048
 0.945
-0.727
 0.402
-0.729
-0.570
-0.081
 0.196
-1.383
 0.301
 0.847
-0.887
-0.468
 0.469
-1.057
 1.073
-0.815
-0.320
-0.196
 0.087
-0.273
-0.235
 1.219
 0.271
-0.618
 0.294
-0.506
-0.411
 0.020
-0.092
 1.077
 0.488
 1.432
 1.465
 1.533
 0.623
 0.954
 1.773
 1.821
-0.253
 0.374
 0.255
 1.203
 0.423
-0.203
 0.034
-0.371
-1.504
-0.168
 0.420
-0.609
 0.148
-0.830
-2.578
-0.932
-0.448
-0.919
-0.325
-0.933
-0.308
 0.476
-1.252
-1.615
-0.493
-0.849
-1.577
-0.594
-0.223
 0.197
 1.148
-1.045
 1.571
 0.234
 1.078
 0.779
-1.164
-1.002
 0.566
-0.742
-1.697
 0.074
-1.181
-0.677
-0.836
 0.342
-1.758
-2.239
-1.377
-1.685
 0.105
 0.592
 0.241
 0.197
-0.363
 0.018
 0.695
-0.507
 1.015
 0.370
 0.388
 0.710
 1.385
 0.514
 0.497
 0.591
 0.414
 0.248
 0.276
-1.193
-0.671
-1.249
 0.019
-1.425
-0.497
-1.921
-1.445
 0.948
 0.546
 0.858
-0.453
-0.411
 0.264
-0.477
 0.172
-0.022
 1.609
 0.349
 0.535
 0.728
 0.453
 1.444
 2.801
 0.618
 0.853
 0.861
 1.122
 0.648
 2.639
 0.948
 0.596
 1.390
 1.082
 0.667
 0.593
 0.223
 0.734
 0.756
 1.985
 1.124
 0.075
 1.100
 0.875
 0.590
 2.455
 0.662
 1.865
 2.806
 1.106
 1.426
-0.087
 1.181
 1.536
-0.259
-0.960
 0.247
 1.314
 0.607
-0.953
 0.693
 1.069
 0.495
 0.823
-0.429
 1.066
 2.243
 0.291
 0.113
 1.362
-0.996
-0.372
 0.097
 0.439
 0.614
 0.722
 0.680
-0.703
-0.053
-0.688
-0.331
 0.642
 0.409
 1.176
 1.050
 0.313
 1.240
 1.928
 1.496
 0.831
 0.581
 1.335
 0.407
 0.384
 0.277
-0.260
 0.484
 1.434
-0.174
-0.443
-0.349
 1.299
 1.047
-0.571
 0.783
-1.280
-2.290
-1.007
-1.374
 0.222
 0.648
 0.351
 0.240
-0.458
 0.088
-1.555
 0.877
 0.040
-0.517
 1.091
-0.820
-0.672
-2.202
-0.658
 0.491
-0.640
-0.038
-1.017
-0.694
-0.014
-0.122
-0.035
 0.771
-0.783
 0.757
 1.170
 0.915
 2.016
 1.181
 1.151
 0.965
 1.431
 0.502
 1.089
 0.206
 1.552
 1.878
 1.664
 1.412
 0.696
 1.110
-0.117
 0.942
 1.302
 0.959
 1.286
 0.330
 1.653
 0.371
 0.591
 0.983
-0.333
 0.164
 0.093
 0.808
 0.894
-0.425
 0.698
 0.333
 0.110
 1.252
 1.618
 1.317
 2.107
 0.802
-0.483
 0.370
 1.151
 1.046
 0.764
 1.151
-0.561
-1.161
 0.118
-0.480
 0.079
 1.120
 1.923
 0.501
 1.087
 0.233
 0.715
-0.040
-0.272
-0.921
-0.319
 0.149
 0.009
 0.558
 2.276
 0.671
-0.583
 0.898
-0.352
 0.399
-0.658
-0.280
-0.767
 0.452
 1.146
 0.828
-0.943
-0.359
 0.691
 0.106
-0.119
-0.593
 0.213
 0.123
 0.128
-1.359
-0.783
 0.873
 0.174
-0.149
-0.079
 0.301
-1.332
-0.163
-1.137
-0.978
-2.353
 0.732
 0.005
-0.789
-1.926
-0.227
 1.802
 0.218
 0.145
-1.553
 0.109
 0.964
 0.457
 0.767
 1.543
 2.893
 2.260
 1.834
 1.303
 0.983
 0.183
 0.658
 1.302
 2.667
 0.388
-2.067
-1.617
-0.335
 0.195
 0.556
 0.568
-0.058
 0.059
 0.282
-1.454
-0.157
-1.571
-0.135
 0.807
-0.678
-0.076
-0.601
 0.552
 0.284
 0.488
 0.765
 0.236
 1.006
 1.007
-0.314
-0.226
 1.497
 1.608
 0.352
-0.160
 0.073
-0.357
 0.327
 1.365
 1.166
 1.360
 0.340
 0.558
 0.052
 1.004
-0.392
 1.042
 0.961
-0.250
 0.621
 1.873
 1.359
 0.900
-0.053
 0.814
-0.368
 1.566
 1.794
-0.005
 1.464
-0.233
 0.806
 1.021
 0.325
-0.175
-0.030
 0.333
-0.235
 1.342
-0.436
 0.185
 0.103
 1.817
-0.166
-0.181
 0.616
 0.182
 1.024
 1.082
 0.222
 0.092
 1.031
-0.360
-0.902
 0.890
 1.070
 1.065
 0.964
 0.091
 1.272
 0.845
 1.585
 2.275
 0.241
 0.311
 0.665
 1.483
 1.331
 1.625
 0.981
-1.198
-0.370
-0.006
 1.347
-0.791
 0.211
-0.254
 1.389
 0.594
 0.730
 1.408
 0.111
 0.360
 0.977
-0.173
 1.849
-0.977
-1.017
 0.273
 1.121
 0.424
 0.462
 1.600
 0.463
 0.640
 0.928
-0.039
 1.247
 0.447
 0.315
 0.399
 0.180
-1.349
 0.687
 0.480
 0.386
-0.067
 1.096
 0.398
-0.563
 0.544
-0.453
-0.250
-1.783
-1.730
-1.668
-1.097
 0.286
-1.020
-0.164
-0.027
-1.315
-0.598
 0.034
 0.896
 1.183
 1.088
 0.519
-0.429
-1.047
 0.615
-0.368
 1.069
 1.881
 1.778
 1.803
 1.218
 0.156
-0.403
 0.024
 0.352
 0.217
-0.196
-0.126
 1.179
 0.470
 0.258
-0.573
-0.253
-0.425
 1.376
 0.108
-0.284
 0.354
 0.500
 0.831
 0.113
 1.156
 0.584
-0.154
 1.850
 1.215
 0.045
 0.532
 0.390
 0.892
-0.085
 1.064
-0.057
-0.236
 0.601
 1.329
 0.945
 0.103
 0.017
 0.956
 0.300
 0.627
 0.800
 2.229
 0.086
-0.042
-1.109
-0.680
 0.610
 1.371
-1.120
 1.111
 1.968
 0.832
 0.581
-0.363
 1.073
 1.024
 1.233
-0.236
 0.080
 0.038
-0.343
 0.551
 0.369
 0.790
 2.302
 1.146
 0.297
 0.642
-0.057
 0.077
 0.157
 0.614
 0.404
 1.069
-1.471
-0.918
 0.003
 1.104
 0.723
 1.113
 0.693
 1.059
 1.218
 0.752
 2.508
 1.348
 0.171
 0.373
 1.366
-0.382
 0.251
-0.860
 0.029
 0.594
 1.092
 0.293
-0.490
-0.825
 0.393
 1.866
 1.231
-0.426
-0.187
 0.034
-0.945
 0.232
 0.886
 0.421
 1.778
 0.967
 0.577
 0.084
-0.273
 1.153
 0.814
 1.349
 1.079
 0.457
 1.436
 0.197
 0.636
 1.049
 0.965
 0.978
 0.719
 1.304
 0.412
-0.730
 0.734
 2.456
 1.005
 0.125
 0.071
 0.800
 1.282
 0.349
 1.025
-0.186
 0.406
-1.355
-1.313
-0.773
 0.017
 0.661
 0.613
-0.441
-0.066
 0.418
 0.205
 0.180
 0.192
 1.327
 1.109
 0.385
 0.571
 0.102
 0.074
 1.478
 0.209
 0.282
 0.445
-0.588
-0.305
-0.062
-0.789
-1.803
-2.533
 0.301
 1.750
 1.684
 1.349
-0.251
-0.062
-0.135
-0.066
 1.307
 1.332
-0.756
-0.941
-1.310
-0.754
-0.829
-1.905
-2.077
-1.242
-1.340
-1.166
-2.356
-2.993
-2.414
-1.478
-1.991
-2.548
-2.576
-3.063
-1.675
-2.794
-1.105
-1.330
-0.471
-3.093
-2.552
-3.349
-1.006
-1.055
-3.342
-3.526
-2.354
-2.727
-0.776
-1.040
-1.807
-1.290
-2.567
-1.149
-1.027
-1.009
-1.186
-0.429
-1.397
-0.305
-1.679
-1.862
-0.953
-0.546
-0.911
-0.663
-0.936
 0.247
-0.630
 0.368
-0.457
 0.104
 0.899
-0.194
-1.994
-0.060
-0.688
-0.359
-0.900
-0.074
-0.965
-0.282
 0.494
-0.370
-0.937
-1.288
-2.102
-0.354
-1.464
 0.149
 1.237
 0.308
 0.486
 0.283
-1.343
-0.538
 0.279
-1.093
 0.859
 0.775
 0.853
-0.008
-0.305
-0.787
 0.284
-0.559
 0.185
-2.531
-1.668
-0.230
-0.231
 0.134
-0.714
 0.362
 0.204
 0.501
 0.013
-0.092
 0.143
 0.241
 0.730
 1.206
 1.562
-0.569
 0.612
 0.348
-0.183
 0.694
-1.773
-1.285
-0.657
-1.352
-1.656
-2.012
-0.121
-1.585
-0.119
-0.280
-0.267
 0.205
 1.064
-1.044
-2.282
-2.257
-1.301
-0.206
-0.092
-0.265
-1.352
-0.836
-0.972
-0.663
-0.392
 0.219
-1.044
-1.165
-1.967
-0.273
-1.136
-1.654
-3.050
-2.426
 0.063
-2.264
-1.094
-0.942
-1.493
-1.695
-0.562
-1.686
-1.562
-1.517
 0.019
-0.074
-1.025
-0.807
-0.954
-0.959
-0.607
-1.830
-2.260
-2.833
-1.627
-1.051
-1.448
-0.569
-0.899
-0.822
-0.616
-1.856
-1.498
-0.195
 0.869
-0.870
 0.601
 0.062
 0.184
-0.200
-0.367
-0.044
-0.777
-0.753
-0.318
-0.893
-0.900
-0.737
-1.718
-1.687
-1.372
-2.247
-0.141
 0.349
-0.722
-0.628
-0.387
 0.114
-1.462
-0.022
-1.479
-1.440
-2.074
-0.289
-0.966
-0.140
-0.688
-0.789
 0.520
 0.350
 0.970
 0.681
 0.626
 1.281
 0.530
-0.800
-0.395
 0.285
-0.404
-0.008
-0.525
-0.710
-0.298
 0.359
 0.294
-0.562
 0.054
-0.524
-1.685
-0.330
 1.604
-0.187
-1.276
-0.840
-0.171
-0.649
 1.170
-0.297
 0.350
-0.700
 0.630
-0.506
-0.832
-0.840
-0.398
-0.809
-0.057
 0.412
 0.278
 0.715
-0.594
 0.016
-0.044
-0.186
 0.428
 0.737
 0.239
-0.409
-1.128
-2.376
-1.553
-1.110
-0.341
-0.104
-1.363
-1.724
-0.997
-2.192
-2.387
-1.442
-1.056
-0.277
-0.506
-0.664
 0.284
 1.318
 0.931
-0.214
-0.627
-1.230
-1.150
-1.192
 0.489
-1.568
-1.556
-1.197
-0.029
 0.044
 0.521
-0.020
 0.558
-0.281
 0.349
-0.196
 0.521
-2.467
-0.718
-0.103
-0.362
-0.145
-0.073
-0.342
-1.367
-0.568
-1.514
-1.129
-0.613
-0.861
-0.528
-0.037
-1.022
-1.304
-0.084
 0.153
-1.135
-0.092
 0.075
-0.810
 0.666
 0.571
-0.046
-0.058
 0.639
-0.216
-0.971
-1.006
-0.047
-0.162
 0.385
 0.303
 1.090
 0.017
-0.222
 0.701
-0.923
-0.640
 0.374
 1.733
 0.760
 0.521
-0.237
 0.184
 0.428
-0.812
-0.935
-0.588
-0.578
-1.062
 0.481
 0.744
-2.363
-1.572
-1.111
 0.428
-0.211
-1.052
-1.396
-0.717
-0.393
-0.873
 0.524
-1.078
-0.976
-0.302
-0.344
 0.449
-0.228
 0.331
-0.784
-0.445
-1.735
-0.303
-0.508
-0.905
 0.060
-0.814
 2.361
 0.961
-0.990
-0.499
-1.269
-1.017
-0.272
-1.665
-0.552
 0.430
 0.955
 0.244
-0.153
 0.928
-0.650
-0.678
-0.589
-0.407
 0.373
 0.208
-0.555
 0.548
-0.776
-0.704
-1.664
-0.397
-0.724
-1.057
-0.195
-0.726
-2.085
-0.916
-0.562
-0.494
 0.315
-1.184
-1.066
 0.791
-0.095
-1.300
-1.471
 0.092
 0.928
 0.928
 0.713
 0.252
-0.176
 0.114
 0.583
 0.249
 0.535
 1.084
 0.860
 0.467
 0.073
-0.623
 1.212
 0.534
 0.820
-0.700
-0.219
 0.021
 0.413
-0.187
-0.130
 1.012
 1.939
 1.438
-0.176
-2.035
-0.682
 0.412
 0.147
-1.424
-0.122
-1.228
-0.517
 0.014
 0.354
 1.160
 0.192
-0.427
-0.195
 0.182
-0.601
 0.513
-0.847
 0.152
-0.759
-0.099
-0.881
-0.635
-0.726
 0.992
-0.698
-1.037
-1.257
 0.264
-0.235
-2.652
-1.419
-1.006
-0.889
-0.672
-0.476
 0.539
-1.303
-0.345
-0.443
-0.719
-1.442
-1.358
-1.074
-0.191
-0.631
-1.370
-0.817
-0.915
-0.043
-0.147
 0.784
 1.231
 1.073
 1.024
 0.343
-0.021
 1.961
 1.201
 1.484
-0.380
 1.093
 1.302
-0.063
-0.356
-0.088
-0.319
-0.613
-0.536
 0.324
 1.890
 0.351
-0.876
 1.767
 0.794
 1.311
 0.075
-0.109
-0.942
-1.191
-0.250
-1.812
-0.352
 0.408
 0.641
 0.622
 0.090
 0.070
-0.252
 0.815
 1.213
 0.172
-0.321
-1.101
 1.488
 1.715
 2.817
 1.788
 2.012
-0.214
 0.577
-0.349
-1.301
-1.109
 0.606
 0.826
 0.158
-1.686
-0.160
 0.896
 0.234
 1.530
 1.863
 1.653
 1.539
 0.748
 0.693
 0.368
 1.726
 1.973
 0.831
 0.720
 0.845
-0.393
-0.490
-0.730
 0.521
 0.135
 1.369
-0.236
 0.208
-0.305
 1.483
 2.355
 0.350
 0.347
 0.133
-0.164
-0.332
-1.374
-0.051
-0.224
 0.965
-0.830
-0.285
-1.425
-1.509
-0.002
 0.076
-0.276
 0.116
 0.815
-0.227
 1.544
 0.959
 2.883
-0.086
 0.854
-0.342
 1.237
 1.820
 1.569
 0.857
 1.454
-0.280
 0.912
 1.225
 0.976
 0.143
 1.087
 0.575
 0.477
 2.183
-0.310
-1.308
-0.716
 0.539
 0.130
 1.951
 0.373
 0.489
 0.287
 0.309
 2.138
 0.413
 1.690
 1.040
 0.775
 1.166
 0.939
 1.056
 1.165
 0.285
 1.051
 0.810
 0.049
-0.383
-0.355
-0.614
-1.068
-0.715
-0.338
 0.672
 0.284
-0.258
 1.057
 0.975
 0.483
 0.339
 0.435
 0.022
-0.463
 0.489
-0.271
 0.812
-1.236
 0.724
-0.315
-1.495
-0.803
-0.388
-1.021
-1.282
-0.121
 0.470
 1.066
 2.559
-0.180
 1.598
 1.289
 1.709
 1.067
 1.965
 1.256
 1.521
 1.547
 1.834
 1.205
-0.194
 0.545
-0.070
 0.154
 0.899
 0.564
 1.323
 1.807
 0.581
 1.452
 2.276
 0.560
 0.892
 0.493
 0.521
-0.101
-0.248
-0.239
-0.624
-1.183
 0.630
-0.526
-0.910
 0.750
 0.100
 0.146
 0.792
 0.396
 0.194
-1.066
-0.467
-0.171
 0.012
-1.547
-0.796
-0.183
 1.195
-1.180
-1.519
 0.747
-0.056
 1.113
 0.602
 1.278
 0.361
-0.495
 0.179
 0.732
 1.314
-0.023
 0.785
 0.499
-0.422
 0.347
 2.196
 0.983
-0.370
-0.180
 0.880
 0.964
 0.848
-0.022
 1.116
 0.010
-1.358
-0.741
-1.498
-0.658
 0.555
 0.339
-0.161
 1.157
 1.701
 0.804
 1.830
 0.855
-0.054
-0.838
 0.204
 0.459
-0.109
-1.502
 0.030
-0.670
-0.165
-0.849
-0.070
 0.388
-1.587
-1.082
-0.056
 0.088
-1.390
 0.041
 0.018
 0.036
-0.466
-0.473
 0.397
 0.015
-0.899
 1.021
 1.070
 0.607
-0.596
 0.721
-1.175
-0.615
 0.065
 0.356
 0.125
-0.600
 0.039
 1.680
 0.013
 0.354
 0.048
 1.122
 0.351
 0.642
 0.415
-0.017
-0.796
 3.044
 0.123
-0.209
 0.370
 0.852
 0.689
 0.459
-1.122
-0.052
-0.006
 2.130
 0.282
-1.223
-0.507
-1.492
-0.175
-0.848
-0.651
 0.303
-0.744
-0.108
 1.702
 1.386
-0.224
 0.289
 1.255
 0.222
-0.410
-1.344
 0.710
-0.903
-0.942
-0.784
 0.633
 0.475
-0.562
-0.590
 0.540
-0.442
-0.123
-0.942
-0.745
-0.204
-0.018
 0.067
-0.184
 0.008
 1.473
 0.459
-0.053
 0.521
-0.213
 0.314
-0.578
 0.482
-0.908
-0.568
 0.295
 0.760
-0.097
-1.773
-0.124
-0.407
-1.061
-0.622
-0.005
 0.152
 0.843
 0.775
-0.041
-0.706
-0.783
-1.390
-0.095
 0.530
 0.112
-0.771
 0.130
 0.592
 0.392
 0.389
 0.367
 1.193
 0.020
-0.498
-0.498
 0.633
 0.017
-0.088
-2.072
-0.025
-0.631
 0.072
-1.281
 0.213
-0.554
-1.007
-1.399
-1.316
-1.007
-0.987
-1.095
-0.376
-0.043
-0.189
 1.138
 0.008
 1.290
 1.357
 1.359
-0.357
-0.612
-1.295
-0.914
-0.903
-0.409
-1.065
-1.053
 0.345
 1.048
-0.574
-1.133
-0.861
-1.068
-0.478
-1.520
-0.743
-1.439
-1.202
-1.812
-1.325
-1.163
-1.342
-0.099
 0.209
 0.088
 0.961
 0.599
 0.129
-1.118
-0.968
-0.813
-0.562
 0.607
 0.467
-0.935
-1.692
-1.453
-1.348
-1.379
-1.759
-0.915
-0.512
-0.457
-0.955
-2.817
-1.599
-2.113
 0.119
-0.301
-0.404
-0.941
-0.433
-0.629
 0.394
 0.588
-0.084
-0.500
-0.559
-0.747
-0.249
-0.911
-0.461
-1.001
-2.429
-1.004
-0.827
-1.616
-0.602
-0.260
-0.833
 0.897
 0.374
-0.521
-0.346
-1.813
-0.625
-1.289
-0.092
-0.739
 0.171
 1.417
 0.458
-0.207
-1.487
-1.086
-2.162
 0.809
 0.130
 0.272
-0.989
-0.688
 0.135
 0.606
 0.140
-0.560
-1.203
-2.347
 0.111
-0.182
-0.843
 0.807
-0.200
 0.925
-0.009
-0.997
-0.726
 0.361
 0.697
-0.300
 1.085
-1.990
-0.992
-0.892
-0.307
 0.516
 0.787
-0.614
-1.212
-0.560
-0.460
-0.474
 1.866
 0.885
 0.539
 1.690
 1.685
 0.828
 0.812
 1.609
 0.344
 0.088
 1.498
 1.163
 0.310
-0.605
 0.347
 1.441
 2.065
 0.335
 1.264
 0.373
 2.084
 0.272
-0.081
 0.681
 0.928
-0.853
-0.820
-1.022
 0.521
 1.356
 0.987
 1.393
-0.662
 1.297
 2.283
 0.794
-0.062
-0.823
 0.493
-0.935
 0.645
-0.257
-1.875
-0.113
 0.587
 0.195
-1.106
-0.526
-1.025
-0.011
-0.312
 0.221
 1.325
-0.151
 0.714
 0.040
 0.228
 0.559
-0.240
-1.050
-1.212
-0.272
-0.666
-0.857
-0.429
-0.224
-0.057
 0.254
-0.441
 0.294
 1.574
 1.349
 1.825
 1.356
 0.914
 0.514
 0.834
 1.282
 1.579
 2.179
 1.409
 0.323
 0.270
 0.224
 1.659
 1.714
 0.223
 2.311
 2.880
 2.759
 1.999
 0.735
 0.497
-0.161
 1.739
 1.119
 1.780
 0.847
 0.340
 1.130
 0.588
 1.438
 2.243
 1.356
 1.186
 1.796
-0.138
 0.502
-0.248
-0.350
 0.367
 0.433
-0.132
 1.438
 0.715
 0.143
 0.130
 0.615
 1.853
 1.852
 1.009
-0.790
-0.038
-0.089
 0.786
-0.349
-0.952
-1.453
 0.487
 1.799
-0.993
 0.737
 1.410
 0.806
 0.842
 1.827
 2.339
 2.313
-0.323
 0.003
 1.748
 1.967
 0.367
 0.767
-0.498
 1.768
 1.296
 0.629
 0.150
 0.459
 0.245
 0.874
 0.707
 1.210
-1.080
-0.434
 0.048
 0.103
-0.128
 0.071
 0.392
 0.487
 0.114
-0.853
 0.896
 1.767
 1.892
 1.854
 0.823
-0.485
 0.449
 0.335
 1.267
-1.533
-0.187
-0.545
-0.153
 0.755
 0.297
 0.630
-0.154
 0.151
 0.022
 0.734
-1.182
-1.614
 0.818
-0.795
-1.187
 0.939
-0.218
 0.706
-0.136
 0.230
 0.845
-0.141
 0.834
-0.675
 0.170
 0.646
-0.085
 1.501
-0.883
 0.384
-0.877
-0.665
-0.810
-0.113
-1.268
-1.883
-1.260
-1.436
-1.752
 0.181
-1.722
-0.162
-0.599
-0.589
-0.572
-0.282
 0.517
-2.087
-2.120
-2.224
-2.687
-1.828
-1.487
-0.614
-0.899
-1.034
-1.955
-1.318
-1.569
-3.058
-1.158
 0.611
-0.642
 0.380
 0.347
 0.362
-0.195
-1.537
-1.951
-0.460
 0.314
-1.704
 0.846
 0.483
-0.217
-0.649
-0.984
 0.885
 0.865
 0.149
 0.717
 0.265
 0.306
-1.445
 0.987
 0.384
 0.374
-0.117
 1.667
 1.375
 0.053
-0.033
 0.460
 0.171
-1.796
-1.312
 0.583
 0.809
-0.806
-0.539
 1.038
 0.049
 0.383
 1.570
-0.554
 0.794
 0.793
 0.246
-0.531
-0.419
-0.823
 0.846
 0.387
 0.401
-1.524
 0.158
-0.954
-0.279
-0.393
-0.650
-0.308
-0.068
 0.743
 0.870
 0.558
-1.591
-0.687
 2.010
 1.393
 0.960
 1.109
 1.271
 1.321
 2.936
 2.002
 1.884
 0.282
 0.822
 0.846
-0.331
 0.857
 2.507
 2.086
 0.077
-0.810
-0.113
 0.034
 0.183
 0.088
-0.275
-0.343
-0.235
-0.086
-0.885
-1.143
-0.046
-0.087
-0.149
 0.289
 0.107
-0.324
 1.513
 0.500
-0.244
-0.501
 0.222
-1.521
-0.364
-0.526
-0.014
 0.622
 1.258
 0.316
 1.175
 0.397
-0.853
-0.839
 0.281
 0.329
-0.540
-0.083
 0.190
-0.410
-0.159
 1.264
-0.043
-0.522
 0.756
-0.166
-0.104
 0.704
 0.615
 0.471
 0.246
 0.780
 1.159
 0.676
-0.856
 0.494
-0.104
-0.660
 0.009
-0.179
 0.422
-1.222
-0.550
 0.870
 0.926
 0.692
 0.064
-0.384
-1.030
 0.407
-0.741
-0.987
-0.802
 1.193
 0.591
 1.337
 0.377
 2.012
 0.880
 0.745
 1.959
 0.002
 1.165
 2.906
 0.189
 0.305
-0.392
 0.056
 0.338
 0.384
 0.110
 0.028
 0.846
-0.280
-0.816
-0.618
 0.183
 1.399
 2.815
 0.724
 0.237
 1.448
-0.264
 0.333
 0.285
-0.341
-0.361
-0.046
 0.495
-0.524
 1.016
 1.251
 0.275
-0.772
 1.293
-0.018
-0.314
-1.294
-0.822
-0.376
 0.508
-0.562
-0.456
-0.712
 0.719
 1.366
 1.171
 0.275
 0.462
-0.865
 0.123
 0.295
 1.277
 2.503
 1.498
 1.706
 0.574
 0.053
 0.387
 1.249
-1.389
-0.293
-0.397
-0.291
 0.753
 0.404
-1.002
-0.289
-1.451
 0.626
-1.061
 0.531
-0.356
-0.282
 0.285
 0.699
 0.650
 0.794
 0.089
 0.361
-1.459
-0.811
-0.846
 0.696
-1.051
-1.537
-2.239
-1.030
-0.221
 0.582
 0.426
 0.942
-0.583
 0.185
-0.396
 1.659
 0.724
 0.816
 0.588
 0.082
-1.833
 0.224
-0.416
 0.014
 1.052
 0.112
 0.161
 0.671
 0.868
-0.127
 0.015
 0.691
 0.035
 0.458
 0.040
-0.506
 0.671
 0.559
 0.177
-0.647
-1.361
 0.195
 0.870
-0.581
 0.695
 1.368
 1.659
-1.382
 0.744
-0.536
-0.560
 0.400
 0.951
-1.902
 0.131
-0.556
-0.388
-0.170
 0.795
 0.928
 1.561
 0.048
-0.872
 0.458
-0.497
-0.300
-0.588
 1.545
 0.250
-0.439
 1.783
 1.008
 1.027
 1.475
 0.411
-0.995
-0.118
 0.957
 1.363
 1.393
 0.003
 0.354
-0.196
 0.665
 0.530
 0.809
 0.024
-0.285
 0.404
 0.018
 1.527
 1.950
 1.822
 1.656
 2.339
 1.648
 0.174
 0.762
-0.455
-0.697
 0.940
 0.897
-0.079
-0.257
-0.199
-0.124
 0.091
-0.459
-0.707
 0.655
-1.117
-0.246
 0.049
-0.404
 0.431
 1.440
-0.702
-0.396
-1.347
-0.174
-0.273
-0.748
 0.572
 0.022
 0.802
-0.089
 0.762
-0.361
-1.158
-1.370
-0.861
-1.251
-2.068
-1.694
-0.901
-1.082
-1.821
-0.753
-0.083
 0.274
-0.375
-0.836
-0.643
 0.119
-1.070
-0.788
-0.797
 0.088
-0.780
-1.057
-0.149
-0.282
-0.383
-0.097
 0.614
 0.382
-0.091
 0.320
-0.981
-0.695
-0.585
-0.669
 0.101
-0.132
-0.356
-1.498
-1.945
-1.455
-0.190
-0.225
-0.357
 2.457
 1.162
 0.998
 0.314
 0.600
 0.473
 1.093
-0.184
-0.107
-0.798
 0.090
 0.233
 0.506
-0.605
-1.085
-1.061
 0.007
 0.087
-0.570
-0.186
-0.763
 1.476
 0.348
-0.381
 1.264
 0.594
 0.151
-0.958
-1.956
-1.545
-0.258
-0.756
 0.040
 0.955
 1.923
 0.986
 1.048
 0.000
 0.051
-0.976
 0.896
 0.105
 0.659
 0.689
-0.541
 0.217
 0.049
-0.573
-0.380
-0.538
 0.152
 0.344
 0.569
-0.956
 0.214
 0.234
 1.168
 0.404
-0.963
-0.517
 0.088
-0.594
-0.624
-0.881
 0.475
 1.846
 1.245
 0.295
-0.637
 0.000
 0.187
 0.171
-0.722
-0.560
 0.097
 1.292
-0.383
-0.281
-0.262
 0.684
 0.134
 0.818
-0.793
-0.727
 0.342
-0.332
 0.456
 0.023
 0.200
 1.080
 1.215
-0.559
-0.325
-0.133
 0.186
 1.923
 1.083
-0.893
 0.450
-0.051
-0.316
-0.315
 0.326
 0.199
-0.362
 1.405
 1.616
-1.485
-1.255
-0.375
-0.628
-1.361
 0.787
-0.235
 0.015
-0.039
-0.868
-1.567
-0.611
 0.223
-0.305
-0.635
 0.101
 0.443
 0.627
 0.346
 0.529
 0.502
 0.768
 1.237
 0.927
-0.018
 0.389
 1.266
-0.163
 0.664
 0.063
-0.977
-0.325
 1.482
-0.664
-0.132
-1.591
-0.397
-2.075
-1.226
-0.211
 0.653
-0.179
-1.113
-0.473
-0.482
-1.097
 0.133
 0.441
 0.118
 1.291
 0.212
-0.280
 0.929
 0.498
 1.005
 0.273
 1.317
 0.376
-1.277
-0.569
-1.243
 0.471
 0.697
 0.469
 1.112
 0.701
-1.251
-0.903
-1.257
-0.120
 1.138
-0.716
-1.520
 0.553
 0.896
-0.593
-0.265
-1.369
-1.389
-0.337
 0.783
 1.456
-0.282
-1.532
-0.031
-0.444
-1.614
-0.645
-1.963
-1.444
-0.610
-1.015
-0.405
 0.161
-0.469
 0.173
-0.731
-0.097
 0.177
-0.269
 0.808
 0.979
-0.725
-0.694
-0.769
 0.390
-1.069
-0.663
-0.706
-0.769
 0.502
-0.070
-0.714
 1.421
 0.318
-1.317
 0.669
 0.854
 0.637
 0.837
-0.025
-0.253
-0.466
 0.637
-0.173
 0.069
-0.251
-0.740
-1.771
-1.362
-0.121
 0.483
-0.228
-0.485
-0.762
 0.608
 0.904
 0.660
-1.053
-0.230
 0.915
 0.013
 0.889
 1.529
-0.190
 0.951
 1.558
 0.027
 0.416
-0.277
-1.649
 0.356
-0.126
 1.927
 0.402
-1.349
 1.036
 0.172
-0.056
 0.804
-0.661
-0.931
-0.819
-2.590
-1.269
-0.991
-0.637
-0.400
-0.194
 1.049
 0.714
 0.766
-0.318
 1.213
 1.002
 1.351
-0.407
 0.516
-0.076
 0.487
 1.077
 0.354
 0.563
 2.485
 1.304
-1.055
 1.371
 1.444
 1.908
 0.831
 0.255
-0.844
-0.522
 0.243
-0.415
 1.318
 1.226
 0.621
 2.035
 0.985
 0.724
 1.057
 1.519
 1.204
 2.722
 1.570
 1.783
 1.491
 0.499
 0.448
 0.550
 0.167
 1.328
 1.498
 1.361
 0.160
-0.377
-0.501
-1.230
-0.121
 0.005
-0.047
 0.447
 0.669
-0.064
 0.388
-0.409
 1.231
 0.120
 0.650
 0.301
-0.159
 0.673
 0.241
-2.004
-0.227
 0.944
-0.372
 0.208
 1.319
 1.092
-0.077
 0.384
 0.340
-0.396
-0.412
-0.083
-1.059
-0.650
-0.115
-0.314
-0.314
-1.641
-0.336
-0.826
-0.515
 0.133
-0.150
 1.153
 0.836
-0.818
-0.296
 0.478
-1.055
 0.218
-1.705
-2.625
-2.407
 0.456
-0.351
-0.017
-0.230
-0.556
-0.647
-0.759
-1.830
-1.960
-1.004
-0.715
 0.662
 0.150
 0.520
-0.372
-1.633
-1.929
 0.088
-0.063
 0.165
-1.017
-0.046
 1.290
 0.089
-0.268
-0.557
-1.451
-0.367
-0.417
-0.177
 0.572
-0.684
-0.730
-0.519
 0.946
-1.687
-0.490
 0.135
 0.451
 0.105
 1.332
-0.732
-0.867
-0.679
-1.806
-0.062
-1.077
-0.636
 0.675
 0.098
-0.430
-0.229
 0.319
 0.993
 0.731
-0.627
 0.730
 0.494
-0.275
 1.593
-0.222
-0.321
-0.736
-0.545
 0.249
-0.500
-0.021
 0.904
 1.020
 0.427
-1.152
-0.723
 0.571
 0.243
 0.521
-1.399
 1.052
 0.616
-0.937
-0.582
 0.038
-1.466
 0.282
-0.443
-0.235
-0.848
 0.307
-0.702
 0.327
-0.180
-0.092
-0.225
 0.108
-2.175
-2.517
-0.886
-1.354
-0.191
-0.577
-0.157
-0.150
 0.992
-0.756
-0.117
-0.636
-0.804
-0.882
-1.888
-1.511
-1.429
-1.298
-0.604
-0.391
 0.294
-0.460
 1.754
-0.127
 0.173
 0.150
 0.153
 0.108
 0.132
-0.294
-0.318
-0.323
-0.883
 0.238
 0.970
 1.356
 1.115
-0.445
-0.127
 0.475
 0.022
 1.147
 0.157
-0.840
-0.346
-0.189
 0.239
 0.937
-1.010
-1.205
-1.018
-0.907
-1.366
-1.528
 0.049
-1.164
-1.261
-2.282
-0.491
-2.201
-0.997
-0.971
-0.789
-0.075
-0.221
-0.167
 1.082
-1.027
-1.570
-0.279
 0.708
-1.080
-0.626
 1.500
-0.917
 1.513
 1.521
 0.346
 0.315
-0.614
-0.520
-0.042
-0.836
-0.257
-0.232
-0.315
-0.743
-1.184
 0.388
 0.206
-1.465
-0.983
 0.007
 1.213
-0.028
 0.183
-1.214
-0.443
-1.101
-1.286
-1.487
-0.361
-0.083
 1.003
-0.297
-0.909
 0.094
-2.518
-0.880
 0.198
 0.989
 1.188
 1.141
 0.031
-0.565
 0.091
-0.210
 0.304
-0.770
-1.039
-0.806
-1.477
-0.433
-0.051
 0.038
-1.743
-0.376
 0.696
-0.428
-0.236
-0.901
-0.704
 0.003
-1.982
-0.722
 1.196
-1.357
-0.294
-0.367
 0.222
-0.191
 1.485
-0.204
 1.210
 0.604
-0.319
-0.153
-0.799
-0.390
 0.448
 1.457
 0.478
 1.418
 0.822
-1.742
-0.332
 0.231
-0.070
 1.306
 0.781
 0.653
 0.328
 1.095
-0.326
 0.225
-1.482
-1.206
 0.577
 1.228
 0.977
-0.026
-0.299
-0.845
-0.182
 0.359
 0.490
-0.969
 0.094
-0.910
-1.164
-0.057
-0.244
 0.181
 0.408
-0.587
 0.299
 0.293
-0.447
-0.080
-0.585
-1.533
 1.008
 0.193
-0.753
-0.362
 1.415
 0.231
-1.354
-1.488
 0.416
 0.166
 0.858
-1.751
-0.448
-1.002
 0.405
 0.911
-0.491
 0.994
 0.660
 0.331
-0.267
 0.172
-0.764
 0.508
 0.839
 1.233
 0.209
 0.113
-0.651
 0.169
-1.627
-0.312
 0.367
-0.297
-1.467
-1.317
-0.677
-1.925
-0.848
 0.812
-0.090
-1.164
-1.405
-0.855
-1.054
-0.981
 0.343
-1.559
-0.116
-0.411
 0.442
 0.608
-1.003
-0.027
 0.401
-0.622
 0.288
 0.065
-0.134
-1.244
 0.688
 0.358
-0.361
-0.207
 1.121
-0.547
 0.641
-2.326
-0.474
 0.411
 0.454
-0.997
-0.379
-2.018
-0.570
-0.341
 0.795
-0.584
-1.564
-0.606
-0.999
-1.231
-0.464
 0.306
-1.252
-2.268
-0.457
 1.305
 0.550
-1.538
 0.591
-0.202
-0.203
-1.185
-0.148
 0.429
 0.312
 0.273
 0.084
-0.075
 0.697
 0.264
-1.874
 0.241
 1.452
 1.135
-0.752
 1.044
-1.276
 0.193
 0.088
 0.642
 1.189
 0.743
-1.486
 0.391
 0.381
 0.321
 1.151
-1.583
-0.108
-0.625
-0.403
 0.218
-0.383
-1.124
-0.127
-0.285
-0.626
-0.271
-0.494
 0.663
-1.142
-0.830
 0.893
 0.241
 0.233
-1.049
 0.469
-0.931
 0.226
 0.414
 0.931
 1.583
-0.001
-0.384
 0.147
-1.558
-0.336
 0.669
-0.218
-1.235
-1.105
-0.788
-0.619
-1.399
 1.088
-1.200
-0.277
-0.662
-0.050
-0.353
-0.106
 1.131
 0.161
-0.765
-0.401
-0.986
-0.244
-1.055
-0.520
-0.564
 0.632
 0.174
 0.503
-1.425
-0.624
 0.287
 0.456
 0.769
-0.295
 0.780
-1.056
 0.492
 0.533
 0.847
 0.611
-0.097
-0.380
 0.444
-0.388
-0.102
 0.301
-0.036
-2.386
-0.024
-0.423
-0.685
-0.500
-1.676
 0.321
 0.389
-0.728
-0.516
-0.630
-0.689
 1.133
 0.956
 0.252
 0.946
 1.015
-0.282
 0.304
 0.216
 1.677
 1.192
 0.825
 0.194
 1.264
-0.311
-0.028
-1.240
-0.646
-1.730
-0.035
-1.125
-1.854
-0.860
 0.755
 0.805
 0.278
-0.470
-0.648
-0.915
 0.144
-1.684
-0.827
-1.778
-0.779
-0.843
-0.440
 1.079
-0.678
-2.035
-0.366
 0.510
 0.142
 1.237
 0.894
-0.069
 0.302
 0.607
 0.192
 1.923
 0.922
 0.388
-0.879
-0.819
-1.818
-0.450
-0.375
-0.377
-1.768
-0.011
-0.797
 0.850
 0.663
-0.593
 0.800
 2.164
 0.470
 1.165
 0.857
-2.115
-0.279
-0.173
 1.959
-0.539
 0.534
 0.729
 0.859
-0.097
 0.548
-0.101
 0.350
 1.353
 0.548
-1.236
-0.016
-1.259
-0.517
 0.708
 0.092
-0.225
-2.253
-1.738
-0.853
-0.794
-0.949
-1.326
-0.544
-0.024
-0.053
-0.252
-0.015
-0.369
 0.536
 0.494
 0.238
-0.356
 0.409
-1.034
 0.311
-2.265
-0.310
 0.360
-0.279
 0.485
 1.000
 1.223
 1.034
-0.760
 1.575
 0.128
-1.677
 0.183
 0.365
 0.222
-0.553
-0.943
-0.587
-1.642
 0.068
 0.592
-1.177
 0.448
 2.507
 1.240
 0.560
-1.869
 0.683
 0.508
 0.984
-0.169
-0.045
-0.891
-0.531
 0.947
-0.538
-1.162
-0.387
-1.219
-1.296
 0.380
 0.086
-0.631
 0.671
 1.157
 0.801
 0.054
 0.295
-1.033
-0.934
-0.052
-1.236
-0.709
-0.805
-1.778
-1.194
-0.058
-0.727
-0.796
-0.289
 1.348
-0.617
-1.693
-0.396
-0.728
-0.004
-2.352
-1.941
-0.408
-0.641
-1.242
-0.262
 0.511
 1.185
-1.385
-0.951
 0.210
 1.212
 1.099
 0.767
 0.441
 1.237
 1.010
 1.595
 1.693
 0.432
-0.371
-0.490
 0.155
 0.598
 1.991
 1.623
-0.471
 2.225
 0.231
 1.052
 0.364
 1.160
 0.460
 1.466
 1.432
-0.305
 0.380
 1.232
 1.228
 1.350
-1.372
 0.654
-0.388
-0.671
 0.152
 0.714
-0.723
 0.660
 0.930
 0.234
-1.066
-0.877
 0.152
-1.246
-2.068
-0.690
-0.434
 0.104
-1.404
-0.554
 0.094
 0.430
-0.411
-0.036
 0.252
-0.245
 0.437
-0.009
-0.207
-0.664
-1.090
-1.214
-0.645
-0.353
 0.261
 1.281
 1.488
 0.488
-0.231
 1.445
 0.262
 1.266
 0.019
-0.668
-0.528
 1.061
-0.017
-2.129
-0.898
-1.044
-1.375
-0.182
-0.117
 0.271
 0.194
 1.389
 0.257
 0.306
 2.373
 1.272
 1.193
 0.075
-0.885
-1.761
-1.732
-1.854
-2.251
 0.350
-0.878
-0.745
 0.157
-0.314
-0.606
-1.093
-0.149
 0.232
-0.419
 0.893
 0.166
-0.848
-1.182
-1.149
-2.153
-1.476
-0.829
 0.177
-0.328
-0.804
-2.276
-1.131
-0.379
-1.384
-1.260
-1.373
-1.454
 0.289
-1.223
-1.071
-0.764
-1.091
-0.664
-0.575
-0.108
 0.363
-0.429
 1.033
 1.596
-1.200
-0.122
-0.602
-0.104
 0.117
 0.466
-0.268
 0.339
 0.135
 1.100
 1.504
 2.564
 1.551
 2.180
 2.354
 2.411
 0.367
 0.846
 0.403
-0.875
-1.171
-1.700
-0.972
 0.333
 0.678
-0.671
-1.191
-0.437
 0.362
 0.734
-1.433
-0.772
 0.083
 0.294
 0.585
-0.403
-0.577
-1.112
 0.476
 0.117
 0.291
-0.433
-1.396
-1.985
-1.019
-0.690
 0.700
 1.080
 1.284
 0.401
 0.610
 0.369
 0.700
-1.521
 0.422
-0.022
 0.336
 0.938
 0.658
 2.008
-0.529
-2.125
-0.704
-0.884
-1.138
-1.384
-0.624
-1.440
 0.056
-0.843
-1.059
-0.946
-0.984
-1.452
-0.075
 0.735
-0.483
-1.010
 0.927
-0.414
-0.255
-0.061
-1.282
-1.154
 0.542
 0.098
-0.832
-0.545
 0.175
-0.273
-1.011
 0.298
 1.085
 0.231
 1.574
-0.070
-0.090
 0.336
 0.552
 0.946
 0.557
 1.329
 1.465
 0.264
 1.752
-0.101
 1.026
 0.625
-0.602
 0.525
-0.227
-1.137
-0.653
-1.585
-1.060
 0.319
-0.387
 0.031
 1.823
 0.235
 0.044
-0.328
-1.140
 0.730
-0.757
-0.448
 0.775
-0.198
-0.821
-0.644
-0.436
 1.402
 1.140
 0.137
-0.431
 0.637
-0.124
 0.513
 0.735
 0.749
 0.061
-0.838
-0.216
-1.080
 0.078
-0.409
-0.552
 1.340
 0.518
 0.198
 1.396
 0.752
 0.476
 1.205
 1.833
-0.777
-0.946
-0.469
 0.606
-0.435
 0.758
-0.031
-1.833
-0.214
-0.098
-2.142
-1.948
 0.286
 0.192
 0.312
 0.552
-0.485
 0.473
-0.442
 0.055
 0.606
-0.367
 0.537
-0.983
-1.825
-0.055
-0.056
 0.923
 0.664
-2.064
-0.952
-0.217
 1.134
-0.501
-0.807
-1.974
-0.527
-1.153
-0.245
 0.300
 0.234
 0.220
-0.465
 0.721
 0.201
 0.040
 0.164
-1.475
-2.070
-0.837
-0.558
-0.077
-0.521
 0.038
-1.218
-0.807
-1.184
-0.334
 0.063
-0.371
-0.245
-0.277
 0.079
-0.118
-0.071
 0.900
-0.160
-0.331
 0.311
-1.197
-0.509
-0.498
 0.331
 1.499
-1.333
 0.262
-0.889
 0.482
-1.159
 0.383
 0.015
 0.179
 1.165
 0.439
 0.373
 1.749
 1.811
 0.817
 0.979
 0.773
 0.648
-0.766
-1.199
 1.033
 1.198
 1.036
-0.326
 0.504
 1.852
 1.657
 0.026
 1.670
-0.555
 0.297
-0.508
-1.289
-0.074
 0.809
-0.126
 0.494
-1.102
-0.153
 1.162
 2.380
 0.188
 0.937
 0.911
 1.157
 1.851
 2.893
 0.390
 0.586
 0.523
 1.831
 1.233
-0.143
-0.636
-0.871
-0.554
-2.349
-0.441
 0.548
-0.656
-0.734
-0.613
 0.449
 0.181
 0.573
 2.157
 0.098
-0.185
-0.771
 0.268
-0.499
-0.751
-0.990
 0.483
 0.374
-1.717
 1.297
 0.424
 0.103
 0.889
-1.137
-0.276
-0.367
 0.402
 1.090
-0.469
-1.064
-0.661
-0.131
-0.202
 0.281
-0.058
 0.653
-0.448
 0.573
 0.616
 0.132
-1.157
-0.394
 0.756
-1.951
-0.414
 1.784
 0.972
 1.906
-0.687
 0.856
 1.327
 1.414
 1.309
-0.118
 0.219
 2.069
 1.524
 1.778
 0.961
 0.217
-0.107
 1.026
 0.518
 0.326
 0.698
 0.265
 0.901
-0.263
-0.387
 0.147
-0.372
-1.223
 0.940
 0.838
 0.654
 0.123
 1.445
-1.220
 0.684
 0.502
 0.612
 1.052
 0.124
-0.534
 0.873
 1.249
 0.583
 0.935
-0.115
-0.252
 0.381
 0.450
 0.107
 0.182
-0.520
-0.201
 0.573
 0.713
 0.643
 1.916
 0.166
-0.180
 0.435
-0.754
-0.213
-0.116
 0.745
 0.653
 0.071
-0.888
-0.139
 0.333
-0.616
-0.657
-0.223
 0.457
 1.266
-0.641
 0.381
 0.737
-0.852
 0.287
 0.715
 0.210
 0.922
 0.391
-0.143
-1.232
-1.415
-0.368
-0.405
-0.554
 0.241
 1.049
 1.234
 0.634
-0.430
-0.321
-0.743
-0.001
-1.167
 0.073
-1.231
-0.960
-0.009
-0.852
 0.487
 1.003
-0.140
-0.513
-1.303
-0.799
-0.897
-1.379
-1.229
-0.369
 0.106
-0.003
-1.571
-0.576
-1.232
-0.128
 0.327
-1.539
 0.207
-0.366
-0.364
-2.741
-0.443
 0.679
-0.200
-0.651
-0.964
-0.547
-0.754
-1.344
-2.384
-1.386
 0.661
-1.667
-0.877
 0.298
-0.736
-0.482
-1.250
-0.420
 1.179
-0.888
 0.137
-0.155
-0.264
-0.832
-0.635
-0.927
-0.306
-0.638
-1.125
 0.072
-0.913
 0.434
-0.393
 1.812
 0.211
-0.263
-0.356
-1.633
 1.313
-0.533
 1.025
-0.453
-1.007
 0.113
-0.581
-1.693
-1.522
-1.531
-1.112
 0.212
 0.895
-0.188
 0.102
-0.945
 0.021
-0.043
-0.647
 1.184
 0.627
-1.005
 0.059
-0.366
 0.250
-0.515
-0.359
-1.965
 0.456
 0.533
-0.692
-0.403
 1.046
-0.461
-0.406
 0.685
 1.915
 1.061
 1.028
 1.093
 0.580
 1.631
 0.366
 1.782
 0.621
-1.098
-0.157
-1.439
-0.241
-0.285
 1.083
-1.891
-0.638
-1.323
-0.305
-0.813
 0.381
 0.058
 0.131
 0.418
-0.786
 0.076
 0.208
-0.727
-0.140
-0.606
-0.633
 0.045
 0.220
-0.530
-0.018
 2.056
 1.317
-0.562
 0.354
-0.050
-1.201
-0.745
-0.960
-1.484
-1.252
-1.827
-0.933
-0.942
-0.788
-0.471
-0.722
-1.044
-0.790
-1.007
-0.408
-1.061
-0.469
 0.069
-0.881
-0.129
 0.546
-0.531
 0.687
-0.311
-0.056
-0.207
 0.244
 0.861
-1.398
 0.043
-0.121
-0.786
 0.788
 0.946
 0.640
 0.221
 1.687
 1.368
 1.353
 0.716
 2.541
 1.694
 0.802
-0.120
 1.878
 0.842
 0.561
 0.410
-0.998
 1.004
 0.708
 0.128
 1.414
 0.488
-0.744
-0.145
 0.699
-0.038
 0.640
 1.595
 0.942
 0.978
 2.447
 1.990
 0.915
 1.366
 0.936
 0.780
 1.351
 1.003
 0.134
-0.199
 0.146
 0.887
 1.028
 1.782
-1.022
 0.605
 0.860
 0.627
-0.012
 0.634
 0.328
 0.390
 1.129
 1.276
 1.095
 0.756
 0.097
-1.068
-0.467
-0.144
 0.214
 0.176
-0.038
 0.903
-0.365
 0.628
-0.580
-0.549
-0.329
-0.360
 0.323
 1.285
-0.312
 0.013
-0.823
-0.008
 0.031
-0.797
-1.837
-1.599
-3.199
-2.631
-2.624
-0.623
-1.515
-2.118
-0.338
-1.506
-1.935
-1.880
 0.556
-0.407
 0.396
-0.891
-0.764
-2.022
 0.161
-1.220
-0.959
 0.604
-0.873
-0.123
 0.874
-1.275
-1.317
-1.119
 0.331
 0.097
-0.954
-0.594
-0.647
 0.106
-0.583
-0.592
-1.135
-1.736
-2.107
 0.091
-1.719
-2.290
-1.428
-0.651
 0.752
-0.097
 1.665
-0.820
 0.233
-0.399
 0.297
-0.242
-0.301
-0.373
-0.871
-2.098
-1.905
 0.010
-0.742
-0.359
-1.245
 0.528
-0.129
-0.284
 1.028
 1.162
-0.498
-1.268
-1.252
-0.316
-1.272
 0.791
 0.683
 0.112
 2.112
 0.422
-0.338
 1.846
 2.260
-0.233
 1.431
-0.434
-0.867
-0.400
 0.463
 0.248
-0.197
 1.100
-0.260
 0.066
-1.040
-0.192
 1.273
-1.404
-0.407
-0.713
-0.701
-0.793
-2.185
-1.012
 0.164
-1.787
-0.880
-1.202
 0.211
-1.090
 0.156
-0.815
-0.962
-0.859
 0.356
-1.242
 0.632
-0.532
-0.460
-0.654
-0.269
-1.205
 0.198
-0.726
-0.266
 0.415
 0.377
-0.423
-1.734
-0.681
-0.381
-1.023
-0.377
-1.962
-1.836
-1.029
-1.960
-1.216
-1.386
-1.125
-0.960
-0.584
-0.418
-0.795
-1.161
-1.925
-0.724
-0.538
-0.568
-0.883
-1.729
-0.246
-1.096
-0.919
-0.631
-0.279
-1.034
-0.555
 0.111
-1.218
-1.362
-0.233
 0.384
-0.163
-1.201
-0.067
 0.033
 1.040
 0.712
 0.003
-1.094
-0.393
 0.035
 0.790
 0.186
-1.107
 1.293
 1.283
-1.983
-2.340
-1.311
-0.979
-1.844
-0.699
 0.539
-1.236
-1.205
-0.673
-0.366
 0.174
-0.850
-0.917
 0.489
-0.813
-0.534
 0.008
-0.907
 0.949
-0.971
-0.128
-1.152
-1.594
-0.448
-0.345
 0.123
-2.900
-0.899
 0.009
 0.182
 0.753
-0.895
 0.344
 0.646
 0.169
-0.062
 0.078
-0.097
-0.572
 0.266
-0.896
-1.249
-0.954
-0.245
 0.748
-0.571
-1.512
-1.355
-0.964
-0.856
-0.620
-0.418
-0.662
-0.585
-1.068
-0.453
-1.476
-1.509
-0.725
-0.642
-1.131
-1.127
 0.969
-0.171
-0.290
 0.284
-0.544
-1.183
-0.061
 0.489
 2.120
 0.255
 1.135
-0.093
 1.280
 0.155
 1.029
-0.220
-0.597
-2.057
-0.577
-1.248
-0.200
-1.758
-0.097
-1.420
-1.546
-1.628
-2.148
-0.939
-1.713
-2.698
 0.562
-0.134
-2.214
-0.802
-2.165
-0.453
-0.024
-0.327
-0.608
-0.093
-1.017
 0.273
-0.370
 0.757
 0.982
-0.219
-1.852
-1.194
-1.227
-0.948
-1.751
-0.719
-0.836
-1.259
-2.358
-0.845
-2.009
-0.095
-0.958
 0.351
-0.262
-1.149
-1.403
-1.831
 0.326
 0.386
 0.456
 0.106
-0.639
-0.821
-0.443
 0.280
-0.063
-0.876
 0.838
 0.137
-0.836
-1.222
-1.695
-1.155
-0.114
-2.321
-0.337
-0.711
-0.097
 0.230
-1.376
-0.019
 0.166
 1.388
 1.450
 0.019
 0.409
 0.279
 0.237
-0.566
-1.413
 0.130
-0.407
-1.317
-0.799
 0.522
 0.719
 1.641
 0.749
 0.662
 1.151
-0.392
-0.904
-1.783
-1.661
-0.410
 0.556
-0.386
 0.539
 1.135
 1.217
 0.083
 0.319
 0.709
 0.482
 0.376
 1.687
 0.108
 0.376
-1.603
-0.791
-0.037
-1.290
-0.816
-0.885
-0.467
-0.895
 0.309
 0.464
-0.902
 0.226
 0.227
 0.362
-0.602
 0.018
-0.723
 0.032
 0.230
-1.801
-0.209
-1.181
-1.868
-1.662
-2.019
-1.711
-1.444
-0.740
 0.253
-0.651
-1.107
-0.980
-0.076
-1.313
 0.282
 0.314
-1.427
-0.512
-0.573
-2.147
-2.322
-2.941
-2.142
-2.228
-1.885
 0.126
-1.152
 0.811
 0.313
-2.163
-1.797
-1.692
-0.915
-1.135
-0.761
-0.367
-0.063
-0.523
-1.433
-1.334
-1.753
-1.574
-0.749
-0.056
-1.246
-0.235
-1.223
 1.489
 0.386
-0.312
-0.107
-1.450
-1.242
-0.261
-1.433
-1.918
-2.278
-2.566
-1.488
-0.673
-1.239
-0.864
-0.897
-0.056
-1.011
-1.343
-0.927
 0.265
 0.413
-1.954
-1.154
-1.736
-0.594
-0.623
-0.160
-0.725
-0.629
-1.493
-0.623
 0.725
-1.964
-1.313
-1.274
-1.698
-0.843
-2.977
-2.333
-2.427
-1.907
-1.212
-0.009
 0.048
-0.136
-0.965
-1.479
 0.381
-0.099
 0.842
 0.860
-0.888
-0.043
 0.533
 0.427
-0.027
-1.271
 0.538
-0.371
-0.150
-0.284
-0.603
-1.412
-0.642
-2.482
 0.227
-1.178
 0.145
-1.939
-0.764
-3.001
 0.036
-1.505
-1.750
-0.428
-1.577
-1.266
-1.262
-1.264
-1.218
 0.333
-1.118
-0.453
-0.039
-0.188
-0.127
 2.126
 0.279
 0.749
-0.671
-0.630
 0.498
-1.000
-0.002
-0.047
 0.041
 0.192
 0.329
-1.012
-0.399
 0.371
-0.339
-0.340
-1.505
-1.183
 0.167
-0.213
-0.607
-1.694
-0.677
-1.729
 0.171
-1.246
-0.522
-0.806
 0.460
 1.460
-2.595
-2.153
-1.640
-1.132
-2.089
-1.197
-1.305
-0.740
-0.108
 0.099
-0.774
-1.408
 0.296
-1.356
-0.416
-0.590
-0.685
-0.008
-0.449
-0.990
-1.914
-1.137
-2.254
 0.222
-1.807
-0.436
-0.509
-1.219
-0.453
-1.854
-0.617
-0.171
-0.376
-0.941
 0.165
 0.300
 0.855
 2.072
 0.681
-0.426
 0.854
-0.470
-0.157
 0.489
 0.482
-0.115
-0.547
-0.620
-1.225
-1.846
-2.144
 0.015
 0.750
 0.620
-0.587
-1.200
-0.359
-0.366
-0.584
 0.636
-1.369
 0.181
 0.835
 0.157
-2.170
-1.254
-2.513
-2.420
-1.134
-2.456
-1.216
-2.387
-1.867
-1.739
-1.053
-1.932
-2.261
-0.314
-1.662
-1.401
-0.347
-0.769
-0.488
-1.163
-0.572
-0.245
-0.904
-1.880
-1.790
-1.395
-0.613
-3.721
-0.682
-0.442
-0.886
-0.740
 0.553
-0.793
-1.210
-0.992
-1.916
-1.525
-2.425
-1.867
-2.372
-0.308
-1.037
-1.647
-1.851
-0.850
-1.932
-1.027
-1.573
-1.245
-1.634
-1.637
-0.559
 0.051
-0.869
 0.371
-0.269
-0.917
 0.788
 0.164
 0.786
 1.201
 1.178
 1.378
 1.279
-0.069
-0.327
-0.094
-0.367
-1.187
-0.611
-0.677
 0.901
 0.974
 0.196
 0.737
 1.076
 1.940
-0.546
 0.026
 0.922
 0.909
-1.301
-1.001
 0.422
-0.409
-2.119
-0.570
 0.635
-1.594
-0.201
 0.433
 0.147
 0.458
 0.392
 0.155
 0.266
-1.471
-1.255
 1.186
-0.447
-0.974
-0.230
 1.070
 0.927
-0.741
-0.912
-0.831
-1.481
-1.946
 0.049
-0.469
-1.791
-0.559
-1.029
-0.273
 0.380
-0.981
-0.544
-0.888
-2.823
-0.103
-1.499
 0.166
-1.645
-2.019
-0.823
-2.502
-0.949
-1.663
-1.887
-1.103
-0.304
-1.270
-1.365
-0.848
-1.984
-2.508
-2.259
-0.407
-2.055
-0.964
-2.360
-2.231
-2.172
-2.693
-2.276
-2.716
-1.003
-0.497
-1.261
-1.501
-2.339
-0.743
-1.143
-0.681
 0.178
-0.761
-1.943
-0.754
-1.738
-2.021
-1.547
-1.848
-1.485
-1.523
-0.909
-1.050
-1.857
-3.742
-3.647
-2.722
-1.871
-2.234
-2.789
-1.556
-1.628
-2.961
-1.269
-0.422
-1.839
-1.263
 0.117
-1.059
-0.828
-1.201
-0.707
-1.688
-2.091
-3.106
-0.948
-0.662
-1.139
-1.169
-0.222
-0.019
-0.783
-1.074
-1.042
 0.010
-0.846
-0.465
-1.106
-1.345
-0.587
-0.161
-0.324
 0.066
-0.729
-1.678
 0.898
-0.364
-1.078
-0.048
-1.060
-1.490
-0.499
-0.089
 0.279
 1.089
-0.342
-0.638
 0.364
-0.498
-1.644
 0.009
 0.320
-0.936
 0.469
-0.003
-0.337
 0.149
 0.664
-0.374
-0.376
-0.285
-1.652
-0.620
-0.133
-0.797
-0.756
-0.779
-0.791
-0.627
-0.354
-0.769
-0.971
-0.898
-0.676
-0.937
 0.067
-0.098
 0.314
-0.389
 1.782
 0.307
 0.926
 0.440
-0.543
-1.694
 0.635
 1.210
 0.824
-0.069
 0.804
 1.077
 0.571
 1.350
 0.019
-0.798
-0.306
-1.902
-0.300
-0.569
-0.728
-0.855
-0.862
-0.381
-0.653
-0.436
 0.014
 0.452
-0.293
-1.422
-0.549
-1.578
-1.527
 1.057
 0.506
 1.087
 0.546
 0.156
 0.765
-0.174
-0.678
 1.055
 1.264
-0.407
-0.135
 0.196
-0.514
 0.127
 0.106
 0.723
-1.100
-0.878
 0.663
 0.925
 0.684
-0.026
 1.781
 0.283
 1.784
 0.106
-0.364
-0.336
 1.745
 1.988
 0.178
-0.054
-0.449
 0.423
-0.657
 0.547
 0.023
-1.286
 1.510
 0.413
 1.436
 0.560
-0.290
 0.584
-0.198
 1.096
 0.051
 1.273
-0.058
-0.998
-0.064
 1.306
-0.044
 1.105
 0.905
-0.783
-0.524
-0.476
 0.558
 0.871
 0.695
 1.297
 0.636
 1.765
 0.593
 0.442
 0.578
 0.536
 2.008
 1.308
 1.517
 0.062
 0.642
-0.230
-0.701
 0.154
 2.289
 0.224
 1.647
 0.020
 0.661
 0.225
 1.805
 0.425
 0.611
 0.104
 0.833
 0.287
-0.572
-1.051
-2.290
-0.354
-0.405
-1.732
-0.865
-1.747
-0.838
-0.738
-0.912
-0.702
 0.150
 0.152
-1.283
-0.481
-0.717
-0.057
 0.865
 0.788
 1.090
 0.888
 0.394
-1.297
-1.064
 0.430
 1.981
 0.594
 0.324
-0.262
-0.700
-0.343
-1.673
-2.436
-0.946
-0.846
-0.935
-2.121
-2.086
-1.169
-2.466
-1.235
-0.307
-0.479
-1.439
-0.157
 0.249
-0.397
-1.217
 0.781
 0.033
 0.263
-0.571
-1.172
-0.622
-0.347
 0.028
 0.261
 0.454
-0.234
-0.161
-1.042
-1.359
-0.784
-0.180
-0.724
 1.710
 0.934
 0.414
 0.600
 0.601
 0.798
-0.008
 1.108
 0.069
-0.377
 0.881
-0.387
-1.653
-0.745
-0.665
-2.073
-1.717
-2.220
-0.650
-1.581
-0.663
-0.840
 0.134
-0.759
-1.118
 0.043
-0.038
 0.597
 0.044
 0.127
 1.070
 0.455
 0.113
 1.602
 1.213
-1.271
 1.137
-1.126
 0.578
-0.611
 0.418
-0.170
-0.815
-1.181
 0.937
-1.353
 0.739
 0.175
-1.129
-0.627
-0.734
-1.807
-0.945
-0.161
-0.441
-1.106
 0.078
 0.731
-1.047
-1.379
-1.185
-0.085
-1.495
-1.282
-1.818
-0.583
-1.358
-0.822
 1.082
-0.344
 0.794
-0.830
-1.810
-2.040
-0.434
 0.132
-0.782
-0.820
-0.071
 0.435
-0.368
-1.495
-1.667
-0.753
-1.256
-0.206
-0.548
 1.398
-0.995
-0.828
-0.383
-0.998
-1.910
-2.194
-1.487
-0.749
-0.666
 0.864
 1.453
 0.528
 0.421
 0.211
-1.173
-0.133
-0.230
 0.753
-1.501
-1.712
 0.046
-2.010
-2.316
-2.094
-0.514
-1.132
-0.805
-0.391
-0.825
 0.392
-0.858
-0.588
 1.144
 0.300
 0.856
-0.549
-0.672
-0.791
-1.412
-0.013
-0.278
-0.854
 1.383
 0.375
-0.423
 1.022
-0.147
-0.414
-1.185
-1.546
-2.454
-2.060
-1.241
-1.941
-2.841
-1.935
-2.386
-0.609
-1.113
 0.165
-0.505
 1.064
-1.243
-0.480
 0.033
-0.910
 0.272
 1.398
 0.801
-1.653
-0.013
-0.443
-0.140
 0.441
 0.550
 0.400
-0.274
 1.023
 0.241
-0.246
-0.417
-0.812
 0.019
-0.448
 0.082
-1.295
-1.919
-2.229
-2.807
-1.700
-0.233
-0.646
-0.171
 0.443
-1.073
-0.292
 0.497
-0.441
 0.185
 0.256
-0.152
-0.860
-0.239
-0.712
 0.139
 0.028
 1.712
 0.053
 1.025
-0.340
-0.921
-1.506
-1.566
-2.224
-1.079
-0.269
-0.207
-0.748
-1.076
-0.269
-0.632
 0.925
 0.936
-1.300
 1.069
 0.845
 0.559
 0.370
-0.279
-0.731
-1.430
-1.503
-1.131
 1.470
 1.267
-0.544
-1.988
 0.398
 1.392
-1.497
-0.956
-0.948
-1.182
-1.805
-2.081
-0.431
-0.902
 0.331
-0.337
-0.567
-1.952
-2.108
-2.151
-1.088
-2.011
-1.378
-2.845
-1.889
-0.038
-1.866
-0.507
-0.608
-2.003
-1.768
-1.034
-2.277
-1.252
 0.105
-0.930
-0.745
-0.869
-0.097
-0.257
-0.518
 1.700
-0.707
 0.719
 0.798
-0.611
-0.137
 0.390
 1.251
 0.298
 0.528
 0.440
-0.070
 0.358
-1.606
 0.372
 0.312
-0.552
-0.081
-1.474
-0.115
-1.338
-1.513
-0.303
-1.000
-1.250
-0.891
-0.131
-0.137
-0.362
-2.457
-1.476
 1.160
 0.234
 0.102
-1.922
-0.445
-0.494
 0.907
 0.229
-0.869
-0.629
-0.922
 0.806
-0.382
-1.306
 0.148
-1.409
-0.325
-3.959
-2.262
-1.336
-1.368
-0.205
-0.155
-0.609
 1.069
-0.377
 0.149
-0.709
-1.487
-0.719
-1.240
-1.282
-0.489
-0.684
-0.258
-0.850
-1.825
-0.947
-0.368
 1.008
-0.155
-1.015
-1.031
-0.515
-1.700
-1.178
-0.279
-0.714
-0.710
-1.871
 1.196
 1.119
-1.111
-0.745
-0.728
-0.307
 1.629
-0.048
-0.902
-0.869
 1.038
-1.317
-0.347
-1.491
-0.851
-0.152
-1.024
-1.319
-0.527
 0.412
-1.740
 1.344
 0.625
 0.741
-1.827
-1.189
-1.809
-1.331
 0.232
-0.230
 1.594
 0.346
-0.201
-0.914
-0.990
-0.372
-1.702
-1.150
-1.147
-0.399
-0.726
-0.668
 0.711
-0.641
-0.171
-0.141
 0.048
-0.471
 1.030
 1.580
 1.343
 0.781
-0.953
-0.086
-1.682
 0.002
 0.080
 0.214
 2.322
-0.540
-0.574
-0.199
 0.813
 0.749
-0.437
-1.879
 0.154
-1.176
-1.257
-1.209
-1.392
-0.824
-1.503
-0.091
-0.165
-0.087
-0.657
-0.736
 1.379
 1.458
 1.708
 1.410
-0.055
 0.797
 0.622
-0.277
 0.760
 1.290
 0.479
-0.567
-1.353
-2.066
-0.369
-0.980
-1.599
-1.969
-0.359
-1.320
-1.868
-2.118
-1.040
-1.839
-0.642
-1.304
 0.173
-1.218
 0.341
 0.708
-0.007
-0.114
-0.978
-0.713
-2.156
-1.209
-2.384
-2.884
-3.514
-1.423
-0.868
-1.419
-1.143
-0.041
-0.415
-0.517
 1.041
 1.335
-0.182
 0.027
 0.958
 0.560
-0.543
-0.632
-1.850
-1.229
-1.929
-2.416
-0.053
-0.475
 0.515
-0.882
 0.407
-0.723
-0.384
-1.546
-0.638
 0.202
-1.671
-0.659
-0.267
 0.056
 0.192
-1.052
-0.115
-1.481
-1.405
-0.778
 0.688
 1.400
 0.393
 0.492
-0.381
-0.042
 1.552
 0.582
 0.092
-1.336
-0.963
 1.128
 0.958
 0.882
 0.755
 1.580
-0.728
 1.190
-0.547
 0.497
-0.429
 0.346
-0.247
 1.310
 0.433
-0.214
-0.008
 0.637
 0.509
 0.732
 1.136
 0.723
 0.275
 0.037
 0.721
-1.293
 0.089
-0.552
 0.065
 0.694
-0.365
 1.054
 2.271
 1.231
 0.657
-1.398
-1.315
 0.837
 0.260
 2.442
 0.979
 0.590
 1.795
 2.311
 2.297
 1.861
-0.299
 0.599
 0.517
 2.121
 0.134
-0.053
-0.227
 0.832
-0.793
 0.604
 1.479
-0.082
-0.374
-0.715
 0.384
 0.115
 0.034
-0.073
 0.678
-0.286
-0.877
 0.834
-1.263
 0.393
-0.128
-1.027
 0.661
-2.955
 0.235
-2.025
-2.026
-1.896
-2.129
-1.937
-0.272
-0.035
 0.089
 0.432
 0.761
 0.015
 0.965
 1.597
 0.273
-0.918
-1.680
-0.562
-0.353
-0.304
-1.733
 0.035
 0.474
-1.318
-0.877
-0.687
-0.680
-1.145
-0.165
 0.131
 0.176
-1.663
-0.424
 0.378
 0.488
-0.418
-0.403
-0.159
-1.253
-1.517
 0.954
-1.393
 0.043
-0.914
-1.176
-1.267
 0.152
-0.165
 1.181
-0.695
-0.476
 0.157
-0.098
-2.020
-2.353
-0.550
-1.317
-0.751
-0.865
 0.374
 0.115
-0.148
 0.671
-0.748
-0.212
-0.673
 0.259
 0.013
 0.785
 0.838
-0.575
-0.219
-0.046
-1.077
-0.886
-1.126
-0.660
-0.368
-0.419
-0.947
-0.649
-0.677
-0.292
-0.657
 1.256
-1.505
 0.132
-0.877
-0.604
-0.833
-0.031
-1.836
-1.298
-1.107
-0.373
-1.054
-0.929
-0.492
-1.116
-1.615
-1.962
-0.790
-0.847
-1.666
 0.549
 0.575
 0.703
 0.090
 0.990
-0.212
-0.195
-1.093
 0.104
 0.617
-0.058
-0.186
-0.994
-0.592
 0.116
 0.746
 0.098
 0.459
-0.900
 0.006
-1.034
-0.401
 0.149
-0.321
 0.733
-0.919
-0.638
-0.936
-1.601
-1.156
 0.310
-0.993
-0.184
 0.502
-1.439
-1.594
 0.588
-1.306
-1.714
-1.470
-0.849
-1.496
-1.727
-0.812
-2.782
-0.798
-1.097
 0.034
-0.746
 0.198
-0.668
-0.524
-0.091
-0.531
-1.567
-0.798
-1.384
-2.653
-0.781
-2.170
-2.314
-0.522
-1.169
-1.208
-1.471
 0.918
 0.095
 0.971
 2.018
 0.227
-1.222
-1.265
-2.686
-1.986
-1.382
-2.532
-1.415
-0.810
-2.036
-1.085
-1.416
-1.523
-1.148
-3.235
-1.314
 0.095
-0.713
-0.294
-0.649
-0.963
 0.191
-1.328
-2.908
-0.164
-0.441
-1.047
 0.231
-1.122
-0.826
-0.611
-2.506
-2.054
-1.510
-1.481
-2.241
-1.882
-2.967
-1.678
-0.476
-0.913
-0.937
-2.008
-1.266
-2.384
-1.537
-1.605
-0.574
-1.679
-2.055
-1.212
-0.925
-0.941
-1.548
-1.137
-1.132
-0.781
-1.085
-2.407
-3.222
-1.269
-1.967
-0.716
-1.533
-2.190
-2.069
-1.682
-0.991
-0.864
-0.600
-2.072
-1.162
-0.986
-0.859
-2.564
 0.248
-0.885
-0.710
 0.135
-0.017
-0.087
-0.161
-0.762
-0.805
-0.836
-1.968
-0.168
 0.476
-0.235
-0.235
-0.227
 0.281
 0.573
 0.249
 0.358
 0.398
-0.412
-0.948
-0.257
-1.191
-2.291
-1.189
-1.304
 0.265
-1.388
-0.447
-1.297
 0.115
-0.031
-0.311
 0.522
-0.252
-0.912
-0.722
-0.646
-0.607
-0.245
 0.645
-0.303
 0.863
 0.570
-1.159
 0.808
 0.658
 0.356
-0.042
 0.951
 0.233
 0.833
-0.349
 0.787
 1.041
 1.298
 1.082
-0.223
 0.061
 0.327
-0.572
-0.006
-0.177
-0.098
-0.597
 0.724
 0.877
-1.270
 0.377
 0.514
-0.689
 0.531
 0.816
 0.534
 1.051
 0.772
 0.129
-0.740
-0.691
 0.873
 1.983
 0.823
-0.640
-0.168
-0.106
 0.835
 1.356
 0.081
-0.719
-0.181
 0.076
 1.471
-0.245
-0.485
-1.211
-1.666
-1.362
-0.549
 0.079
 0.574
-1.144
-1.047
-0.662
-2.251
-1.564
-0.332
-1.371
-0.959
 0.975
-0.075
-1.693
-0.376
 1.273
-0.462
 1.260
-1.351
-0.108
 0.474
 0.814
 0.846
 0.094
 0.504
 0.502
 0.160
 1.610
 0.365
 0.927
-0.304
 0.491
-0.279
-1.307
-0.268
-1.467
-1.532
-0.272
-0.719
-0.026
 1.738
 0.023
 0.150
 0.399
 1.901
-0.102
 0.870
-2.000
-1.298
 0.705
 0.341
 0.256
-0.177
-0.359
-1.166
-0.431
 0.189
 1.281
 1.090
-0.320
 1.226
-0.987
 0.733
-0.247
 0.322
 1.155
-0.693
-0.303
-0.785
 0.632
 0.082
-0.657
-0.225
-0.212
-0.947
-1.239
-2.374
 0.506
 1.702
 1.823
 3.170
 2.337
 1.313
 1.633
 1.651
 1.154
 0.368
 0.552
 0.960
 0.737
 0.192
-0.356
-0.011
 0.658
 0.333
 0.421
-1.261
-0.492
-1.936
-2.174
-0.637
 0.139
-1.303
 0.150
-0.825
-0.432
-0.192
 0.347
 0.299
-1.054
 0.466
-1.538
-1.094
-0.226
-1.437
 0.000
-0.817
-1.001
-0.968
-0.540
-0.480
-0.161
-0.179
 0.487
-0.187
-0.314
-0.261
-0.754
-0.472
-0.121
-0.346
-0.809
-0.779
 0.442
 0.350
-0.238
 0.268
-0.126
-0.518
 0.609
 0.882
-0.170
 0.617
-0.477
-0.997
-0.137
-1.872
-0.706
 0.545
-0.494
-0.015
 2.063
 1.554
 0.836
 1.781
 1.893
 0.202
 0.295
 0.324
 0.792
-0.171
 0.312
 1.507
 1.230
 0.759
 0.617
 1.121
 0.573
 0.062
-0.972
 0.853
 0.759
-1.365
 0.005
 0.536
 0.315
 1.897
 0.174
-0.364
-1.090
 0.046
-1.023
 0.182
 0.521
-0.064
 0.719
 0.635
 1.000
-0.156
 0.724
-0.388
-0.559
 0.028
 0.526
 0.620
-0.625
-0.055
-0.104
 0.011
-0.284
-0.014
 0.239
-1.164
-0.802
-0.724
 0.224
-0.379
 0.347
-0.892
 0.887
 0.701
-0.082
 0.992
 0.306
 1.776
 1.436
 0.625
 1.416
 2.027
 1.791
 1.725
 0.388
 0.259
-0.137
 1.418
 0.526
-0.818
 0.409
 0.403
-0.599
-1.877
-0.278
 0.008
-0.281
-0.527
-1.322
-2.106
-1.739
-0.932
-0.642
-1.994
-1.696
-1.833
-0.702
 0.385
 0.875
-0.163
 1.098
 0.981
 0.921
 1.796
-0.172
 0.449
-0.086
-0.451
-0.810
-0.695
 0.510
 0.353
 0.320
 0.809
-1.185
 0.132
-0.069
 1.488
 1.104
-0.438
 1.128
 1.754
 1.958
 2.673
 2.002
-0.450
 0.727
 0.190
-0.185
-0.063
 0.299
 1.306
-0.105
 1.434
 0.609
 0.799
-0.158
-0.887
-0.728
 0.678
 1.223
 0.877
 0.497
 1.547
 0.088
 0.151
 0.264
 0.213
 0.823
-1.050
 0.881
 0.701
 1.245
 0.143
 0.856
 0.898
 1.465
 2.169
 0.416
 0.853
 1.455
 2.239
 0.650
 1.849
 1.630
 0.703
-2.590
-1.353
-2.160
 0.383
 0.312
 0.297
 0.098
 0.172
-0.895
 1.574
 0.645
 0.027
-0.016
 0.325
 1.178
 0.525
 0.248
-1.284
-0.767
-1.669
-0.930
 0.706
-0.762
 0.185
-0.886
-1.159
 0.179
 1.751
 0.362
-0.055
 2.153
 0.375
-0.597
-1.289
-0.299
 1.242
 0.261
-1.608
-1.327
-0.215
-1.157
 0.047
-0.216
 0.937
 1.015
-0.846
 0.049
 0.825
-0.033
-1.165
 0.519
 0.132
-0.542
-1.335
-0.502
-1.165
-0.689
 0.026
 0.574
-1.331
-1.294
-0.801
 0.678
-1.809
 0.222
 0.377
-0.993
-0.932
-0.186
-1.240
-0.043
-0.895
-1.298
-1.662
-1.252
-1.169
-0.286
-2.607
-1.437
-2.866
-0.058
-0.569
-0.264
 0.131
 0.202
-1.116
-0.395
-0.299
 0.288
-0.606
-0.099
-0.557
-0.978
-0.394
-1.289
-2.618
-1.013
-0.791
-0.924
-0.657
-1.124
-0.626
-0.189
-0.082
-0.161
 1.224
 0.872
 0.954
 0.336
-0.884
-1.724
-1.710
-0.724
 0.342
 1.146
-0.223
-0.424
 0.621
-0.541
-0.868
 0.362
 0.052
 0.177
-1.575
-0.896
-2.028
-0.755
-1.056
 0.340
 1.096
 2.463
-0.514
-0.372
 0.764
 2.438
 0.901
-0.442
 0.808
-0.189
-0.629
-0.260
 0.739
 0.644
 0.683
 0.698
 0.454
 0.197
 0.698
 0.699
-0.176
 0.696
 1.638
 0.240
-0.867
-0.936
-1.537
-1.344
 0.153
-1.090
-0.728
-1.066
-0.085
-1.118
 0.383
 1.125
 0.066
 1.467
-0.481
-0.156
 0.685
 0.871
 0.701
 1.369
 1.415
 1.308
 1.323
 1.401
-0.813
 0.017
-0.991
 0.569
-0.847
-0.993
 0.787
 0.649
-1.231
 0.037
-0.619
-0.543
-0.157
 0.003
 0.424
-0.819
 0.450
 1.524
-0.773
-0.128
 0.064
-0.071
-0.979
-1.985
-0.589
-0.388
-1.585
-1.428
 0.235
-1.119
-0.491
-0.015
-0.300
-1.218
-1.902
-2.731
-3.278
-2.959
-1.997
-0.512
-1.663
-0.654
-0.026
 1.355
 0.704
-0.608
 0.657
-1.170
 1.586
-1.671
-0.025
-0.272
 0.743
 1.329
 1.056
 1.608
 1.256
-0.129
-0.009
-0.109
 1.261
 0.874
 1.507
 1.630
 1.011
 0.878
 0.494
 1.327
-0.655
 0.302
-0.360
-0.115
 0.249
 2.310
 0.385
 1.267
 1.038
 1.132
 1.614
 1.432
 0.582
 0.755
 1.006
 0.246
 0.335
 0.101
-0.024
-0.787
-0.255
 0.034
-0.960
 1.712
 1.011
-1.135
-0.254
 0.632
-0.450
 0.490
 0.945
 0.051
-0.934
 0.151
-0.310
 1.135
 0.843
-0.399
-1.973
-1.564
 0.051
 0.991
-1.523
-0.299
-0.942
-0.710
-2.475
-0.279
-0.150
 0.602
 0.567
 2.209
-0.194
 0.800
 0.660
-0.560
-0.637
-0.765
-1.791
-0.903
 1.264
 0.501
 0.511
 0.939
 0.396
 0.223
 0.280
-0.608
 1.857
 0.688
 1.665
 0.493
 0.043
 2.190
 1.054
 1.228
-0.443
-0.062
 0.453
 0.167
 0.131
 0.412
 1.390
 0.782
 1.113
 1.647
 1.740
 1.508
 0.426
-0.015
-0.678
-1.280
-1.228
 0.473
 0.759
 0.787
 1.484
 1.051
-0.168
-0.387
 0.146
 0.742
 1.124
-0.958
-0.550
-1.052
-0.585
-0.877
-0.487
 0.833
-0.194
 1.196
-1.153
 0.049
 0.035
 0.003
 1.387
 0.403
 1.101
-0.266
-1.576
-0.017
-0.818
-1.228
-2.163
 0.095
 0.682
-0.395
-0.186
 0.656
 0.668
 0.690
-0.253
-0.375
 0.000
 1.019
 1.705
 1.080
-0.129
-0.203
-0.532
-0.443
-0.354
 0.517
-0.167
 2.474
 1.753
 1.173
 1.584
 0.864
 1.236
 0.290
 0.859
 0.176
 1.685
 0.126
 0.807
 1.498
 0.461
 1.782
-1.001
-1.154
-0.080
 0.956
-0.490
 0.162
-1.378
 0.534
-1.460
-0.277
 0.052
-1.302
 0.057
 0.269
-0.750
-0.351
-1.832
-0.862
-2.001
 0.503
-1.408
-1.508
-0.683
-0.133
-0.201
 0.258
-1.185
-1.755
-3.261
-0.884
-0.615
-0.006
-0.230
-0.256
 0.094
-1.543
-1.385
-1.090
-1.376
 1.995
 0.679
 1.577
-0.070
-0.340
 0.993
 0.470
 0.189
-0.138
 0.109
-0.859
 0.881
-0.390
-0.593
-1.833
-1.058
-0.579
 0.048
 0.006
 0.464
-1.923
 0.554
-1.646
-1.565
-1.093
-1.712
-0.709
-0.823
-1.145
-0.526
-0.286
-0.889
-0.446
-1.999
-1.777
-0.794
 1.751
-0.013
-1.238
-0.995
-0.896
-0.480
 0.092
-0.607
 0.576
 0.555
 0.099
 0.255
-0.846
-0.465
-0.541
 0.331
 0.145
 0.410
-0.190
-0.412
-0.944
 0.403
 0.376
-0.518
 0.123
-0.257
-0.125
 0.838
 0.100
-1.564
-1.380
 1.115
-1.073
-0.225
 0.907
 0.467
-0.562
-1.235
-0.670
-0.731
 0.271
-1.285
 0.685
 0.393
 0.258
-0.795
-2.604
 0.040
-0.731
-1.506
-0.695
-0.370
 0.471
-0.832
 0.166
-0.001
 1.000
-0.021
-1.459
-2.581
-1.704
 0.417
 0.648
 1.138
 0.670
-0.868
-1.250
-0.656
-0.480
-1.389
-0.727
-1.624
 0.416
-1.178
-0.553
 0.053
-0.906
-1.842
-1.362
-0.771
-0.188
-0.210
-0.159
-0.273
-1.126
-0.585
-0.189
-1.231
-1.455
-0.695
 0.535
-1.326
-0.100
-1.174
-0.702
-0.738
-0.399
 0.105
-0.731
 0.441
-0.012
-1.144
-0.368
 0.185
-0.221
-1.435
-0.210
 0.537
 0.936
-1.594
-2.032
-1.881
-1.631
-0.274
-1.274
-2.639
-1.512
-0.920
-1.081
 0.453
 0.065
-0.228
-0.026
-1.503
-1.002
-2.078
-2.364
-0.318
-1.854
-1.335
-2.081
-1.146
-0.411
-0.959
-1.805
-1.507
-0.558
-1.050
-1.753
-0.013
-0.595
-0.313
-1.937
-2.398
-2.878
-1.617
-1.417
-1.966
-1.087
-0.390
-0.407
-1.605
-1.086
-1.058
-0.635
-2.364
-2.778
-0.629
-1.621
-2.428
-2.022
-0.041
-1.962
-2.967
-1.605
-0.910
-2.592
-1.998
-3.773
-1.671
-2.923
-2.001
-1.811
-0.916
-0.575
-0.994
-0.535
-0.008
-1.399
-1.967
-0.825
-0.180
 0.276
-2.474
-2.052
-1.301
-0.314
 0.009
-0.581
-0.570
-1.304
-1.084
-1.603
-0.996
-0.811
-0.494
-1.444
-0.681
 0.204
-1.045
 0.471
-0.078
-1.284
-1.006
 0.193
-0.776
-0.733
 0.433
-0.482
 1.221
 0.787
-0.933
-0.562
-1.182
-1.645
-0.567
-0.873
-2.417
-1.520
-0.677
-1.576
-1.669
-1.647
-1.840
-1.233
-2.179
-2.159
-2.832
-1.148
-1.176
-0.512
-1.677
-0.502
-1.205
 0.326
-0.698
 0.751
-0.640
 0.531
 1.039
-0.496
-0.836
-0.204
-0.120
-1.177
-0.317
 0.320
-0.674
-0.311
-0.957
-1.720
-0.139
-0.571
-1.518
-1.914
-1.826
-0.938
-0.533
-1.488
-1.456
-2.145
-1.325
-0.479
-0.139
-0.780
 0.568
-0.433
-0.718
 0.221
-0.077
-1.088
 0.961
 1.261
-0.988
 0.358
-1.015
 0.036
 0.133
-0.665
-0.466
-1.614
-0.631
-1.341
-1.641
-0.701
 1.531
 1.491
 2.366
-0.587
 0.579
 0.765
-1.125
-0.702
-0.515
-1.263
-0.164
-0.653
-1.581
-0.976
-0.519
-0.280
-0.250
 0.395
 1.311
 0.605
 0.406
-1.110
-0.233
 0.190
-0.685
 0.230
 0.145
-0.020
 0.117
-0.088
 0.515
 0.133
-0.963
-1.659
 0.335
-1.317
-0.515
-1.206
 0.172
 0.213
-1.179
-1.217
-0.408
-2.048
-1.759
 0.006
-0.913
 0.114
 0.200
 0.395
-1.322
-0.922
-0.238
 0.630
-0.320
 0.074
-0.611
-1.926
-1.309
-0.913
 0.466
 0.491
-0.602
-0.993
-1.385
-0.924
-0.141
-1.780
-0.704
-0.166
-0.919
-1.760
-1.561
-1.680
-0.344
 0.184
 0.036
-0.258
-0.758
-1.027
 0.044
-0.981
-1.005
-2.448
-0.259
 1.094
-0.409
-0.070
 0.211
-1.785
-0.526
-1.835
-0.593
-0.189
-0.851
 0.196
 0.716
 1.758
 1.590
-1.002
 1.130
-0.616
-0.397
-1.702
-0.986
-0.665
-1.428
-0.047
 0.024
-1.399
-1.095
 0.264
-0.285
-0.184
 0.337
 0.791
-1.242
-1.550
 0.288
-0.405
-1.682
-0.107
-0.611
 0.296
 0.370
-0.360
-0.045
 1.013
 1.901
 0.753
 2.775
 0.768
 0.730
 0.244
 1.691
 1.014
 0.105
-0.433
 2.518
 1.583
 1.145
 1.187
 0.117
-0.147
 0.290
 1.047
 0.556
 1.697
 1.065
 0.111
 1.479
 1.951
 2.351
 2.219
 0.589
-1.133
-0.060
 0.080
-0.187
 0.610
 0.049
-0.485
-0.378
-0.052
-0.639
 0.685
-0.469
 1.751
 1.069
 0.758
 1.908
 0.647
 1.120
 0.399
-0.002
-0.551
 0.176
 0.532
-1.126
 0.790
-0.274
 0.888
 0.419
-0.661
 1.583
 0.441
 1.658
 1.534
 0.027
 0.622
-0.157
 0.036
-0.242
-0.333
 1.672
 0.315
 0.403
-0.875
 0.598
 0.502
 1.062
 0.098
-0.005
 1.913
 0.353
 0.017
 0.351
-0.003
-0.589
 1.455
 0.299
 0.773
 0.013
-0.078
-0.494
-0.699
-0.978
-0.741
-1.629
-0.686
-0.353
-0.146
-0.177
-1.490
-1.082
-0.978
-0.103
-0.889
-0.068
-0.650
-0.256
-0.019
 0.351
 0.796
 1.406
 1.140
 0.844
-0.364
-0.423
 0.555
-0.100
 0.001
 0.171
-0.693
-0.378
 0.224
-0.715
-0.628
-0.549
 0.996
 0.372
-0.651
-1.206
 0.039
-0.582
 0.045
-1.447
-0.912
 0.034
 0.572
-0.958
-1.874
-0.463
-1.137
-0.399
 0.320
 1.386
-0.794
-0.954
-0.579
-0.124
-1.289
-0.774
-1.016
-0.282
-0.373
-2.173
 0.245
 1.041
 1.518
 0.328
-0.049
-0.574
-0.760
-0.841
-1.428
-0.204
 0.146
 0.190
 0.471
 2.035
 1.235
-0.521
 1.290
 1.442
 0.263
-1.744
-1.213
-0.321
-0.757
-0.780
-0.416
-0.110
-1.361
-0.997
 0.478
-0.941
-0.742
-0.259
-0.147
-0.251
 0.320
-0.091
-0.386
-0.606
-1.809
-2.441
-2.244
-0.657
-0.023
-1.876
-0.965
-0.211
 0.544
-0.704
-0.590
-0.234
 0.392
-0.328
-0.391
-0.406
 0.750
-1.280
-0.725
 0.513
-0.118
-0.037
-0.319
-0.055
 0.111
-0.845
-1.255
-0.111
 0.213
-0.480
-0.497
-0.907
-1.139
-0.519
-0.831
-0.698
-0.127
-0.119
-2.017
 0.105
 1.467
 0.135
 0.278
 0.354
-0.826
 0.146
 0.235
-0.932
-0.946
-1.754
-0.258
-0.551
-0.548
 1.431
 1.032
 1.462
 1.359
-1.119
-0.553
-1.153
-0.821
 0.230
-1.017
 0.170
-1.380
-0.994
-0.898
-0.293
-1.158
-1.359
-1.589
-0.625
-0.429
-0.835
-0.087
-1.361
-0.025
 0.125
 0.936
 0.480
 0.073
 0.116
 0.562
-1.063
 0.088
-1.911
-2.079
-1.744
-2.113
 0.146
 1.266
-1.108
-0.654
-1.889
-0.696
-1.624
-2.845
-0.532
-1.073
-1.722
-1.708
-1.042
 0.252
-0.332
-1.228
-1.167
 0.528
 0.402
 0.437
-0.576
-0.072
 0.943
 1.013
 0.550
 0.411
 0.153
-1.588
-0.547
 0.983
 0.471
 0.387
-0.564
-0.909
-0.172
-0.291
 0.354
 1.066
 2.065
-0.438
-1.153
 0.684
 0.824
-1.044
-0.397
-1.007
 0.274
-0.779
-1.037
-1.703
-1.339
-0.158
 0.464
-1.466
-2.421
-0.800
-0.284
-1.720
-2.708
-0.182
-1.310
-1.589
 1.709
-0.415
 0.367
 0.629
 0.183
 0.120
-0.340
-0.166
-0.240
 0.988
-0.303
-0.930
-0.643
 0.131
 0.745
 0.956
-0.408
 1.002
 0.282
-1.075
 1.601
 0.304
-0.211
 1.375
 0.608
-1.190
-2.249
-1.641
-0.947
 0.158
-0.822
-0.051
 0.835
-0.450
-0.076
 0.709
-0.508
 0.959
-1.149
-0.938
-0.679
 0.529
 1.388
 0.380
 1.085
 1.224
-0.212
 0.258
 0.761
-0.360
-0.266
-0.121
-0.866
-0.111
-0.542
 0.094
-0.067
 0.231
-0.522
 1.159
-0.663
 0.019
 0.291
-1.359
-1.043
-0.532
 1.241
 0.469
 1.048
-1.835
 1.748
 0.466
-1.379
 0.971
 1.188
 1.289
 0.571
-0.123
-0.661
-0.152
-0.940
-0.917
-0.379
 0.977
 0.496
 0.639
 0.910
 1.242
-0.437
-0.240
-0.606
 0.087
-0.322
-0.129
 0.131
-1.370
-1.953
 0.424
 0.019
-0.141
-0.481
-0.858
-0.597
-0.706
 1.410
-0.144
 0.513
 0.499
-0.910
-0.733
-0.662
 1.683
 0.260
 2.054
 0.339
-0.073
-0.179
 0.424
-0.321
 0.477
 1.250
-0.752
-1.053
 0.083
 0.359
 1.149
 1.268
 0.944
 0.777
 1.028
-0.350
-0.004
 0.597
 0.671
 1.361
 1.344
 1.106
 0.490
 2.004
 0.541
 2.816
 2.715
 1.884
 2.643
 1.594
 0.707
 1.150
 1.329
 0.602
 0.871
 0.733
 0.635
 1.093
 1.816
 0.093
 0.804
-0.411
 1.373
 0.904
 0.250
 0.309
 0.408
 2.035
 0.580
 0.513
 1.361
 0.918
 0.737
 0.239
-0.344
-1.032
-0.725
-0.138
 0.156
-0.173
 1.198
 1.606
 0.797
 0.550
-0.409
 0.091
 0.177
-0.851
 0.063
-0.490
 0.574
 0.623
 0.325
 0.579
-0.861
-0.106
 0.579
-0.271
 0.493
-0.034
 1.457
 0.908
-0.749
-1.224
-0.815
-0.255
 0.562
-1.659
-0.651
-0.503
-0.615
-0.037
 0.875
 0.951
-0.676
-0.609
-0.290
 0.364
 1.665
 0.801
 0.549
-1.596
 0.190
-0.604
 0.013
 0.866
-0.203
-0.434
-1.627
-0.014
-0.710
-0.539
-0.950
-0.302
-0.938
-0.914
-0.032
-0.264
-0.419
-0.443
 0.728
 0.553
 0.648
 0.660
-0.335
-0.890
-0.183
 0.579
 0.095
 1.463
 2.387
 0.623
 0.336
 0.448
 0.325
 0.720
 0.423
 0.415
-0.489
 1.016
 0.384
 0.445
-0.191
 1.345
 0.258
 1.183
 1.466
 1.427
 2.513
 1.692
 0.093
-0.131
 0.779
-0.170
-0.421
-1.092
 0.508
-0.709
 0.273
-0.610
 0.695
-0.319
 0.285
-0.526
-0.220
-0.577
-0.407
 0.721
 0.230
-0.036
 0.593
 0.219
 0.583
 0.021
-0.374
-0.269
 0.588
-0.258
-0.398
-0.420
 0.609
-0.289
-0.745
-1.377
 1.019
 0.164
 1.183
-0.273
-0.607
 1.754
 0.115
-0.135
-0.558
-0.976
-0.708
 0.043
 0.661
-0.242
-1.018
 0.768
-1.175
-1.192
 0.147
-0.648
-1.476
-1.919
-2.030
-1.011
-0.618
 0.574
 0.073
-0.378
-1.059
 0.230
-0.357
-0.046
 1.359
 1.639
 0.947
-0.745
-0.437
-0.315
 0.515
 1.000
 0.226
 1.110
 1.481
 0.337
-0.812
-0.707
-0.313
-0.245
-0.873
 0.022
 0.478
-0.084
-1.020
-0.754
 0.486
-2.546
-0.321
 0.807
-0.025
 0.532
-0.195
-0.995
 0.313
-0.571
-0.571
 0.070
-0.280
 0.567
-0.906
-0.715
-0.299
 0.294
-0.197
 1.025
 1.720
 0.543
 0.638
 0.588
-0.383
 0.338
 1.503
-0.058
 0.134
 1.158
-0.317
-0.819
-0.307
-0.142
-1.142
-0.884
-0.790
-0.778
 0.660
 0.175
 0.119
-0.895
-0.544
-0.133
-0.456
-0.165
-0.203
-0.536
-0.277
-0.657
-0.324
-0.836
-0.417
-0.898
 0.477
 1.020
 0.492
 0.167
-0.162
 1.708
-0.032
 0.111
-0.450
-0.114
-0.576
 0.545
-0.202
-0.156
-0.631
-0.480
-0.106
-1.463
-1.115
-0.195
-0.972
-0.187
-0.287
 0.693
 0.607
-0.467
-0.467
 0.368
 0.578
 0.018
-0.547
-0.113
-0.948
-1.076
-1.605
-0.568
-0.727
-2.719
-0.858
-0.404
-1.347
-1.240
-1.299
-1.351
 0.405
 0.393
 0.923
 0.336
 0.646
 0.615
-0.690
-0.076
-0.973
 0.130
-1.008
-0.601
-0.703
 0.871
-1.096
-0.064
-0.212
 1.306
-0.648
 0.383
 0.421
-0.328
-0.559
-0.306
 0.431
-1.365
-0.256
-0.192
-0.214
 0.976
-0.137
 0.311
 1.304
 0.579
 0.311
 0.821
 1.988
 0.918
 0.616
 0.916
 1.404
 1.255
 1.776
 1.025
 1.993
 1.133
 0.888
 1.822
 0.595
 0.845
 1.659
 1.594
-0.429
 0.628
-0.476
-1.149
-0.120
-1.454
-0.452
 0.363
-1.251
 0.152
 0.993
 0.442
 0.118
 0.680
 0.586
-0.047
 1.606
 0.169
 1.907
 0.344
-0.070
-0.147
 1.239
 1.897
 2.768
 0.824
 1.974
 1.912
 1.263
 1.214
 0.354
 0.527
 1.461
 0.341
 0.597
 1.217
-0.374
 2.779
 0.869
-0.527
-1.466
-0.584
 2.006
-0.083
 0.481
 0.751
 0.066
 0.174
-1.357
-0.706
 0.056
 1.802
 0.856
 0.844
 0.018
 2.180
 0.128
-0.933
 0.203
 0.292
 0.043
-1.600
-1.554