.974
 2.543
 1.888
 0.512
-0.286
 0.997
 2.005
 1.489
 1.095
 1.208
 1.649
 0.731
 0.422
 0.599
-0.313
 0.659
 0.631
 1.473
 0.358
 0.369
-0.848
-0.005
-0.255
-0.044
-1.403
 0.571
-0.226
 0.420
 1.605
 0.940
 2.058
 0.576
 0.203
 1.723
-0.172
 0.350
 1.343
-1.100
-1.438
-1.081
 0.613
 0.924
 0.406
-0.126
 1.648
-0.315
-0.680
-0.630
 0.424
 0.066
 0.037
-0.745
 1.710
 0.500
 0.053
-0.640
 0.114
 0.171
-1.200
-2.417
-0.733
 0.375
 0.675
 1.099
 2.418
 1.111
 0.932
 0.460
-0.032
-0.915
 0.461
 0.224
 0.453
-0.145
 0.263
-1.691
-0.309
-0.051
-0.085
 0.275
-1.092
-0.101
 0.172
 1.065
 0.279
 1.456
 0.876
 0.766
-0.547
-0.841
-0.890
 0.214
-2.149
-1.582
 0.053
 1.563
-0.049
-0.622
-1.298
 0.113
 0.928
 0.691
 0.884
 1.784
-0.323
-0.103
 0.048
 0.065
 0.239
-0.442
-0.261
-0.879
-0.175
 0.600
 0.253
-1.787
-1.198
-1.642
-1.574
-0.071
-0.838
-2.465
-0.794
-1.896
-2.069
-1.517
-0.188
-0.389
 0.525
 0.125
-1.689
-0.174
-0.968
-0.412
-1.737
-0.155
-0.582
-0.762
-2.532
-0.171
 0.825
-0.155
-0.661
-0.093
 0.177
-1.186
-0.862
 0.787
-0.697
 0.952
 1.268
-0.196
-0.982
-1.198
 0.008
-0.611
-1.293
-0.272
-1.801
-0.491
-1.180
-2.471
-1.058
-0.367
-0.749
-0.546
-1.147
-0.462
 0.326
 0.629
 1.051
 1.811
 0.505
 0.867
 2.572
 0.730
 1.537
 0.712
 0.381
-0.653
-0.341
-1.223
 0.459
 1.400
-0.772
-1.555
-0.177
 0.006
 2.032
 0.898
 0.890
 0.383
-0.771
-0.578
 0.549
-0.214
-0.411
 0.464
 1.340
 1.217
 0.797
 0.613
 0.498
 0.518
-0.298
-0.207
-0.757
-0.728
-1.557
-0.350
-1.894
-0.533
-0.355
 0.430
-0.844
-0.091
-0.360
-1.143
-0.143
 0.437
 1.073
 0.483
-0.877
-0.594
-0.078
 1.136
-0.556
-0.549
-0.723
-0.448
 1.509
 0.866
 0.563
 0.369
-0.264
-0.148
-0.340
-0.196
-0.821
-0.632
 0.209
-0.941
 0.694
-1.320
-0.912
 0.870
-0.270
 0.269
 1.843
 2.221
 0.595
 0.564
 1.169
-0.077
-0.121
-0.456
-0.277
 0.601
-0.513
-0.098
 1.700
 1.778
 1.614
-0.579
-0.758
 1.490
 1.043
 0.936
 0.528
 1.206
 0.205
 0.655
 0.178
-1.200
 0.018
-1.255
-0.130
 0.773
 1.435
 1.298
-0.606
 0.175
 0.720
 0.527
-0.211
-0.313
-0.371
-1.792
-1.086
-0.683
-0.298
 0.974
-1.704
-1.760
-1.125
 0.271
-0.497
-0.684
 0.475
 0.439
 0.943
-0.309
 0.011
 0.986
 2.040
 0.725
 1.253
 0.706
-1.176
-1.434
-0.268
 0.196
-0.576
-0.451
 1.212
-0.278
 0.118
-0.668
-1.175
-0.069
 1.343
 0.289
-1.083
-0.083
-0.284
-1.997
-0.296
 0.609
 1.298
 1.139
 1.116
 1.327
-0.134
-0.259
 0.624
-0.219
-0.365
-0.795
-0.909
-0.096
-0.580
 0.630
-0.206
-0.064
-0.828
 0.561
-0.806
-1.335
 0.335
-1.650
-1.911
-1.774
-0.720
-0.088
 0.445
 0.647
 0.145
-0.438
 1.071
-1.131
-0.876
-1.747
-0.923
-0.732
-1.308
 0.036
-0.893
-1.292
-0.957
-0.593
 0.662
-0.833
 0.759
-0.243
-1.190
 0.239
-1.573
-1.432
 0.228
-0.330
-1.749
-1.436
-1.228
-1.298
 0.814
-0.335
-0.377
 1.304
-0.378
 0.087
 0.804
-1.266
-1.906
-0.720
-1.331
-1.518
-0.662
-1.737
-2.668
-1.705
-1.810
-1.707
-1.236
-1.758
-2.355
-1.069
 0.341
-1.858
-1.022
-0.527
-1.105
-0.879
 0.021
-1.133
-1.063
-1.879
-2.313
-1.120
-0.491
-0.105
-0.628
-2.637
-1.758
-0.476
-1.154
-1.849
-0.936
-0.450
-0.763
-1.224
 0.277
-0.920
-0.148
 0.684
-1.194
-1.429
-1.399
-0.217
-0.857
-0.676
-1.171
 0.036
-1.847
-0.895
-0.060
 0.084
-1.334
-0.626
-1.360
 0.573
-0.360
-0.394
-1.419
-1.317
-0.958
-0.499
 0.320
-0.430
-0.497
 0.735
 0.148
-0.466
-0.900
-1.384
-1.955
-0.725
-0.718
-0.382
-0.835
-0.332
 0.506
-0.452
-0.552
-0.926
-0.955
 0.522
-0.503
 0.150
-0.794
-0.987
-0.208
-0.461
-0.106
-0.550
-1.614
 0.167
-0.365
 0.680
 1.968
 0.844
 0.409
 1.331
 0.240
-0.945
-0.947
 0.008
-0.495
-1.463
-0.334
 0.358
-1.196
-1.331
-0.329
 0.483
 0.438
-0.257
-1.223
-0.726
 0.616
-0.153
-0.042
-0.319
 0.645
 0.846
-1.104
 0.814
 0.037
-0.531
 0.572
-0.347
 0.716
 2.081
 1.831
-0.172
-0.274
-0.801
-0.485
-0.292
-0.743
-0.826
 0.263
 1.144
-0.105
-0.555
-0.839
-0.382
 1.215
-0.168
 0.105
-0.017
-0.724
 0.155
 0.219
 0.635
-0.764
-0.205
 0.104
-1.301
-1.089
-0.402
 0.543
-0.709
-0.790
-1.523
-1.711
-0.724
 0.204
 0.378
 0.246
-1.179
-1.035
-0.983
-1.402
-0.400
-1.175
-0.968
-1.584
-0.804
-1.243
-0.172
 0.187
-0.540
 1.043
 1.607
 0.557
-0.299
-0.252
-0.081
 0.893
 0.498
 0.706
-0.139
 0.142
-1.682
-1.595
-0.609
 0.214
-1.211
 0.923
-0.448
-0.912
-2.456
 0.632
 2.333
-0.013
-1.270
-0.530
-0.960
-1.038
-1.190
-1.472
-2.886
-0.575
-2.301
-0.721
-0.395
-0.029
 0.310
-0.110
 0.692
-0.327
 0.783
 1.034
 0.869
 0.361
 0.301
 1.073
 1.629
-0.837
 0.059
 0.239
 0.996
 0.168
 0.416
 1.722
 0.310
-0.716
 0.181
 0.104
-0.113
-0.012
-0.121
 0.511
-2.065
-0.868
-1.917
-0.445
 0.370
 0.813
-0.450
 1.237
 0.311
-0.072
 2.134
 0.273
-0.322
-1.236
 1.188
-0.030
 0.891
 0.162
 0.690
 0.060
 0.404
 0.463
-0.700
-0.837
-0.468
-0.527
-0.309
 1.202
 0.221
 0.680
-0.347
 0.182
 0.239
 0.112
-2.171
-1.333
-1.799
-0.764
-0.836
-0.848
-1.369
-0.718
 0.253
 2.086
 2.072
 0.694
 0.665
 0.771
 0.091
 0.225
-1.201
 0.105
 0.473
 0.959
 1.848
 0.360
-0.918
-1.013
 0.108
-0.149
-1.625
-0.711
-1.435
-1.769
-1.772
-0.062
-0.604
 0.826
-0.782
-0.925
-2.754
-2.026
-0.827
-0.730
-1.412
-1.273
-2.454
-0.348
-0.412
-0.917
-1.685
-0.869
-1.483
-0.100
-1.394
-0.820
 1.167
 0.448
 0.381
 0.942
 0.106
-0.142
 0.798
-0.849
 0.010
-0.957
 0.702
-0.565
 0.557
 1.063
 0.566
-0.307
-0.279
-0.705
 0.008
 0.490
 1.204
-0.610
 0.191
-0.060
 0.773
-0.582
 0.084
-0.598
-0.432
-0.440
 0.469
 0.845
-0.235
-0.417
-0.260
-0.140
 1.905
 0.052
 0.737
-0.458
-0.217
 0.763
 1.866
 0.879
-0.732
-0.337
-0.195
 0.033
-0.463
 0.560
 1.543
 0.693
 0.373
-0.715
 0.364
-0.075
-0.813
-0.317
-0.589
-1.198
-0.310
-0.335
 0.776
 0.322
-0.495
 0.677
 0.932
-1.237
-0.962
 1.552
-0.277
-0.063
 1.365
-0.005
 0.059
-1.344
-0.145
-0.639
-0.858
-1.451
-0.557
-0.193
-0.399
-0.299
-1.311
-2.093
-0.132
-1.287
-2.113
-0.102
-0.205
 0.659
-0.992
-0.497
-0.285
-0.427
 0.087
-0.100
-0.485
-0.110
 0.860
-0.078
 0.519
-2.450
-2.943
-0.552
-3.022
-1.759
-0.738
-0.711
-1.235
-2.252
-1.466
-1.001
-0.146
-1.129
-0.983
-1.935
-1.866
-1.760
-1.158
-1.951
-1.065
-0.681
 0.798
-0.139
 0.142
-1.308
 0.465
-1.009
-1.502
-0.672
-0.840
-2.025
-1.723
-1.675
-1.190
-1.671
-1.360
-0.763
-0.725
-1.216
-1.872
-0.133
-1.654
-2.159
-2.315
 0.481
-0.876
-0.513
 0.171
-0.106
-1.181
-1.609
-1.366
-1.462
-1.795
-2.281
-1.605
-1.199
 0.546
-1.290
-0.522
-0.366
 0.690
-0.260
-1.114
-0.195
-1.355
 0.106
 0.748
-0.778
-0.065
-0.444
-0.883
-0.827
-1.470
-0.356
-1.614
-0.925
-0.502
-1.342
-0.651
-0.477
-0.381
-0.362
-0.618
-0.664
-0.448
-0.189
-0.720
-0.219
-0.048
 0.413
 0.460
 0.168
-0.592
-2.552
-2.677
-1.597
-0.601
-0.087
-1.804
-1.434
-2.992
-0.347
-0.630
-0.695
-1.054
-2.146
-0.793
-0.352
 0.408
-0.413
 0.065
-2.029
-0.022
-0.386
-0.811
 0.087
-0.804
 1.058
-0.297
 0.722
-0.181
-0.609
-2.050
-1.220
-0.380
-0.892
-1.687
-0.089
-0.857
-0.011
-0.372
-0.220
 0.374
-0.012
 0.617
 1.405
-0.673
-0.458
-0.974
-0.331
-0.117
 0.492
 0.714
-0.591
 0.819
 1.226
 0.183
 0.222
 0.269
-1.486
-0.949
-1.020
-0.795
-1.867
-1.930
-0.977
-1.638
-0.860
 0.007
 0.820
-0.251
 0.375
-0.432
-0.537
 0.495
-1.004
 1.704
 1.467
 0.267
-0.869
-1.203
-1.299
-0.151
 0.876
 0.931
-0.486
 0.069
-0.323
-0.010
 0.302
-0.349
 0.180
-0.202
 1.069
 0.849
 1.411
 0.541
 0.528
 0.237
 1.108
-1.289
 0.055
 0.678
 0.185
 1.038
 1.320
 0.424
 1.198
 1.539
 0.001
 0.546
 0.278
 1.589
 0.863
 1.405
 0.709
 0.118
-0.046
-1.557
-1.131
-1.725
-1.733
 0.584
-0.277
-0.001
-0.776
-0.592
 0.463
 0.678
-1.004
-0.045
-1.318
-0.117
 0.374
-0.554
-0.923
-0.768
 0.834
-0.193
-0.554
 0.512
 1.576
-0.105
-0.307
-1.196
 0.555
 0.237
 0.813
 0.375
-0.236
 0.408
 0.402
-0.609
 0.597
-0.558
-0.515
-0.629
-0.075
-1.628
-1.173
-0.865
-0.011
 0.541
-0.214
-1.173
 0.310
-1.231
-0.044
-0.460
-0.409
-1.129
-0.766
-1.366
-0.127
 0.065
-0.768
-0.865
-0.045
 0.758
-0.558
 0.646
 1.566
 0.476
-0.279
-2.009
-0.070
 1.004
 0.223
 0.684
 0.119
 0.437
-0.888
-0.216
 0.112
-0.297
 0.700
-0.025
 1.269
 1.896
 3.632
 0.731
 2.094
 0.323
 1.322
 1.929
 1.343
 0.570
 1.283
 0.691
 0.759
-0.800
-2.286
-1.010
-0.889
-1.513
-1.173
-0.654
-0.466
-0.306
-0.727
-0.264
 0.116
-0.220
-0.053
-1.527
-0.897
 1.188
-1.285
-0.282
 0.320
 0.591
 0.246
 0.596
-1.586
 0.352
 0.643
 0.349
-0.801
-0.347
-1.005
 1.498
 0.645
 0.465
 0.141
-0.038
 0.619
-0.386
-0.326
 1.774
 2.257
 1.024
 0.758
 0.288
 1.876
-1.145
 0.137
 1.943
 0.703
 0.552
-0.048
 0.361
-0.973
-0.203
 1.553
 2.594
 1.817
 0.719
 1.288
 1.170
 0.320
 0.791
 1.451
 2.053
 0.897
 1.030
-0.029
-0.070
 0.291
-0.139
 0.135
 1.097
 0.475
-0.610
 1.792
 1.409
 0.720
 0.354
-0.872
 0.773
 1.017
-0.562
-0.392
-0.794
-0.737
-0.558
-0.459
 0.270
-0.143
-0.325
-0.171
 0.673
 0.411
 2.183
 0.754
 0.766
 1.307
-1.191
 0.421
-0.068
 0.313
-0.937
-0.589
-0.171
-1.805
-0.951
-1.278
-1.032
-0.727
-0.077
-0.049
-0.162
-1.017
 0.003
-1.111
-0.411
-0.266
 0.159
-1.429
-0.493
-0.699
 1.256
-0.129
-1.861
-2.042
-2.361
-1.837
-2.058
-1.180
-0.346
-0.302
 0.157
 1.211
-1.169
 1.942
 0.927
 0.539
 0.835
 1.601
-0.423
 0.088
-0.148
 0.493
 1.476
 1.826
-0.543
-0.573
-0.282
-1.568
 0.265
-0.781
-0.114
-0.179
 0.751
-1.090
-0.381
 0.205
-0.090
-0.028
-1.891
 0.123
-0.515
-0.479
-0.265
-0.424
-0.512
-0.592
 2.264
 1.648
 0.348
 0.632
 0.223
 1.312
 1.070
 2.486
-0.677
-0.185
-0.118
-1.584
-0.664
 0.211
-1.015
-2.275
-0.545
 0.320
-0.569
-0.312
-0.986
-0.452
-0.476
-0.082
-0.335
-1.206
 0.496
 0.292
-0.113
-1.457
-1.342
-1.110
-1.814
-1.559
 1.006
-0.638
 0.981
-0.243
-0.284
-0.349
-1.190
 0.068
-0.945
-1.274
-0.399
 0.459
 0.636
-0.733
-0.442
-0.771
-1.473
-1.846
-0.349
 1.104
-1.533
-1.065
 0.021
-0.439
 0.056
-1.610
-1.458
-0.738
 0.012
 0.969
 0.745
-0.605
-0.314
 0.489
-0.306
 0.933
 0.481
 0.180
 1.017
 0.392
 1.053
-1.197
 0.656
-0.018
 0.706
 1.639
 1.143
 0.690
 1.802
 1.445
 1.025
-0.413
 0.123
 1.747
 0.887
 1.687
 2.399
 1.324
 0.044
-0.919
-0.489
-0.205
 0.093
-0.134
 0.896
 2.054
-0.212
 0.530
 0.858
-0.448
 0.280
-0.337
 0.388
 0.235
 0.984
 1.013
 1.798
 0.802
 0.894
 0.969
-0.212
-0.568
 1.152
 1.076
-0.535
-1.106
-0.259
 0.715
 0.334
-1.476
-0.590
 0.637
 1.466
-0.627
 0.561
-0.276
-0.068
 1.056
-0.034
 0.602
 1.235
 1.450
 0.057
 0.887
 0.539
 1.023
 1.057
-0.397
 0.203
 1.423
 0.023
 1.570
 0.546
 1.422
 0.851
 0.915
 0.500
 0.551
 0.123
 0.080
 0.765
 0.326
 0.046
-2.427
 0.034
-0.940
 0.143
 2.051
 1.352
 0.344
-0.357
-0.527
 1.104
 2.135
 1.682
 1.800
 0.987
 0.342
 1.077
 0.221
 1.339
 0.199
-0.492
-0.822
-1.138
 0.735
 0.624
-0.628
-0.701
-0.680
 0.940
-0.349
-0.625
-1.259
-0.952
 0.499
-0.527
 0.450
-0.293
-0.219
-0.563
-0.001
-0.525
-0.885
-0.639
 0.706
-1.224
-0.689
 1.005
 0.976
 0.255
-0.161
-1.039
 0.426
-0.519
 0.410
-0.198
-0.765
-1.137
 0.366
 1.071
 1.548
-1.360
-0.827
 0.255
 1.733
-1.005
-0.204
-0.143
-0.961
-0.167
-1.199
-0.505
 0.399
 0.140
 1.211
 1.010
 0.614
 0.754
 1.040
 0.946
 0.515
 0.227
-0.705
 0.817
 1.147
 0.620
 0.467
 1.759
 1.268
-0.283
 1.190
 0.155
 0.774
 0.799
 1.236
 2.556
 0.799
 1.561
-0.385
 0.974
 1.371
 0.960
 0.295
 0.404
 0.831
 0.280
 0.212
 0.051
 1.720
 0.881
 1.160
-0.229
 2.053
 0.975
 0.993
-0.073
-0.300
-1.963
-0.318
 0.708
 1.795
 0.078
-1.220
 0.626
 0.102
-0.807
-1.333
-0.741
-1.894
-0.939
-1.509
 0.309
-1.102
-1.067
-0.294
-1.143
-0.612
-0.114
-1.659
-1.169
-1.355
-1.333
 0.071
-0.388
 0.348
-0.188
-0.699
-0.604
-0.590
-1.675
-1.207
 0.179
-0.381
-0.650
-1.185
 1.183
-1.145
-0.534
-1.817
-0.930
-0.801
-0.362
-0.199
-0.891
 0.283
 0.040
-0.608
-0.349
-0.818
-1.145
-0.731
-1.595
 0.235
-1.348
-0.625
-0.722
-1.187
-1.344
 0.604
-0.631
-0.627
-1.607
-1.284
-0.012
 1.021
 0.600
-0.076
 0.891
 0.043
 1.931
 0.122
-0.172
 0.965
 0.851
 0.117
 0.676
 1.321
 0.884
 1.199
-0.450
 0.475
 0.617
-0.535
-0.180
 0.638
 0.369
 0.426
 0.107
-0.456
-1.042
-1.120
 0.603
-0.817
-0.268
-2.718
-1.309
-2.013
-1.503
-1.084
-0.651
-1.590
 0.137
 1.796
 1.014
 1.069
-0.053
 0.783
-0.955
-0.987
-0.327
-0.097
 0.040
 0.184
 1.803
 0.308
 1.247
 2.072
 0.871
 1.335
 1.652
 0.157
-1.241
 0.375
 0.923
-1.496
 0.449
 3.412
 1.612
 0.077
-0.856
 0.266
 0.788
-0.615
-0.180
-0.142
 1.379
 0.570
 0.778
 1.249
 1.947
 1.023
-0.633
 0.079
 0.577
 1.167
-0.089
-0.790
-0.067
-0.967
-0.437
 0.305
 0.093
 1.234
-0.231
-0.812
 0.856
 0.897
 1.201
 1.306
 0.495
-0.225
 0.353
 0.228
-0.636
 0.248
 0.767
-0.477
-0.301
-0.839
-0.839
-2.326
-0.806
-1.041
-0.932
-1.193
 0.681
 0.153
-0.555
 0.417
 0.532
 0.908
 1.459
 1.250
-0.065
-0.427
 0.360
-0.801
 0.396
-1.267
 0.111
 0.473
 0.918
 0.389
 0.766
 0.158
-0.212
 0.177
 0.662
 0.559
 0.135
-0.223
-0.120
 2.080
 0.948
 0.808
 0.002
 0.556
-1.174
 0.412
-0.602
-0.762
 0.298
-0.027
 0.462
 0.213
 1.547
 0.549
-0.249
 0.442
-1.728
 0.625
 0.817
 0.820
 0.640
 0.385
-0.277
 0.464
 1.127
-0.813
 0.420
 0.576
 0.656
 1.020
-0.922
 0.202
 1.105
-0.383
-0.145
-0.978
-0.931
-0.123
-0.362
 0.374
 0.885
 0.612
 0.850
 0.748
 0.640
-1.014
-1.421
-0.656
 0.900
-0.316
-1.841
-0.495
-1.468
-0.826
 0.034
 0.503
 1.450
 0.620
-0.814
 0.494
-0.340
 1.080
 2.085
-1.255
-0.298
-0.562
-1.818
-2.095
-2.253
-0.963
 0.306
 0.492
-0.915
-1.070
-0.157
-1.471
-0.322
 1.022
 1.251
-0.185
-0.043
 0.533
-0.548
 0.447
 1.264
 0.519
 0.904
 0.022
 1.191
 0.105
-0.005
 0.359
-0.295
-0.754
-0.732
 0.649
-0.009
-1.676
-0.125
 0.760
-0.434
 0.110
-0.176
 0.388
-0.536
-1.216
-0.620
-1.047
-1.087
-0.960
-2.019
 0.393
-1.803
-1.311
-0.281
-1.446
-1.319
-0.843
-1.579
 0.244
-0.713
-2.900
-0.252
 0.788
-1.344
-1.231
-0.587
 0.490
-1.359
-0.531
-1.094
-0.426
 0.733
-1.241
-1.331
-1.743
-0.423
-0.124
-0.680
-0.971
-0.796
 0.197
 0.138
-0.538
-0.057
-0.973
-0.897
-0.633
-0.613
-0.921
-0.058
-0.461
-0.611
-0.780
 0.061
-0.139
-0.474
 1.024
 0.134
-0.441
-0.496
 0.068
 0.370
 0.367
-0.002
-1.145
-0.468
-1.795
-3.594
-2.711
-2.002
 0.221
-1.184
-0.875
-0.436
-0.071
 0.024
 0.638
-0.198
-0.593
-2.376
-1.080
 0.995
 0.007
-0.484
 0.700
-0.496
-0.550
 0.325
 0.341
 0.396
-0.850
-1.476
-0.736
-0.289
-0.777
 0.772
 0.099
-0.304
-0.120
-0.947
-0.175
-0.629
-0.097
-1.750
-1.714
 0.610
 0.396
 0.844
 1.029
 0.287
-0.372
-2.036
-0.503
 0.461
 0.012
-0.400
-0.019
 0.924
 0.278
 1.220
 1.480
 0.361
-0.815
 0.222
 1.746
 1.050
-0.913
 0.374
 0.165
-0.059
-0.615
-2.071
-2.069
-0.753
-0.550
 0.417
-0.025
-0.386
 0.193
-1.661
-1.920
-1.357
-0.125
-1.371
 0.512
-0.920
-0.139
-0.630
 0.468
 2.239
 0.755
-1.128
-0.714
-0.277
 1.093
-0.298
-0.997
-1.388
-1.939
-2.297
-1.982
-0.960
-1.295
-0.469
-0.905
 1.151
-0.350
 0.064
 0.135
-0.546
 0.135
-1.660
-1.058
-1.559
-1.697
-0.933
-1.647
-1.486
-1.574
-1.246
 0.569
-0.061
 1.175
 1.134
-0.061
-0.913
-0.039
 0.306
 0.435
-0.685
-1.970
-1.217
-2.039
-1.839
-2.712
-0.667
-1.442
-1.836
-0.966
-1.932
-2.613
-1.299
-0.546
-0.435
-0.666
 0.559
 0.189
-0.520
-0.839
-0.527
-1.288
-0.378
-0.094
-0.774
-0.605
-0.212
-0.673
 0.437
-0.420
 0.175
-0.649
 0.870
 0.650
-1.069
-1.814
-0.876
-1.929
-1.461
 0.073
-0.059
-1.835
-2.346
-0.083
-0.750
-1.203
-0.793
-1.224
-1.301
-1.934
-1.334
-1.377
-0.965
 0.330
-1.022
-0.940
 0.239
-0.928
-0.652
-0.943
-0.369
-0.801
-0.550
-1.217
-2.721
-0.708
 0.201
-0.599
-0.765
-0.183
-1.585
 0.938
-0.773
-2.034
-0.788
-0.157
-0.931
 0.085
-1.756
-0.770
-0.657
-0.981
 0.364
-0.064
-0.002
 0.498
-0.530
-0.799
 0.762
-0.132
-2.216
-0.956
 0.078
 0.318
-0.300
-0.057
-0.620
-1.540
 0.044
-0.242
-0.763
-0.230
-0.521
-0.531
-1.889
-1.126
-0.534
-0.688
 0.370
-0.369
 0.223
 0.198
 0.064
-0.497
-0.152
 0.728
-0.006
-0.428
 0.230
-1.147
-0.818
 0.418
 0.460
 0.334
 0.105
 0.729
 0.039
 0.393
 1.284
 0.840
-0.222
 0.254
-0.341
 0.058
 0.243
-0.331
-0.725
-0.373
 0.342
 0.188
-0.399
-0.544
-1.061
 0.779
-0.759
 0.149
 1.114
 1.092
 0.082
-0.911
 1.240
-0.256
 0.848
 0.173
-0.335
 0.942
 0.979
 0.450
 0.343
 0.094
 0.018
 0.038
 0.500
 0.651
-1.158
-0.353
-0.176
 0.237
 0.253
-1.076
 0.991
 0.470
 0.294
-0.530
-0.111
-1.237
-0.742
-1.228
-1.077
 0.231
-0.383
-0.317
-0.449
 0.993
-0.183
 0.470
-0.476
-0.627
 1.383
-0.834
 0.185
 0.721
 1.494
 0.157
-0.753
 0.217
-0.621
-0.813
-0.787
-0.963
 0.043
-0.037
 0.162
-0.694
-1.310
 0.081
-1.281
-1.736
 0.167
 0.505
 0.043
 0.112
-1.063
 1.125
 0.721
-0.682
-1.136
 0.176
-0.639
-0.527
-2.064
-1.389
 0.189
-0.229
-0.705
-0.952
-1.609
-1.327
-0.640
 0.880
-0.622
-0.638
-0.467
-1.359
-1.477
-1.554
 0.052
-0.180
-1.123
 0.942
-0.093
-1.211
-0.180
-0.476
-0.352
 2.048
 1.787
 0.304
 1.048
-0.236
-0.793
 0.135
-0.485
 0.189
 0.828
-0.758
 0.181
-0.764
-1.190
-0.023
-0.280
-1.578
-1.964
-0.838
-1.240
 0.262
 1.872
 1.046
 1.100
 0.462
 1.955
 1.863
-0.514
-0.192
-0.577
-0.747
 0.079
-1.778
-1.040
-1.906
-0.385
-1.540
-1.310
-0.281
-0.920
-1.142
-0.132
 0.335
 0.317
-0.569
-0.378
-1.550
-1.088
-0.771
-0.236
-0.988
 0.353
-0.131
-0.906
-2.365
-0.062
 0.918
-0.164
-0.586
-0.175
-1.168
-0.660
 0.228
-0.269
-1.777
-0.106
-0.143
-0.408
-0.669
-0.453
-0.599
-0.396
-1.193
-0.026
-0.482
-0.391
-0.831
-0.192
-0.787
-0.138
-0.151
 0.004
-0.920
 0.801
-1.227
-1.874
-1.036
-1.080
-1.956
-1.369
 1.249
 0.197
 0.892
 1.058
 0.180
 0.620
-1.084
-0.659
 0.557
 0.282
-0.045
-1.969
-1.548
-0.881
-1.772
-0.550
-1.735
-1.882
-1.440
-2.452
-2.944
-2.110
 0.104
 0.057
 0.218
-2.259
-1.317
 0.058
 1.374
 1.698
 0.374
 0.782
-1.214
-0.843
-0.083
-0.145
 0.619
 0.799
 1.183
-1.062
 0.325
 0.471
 1.333
 0.994
 0.754
 0.906
-1.157
 0.590
 0.880
 0.811
-0.212
 1.600
 2.050
 0.839
 0.749
 0.520
 0.838
 0.896
-1.783
 0.896
 0.672
 0.581
-0.468
-0.414
 0.311
-0.613
 1.607
 0.650
 0.271
 1.322
 1.873
 0.876
 0.412
 0.847
 0.373
 0.650
 0.431
 0.024
 1.060
 0.004
 0.000
-0.020
 0.123
-0.341
-0.344
 1.089
-0.190
 0.608
 0.076
 1.224
 1.946
 0.983
 0.604
 1.580
 1.664
 0.398
-0.026
 1.276
 1.076
 0.680
 0.221
-0.078
-0.842
 0.672
-0.981
 0.997
 0.535
-0.051
 1.771
 0.208
 2.087
 2.163
 0.032
 1.408
 1.697
 0.625
 2.064
 1.297
 1.519
 1.191
 0.770
 1.222
-0.219
 1.621
 1.368
 0.263
 1.763
 0.803
 0.763
 2.573
 1.434
 0.746
 0.586
 1.278
 0.019
 0.778
 1.036
 0.299
-0.034
 0.166
-0.146
-0.067
 0.015
-0.174
-0.472
 0.572
-0.750
 0.439
-0.923
-1.197
 0.357
 0.010
-0.752
 0.453
 0.343
-0.195
 0.177
-0.691
-0.436
-1.556
 0.704
 1.616
-0.277
 0.958
-0.266
-1.108
 0.445
 0.431
-0.146
-0.244
-0.963
-0.456
-1.617
-0.161
 0.134
-0.545
-0.040
-1.224
 0.115
-0.188
 1.056
 0.217
-0.968
-1.758
-0.415
 0.107
-0.697
-1.269
 0.313
-0.153
 1.219
-0.175
 0.301
 1.031
 0.054
 0.195
-0.393
 0.185
 0.634
 0.909
 0.520
-0.273
 0.934
-0.316
 0.750
 0.048
 0.460
 0.032
 1.280
 1.709
 2.278
 0.466
-0.016
 2.075
 1.602
 1.669
 0.166
 0.695
 0.086
 0.409
 0.628
 0.178
 1.380
 1.214
 1.471
 0.430
 0.703
-0.139
-1.891
-0.106
-1.334
 0.755
 0.499
 0.479
-0.422
 0.492
-0.570
-0.205
-0.750
-0.367
-0.885
-0.372
 1.723
 0.083
-0.171
-1.019
 0.398
 0.709
 0.420
 0.426
-0.181
 1.417
-1.025
-1.230
-1.339
-0.738
-0.403
-0.758
 1.235
 1.292
 0.812
 0.154
-0.821
 1.716
-0.055
 0.258
 1.333
 0.761
-1.381
-0.790
 0.138
 1.065
-0.232
-1.230
-1.869
 0.557
 0.124
-0.843
-0.342
-0.337
-1.640
-0.689
-1.640
 1.473
 1.748
 0.693
-0.681
 1.682
-0.792
 0.120
-0.534
 0.636
 2.605
 1.078
 0.929
 1.905
 0.568
 0.967
 0.534
 0.792
-0.002
 0.816
 0.872
 0.000
-0.327
 0.676
-1.025
 0.404
-0.133
-0.187
-0.283
-0.309
 0.361
 1.723
 0.973
 0.265
-2.108
-0.841
-2.183
-0.882
-1.619
-0.135
-0.935
-0.401
-0.835
-1.752
-1.388
-0.700
 0.343
-0.283
-0.665
-0.842
-1.144
-2.296
 0.382
 0.094
 0.365
 0.710
 0.305
 0.899
 0.620
 0.505
 0.263
 0.859
 0.328
-0.108
-0.818
 0.740
-2.045
-1.665
 0.223
 2.074
 1.353
 0.061
 0.321
-0.048
-0.188
-0.557
 0.198
-0.573
-0.810
-1.443
-1.436
-1.358
-1.000
-0.503
 0.704
 0.020
 0.540
-1.002
-0.309
 0.796
 0.096
-0.326
 0.187
-0.202
-0.257
 0.922
-0.342
-0.146
 0.879
 0.254
 1.314
-0.949
 0.241
 0.971
 0.732
 1.211
 0.072
 1.936
-0.624
-1.149
 0.045
-0.203
 1.406
 1.524
 0.559
 1.728
 1.342
 1.667
-0.318
 1.158
 2.276
 2.775
 0.893
 1.134
 0.924
 1.077
 0.368
 0.224
 1.112
 0.160
 0.107
 0.844
 1.141
 1.189
 1.945
 1.737
 2.196
 0.688
 0.074
 1.453
 0.550
-0.567
 0.077
 0.425
-1.691
 0.509
 0.747
 0.551
-0.320
-2.330
-1.021
-1.431
-1.248
 0.148
-0.336
-0.003
-0.656
-0.414
-1.154
 0.483
 0.821
-0.884
 0.722
-0.036
-0.705
-1.199
-2.099
-3.191
-0.395
-0.580
-0.163
 0.123
-1.088
-1.050
 0.257
 1.594
 0.294
 0.113
 0.347
 1.558
-0.191
 1.408
-0.555
-0.757
-0.320
-0.669
-1.095
-0.113
-1.348
-0.970
-1.509
-0.765
-0.610
-0.516
-0.416
-1.535
-1.329
 0.548
 1.356
-0.953
 0.520
-2.038
-1.466
-0.649
-0.169
 0.972
 0.750
 0.288
 0.558
-0.306
-0.319
 0.304
-1.135
-0.799
-0.112
-1.411
 0.412
-1.739
-1.327
-1.476
-1.298
-0.928
-0.093
 0.245
-0.352
 0.246
 0.026
-2.075
-1.564
-0.486
 0.845
-0.333
-0.374
 0.470
 0.522
 0.899
 1.513
 0.467
 0.702
-0.576
-0.741
-0.118
-0.763
 0.357
-0.434
 1.201
-0.228
 1.280
 1.126
-1.275
 0.896
-0.623
-0.471
 1.423
 0.614
-0.465
 0.241
-1.087
-1.611
-0.452
-0.324
-0.165
 0.237
 0.466
-0.284
 0.033
-0.467
 1.922
-0.049
 0.564
 0.269
 1.154
 0.781
-0.164
-0.637
 0.403
-2.252
-0.283
-0.813
-0.341
-0.381
 0.732
 0.003
-1.827
-0.404
-0.680
 0.564
 0.276
 1.400
 0.502
-0.188
 1.365
 2.164
-0.723
 1.018
 0.792
-0.274
-0.852
 0.129
-0.243
 0.363
 0.395
-0.101
 1.453
 0.177
 1.334
 0.742
 0.448
 0.228
-1.045
-0.201
 0.484
 0.088
 1.045
 0.657
 0.886
-0.151
-1.461
-0.016
-1.679
-1.383
-0.973
-1.028
 0.147
 0.214
-0.074
-0.322
 0.079
 0.754
 0.413
 0.372
 0.722
-0.179
-1.424
 0.307
-0.380
 1.027
-0.980
-1.009
-0.821
-2.099
-1.642
-0.081
-0.629
-1.472
-1.160
-0.901
-0.115
-0.518
-0.566
 0.003
-2.973
 0.140
-1.858
-1.031
-0.600
-0.576
-2.036
-1.090
-1.247
-0.286
 0.654
-0.849
-0.601
 0.001
-0.736
 0.187
 0.109
-1.072
 0.424
-0.813
 0.153
 0.397
-1.268
-0.496
-0.694
-0.666
-1.541
-1.141
 0.471
-0.875
-0.022
-0.784
-0.258
-1.312
-1.804
-0.745
 0.335
-0.115
-0.914
-0.938
-1.070
 0.044
-2.014
-1.003
-0.437
-1.356
-1.161
-1.130
 0.395
-0.654
-0.249
-0.135
-0.568
-0.288
-0.716
-0.939
-0.015
-1.962
-2.735
-1.242
-1.806
-0.991
-0.640
-0.298
-1.106
-1.104
-0.294
-0.226
-0.436
-0.587
-1.043
-1.525
-0.224
-1.214
 0.067
 0.403
 0.258
-0.360
 0.109
-0.144
-0.039
 1.004
 0.291
-0.208
-0.843
 1.690
 0.754
 1.775
-0.957
 0.287
-0.844
-0.353
-1.418
 0.449
-0.626
-0.032
 0.347
-0.042
 0.063
 0.096
-0.508
-0.741
 0.353
 0.676
 0.527
-0.293
 0.062
-0.701
-1.268
 0.065
-0.431
-0.814
-1.050
-2.134
-0.487
-0.999
-0.588
-0.473
 0.325
-0.627
 0.160
 0.273
-0.040
-0.098
-0.462
-1.642
-1.228
-1.867
-1.147
-0.432
-1.043
-1.508
 0.273
 0.611
 0.679
 0.156
 0.363
 0.071
-0.677
-1.083
-0.107
-0.053
 0.813
 0.196
 0.959
 0.613
 0.558
 0.507
 1.251
 0.389
 0.450
-0.870
 0.899
-1.513
-0.893
-0.505
-2.563
-0.297
-1.633
-0.849
-1.759
-1.368
-1.161
-0.924
-1.371
-2.297
-2.054
-1.328
-1.358
-1.820
-1.465
-0.956
-0.328
-1.281
-1.031
-1.005
-0.926
 0.049
-0.492
-1.184
 0.209
-1.194
-0.432
 0.939
-1.420
-1.417
-1.746
-2.679
-1.553
-1.160
-2.292
-3.603
-2.415
-0.221
-1.814
-4.022
-3.069
-1.103
-2.584
-1.166
-1.243
-1.037
-1.043
-1.696
-1.513
-0.798
-2.089
-1.415
-0.996
-0.363
 0.601
-1.328
 0.726
-0.178
-0.730
-0.833
-2.062
-0.302
 0.217
-0.206
 0.111
 0.022
-0.009
-1.592
-0.769
-0.520
-1.584
-1.913
-1.183
 0.126
 0.262
 0.376
-0.865
-1.431
-0.494
-1.738
-0.573
-0.252
-0.064
 0.399
 0.797
-0.085
 0.944
-0.974
 0.076
-0.650
-0.834
-1.492
-0.651
-0.828
-0.073
-0.007
-0.422
 0.885
-0.377
 0.444
-0.922
 1.148
 0.470
 1.415
 1.880
 0.114
-1.181
 0.080
 0.945
-0.788
-1.464
 0.760
-0.937
-1.435
 0.247
-0.195
-0.005
 0.646
 0.529
 0.258
-0.607
 0.704
-0.933
 0.555
 0.018
 0.112
 1.934
-0.755
-1.493
-1.699
-0.225
 0.380
 1.089
 0.758
 0.773
 0.668
 1.394
 0.014
-0.381
-0.278
 0.269
 0.101
-0.133
-0.734
 0.302
 1.301
-0.227
-0.971
-0.184
 0.253
-0.274
 0.544
 1.797
 1.763
 0.227
 0.696
-0.365
 0.587
 0.134
 1.544
 0.485
 1.468
 1.135
 1.401
-0.090
 1.158
 0.358
 0.578
 0.303
-0.873
 0.122
 0.241
 0.863
 0.669
 1.771
 1.046
 1.196
-0.034
-1.572
 0.276
-0.062
-0.872
-0.107
 0.299
-0.097
-0.044
-1.593
-1.319
-1.163
-0.915
-0.611
 1.386
 0.745
-0.180
-1.666
-0.665
-2.737
-1.353
 0.044
-0.357
-1.090
-1.432
-1.149
-0.766
-0.582
 0.569
-1.482
-0.701
-0.228
-1.256
 0.356
 1.330
 0.341
-0.109
 0.081
-0.003
-2.279
-1.708
-1.518
-0.823
-0.457
-1.033
-1.399
 0.199
 0.511
 0.916
 1.238
 0.255
-1.522
-1.594
-0.051
 0.940
-0.690
-0.871
-0.801
 0.807
 0.402
 1.747
-0.775
-1.258
-0.790
-1.741
-0.258
-0.390
-0.828
-2.137
-0.988
 0.968
 1.344
-0.784
-1.333
-2.505
-1.280
-0.507
-2.012
-1.933
-1.836
-0.920
-1.567
-0.867
-1.219
-1.005
-0.787
-0.533
-0.008
 0.139
 0.294
-0.965
-0.476
-0.683
-0.336
-0.098
-0.904
 1.005
-0.708
-0.742
 0.430
 1.170
 0.247
-1.093
-0.638
-0.086
 0.448
-0.046
-0.864
-0.846
-0.310
-0.252
-1.354
-0.835
-1.104
 0.050
-0.630
-0.645
-1.020
-1.761
-0.072
-1.646
-0.031
 0.083
-1.407
-0.735
 0.236
-0.468
 0.543
 0.489
 0.244
-0.509
-1.683
-1.068
-1.489
-2.202
-0.595
-1.343
-0.411
-0.676
-0.498
-0.946
 0.303
 0.146
-0.497
-1.353
 0.029
 0.220
 0.499
-0.431
-0.077
 0.189
-1.069
-1.243
 0.245
-0.178
 0.296
-0.575
-0.685
-0.583
-0.485
-1.313
-0.571
-1.068
-0.885
-0.810
-1.349
 0.014
-0.304
-0.292
-1.761
-0.486
-1.419
-1.642
-0.529
-2.134
-0.941
-0.543
-1.371
-1.452
-0.886
-0.524
-0.187
-2.344
-0.910
-0.594
 0.329
 0.580
 0.906
-0.448
 0.435
-0.723
 1.263
-0.157
 0.960
 0.035
-0.087
-0.063
 0.018
-0.182
 0.106
-0.059
-0.813
 0.125
-0.313
-1.188
-1.191
 0.628
 0.045
-1.968
-1.078
 0.080
-0.065
-1.006
-0.302
-2.005
-1.739
-2.232
-1.337
-0.711
-0.765
-0.655
-1.090
-0.815
-0.681
 0.248
 0.531
 1.501
 0.045
 0.545
-1.730
-1.735
-0.568
 0.090
-0.902
-0.644
-0.728
-0.295
-0.866
-1.158
 0.221
 0.326
-1.521
 0.605
 0.847
 1.353
 0.754
-0.321
-0.962
-0.484
 0.092
-0.399
 0.110
-0.722
-0.335
 0.607
 0.799
-1.374
 0.041
-1.186
 0.117
 0.310
 0.206
-0.385
-0.924
 0.621
-0.246
-0.375
-0.702
 0.431
 1.148
 1.486
 0.651
-0.605
-1.140
-0.437
-0.138
-0.126
 0.414
-0.430
 0.437
-0.152
-0.083
 0.954
 0.651
 1.987
-0.604
 1.458
 1.033
 1.873
-0.277
 1.605
 1.790
 0.423
 0.320
 0.906
 0.841
 0.337
 0.922
 1.826
 0.228
 0.009
-0.244
 0.380
-0.219
-0.132
-0.045
-0.046
-0.135
-0.078
-0.074
-0.956
-1.057
-1.428
-1.668
-0.492
 0.072
-0.110
-0.298
-1.660
-1.378
-0.432
-0.939
-0.834
-1.217
-0.755
-1.298
-2.245
 0.105
 0.234
-0.728
 0.162
-0.539
-0.857
-0.263
-0.204
 0.799
 0.496
-0.563
-0.271
 0.544
 0.818
-0.782
 1.153
 0.749
-0.508
-1.359
-0.350
 0.024
-0.791
 0.075
-0.829
-0.696
-0.463
-1.169
-0.320
 0.233
 0.770
 0.919
 1.396
-0.213
 0.816
-0.468
-0.206
 0.994
-0.005
-1.514
 0.146
-1.499
 0.646
-0.143
-0.466
 0.146
 0.379
 0.691
 0.592
 0.893
 1.210
 0.361
-0.161
-0.427
 0.352
 0.049
 0.078
-0.409
 0.374
-0.248
 0.760
-0.059
-0.454
-0.239
 0.108
 1.389
-0.818
-0.231
-1.185
-1.840
-2.769
-2.008
 0.626
 0.396
-0.296
 0.074
 0.981
-0.098
 1.093
-0.262
-0.828
-0.283
-1.223
-0.692
-1.556
-0.163
 0.600
 0.052
-0.368
 0.338
 1.488
 0.703
 0.542
-0.959
-0.593
 0.478
-1.798
-0.575
-1.912
-0.218
 0.039
-1.422
-0.293
 0.750
 1.464
-0.592
 0.176
 0.475
 1.092
 0.954
 1.111
 0.082
-0.286
 1.584
 0.158
 0.424
 1.456
 1.219
 0.505
-1.984
-1.532
 0.054
 1.716
 0.216
 0.223
 0.044
 0.196
 0.278
-0.112
-0.639
 0.814
 1.607
-0.353
-0.430
 1.133
 0.463
-0.252
 0.980
 0.021
 0.668
 2.713
 0.807
 1.718
 0.697
 1.824
 0.623
 0.891
 0.062
 1.525
 1.089
 0.973
 0.857
 1.796
 2.118
 2.418
 1.040
 0.070
 0.536
 0.759
 0.429
-0.047
 0.847
 2.259
 1.975
 1.303
-0.874
 0.664
-0.452
-0.415
-0.319
-0.205
 0.044
 0.723
 1.352
 0.749
-0.724
 1.956
 1.247
 0.648
 1.855
 0.954
-0.035
 1.491
 1.013
 1.090
 1.150
 1.987
 1.112
 0.135
 1.073
 0.744
 0.022
 1.418
 0.729
-0.078
 0.551
 0.899
 1.242
 0.855
 0.951
-0.104
-0.918
 0.838
-0.221
 0.543
 0.676
-0.910
 1.217
 0.310
-0.545
 1.530
 1.236
 0.329
 1.082
-0.285
-0.369
 0.177
-2.195
-0.641
-0.082
-0.912
 1.083
 0.811
-0.255
-0.962
-0.801
 0.007
-0.533
 0.630
-0.441
 0.039
-0.332
-0.748
-0.376
-0.696
-0.632
 1.384
 1.274
 1.119
 0.297
-0.396
-0.012
 1.002
 0.493
 1.037
 0.253
-1.045
-0.116
-0.417
-0.029
-1.333
-0.728
-0.953
 0.337
-0.046
 0.197
 0.858
 0.439
 1.065
 1.518
-0.533
 1.896
 0.148
 2.084
-0.199
-0.559
-0.700
-0.399
-1.936
 0.662
-0.791
-1.193
-0.209
 0.362
 1.434
 0.966
 0.288
-0.032
-0.448
 0.560
 1.278
 1.197
-0.337
-1.090
 0.058
 1.378
 0.875
 0.024
 0.296
 0.835
-0.278
-0.858
 0.345
 0.616
 0.392
 0.415
-0.345
-0.613
-0.125
 0.159
 0.332
 0.506
-1.696
-0.398
 1.621
 1.890
 1.418
-0.073
-0.412
-0.677
-0.593
-0.480
 0.751
 0.824
 0.710
-0.320
 0.434
-1.010
-1.536
-0.842
-0.433
-0.978
 0.186
-0.234
 0.556
 0.206
 0.565
 0.448
 0.904
 0.205
 0.030
 0.915
 0.276
 0.351
 0.633
 0.977
 1.897
 1.345
 2.701
 0.924
-0.399
 0.093
 1.326
 0.773
-0.890
-0.013
 1.164
 0.331
 0.117
-0.355
-1.736
-1.415
-0.264
-0.615
-0.751
 0.257
-0.159
-0.794
 0.525
 1.365
 0.737
-0.326
-0.220
 0.099
 0.451
 1.170
 0.857
 1.029
 1.742
 0.322
 1.041
 1.288
 1.137
 1.148
 1.173
 0.522
 0.898
 0.415
 1.185
 1.474
-0.493
 1.193
 0.136
 0.093
 0.518
-0.150
 0.998
 0.445
-0.519
 0.181
-0.505
 0.406
-1.094
 1.650
 0.221
 0.871
-0.026
 1.444
-0.167
 0.745
 1.291
 1.600
 0.400
-0.532
-1.060
 0.093
 1.545
 1.491
-0.358
 0.074
 1.204
 0.472
 0.995
-0.904
 0.071
-0.725
-0.218
-0.173
 0.455
-0.729
-0.498
-0.080
-0.648
 0.682
 0.392
 0.737
-0.637
 0.056
 0.049
 0.240
 0.208
 0.476
-0.055
-1.018
 0.227
-0.814
 0.334
-0.612
 0.129
-0.482
-0.074
 0.751
 0.611
 1.165
-0.069
 0.563
 0.438
-0.671
 0.163
 1.407
-0.784
-0.302
 0.708
 0.354
 0.199
 0.104
-1.425
-0.311
 0.059
-1.451
-0.854
 0.661
-0.677
-1.272
-0.845
-0.756
-0.550
-2.068
-0.566
-2.161
-0.656
-2.016
-2.162
-0.910
-2.360
-0.296
-1.040
-0.102
-1.122
-0.370
-0.421
-0.754
 0.895
-1.674
-0.868
-1.471
 0.046
 0.546
-0.710
-0.931
-0.619
 0.305
 1.356
-1.459
 1.042
 0.995
 1.316
 1.458
 1.093
 0.723
-0.011
 0.428
-0.067
 1.336
-0.116
 1.622
 0.167
 0.171
 0.181
-1.083
-0.341
-1.367
-0.566
-0.870
 0.164
 1.064
 0.427
 1.261
 1.199
-0.120
-1.501
-1.169
 0.383
-0.919
-0.107
-0.131
-0.283
-0.699
-1.478
-0.033
 0.101
 1.097
 0.080
-0.070
 1.189
 0.767
 0.652
 0.036
-0.121
-0.448
-1.399
-0.716
-0.030
-0.108
 0.027
 0.320
 1.460
 0.309
-0.680
 0.828
 0.963
-0.982
 1.190
-0.987
-0.015
-1.140
-0.648
 0.333
 0.750
 1.395
 0.599
-0.138
-0.008
-0.751
 1.338
 0.441
 0.736
 0.200
 0.194
-0.213
 0.605
 0.597
 1.074
 0.304
 0.699
-0.116
 1.394
 1.311
 1.217
-0.761
 0.978
 2.226
 1.023
 1.939
 0.058
 1.753
 0.422
 0.354
 1.763
 1.104
 1.408
 0.200
 0.946
 0.225
 1.649
 0.804
-0.295
 0.164
-0.722
 0.613
 0.604
-0.118
-0.320
 0.680
 0.890
 0.009
 0.295
-0.098
-1.334
-1.023
-0.719
-0.714
-0.615
 0.718
-0.068
 0.595
 0.077
 0.915
 0.284
 1.856
-0.393
 0.832
 0.015
-0.221
 0.216
 0.155
 1.014
 0.353
 1.246
-0.437
 1.180
 1.876
-1.006
 0.199
-0.913
 0.056
 0.096
-0.025
-0.077
 0.309
-1.027
 0.912
-0.405
 0.393
-0.247
 0.394
 0.051
 0.230
-0.113
 1.096
 1.213
-0.584
-0.674
-0.067
 0.203
-0.070
-0.768
-0.485
 1.600
 2.526
 1.388
 1.397
 1.336
-0.297
-1.489
-0.238
 1.832
 1.181
 2.121
 1.294
 1.464
-0.508
 0.231
 1.748
 2.746
 1.365
-0.496
-0.199
-0.918
 2.481
 1.826
 1.041
 0.001
 1.113
 0.977
 0.233
-0.792
-1.371
 1.213
 1.815
-0.067
-0.067
 0.672
 0.726
 1.723
 0.606
-0.287
-1.165
-1.543
 0.307
 0.225
-0.592
-0.633
 1.326
 1.935
-0.079
-0.512
 2.029
 2.104
 1.173
 0.155
 1.200
 1.558
 1.130
 1.595
 1.051
 1.087
 0.838
 1.442
 2.629
 2.413
 1.323
 1.724
 2.253
 0.073
-0.042
 0.995
 0.873
 2.701
 1.922
 1.433
 1.973
 1.027
 1.105
 2.114
 1.036
-0.437
 0.190
-0.510
 0.215
 0.822
 2.367
 1.688
 1.627
 1.544
 0.829
 0.230
 1.286
 1.342
 0.947
-0.804
-1.125
-0.234
-1.925
 0.897
 1.360
 0.428
 1.218
 0.914
 1.431
 1.594
 1.178
 0.060
-1.068
 0.783
 1.589
 2.085
 0.709
 0.433
 0.164
 0.437
 1.243
 0.530
 0.704
 2.025
 0.304
 1.012
-0.263
-0.099
 0.576
 0.435
 0.929
 0.710
-0.346
 1.029
 0.622
 0.485
 0.085
 1.206
 0.148
 0.163
-0.619
 1.192
-0.284
 0.930
-0.296
-0.287
 0.744
 0.699
 0.192
 2.006
 2.016
 0.946
 0.569
 0.971
 0.186
 0.091
 1.871
 1.007
 0.941
 1.709
 0.296
 0.407
 0.197
-0.500
 1.090
-0.186
 0.461
-1.051
 0.602
 1.547
 2.902
 0.797
 0.754
 0.500
-0.996
 1.837
 1.804
 1.751
 0.156
 0.075
 1.464
-0.507
-0.159
-0.457
-0.418
 0.090
-0.522
-0.764
-0.408
 0.301
-0.604
 0.213
 1.057
 1.444
 1.635
 0.672
 1.023
-1.011
 0.592
-0.475
 0.386
 0.564
 1.596
 0.816
 0.313
 0.083
-0.273
-0.325
 0.381
-0.506
-0.810
-0.383
-0.016
 0.158
 0.306
 0.662
 0.860
 2.596
 0.122
-0.266
 1.198
 0.161
 0.858
 0.957
 1.326
 0.136
 1.735
-0.448
-0.102
 0.656
-2.232
-1.587
-0.516
 0.154
-0.486
-0.354
-1.036
-1.566
-0.794
 0.568
 0.501
 0.840
 1.666
-1.160
 0.110
-0.771
-0.252
 0.858
-0.523
 0.047
 0.310
 0.413
 0.722
 0.959
 1.349
 1.916
-0.142
 0.232
-0.029
 0.365
 1.256
 0.617
 0.479
-0.059
 0.590
-0.043
 0.265
 0.444
-0.751
-0.188
 0.719
 1.358
 2.110
 0.952
 2.038
 0.941
 0.162
 1.119
-0.024
 1.181
 0.627
 1.092
 0.793
 0.120
-0.084
-0.344
 0.258
 0.691
-0.455
-0.074
 0.734
 2.324
 1.336
 1.442
 1.282
-0.656
-0.078
-0.434
 1.014
 1.733
 1.608
-0.601
 0.519
 1.720
 1.697
 0.896
 0.838
 1.030
 1.293
 1.207
 1.977
 1.799
 0.765
 1.061
 2.169
 1.457
-0.371
 0.388
-0.266
 0.012
 0.539
 1.839
-0.686
-0.845
-1.064
-1.046
-0.093
 0.156
 0.807
 1.130
-0.286
-0.906
 0.235
 1.189
 2.171
 1.265
 0.112
 0.758
 0.843
 0.549
-0.240
 0.195
-0.443
 0.798
-0.578
 0.974
 0.825
-0.915
-1.123
-2.411
 0.660
 0.279
 1.888
 2.203
 0.204
 1.652
 2.363
 1.300
 0.671
 0.077
 2.065
 0.669
 2.683
 1.123
 1.114
 1.291
-0.034
 1.003
 0.717
 2.083
 1.756
 1.510
 1.261
 0.941
 1.363
 1.235
 0.696
 1.881
 0.323
 0.873
-0.018
 0.060
-0.317
 0.546
 1.180
-1.251
 1.252
 0.507
 0.427
 0.483
 0.030
 0.721
 0.286
-1.034
 0.184
 1.660
 0.654
 0.417
-0.084
-0.957
-0.896
 0.751
 0.959
 0.779
 0.334
 0.138
-0.607
 0.667
 0.745
-1.288
-0.170
 0.163
-0.988
-1.587
-0.801
-0.070
 0.526
-0.526
-0.390
-1.235
-1.989
-0.525
 0.879
 0.749
 0.775
-0.887
-1.530
-0.194
-0.554
 0.650
-0.276
-1.463
-1.666
 0.467
 1.418
-0.281
 0.176
-0.588
 1.109
 0.822
 0.702
 0.520
-1.087
 1.087
 0.344
-1.290
-0.389
 0.262
 0.669
 0.880
 0.220
-1.359
-0.021
 0.861
 0.903
 1.948
 1.386
-0.317
 0.430
-0.903
-1.542
 0.840
 0.410
-0.213
-1.557
-0.403
-1.158
-1.046
-1.260
-1.583
 0.090
-0.083
 1.093
 0.075
-0.631
-0.623
-0.392
 0.642
 0.023
-0.250
 1.418
 0.444
-0.898
-0.587
-0.066
-0.487
-0.582
 1.104
 1.377
 1.272
 1.564
 2.591
 0.689
 0.282
 1.216
 0.841
 1.057
-0.002
 0.009
-1.602
-1.517
 0.329
 0.321
-1.350
-0.434
-1.412
-1.911
-2.892
-1.240
-0.593
-1.202
-1.351
-3.466
-0.168
 0.239
-1.307
-1.579
-1.694
-0.576
 0.058
 0.702
 0.595
 0.269
-1.327
-1.386
-2.463
-0.074
 0.448
 0.433
 1.263
 0.640
 1.030
 0.700
-1.456
-2.368
-0.288
-0.305
-0.725
-1.730
-0.885
 0.021
 0.577
 0.324
-0.902
 1.101
 0.560
 1.290
 0.087
 0.799
 0.706
 1.999
 0.646
 0.250
-0.694
-0.475
-1.932
-1.243
-0.246
 0.960
 0.999
 0.152
-0.999
-1.049
-1.490
-0.329
-1.032
 0.802
 0.481
 0.320
-0.897
 1.076
 0.237
-0.306
-0.675
 1.184
 0.742
 0.296
-0.599
 0.019
 0.249
 0.723
-0.115
-0.946
-0.375
-0.586
-1.108
-0.693
-0.061
-0.176
 0.222
 0.090
 0.000
 0.370
-1.315
-1.311
 0.492
 0.514
-0.846
-2.357
 0.637
 0.984
 0.850
-1.285
 0.606
 0.452
 0.940
 1.337
 0.036
-0.938
 0.033
-1.171
-1.653
-2.327
-0.847
-2.628
-0.274
-0.691
-1.466
-1.883
-1.877
-0.295
-0.799
-0.715
 0.596
 0.149
-0.614
-0.065
 0.281
-0.488
-1.034
 0.153
-0.246
-0.389
-0.558
 1.659
 0.884
-0.118
 0.491
-0.124
 0.106
-0.981
 0.089
 1.105
 0.628
-0.907
 0.724
-1.330
-0.038
-0.358
-1.148
 0.194
-1.265
 0.911
 1.281
-0.930
-1.100
-0.307
-0.481
-0.553
-0.269
-0.399
 1.062
 1.559
-0.673
-0.370
 1.107
 1.340
-0.270
-1.195
 0.748
 0.053
-0.515
-0.367
-0.611
 0.497
-0.266
 0.512
-0.199
-0.550
-0.082
-1.128
 0.129
-0.485
-0.244
 2.729
-0.287
 0.855
 0.942
 0.838
-0.268
 0.109
 1.327
-0.157
-0.638
-0.799
 0.863
-0.118
-0.576
 0.038
 0.256
 0.177
-0.096
 0.166
-0.587
-0.277
 0.601
-0.178
-0.104
 0.642
-0.080
-1.375
-0.094
 0.701
-0.522
 1.513
 2.271
-0.310
-0.126
 0.844
 1.636
 0.864
 1.599
 0.444
-0.669
-0.935
-0.355
 0.664
-1.061
-1.036
-0.871
 0.386
 1.297
 0.544
 0.117
 1.921
-0.211
 0.598
 2.622
 1.185
 2.705
-0.317
 0.060
 0.469
 1.574
 0.685
 1.002
 1.769
 0.401
 2.232
 0.915
 1.304
 0.936
-0.144
 0.718
-0.850
-1.495
-1.942
-0.323
 0.121
 0.157
 0.912
 0.741
-0.647
-1.043
 0.471
 0.297
-0.645
-0.787
-0.638
-0.695
-0.500
-0.285
-0.187
 0.847
 0.457
 2.296
 0.454
 1.168
-0.176
-0.690
-0.644
-0.257
 0.154
 0.186
-0.924
-1.243
-0.990
-0.488
 0.130
 0.448
 1.543
 1.283
-0.250
 1.150
 0.535
 0.927
 0.035
 0.110
-1.168
-1.085
 0.229
-1.094
-2.132
-1.335
 0.593
-0.254
-0.696
 0.967
-0.674
-0.279
-0.181
-0.043
 0.200
-1.038
 0.926
 0.256
 1.088
-0.760
-0.064
-0.392
-0.954
-1.750
 0.380
 1.513
 0.993
 0.603
 0.101
-0.222
 0.895
-0.394
 0.002
 0.671
 0.972
 0.809
 1.871
 0.573
 0.395
 1.238
-0.151
 0.782
 0.351
 0.002
-0.873
-1.117
-1.487
 0.310
-0.165
-1.219
-1.154
-0.853
-0.234
-0.305
-0.323
 0.374
 0.587
 1.478
 0.843
 0.075
-0.736
-0.675
-1.336
-1.134
-1.161
-0.735
 0.411
 0.508
 1.012
 0.115
-0.082
-1.106
-1.180
 0.068
-0.109
 1.573
-0.225
 0.894
 0.240
 0.369
-1.093
 0.271
 1.173
-1.023
 0.564
-0.528
 0.928
-0.084
-1.840
-1.133
 0.655
 0.842
-0.315
-0.496
 0.271
 0.507
 1.658
 0.075
 0.793
-0.179
-0.353
-0.239
 0.710
 0.578
 1.212
 2.072
 0.915
 2.251
 0.293
 0.109
-0.593
 0.753
 0.246
 1.993
 1.831
-0.321
-0.837
 0.333
-1.127
-1.837
-0.973
-2.644
-1.508
-0.689
-1.592
-2.407
-0.922
-0.625
 0.753
-0.349
-1.193
 1.168
 1.230
-0.051
 1.229
 0.222
-0.373
 0.416
 1.328
-1.474
-0.410
-0.243
 0.684
-1.373
-1.682
-0.386
-0.320
-0.793
 0.552
-0.483
 1.332
 1.672
 0.335
 0.742
 1.013
 0.665
 0.111
-0.746
 0.291
 0.709
 0.896
 1.010
 1.076
-0.176
 1.170
 0.972
 0.166
-0.752
 1.308
 0.765
 0.718
 0.918
 1.180
-0.230
 0.147
 1.456
 1.091
 0.032
 2.310
 1.778
 0.820
 0.113
 0.028
-0.158
-0.931
 0.071
-0.061
-0.600
-1.554
-1.870
-1.799
-0.919
 0.316
-0.571
-2.427
-1.491
 0.156
 0.240
 0.788
-0.789
 2.164
 0.451
 0.882
 0.816
-0.125
 1.385
 0.811
 1.426
 1.074
 0.556
 0.483
 0.019
 0.906
 0.142
 0.362
-1.196
-0.947
-0.813
 1.427
-0.662
 0.946
 1.043
 0.630
 0.795
-1.305
 1.571
 0.530
 1.617
 0.907
-0.149
 0.185
 0.293
 0.003
 1.160
 0.153
-1.040
 0.286
 0.369
 1.516
 0.493
 1.009
-0.324
 0.087
 0.521
 1.284
 0.469
 1.055
 1.324
 0.954
 0.992
-0.047
 0.104
 1.671
 0.601
 0.284
 0.067
 1.711
 0.263
 0.782
-0.347
 1.132
 2.298
 0.841
 1.076
-0.755
-0.475
 1.469
 0.617
 1.426
 0.869
 0.883
-0.163
 0.890
 1.602
 1.265
 1.428
 0.459
 1.451
 0.274
 0.893
 2.020
 1.696
 0.034
 0.935
 0.225
-0.531
 1.394
 0.630
 0.354
 0.772
 0.236
 0.996
-0.249
 2.119
 1.665
 1.861
 1.571
 1.066
 1.004
 0.778
-0.202
 1.029
-0.588
-0.705
-0.871
 0.741
 1.603
 0.214
 0.130
-0.151
 0.303
 0.124
-0.008
-1.135
 0.676
-1.034
 0.482
 0.349
 1.223
 0.176
 0.599
 0.546
 0.599
 0.230
-0.680
-1.014
-0.909
-0.344
-0.033
-1.277
-0.140
 0.101
-0.965
-0.399
-0.387
 0.071
 1.005
-0.097
-1.330
-0.683
 0.613
-0.263
-0.919
 1.168
 0.192
 0.013
-0.094
 0.937
-0.173
 0.499
-1.155
 1.263
 0.339
 0.834
-0.550
 0.055
 0.746
 0.658
 0.036
 1.348
 2.483
 1.654
 1.054
 0.538
 0.159
-0.642
 0.162
 0.394
 0.194
-0.241
 1.064
 0.076
 0.728
 0.428
 1.258
 1.063
 1.157
 1.211
 0.241
-0.194
-0.099
-0.844
-0.149
-0.268
-0.100
 0.504
 0.457
-0.047
-0.273
 0.259
-0.539
-0.666
-0.911
 0.417
-0.049
 0.085
 0.457
 0.549
-0.445
-0.540
-0.776
 0.821
-0.640
 0.685
 1.158
 0.760
 0.484
-0.275
-0.074
-0.029
-0.077
 0.226
-0.312
-0.160
-0.085
 0.154
 1.994
 1.069
 1.118
 1.275
 0.190
 0.509
 1.436
 0.535
 1.084
 0.882
 0.801
 0.616
-0.926
-0.467
-0.580
-0.425
 0.477
-0.504
 0.068
-0.836
 0.844
 1.512
 0.965
 1.563
-0.327
-0.322
-0.501
 0.083
 0.206
 0.606
-0.102
-1.004
-0.083
 1.986
 1.203
 1.200
 0.795
 0.878
 0.896
-1.370
 0.441
 0.297
 1.244
-0.876
-0.415
-0.933
 0.116
 1.785
 0.218
 0.559
-0.792
 1.313
 0.489
 1.813
 2.361
 1.002
-0.793
-1.675
-0.100
 0.454
 0.523
 3.640
-0.187
-0.747
 1.186
 1.747
-0.591
-1.022
-0.313
 0.074
-0.665
 0.191
 0.640
-0.074
 0.466
 0.319
 0.278
 0.536
 0.099
-0.348
 0.031
-0.371
-0.776
 0.117
-0.502
-1.225
-0.730
-0.981
-0.883
-0.576
-1.356
-0.261
-1.246
-1.530
-1.512
-1.034
-0.173
-2.217
-1.531
-1.682
-0.402
-0.269
-0.051
-1.788
-0.393
 1.287
-0.186
-0.604
-1.167
-0.107
-0.357
-0.041
 1.493
 0.284
 0.768
 1.571
 0.355
 0.426
-0.462
 0.536
 1.594
 2.220
 0.857
-0.539
 1.177
 0.093
 0.104
 1.164
 0.757
 1.897
 1.170
 2.286
 1.181
 3.419
 1.699
-0.165
 1.424
-0.127
 0.174
 1.085
-0.053
 0.432
 0.346
-0.132
 1.043
 2.333
 0.836
 2.100
 0.343
 2.192
 1.644
-0.792
 0.216
 1.032
 0.990
 0.951
 0.179
 0.558
 0.618
 2.194
 1.179
 0.532
 1.533
 2.775
 2.525
 0.932
 1.945
 0.253
 1.164
 1.953
 1.920
 1.318
 1.920
 1.588
 1.642
-0.744
 0.996
 0.743
 0.441
-0.147
 0.768
 0.761
 0.672
 1.049
-0.064
-0.026
 0.203
 0.302
-1.083
 0.095
 0.362
 0.447
 1.042
 0.424
 0.330
 1.327
-1.014
 0.032
-0.637
-0.327
 0.932
 1.527
 1.182
 1.933
 1.962
 0.968
 1.498
 1.394
 0.690
 1.025
-0.428
 3.123
 1.347
-0.276
-1.056
 1.273
-0.391
-1.002
-0.214
-0.769
-0.727
 0.440
-0.471
-0.153
-0.171
 0.634
 0.029
 0.313
 0.139
-0.841
 0.352
-0.662
 1.344
 1.303
 1.429
-0.475
 0.200
 1.241
 0.035
 0.156
 0.016
 0.290
-0.597
 0.864
 1.646
-0.836
 0.560
 0.898
 1.434
 1.577
 0.258
 0.449
 0.621
 0.816
 0.827
 2.091
 1.904
 1.238
 1.974
 2.097
 0.606
 1.080
 0.762
-0.343
 0.644
 1.219
 1.160
 0.683
 0.311
 1.441
-0.118
 0.373
 1.112
 1.632
 1.746
 2.564
 3.648
 1.035
 1.586
-0.426
 0.620
 2.317
 2.167
 1.248
 1.149
 1.245
 1.976
 1.085
 2.555
 1.486
 0.078
-0.178
 0.163
 0.962
-0.156
 1.343
 1.637
 2.155
 0.181
 0.212
 0.777
 0.080
-0.067
 1.488
-0.440
 1.363
 1.211
 2.139
 0.648
-1.211
 0.478
-0.545
-0.223
 0.528
-0.717
-0.456
 0.288
 0.476
-0.096
-0.537
 1.378
 1.344
 1.090
 3.040
 2.079
 0.068
-1.407
-0.107
 1.177
 0.724
 0.403
-0.864
 0.418
-1.036
 0.187
-0.155
 0.447
-0.557
-2.189
-2.121
-1.236
-0.867
 0.307
-0.062
 0.406
-1.337
-0.977
-1.294
-0.575
-0.718
-1.040
-1.220
 0.175
-1.693
-1.507
-0.569
-0.212
 0.589
-0.039
 0.467
 0.548
 1.536
 1.054
 1.055
-0.102
 1.026
 0.807
 0.940
 1.012
 0.188
-0.264
-0.080
-0.047
 1.810
 0.078
 0.740
 1.354
-0.051
 0.860
 0.294
 0.894
 1.059
 0.734
 1.189
 0.211
 0.037
-0.201
-0.193
-0.290
-0.383
-0.969
 0.112
-0.194
 0.035
-0.634
-0.882
 0.299
 0.435
-1.538
-1.211
-0.068
-1.410
-2.833
-0.363
-1.774
-0.236
-1.023
-0.905
-0.884
-1.521
-2.932
-0.491
 0.139
-1.273
-0.939
-0.463
-0.426
 1.304
 0.384
 0.369
-0.548
-1.208
-0.619
 0.426
-0.261
-0.345
 0.386
-0.253
 0.786
 0.784
 1.772
 0.968
 0.321
 0.929
 1.631
 0.956
-0.146
 0.142
 0.321
 0.294
 0.552
 0.378
 1.003
 0.480
 0.195
 0.134
-0.249
-0.117
 0.422
-0.162
-0.179
-0.497
 0.534
-0.018
 1.844
-0.114
-0.194
 0.542
-0.620
-0.422
-0.315
-0.585
 1.626
 0.994
 0.500
 1.804
 1.985
 1.640
 1.493
 0.905
 1.141
 0.617
 1.731
 1.119
 0.451
-0.413
 0.702
 0.045
 0.163
 1.018
 0.693
 1.024
 0.474
-0.738
-1.688
-1.013
-0.855
 0.761
 0.264
 1.491
 0.740
 0.473
 0.547
 0.167
 0.735
 0.027
 0.888
-0.241
-0.724
 0.560
-0.225
-0.398
-1.107
-1.081
 0.584
-1.222
 0.448
-0.852
-0.839
-1.837
-0.542
-1.244
 0.357
 0.238
 1.298
 0.619
-0.258
-1.065
-0.037
-1.049
-0.648
-0.352
 0.573
 0.650
-1.428
-1.517
-0.753
-0.400
 0.660
-0.990
-0.696
 0.648
-0.439
-0.547
-0.362
-0.002
-0.464
 0.224
 1.119
 0.979
 0.597
 0.529
 0.894
 1.121
 1.192
 0.703
 1.440
-0.526
-1.833
-0.692
 0.151
 0.703
-0.482
-0.340
-1.113
-0.545
-0.537
-0.746
-1.825
-2.178
 0.206
 0.268
-2.452
 0.235
-1.251
-0.053
-0.842
-0.764
-0.772
-1.098
-0.106
 0.165
-0.001
-0.210
-0.039
 0.050
-0.960
-1.328
-0.699
-1.161
-1.799
-0.042
-0.989
-0.090
 0.792
-0.172
 0.390
 0.934
 0.189
-0.694
-0.806
-0.251
-1.143
-0.750
-0.012
 0.202
-0.730
-1.451
-0.746
 0.100
 0.341
 0.546
-1.236
-0.671
 0.593
-0.620
-0.516
-1.526
-0.447
-2.087
-1.108
-0.777
 0.242
-0.032
 0.605
 0.990
-0.645
-0.154
 0.261
-0.770
-0.461
 0.191
-0.494
-0.451
-1.467
 0.097
-0.424
 0.106
-0.573
-0.335
 0.392
-0.002
-0.025
-1.332
-0.086
 0.561
 0.141
-1.641
-1.440
-0.726
 0.680
 1.681
-1.636
-0.727
-0.018
-0.754
-1.333
-0.693
-1.497
-0.691
-0.601
-0.285
-1.162
-2.197
-1.006
 0.166
-0.546
-1.109
-0.868
-1.214
-0.001
 1.046
-0.103
-0.359
 0.807
 0.214
-0.221
-1.106
-1.301
-1.730
-0.904
-0.596
-2.723
-1.800
 0.037
-0.576
-0.922
 0.428
-2.081
-1.858
-0.785
 0.003
-0.484
 1.088
-0.015
 1.555
 0.194
 1.368
 0.465
-0.405
 1.118
 0.162
 2.180
 0.176
 0.184
 1.705
 0.467
 1.924
 1.000
 1.172
 0.123
 0.374
-0.064
 1.831
-0.545
-0.713
 0.701
 1.553
 1.747
 0.823
-1.317
-0.605
-1.254
-0.770
-0.261
 0.591
-0.334
-0.740
 1.356
-0.711
-0.530
 0.752
-0.845
-1.001
-0.851
 0.201
-0.501
 0.179
 1.439
-0.438
 0.063
 0.314
 0.174
-0.297
 0.551
-0.505
 0.288
 0.139
 0.753
-1.376
 0.149
 0.529
-0.021
 1.018
 0.004
-0.603
 1.391
-0.113
 0.356
 0.887
 2.520
 1.256
 0.396
-0.220
-0.946
-0.706
 0.230
-0.050
-1.169
-0.249
-0.154
 1.827
-0.560
-0.380
 1.308
 0.423
-0.401
-0.965
-0.272
 0.753
 0.774
 0.921
-0.185
-0.964
-0.012
 1.437
 1.381
 2.084
-0.435
 0.531
 0.237
-0.388
-0.996
 0.518
 0.550
-0.631
-0.185
 1.351
 0.910
-1.039
 0.636
 1.382
-0.515
 2.268
 1.013
 1.439
 1.791
 1.003
-0.112
 1.424
 0.783
 2.376
 1.431
 2.439
 2.224
 0.718
 0.954
 0.579
 0.986
-0.181
-0.091
 0.685
-0.982
 0.045
 1.080
 0.092
-0.028
 1.509
-0.024
 1.386
 0.863
 1.553
-0.536
 0.536
 0.300
 0.253
-0.395
 0.397
 0.416
-0.274
 0.904
-0.129
 1.265
 1.265
 1.061
 1.719
 1.271
 2.191
-0.006
 0.865
 2.228
 1.516
 1.613
 1.161
 0.975
 2.046
 0.796
 0.227
 1.656
 0.384
 0.952
 0.716
-0.293
 1.180
 0.999
 1.023
-0.286
-0.739
-0.699
 0.061
 0.074
-0.238
 0.559
 0.912
 1.120
 0.351
 0.375
 0.628
 0.303
-0.307
-0.077
-0.735
-0.212
 1.182
-0.691
 1.248
-0.345
 0.197
-0.445
-0.266
 1.284
-0.526
 0.009
 1.570
 0.023
 0.018
-0.380
 0.968
-0.675
 0.527
 1.787
 1.137
-0.363
-0.624
-0.010
 0.311
 1.829
 0.728
 0.237
 0.560
 1.609
-0.466
 1.348
 0.211
 1.189
 0.852
 0.635
 1.082
 2.137
 0.189
 1.726
 1.096
 1.437
 1.043
 0.675
 0.781
-0.861
-0.018
 0.748
 0.348
 0.291
 0.528
-0.332
-0.302
 0.494
 0.203
 0.163
 1.244
 0.194
-0.087
-0.350
 0.741
 1.767
 0.618
 0.891
 0.682
 1.758
-0.103
 1.561
 2.330
 1.322
 1.033
-1.875
 0.364
 1.044
 1.317
 1.269
 1.235
-0.030
-1.337
-0.232
-1.083
-1.210
-0.410
 0.025
 0.019
 0.415
 0.158
 0.486
 0.752
 0.760
-0.488
 0.638
 0.214
 0.814
 0.995
-0.056
-0.229
 0.847
 1.899
 0.173
 1.251
-0.051
-0.745
 1.536
 1.392
 1.054
 0.201
 1.639
 0.815
 0.471
 1.981
 0.298
 0.541
 0.431
-1.097
-0.698
-1.970
-1.075
-0.439
 0.817
 1.289
 0.176
 2.122
 1.402
 1.100
 1.445
 0.462
 0.487
 1.530
 1.081
-0.712
-0.476
 0.990
 1.207
 1.225
 0.826
 0.620
 2.312
 0.433
 1.292
 0.514
 2.337
 2.151
 1.937
 0.337
 1.522
 0.845
 0.382
 0.087
 1.206
 0.774
-0.313
 2.032
 1.086
 0.374
 1.262
 0.431
 0.152
 0.352
-0.276
-0.230
 0.405
-0.761
 0.049
 0.806
 0.284
-0.540
-1.036
 0.584
-1.344
-1.140
-1.111
 0.986
 0.278
 0.268
 0.759
-0.568
 0.341
 0.047
-1.476
 0.298
 1.429
-0.915
-1.515
-0.523
-0.885
-0.626
-1.485
-1.053
-0.030
-1.032
-1.624
-0.519
-0.449
-0.872
 0.676
-0.651
 0.542
-0.206
-0.664
 0.125
 0.401
-1.380
-1.295
-1.399
-0.057
 0.466
-0.399
-0.084
-0.803
-0.771
-0.373
-0.531
 0.283
-0.753
-0.400
-1.445
-1.921
-0.223
-1.429
-1.222
-0.751
 0.065
 0.644
-0.724
-0.815
-0.772
-0.713
 0.858
-0.120
-0.319
 0.343
-0.550
-0.234
-1.384
-1.604
 0.344
-0.999
-0.043
 1.627
 0.765
 0.228
-0.251
 0.309
 0.120
-0.903
 0.770
 0.558
 2.324
 0.221
 2.205
 0.471
 0.955
 0.357
 0.154
-0.025
 0.573
 2.084
 0.709
 0.042
 0.158
-0.708
-0.837
-0.054
-0.172
 0.278
 0.690
-0.940
-0.405
 0.358
 2.049
 1.386
 0.493
 0.567
-0.338
 0.582
-0.992
 0.146
 0.167
 0.394
 0.878
-0.105
-1.392
 0.668
-0.190
-0.535
 0.720
-0.047
-0.468
-0.616
 0.055
-0.958
-1.244
 0.134
 0.548
-1.222
 0.438
 0.278
-0.403
-0.827
-0.871
-0.541
-1.317
-0.106
-0.576
-0.736
-1.905
-1.191
-0.473
-0.719
 0.241
 1.062
-0.964
-1.031
-0.942
-0.464
-0.694
-0.658
-0.552
-0.497
-0.987
-0.767
 0.416
-0.936
-0.621
-0.976
 0.476
-0.762
-1.856
-2.372
-0.341
-0.367
-0.805
-0.482
 0.309
 0.418
-0.628
-0.743
 0.248
-0.865
 0.017
-1.090
-1.518
-0.744
 0.230
-0.399
 0.341
 0.204
-0.391
 0.031
 0.169
 0.147
-0.980
-0.222
-1.614
-0.291
-1.159
-0.077
 0.392
 0.556
 0.200
-0.368
-0.029
-0.953
-0.319
 0.589
-1.806
-1.641
-1.390
-0.099
-0.836
-0.662
-1.468
-2.127
-1.570
-1.887
-1.112
-1.365
-0.023
 0.646
 0.592
-0.379
-0.187
 0.318
 0.461
-0.140
 0.607
 0.015
 0.065
 1.764
 0.445
-0.620
-0.033
-0.220
 1.486
 1.317
-0.436
 0.802
 0.243
-0.157
 0.445
 0.074
 0.610
 0.970
 0.828
 0.785
 1.184
 1.260
 0.795
-0.635
 0.915
 0.750
 0.872
 1.615
 1.426
-0.066
 0.756
-1.745
 0.573
-1.222
-0.341
-0.656
 0.052
 1.049
-0.836
 0.237
 0.565
-0.507
-0.267
-0.059
-1.060
-1.744
-0.797
 0.566
 0.106
-0.645
-0.669
 1.140
-0.644
-0.582
 0.844
-0.098
 0.137
 1.547
 0.055
-0.086
 1.154
 0.822
-1.512
-0.015
 0.599
-0.298
-0.172
 0.289
 0.517
 0.558
-1.928
-0.179
 0.549
-0.395
-0.297
 0.937
 2.214
 0.674
 1.279
 1.951
 1.546
 0.845
 0.600
-1.224
 0.516
 1.529
 1.767
 0.433
-0.774
-1.193
-0.982
 0.552
-0.382
-1.812
-0.622
 0.163
-0.684
 1.815
 0.669
 0.886
-0.667
 0.448
-0.009
 0.064
 0.129
 0.374
 0.139
 0.857
-0.093
-1.029
 0.183
-0.270
-0.253
 0.547
-1.323
 0.631
-1.134
-1.345
 0.452
 1.234
-0.291
-0.661
-0.214
 0.656
 1.192
 0.293
-0.309
-0.082
 1.268
-0.239
-1.093
-0.141
-1.334
 0.386
-0.975
-0.645
 0.371
 1.351
-0.266
-0.482
-0.549
-0.776
-1.346
 0.089
 0.423
-1.584
 0.761
-0.036
 0.472
-0.276
 0.157
 0.031
 0.651
 0.886
 1.186
-0.776
-0.405
-1.047
-0.320
 1.028
-0.286
 0.373
-0.581
-0.959
-0.439
-0.469
 1.368
 1.149
 1.484
 0.425
-1.203
 0.690
 0.804
-1.786
 0.346
-0.167
-0.290
 0.360
-0.198
-0.745
-1.159
 0.384
 1.068
 0.316
 1.226
 1.405
 0.139
-0.785
 0.103
 0.185
 1.055
 0.307
-1.670
-0.716
-0.071
-1.048
-1.048
 0.093
 0.420
-0.791
-0.102
-0.839
 0.745
 0.560
-0.731
-1.468
 0.030
 0.201
 0.120
-0.244
 0.116
 1.502
 3.006
 1.920
 2.002
 2.034
 0.859
 0.599
 1.713
 1.857
 2.539
 2.024
 0.139
 1.186
 1.108
 0.806
 1.227
 0.524
-0.282
-1.007
 0.535
-0.098
-0.613
-0.183
 0.299
-0.559
 0.159
 0.290
 0.913
 0.002
-1.033
-0.146
 0.719
 0.220
 1.060
 2.016
 1.267
 1.439
 0.007
 0.161
 1.141
 0.786
 0.631
 0.021
 0.166
 0.011
-0.299
-0.346
 0.110
 0.390
 0.089
 0.833
 0.269
 0.591
 1.467
 0.785
 1.131
 1.840
 0.647
-0.195
 0.132
-0.189
-0.460
-1.255
-0.141
 0.263
 1.256
 0.679
 0.556
 0.738
 0.722
 0.015
 1.869
 0.322
-0.413
 0.848
 0.770
-0.005
-0.332
 0.669
-0.159
-0.312
-0.185
 0.226
 1.056
 1.268
 0.752
 0.234
 0.334
 0.694
 1.040
 0.635
 1.694
 0.411
 0.955
 2.164
 0.610
 0.734
-0.280
-1.124
 0.412
 0.744
 0.169
 1.596
 1.968
-0.110
-0.527
 0.651
 0.882
 1.215
 1.222
 0.062
 1.144
 0.278
 2.585
 0.344
 2.076
 1.892
 2.099
 1.737
 0.899
 0.122
 0.374
 1.489
 1.014
 1.027
 1.111
 1.022
 0.828
 1.110
 0.628
 1.419
 2.256
 1.504
 1.234
 0.112
-0.335
-0.473
 0.135
 0.354
 0.636
 0.623
-0.386
 0.616
-0.056
 0.484
 1.879
 0.770
 0.418
-0.410
-0.112
-1.573
 1.014
-0.932
 0.330
 0.006
 1.507
 1.474
 0.702
-0.205
-0.093
 1.842
 0.241
-0.008
-0.309
 1.613
-0.873
 1.267
 0.083
-0.223
 0.016
 1.328
 0.366
 1.061
 0.080
 0.348
-1.358
-0.514
 0.903
 1.028
 1.154
 0.041
 0.977
 2.645
 1.083
 2.626
 2.145
 1.364
 0.678
 0.920
-0.487
 1.373
 0.750
 0.732
 0.444
 1.575
 2.035
 2.836
 2.639
 2.078
 1.168
 0.924
 0.906
 1.700
 0.693
 0.837
-0.017
 0.961
 1.763
 0.939
 1.505
 1.417
 0.589
 0.364
-0.129
-0.042
-0.550
-0.555
-1.358
-0.452
-1.786
 0.301
 0.649
-0.782
 0.893
 2.032
-0.685
 0.594
 0.095
 0.138
-0.287
 0.521
 0.735
-0.166
 0.487
 1.749
 1.737
 0.114
-0.166
 0.564
 0.203
 0.690
 1.483
 0.991
-0.397
-0.031
 0.663
 1.073
 1.969
-0.230
 0.573
 1.184
 1.012
-0.018
 0.464
-0.201
-0.996
 1.108
 0.568
-0.455
-0.258
 1.326
-0.063
 0.256
 0.853
-0.523
 0.884
-1.027
-0.230
-0.384
 0.393
 0.157
 0.305
-0.164
 0.361
-1.467
 0.979
 1.056
 1.575
 1.654
 1.226
 0.005
 1.876
-0.028
 0.601
 0.140
-0.266
 0.488
 0.177
 0.379
-0.232
 0.024
 0.770
-0.147
 0.646
 1.162
 0.518
 0.421
 0.223
 0.095
-0.862
 0.059
-0.594
 1.122
-0.292
-1.533
-0.668
-0.113
 0.547
-0.171
 0.086
-0.834
-1.173
 0.532
-0.570
-0.781
-0.344
-0.628
-1.490
-0.237
-2.220
-1.278
-0.792
 0.315
-1.167
-1.316
-0.327
 0.384
-1.325
 0.143
-0.838
-1.399
 0.344
 0.356
-0.401
-0.554
-0.780
-0.180
 2.285
-0.132
 0.706
 0.128
-1.145
 0.462
 0.311
 0.880
 0.125
 1.892
 0.833
 0.419
 0.074
-0.018
-0.346
-0.252
 0.046
 0.421
-0.080
-0.063
 0.971
 1.270
-0.662
 1.756
 1.110
-0.180
-1.467
-1.680
-0.686
 0.812
 0.822
 0.375
 0.910
-0.406
-0.497
-0.835
 0.373
-0.847
 0.405
-0.196
 1.982
 0.830
 1.144
 1.069
 0.615
-0.834
-0.245
 0.061
 0.572
 0.197
 0.239
 0.592
-0.186
-0.410
 0.635
 1.228
-0.013
 0.192
-0.507
-0.183
 0.107
-0.584
 0.656
 0.890
 0.488
 0.141
 0.983
-0.529
 0.242
-0.069
-2.314
 0.440
 0.752
 0.405
-0.262
 1.743
 2.188
 2.190
 1.000
 1.149
 0.006
-0.151
 0.312
 0.572
 1.994
 2.156
 1.081
 0.502
 1.486
 0.675
 0.483
 1.462
 0.517
-0.487
-0.989
-0.720
 0.493
 0.535
 0.583
 0.466
-0.102
 0.662
 1.495
 0.187
-0.358
 0.302
 1.479
 1.989
 1.100
 2.550
 1.550
-0.216
 1.519
 0.754
 0.811
 1.527
 1.901
 0.777
-0.278
-0.279
-0.900
 0.759
 0.050
-0.501
-0.143
-1.276
 0.129
 0.861
 0.934
 0.834
-0.811
-0.730
 0.723
-0.313
-0.348
-0.214
-0.925
-0.304
 0.946
-0.977
-0.824
 1.939
 2.376
 1.716
 1.055
 0.359
 0.612
 1.535
 1.196
 0.484
 0.626
 1.053
 0.836
 0.523
-0.031
 0.974
 0.524
-0.301
 0.371
-0.162
 0.908
 0.425
 0.643
-0.396
 0.518
 0.085
-0.343
 0.313
 0.506
 0.273
 0.225
 0.935
-0.820
 0.935
 0.662
 0.321
 1.294
 1.296
-0.464
 1.042
 1.764
 2.817
 0.537
-0.601
 0.645
 0.949
 0.200
 0.152
-0.527
 0.220
 0.701
-0.828
-0.603
-0.258
-1.109
-3.221
-1.063
-0.053
 0.090
 1.266
 0.061
-0.874
 1.297
 1.855
 1.050
 0.664
 0.543
-1.671
-0.838
-1.352
 1.037
-1.455
-0.223
-1.695
-0.851
-0.256
-0.473
-0.758
 1.822
 0.534
 0.342
 1.522
 0.667
 0.590
-1.150
-0.580
-1.455
-0.430
-0.706
-1.029
 0.236
-1.391
-1.922
 0.422
 0.839
-0.009
 0.137
-0.441
-0.037
-1.523
-0.785
-1.054
 0.614
-0.283
-0.510
-0.099
-1.232
-0.193
-1.403
 0.873
-0.223
-0.617
-0.453
-0.159
-2.724
-1.731
-0.815
-0.048
 0.091
-0.601
 0.144
-2.145
 1.464
 0.594
 0.368
 1.675
-0.665
-0.556
-1.551
-1.214
-1.678
-1.494
 0.740
 0.039
 0.003
 0.467
 1.801
-0.068
 0.656
 0.983
 0.693
-1.670
 0.357
 0.607
-0.119
 1.315
 0.569
 0.016
 0.840
 0.330
 0.893
 0.573
 0.192
-0.039
-0.620
 0.775
-0.834
-0.928
-0.234
 0.657
 2.670
 1.281
 1.648
 0.827
 0.910
-0.850
 0.824
 0.224
 0.038
-0.928
-1.960
-0.294
 0.017
 1.871
 0.830
 1.441
 0.249
-1.176
-1.039
 0.440
 0.847
 0.896
 1.515
 1.142
 0.294
-0.693
-0.911
-0.178
-2.476
-1.090
-0.251
-1.933
-2.598
-0.574
-1.303
 0.178
-1.571
-1.170
-1.120
-0.067
-0.226
 0.963
-1.380
-0.787
-0.427
 1.313
-0.562
-1.203
 0.768
-1.131
-2.115
-2.061
-1.012
-0.047
-0.021
-1.507
-0.392
-0.874
-0.367
-2.028
-0.265
-0.397
-0.204
-0.188
-1.158
-1.800
-1.447
-1.217
-1.916
-0.716
-2.271
-2.543
-1.788
-1.053
 0.639
 1.022
-0.137
 0.726
 0.541
 0.164
-0.237
 0.540
 0.861
-0.750
-0.631
-1.446
-0.832
 0.033
 0.039
 0.558
-0.409
 0.390
-0.379
-0.673
-0.340
-1.088
-0.510
-1.326
-0.983
-2.067
-0.485
-0.601
-0.933
 0.143
-0.428
-0.509
 0.358
-1.296
-1.114
-0.253
-0.639
 0.258
-1.517
 0.366
-0.821
-1.093
 0.230
 0.096
-0.562
 0.752
-1.178
-0.709
-0.320
 1.709
-0.687
-0.589
 1.205
-1.394
-1.314
-1.136
-0.302
-0.819
 0.673
-0.648
 0.172
-0.975
 0.500
-0.054
-0.201
-0.392
 0.460
 1.114
-0.015
 0.055
-0.187
-1.101
-0.315
-0.114
-0.771
 0.226
-0.345
-0.824
 0.175
-0.619
-0.132
-0.048
-1.162
-0.910
-1.135
-0.441
-1.088
-0.135
-0.620
 0.686
 0.453
-0.872
-1.289
-1.569
-1.037
-0.125
-1.338
 0.528
-0.619
 1.190
 2.010
 0.292
 0.748
 1.597
-0.271
-0.432
-0.785
 1.065
 0.204
-1.451
 0.489
-1.149
 0.206
-0.206
-0.103
 0.692
-0.266
-0.381
-0.064
-0.813
 0.324
 0.096
 2.173
 2.198
 1.376
 0.384
 0.058
-1.808
-0.215
-0.332
-1.035
 0.290
 0.821
-1.238
-1.442
-1.231
 0.728
 1.166
 0.636
-0.837
-0.005
-0.715
-1.263
-0.118
-0.964
-0.874
-1.391
-0.231
-1.622
-1.728
-0.890
-1.027
 0.693
 1.130
 1.690
 0.102
-0.326
 0.342
 0.831
 1.049
 0.109
-0.248
-0.333
 0.568
-0.584
-0.668
-2.065
 1.401
 0.896
 0.116
 0.203
 0.167
 0.247
-0.171
 0.324
 0.674
 0.265
 0.939
-0.147
 0.170
-0.188
-0.581
-0.571
 0.068
 0.175
-1.981
-0.456
-1.158
 0.103
 1.085
 1.864
 1.201
-1.167
-0.380
 0.632
-1.252
-1.654
-0.168
-0.213
-0.712
-2.409
-0.373
-0.139
 0.081
 0.584
 0.442
-0.701
-1.704
-0.448
-0.499
-2.189
-0.982
-1.063
-0.526
-1.797
-0.276
 0.106
-0.730
-0.817
-0.786
-1.380
-0.022
 0.234
-1.346
-0.810
 0.250
-0.317
-0.501
 0.123
 0.055
 0.080
 0.495
-1.704
-0.804
-1.044
-1.655
-0.281
-2.618
-1.621
-1.774
-0.759
-0.572
-2.534
-0.747
-1.081
-0.531
-1.232
-0.186
-0.605
-0.254
 0.870
-0.464
-2.639
-1.035
-1.557
-0.023
-0.848
-0.306
 0.346
-0.160
-1.622
-0.813
-0.680
-0.969
 0.218
-0.649
-1.092
-1.823
-1.837
-2.359
-1.029
-1.234
-0.343
-0.749
 0.543
-1.162
-0.753
-1.914
-0.840
 0.557
-0.229
-1.727
 0.014
-0.704
-0.950
-1.710
-1.761
-1.130
-0.048
-1.201
-1.520
-1.292
-0.448
-0.827
-0.304
-1.583
-1.792
-0.918
-2.218
-1.935
-1.670
-1.884
-0.830
-0.716
 0.578
-1.624
-1.688
-2.837
-1.093
-1.910
-3.218
-1.176
-0.505
-0.124
-0.680
 0.721
-1.422
-0.917
-1.191
-1.123
-1.131
-0.656
-0.071
-0.921
-0.504
 1.238
-0.074
 0.188
 0.246
 0.708
-0.535
-0.974
-0.573
-1.560
-0.330
 0.179
-0.785
-0.275
-0.820
-0.441
-1.708
-1.097
-1.146
-1.736
-0.176
 0.354
 0.254
 0.418
-0.439
-0.311
-0.885
-0.445
 1.179
-0.374
 0.339
-0.081
-0.846
-0.009
 0.683
 0.329
-2.052
 0.181
-0.710
 0.771
-0.950
-1.075
 0.977
-0.334
 1.252
 0.020
-0.579
-0.428
-0.190
 0.195
 0.723
-1.059
 0.899
 0.683
 0.599
-0.760
 0.099
-1.324
 0.089
 1.976
-1.340
 0.092
 0.499
 2.416
 1.155
 0.624
 0.851
 0.879
-0.481
 0.640
 0.705
 0.444
-0.571
-1.749
-2.158
 0.112
-0.244
-0.101
-0.589
-1.046
 1.311
 1.517
-0.523
-0.819
 0.848
 0.538
-0.092
-0.428
-0.647
 0.602
 1.420
 0.404
 0.799
-0.175
-0.331
 0.573
 0.337
-0.982
 0.065
 0.127
 0.118
 0.807
-1.428
 0.816
-0.672
-1.374
-1.349
-1.027
-0.040
 0.213
 0.445
-0.090
-0.055
-1.136
-0.867
-0.873
-0.801
 0.028
-0.864
-0.225
 0.129
-0.255
-0.664
-0.270
 0.060
 1.425
 0.238
-0.114
 0.259
 0.204
 0.138
 0.817
 1.193
 1.888
 1.188
 0.865
 0.362
 0.095
 1.570
 0.729
 0.220
 1.787
 1.157
-0.416
-0.768
-0.906
-1.298
-0.002
-1.213
 0.691
 0.150
-0.595
-0.529
-1.209
-0.562
-0.179
-0.027
-0.539
 1.584
 0.644
 0.423
 0.873
 0.246
-0.468
 1.143
-0.173
 0.089
-1.507
-0.645
-0.513
 1.003
 0.147
-1.816
-0.924
 0.469
 0.327
-0.592
-1.137
 0.191
 0.619
-0.844
 0.792
-1.151
 0.035
 0.005
 0.774
 0.190
-0.836
-1.478
-1.095
-0.549
 0.500
-0.610
 0.430
-0.098
-1.124
 0.234
 2.041
 0.495
 0.482
-0.263
 0.028
-0.380
-0.566
-1.637
-0.350
-0.128
 0.963
-0.484
 0.185
-0.559
-0.419
-0.487
-1.684
-0.036
-0.870
-1.425
 0.793
 0.906
-0.274
 0.046
 0.737
 1.761
-0.106
-0.147
-0.763
 0.507
 0.038
 1.270
-0.114
 1.179
 0.106
 2.471
 1.179
 0.569
-0.006
-0.483
-1.145
 2.101
 0.461
 1.310
 1.192
 1.831
 1.596
 0.705
-0.777
-1.118
 0.095
-0.815
-0.012
-0.888
-1.057
-0.493
-1.572
-0.293
-0.530
-0.907
-0.326
 0.057
-1.693
-1.457
-1.857
-1.951
-1.132
 0.271
-0.643
-0.682
-2.348
 1.404
-1.889
-0.908
 0.304
-0.556
-0.690
-0.269
 1.395
 0.707
 1.243
 1.624
-0.086
-0.458
-0.853
-0.435
 0.403
-0.539
-0.255
-0.371
 0.174
-1.689
-1.324
-1.090
 0.130
 0.586
 0.414
-0.760
-0.780
-0.518
-1.155
 1.012
-1.722
-0.312
-0.098
-0.617
-0.294
-1.604
 0.180
-0.957
-0.187
 0.925
-1.933
-0.453
-0.240
 0.766
-1.332
 0.848
-0.697
-0.489
-1.067
 0.726
-0.031
 1.171
-0.770
-0.530
-1.332
-1.590
-0.975
-0.960
 0.650
-0.377
 0.758
-0.968
 0.121
 0.259
 0.333
 0.403
-0.501
 0.118
-0.656
-0.256
 1.032
-0.328
 0.406
 1.084
 1.204
 0.872
 1.257
 0.467
-1.105
-2.114
-0.167
-1.147
-0.330
 0.363
 1.169
 0.901
 1.253
 0.982
-0.122
-1.888
-0.597
-0.670
-0.993
 0.302
-0.306
-0.201
 0.256
 0.067
-0.305
 0.498
 0.283
 0.441
 0.405
-0.190
-0.276
-1.597
-0.385
-1.290
-0.324
-3.454
-0.356
 0.644
-0.416
-1.073
-1.967
-1.671
-0.678
-0.335
 0.563
-0.223
 0.103
 0.156
 0.826
-0.814
 0.717
 0.208
 0.606
-1.026
 1.240
 0.725
 0.586
 1.395
-0.426
 0.425
-0.205
 0.566
 0.249
-0.447
-0.007
-0.303
-0.180
 1.035
 1.003
-0.702
-1.088
 0.217
-0.103
 1.039
-0.788
 0.679
 0.224
-0.657
 0.154
-1.091
-1.107
-0.575
-1.229
-1.097
-1.129
-0.710
-1.874
 0.819
-0.545
 1.469
 1.027
 1.130
 0.384
-0.092
-0.377
-1.034
 0.353
 1.087
 1.094
-0.165
-1.224
-0.421
 0.726
 0.620
 0.699
-2.435
-1.999
-0.718
-2.600
-0.179
-2.045
 0.587
 0.506
-0.348
-0.169
-0.558
-1.258
 1.063
 0.906
-0.452
 1.133
 3.046
 2.357
 1.581
 1.112
 0.041
 0.259
-0.846
 0.187
-0.097
 0.478
-0.177
 0.765
 0.656
-0.714
-1.010
 0.209
 0.475
 0.136
 1.299
 1.215
-0.147
 0.467
-0.029
-0.309
 0.428
 1.705
-0.789
-0.157
 0.327
 0.442
-0.385
 0.586
-0.680
-0.662
 0.354
 0.154
 0.536
 0.079
-0.568
 0.330
 0.223
-0.324
 0.536
 0.568
 1.509
 0.758
 0.894
 0.363
 1.523
 1.383
 2.033
 2.631
 0.047
 0.878
 0.666
 0.987
 1.109
-0.257
 0.972
 0.066
-0.206
 1.236
 0.996
 0.380
 1.040
 2.152
 0.790
 1.333
 0.791
 0.830
 0.924
 0.472
 0.884
 0.198
-0.062
-0.644
-0.310
 1.144
 0.443
 0.340
 0.094
-0.065
-0.444
-2.658
-0.317
-0.725
-0.144
-0.264
-0.520
 0.141
 0.512
-0.877
-0.763
 0.074
-0.820
-1.592
-2.374
-1.671
-1.144
-1.495
-0.444
-0.277
-0.287
 0.494
 0.827
-0.737
-1.135
-1.156
-0.691
-0.678
-1.115
-1.235
-1.919
 0.173
-1.987
 0.672
-0.411
 0.322
-0.722
 0.017
 0.146
-0.154
-0.082
 0.237
-0.609
-1.068
-1.444
 0.297
 0.027
-0.792
-0.108
-1.672
-1.852
 0.394
-0.898
 1.055
-0.111
-0.778
-1.139
-1.006
-0.349
 0.077
 0.500
-1.047
 0.098
 0.248
 0.564
 0.051
-0.028
-0.277
-0.219
-0.033
-1.106
 0.356
-0.718
-1.317
 1.261
 1.381
 1.157
 1.536
 0.651
 0.408
 0.461
 0.672
 1.298
 1.207
 0.683
 1.479
-0.052
 0.773
 2.108
 0.814
 0.113
-0.607
-0.888
 1.677
 0.247
-0.609
-0.079
 0.291
-0.609
-0.366
 1.159
 0.922
-0.485
-0.749
-0.877
 0.199
 1.243
-0.700
-0.119
-1.185
-0.774
-1.622
-0.829
 0.113
 0.193
-0.081
-0.467
 0.370
-0.285
 0.679
-0.050
-1.210
 0.204
-1.166
-0.610
-0.427
-0.857
-0.091
-0.195
 0.509
-0.702
 0.994
 1.772
-0.985
 0.448
-0.115
-0.953
-0.735
-0.227
-0.371
-1.839
-2.022
-1.997
-1.277
 0.041
-1.077
-1.279
-1.470
 0.531
-0.186
-1.139
 1.191
 2.383
-0.218
 0.599
 0.143
 0.787
 0.913
 0.284
 0.200
 1.136
 0.915
 1.092
-0.362
-0.569
 0.388
 2.338
 1.339
 0.748
 1.539
 0.577
 0.219
 1.360
 0.926
-0.409
 1.475
 0.214
 1.621
-0.165
 0.933
 0.187
-0.311
 0.837
 1.068
 0.973
-0.070
-0.876
-0.590
-0.706
 0.902
 1.801
 1.222
-0.540
-0.128
 0.990
-0.558
 0.274
-0.100
-0.140
-0.554
 0.318
-0.126
 0.496
 0.834
-1.586
 0.191
-1.270
-1.421
-0.905
-0.044
-1.633
 1.511
-0.227
-0.545
-1.680
-0.565
-1.519
-0.824
-1.008
-0.171
 0.924
 2.109
-1.209
-1.240
 0.560
 1.171
-0.051
 0.884
-0.383
 0.156
 1.077
 1.245
-0.999
 0.165
 0.689
 0.963
-0.328
-1.148
 1.666
-0.923
-0.004
 0.174
-0.917
-1.140
 0.402
 1.725
 0.977
 0.379
 0.525
-0.419
-1.080
 0.663
 1.144
 0.358
 1.044
 0.685
-1.404
-0.729
 0.229
-1.890
 0.036
-0.588
-0.081
 0.602
 0.361
 1.521
 0.390
 0.122
 0.027
 0.752
 1.095
 1.191
 0.757
 0.995
 0.564
 0.518
 0.341
 0.639
 0.720
 0.565
 0.917
-0.489
 1.062
 1.251
 0.852
 0.115
-0.950
 0.796
 1.328
-0.113
-0.253
 0.507
-0.064
-1.400
 0.338
 0.457
-0.177
-0.652
-0.537
-1.165
 1.003
 0.693
-0.616
 0.346
-2.154
-1.716
-2.390
-1.340
-1.061
-0.819
-0.991
-0.463
 0.534
-1.471
-0.490
-0.213
 0.056
-1.037
 0.206
 0.269
-2.194
-1.255
-0.967
 0.871
 0.003
-1.704
-0.224
-1.713
-2.481
-0.760
-2.518
-1.379
-1.507
-0.568
-0.432
 0.116
 1.168
-1.771
-0.554
-0.046
-0.635
-0.105
 0.779
 0.948
 0.581
 0.630
-0.580
-0.792
 0.362
-0.338
 0.375
 1.641
 1.486
 1.667
 0.366
 2.545
-0.015
 0.176
 1.110
 0.969
-0.447
-0.677
-2.036
-2.180
 0.143
 0.177
-0.839
-0.326
-0.993
 0.575
 0.388
-0.309
-0.911
-3.153
-1.678
-1.531
-0.996
-0.787
-0.528
 1.377
 1.313
-0.193
-0.115
 0.008
-0.708
 1.450
 1.463
 0.413
 2.225
 1.253
 0.666
 0.452
-0.312
-0.651
-1.429
-1.374
-0.487
-1.377
-1.332
-1.826
-0.140
-0.681
-0.912
 0.643
 0.377
-0.374
 0.445
-0.323
-1.515
 0.792
-0.583
 0.045
 0.168
-0.026
 0.344
 1.065
-0.425
-1.121
-0.032
-2.202
-0.141
-1.330
-0.975
 0.291
-0.567
-0.866
 1.381
 1.749
 0.029
 0.546
 0.218
-1.702
 1.661
 0.257
-0.147
-2.481
-1.315
-0.931
-0.789
-1.327
-1.641
-1.070
 0.081
-1.025
-0.114
-0.497
-0.413
-1.292
-0.008
-1.253
-1.168
-1.199
 1.208
-0.537
-0.439
-2.465
-2.280
-0.179
-0.557
-0.280
 0.001
-0.934
-0.161
-0.670
-0.721
-1.527
-1.250
 0.201
-0.084
-0.157
-0.190
-1.814
-0.745
-1.227
-1.353
 0.124
-2.149
-1.925
-0.637
-0.853
-1.024
-1.062
-2.633
-1.585
-1.515
-0.660
-0.063
 0.014
-0.465
-0.576
-0.819
 0.609
-1.024
-0.685
-0.460
 0.628
 1.043
-0.027
-0.171
-0.018
-1.273
-0.564
-0.157
-1.088
 0.768
-0.650
-0.315
-0.600
-0.925
-0.147
 1.097
 0.836
-0.522
-0.617
-1.441
-0.895
-0.208
-0.042
-0.649
-1.012
 0.522
 0.844
-0.230
 0.000
-0.596
 0.849
 0.806
 0.471
-0.228
 0.375
-0.078
-0.154
-1.245
-2.742
-0.658
-0.824
-1.619
 0.089
-0.751
 0.051
 0.695
 0.911
 0.536
-0.664
-0.475
 0.062
 0.214
 0.393
 1.003
-0.412
-0.400
 0.283
 0.104
-0.401
-1.123
 0.430
 0.288
-0.128
-1.123
-0.360
 0.268
-0.453
 0.752
 0.026
 0.040
-0.992
-0.151
 0.179
 0.555
-0.256
-0.280
-0.208
 0.004
-0.664
-0.290
-0.760
 0.520
 0.050
 0.272
-0.685
-0.960
 0.445
 0.177
 0.492
 1.190
 0.052
 1.231
 1.027
 1.047
 1.448
 0.978
 0.208
 0.525
 0.737
 0.137
 0.479
 0.295
-0.102
-1.072
 0.139
 0.863
 1.145
 0.615
 0.308
 0.159
 1.085
 1.015
 0.166
 0.003
-0.679
 0.524
 1.930
-0.232
 0.008
-1.212
 0.309
 0.160
 1.169
-0.303
-0.337
-0.759
 1.093
 1.455
-0.361
-1.045
 0.085
 1.117
-0.483
-0.790
 0.853
-0.825
-0.134
 0.037
 1.062
-0.591
-0.907
 0.080
 0.603
-0.037
 0.653
 1.285
 0.680
 0.376
-0.575
-0.343
-0.470
 0.469
 0.094
-1.319
-0.498
 0.253
 1.145
 1.111
-1.355
-0.872
 1.478
-2.048
-1.399
-1.628
-0.340
 1.779
 0.543
 1.046
-0.115
 0.715
-0.765
-1.418
-0.646
-0.849
-0.142
 0.210
 2.207
 0.789
 0.979
 2.116
 0.637
 0.967
 1.180
 0.544
 0.168
 0.685
 0.621
 0.013
 0.900
 0.650
 0.465
 1.127
-0.560
 0.022
 0.861
 1.399
 0.661
-0.300
-0.383
-0.773
-0.823
 1.038
-0.014
 1.860
 0.469
 0.792
 0.695
 0.066
-0.422
-0.807
-0.053
 0.391
 0.956
 0.041
-0.431
 0.199
-0.765
-0.747
-0.846
-1.232
-0.084
-0.779
-1.378
-0.550
-1.063
-0.180
-0.649
-0.148
 0.247
-0.228
-0.453
 0.174
-0.627
 0.158
-0.552
 0.690
 0.294
 0.599
 0.739
 1.169
 0.291
 0.218
-0.641
-0.337
-0.144
-0.912
 1.308
 0.709
 0.804
 0.109
-0.311
-0.626
-0.431
-0.477
-0.841
-0.959
-0.140
 0.844
 0.114
-0.315
-0.505
-0.013
-0.499
-0.395
-0.402
 1.584
 0.048
-0.410
 0.693
-0.373
 1.732
-0.306
-0.275
 0.575
 0.538
 0.323
 0.276
-0.660
-0.006
-0.641
-0.948
 1.781
 1.016
-0.630
-2.018
-2.221
-1.351
-0.423
-0.582
-0.911
-0.702
-0.561
-0.104
-1.895
-1.543
-0.157
-1.026
-0.203
-1.306
-0.957
 0.333
 0.117
-0.250
-0.623
-0.881
 0.423
-0.321
 0.258
 0.828
-0.404
 0.032
-0.930
 1.331
 1.600
 0.285
-0.357
 0.382
-1.145
 0.584
 0.629
 0.196
-0.795
-0.948
-1.003
-0.711
-0.075
 0.537
 0.466
-1.171
-1.174
-0.703
-1.049
-0.652
-0.719
-0.858
-0.607
-2.501
 0.714
 0.315
-1.730
-0.384
 1.007
 1.144
-1.646
 0.255
-0.459
-0.459
-0.693
-1.854
-1.091
-2.494
-0.448
-0.463
 0.792
 0.412
 0.769
-0.637
-2.280
 0.476
 0.209
-1.034
 0.458
 0.772
 0.465
-0.370
-0.397
 0.570
 0.270
-0.382
-1.227
 0.118
-0.991
-1.037
-0.566
-1.247
 0.185
-0.271
-0.734
 0.690
 0.081
-0.932
 0.561
 0.198
-0.432
-0.242
 0.290
-1.016
-0.771
 0.313
-1.518
-1.783
-0.245
-1.531
-1.384
 0.052
-0.945
-0.320
 0.171
-1.122
-0.568
-0.155
 1.238
-0.281
-1.321
 0.188
 0.503
 1.335
-0.951
-0.213
 0.252
-0.196
-1.223
-1.144
 1.098
-1.122
-0.539
 1.050
-0.038
 0.401
 0.314
-0.216
 0.227
-0.290
-1.320
-0.826
-1.166
-1.275
-1.607
-0.831
-1.945
-1.136
 0.732
-0.772
-0.747
-1.112
-0.582
-0.349
 1.839
-0.152
-0.585
 0.152
-0.552
-0.855
-1.076
 0.737
-0.041
-0.704
 1.012
 0.036
 0.234
-1.910
-1.363
-0.400
-0.518
 0.488
 0.112
 0.530
-1.310
-0.665
 1.071
-0.546
 0.001
 0.369
-0.355
 0.757
 0.503
 1.250
-0.607
-1.029
-1.287
-1.554
-1.036
 0.045
-0.211
 0.858
 1.235
 0.523
 0.269
 1.119
 2.382
-0.054
-0.106
 0.334
 0.327
-0.397
 1.197
 0.260
-2.488
 0.141
-1.303
-1.768
 0.782
 0.928
-0.752
-0.638
-0.670
-1.063
-1.576
-1.436
 0.060
 0.000
-0.083
-0.656
 0.337
 1.266
 0.626
-1.579
-0.050
-0.805
 0.737
 1.592
-0.048
 0.662
-0.043
-1.080
 0.513
 0.019
-0.530
-0.444
-0.650
-0.362
-1.377
-0.220
 0.605
-0.577
-1.288
 0.201
 0.964
 1.480
 2.351
 0.345
-0.366
 1.130
-0.221
 0.942
 0.738
 1.132
 1.268
 2.224
 0.147
 0.771
 0.621
-0.748
 0.469
-0.338
 0.528
 0.276
-0.415
-0.838
 0.068
-0.888
-1.522
-0.107
 0.171
-0.076
-0.493
-0.088
 0.539
-1.625
-0.190
-0.517
-1.475
-1.808
-0.148
 0.283
 0.669
-0.089
-0.029
-0.138
 0.661
 0.549
-0.956
-1.321
 0.027
-0.467
 1.461
 3.320
 0.540
-0.853
 0.253
 0.890
-0.540
-0.164
-1.270
-1.053
-0.225
-0.546
-0.676
-0.552
-0.699
 0.851
 0.688
 0.799
 0.354
 0.044
-0.241
-0.604
-0.571
-1.558
-1.147
 1.027
 0.205
 0.656
 0.478
 0.137
-0.511
 0.555
 1.423
-0.913
-0.776
 0.052
 0.576
 0.011
 1.336
 0.164
-0.335
-0.337
-0.761
 0.072
-0.715
-1.052
 0.339
 0.694
 1.346
-0.206
-0.719
-2.019
-0.897
-0.824
-1.408
-1.900
-1.081
-0.229
-0.926
 2.092
 2.038
-0.056
 0.238
-0.851
-0.859
 0.449
 0.075
 0.148
-1.051
-1.040
-0.500
-0.847
-0.868
-1.534
-1.992
-0.227
 1.085
-1.844
-0.513
 0.617
-1.317
-0.850
-2.083
-0.817
-0.377
-1.269
-0.608
-1.132
 0.691
-0.948
-0.576
 0.037
-1.355
-0.240
 0.157
 0.261
-0.944
 0.255
 0.223
 0.227
 0.858
 0.902
 0.716
 1.608
 0.731
 1.137
 0.606
 0.418
 1.231
 1.549
 1.563
 0.366
 0.133
-2.159
-0.253
 0.461
-1.676
-0.706
 0.330
-0.743
-0.948
-1.044
 0.112
 2.197
 0.367
 0.697
 1.278
 0.091
-0.552
-1.195
 1.085
 1.247
 0.504
 0.980
 1.276
 1.006
 1.019
 0.555
-0.114
-0.172
-1.178
-1.145
-0.033
-1.841
-0.793
-1.282
-1.248
 0.693
-0.382
-1.579
-0.502
 1.079
-0.456
 1.292
 1.849
 0.045
 0.687
 0.616
-1.216
 0.525
-0.138
 0.405
 0.877
 0.131
 1.559
-0.617
 0.451
 0.130
 0.157
 0.294
 0.583
 1.722
-0.221
 1.183
 1.875
-0.206
 1.196
 0.913
 0.504
-0.100
 0.552
 0.197
 0.688
-0.186
 0.501
-0.937
 0.604
 0.148
 0.131
 0.581
 0.353
 1.396
 0.264
 1.387
 1.121
 1.566
 1.558
 0.931
 1.065
 0.993
-0.168
 0.470
-0.567
 0.399
-0.254
-1.176
 0.469
 0.152
-0.212
 0.029
-0.076
 0.586
 0.762
 0.650
 0.486
-1.637
 0.699
-1.392
-0.702
 1.133
 0.918
 0.844
-0.387
-1.489
-0.908
 0.844
 0.377
-0.567
 1.051
-0.327
-1.168
-1.309
 0.159
 0.249
-0.299
 0.795
 1.111
 0.913
-0.738
 0.767
-0.588
-1.743
-1.283
 0.298
-0.404
-1.401
-1.881
-1.798
-0.530
-0.805
-0.313
-1.983
-1.086
 0.739
-0.584
 0.039
-1.404
-0.101
 1.475
 0.004
 0.547
 0.601
 0.508
-1.595
-0.349
 0.535
-0.228
 0.559
 0.137
-0.519
 1.598
-0.445
-1.065
 1.078
 0.706
 0.575
 0.382
 1.409
 1.142
 1.114
 0.903
-1.095
 0.648
 1.746
 1.080
-0.157
 0.624
 2.444
 0.666
 0.718
-0.018
 0.294
-0.206
 1.148
-0.383
 0.318
 0.222
-1.205
-0.254
-0.157
-0.369
-0.668
-1.931
 0.115
-0.075
-0.397
 0.633
 1.944
-0.238
 0.323
-0.973
 0.826
-0.012
 0.084
-0.171
 0.396
-0.118
 0.527
-0.128
 0.041
-0.634
 0.147
-0.833
-1.114
-1.279
-0.047
-0.184
 1.012
 0.375
-2.447
-2.200
-1.207
-2.079
-0.129
-0.418
 0.551
 0.437
-0.183
 0.539
 0.984
-0.218
-0.904
 0.242
 0.319
-0.221
-0.824
-0.889
-1.330
-0.077
-1.572
-0.514
-1.874
-0.819
 0.552
 0.252
-0.753
-0.308
 0.727
-0.001
-1.086
-0.769
 0.464
 1.084
-0.415
-0.622
 0.562
-0.843
-0.702
-0.446
-1.842
-1.226
-2.672
-1.887
-1.560
-0.501
-0.555
-0.059
-0.377
-0.426
-1.564
 0.076
-1.124
 0.693
 0.169
-1.379
-0.519
-0.794
 0.193
-0.146
-0.732
-0.688
-1.838
 0.092
 0.400
 0.528
-1.066
-0.647
 0.364
-0.448
-1.278
-2.185
-2.233
-1.749
-0.974
-0.105
-0.639
-1.186
 0.149
 0.878
 1.704
 0.303
 1.206
-0.232
 0.600
 1.404
-0.142
-0.853
-0.492
-0.878
-1.249
 0.262
 1.274
 0.798
 1.904
 2.482
 0.168
-0.032
 2.109
 0.108
-1.054
 0.565
 2.035
 0.073
-0.781
-1.269
-0.658
-0.476
-1.644
 0.075
-0.570
 0.058
 0.298
-2.579
-0.225
-0.830
-1.546
-0.087
 0.746
 0.130
-0.396
-0.050
-0.438
-0.540
-1.348
-0.408
-0.740
-1.193
-0.871
-1.311
 0.062
 0.008
-0.138
 0.282
 1.281
-0.545
-1.480
-1.649
-0.205
-1.063
 0.042
-0.679
-1.549
-1.179
-0.394
-1.877
 0.081
-0.002
 0.049
-0.609
-1.377
-1.536
 0.046
-0.354
 0.283
-1.486
-1.586
-1.404
-2.505
-1.594
-2.484
-0.716
-0.932
-0.923
 0.282
-0.913
-0.781
 0.281
-0.910
 0.068
-0.681
-0.292
-0.793
-0.071
-1.237
-1.477
-0.240
-1.561
-1.486
-0.750
-1.237
 0.158
 1.222
 1.917
 0.591
-0.139
-0.176
 0.967
-0.037
-0.543
-1.076
-0.935
-0.722
 0.051
-0.350
-2.145
-1.183
 0.230
 0.698
 0.574
-1.080
-0.172
-1.721
-0.269
 0.135
-1.351
-0.338
-1.206
 1.115
-0.429
-2.503
-3.251
-1.060
-0.127
 0.581
-1.665
-2.046
 0.378
 0.058
 0.334
-0.383
-1.028
-1.852
-0.626
 0.750
 0.250
 0.961
-0.937
-0.279
 1.665
-0.865
-0.715
 0.571
-0.941
 1.099
-0.304
-0.318
 0.875
-0.262
 0.309
 0.397
-1.357
 0.347
-0.547
 0.254
-0.061
-0.338
-0.563
 0.275
-0.329
 0.226
-0.801
 0.020
 0.234
 0.476
 0.065
 1.643
 1.973
-0.073
 0.675
-0.101
 0.470
 0.909
 0.703
 0.670
 0.882
-0.201
 0.664
 0.182
 1.787
 0.816
 1.164
 1.574
 0.346
 0.403
 0.399
-0.066
 0.334
-0.483
-1.090
 0.597
 1.366
-0.411
-0.008
-0.122
 0.383
 1.681
-0.897
-1.261
-0.756
-0.306
-0.575
 1.029
 1.292
 0.659
 0.468
-0.106
 0.578
-0.274
 0.944
-0.651
 0.021
 0.719
-0.157
 0.088
-0.291
-0.457
-0.329
 0.010
 1.266
 1.229
-0.583
-0.628
-0.482
 0.452
 1.508
 0.890
 1.353
 3.065
 2.182
 0.829
 0.620
 1.253
 0.883
-0.889
 1.155
 0.774
-0.143
-0.534
 0.307
 0.453
 0.359
-0.014
-0.208
-0.628
-0.946
-0.126
-0.568
-0.915
 0.892
-0.297
-0.868
-0.943
-0.346
-1.163
-1.580
-1.262
-1.327
-0.882
-1.513
-1.499
-1.038
-0.539
-0.545
-1.989
-0.876
-0.648
-1.752
-1.321
-0.101
-1.093
-1.832
-1.307
-1.591
-0.389
-0.528
-0.744
 0.392
-0.304
-0.300
-0.889
-1.287
-1.484
-0.688
-0.289
-0.834
 0.225
 0.701
-1.439
-2.105
-0.574
-1.740
-1.621
-1.917
 0.378
-0.596
-1.349
-0.764
-1.074
-1.816
-1.510
 0.484
-1.946
-1.029
 0.649
-1.742
-0.864
 0.590
-0.944
-0.523
 0.348
-2.768
 0.569
-0.579
-0.510
-1.644
-1.141
-0.655
-0.848
-0.175
 0.431
 0.078
-1.117
-1.627
 0.673
 1.648
 1.093
 0.478
-0.589
-0.647
 1.016
-0.043
-1.193
 1.274
 0.549
 0.028
-1.391
-2.421
-2.215
-1.638
-0.538
-0.233
 0.003
-2.111
 0.303
 0.341
 0.975
 0.937
 0.965
-0.931
 0.530
-0.284
 1.560
-0.854
-1.069
-0.071
-0.489
-1.346
-0.146
-0.517
-1.353
-1.289
 0.204
-1.431
-0.666
 0.123
-0.131
 0.489
 1.049
-0.472
-0.667
 0.888
-0.686
 0.281
-0.119
-1.502
-1.252
-0.679
-0.001
-0.591
-1.912
-0.324
-0.622
-1.524
-0.098
 0.578
-0.832
-0.235
-0.144
-0.073
-0.524
-0.367
 0.487
 0.083
-0.518
-0.298
 1.262
 1.466
-0.818
