.278
-1.001
-2.359
-1.453
 0.151
-1.141
-0.164
 0.147
-0.410
-0.485
-1.265
 0.506
 0.558
 1.240
 1.918
 0.352
 0.157
 0.386
 0.756
-0.639
-1.128
 0.301
 0.865
-0.932
-1.439
-0.431
-0.631
-1.424
 0.229
 0.263
 0.752
 0.366
 1.413
 0.765
-0.337
-0.282
 0.957
 0.301
-0.061
-1.024
-0.413
 0.572
-1.559
 0.407
 0.001
 0.241
-0.546
-1.944
-0.519
-1.146
-0.501
-0.915
-0.331
-0.712
-0.301
-0.283
 0.580
 0.340
 0.175
-2.213
-1.964
-0.383
-0.413
 0.093
-0.361
-0.942
-1.127
 0.095
 0.688
 0.540
-1.165
-0.110
-0.884
-1.171
-0.147
 0.384
 0.158
 0.111
 0.235
-0.274
 0.226
 0.806
-0.559
 0.301
-0.046
 0.654
 0.836
-0.128
 0.453
 0.193
-2.242
 0.929
 0.436
 0.057
 0.528
-0.365
-1.595
-0.696
 0.160
-0.296
-0.887
 0.513
 2.096
 0.228
-0.855
 1.261
-1.198
 0.213
-0.548
-0.283
-0.428
 0.249
 1.362
 0.097
 0.367
-0.048
-0.251
 0.099
-0.986
-1.147
 0.058
-1.008
-1.894
-1.450
-0.070
 1.155
 0.963
 0.553
 2.677
 0.396
 1.063
 0.166
 0.256
-0.272
-0.278
-0.993
-0.107
 0.525
-0.117
 0.714
-1.496
-1.807
-0.527
 0.926
-1.398
-0.096
 1.180
 1.211
 0.632
-0.080
 1.521
 1.296
 0.767
-0.521
-0.075
-0.632
-0.500
 0.095
-0.390
-0.677
-1.061
-0.162
 0.067
 0.148
-1.070
-1.247
-0.858
 0.432
 0.616
 0.823
 1.167
-2.120
-1.271
-1.315
-0.469
-0.158
-0.467
-0.119
-0.817
 0.531
 0.635
-1.369
-0.130
-1.121
-0.708
 0.008
-1.367
 0.285
 0.154
-0.347
-0.348
-0.131
 0.393
 0.245
 0.311
-0.704
-1.564
-0.580
 0.275
-0.171
-0.518
-0.495
 0.712
-0.061
-0.702
 0.613
 1.041
 0.937
 0.145
 2.090
 0.909
 0.678
-0.463
-0.618
-0.534
-1.554
-0.548
-1.002
 0.145
 0.806
-0.871
-0.826
-1.641
-1.846
-0.934
-0.984
 0.844
-0.144
-1.398
-0.488
 0.532
 0.226
-1.087
 0.115
-0.245
 0.863
-0.475
-1.184
-0.379
-1.413
-0.851
-0.386
-1.158
-0.471
-0.910
-0.715
 0.717
 0.800
-0.479
-1.777
-1.530
-0.823
-0.486
-0.616
-2.367
-1.381
-0.236
-2.159
-1.148
-0.236
 0.850
 0.560
 1.431
 0.194
 0.253
-0.662
 0.631
-0.904
-0.398
-1.011
-1.603
-1.357
 0.152
-0.991
-0.790
-1.419
-1.845
-1.598
-1.708
-1.308
 0.645
-1.470
-1.507
-1.093
-1.737
-0.804
 0.799
 1.160
 0.731
-1.929
-1.390
-0.239
-0.692
-0.438
 0.793
-0.423
 0.871
-0.256
-0.995
 0.184
-0.999
-0.785
-0.850
-0.146
-1.478
-0.370
 0.727
-0.230
-0.624
-0.386
-0.736
-2.100
-0.075
 0.130
-0.836
-1.519
-0.058
 0.286
-0.649
-0.002
 0.380
-0.498
-0.483
 0.485
 1.013
 1.335
 0.186
-0.576
-0.275
 1.131
-0.588
 0.348
 0.322
 0.599
-0.621
-0.659
-0.987
-0.457
 0.653
 0.620
 0.333
 0.032
-1.566
-1.153
 1.296
-0.010
 0.280
-0.164
-0.210
-0.042
 0.557
-0.610
-0.670
-1.173
-1.300
-2.010
-0.051
-0.388
-0.586
-0.410
-0.950
-0.855
-1.871
-1.650
-0.423
-1.746
-0.912
-1.754
-1.374
-0.427
 0.210
-1.812
-0.999
-0.944
-1.547
-1.653
 0.002
-0.481
-0.467
-1.237
 0.255
-0.756
-1.912
-1.108
-1.458
-0.531
 0.882
-0.950
-0.930
-1.263
-1.801
-1.921
 0.361
-0.427
-1.469
-2.528
-2.187
-0.790
-1.286
-2.005
-0.651
-0.293
-0.726
 0.159
 0.932
-0.104
-0.463
 0.449
-0.260
 0.719
-0.326
-0.597
 0.054
-0.921
-1.162
-0.423
-0.866
-0.718
 0.409
-0.988
-1.933
-1.068
-0.948
 0.154
-0.091
-0.106
-0.890
-2.519
-0.450
-1.403
-0.625
-0.770
-0.375
-2.721
-0.803
-0.807
-0.688
-0.576
-0.969
-1.660
-0.456
-0.377
-1.159
-0.487
-0.521
-0.611
-0.801
 1.307
-0.038
-0.513
-0.907
 0.519
-0.771
-0.538
 1.057
-0.083
-1.000
-1.238
-1.479
 0.177
-1.261
-0.301
-1.345
-0.953
-0.842
-1.195
 0.367
 0.381
-0.207
 0.041
 0.707
-0.076
-0.088
 2.192
 1.864
 0.740
 0.171
 0.443
 1.061
-0.477
 0.055
 0.669
-0.616
 0.272
 0.321
-0.070
 0.654
 0.186
 0.416
 1.073
 1.820
 1.012
 0.961
 0.155
-0.437
-0.470
-1.228
-1.158
-0.481
 1.077
 0.249
 0.468
-1.379
-1.627
-0.781
 0.310
-1.707
-0.624
-0.109
 0.158
 0.573
 0.566
 0.034
 0.543
-0.478
 0.178
 1.579
 0.972
 0.773
 0.279
-1.338
-0.540
-0.222
-1.416
 0.117
-0.206
-0.577
-0.590
 0.355
 0.453
-0.181
-1.116
-0.184
 0.809
-0.053
 0.454
-1.350
-0.790
 0.596
-1.113
 0.474
 0.629
 0.298
-1.331
 0.778
-0.311
 0.827
-0.485
 0.176
 0.413
 0.920
 1.515
 0.215
 0.033
-1.159
-1.001
-0.197
 0.581
 0.454
-0.406
-1.639
-0.257
-0.284
 0.188
 1.334
 1.815
 0.222
-0.056
-0.708
-0.514
 1.363
 1.917
-0.137
 0.930
 3.003
 0.953
 0.133
-0.198
 1.854
-0.415
 0.094
 0.313
 0.629
 0.735
-0.299
 0.780
-0.483
 0.664
-1.107
-0.057
-0.423
 0.005
-1.692
-0.316
 0.007
 0.338
 1.091
-1.603
-0.501
-1.357
-1.204
-2.308
-1.134
-0.054
-1.081
-1.500
-0.883
-0.335
 0.924
 2.059
 0.444
 0.074
 1.512
 0.255
 0.486
-0.981
-0.454
-0.439
-0.220
-1.233
-1.446
-0.843
 0.001
-1.575
-0.922
-1.646
-1.675
 0.845
 0.955
 0.623
 0.516
 0.812
-0.646
 0.716
 1.602
 1.046
-0.535
-0.895
-0.499
 0.395
-0.949
-0.381
 1.663
-0.184
-0.451
 0.484
-1.071
 0.693
-0.643
-0.945
 0.290
 0.264
 1.328
 0.487
 1.450
-1.262
 0.073
-0.103
-1.775
-1.116
-1.104
-0.401
-0.711
-0.967
-1.451
-0.106
 0.210
-1.124
 0.126
-0.841
 1.096
-0.775
-0.481
-0.300
-0.998
 0.060
 0.988
-0.016
-1.995
-0.780
 1.538
-0.360
 1.353
 1.178
 0.948
-0.301
 1.781
-0.504
 2.299
 1.797
 1.534
 0.866
-0.084
-0.558
-0.580
-0.883
 0.099
-1.031
-0.628
-0.094
 0.114
 1.589
 1.016
 0.320
-0.032
-0.862
 1.274
 0.143
 2.058
 1.540
-1.125
 0.356
 0.894
 0.366
 0.332
 0.131
-0.323
 0.003
 0.905
-0.410
-0.200
 1.080
 0.362
 0.076
 0.560
-0.173
 0.787
 0.106
 0.998
 0.319
 1.778
 1.453
 0.239
-0.800
-0.176
 0.449
 0.355
-0.396
 0.212
 0.250
 0.499
-0.739
-0.707
-0.732
 0.683
 0.688
-1.144
-1.148
-1.194
 0.464
 0.423
-0.751
 0.748
-0.613
 0.575
 0.388
 0.647
 0.657
-0.248
-0.105
 1.039
 1.365
 0.723
 0.499
 1.732
 0.915
-0.240
 0.755
 1.339
 0.878
 2.261
 1.818
-0.088
 0.700
-0.391
 1.588
 1.839
-0.219
-0.898
-1.214
 2.394
 0.835
 1.079
 0.497
-0.841
-0.444
-0.691
 0.306
 0.470
 0.328
-0.084
-0.048
-0.464
 0.420
 1.298
-0.095
 0.440
-0.716
-1.089
-0.984
 0.369
 1.309
 1.577
 0.339
 1.913
-0.644
 1.548
 1.356
 1.731
 1.282
 0.853
 0.988
 0.677
 1.011
 1.352
 0.725
 1.718
 1.171
 0.553
 1.001
 1.101
 1.522
 0.639
 1.329
 0.571
 0.750
 1.160
 1.582
-0.483
 0.651
-1.259
 0.837
 0.124
-0.030
-0.521
 0.518
 1.130
-0.676
 0.205
 0.615
 0.493
 0.188
 1.829
 1.335
 0.521
 0.550
-0.737
 1.646
 0.112
 1.624
 2.221
 3.154
 0.919
-0.396
 0.582
 1.358
 0.653
 1.287
 0.887
 1.299
 1.150
 1.354
 0.759
 1.282
 0.636
-0.777
 0.501
 0.746
 0.867
 0.428
 2.459
 1.820
 1.191
-0.490
 0.088
-0.891
 0.251
 0.872
 1.552
 1.563
 1.925
 1.478
 0.320
 1.428
 0.117
-1.384
-0.081
 0.563
-0.178
-0.975
-0.130
 0.021
 1.897
 1.934
 0.693
 0.804
 0.900
 1.309
 0.835
 0.556
 0.605
 0.569
 0.499
-0.488
 0.299
 1.535
 0.721
-0.358
 0.044
 1.836
 2.416
 1.845
 1.629
 0.282
 0.357
-0.277
 1.768
 0.322
 0.969
 1.069
 1.918
 2.107
 0.623
 2.657
 1.740
 1.494
 1.677
 1.354
-0.660
 0.577
 0.005
 0.626
 0.970
 0.061
-0.074
-1.100
 0.089
 0.643
-0.079
-1.075
-0.881
-0.186
-0.837
 0.404
 0.273
-0.485
 1.118
 0.661
 0.819
 0.114
-0.519
 0.971
-0.771
 1.287
 1.960
 0.136
-0.337
-1.657
-0.515
 0.646
 1.960
 2.265
 1.434
-0.306
 2.257
 1.431
-0.790
 0.369
 1.090
 0.085
 1.361
 1.196
 0.665
 0.284
-1.097
-0.147
-0.184
 1.250
 0.598
 1.059
 0.813
 0.091
-0.209
 0.205
 0.097
 1.292
 0.499
 0.738
 0.697
 1.654
 0.849
 0.279
-1.650
 0.452
 0.669
-0.459
 0.647
 0.433
-0.853
-0.346
-0.447
 0.345
 1.670
-0.950
 0.524
 2.085
 1.113
 1.312
 1.990
 1.867
 1.673
 2.151
 2.171
 0.953
 0.798
-0.347
-0.342
-0.281
-0.559
 0.499
-0.215
 0.664
 0.611
-0.408
-1.065
 0.530
 1.056
 0.891
-0.187
 0.564
 2.040
 1.055
 0.343
-0.295
-0.990
-0.498
 0.789
 0.192
-1.362
-1.619
-2.009
-0.687
-1.627
-2.037
-1.175
 0.679
-0.336
-0.893
 0.336
-0.175
-0.855
 0.783
 0.343
 1.066
-0.118
 0.095
-0.663
 0.795
-1.423
-1.195
 0.698
 1.272
-0.468
-0.808
 0.877
 0.778
 0.081
 0.249
 0.146
-1.083
 0.314
-0.184
 0.673
-0.082
-0.393
 0.969
 0.110
 0.243
 0.632
 2.509
 1.531
 0.891
 1.880
 0.789
 1.164
 1.846
 1.819
 0.151
 0.720
 0.256
 0.285
-0.586
-0.905
-0.370
-1.886
-1.385
 0.155
 0.598
 0.156
 0.519
 0.910
-0.829
 0.559
-1.269
 0.884
 1.339
 0.975
 0.506
 1.129
 1.137
 1.727
-0.123
 0.314
 1.074
 1.548
 0.479
-0.006
-1.055
-0.610
-0.531
-1.684
-1.640
-0.963
-0.437
-0.632
-0.437
 0.020
-0.867
 1.610
-0.372
-0.115
 0.041
-0.947
-2.236
-0.680
-0.576
 0.110
-0.454
-0.475
-1.192
 0.077
 0.102
 0.262
-0.116
-0.468
-0.657
-3.057
-0.080
 0.655
-0.949
 0.168
-0.287
-1.011
-1.025
 0.843
 0.532
 1.069
 1.158
-1.144
-1.350
-0.791
-0.400
-1.927
-2.120
-1.160
-0.943
 0.354
 0.212
 1.017
-1.022
 0.090
-1.767
 0.406
 0.981
 0.250
 1.105
-0.062
 0.628
 0.918
 0.615
 0.754
 0.916
 0.360
-0.440
-1.172
-1.728
-1.150
 0.157
-0.479
 0.946
 1.774
 1.915
 0.845
 0.768
-0.163
-0.428
-0.210
 0.388
 0.125
-0.541
-0.063
 0.102
 0.378
-0.062
 0.106
 0.378
 0.418
 1.466
-0.840
-1.201
-0.210
-0.491
-0.998
-2.262
-0.554
 0.681
-0.244
 0.104
 0.954
 0.706
 0.476
-0.400
 0.207
-0.248
 0.303
-1.038
-0.531
-0.084
 0.850
-1.417
 0.522
 0.154
 1.755
 0.549
-0.595
-2.508
-0.745
-0.579
-1.405
-0.033
-0.412
-0.147
-0.431
-0.280
 0.815
 0.146
-0.971
-1.140
 0.099
 0.759
 0.840
-0.544
 0.466
 1.040
 3.359
 0.164
 0.761
 0.800
-0.424
 0.197
-0.408
 0.412
 0.628
 1.083
 0.305
-0.161
 1.878
 0.148
 1.786
 0.096
 0.818
 2.269
 1.586
 1.477
 1.380
 2.430
 1.423
 1.285
 0.549
 0.206
 0.463
 1.667
 3.626
 3.084
 0.413
-0.509
-0.238
 1.135
 1.469
 0.895
 0.204
 0.717
 0.870
 0.931
 0.903
 0.793
 2.084
 1.430
 1.816
 0.457
 1.278
 2.681
 0.769
 0.795
 1.575
 2.016
 2.449
 1.758
 0.319
-0.013
 1.477
 2.038
 1.570
 0.805
 1.286
 1.008
 0.053
-0.373
 1.095
 1.501
 0.770
-0.101
 0.467
 1.135
 0.549
 0.263
 1.568
 0.633
 1.165
 0.729
 0.291
 0.072
 2.246
-0.760
 0.383
 0.906
 1.087
 1.012
 0.818
 1.100
-0.105
 1.500
 0.569
 0.326
 2.040
-0.019
 1.262
 0.605
 0.228
 1.014
 1.436
 1.161
 0.516
 0.635
 1.245
 2.208
 2.124
 1.225
 0.332
 1.391
 0.939
 0.261
-0.667
 0.842
-0.252
-0.580
 0.256
-0.098
-0.097
 0.298
 0.007
 0.069
 0.716
-0.978
 0.233
-0.251
 1.128
 1.306
 1.341
 0.221
 1.208
 0.739
 0.672
 1.554
 1.078
 0.553
 0.903
 0.569
 1.123
 0.841
 0.455
-0.578
 0.533
 0.301
 0.833
 1.432
 1.050
 2.217
 0.673
 0.603
 1.570
 0.375
 0.929
 0.925
-0.184
-0.298
 0.569
 0.812
 1.838
 1.032
 0.770
 1.199
-0.950
-0.781
 1.621
 0.720
 0.996
 0.223
 0.834
-0.318
 0.007
-0.272
 0.614
 0.235
-0.090
 0.569
-0.309
-1.241
 1.066
-0.368
 0.710
-0.418
 2.146
 0.546
-0.605
-0.087
 0.509
-1.147
 1.042
 0.135
-0.051
-2.002
-0.387
 0.180
 0.344
-0.247
-0.460
 1.062
 0.586
-0.589
 0.064
-0.864
 1.185
 0.538
 0.226
 1.335
-0.620
-0.655
 0.425
-0.994
 0.109
 1.939
-0.641
-0.262
-0.721
 0.196
-0.056
-0.472
-0.551
-0.114
 0.829
-0.230
 1.101
 0.442
 0.698
-0.074
-0.835
-1.347
 0.261
-1.140
 0.699
-2.076
 0.124
-0.584
-0.264
 0.624
-0.044
-0.770
-0.485
-0.542
-0.632
-0.287
-0.771
-1.733
 0.205
-0.279
-0.543
-0.083
-0.989
 0.301
-1.071
-0.048
-1.224
 0.670
 1.550
-0.551
-0.539
 0.100
 0.532
-0.081
-0.405
 0.065
 1.177
 0.816
 0.612
 1.760
 0.798
-0.075
-0.556
 0.338
-0.078
-0.520
-0.858
 0.491
 0.571
-1.485
 0.377
 0.841
-1.492
-1.547
-1.077
-0.182
-1.119
 0.751
-0.304
 0.716
 1.176
 1.020
 0.351
 0.656
 1.658
 2.248
 1.297
 0.533
 0.539
 0.056
 0.791
-1.898
-0.069
 1.252
 0.779
-0.110
-0.562
-0.405
 0.248
-0.418
 0.414
 0.378
-0.530
 0.722
 0.978
 0.142
 0.425
-0.974
-0.787
 0.326
 0.776
-0.615
 0.038
-0.573
 0.746
 0.017
 0.160
-0.802
 0.053
 0.411
 1.371
-0.202
 0.559
 0.169
 0.571
-0.494
 0.860
 0.456
 1.366
 2.109
 2.901
 1.407
 0.960
 1.088
 0.143
 0.981
 1.010
 0.449
 1.030
-0.075
 0.836
 1.173
 0.726
 0.955
 0.632
 1.233
 1.873
 2.609
 1.861
 0.428
 0.669
 0.743
-0.384
-0.245
 0.371
-0.064
 1.288
 2.895
 1.035
 0.976
 0.083
 1.477
 2.733
-0.719
 0.304
-0.480
-0.302
 0.116
 0.264
-0.287
 0.893
 0.414
-0.052
 1.287
-1.054
-0.742
 0.356
-0.342
-0.727
 1.376
-0.049
 1.323
 0.793
-0.279
 1.133
-0.316
 0.036
 0.954
 1.009
 2.037
 2.483
 1.707
 1.979
-0.468
 1.972
 2.416
 2.366
 2.058
 2.691
 0.853
 1.784
 1.431
 1.369
 1.225
 0.147
 0.826
-0.492
 1.685
 1.603
 1.639
 0.523
-0.196
 0.132
-0.795
 1.115
 0.772
 0.886
 1.001
 0.814
 0.643
-0.340
-0.682
 1.104
 0.909
-0.390
-0.071
 0.460
 0.388
 1.597
 1.646
 1.679
 2.038
 3.413
 2.056
 1.613
 2.048
 1.631
 0.454
 0.761
 0.855
 0.940
 0.869
 0.424
 0.466
 0.526
 1.142
 0.569
 1.509
 0.546
 0.617
 1.058
 1.278
-0.508
 0.819
-0.099
 1.723
 2.249
-0.341
 0.117
 1.143
 0.681
 1.034
-0.392
-0.143
-0.227
-1.266
 0.843
 0.994
 0.079
 1.132
 0.699
 0.442
 1.008
 0.409
 0.006
 0.999
-0.191
 0.393
 0.653
-0.076
 0.893
 0.748
 0.462
 0.946
-0.417
-1.645
-0.027
 0.937
 1.526
 0.740
 0.529
-0.343
-0.665
-0.817
-1.442
-0.311
 0.815
 1.404
 2.031
 0.882
 0.738
 1.381
 0.628
 1.121
 0.621
 1.503
 0.645
 0.210
 0.742
 0.064
 0.898
 1.209
 0.856
 0.935
 1.046
-0.507
-1.583
-1.568
 0.508
 0.742
-0.694
 0.597
 0.144
 0.818
-0.093
 0.914
 1.407
 0.595
 0.114
 0.170
 0.657
-0.279
 0.586
 1.152
-0.400
 0.005
 0.977
 1.252
 1.066
 0.743
 0.607
 0.828
 1.101
 0.291
 1.541
 0.616
 0.104
 1.430
-0.148
 0.413
 1.234
 0.477
 0.022
 1.071
 0.530
-0.675
-0.908
-0.802
-1.012
 0.795
 0.243
-0.294
-0.765
 0.514
 0.997
-0.211
 0.150
 0.734
 0.319
 0.159
 1.313
 0.906
-0.098
 0.053
-0.397
 0.090
-0.067
 1.551
-0.858
-0.298
 1.991
-0.252
 0.531
-0.054
-0.448
-0.253
-0.322
-0.096
 0.214
 1.274
 0.373
 2.001
 1.429
 0.642
-1.039
 1.283
 1.053
 0.144
-0.371
-0.060
-0.470
 0.184
-0.863
 0.064
 0.892
 0.287
 0.178
 0.258
-1.702
-0.869
-0.962
-0.767
 0.109
-0.677
-0.329
 0.871
 0.219
 1.551
 0.231
 0.417
 1.374
 1.509
 0.418
 0.953
 2.789
 3.029
 2.297
 0.979
 2.079
 0.149
-0.594
 0.579
 0.553
 0.984
 0.418
 1.050
 0.467
 0.417
 1.190
 1.580
 1.620
 0.287
-1.234
 0.009
-0.813
 0.794
 1.586
 0.177
 0.001
-0.035
-1.795
-1.416
 1.181
-0.223
-0.660
-1.266
-0.884
-1.862
-0.937
-1.451
 1.038
 1.231
 1.152
 1.131
 2.248
 0.849
 0.413
 0.077
 0.139
-0.261
 0.631
-1.476
-1.142
-0.049
-0.354
 1.471
-1.477
-0.198
 0.916
 0.606
 0.669
-0.438
 1.338
 0.106
-0.284
 2.225
 0.592
 0.487
-0.692
 1.211
 0.602
-0.662
-0.788
 0.161
-1.385
-0.803
 1.223
 0.340
 0.389
-0.508
-1.214
 0.360
 0.185
 0.035
 0.045
 1.263
-0.028
 0.025
 0.260
-0.150
 1.215
-0.015
 0.054
 1.495
 1.320
-0.336
 2.754
 0.238
 1.495
 1.963
 1.878
 0.947
 0.374
 0.669
-0.029
 0.409
 0.165
 2.205
 0.004
 1.257
 0.918
 0.602
 0.774
 1.401
 1.198
 0.728
 0.192
 0.176
 1.183
 0.686
-0.319
 0.395
 0.499
-0.706
 0.245
 0.274
 0.897
 0.029
 0.757
 1.108
 1.618
 0.498
-0.207
 0.648
 0.508
 1.569
 0.986
 2.242
 2.924
 0.351
 0.783
 0.740
 2.090
 1.743
 1.533
 0.808
 1.751
 2.233
 0.655
 1.185
-2.264
-0.176
 0.986
 0.822
 1.157
 0.641
-0.722
 0.810
 0.081
 1.946
 1.201
 0.445
 1.015
-0.262
 0.758
-0.071
 0.231
-1.119
 1.155
-1.579
-0.002
 0.714
 0.848
-0.412
-0.841
 1.003
 2.264
 1.530
-0.128
 0.686
 1.893
 0.431
 1.791
 1.237
 1.556
 0.810
 0.883
 1.310
-1.207
 0.163
 0.577
-0.461
 0.278
 0.589
 0.978
 1.237
 0.251
 0.171
 0.779
 0.807
 0.031
-1.033
-1.246
-1.519
-0.842
-0.993
-1.106
-1.095
-0.304
-0.246
 0.456
-1.029
-0.229
-0.471
-1.177
 1.336
 0.283
 1.574
 1.089
 1.012
 2.240
-0.760
-1.525
 0.185
-0.270
 1.071
 1.287
 2.228
 0.578
 0.039
 0.218
 0.662
 0.544
 0.284
 0.897
-1.067
-0.378
-1.164
-2.733
-0.085
-0.606
-0.836
-0.767
 0.293
-1.273
-0.631
 0.104
-2.320
-1.443
-2.731
-2.021
-0.607
 0.002
-0.383
 0.350
-0.308
-0.548
 1.236
-0.404
-1.793
 0.393
 0.666
-0.374
 1.493
 0.631
-0.341
-0.878
-1.178
 1.127
 0.140
-0.279
 0.813
 1.249
 0.669
 0.059
 0.411
 1.381
-0.019
 0.553
 1.309
 0.210
 1.737
 1.650
 1.665
 1.509
 0.861
 1.210
 1.167
 0.826
 0.318
-0.304
 0.045
 0.247
 1.226
 0.440
-0.897
-0.764
-0.358
-1.284
-0.734
 1.271
-0.740
 0.623
-0.250
 0.155
-0.667
-0.185
 0.110
 1.452
-0.237
 1.251
 0.589
-0.504
 1.157
 0.686
-0.005
-0.630
-0.251
 0.757
 0.200
 0.001
 0.732
-0.596
 0.245
-0.896
-0.006
-0.357
 1.687
 0.717
 1.290
-0.165
 1.379
 0.167
 0.319
 0.587
 0.670
 0.251
 0.955
 2.358
 0.662
 0.570
 1.254
-0.499
-0.342
-0.282
-0.272
 1.860
 0.981
 0.584
 0.933
 0.462
 1.034
 1.047
-1.758
 0.167
-0.338
-0.780
 0.257
 1.297
 0.072
 1.726
 0.866
 0.032
-0.115
 0.896
-1.039
-0.589
 0.022
 0.124
 0.220
-0.423
 0.678
 0.343
-0.221
 1.271
 0.630
 1.156
 1.974
 1.498
 1.979
 0.858
-0.448
 0.309
 0.771
 0.553
 0.995
 0.122
-0.036
 0.599
-0.642
 2.003
 1.805
 0.443
 0.552
 1.133
 0.749
 1.717
 0.377
 1.287
 1.914
 1.675
 0.422
-0.093
 1.370
 1.520
 1.216
 0.025
-0.556
 1.043
-0.460
 1.837
 0.413
-0.682
-0.621
 1.166
 1.281
 0.431
-0.430
 0.744
 1.382
 2.515
 1.634
 0.384
-0.150
-0.468
 0.993
 0.651
 1.488
 0.209
-0.670
 0.143
-0.163
-0.021
 0.024
-0.378
-0.251
 2.003
 1.374
 1.458
 1.232
 0.614
 0.677
 0.903
-0.256
 0.409
 0.051
 0.195
 1.437
 0.406
-0.127
 0.782
 0.871
 0.161
 0.348
-0.921
-0.903
 0.370
-0.551
 0.526
-0.661
 0.234
-0.366
 1.227
-1.162
-1.446
-0.342
-0.995
 0.011
 0.696
-0.219
-0.623
 0.707
-0.620
-1.370
-1.506
-0.302
-0.701
 0.724
 1.415
-0.708
 0.952
-0.284
-0.488
-0.403
-0.661
 0.866
 0.075
 0.866
 0.823
-0.570
-0.626
-1.279
-0.244
-1.078
-0.132
-1.003
-0.323
-1.073
-0.893
 0.286
-0.230
-0.351
-1.020
-0.332
-0.237
 0.392
 0.430
 0.286
-0.328
-0.565
-0.020
 0.130
 0.435
 0.325
 2.130
-0.011
 0.531
 0.456
-1.121
-1.777
 0.579
 0.103
 0.661
 0.789
 0.522
 0.814
-0.097
 0.750
 0.655
 1.019
-0.099
 0.179
-1.248
-0.309
-0.605
-0.514
 0.102
-1.156
 0.102
-0.538
-0.718
-2.095
-1.425
-0.347
-0.116
-1.642
-0.109
 0.341
-0.491
 1.254
 1.112
 0.551
 1.093
 1.139
 0.277
-0.703
 0.798
-1.618
-1.147
-0.454
 0.207
-1.057
-1.168
-0.163
 0.775
-0.540
 0.346
-0.025
 0.482
-0.392
-1.157
-1.388
-0.475
-0.770
-0.307
-1.017
-1.077
-0.110
-0.068
-0.188
-1.041
-1.032
-2.097
-0.884
 0.409
 0.367
-0.847
-0.418
-0.981
-0.609
-0.902
-0.645
-0.182
-0.051
-0.301
 1.637
-0.700
-0.170
 0.775
 2.678
 2.506
 2.482
 0.872
 0.141
-0.912
-0.819
-1.082
 0.280
-0.654
-0.024
-0.746
 0.345
-0.633
-2.175
-0.960
 0.100
 1.595
-0.856
 0.859
-0.868
-0.073
-1.084
-0.715
 0.114
-0.536
 0.301
-1.602
-0.296
 0.249
-0.185
-1.484
-1.546
-0.834
 0.236
-1.823
-0.936
-0.087
 0.344
-0.519
-0.998
-1.060
-0.010
-0.514
-1.193
-0.142
-0.436
-0.144
-0.120
 1.241
 0.864
-1.960
-1.405
-1.493
 0.364
-1.841
 1.737
-0.260
-0.667
-1.034
 0.044
-0.661
 1.130
 0.313
-1.208
-0.291
-1.449
-0.372
-0.785
-1.429
-2.071
-1.206
 0.525
 0.557
 1.465
 1.144
-0.463
 0.305
 0.007
 1.592
 0.220
 0.347
 1.809
 0.557
-0.048
-0.063
-0.471
 0.301
-0.453
 0.479
-0.542
 0.794
 0.767
 0.010
 0.449
 0.591
 0.835
-0.167
-0.424
 1.597
 0.958
 0.618
-0.301
-0.252
 0.308
 0.703
-0.111
 0.078
-1.582
-0.648
-0.513
 0.008
-0.314
-0.337
-2.183
-1.631
-0.838
-0.520
 1.418
 0.373
 0.565
-0.306
-0.108
-1.515
-1.626
-1.990
-1.288
 1.503
 0.565
-1.222
-0.309
 0.062
-0.645
 0.647
-0.083
-1.127
 0.672
 0.825
-0.725
-0.903
-0.859
 1.334
-0.396
 0.096
-0.003
-0.033
 0.351
 0.274
-0.248
-0.516
-1.147
-0.141
-0.739
 0.613
 0.855
 1.456
-0.762
 0.020
-0.386
-0.888
-1.789
-0.428
-0.426
-0.340
 0.513
 1.083
 0.372
-0.088
 0.278
 0.969
 0.609
 0.206
-0.626
-0.715
-1.430
-1.770
 0.124
-0.184
 0.171
-0.647
 0.176
-0.839
 2.251
 0.866
 0.807
-1.336
-2.014
 0.438
-0.343
 0.188
 1.600
 1.278
 1.185
 0.779
 1.118
 1.192
 1.045
 2.494
 1.464
 1.418
 1.155
 1.197
 0.431
 0.078
 0.099
-0.043
 0.818
 0.139
-0.185
 0.783
 0.099
 1.222
 0.819
 0.651
 0.243
 0.560
 0.443
 1.189
 1.057
 0.944
 1.199
 0.261
-1.030
-0.038
-1.209
 1.242
 0.312
-0.596
-0.834
-0.024
-0.792
-0.397
-0.513
-0.875
-0.322
-0.868
 0.130
-0.191
 0.362
-0.443
 0.261
-1.719
-0.739
-1.214
-1.445
 0.415
 0.312
 0.482
 0.530
 1.119
 0.668
 1.326
-0.124
 2.182
 0.641
 0.482
-0.089
 0.300
-1.220
-1.439
-0.854
-0.835
-0.107
-0.143
 0.752
-0.104
 1.086
 2.444
 0.879
 0.176
-0.317
-0.431
-1.458
-1.358
 0.603
 0.173
 1.220
 0.984
 0.388
-0.583
-0.873
-0.942
 0.857
-0.425
 0.411
 0.064
 0.860
 1.057
 1.123
-0.794
-0.599
-0.580
 0.150
-0.491
-1.589
-0.635
-1.275
-1.143
-1.426
-0.337
-1.224
-0.426
-0.597
-0.069
-0.910
-1.442
-0.882
-0.876
-0.516
 0.183
-0.833
-0.311
-1.036
 0.258
 1.267
 0.142
-0.150
 1.368
 0.211
-1.726
 0.051
 0.272
 0.846
 0.342
 1.486
-0.543
-0.350
 2.169
 0.208
-0.898
-1.543
-0.667
-0.558
-0.007
 0.312
 0.510
 1.149
-0.571
-0.902
 0.258
 0.328
 1.017
 0.430
-0.784
-1.222
-0.504
-0.226
 0.453
 0.650
-0.987
 0.412
 0.067
-0.099
-1.682
-1.523
-1.277
 0.690
-0.413
-0.283
-0.990
 0.629
 0.200
-0.628
-0.745
-2.232
-1.309
-1.445
 0.122
-0.253
 0.883
-0.224
-1.449
 0.499
 0.279
-0.144
-1.210
-1.242
-0.982
-2.360
-1.403
-1.514
-1.432
-0.497
 0.697
-1.171
-2.118
 0.831
-1.019
 1.051
-1.000
-0.715
-1.822
-1.121
-0.071
-0.746
-0.747
 0.685
-0.060
 0.438
-1.496
-0.571
 0.528
-0.134
-0.206
-0.177
 0.125
-0.364
-0.344
-0.580
 0.493
-1.064
 0.400
-0.495
-0.423
-1.383
-2.039
-0.970
-0.976
 0.294
 0.298
-0.325
-0.454
 0.603
-0.806
 0.318
 0.096
-0.432
-1.025
-0.526
 0.831
-0.555
 1.232
 0.759
-0.207
 1.159
 0.410
-0.093
 0.746
-1.563
-0.786
 1.719
 0.502
 0.232
-0.535
-1.125
-1.845
-0.028
-0.098
-0.507
-1.652
-1.293
-0.715
-0.715
-0.109
-0.482
 0.119
-0.477
 0.042
-0.523
-1.116
 1.190
 0.424
 0.480
-0.406
-0.706
-0.818
-1.025
 0.110
-1.677
-2.352
-0.311
-0.216
-1.164
 0.611
 1.085
-0.310
-1.210
 0.075
 0.206
-2.184
-1.314
-0.063
 0.950
 0.022
-0.353
 0.279
 0.798
 0.319
-1.338
-0.692
-0.421
-0.610
-0.291
 1.030
 2.087
 0.881
 0.155
 0.114
 0.303
 0.568
 1.860
 0.500
-0.101
 0.680
-0.233
 0.124
-0.037
 0.613
-0.004
-0.540
-0.877
-0.011
 0.269
 0.141
-1.005
-1.601
 0.469
 0.578
 0.737
-0.840
 0.518
 0.594
 0.297
 0.502
-0.391
-1.192
-0.675
-0.306
-1.399
 0.932
-0.367
 0.627
 0.230
-0.421
 0.103
 0.660
 1.166
 0.302
 1.665
 0.776
 0.652
 1.721
-0.330
 0.271
 1.007
 0.128
 0.661
 1.382
 1.293
-1.836
 0.971
 0.661
 0.542
-0.040
-0.452
-0.932
-0.208
-2.378
-0.210
-0.229
 0.315
 0.465
 1.762
 0.197
-0.286
 0.100
 0.581
 1.236
 1.895
 0.067
-0.543
-0.768
 1.059
-0.326
 1.503
 1.226
 0.545
-1.234
-1.722
-0.328
-0.818
-0.551
-1.316
-0.158
 0.123
 1.672
 0.850
-0.117
 0.758
-1.080
-1.063
 0.631
 0.925
-0.066
-0.949
-0.424
-0.338
-2.000
-2.331
-1.440
-2.097
-1.448
 0.065
-0.257
 0.163
 0.014
-0.526
 1.366
 0.003
-0.597
 1.043
-0.776
-0.287
 1.186
 1.587
 0.750
 1.569
 1.433
 1.405
-0.699
-1.107
-0.973
-0.884
-1.083
-0.246
 0.135
-0.605
-1.155
-1.030
-0.526
-0.489
-0.468
-0.005
-0.716
 0.348
-0.015
-1.259
-0.567
-0.388
-1.044
 0.449
 0.646
 0.421
 0.294
 0.955
 0.391
 0.058
 0.452
 0.175
 1.100
 0.158
 1.170
 0.328
 0.249
-0.782
-0.548
-0.072
 1.034
 0.356
-1.184
-0.282
-0.136
-0.598
 0.398
 0.344
-0.889
-2.311
-2.326
 0.184
 0.845
 1.332
-0.302
 0.980
-1.279
-2.219
-2.124
-0.138
 1.595
 1.004
-0.225
-1.111
-0.455
-0.406
-1.181
-1.578
 0.039
 0.410
-0.117
-0.351
-0.423
-1.618
-0.267
-1.227
-0.772
-1.792
-2.753
-1.697
-1.006
-0.577
-0.155
-0.061
-1.279
 0.904
-1.193
-0.097
 1.332
-0.237
 1.369
 0.443
 0.539
 0.088
 2.227
 1.706
-0.086
-0.394
-0.872
-0.015
 1.137
 0.906
 0.368
 0.206
 1.607
 0.602
 0.860
-0.673
-0.068
 0.236
-0.950
-0.136
-0.571
-1.698
-0.019
 0.901
 0.725
 0.828
-0.001
-0.761
-1.284
 0.252
-0.113
-0.789
-0.394
-0.782
-1.847
-1.176
-0.689
-1.312
-0.339
 0.736
-0.716
 0.345
-0.555
-2.339
-1.846
-0.734
-0.074
-0.113
 0.214
 0.307
 1.250
 0.331
 0.944
 0.359
 0.397
-0.092
 0.292
 0.091
-0.405
-1.257
-1.270
-1.446
-0.658
-1.265
-0.140
-1.662
-0.982
-2.156
-0.948
-2.547
-2.917
-0.902
 0.126
-0.525
-0.168
-0.148
 0.314
-0.245
-0.795
 0.083
 0.525
 1.266
-0.270
-0.101
-0.606
 1.358
-0.864
-0.752
-1.630
-0.315
 0.414
-1.405
 0.615
-0.276
-0.664
 0.036
 0.399
-0.020
-1.332
-1.085
-0.301
 0.308
 0.264
 1.053
-0.521
 0.075
 0.071
 0.053
 0.208
-0.254
-0.113
-1.309
-0.518
-1.528
-0.179
-1.003
-1.007
 0.153
 0.079
 1.188
-0.244
 0.771
 0.333
-1.814
-0.867
-1.550
-0.922
-0.152
 0.224
-1.310
-1.630
-1.055
-0.571
 0.126
-0.450
-0.160
-0.072
 1.086
-0.083
 0.063
-1.040
-0.649
-0.055
-0.398
-1.536
 0.978
-0.326
-0.653
 0.399
-0.604
-0.001
 0.488
 0.322
-2.192
-1.191
-1.759
-1.765
-2.910
-1.695
-0.702
-0.599
-0.352
-0.163
-0.819
-1.183
-2.037
-1.008
-1.832
-0.997
-2.236
-1.302
-1.263
 0.736
 1.181
 1.088
-0.946
 0.372
 0.452
-0.920
-0.483
-0.184
-0.039
-1.387
-0.487
-0.594
-2.885
-0.804
 0.890
-0.007
-1.143
-0.554
-1.103
-0.935
-1.672
-1.365
-0.887
-1.661
-1.707
-2.723
-1.476
 0.038
-0.788
 0.409
 0.667
 0.188
-1.421
 0.548
 0.023
 0.207
-0.478
-0.666
 0.342
 1.519
 0.259
-0.549
-0.428
-1.901
 0.596
 0.262
 0.607
-0.553
-1.497
 0.968
-0.143
-0.824
-1.352
-0.532
 0.096
 1.319
 1.026
-0.384
-0.343
-0.478
-0.200
 1.296
-0.504
-0.041
-0.779
 0.264
-0.946
-1.979
-0.724
 0.151
-0.830
-0.866
 0.367
-0.161
-0.226
 1.827
 0.905
-0.307
-0.752
-0.658
 0.530
-0.828
 0.867
-0.801
 1.287
 1.867
 0.611
 0.372
 0.619
-0.312
-1.387
 0.161
-1.021
-0.403
-1.632
-1.040
-1.074
-0.705
-0.191
-0.513
-1.267
-0.021
-0.715
-0.924
 0.755
 0.021
 0.340
 0.413
-0.095
 0.960
 1.741
 0.127
-0.014
-0.573
-0.597
-1.247
-1.226
-1.918
-0.453
-0.625
-1.570
-1.924
-0.379
 0.397
-0.762
-0.068
-0.032
-0.285
-1.711
-2.065
-2.568
-0.357
-1.532
-0.132
-0.288
-1.779
-2.245
-0.285
-0.356
-0.381
-0.582
-1.433
 0.170
-0.104
-0.606
-0.638
-0.169
-1.383
 0.810
-0.623
-0.768
 0.571
-0.297
-0.263
-1.231
 0.465
-0.086
 0.831
 1.384
 0.488
-0.713
-0.013
 0.338
-0.762
 1.245
 0.859
 1.549
 0.644
 1.607
 1.263
 2.031
 1.648
 1.699
 1.081
 0.598
-0.261
-0.712
-0.411
-0.934
-1.709
-1.806
-0.790
-0.148
 0.154
-0.668
 0.500
-0.173
 1.415
 0.143
 0.524
-0.808
-0.176
 1.397
-0.230
 0.792
-0.467
 0.735
 0.900
 0.472
 0.504
 0.879
-0.200
 0.300
 0.131
 0.526
 0.768
 1.288
 0.219
 0.948
 0.035
 0.422
 0.013
-2.240
-1.248
-0.299
 0.178
-1.133
 0.186
-1.823
-0.599
-1.573
-0.822
-0.165
-0.329
-1.594
-0.758
-0.320
 0.139
-0.063
-1.692
-0.004
 0.416
-0.603
-1.483
-1.244
-1.527
-0.795
 0.447
 0.048
-0.349
-0.216
 0.106
 1.155
-0.312
 0.289
 0.754
 0.995
 1.355
 0.076
 0.266
 0.465
 0.212
-0.325
 0.080
 0.461
 2.072
 0.187
-0.629
-0.524
-1.308
-0.698
-0.107
-0.144
-0.627
 0.973
 0.416
 0.841
-0.188
 0.193
-0.150
-1.663
-0.520
-1.104
 0.336
 0.360
-0.493
 0.597
-1.320
-0.772
-0.135
-0.646
 0.246
 1.507
-0.922
-0.714
-0.577
-1.587
 0.723
 0.000
-0.490
 1.164
-0.560
-1.093
 0.622
 0.547
 0.478
-0.391
-1.111
-0.227
 0.118
 0.232
 1.024
 1.580
-0.102
 0.270
-0.113
-0.022
 0.507
-0.944
-0.290
-1.660
-1.297
-2.487
-1.813
-0.875
-0.766
-0.974
-0.199
 0.726
-0.730
-0.644
-0.187
-0.626
-0.228
-0.306
 1.482
 0.622
 0.186
-1.501
-2.292
-0.845
-1.707
-1.535
-1.701
-0.197
-0.642
-0.108
-1.482
 0.483
 0.138
-1.136
-0.924
-0.538
-2.461
-0.978
-0.034
 0.690
 1.072
-0.235
 0.877
 0.577
 0.842
 0.158
 0.568
-0.079
-1.163
-0.910
-1.227
 1.095
-0.894
 0.625
-0.222
-0.551
 0.759
 0.505
-0.921
-0.058
 0.338
-0.845
 1.063
 0.522
 0.055
 0.094
 0.330
-1.073
-0.640
-0.026
-0.071
-0.100
-0.130
-2.122
-1.187
 0.135
 0.946
 0.487
 0.552
-0.245
 0.702
-0.348
 0.484
-0.298
-0.933
 0.934
-0.421
-0.914
 0.166
-0.427
-0.529
-0.135
-0.448
 0.398
 0.724
-1.024
-2.104
 0.121
 0.460
-0.267
-0.473
 0.338
-0.202
-0.354
 2.035
-0.044
-1.285
-1.057
-2.257
-2.065
-1.342
-0.100
 0.629
 0.269
 0.647
 1.606
 0.095
-1.283
-1.026
-2.886
 0.471
-0.337
-0.491
-2.053
-2.432
-2.556
-1.995
-2.128
-0.461
-0.882
-1.132
 0.234
-0.279
-1.351
 0.469
-0.003
-0.993
 0.828
-1.488
-2.080
-2.299
-2.446
-2.396
-2.714
-0.830
-1.014
-1.369
-0.687
-1.260
-1.470
-1.137
-1.074
-0.341
-1.630
-0.217
-1.183
-1.413
-1.743
-1.334
-1.062
-1.030
-1.779
-0.711
-2.079
-2.315
 0.560
 0.800
-0.282
-0.804
-1.928
-0.628
 0.771
 0.340
 0.757
 0.291
 0.554
 1.561
 1.273
 1.005
 0.150
 1.408
-0.547
-0.890
-0.262
-0.377
 0.350
 0.244
-0.417
-2.247
-1.680
-2.050
-0.949
-1.894
-1.810
-0.838
-0.645
-0.816
-2.005
-0.302
-0.767
-1.098
-0.856
-2.957
 0.164
-0.708
-0.432
-2.911
-0.142
-0.607
-1.242
-0.101
 0.596
 0.825
-0.930
-1.245
-0.479
-0.306
 0.548
 0.193
-1.277
-0.032
-0.464
-1.107
-1.401
-1.010
-1.453
-0.916
-0.047
-0.501
 0.185
-0.967
-0.704
-0.843
 0.043
-0.119
-0.600
-1.732
-1.764
-1.451
-1.426
-1.401
-0.104
-0.500
-1.686
-1.937
-1.459
-1.563
 0.571
 0.097
 0.439
-0.234
-0.462
-0.840
-0.526
-0.697
 0.231
-1.478
-0.017
-0.297
-1.006
-1.209
-1.087
 0.884
 0.962
-0.130
 0.206
-0.703
-0.497
-0.962
-0.208
-1.152
-0.764
-2.018
-2.181
-2.270
-0.511
-0.348
-1.406
-1.836
 0.366
-0.146
-1.358
 0.222
-1.583
-1.980
-1.153
-1.952
-0.505
-1.377
-0.402
-0.687
 0.148
 1.373
 0.225
-0.719
 0.736
 0.607
 0.135
-0.950
-1.644
-1.334
-1.544
-1.203
 0.529
 0.506
 0.414
-0.881
-0.276
-0.827
-1.170
 0.456
-0.533
-1.739
-0.132
-1.893
-0.922
-0.404
 0.167
 0.139
 0.811
 0.983
-0.224
-0.976
-0.791
-1.817
-0.093
-0.203
-1.580
-0.762
-1.026
-0.450
-1.939
-2.074
-1.469
-0.263
-1.067
-0.131
-0.611
-1.310
-1.568
-0.173
-0.170
-0.054
-0.098
-0.265
-0.103
 0.367
-0.117
 0.713
 0.274
 1.136
-0.198
-0.057
 2.026
 0.035
 0.511
-0.589
-0.142
-0.068
-0.201
-0.294
-0.339
 0.423
 0.589
-0.136
-1.236
-1.558
-1.806
-0.485
-0.240
-0.295
-1.629
-1.137
-0.296
 0.523
 0.428
-0.138
-0.214
-1.515
-1.588
-0.246
-0.617
 0.025
 1.371
 0.021
 0.892
 0.537
-1.172
-0.386
 1.448
 0.733
 1.354
 0.071
-1.359
-1.738
-1.332
-1.122
-1.290
-1.374
-0.684
-0.207
-0.338
 0.070
 0.302
 0.117
-0.802
 0.224
 0.797
-0.150
-0.247
-1.139
 2.190
-1.068
-0.818
 0.752
 0.003
-0.184
-0.777
 0.745
-0.987
-1.145
-0.871
-1.453
-0.965
-0.035
 0.651
 0.213
-1.799
-1.576
-0.786
 0.172
-0.700
-0.452
 0.007
-1.179
 0.223
 0.155
-0.441
-0.319
-0.040
-0.565
 0.871
 0.461
-0.037
-0.769
-0.749
-0.260
-0.999
-0.777
-1.740
-0.859
 0.176
 0.247
 0.631
 0.513
 0.345
 0.185
 1.418
 0.417
-0.110
-1.853
-1.510
 0.826
-1.241
-1.188
-1.027
 0.043
 1.638
 0.094
 0.587
 1.133
-0.853
-0.804
-0.690
-0.651
-1.758
 0.049
-1.220
-1.879
 1.391
-1.811
-2.001
-1.710
-2.044
-1.914
-1.574
-0.758
-0.497
-0.551
-0.496
-0.576
 0.684
 0.826
 0.046
-0.640
-1.258
-0.615
-3.416
-1.022
-2.613
-1.679
-2.395
-3.356
-2.111
-1.858
-0.328
-2.075
-1.171
 0.076
 0.243
-0.623
-0.848
-0.873
-0.226
 0.204
-0.981
-0.073
-1.784
-2.187
-1.878
-0.864
-0.621
-0.598
-1.802
-0.939
-0.895
-0.018
-2.159
-0.543
-0.805
 0.044
-0.894
-1.526
-1.090
 0.092
-1.078
-1.015
-1.371
-0.659
-0.089
-0.855
-0.359
 0.243
 1.177
 0.104
-0.513
 0.421
 0.665
 0.157
-0.166
 1.158
 0.128
-0.542
-0.726
-0.620
 0.298
 0.351
-0.780
-0.547
-0.179
-2.003
-1.336
-0.932
-1.450
-0.512
-0.346
-1.463
-2.196
-2.077
-0.554
-0.916
-1.141
-1.587
-0.170
-0.302
-1.355
 0.881
-0.814
 0.594
-0.920
-0.688
-1.736
-0.067
 0.284
-1.919
-0.482
-1.286
 0.026
 0.037
-0.071
-1.559
-1.267
 0.706
 0.191
-0.660
-0.098
 0.008
-0.530
 0.009
-1.349
-1.966
-1.412
-1.969
-1.209
-0.793
-0.385
-1.172
-2.023
-1.673
 0.502
-0.436
-0.207
-0.434
-1.248
-0.449
-1.000
-1.159
-0.532
-0.862
-0.143
-1.156
-1.802
-0.359
-0.634
-1.726
-0.094
-0.855
-2.030
-3.525
-1.835
-0.110
 0.006
 0.644
-0.552
-0.035
-0.256
-0.051
 0.203
-0.416
-0.720
-1.397
-0.309
-1.947
-2.436
-0.345
-2.163
-1.835
-0.475
-0.236
-1.092
 0.042
-0.014
-1.471
-0.356
-0.089
 0.224
 1.505
 0.559
-0.712
-0.623
 0.193
-0.001
 0.807
 0.788
 0.510
-0.950
-0.342
-1.658
-1.087
-1.221
-2.246
-0.862
-0.302
-0.005
-0.060
 0.259
-0.544
-1.657
-0.289
-0.938
-0.525
 0.724
-0.618
-0.845
 0.035
 0.249
-0.893
-0.938
-0.703
-0.241
-0.438
-0.445
-2.487
-1.497
-0.644
 0.155
-0.844
-0.108
-0.790
-1.278
-1.255
-0.515
-0.262
-0.767
-1.566
 0.640
-0.152
-0.045
-0.421
 0.047
-1.262
-0.017
-0.886
 0.172
 0.137
-0.493
 0.686
 1.415
 0.062
-0.354
 0.073
-0.895
 0.355
 1.794
 1.652
 0.992
 0.590
 0.605
 0.919
 1.591
 1.613
-0.043
-0.030
 0.440
 1.102
 2.213
 0.465
 0.142
 0.892
-0.436
 0.312
 0.482
 1.060
 0.913
-0.801
-0.259
 0.484
 1.860
 1.642
 0.554
 0.345
 0.069
 0.011
-0.874
 0.319
 1.097
 1.446
 0.170
-0.148
-0.385
 0.025
-0.628
 0.757
 0.436
 0.319
 0.786
-0.185
-2.171
-0.864
-0.141
-0.602
-0.170
-0.406
 0.784
-0.686
-1.076
-0.211
 0.677
-0.028
 1.379
-0.889
 0.193
 0.910
 1.412
 0.884
-0.072
-0.043
-0.007
-0.852
-0.014
-1.479
-0.606
-0.077
 0.621
 0.456
 0.926
 0.066
-1.726
-1.932
-0.151
 0.300
 0.280
 0.193
-0.280
-1.566
-1.058
-1.820
-1.546
-0.719
-0.874
-0.341
-0.610
-1.872
-0.340
-1.324
-0.950
 0.364
 0.217
-1.396
 0.368
 0.746
-0.018
-0.003
-0.584
-1.306
-1.836
-1.308
-0.077
-0.038
-1.763
 0.725
-0.769
-0.444
-0.289
 0.721
-0.283
 0.589
-0.115
 0.065
-1.357
-0.568
-1.562
 0.545
 0.542
-0.404
-0.498
 0.905
-0.478
 0.086
-2.275
 0.083
-1.360
-1.620
-0.994
-0.748
-0.703
-0.212
-0.857
-0.812
-0.662
 0.698
 0.616
-0.874
-0.465
-1.208
-0.517
-1.033
-0.712
-1.470
-0.168
 0.051
-0.547
-0.944
-0.987
-3.323
-1.890
-0.544
-0.003
 0.353
-0.758
 1.244
 0.655
 1.794
 0.268
 0.192
 0.358
-0.894
-2.370
-2.415
-0.990
-0.125
-0.419
-0.231
-0.545
 0.715
 1.429
 0.990
 0.311
-0.393
-2.363
-1.656
-1.301
-2.600
-0.923
-1.941
-1.348
-0.028
-1.365
-1.095
-1.432
-1.492
-1.414
-1.900
-3.241
 0.026
-0.576
-0.191
-1.806
-2.182
-0.515
 0.313
-0.751
 0.203
-1.237
-0.761
-1.616
 0.034
-0.263
-0.484
 0.859
-0.235
-0.661
-0.857
-0.553
 0.207
 0.357
-0.554
-0.874
-1.599
-2.296
-2.343
-0.322
-1.936
-2.191
-0.937
-0.923
-1.807
-1.703
-1.468
-1.034
-2.257
-1.165
-0.674
-1.693
-3.885
-0.887
-1.213
-2.359
-0.421
-1.643
-1.570
-0.539
-1.989
-1.761
-0.979
-1.327
-1.481
-1.773
-1.577
-0.313
-0.929
-0.832
-0.259
-1.043
-0.791
-1.303
-0.379
-0.679
-0.273
-0.953
-0.759
 0.609
-0.214
-0.281
 0.460
 0.747
 0.704
-0.380
-1.112
-0.922
 0.202
-0.555
-0.368
 0.418
-0.769
-0.185
 0.019
-1.126
-0.370
 0.684
 1.211
-1.240
-1.697
-2.527
-0.979
 0.753
-0.482
-1.423
-0.972
-1.063
-0.483
 0.857
 0.446
 1.206
 1.153
 1.002
 0.563
 1.767
 0.595
 0.444
 1.311
 0.472
 0.012
-0.424
-0.315
 0.556
 0.046
-0.521
-0.292
 1.706
-0.576
-0.258
 0.118
 0.063
-0.541
-0.367
-1.803
 0.269
 0.752
-0.896
-0.552
 0.140
 1.003
-0.273
-0.065
 0.043
 0.498
-1.284
-0.328
-1.074
-1.579
-1.010
-0.377
 0.854
-1.063
 0.056
-0.580
-1.683
 0.398
-0.246
 0.125
-0.188
 0.456
 0.101
-0.791
-1.385
 0.593
-0.559
 1.414
 0.586
-0.191
 0.008
 0.406
 0.376
 0.214
-0.069
-0.857
-0.807
-0.813
-0.193
 0.378
 1.307
-0.150
-1.219
 1.190
 1.778
 0.586
-0.924
 1.663
 0.135
-0.117
-0.816
-0.316
-1.938
-1.358
-0.962
-0.556
 0.578
 0.804
-0.640
 0.124
-0.237
-0.401
 0.632
-0.066
 0.094
 1.398
 1.288
-0.467
-0.599
 0.203
 0.041
-0.559
-0.114
 0.484
-0.088
-0.136
 1.581
 1.377
 1.177
 0.393
 0.488
 0.779
 0.407
 0.793
 1.111
 0.858
 0.390
 1.648
 0.198
 0.786
 2.354
 1.366
 0.655
 0.096
 0.152
 1.111
 1.733
 0.350
 0.057
-0.139
 0.941
 0.908
 1.589
 0.433
 0.561
-0.462
-0.901
 0.470
 0.896
-0.466
 0.268
 0.440
 0.397
 0.291
 0.647
-0.454
 0.215
-0.451
-1.326
-0.735
 0.323
 0.253
-1.080
 0.261
 0.599
 0.700
-0.661
-0.560
 0.447
 0.114
 0.448
-0.244
 0.411
-0.272
-0.069
-0.266
-1.222
-0.221
 0.509
-0.794
 2.011
 0.772
 0.544
 0.310
 0.539
 0.586
 1.383
 3.104
 1.286
-0.504
 0.145
 1.889
 0.848
 1.798
-0.092
-1.075
 1.030
 1.276
-0.351
-1.254
-1.010
-1.364
-0.652
 0.893
 0.408
 0.810
 1.259
 0.625
 2.043
 0.301
 0.593
 0.956
 1.373
 0.338
 1.118
 0.738
 1.586
 1.285
 0.697
-0.102
 1.944
 1.624
-0.389
 0.156
 0.159
 1.057
 1.726
 1.684
 2.030
-0.348
 1.131
 0.321
-1.102
 0.332
 0.457
 0.131
-1.335
-0.744
-0.206
 0.062
 1.365
 0.460
-0.197
 1.152
 0.923
 1.164
 1.350
 1.375
 0.685
 1.389
-0.410
 0.275
 1.227
 1.058
-0.846
-0.377
 0.089
 0.492
 0.356
 1.063
-0.413
-0.761
 0.426
 1.160
-0.632
-0.472
 0.485
 0.004
-0.323
-0.873
 0.086
-0.367
-0.212
 0.376
-2.508
-1.429
-1.429
-0.996
-0.389
 0.892
 0.887
 0.928
 1.517
 0.523
 0.820
 0.225
-0.594
 2.017
 1.127
 0.708
 0.189
 1.151
-0.398
 2.330
-0.214
 1.041
 0.932
 2.336
 1.098
 1.227
 1.135
 0.825
 0.889
 0.469
-0.128
 1.545
 1.716
 1.946
 0.945
-0.949
-0.101
-0.740
 0.856
-1.041
-0.747
-1.271
-1.560
 0.194
 0.231
 0.773
-0.494
 0.002
-1.200
-1.669
-0.976
-0.835
-0.526
-1.501
-0.886
 0.421
 0.864
 0.286
 0.616
 0.489
 0.874
 0.527
 1.186
 0.948
 0.148
 1.581
-0.213
 0.658
-0.389
 0.093
 0.582
-2.736
-0.598
-1.309
 0.026
-0.293
-1.039
 0.175
-0.644
-1.221
-1.245
-0.254
 0.910
-0.152
 0.849
 1.122
 0.469
 1.065
 0.592
 0.781
-0.072
 0.589
 1.781
 0.054
 0.413
 0.394
 0.332
 0.808
 0.053
 1.043
 0.004
-1.108
 0.539
-0.688
 1.023
-0.403
-1.388
-0.293
-1.694
 0.867
-0.562
-0.913
-1.414
-0.496
-0.511
-1.078
-0.946
-1.352
-1.542
 0.147
 0.048
 0.065
 0.280
-0.250
-0.874
 0.853
 1.817
 2.165
-1.414
 0.382
 1.113
 1.303
 0.476
 1.131
 0.415
 1.196
 0.258
 1.065
-0.297
-1.067
-0.325
 0.065
-0.822
 0.542
 0.596
 1.154
 1.502
 0.117
-0.060
 0.635
 0.087
-0.305
 0.349
 0.456
-0.298
 0.046
 1.572
 0.887
-0.276
-0.128
-0.040
-0.082
-0.612
-0.072
-0.818
 0.728
-1.207
-0.827
-1.619
-2.299
-0.070
 0.787
-0.885
 0.924
-0.522
 1.515
-0.180
 0.396
 0.560
 0.564
-0.101
 0.968
-0.148
-1.236
-1.918
-1.285
-2.029
-1.911
-0.673
-1.165
 0.469
 0.401
 0.063
-0.530
 0.150
-0.827
-1.010
 0.554
-0.871
-2.389
-1.173
-0.925
-1.704
-1.470
-0.555
-0.541
-1.602
-3.114
-1.621
-1.881
-2.932
-1.420
 0.095
 0.704
 0.508
-0.216
-0.158
-0.443
-0.285
-0.120
-0.913
-1.686
-2.196
-0.587
-1.727
 0.004
-0.012
 0.003
 0.541
 0.116
-0.929
-0.370
 0.568
 0.078
-1.932
-1.438
-0.346
 0.178
 0.022
-1.251
-0.874
-0.515
-1.345
-0.778
-0.710
-0.280
 0.147
-0.119
-0.126
 0.275
-0.317
 0.871
 0.632
-0.681
 0.296
 0.381
 1.025
 1.616
 1.019
 0.326
 0.924
 1.973
 1.329
-0.681
-1.167
-0.457
 0.866
-0.072
 0.533
 0.761
-0.169
 2.630
-0.184
-0.194
-0.248
-2.119
-1.322
 0.546
 1.079
 0.970
-0.253
 0.690
 1.348
 1.387
 1.081
 0.065
-1.390
-0.753
-2.151
-1.871
-1.728
-0.637
-0.817
-2.080
-0.247
-1.183
-1.246
-2.075
-1.065
 1.190
-0.237
-1.631
-0.056
-1.228
-1.832
 0.005
-0.262
-1.116
-0.849
 0.387
 1.228
-0.936
 0.902
-1.073
-0.926
 1.087
 1.321
 0.083
 0.507
-0.149
 0.238
-1.298
-0.052
-0.333
-1.873
-1.914
-1.855
-0.628
-2.414
-2.139
-1.216
-1.383
 0.048
 0.102
 0.821
 1.048
 0.241
-1.149
-0.604
 1.031
 0.333
-1.108
-0.222
-0.282
 1.498
-0.109
 0.638
-0.237
-0.289
 0.519
-0.568
 0.733
 1.791
-0.190
 1.646
 0.648
 1.421
 0.211
 0.253
 1.045
 1.417
 1.383
 1.979
 0.682
 0.387
 1.396
 1.575
 1.253
-0.281
 0.546
 0.212
 0.135
-0.052
 1.595
 1.032
 0.900
 0.479
 0.999
 0.471
 0.996
 1.414
 0.499
 0.200
 0.750
-0.106
 1.095
 1.091
 0.370
 0.168
-0.853
-0.329
-1.180
-0.217
 0.665
 0.740
-0.351
 0.225
-0.572
 1.313
 1.138
 0.711
 0.401
-0.336
 0.765
 0.080
 0.080
-0.494
-0.514
-1.123
-0.178
 0.378
-0.731
-0.881
-0.783
-0.659
-0.637
 0.039
-0.039
 0.499
 1.344
 1.220
 0.412
 0.680
 1.603
 1.614
 0.915
 0.826
 1.245
 0.996
-0.766
-0.676
 0.824
 0.850
 0.224
-0.106
 0.566
 1.087
 0.068
-0.183
-0.390
-0.936
 0.019
-1.793
-0.018
-0.426
-0.956
-0.112
 0.941
 0.219
 0.721
-0.009
-0.798
-1.266
-1.220
-1.368
-0.016
-1.523
-2.201
-2.081
-0.487
-0.212
-0.352
-0.303
 1.355
 2.011
 1.928
 0.321
 0.388
 0.313
 1.252
-0.609
 0.662
-0.958
-1.083
-0.725
 0.735
-0.266
 0.016
-0.700
-1.211
-0.215
-0.682
-0.859
 0.045
-0.621
-0.375
 1.581
 1.458
 1.168
 1.131
 0.408
-0.417
 0.080
-0.357
 0.334
-0.888
-1.234
-0.835
-0.913
-0.848
-1.064
-1.379
 0.349
-0.661
-1.349
-0.290
 0.249
-0.098
-1.386
-0.771
-0.250
-0.397
 0.045
-0.409
-0.761
 0.483
-0.956
-0.069
-0.267
-0.831
-0.305
-1.216
-0.770
 0.507
 0.588
-0.905
-1.202
-1.105
-1.231
 0.223
 0.059
 0.127
-2.079
-1.679
-0.261
-1.174
-1.898
-1.979
-2.264
-1.977
-1.392
-1.754
-0.752
-0.759
-1.803
-0.522
-1.275
-1.714
-1.227
-0.426
-0.890
-0.848
-0.678
-0.224
-0.748
-0.069
 0.223
-0.892
-1.181
-1.136
-0.575
 0.593
 0.213
-0.330
-0.528
-1.619
-0.137
 0.188
-1.288
-0.486
-0.539
-2.194
-1.885
-0.931
 0.079
-0.677
-1.758
-2.068
-1.430
-1.503
-0.625
-1.401
-1.597
-0.585
-0.507
-0.182
-1.026
-2.314
-1.267
-1.270
 0.371
-0.323
 0.135
 0.539
-0.423
-0.376
 0.865
 0.642
 0.359
 0.045
-0.228
 0.568
-0.046
 0.072
 0.568
 0.486
-0.375
-1.918
-0.088
-0.647
-0.984
-0.936
-0.923
-1.226
-0.820
-0.630
-0.876
-2.349
-1.033
-1.061
 0.312
-1.840
-2.403
-0.208
-0.989
-0.890
-1.128
-1.918
-2.492
-0.813
-0.845
-0.973
-0.266
 0.937
-0.350
-0.095
-0.714
 1.067
-0.315
-0.087
 0.884
-0.635
-0.062
-0.153
-1.145
-0.647
-1.677
-1.368
 0.147
-0.351
 0.268
-0.357
 1.188
-0.384
 0.620
-1.035
-2.181
-0.972
-0.991
-1.348
-1.707
-0.884
-2.118
-1.267
-1.478
-1.349
-1.023
-1.451
-1.802
 0.285
 1.328
-0.525
-0.489
-0.360
-0.507
-0.495
 0.389
 1.600
-0.142
-0.613
-0.160
-0.278
-1.704
-0.551
-0.741
 0.136
-0.562
 1.614
-0.094
-1.292
-0.725
-0.103
 0.228
 0.778
-0.779
 1.227
 0.984
 0.900
-0.042
-1.033
 0.290
 1.046
-0.562
-0.469
 0.553
 0.137
-0.203
 0.090
-0.474
 0.555
 0.539
-1.549
-0.723
 0.803
 0.205
 0.863
 1.733
 0.971
 1.284
 0.351
 0.481
-0.980
 0.204
 0.930
 1.366
 1.016
 0.806
 1.773
 3.110
 1.713
 0.779
 0.381
-0.720
 0.102
-0.787
-0.040
 0.221
-0.327
-0.990
-0.773
 0.755
 1.030
 1.238
 0.443
 0.639
 0.398
 1.141
 1.092
 0.529
-0.300
 1.293
-1.000
-0.672
 0.603
 0.550
 0.014
 0.105
 0.195
-1.442
-1.617
-1.297
-0.808
-1.202
-1.024
-0.411
 0.574
 1.234
 0.369
 0.728
 1.462
 1.508
 0.787
 0.025
 0.228
-0.315
-1.036
-1.013
-0.266
 0.440
-1.450
 0.049
 0.469
 0.298
 1.341
 1.318
 0.608
 1.519
 0.932
 0.377
-0.851
 0.199
-0.148
 0.277
 0.067
 0.926
 1.652
 1.953
 1.130
 1.995
 1.605
 0.708
 0.461
 1.389
 1.336
 1.420
 0.486
 0.806
 2.275
 1.560
 2.051
 2.825
 2.043
 0.224
 0.074
 0.163
 0.463
 1.537
 1.969
 0.618
 0.782
 0.537
 1.346
 0.535
 1.806
 3.137
 1.179
 0.679
 0.945
 1.176
 0.114
 0.679
-0.438
-1.197
 0.464
 0.739
 0.171
 0.326
 0.857
 0.875
 1.405
 1.644
-0.060
-0.946
-0.590
 0.288
 0.799
 0.660
-1.215
-2.896
 0.063
 0.123
-0.365
-1.943
-1.076
-1.456
 0.072
-0.879
-1.105
 0.114
-0.776
-0.813
-1.628
-0.047
-0.212
 0.541
 0.229
 0.459
 0.670
-1.636
-0.088
-0.763
-0.169
-1.976
 0.036
 0.986
-0.788
-1.438
 0.697
-0.867
-0.306
-0.185
 0.115
-0.381
-0.353
-0.827
 0.157
-0.280
-0.410
 0.603
-0.690
 0.552
-0.561
 0.023
-1.216
-0.711
-0.277
 0.096
 0.968
 0.757
-0.609
-0.980
-0.511
 0.059
 0.199
 0.191
 1.273
 1.137
-0.106
 0.606
-0.362
-0.180
 0.969
 0.167
 1.398
 1.070
 0.093
-0.612
-2.349
-0.395
-0.330
-0.768
-0.943
 0.727
 1.031
 2.370
 2.485
-0.123
-0.377
-0.336
 0.781
 0.051
 0.451
 0.763
 0.121
 0.161
 0.218
-1.312
-1.610
 0.802
-0.576
 0.535
 0.233
 0.242
 1.190
 0.273
 1.278
-0.101
-1.471
-0.611
-0.257
 0.509
-0.965
 0.338
 0.316
 0.107
 0.533
-1.469
-1.763
-0.895
-0.071
 0.134
 0.018
-0.397
-1.817
-2.201
-0.833
 0.507
-0.289
-0.732
 0.597
-0.905
-1.659
-2.140
-1.310
-0.252
 0.229
-1.162
-1.729
-0.771
-0.902
-1.435
-2.208
-1.405
-0.909
-2.110
-3.041
-1.351
-0.480
-0.242
 0.153
 0.549
 1.498
 0.684
 0.355
 0.055
 0.630
 1.950
 1.450
 1.108
-0.266
 0.384
 0.198
-0.036
-0.110
 1.282
 0.760
-0.719
-0.351
-0.417
 0.027
 0.190
 0.117
-0.463
 0.176
 0.115
-0.409
 0.153
-0.117
 0.555
 1.298
 0.514
-0.118
 0.637
 0.646
 0.760
 0.419
 0.116
 1.639
 1.119
 0.800
 0.225
 1.079
 2.036
 0.213
 0.502
-1.061
-0.075
 0.964
 0.191
-0.086
-0.523
-0.124
-0.172
 0.719
 1.903
 1.670
 0.544
 0.148
 0.418
 0.132
 1.230
 0.082
-0.428
-0.215
 0.083
-0.059
 1.560
-0.171
-0.144
-1.057
-0.839
-0.368
-0.733
 0.422
-0.473
 0.321
 0.879
 0.922
 0.551
 0.021
 1.423
 0.651
 0.204
 0.003
 0.108
-1.340
-1.842
-1.302
-0.268
-0.588
 1.207
-0.647
-0.657
-0.245
 0.224
-0.417
-0.765
-0.159
-0.277
-0.515
 0.879
 0.354
 0.696
 0.635
 0.849
 0.046
-0.842
 0.299
 1.619
 1.638
 0.418
-0.369
-0.469
 1.170
 1.013
 1.379
-0.050
-1.313
-0.038
 0.284
-0.483
-0.336
 1.873
 0.433
-0.022
 0.551
 0.017
 0.277
 0.989
-0.597
 0.678
-0.341
 0.936
 0.134
 0.840
 0.927
 1.011
 0.180
 0.352
-0.031
-0.837
 0.423
-0.113
 1.750
-1.104
 0.689
 1.707
 0.244
 0.626
 1.017
-0.606
 0.873
 0.812
 0.890
 0.943
 0.975
 0.124
 1.072
 0.750
 0.121
 0.061
 0.226
 1.134
 2.345
 0.077
 2.557
 0.971
 1.546
 0.169
 1.091
 0.436
-0.135
 0.905
-0.906
-0.558
-0.776
-2.161
-0.117
-1.224
-0.189
-0.629
-0.622
 0.296
 0.140
 0.359
-0.141
 0.691
 1.154
 1.832
 0.579
 1.948
 1.603
 1.333
 1.075
 2.549
 1.840
 2.343
 2.643
 1.094
 2.391
 1.720
 0.181
 3.110
 2.251
 1.779
 1.998
 1.073
 0.553
 0.894
 1.939
 0.261
-1.034
 0.481
 0.610
 0.839
-1.345
-0.117
 1.841
 1.282
 0.783
 0.135
-0.591
-0.019
 0.243
 0.110
 1.330
 1.019
 0.326
 0.192
 0.142
 0.117
 0.274
 0.073
 2.383
 0.469
 1.449
-0.396
 0.946
 1.690
-0.633
 0.546
-0.324
-0.354
-0.281
 0.432
-0.069
 0.942
 1.010
-0.325
 0.859
 1.215
 1.461
 1.796
 1.111
-0.386
 0.322
 0.113
 0.913
 0.350
 0.989
 0.260
 0.107
 1.108
 0.632
-0.323
-1.145
-1.161
 0.539
-1.086
-1.026
-0.709
-0.577
-0.738
 0.474
-1.513
 0.109
-0.324
-0.943
-0.315
-1.034
-0.568
-0.429
 0.614
-0.097
 0.448
 0.431
 0.593
-0.018
-0.060
 0.241
-0.591
-1.160
-1.153
-0.031
-0.429
-0.152
-0.321
-0.306
-1.320
-0.382
 1.280
-0.237
-0.384
 0.100
-1.201
-0.428
-0.353
-0.271
 2.075
 0.564
 0.515
 1.397
-0.856
-1.312
-0.438
-0.248
-0.427
 0.344
-0.349
 0.184
 1.545
 0.795
 0.399
 1.812
 0.934
 0.908
-1.492
 0.015
 0.993
 1.375
 0.612
-0.389
 0.230
 0.897
-0.148
 0.385
 0.165
 0.082
 1.506
-0.215
 0.318
-0.040
-0.525
-0.089
-0.562
-3.352
-0.640
 0.178
 0.042
-0.366
-0.748
 0.467
 0.267
 1.910
-0.212
-0.089
-0.225
-0.263
-0.090
-0.733
-0.574
-0.007
-0.501
 1.441
-0.119
-1.378
-1.010
-0.960
-1.821
 1.379
 1.821
 0.698
 0.518
 1.837
 0.165
-0.449
-0.629
-0.347
 1.069
-0.143
-1.973
-1.043
-0.360
-0.723
-0.964
-1.233
-0.360
-0.922
-2.226
-1.547
-2.447
-2.551
-0.671
-1.009
-2.828
-1.613
-1.224
 0.279
 0.669
-1.255
 0.069
-1.095
-1.435
 0.416
-1.040
-0.941
-0.597
-0.683
-0.759
-0.093
-0.265
-1.989
 0.788
-0.742
 0.521
 0.663
 0.241
-0.769
 0.361
-0.785
 0.329
 2.289
-0.069
-0.709
 0.086
-0.634
-1.157
-1.015
-0.461
-0.206
-1.562
 0.422
 1.157
 0.669
 0.480
-0.825
-0.730
-1.486
 0.115
 0.735
-1.290
-0.744
-0.774
-0.089
 0.598
 0.203
 0.211
 1.022
 0.849
 0.927
-0.683
 0.236
-1.340
 0.546
 0.912
 0.640
-0.054
-1.540
-1.122
 0.085
-0.171
-0.084
 0.340
-0.340
 1.839
 0.493
 0.460
 0.334
 1.871
 1.687
 1.810
 2.405
 0.596
-0.416
-0.615
 0.251
 1.147
 0.247
 1.713
 0.281
 0.831
-0.609
 1.258
 0.121
-0.060
 0.370
 1.113
-0.102
-0.803
-2.049
-2.175
-0.503
-1.499
-0.803
-0.278
-1.200
 0.413
 0.691
-0.115
 0.819
 0.475
 0.508
-0.219
 0.020
-0.278
-1.750
-0.890
 1.209
-0.600
 1.066
 0.080
-0.042
 0.200
-0.159
-0.987
-0.045
 0.650
-0.477
-0.596
 0.042
 1.132
 1.074
 1.262
 0.747
-1.429
-0.536
 0.376
 0.179
 0.713
-0.117
-1.263
 0.295
 0.828
 0.035
-0.767
 0.796
-1.130
 0.042
-1.046
 0.395
 1.830
 1.481
 1.707
 1.438
-0.533
 1.992
 0.364
-0.332
 0.399
-0.046
-0.466
-0.149
 0.960
-0.383
-0.318
 0.141
-0.255
 1.336
 0.695
 0.596
 0.128
 0.652
 1.317
 0.451
 2.476
 0.953
 0.556
 0.545
 1.442
 1.090
 1.368
-1.389
 1.559
-0.052
 0.370
 1.403
 0.628
-0.125
-0.635
 1.860
 1.497
 0.622
 0.355
-0.112
-0.368
-0.291
 0.159
 0.172
 1.506
 1.076
 0.087
-0.014
 1.241
 1.126
 2.039
-0.486
 0.412
 0.364
 1.063
 0.489
 0.172
 0.585
 0.850
 1.065
-0.634
-0.121
 0.413
 0.767
 0.520
 0.393
 0.233
 0.878
-0.684
-0.283
-0.041
-0.310
-0.929
 0.139
 0.281
 1.094
-0.731
 1.659
 1.629
 0.831
 1.816
 1.874
-0.095
 0.390
 1.229
 0.955
 1.522
-0.633
 0.824
 2.006
 0.749
 1.818
 0.393
 1.036
-0.822
 0.280
 1.184
 1.278
 1.191
 1.280
-0.445
-0.097
-0.693
-0.734
-0.934
-1.463
-1.832
 0.216
-0.216
-2.739
-1.976
-1.408
-0.886
-0.594
 0.031
-0.008
-0.928
 0.815
 0.760
-0.183
-0.019
-1.825
-1.510
-0.957
 0.022
 0.577
-0.432
-0.626
 0.881
 0.261
 1.998
 0.934
 0.327
-0.727
 0.518
 1.097
-0.157
 0.242
 0.105
 0.122
 0.040
-0.768
 0.001
 0.490
 0.309
 0.138
-0.005
 0.721
-1.107
-0.268
-0.785
 1.385
 1.515
 1.850
 1.435
 0.404
 0.203
-0.358
 0.186
-1.078
-0.940
-1.286
-1.891
-0.919
-2.245
-0.721
-1.228
-0.841
-1.482
 0.169
-1.220
-0.603
 0.207
 0.720
-0.310
-1.188
-2.488
-0.160
-1.211
-1.089
-2.578
-1.705
-0.590
-0.747
-0.348
-1.043
-0.221
 0.799
-0.934
 0.598
-0.505
-0.370
-0.678
-0.518
-0.679
 1.116
-1.211
-1.767
-1.595
 0.462
 0.428
 1.660
 0.399
-0.911
-0.013
 0.279
-0.455
 0.232
 0.820
 0.509
 0.970
 1.577
 0.516
-1.285
-1.998
-0.583
 0.141
-1.512
-2.285
-1.384
 0.077
-0.464
-1.017
-1.055
-0.296
-0.080
-0.558
-0.274
-0.708
-0.524
 0.748
 1.328
 1.612
 1.274
 0.471
 0.602
 0.169
 0.030
 0.299
-0.074
 0.377
 0.720
-0.778
 0.221
 1.006
 0.630
-0.872
-0.427
 0.692
 1.298
 0.171
-1.160
 0.109
 0.670
 0.847
 0.651
 0.918
 0.104
 2.127
 0.528
 0.642
-0.536
 0.097
-0.609
-0.899
-0.653
-1.470
-0.226
-0.924
-1.090
-1.360
-1.690
-0.733
 0.707
-0.321
-0.404
 0.271
-1.188
-0.368
-0.633
-1.575
-0.978
-1.707
-0.784
-0.434
-0.458
-0.080
 0.164
-1.310
-1.194
-1.851
-1.397
-1.267
-0.500
-1.415
-1.508
-1.368
-0.192
-0.608
-1.573
-1.384
-0.796
-0.684
 0.413
-1.570
-1.410
-0.497
 0.103
-1.556
-0.741
-1.180
 0.408
-0.913
-0.503
-1.196
-1.156
-0.483
-1.051
 0.145
-0.059
-1.518
-1.003
 0.870
 0.397
 1.554
 0.641
 0.327
-0.422
-0.583
 0.351
 0.778
 0.687
 0.756
 0.137
 1.119
-0.193
-0.515
-0.014
 1.162
 0.391
 0.702
 0.936
-2.277
-0.550
-0.567
-1.469
-0.133
-0.225
-0.274
-0.646
-0.415
-0.774
 0.072
-0.012
 0.765
 1.068
 1.155
-0.636
 0.852
 1.266
 0.925
 0.950
-0.221
 0.682
 0.046
-0.688
-0.799
-0.092
-0.809
-0.573
-0.954
 0.334
-0.400
-0.360
-0.204
 0.931
 0.803
 1.787
 0.642
-0.287
 1.354
-0.153
-0.886
-1.412
-0.203
-0.188
 0.339
 0.185
 0.506
 1.036
 0.445
 0.118
-0.532
-0.200
-0.438
-0.126
-0.333
-1.770
-1.207
-0.891
-0.992
 1.063
 0.249
-0.068
 0.700
 0.495
 0.269
-0.139
-0.180
 0.364
 0.334
 1.405
-1.359
-0.346
-0.359
-0.210
-2.783
-0.788
-0.491
 0.471
 0.303
 0.529
 1.051
 2.264
 1.330
 0.558
 0.042
 0.696
 0.876
 1.822
-0.494
-0.913
-0.363
-0.787
-0.315
-0.403
 0.215
-0.178
-0.704
 0.280
-0.197
 1.132
 0.000
 0.699
 0.860
 1.881
 0.862
 0.332
 0.513
-0.379
 0.656
-0.107
 3.607
 1.777
 0.980
 0.626
 1.084
 2.241
 0.989
 1.633
 2.662
 3.699
 2.385
 0.947
 0.741
 2.083
 1.715
 1.531
 0.601
 0.050
-0.138
 0.133
-0.486
 0.089
-0.202
 1.868
 1.718
 0.376
 0.897
 1.451
 0.357
 1.332
 0.246
 0.619
 1.844
 1.125
 1.707
 1.526
-0.276
 0.353
 0.109
-0.048
 0.122
 0.776
 0.974
 2.123
 1.163
 1.074
 0.568
 1.075
 0.554
 0.579
 0.596
-0.904
-0.998
-1.041
 0.091
 0.467
-0.906
-0.807
-0.819
 0.100
 1.850
 1.216
 0.143
 0.859
-0.512
 0.225
-0.515
-0.111
-1.476
-1.343
-1.781
-0.132
 2.248
 0.365
-0.201
-0.712
 0.849
 0.861
 1.581
 1.001
 0.180
 2.765
-0.397
-1.011
 2.543
 0.982
 0.510
 0.537
 0.961
-1.301
-0.038
 0.185
 0.528
 0.695
-1.984
 0.188
 1.834
 1.050
 1.127
-1.808
-0.827
-1.708
-0.731
 0.966
-1.063
-1.759
 0.051
-0.144
 0.447
 0.416
 0.523
-0.373
-0.674
-0.696
 0.793
 1.417
 0.471
 0.210
 0.585
 0.196
-0.296
 0.293
-1.446
-0.242
-0.546
 0.279
 0.594
-0.272
 0.488
-0.028
 0.501
 0.092
 1.719
 0.843
 0.238
 0.322
 0.911
 0.683
 0.092
-0.544
 0.419
 2.065
 2.845
 2.319
 0.907
 1.400
 0.708
 1.811
 2.108
 0.097
 0.064
-1.511
 0.476
 0.963
-0.003
-0.024
 0.377
-0.102
-0.873
 0.622
 1.113
 0.457
-1.154
 0.231
 0.270
-0.161
-0.276
-0.531
 0.791
 0.768
 0.295
 0.499
 1.197
 1.459
 0.320
-1.186
-0.456
-0.063
-0.989
 0.426
-0.303
-0.670
-0.285
-0.838
-1.552
 1.276
 0.561
 1.356
-0.066
-0.843
 1.188
 1.452
 1.932
 1.519
 0.145
 0.802
 0.182
-0.115
 0.605
 1.551
 1.807
 1.013
 1.736
 0.930
 0.446
-1.332
-0.765
-0.010
-1.466
 0.601
-0.084
-0.527
 0.264
 0.422
 1.173
 1.909
 1.750
-0.533
 1.060
 1.382
 1.349
 0.428
 0.430
 0.103
 0.299
 1.337
 0.441
 1.252
 1.252
-1.333
-0.438
 0.960
 0.739
-0.106
-0.554
-0.425
-0.046
-1.932
-0.138
 0.455
 0.465
 0.428
 0.763
 1.373
 1.610
 1.268
 0.092
 1.291
 1.163
 1.395
-0.012
 0.419
 2.186
 1.673
 0.519
 1.227
 0.160
 1.629
 0.189
 0.962
 0.325
 0.040
-1.032
-0.587
 0.423
 1.205
-0.603
 0.590
 0.044
-0.014
 1.784
-0.243
 1.050
 1.167
 0.276
 0.006
 0.552
-0.573
-2.208
-1.124
 1.706
-0.642
-1.423
-0.617
-0.670
-1.014
 1.443
-0.131
-1.963
-0.016
-0.796
-0.616
-0.857
 0.092
 1.095
 0.685
-0.317
 0.507
-0.612
 0.215
 0.368
-0.537
-1.906
-1.256
 0.075
-0.084
-0.131
 1.076
-0.326
 0.628
-1.467
 0.286
-1.131
-0.338
-0.042
 0.216
-0.868
-0.522
-0.819
 0.109
-0.696
-0.276
-0.216
 0.546
 0.589
 0.985
-0.413
-1.417
-0.174
-1.304
 0.144
 0.036
 0.409
 1.615
 0.410
-0.020
 0.518
 1.154
 0.829
 0.571
 1.001
-0.304
-0.614
 0.632
 0.480
-0.345
-0.451
-0.135
 0.451
-0.778
-1.390
-1.657
-1.495
-1.670
 0.628
-0.340
 0.249
 0.883
 0.277
-0.291
-1.531
-1.988
-1.741
-1.794
-0.700
-0.744
 0.108
 0.068
-1.230
 0.540
-0.288
-0.461
-0.388
 0.371
-0.590
 1.590
 1.373
-0.269
 0.030
 0.659
 1.438
-0.201
-0.524
 0.995
 0.402
-0.849
-1.065
 0.244
-0.127
-0.723
-0.651
-2.304
-0.244
-0.188
-0.429
 0.482
-0.707
-0.963
-1.018
-0.027
-1.143
-1.174
-2.226
-1.812
-1.589
-2.067
-0.676
-0.395
-0.243
-1.018
-0.424
-1.200
-1.486
-2.284
-1.983
-2.462
-1.072
-1.368
-1.483
-1.006
-0.831
-1.026
-1.300
-1.530
-0.498
 0.820
 1.696
 0.594
 0.221
-0.777
 0.577
 2.074
 1.436
 0.623
-0.186
 0.663
 0.924
 0.024
 0.432
 0.498
-1.148
 0.111
 0.556
 0.358
 0.167
 1.131
 2.524
-0.013
 0.601
-0.358
 1.014
 0.940
 0.287
-0.491
-0.420
 1.000
 0.320
 0.424
 2.351
 0.739
 1.090
 0.353
 0.563
 0.745
 0.934
 1.964
 3.224
 2.701
 2.600
 1.974
 2.591
 1.707
 0.987
 2.113
 2.148
 0.699
 1.240
 1.383
 0.968
 1.570
 1.750
 1.055
 0.660
 0.826
 0.594
 1.881
-0.052
-0.268
-0.275
 0.405
 1.579
 1.574
 1.657
 1.680
 1.346
 1.070
 1.624
-0.041
 1.960
 2.208
 1.378
 1.227
 0.767
 1.130
 1.404
 2.101
 2.009
 1.663
 1.588
 1.400
 0.374
 1.241
 0.726
 0.395
 0.203
 1.678
 0.803
 0.181
 0.187
 0.182
 0.737
 0.967
 1.445
-0.228
-1.465
-0.292
 0.665
-0.581
-1.177
-0.513
 0.887
 0.642
 0.052
 2.155
 1.093
 0.984
 0.533
-0.038
 0.424
-0.143
 0.803
 0.463
 2.326
 1.762
 0.837
-1.319
 0.495
-0.090
 0.679
 0.089
-0.463
-1.347
 1.272
 1.991
 0.845
-1.180
 0.455
 1.437
-0.801
 0.447
 1.123
 2.103
-0.254
 1.359
 0.167
 0.871
-0.734
 0.909
 0.723
 1.461
 1.100
 1.278
 1.777
-0.242
 0.341
 1.003
 0.569
 0.883
 0.279
-0.660
 0.313
 0.410
-0.673
-0.555
 0.737
 0.524
-0.548
 0.124
-0.392
-1.164
 1.182
-0.434
-0.126
 0.224
 0.424
 1.302
-0.534
 0.835
 0.768
 0.678
 0.105
 0.505
 0.695
 1.647
 0.548
 0.839
 0.887
 0.903
 1.101
 1.119
 0.010
 0.351
 0.924
-0.237
-0.605
 0.180
-0.533
-0.125
-0.764
-1.233
 1.108
 0.630
-0.321
 0.340
 0.454
-1.547
 0.016
-1.359
 0.079
 1.698
 2.534
 2.662
-0.283
 1.044
-0.564
-0.961
 1.360
 0.401
-0.407
-0.542
-0.394
 0.121
 0.052
-0.890
 0.102
-0.007
 1.110
 0.150
-1.239
-0.026
 0.163
 0.566
-0.802
 1.103
-0.974
 0.034
 0.364
 0.212
-0.514
-0.209
 1.052
 0.823
 0.355
-0.187
 0.329
 0.673
 0.647
 0.690
 0.080
 1.725
 1.935
 1.177
 0.359
-0.288
 0.593
 0.355
 0.588
 0.504
-0.191
-0.535
 0.796
-0.222
 1.549
-0.681
 0.825
 1.435
 1.141
 0.120
 1.005
-0.345
 0.003
 0.537
-0.204
 0.087
-0.263
-0.259
-0.690
-1.465
-0.979
-0.407
-1.240
-0.621
 1.779
 1.062
 1.771
 0.315
-0.352
-0.290
-1.279
-0.520
-0.835
-0.660
 0.010
 0.235
 1.444
-0.226
-0.455
-0.562
-0.593
-0.838
-2.093
-1.751
-0.474
-0.624
-0.906
-2.191
-1.136
-0.665
-1.578
-0.465
-1.099
 0.193
 0.365
 1.526
 1.416
-0.666
 1.287
 0.869
 0.554
-0.282
 1.049
 0.630
 0.671
-0.909
 0.460
 0.503
 1.042
-0.442
 0.134
-0.308
-1.543
-0.387
-0.213
-0.180
 0.305
-0.038
 0.492
 0.859
-1.064
 0.162
-1.064
-0.277
-0.146
 0.758
-0.032
-0.262
 0.330
 0.635
-0.521
-0.465
 0.424
 0.720
-0.315
-0.463
-0.211
 0.250
 1.456
 0.005
 0.998
 3.271
 1.214
 0.217
-0.439
 1.473
 1.154
 1.715
-0.771
 0.791
 0.689
 1.672
 1.958
 0.284
 0.403
 0.687
 1.195
 0.044
 2.530
 1.193
 1.254
 0.155
 1.743
 2.294
 2.025
 1.610
 2.311
 0.745
 1.106
 0.030
 0.140
 0.043
 0.642
 0.175
-0.186
 0.525
 0.110
 0.150
 0.822
 0.560
 0.953
-1.518
-0.946
 0.475
-1.003
-2.405
 0.973
 0.708
 1.446
-0.775
 0.382
-0.413
-0.542
-1.291
-0.449
 1.011
 0.317
 1.222
 0.076
 0.986
 0.363
-0.065
-1.133
-0.468
-0.794
-2.581
-0.231
-0.750
-1.692
-1.801
-1.680
-0.531
-0.518
 0.625
 0.710
 0.926
 0.544
 0.538
-0.323
 1.723
 0.122
-0.040
 0.622
 2.096
 1.241
 0.381
 0.951
-0.179
 0.146
 0.135
 0.390
 1.290
 0.296
 0.569
-0.639
-0.058
 0.274
 1.524
 1.141
-1.164
-0.652
-0.096
-1.377
-0.456
-1.387
-0.193
-0.442
-0.841
-1.125
-0.203
-0.067
-0.168
 0.418
 0.422
-1.734
-0.447
-1.736
-1.440
-0.335
 0.376
 0.041
 0.286
 0.194
-0.547
-0.953
-1.314
-1.930
-2.048
-1.566
-1.046
-0.688
-0.526
-1.462
-0.017
 0.068
 1.534
-0.661
-1.071
-1.686
-0.297
-1.910
 0.666
-1.867
-2.702
-1.072
-0.195
-0.463
 0.502
-0.431
-0.308
-0.606
-0.170
-1.737
-0.323
 2.058
 0.167
-0.181
-0.874
 0.108
 0.316
-1.482
-0.015
 0.418
 1.619
 0.786
 0.121
 0.117
 0.884
 0.712
 0.434
-0.971
-0.520
-1.567
-0.189
-0.809
 0.082
-0.691
 0.771
-0.370
 0.327
-0.843
 0.084
 0.550
-0.335
 1.286
 0.322
 2.031
-0.219
 0.134
 0.715
 0.509
-0.302
-0.604
 0.944
 0.120
-0.699
-0.043
 0.160
-0.909
 0.306
 1.238
-0.014
 0.052
 0.213
-1.643
-0.239
 0.128
-0.206
-0.624
-0.700
-1.367
-1.766
-1.153
-2.832
-1.416
-1.524
-0.002
-0.207
 0.650
-0.119
 0.064
-0.788
-0.067
-1.281
-0.892
-0.700
-0.394
-1.269
 0.307
-0.317
 0.028
-0.519
-1.383
-0.586
 0.421
-1.215
 0.046
-0.584
 0.457
 0.355
-0.236
 0.959
 1.331
 0.836
 2.064
 1.008
 0.917
 1.700
-0.034
 0.238
 0.526
-1.313
 0.315
-0.134
 0.397
 0.511
 1.486
 1.528
 1.116
-0.046
 0.331
 1.605
 0.957
 1.668
 1.540
 0.152
 0.333
-0.640
-0.417
-0.199
 0.721
-0.732
-0.053
-0.255
 0.035
 0.480
-0.321
 0.900
 0.135
-1.090
 1.559
 1.475
 1.070
-1.697
-0.184
 0.836
 0.638
 1.462
 0.725
 0.142
-0.110
 0.817
 1.224
 0.504
-0.653
 0.912
-0.267
 0.355
 0.215
 0.311
 0.812
-0.472
 2.031
 1.512
 0.246
-0.215
 0.685
 1.054
 1.129
 0.462
 0.254
 0.249
 0.253
 0.439
 0.310
-0.166
-0.280
 0.100
-1.737
-1.342
-0.485
 0.308
 0.652
 0.259
-0.015
-0.779
-0.679
-1.241
 1.396
 0.685
 0.376
-0.509
-1.800
 0.146
-1.401
-0.649
-0.165
-0.356
-0.538
-0.367
-0.281
 0.625
-0.543
 0.659
-0.029
-0.601
 0.338
-0.523
-0.174
 0.525
 0.684
 1.199
 0.277
 1.356
 0.693
 0.617
-0.334
-0.085
-0.219
 0.128
 0.670
-0.164
 0.731
 0.182
-0.098
 0.531
-0.252
 0.672
-0.609
-0.064
 0.788
 0.593
 1.296
 0.629
 0.630
-0.022
-0.149
-1.343
 0.733
 0.856
 1.731
 1.025
 2.589
 0.459
 1.440
 2.285
 0.538
 0.682
-0.477
-0.447
 0.121
 0.628
 1.613
 1.048
 0.491
 0.099
 0.507
 0.287
 2.372
 2.577
 2.802
 2.254
 1.688
 1.378
 1.439
-0.523
 0.724
 1.424
 1.706
 0.222
 0.390
 1.516
 1.408
 2.325
 1.624
 2.262
 0.411
 1.610
 1.972
 0.459
 1.470
 0.273
 0.965
-0.133
 1.340
 0.700
 1.179
 2.092
 0.599
 0.321
 0.632
 1.166
-0.954
-0.071
 0.726
-0.990
-0.313
-0.247
-1.554
-0.592
-0.197
-0.238
 0.287
 0.090
 0.399
-0.240
 0.414
 0.912
 0.435
 0.808
-0.147
 1.145
-0.631
 1.198
-0.357
 0.910
-0.288
-0.673
-0.217
 0.221
-0.007
 0.766
-1.886
-0.371
 0.877
-0.021
 0.641
-0.205
 0.840
 1.106
 0.978
 1.213
 0.596
 1.370
 0.188
-0.207
 0.598
 1.262
 1.914
 0.569
 0.473
-0.445
 0.184
 1.321
 1.255
 0.275
-0.238
 1.042
 1.734
 0.870
-1.204
 0.235
 1.507
-1.204
 0.362
 0.191
 2.268
 1.647
-0.168
 1.540
 0.292
 0.521
-0.940
 0.147
-0.075
-0.193
 0.454
 2.389
-0.141
 0.404
 0.786
 1.659
 0.182
-0.043
 0.370
-0.023
 1.470
 1.315
 1.342
 1.010
 1.305
 1.751
 2.353
 1.897
 1.658
 0.958
 0.545
 0.926
 0.362
 0.679
-0.122
 0.079
-0.888
 0.535
 0.120
 0.800
 0.430
 0.272
 0.016
 1.373
 0.631
 0.344
-0.189
 0.061
 1.218
-0.295
 1.106
-0.453
 0.245
 0.146
 2.160
 1.247
 0.887
 1.701
 2.999
 2.322
 0.068
 0.415
-0.254
 1.316
 1.210
-0.559
 1.487
 1.469
 1.086
 0.212
 0.162
 1.282
-0.987
 0.323
-0.104
-1.544
-0.762
 0.721
-0.338
 0.028
-0.351
 0.445
 0.433
-1.100
-0.008
 0.637
 0.977
 0.510
-0.063
 0.258
 0.438
 0.438
 0.302
 0.521
-0.018
-0.423
-0.612
 0.351
 0.245
 0.945
 0.436
 0.385
-0.425
 0.833
-0.691
-0.087
-1.380
 1.233
 1.168
-0.061
-0.744
 0.710
 0.348
-0.881
-0.076
 0.667
-1.164
-0.849
-1.273
-0.348
-1.516
-0.312
-1.819
-1.575
-0.303
-1.466
-1.850
-2.284
-2.411
-0.900
-0.687
 1.153
 0.282
 0.412
-0.782
-1.130
-0.617
-0.451
-0.240
 0.339
-0.958
 0.569
 1.242
-0.539
 0.476
-0.628
 0.358
-0.676
-0.015
 1.285
 0.151
-0.280
-0.134
-0.166
 0.762
-0.082
-0.261
 0.173
-0.629
-1.073
-0.430
 0.358
 0.344
-0.046
-0.799
-0.773
-1.135
-0.988
-1.100
-0.482
 0.175
-0.501
 0.293
-0.473
-0.421
-1.623
-1.570
-0.265
-0.444
-0.556
 1.982
 1.409
 0.831
 0.935
 0.585
 0.115
 0.569
-0.709
-0.752
-0.721
-2.122
-0.264
-1.604
-0.940
-0.729
 0.833
 1.495
-0.214
 0.601
 0.586
 0.627
 1.073
 0.002
-0.123
-0.813
 0.249
 0.688
 1.061
 0.709
 2.011
 0.499
 0.769
 1.339
 1.828
 1.128
-0.491
-0.113
-0.560
 1.299
-0.939
-0.190
-0.379
 0.843
 0.586
 0.166
 1.210
-0.052
 1.656
 1.695
 2.566
 1.149
-0.291
 0.889
 1.869
 0.386
 0.361
-0.261
-0.877
-0.430
 0.262
-0.055
 1.276
 0.247
 1.102
 0.304
-0.549
 1.399
 1.237
 0.626
-0.731
-0.159
 2.229
 3.019
-0.500
-0.420
 0.255
 0.969
 0.978
-0.180
-0.278
-0.237
 0.629
 0.343
-1.240
-1.310
-2.101
-0.483
 0.197
-1.955
-2.198
-1.063
-0.986
-0.502
-0.527
 0.456
 0.246
 0.389
-0.103
-0.255
-0.856
-0.504
-1.338
-0.704
-1.296
 0.091
-0.375
-0.211
-1.086
-0.087
-0.774
-0.266
 1.351
 1.639
-0.133
 0.477
 0.656
-0.038
-0.293
 0.008
-0.026
 0.342
-0.356
-0.015
 0.198
 0.194
 0.752
 1.181
 1.252
 2.335
 1.521
 2.307
 1.653
 2.649
 2.794
 1.563
 1.671
 1.271
-1.120
-0.833
-0.136
-0.219
-1.791
-0.796
-0.615
 0.070
 0.810
 0.946
 0.207
 0.470
 1.175
 1.149
-0.957
-0.136
 1.193
-0.443
-0.575
-0.332
-0.064
-1.394
-1.756
-1.201
-1.713
 0.205
-0.726
-1.197
-0.360
 0.115
-0.125
-0.923
-0.473
 0.562
 0.053
 0.185
 0.599
-0.157
-0.665
-0.617
 0.463
-0.400
-0.941
-0.361
 0.928
 0.450
 1.430
 1.282
 0.524
 0.248
 1.171
-0.028
 0.033
-1.733
-0.878
 0.619
 0.431
 1.032
 0.005
-0.723
-0.522
-1.327
-0.739
-0.210
 0.654
-0.459
-0.080
 0.675
-0.740
-1.268
-0.944
 2.072
-0.727
 0.945
 0.268
-0.255
 1.189
-0.015
 0.219
 1.255
 2.336
 2.075
 1.937
 1.156
 0.321
 0.160
 0.861
-0.314
 1.424
 0.072
 0.356
 0.548
 0.798
-0.324
 0.083
 0.700
 0.392
 1.459
 0.941
 0.886
-0.400
-0.134
 0.431
-0.213
 0.038
 1.039
-0.178
-1.026
 0.391
 0.558
 1.539
 0.631
 1.450
 2.042
 1.268
 1.456
 0.927
 0.128
-0.163
 0.568
 1.349
 0.751
-0.193
-0.103
 0.675
 1.055
-1.336
-2.142
-0.788
-0.715
-0.784
-1.115
-0.533
 0.022
-1.358
-0.211
-0.439
 0.205
 0.465
 0.023
 1.606
 0.666
 1.555
 1.328
 1.546
 1.093
 2.191
-0.179
 1.635
 1.253
 0.367
 1.926
-0.215
-0.359
-1.267
-1.009
-0.543
-0.188
-0.925
-2.350
-1.438
-1.305
-0.757
-0.718
-1.025
 0.038
-1.165
-0.002
 0.748
 0.687
 0.618
-1.309
-0.201
-1.459
-0.057
 1.647
 1.386
 0.536
 0.251
 0.621
 1.735
 0.217
-1.040
 0.549
 0.783
 0.116
 0.538
 1.973
 0.859
 2.050
 1.384
 0.598
 1.038
-1.125
 0.332
 0.473
-0.976
 0.530
 0.565
 2.252
 1.531
 0.959
 0.742
 1.449
-1.185
-0.371
 1.355
-0.363
 0.042
 0.607
-0.583
 0.192
 0.586
 0.527
 0.925
 0.155
-0.581
 0.000
-0.078
-1.042
-0.382
 0.594
 0.424
 0.830
 0.070
 0.959
-0.741
-0.340
 1.571
 0.901
 0.550
-0.818
 0.159
 2.235
 1.422
 0.098
-1.074
-0.040
 0.935
-0.284
-0.349
 0.773
-1.115
 0.362
-0.550
-0.612
 1.544
-0.908
-1.912
-0.419
-1.465
-0.628
-1.437
-2.037
-0.371
-1.414
-2.863
-0.128
 1.394
 0.755
 0.861
-0.419
-1.649
-1.045
-1.002
-0.340
 0.321
 0.837
 0.848
 0.845
 0.764
 0.618
 0.542
 0.664
-0.461
-0.732
-0.448
-0.223
 0.765
 0.003
-1.389
 0.922
 0.564
 0.128
-1.405
-1.103
-0.999
-1.000
-0.505
 0.000
 0.912
 0.470
 1.767
-0.142
-0.766
 0.550
 0.549
-0.047
 0.272
 1.111
 0.910
-0.412
-0.424
-0.239
-1.555
-0.919
-0.339
 1.076
 0.333
-0.589
-1.331
-0.937
-1.068
 1.044
 0.239
 0.147
 0.932
-0.376
-0.675
-0.362
 0.059
 0.680
 0.870
 0.410
-0.298
-0.118
-1.079
-0.291
-0.963
 0.620
-0.106
 0.129
-0.532
 0.980
 1.485
 1.756
 1.736
 2.016
 0.867
 1.389
 0.815
 0.295
 0.762
 1.632
 0.573
 0.043
 1.076
-1.348
 0.410
 1.182
 1.793
-0.366
 1.058
 0.173
-1.070
-0.999
-0.961
-0.059
 0.310
-0.305
 0.251
-1.505
-0.803
-0.528
-0.192
-0.061
 0.026
 0.411
-0.624
-1.027
-0.322
-0.972
 0.881
-0.566
-1.381
 0.252
-0.871
-1.404
-1.760
-0.397
-0.065
-0.261
-0.057
 0.121
-0.030
-1.252
 0.094
 0.611
-0.321
-0.319
-0.041
-0.574
 1.375
-0.048
-0.732
-0.429
 1.350
 0.671
 0.879
-1.143
 0.187
-0.309
 1.212
-0.268
 0.206
 0.195
 0.689
-0.775
 0.124
-0.496
 0.718
-1.177
-0.645
-0.611
 0.073
 1.634
 1.190
 0.084
 0.130
 0.670
 0.302
 1.356
 0.250
 0.709
 0.695
-0.104
-0.309
-1.066
 0.004
-0.736
-1.699
-1.213
-1.495
-2.393
-0.103
 0.230
 0.692
 0.760
 0.916
 1.369
 0.290
 0.310
 1.295
-0.069
 1.172
 0.216
 0.127
 2.605
 2.840
-0.083
 1.589
 1.592
 0.060
-0.287
-0.838
 1.063
-1.159
 0.281
 1.543
 0.758
 1.171
 2.543
 1.012
 0.651
 1.048
 1.490
 0.302
 2.168
 2.072
 1.146
 0.772
 0.142
 2.373
 0.350
 2.037
 0.095
 0.343
 0.241
-0.348
-0.286
 0.875
 0.351
 0.498
 1.175
 0.848
-0.760
 0.405
 1.203
 0.146
 1.028
 0.447
 0.847
 1.061
 0.565
 0.419
 0.424
-0.005
-0.030
 0.554
-1.553
 0.034
 1.088
 0.988
-0.217
 1.430
 1.193
-0.202
-0.013
 0.224
-1.323
 0.888
 0.260
-0.333
-0.782
 0.701
-1.239
-0.415
 0.107
 0.033
-0.484
 0.251
 0.504
-0.773
-0.655
-1.153
 0.209
-0.737
-0.334
-0.753
-0.264
-0.256
 0.782
 0.860
-0.110
-1.342
-0.425
-1.641
-0.775
-0.630
 0.109
-1.076
 0.313
 0.802
 0.139
-0.918
 0.066
 0.720
 0.810
 1.590
 1.198
 0.515
-0.071
-0.688
 0.708
 1.173
 0.662
 0.446
 0.436
-0.007
 0.318
 0.696
 0.729
-0.964
-0.255
 1.204
 1.835
 1.095
-0.510
 1.335
 1.216
-0.011
-1.497
-1.845
-1.681
-1.395
 0.209
 0.777
-0.839
 0.938
 0.358
-0.110
 0.770
-1.415
 0.571
 1.182
-0.139
 0.406
-0.615
-1.317
-0.621
-1.541
 0.485
 0.830
-0.115
-0.864
 0.233
-0.616
-1.083
 0.321
-0.554
 1.236
-0.006
 0.830
 0.345
 0.995
 0.589
 0.386
-0.178
 0.281
 1.593
-0.167
-0.957
 0.562
-0.182
-0.426
 0.147
-1.130
 0.110
 0.020
-0.833
-1.624
-0.632
 1.005
 1.589
-0.347
-0.073
-0.626
-0.348
-0.248
 0.408
 0.370
 0.832
 1.716
 0.151
 0.427
 0.593
-0.342
 0.818
 0.803
 1.358
-0.361
 0.804
 0.607
 0.408
-0.009
-0.333
-0.450
-0.883
-0.349
 0.357
-0.492
 0.402
 0.630
 1.139
 2.453
 0.994
 0.048
 0.207
 0.467
-0.296
-0.927
-1.174
-0.860
-0.259
 0.269
-0.737
-1.194
 0.260
-0.727
-0.647
 0.136
-0.016
-0.542
 0.209
-0.715
-0.562
 0.495
 0.028
 0.479
-1.158
-0.783
-0.252
-0.140
-0.103
 1.421
-0.868
 0.655
 0.528
 0.572
 0.706
 0.109
-0.074
-0.188
-0.363
 0.414
 1.176
 1.632
 0.890
 0.034
 0.312
 0.416
 1.441
 0.227
 0.330
 0.501
 0.363
 0.354
 0.798
-0.859
-0.712
 0.881
 0.080
 0.626
 0.423
-0.425
-0.115
 0.471
 1.165
 1.574
 1.176
 0.522
-0.087
 0.227
-0.377
 0.344
-0.981
-0.894
-0.003
 1.551
 0.126
 0.265
 0.151
-1.897
 0.031
-0.438
 0.915
-0.887
-1.660
-1.609
-1.864
-2.663
-1.601
-2.266
-1.775
-1.343
-1.578
-1.844
-2.423
-2.386
-0.760
 0.727
-2.388
-0.510
-1.746
-2.145
-1.019
-0.452
-0.726
-2.011
-0.331
-0.933
-0.641
-0.587
-1.567
-1.711
 0.030
-0.352
-1.366
-0.303
-0.413
-0.270
-1.561
-1.628
-0.073
-0.756
-0.913
-1.868
-1.070
-0.282
 0.167
 0.279
 0.996
 0.222
-0.063
-0.072
 1.353
-0.258
 1.280
-0.142
-0.671
-0.602
-1.443
-1.751
-1.174
-0.503
-0.679
-0.640
-0.803
-0.297
-1.155
-1.655
-1.904
-0.385
-0.328
-0.325
-0.802
-0.965
-0.340
-0.436
 0.262
-0.062
 0.302
 1.185
 0.470
 0.306
-0.410
 0.474
 1.317
 0.498
-0.008
-0.984
-1.028
 0.513
-0.123
 0.944
-0.196
-0.931
-1.254
-0.542
-0.174
 0.354
-0.537
-1.316
-1.659
 0.588
-1.590
-1.068
-1.214
-0.559
-0.385
-0.912
-1.492
-0.150
-2.358
-1.280
-0.428
 1.075
 0.635
 0.201
 0.195
 0.077
-1.279
-1.292
 1.006
 0.759
 1.451
-0.362
 1.056
-0.831
-0.463
-1.081
-0.951
-0.621
-1.253
-0.142
-0.031
 0.165
 0.691
 1.031
 0.623
-0.632
-0.240
 0.470
 1.326
 1.416
 0.699
 0.378
-0.815
-0.634
-0.502
-1.169
-0.561
-1.885
-1.069
 0.601
-0.732
 0.823
-0.127
-0.534
 1.574
 1.391
-0.041
 0.249
-0.604
-0.628
 0.085
 1.423
 0.039
 1.333
 0.271
 1.529
 1.777
 0.563
-1.501
 0.470
-1.191
 0.957
 0.586
 1.025
 0.505
-0.017
-0.110
-0.034
-1.288
-0.717
-0.464
 0.524
-0.578
 0.453
 0.388
 0.035
 0.732
-1.357
-0.313
 0.232
 0.241
-0.140
 0.657
 0.513
-1.379
 0.049
-0.803
-0.248
-0.672
 0.393
 0.093
-1.082
 0.275
 0.018
 2.376
-0.010
 0.823
-0.729
-0.431
-0.965
-0.093
-1.014
 0.202
-0.895
-0.990
-1.219
-1.252
-1.381
-0.863
-2.644
-3.184
-1.819
-1.685
-1.588
-0.887
-1.081
-0.937
-1.477
 0.131
 1.552
 1.377
-0.639
-1.979
-0.724
-0.631
-0.097
-1.876
-0.251
-1.718
 0.317
-0.396
-1.902
-1.502
-1.411
-1.395
 0.161
 0.497
-0.060
 0.181
 2.335
 0.107
-1.183
-0.407
-0.578
-0.371
-1.400
 0.129
-0.646
 0.335
-0.523
 0.702
-1.247
-0.277
-0.971
-0.646
 0.123
-0.129
-0.380
 0.067
 0.316
-0.176
-1.577
-0.013
-1.170
 0.292
-1.058
 0.164
-1.223
 0.597
-1.222
-0.586
-0.165
-0.144
-0.505
-0.029
-0.731
-1.038
-1.562
-1.836
-1.109
-1.744
-2.760
-0.475
-0.657
-0.005
-0.304
-0.896
-1.902
-1.584
-1.828
-0.767
-1.364
 0.201
-0.386
-1.542
 0.014
-2.462
-1.356
-0.783
-1.733
-0.126
-0.282
-0.423
-0.633
-1.660
-1.071
-1.468
 1.017
 0.612
-0.114
 1.105
-0.693
-0.485
-0.979
-0.657
-0.834
 0.262
 0.034
-1.073
-1.037
-0.509
-1.071
-0.911
 0.019
-0.863
-0.247
 0.058
-0.078
 0.374
 0.332
-1.530
-0.896
-0.232
 0.043
 1.566
 0.793
-0.281
 1.132
 1.608
 1.362
 0.074
-0.725
 0.129
 0.429
 1.212
 0.856
-1.156
-0.797
-1.675
-1.728
 0.466
-0.390
-0.858
 0.575
-0.323
-0.763
 0.803
 0.764
 0.432
-1.551
-0.127
 0.772
-0.047
 0.235
 0.221
-0.847
-0.044
-1.225
-0.190
-0.164
-0.594
-1.040
-1.420
-1.017
-0.441
 0.606
 0.020
-0.470
-0.092
 0.069
-0.765
 0.892
 0.263
-2.268
-0.823
 0.074
 0.915
 0.333
 0.474
-1.174
-0.259
-0.125
-0.418
-0.142
-0.522
 0.622
-0.742
 0.756
-1.096
 1.168
-0.242
-0.750
-0.347
 0.960
 1.250
-1.170
 0.547
 0.832
 0.584
-0.830
-0.705
-0.528
 0.489
-0.197
 0.987
 1.039
 0.345
-0.343
 0.886
 0.340
 0.677
 0.090
 1.470
 0.742
 1.383
 0.638
 1.307
 0.681
 0.397
-0.176
 0.179
-0.087
 0.755
 1.196
-0.021
 0.009
 0.322
-1.078
-0.675
 0.349
 0.685
 0.678
 0.010
 0.586
-0.056
 0.491
 0.763
-0.172
-0.045
-0.253
-0.934
-0.081
 1.614
-0.369
-0.633
 0.107
-0.036
 0.296
-0.638
 0.483
 0.031
 0.050
 0.248
 0.734
 2.134
 0.533
 1.520
 1.575
 1.063
 1.199
 0.524
 0.245
-0.118
-0.348
-0.787
 0.107
 0.112
 1.140
 0.232
 0.727
 0.064
 0.528
-0.936
-0.911
-0.842
-0.171
-0.676
-0.751
-1.772
 0.207
 0.486
-0.387
-0.912
-0.653
-0.245
-0.664
-0.597
 0.075
-0.272
-0.305
 0.022
 0.653
 0.065
 0.095
-0.537
 0.026
-0.238
 0.300
 0.333
 0.477
 0.413
-0.238
-0.746
-1.961
-0.623
 0.438
 0.633
 0.353
 1.162
 1.841
 2.378
 1.259
 0.539
 0.940
 0.259
 0.221
-0.584
 0.509
 0.817
-0.048
-0.240
 0.948
 0.211
 0.498
 1.790
 1.502
-0.226
 0.894
-1.622
-0.165
 1.332
-1.243
-1.909
-1.897
-1.584
-0.070
-0.788
-0.668
 0.769
-0.235
 0.097
 0.157
 0.126
-0.505
 0.346
-1.212
-0.254
-0.380
-1.569
 0.125
-0.443
-0.072
 0.725
 0.545
-0.891
-0.232
 0.190
 1.480
 0.668
-0.674
-0.403
-0.006
-1.128
-0.624
-0.928
 0.184
-0.224
 0.141
 0.432
 0.604
 0.077
-0.339
 0.033
 0.700
 0.852
 0.594
 1.499
-0.273
 0.213
 1.876
-0.682
 0.570
 0.078
 1.234
-0.223
 1.033
-0.316
 0.373
-0.112
 0.009
-0.556
 0.043
 1.026
-0.531
-0.115
 0.611
-0.890
-0.123
 1.448
-0.122
 0.032
-0.907
 1.018
 0.709
 0.846
 1.008
 1.392
 1.025
 0.544
 0.329
 1.142
 1.129
 1.162
 2.705
-0.166
 1.846
 1.745
 1.634
 1.517
 0.792
 1.167
 0.901
 2.283
-0.077
 0.345
-0.403
 0.003
-0.258
-0.597
-0.497
 1.079
 0.075
 0.410
-0.243
 0.606
 1.595
 0.728
 2.525
 1.490
 2.617
 1.913
 1.561
 1.914
 1.629
 0.817
 1.616
 2.436
 2.698
 0.152
 1.057
 0.848
 1.913
 1.218
 0.368
 0.333
 1.676
-0.011
 0.559
-0.217
 1.266
-0.495
-0.077
 0.387
 1.866
 0.958
-0.433
-0.613
-0.621
-0.023
 0.387
 0.378
 0.062
 0.919
 0.357
 0.885
 1.646
 0.357
-0.028
 1.002
 0.548
 0.817
 0.873
 0.973
 0.077
-1.591
-0.681
 0.246
-0.050
-0.291
-0.885
 0.616
 0.656
 1.425
 0.023
-0.339
-0.120
 0.462
 2.195
 1.525
 0.340
 0.875
 1.012
 1.479
 0.241
-0.763
 0.216
-0.085
-1.405
-0.014
-0.995
 1.390
 1.396
 0.831
 1.391
 1.324
 2.640
 2.396
 0.225
 1.761
 1.270
 0.240
 0.212
 1.535
 0.043
 1.469
-0.344
-0.391
-0.574
-0.243
 0.585
 1.427
 1.352
-1.089
-0.770
 1.377
-0.013
-0.231
-0.929
-0.412
 0.747
 0.273
 1.412
 0.761
 1.221
-0.767
 0.345
-0.633
 1.003
 0.049
-0.197
-1.267
-1.209
-0.905
-0.062
 0.101
-1.899
-1.846
-2.173
-0.752
-0.187
-0.836
 0.077
-0.423
 0.515
-0.288
-0.285
-0.482
-0.331
-0.625
 0.032
-0.654
 0.453
 0.722
 1.003
-0.372
-0.707
-1.110
-0.367
-0.965
-0.388
 0.435
-0.280
 0.120
-0.367
 0.171
 1.232
 0.255
 0.052
 0.294
-0.840
 0.947
-0.633
-0.837
-0.210
-0.427
-0.536
-0.006
-1.362
-0.159
-1.558
-1.032
-0.290
 0.899
 0.614
-0.517
 0.030
-0.037
-0.610
 0.515
 0.010
-0.314
-1.023
-0.788
 0.643
 0.244
-1.338
-0.136
 0.032
 0.194
 0.217
-0.905
-0.425
-1.014
-1.387
-0.103
-0.548
 0.443
-0.207
-1.379
-0.364
 0.950
 2.639
 1.726
 2.076
 0.608
 0.717
 1.042
-0.697
 0.094
 1.022
-0.982
-0.453
 0.726
-0.002
 0.896
 0.718
 2.467
-0.184
-0.218
-1.096
-1.182
 0.727
-0.417
-3.032
-1.840
 0.671
-0.163
-0.772
-0.242
-0.877
-0.484
 0.007
-1.288
-1.358
-0.339
-0.240
 0.338
-0.452
-0.996
-1.976
-1.202
 0.047
-0.072
-0.253
-0.682
-0.024
 1.532
-0.073
-0.390
 0.949
-1.624
 0.251
 0.003
 0.198
-2.040
-0.405
 1.143
-0.306
 0.167
 1.553
-0.672
-0.638
-0.588
-0.599
-0.230
 1.620
 0.223
 0.034
 0.749
 0.283
 1.201
 1.313
 0.278
-0.282
-0.069
 0.170
-0.074
-1.013
 0.569
-0.611
-0.385
-0.647
-0.801
 0.052
-0.936
-0.881
 0.378
-0.777
 0.576
-0.451
-1.638
-0.851
-2.356
-1.277
-1.168
-0.893
-1.881
-0.850
-3.166
-0.960
-0.827
-1.882
-1.292
-1.820
-0.379
-0.606
 0.420
-0.557
-1.614
-0.121
 1.731
-1.748
-1.288
-2.501
-0.313
-0.905
 0.224
 0.179
 0.187
 0.021
-0.132
 1.638
-0.619
-1.411
-0.502
-0.065
-0.293
 1.031
 0.260
-1.203
-1.179
-1.942
-1.061
-0.808
-1.404
-0.253
-0.594
-0.797
-0.111
-1.279
-1.183
-0.524
-1.136
-0.617
-0.937
-0.204
-1.128
-0.930
 0.385
 0.338
-0.521
-2.258
-2.401
 0.299
-1.097
-1.715
-1.244
-1.319
-0.844
-0.678
-1.008
-1.935
-0.473
-1.083
 0.109
-0.446
 0.498
-0.497
 1.845
-1.351
-0.240
-0.405
 0.051
-1.064
-0.714
-0.589
-0.865
 0.556
 0.287
-0.605
-0.438
-0.352
-0.467
 0.073
-0.818
-0.007
-0.535
-0.995
-0.725
-1.183
-0.796
-0.671
-0.276
 0.005
-2.236
-2.021
-2.544
-2.292
-0.051
-1.366
-1.928
-1.500
 0.177
 0.514
-0.428
 0.649
 1.183
-0.233
-0.507
 0.055
-0.038
-1.124
-1.061
 0.676
 1.274
 0.530
 1.300
 1.842
 0.906
 0.000
-0.755
 0.385
 0.645
 0.225
 0.715
-0.464
-0.836
 0.007
-1.901
-0.101
 0.550
 0.587
-0.167
-0.376
-1.044
-1.130
 0.302
-0.259
-1.178
-1.094
-0.673
-0.710
 0.067
 0.858
 1.043
 0.238
-0.722
-0.894
-0.653
 0.983
-1.154
-1.275
 0.843
 0.874
-0.899
 0.335
 0.107
 0.386
 1.193
 0.750
 0.535
-0.744
-0.958
-0.888
-0.278
-0.160
-1.059
-0.545
-0.624
-1.045
-1.334
-0.995
-0.612
-0.337
-0.160
-0.865
-1.175
 0.623
 0.327
 0.568
-0.650
-0.074
-0.430
-0.293
-0.977
-1.393
-1.343
-0.983
-0.433
-1.048
-0.357
 1.021
 0.305
 0.276
 0.216
 0.769
 0.014
 1.050
 1.205
 0.571
 0.677
 1.615
 2.650
 0.875
 0.049
 0.443
 1.302
 1.078
 1.556
-0.814
 0.450
-0.815
 0.937
-0.941
-0.186
-1.208
-1.576
-0.612
-0.733
 0.360
 0.002
-0.655
 0.739
 0.994
-1.172
-0.868
-1.452
-0.588
-0.905
-0.713
 0.288
-1.107
-1.933
-1.026
-1.623
-1.044
-0.082
 0.155
 0.720
-0.385
-0.704
-1.257
-0.412
 2.144
-1.456
-0.433
-0.915
-0.700
-0.445
 1.390
 0.154
 0.570
-0.315
 0.812
 0.456
 1.322
 0.145
-0.373
-0.284
-1.011
-2.498
-0.942
-1.631
-1.426
-1.224
-0.855
-1.874
-0.524
-1.713
-1.509
-1.120
-0.899
-2.240
-0.589
-1.184
-0.885
-0.088
-0.267
-0.871
 0.122
-0.099
 0.853
-0.119
-1.822
 0.108
