
 0.759
 0.816
-0.301
-0.446
 0.105
 1.252
-0.694
 0.074
-0.174
-0.813
 0.223
 0.517
 0.030
-0.260
-0.616
-0.465
-0.881
-0.391
 0.022
-0.034
 0.398
 0.286
 1.352
 0.774
-1.899
-0.763
-1.087
-0.180
 0.450
 0.198
 1.041
 1.962
 0.987
 0.482
-0.426
-0.091
 1.571
 2.461
 1.455
 1.066
 2.004
 0.323
 0.935
 1.457
 0.417
-0.005
 1.028
-0.125
-0.406
 0.329
 0.348
 1.784
 0.011
 1.708
 2.123
 0.665
 2.465
 0.432
 2.363
 0.534
-0.052
 0.082
 0.546
 1.956
-0.227
-0.050
-0.030
 1.384
 1.568
 0.296
 0.151
 0.560
 0.209
 0.843
 1.932
-0.025
 0.223
-0.182
 0.840
 1.494
 1.256
 0.366
 0.748
 0.469
 0.197
 0.914
 0.225
-0.909
-0.671
-0.369
 0.507
-0.262
-0.344
 0.800
 1.460
 0.099
-0.883
-0.025
 2.099
 0.338
 0.061
 0.661
-0.132
-0.780
 0.806
-1.070
-0.571
-0.840
-2.098
-1.079
 1.074
 0.920
 0.501
-0.278
-0.246
 0.829
 0.064
 1.587
-0.122
-0.601
 0.771
 1.363
 0.720
-0.326
-0.421
 1.342
 0.134
 0.433
 2.044
 0.015
 0.820
 0.388
-0.395
-0.706
 0.378
-1.265
 0.443
 0.811
 2.487
 1.145
 0.754
 1.132
 0.861
 1.187
 0.469
 1.018
 0.718
 0.450
 2.077
-0.004
 1.037
 0.286
 0.659
 0.518
 0.898
 2.820
 1.210
-0.352
-0.350
-1.062
 1.340
 2.547
-0.671
 1.363
 1.246
 2.099
 1.360
 0.736
-0.130
-0.621
-0.800
-1.061
-1.434
 0.665
 1.170
 0.936
 0.238
 0.147
 0.865
-0.054
 1.216
 1.792
 0.369
 0.760
 0.536
 0.967
 1.730
 1.627
 0.942
-0.805
 0.345
-0.585
 1.134
 0.320
-0.359
-0.965
-1.371
 0.395
-1.230
-0.292
-0.176
 0.193
-0.525
 0.597
 1.387
 1.263
 0.690
 0.668
 0.782
 0.160
 0.515
 1.363
 1.199
 0.298
-0.096
 1.401
 0.040
 0.730
 0.686
 0.216
 0.522
-0.718
-0.054
-0.398
 0.608
 1.206
-1.295
 0.707
 1.324
 1.906
 0.535
 0.842
 0.111
 0.577
-0.133
-0.257
-0.439
-0.075
-0.013
 0.683
 1.411
-0.069
 0.767
 1.161
 1.166
-0.573
-0.166
-0.267
 0.089
-1.274
 0.359
 0.899
 0.780
 0.387
 0.735
 0.343
 0.868
-0.982
-0.180
 0.506
 0.522
 0.030
-0.366
-1.086
 0.669
 0.391
 0.140
-0.438
 0.910
 0.414
 0.399
 0.336
-0.632
 0.443
-0.352
 0.895
 0.965
 0.320
 0.477
 0.810
 0.956
-0.187
-0.566
-0.226
-0.403
 1.618
-0.206
 0.573
 0.539
 0.396
-0.856
 0.697
 0.849
 1.980
 1.113
 1.548
 0.755
 2.430
 1.151
 1.144
-0.528
 1.389
-0.042
 1.650
 1.431
 1.636
 1.144
 2.290
 3.056
 1.946
 1.767
-0.171
-0.240
 0.631
 0.286
-0.429
 1.141
 0.346
-0.164
 0.458
 1.611
-1.637
-0.597
-0.657
-0.294
-0.494
-0.087
-0.400
-0.476
 0.790
 1.451
 1.317
 0.770
-0.511
-1.849
-1.540
-0.061
 1.253
 1.593
 0.921
-0.537
 1.124
-0.792
-2.155
-0.959
 0.363
 0.657
-0.537
-0.307
-1.375
-0.481
 1.087
-1.114
-0.326
-0.678
 0.409
 1.069
 0.905
-0.653
-1.455
-1.616
 1.549
 0.903
 0.361
-0.384
-0.388
 0.547
 0.527
 1.490
 1.242
 1.941
 1.672
 0.072
-0.001
 0.360
 1.487
-0.422
 0.528
 1.434
 0.099
 1.471
 1.194
 0.517
 0.702
 0.267
 1.227
-0.697
-0.140
-0.361
 0.405
 1.157
 2.361
 0.810
 0.112
 1.651
 0.683
 1.051
 1.407
 2.087
 1.885
 2.499
 2.251
 1.192
 1.131
-0.696
-0.736
-2.205
-0.899
-0.361
 1.059
 1.433
 0.429
-1.488
 0.538
 2.451
-0.571
 0.366
 1.538
 0.370
 1.433
 0.186
 0.140
 0.301
 1.008
 0.688
 0.609
-0.127
-0.980
 1.078
 2.207
 1.523
 0.631
 1.922
 1.269
-0.924
 1.265
 1.878
 0.806
 0.984
 0.745
 0.841
-0.932
 0.062
 1.073
 0.760
-0.592
-1.172
-0.684
 2.075
 1.031
-1.202
-0.345
 0.207
 0.900
-0.019
 0.048
-0.556
-0.049
-0.533
 0.630
 1.246
 1.402
 0.264
 0.082
-0.122
-0.033
-0.347
 0.719
 1.251
-0.068
 0.367
-0.187
 1.041
 0.596
-0.111
 0.847
 0.233
-0.628
 0.085
-0.769
-0.138
-1.140
 0.730
 0.384
-0.364
-0.820
 0.242
-0.217
-0.462
 0.455
 1.868
 2.004
 0.020
-0.013
 0.756
 0.608
 0.824
-0.444
-0.216
 0.272
 0.007
-0.633
 0.995
-0.863
-0.153
 1.499
 1.596
 0.270
 1.608
 2.120
-0.565
 0.535
 1.780
 2.495
 2.045
 1.474
 1.236
 1.315
 1.104
-0.396
-0.870
 0.991
 0.750
-0.270
-0.333
-0.244
 1.070
 1.257
 0.802
 1.907
 1.096
 1.541
 0.063
 0.256
 1.886
 1.460
 2.070
 1.115
 1.820
 0.912
 1.332
 1.010
 1.243
 1.386
-0.057
 0.040
 0.212
 0.390
 0.226
 0.471
 1.269
 1.623
-0.080
 0.255
 1.565
 3.056
 1.814
 0.379
 1.125
 0.592
 0.607
 2.647
 0.648
 0.597
-0.438
-0.293
 1.352
-0.205
-0.568
 0.215
-0.738
 1.805
-0.545
-0.193
 0.069
 1.523
 1.017
 0.553
 2.265
 1.618
 0.973
-0.837
 0.231
-0.975
-0.801
 0.721
 1.800
 1.056
 0.661
 1.841
 0.572
-1.145
-1.106
 1.193
 1.411
 1.050
 1.992
 2.078
 1.292
 0.691
 0.250
 1.055
 1.149
-1.112
 0.796
 0.978
 2.150
 0.556
 0.155
 1.891
 0.408
 0.082
-0.162
-0.092
 1.111
 1.068
 0.329
 1.218
 0.438
-0.874
-1.917
 0.028
 0.764
 1.775
 1.582
 0.374
 1.115
 1.261
 2.260
 0.460
 1.001
-0.797
 0.409
 1.743
 0.891
-0.127
 0.127
-1.096
-0.554
-0.079
 0.404
 1.154
 0.081
 0.498
 1.687
 1.422
 1.161
 2.055
 0.047
 0.126
-0.215
 0.353
 0.483
 0.672
 1.592
 1.250
 1.374
 0.208
-1.806
-1.293
-0.488
-0.840
 0.039
-0.550
-1.477
-1.176
-0.568
-1.511
-1.892
-1.969
-0.767
-2.489
-1.472
-1.157
-1.472
-0.748
 0.136
-1.356
-2.138
-0.382
 0.107
 0.491
 1.525
 0.568
-1.076
 0.401
 3.125
 0.920
-1.027
-0.522
-0.255
-0.596
-0.031
 0.067
-1.047
-0.124
 0.693
-0.234
-0.353
 0.491
 0.383
 0.632
 1.854
-1.010
-0.192
 1.351
-0.057
 0.527
 1.099
 0.948
 1.118
 0.379
 0.490
 0.669
 0.415
 0.485
-0.372
-1.180
-0.893
-0.847
 0.746
-1.395
-0.176
 0.214
 0.636
-0.686
-0.407
-1.758
-0.592
 0.479
 0.943
 0.506
 0.294
 0.310
 0.926
-0.301
-0.161
-0.597
-1.486
-2.048
-0.992
 0.917
-0.144
-1.768
 0.416
-0.223
 0.149
-0.463
 1.192
 1.514
 0.966
 0.689
-0.838
-0.311
-0.143
 0.716
-1.327
-1.343
-0.089
 0.454
 0.300
-0.111
 1.175
 1.845
 0.867
-1.768
-0.021
 1.769
 0.721
-0.166
 0.921
-1.119
-0.724
 0.691
 0.678
 0.620
 1.179
 0.308
-0.596
-0.245
 1.642
 1.685
-1.299
 0.460
 0.612
 0.565
 1.499
-0.686
 1.449
 0.305
 0.467
 0.235
 0.268
 0.091
-0.268
-0.245
 0.351
-0.043
 0.127
-0.175
 0.242
 1.802
 0.066
 1.011
 0.988
 0.167
-0.204
-0.396
 0.185
 0.626
 0.017
 0.340
 0.275
-0.360
 1.030
 0.080
-0.241
 1.006
-0.056
-0.955
-0.068
-1.263
-0.316
-0.576
-0.226
-0.612
-0.335
 0.972
 1.171
-0.188
 0.476
-0.054
-0.411
-0.870
 0.221
-0.518
-0.908
-0.145
 0.724
 1.136
 0.462
 0.341
-0.843
 1.329
 0.850
 0.405
 0.912
 0.922
 1.289
 0.913
-0.623
 0.261
-0.267
-0.121
 1.455
 0.402
-1.006
 0.219
-0.575
 0.638
 0.960
 0.533
 0.845
-0.327
-0.267
-1.731
 0.121
-0.342
-1.659
-1.279
-1.637
-0.819
-1.250
-1.119
 0.355
 0.435
-0.851
-1.401
-0.693
-2.030
-1.339
-0.814
-0.465
-1.196
-0.050
 0.284
 1.123
 0.841
 0.043
-1.245
-0.559
-0.310
-0.664
-0.874
-0.106
-1.140
-1.551
-0.489
 0.175
 1.024
 0.127
-1.295
 0.872
 0.859
-0.910
-0.502
-0.101
-0.260
-0.110
 0.807
 1.525
 0.713
 0.028
 0.231
 0.292
-0.121
-1.043
-0.978
-0.766
 0.380
 0.424
-1.485
 0.945
-0.378
-1.222
 1.988
 0.295
-1.066
 0.247
-2.514
-0.679
-0.292
-0.427
-0.720
 0.017
-0.809
-0.377
-1.412
-0.420
-1.086
-1.195
-1.784
-2.777
-1.299
-2.222
-0.972
-0.892
-0.568
-1.832
-0.594
-0.712
-1.610
 1.030
-1.149
-1.169
 0.582
-0.790
 0.233
-0.113
-0.101
-0.299
 0.312
-1.107
-0.016
-2.626
-1.088
 0.246
-1.729
 0.410
 1.074
-0.456
 0.591
-0.399
 0.437
 1.703
 0.122
 0.702
-0.397
 0.099
 0.916
 0.402
 1.010
 0.982
-0.621
-0.186
 0.260
 0.679
-0.054
 0.478
-0.192
-0.511
 0.367
 0.746
 0.088
-0.368
-0.378
-1.681
-0.533
 0.136
-2.346
-1.119
 0.059
-0.097
 0.164
 0.435
-0.553
-0.158
-1.754
-2.018
-0.844
-1.543
-0.017
-0.226
 0.178
-0.512
 0.477
 1.466
-1.672
-0.165
-0.238
-0.353
-0.031
-0.276
 1.017
-0.603
 2.397
 1.168
 0.546
-0.512
 0.227
 1.029
 0.008
-0.510
 0.558
 2.322
 2.199
 1.550
 0.793
-0.257
 1.704
 2.048
 1.579
-0.669
-1.135
-0.637
-0.413
-0.793
 2.194
 1.540
 0.451
 0.049
 1.465
 0.432
 1.334
 1.465
 1.167
 1.493
 1.189
 1.949
 1.039
 0.591
 1.710
 0.304
 0.889
 1.220
 2.665
 0.637
 0.078
 1.238
-0.502
 0.817
 0.047
 0.198
 1.756
 1.833
 0.741
-0.578
 0.614
-0.945
 0.807
-0.606
-0.654
-1.274
 0.495
 0.179
-1.286
-1.802
-0.611
 0.101
 0.526
 0.688
 0.847
 0.287
-0.219
 1.030
 0.866
 0.167
 0.643
 0.529
-0.954
 0.862
-0.335
 0.232
-0.805
-0.453
-1.493
-1.154
-0.249
 0.421
 1.155
 0.783
-0.672
-1.093
-0.662
-0.545
 0.457
 0.116
 2.101
 1.746
-0.141
 1.085
-0.104
 0.362
 0.482
 1.843
 0.955
 0.118
 0.267
 0.526
 0.630
 1.082
 1.230
 0.765
 2.739
 0.592
-0.330
 0.639
 0.950
-0.413
-1.273
-0.094
 0.091
-0.079
-0.024
-1.087
-0.360
 0.923
-0.130
-0.358
 1.501
 1.088
 1.866
 1.499
 1.020
 0.221
 0.359
 2.149
 0.450
 1.245
 1.055
 2.483
 0.013
-2.083
 0.377
 0.948
 0.427
-0.316
 0.107
-0.285
-0.949
-1.670
 0.450
 0.187
 1.136
 0.860
 0.811
 0.867
 0.169
 0.145
-2.030
-0.977
 0.374
 0.103
 0.281
-0.540
-0.320
 0.732
 0.469
 1.004
-0.195
-0.606
-1.297
-0.138
 1.152
 0.394
-0.003
 0.969
 1.037
 0.113
 1.466
 1.555
 0.589
 0.668
 1.059
 1.667
 1.798
 0.656
 1.669
 2.104
 1.198
 2.110
 2.124
 0.875
 0.393
 0.645
 0.526
 0.877
 0.114
-0.655
-0.520
 0.211
-0.168
-0.087
 0.336
 0.244
 1.101
 0.281
-0.444
-1.532
-1.756
-0.662
 0.502
 0.783
 1.604
 0.375
 1.630
 1.506
-0.052
-0.936
-1.518
-1.086
-0.227
-0.309
 1.098
 0.338
-0.418
 1.351
-0.011
 1.426
 0.794
 0.203
-0.656
 1.535
-0.681
 1.665
 0.488
-0.143
-0.281
 0.861
 1.108
-0.070
-0.353
 1.126
-0.588
-1.241
 0.071
-0.107
-0.048
 1.579
 1.270
 0.637
-0.395
 0.676
-0.300
 0.878
 1.475
 1.347
 1.137
 0.891
 0.900
 1.261
 1.033
-0.861
-0.410
 0.756
 1.070
 0.377
 1.267
-0.078
 0.297
 1.891
 1.906
 0.791
 2.244
 0.869
 2.977
 1.583
 1.529
 1.550
 0.312
 1.054
 1.749
 1.460
 0.431
 0.849
 0.206
 1.060
 1.590
 1.149
 1.296
 0.875
 0.787
 0.422
 1.105
 0.512
 0.126
 2.083
 1.388
 0.727
 1.953
 0.749
 1.098
-0.619
-0.119
-0.268
 0.271
-1.087
 0.215
-0.735
-1.409
-1.008
-1.877
 0.377
 0.305
 1.537
 0.985
-0.013
 1.044
-0.467
 0.888
-0.326
-2.507
 1.014
-0.508
-0.086
-0.700
 1.241
-0.966
 1.106
 1.418
-0.025
 0.991
 0.878
 0.459
-0.480
-0.544
 0.393
 1.600
 0.205
 1.166
 0.060
-1.660
-1.648
-0.687
 0.487
-1.309
 0.153
 1.014
-1.055
-0.936
 0.285
 0.795
 0.651
 0.862
 1.197
 0.444
-0.013
 0.755
 0.128
 0.165
-0.045
 1.114
 0.690
 0.870
 0.925
 0.925
 1.488
 1.269
-0.167
 1.825
 0.705
-0.229
 0.539
-0.870
 0.022
-0.572
 0.760
 2.638
 1.365
 0.352
 1.527
 1.434
-0.399
 0.847
-0.692
 0.079
 0.897
 0.351
 1.920
 1.139
-0.824
-0.215
-0.936
-0.021
-0.156
-1.542
-1.298
-1.419
 0.192
 1.096
 0.152
 0.510
-0.413
-0.195
-0.712
 0.586
-0.290
-1.260
 0.306
 0.925
-1.506
 0.451
-1.158
-0.548
 0.411
 0.136
-0.137
 0.157
 0.089
 0.697
 1.135
 0.291
 0.977
 0.291
 0.907
 0.473
-0.232
 0.510
-0.617
-0.945
-0.047
 0.225
 1.493
 1.476
 0.372
 0.698
 1.193
 0.613
 1.424
 0.739
 1.509
 1.925
 0.894
 2.037
 1.578
 0.440
 1.376
 2.683
 1.838
 0.319
 1.308
 0.659
-1.009
-0.563
 1.443
 0.239
 1.434
-0.755
 0.401
-0.167
-1.789
 0.479
 0.961
 1.917
 1.647
 0.577
 0.952
-0.121
-1.082
-1.592
-0.635
-1.741
 0.249
-0.097
-0.597
 0.724
 0.610
 1.606
-0.413
-0.034
-0.201
 1.332
 0.785
 0.010
 0.889
-1.761
-0.981
-0.057
-1.140
-0.265
-0.930
-0.177
 0.994
-0.649
 0.091
-0.260
-0.307
-1.328
-1.271
-0.560
 0.207
 0.057
 0.384
 0.472
-0.093
-0.155
-0.551
 0.035
-0.252
-1.845
-0.235
 0.630
 1.020
 0.325
 0.182
 0.092
 0.151
 0.200
-1.829
-0.595
 0.961
 1.083
 0.738
-0.170
 1.687
-0.116
-0.372
-1.034
-0.680
-0.735
-1.013
-2.483
 0.422
 0.726
 0.299
-1.277
 0.176
-0.762
 1.203
-0.568
-0.963
-1.149
 0.348
-1.471
-0.727
-0.684
-1.325
-0.255
-0.845
-0.856
 0.270
-0.149
-0.191
-1.069
-1.096
-0.647
 0.232
-0.642
-0.444
-0.325
-1.269
-0.248
 0.397
 1.243
-0.122
 0.461
-0.142
-0.808
-0.530
-1.613
 0.963
-1.099
-0.596
-0.639
 0.448
 0.484
-0.445
-0.174
 0.573
-0.737
-0.677
-0.430
 0.048
-0.171
 0.089
 0.328
 0.701
-1.142
-0.576
-0.012
 0.689
 0.867
-0.399
-1.261
-0.537
 0.125
 0.689
-0.462
 0.087
 1.031
-0.854
-2.814
-1.607
-1.295
 0.548
-0.491
 0.951
-1.292
-1.247
-0.388
 0.167
-1.484
-0.484
-1.209
-0.733
 1.049
 0.164
 0.349
 1.067
-1.299
-2.328
-1.870
-2.092
-3.586
-1.863
-2.394
-1.268
 1.330
 0.526
-1.083
-1.062
 1.166
-0.171
 0.016
 0.310
 0.960
 0.879
 1.577
 0.887
 0.047
 0.894
-0.682
-1.280
 0.176
-0.012
-0.517
-0.315
 0.103
 0.650
-0.866
 1.061
 0.817
 0.013
-0.619
 0.204
 0.120
 0.850
 0.111
-0.080
 0.625
 1.090
 0.845
 0.060
 0.383
-0.538
-0.780
-0.548
 1.286
 0.299
-0.421
 0.434
-0.446
 2.101
 0.811
 1.104
 1.466
 1.603
 0.110
 0.564
 1.734
-0.044
 0.650
 0.450
-1.643
 1.050
 1.871
 1.860
 0.628
 1.088
 0.202
 1.707
 1.120
-0.304
-0.709
-1.148
-2.447
 0.180
 0.456
-0.643
-0.049
-1.936
-1.284
 0.018
-1.089
 0.137
-0.364
 0.828
 1.255
-0.684
-1.137
-2.235
-1.491
-1.292
-0.226
-1.455
-1.150
-2.317
-2.045
-0.762
-1.067
-2.282
-1.022
-0.056
-0.273
-0.231
-0.734
 1.264
 0.929
-0.067
 1.617
 0.241
-0.510
-1.561
 0.089
-1.140
-0.819
-0.059
 0.045
 0.324
 0.860
-0.018
-0.690
-0.443
-1.682
-0.312
-0.094
-0.625
-1.201
-1.417
 0.979
-0.929
-1.281
-1.171
-0.661
-2.276
-1.175
-1.307
-0.584
 0.216
-0.818
-0.249
 0.336
-0.254
-1.928
-1.793
-1.644
-2.294
-2.052
-2.626
-0.708
-2.522
-1.449
-0.889
-0.470
-1.358
-2.287
-0.341
-0.815
-1.499
-0.663
-0.829
-0.869
-0.817
-0.443
-1.753
-1.231
 0.253
-0.025
 0.434
 1.024
 0.659
 1.647
 0.871
 0.717
 0.789
 0.072
-0.523
 0.182
 0.608
 1.984
 0.516
 0.231
 0.983
 0.418
 1.417
 0.256
 0.214
 1.983
 0.128
-0.666
-0.007
 2.029
 1.162
 0.937
 0.342
 0.781
 0.532
 0.738
 0.353
 1.302
 2.328
 1.113
 0.459
 0.872
 1.097
 2.165
 0.794
 0.296
-0.518
-1.274
-0.041
 0.078
-0.385
-1.596
-0.402
-1.030
-0.744
-0.016
 0.292
 0.737
-0.587
-1.257
 0.592
-1.144
-0.712
 0.899
-0.141
-1.837
-0.248
 1.125
 1.593
 1.774
 0.290
 0.553
 0.287
-0.074
-0.133
 1.262
 0.391
 1.750
 0.896
-0.277
 0.592
-1.239
 1.925
 0.953
 0.403
 0.092
 1.058
 0.215
 0.241
-1.648
-0.219
-1.199
 0.270
-0.930
 0.465
-0.416
 0.462
-0.061
 0.872
-0.946
 0.391
-0.618
-0.539
-0.352
 1.172
-0.508
-0.183
 0.130
 0.169
 0.479
-0.713
-2.047
-1.726
-0.746
 0.200
-0.039
 0.422
-0.806
-0.969
 0.355
-0.624
-1.448
-1.232
 0.905
 0.127
-0.743
-0.444
 0.419
-0.855
 0.544
-1.338
 0.880
 0.481
 0.239
 0.069
 0.031
 0.125
-0.846
 0.562
-0.584
-0.228
-0.161
-0.364
 0.022
 0.908
-0.014
 0.540
 0.264
 0.606
 1.029
 1.219
 0.919
 0.277
 0.067
 0.979
-0.179
-0.526
 0.050
-1.599
-1.626
-0.810
 0.355
-0.339
-1.158
-2.018
-0.445
-0.180
 0.462
-0.420
 0.600
 0.057
-0.798
-1.293
 0.293
-0.822
-0.842
-0.481
-1.815
-1.528
-1.046
-0.486
-0.129
-0.555
-0.216
-0.447
-0.674
-0.510
 1.140
 0.789
 0.026
-2.018
-1.348
 1.959
-0.464
-0.455
-0.273
-1.357
-0.417
 1.692
 0.926
 1.009
 0.499
 0.739
 1.082
 1.740
 2.269
 1.699
 0.861
 0.951
 1.898
 1.924
 1.433
 0.783
 1.926
 0.481
 0.582
 0.319
-2.006
 0.785
 0.642
 0.504
 0.336
-0.275
-2.120
 0.381
 0.174
 0.440
 0.950
-0.559
-0.642
-1.292
-2.251
-2.541
-2.101
-0.322
-0.621
 0.811
-0.649
 0.303
 0.136
 0.679
 0.108
-0.986
 0.059
-1.288
-2.100
-0.036
 1.316
 1.514
 0.268
 0.659
 1.433
-0.706
 0.190
-0.559
-0.121
 0.316
-1.173
 0.390
 0.563
 0.836
-0.343
-0.278
 0.289
 0.216
 0.309
 1.000
 0.137
 1.354
 1.485
 1.772
 0.943
 0.902
 0.345
 1.911
-0.564
 0.103
 1.160
 0.517
 0.558
 0.912
 0.496
 1.682
 0.115
 0.320
 0.461
 0.479
-0.233
-0.258
 0.325
 1.726
-1.211
-0.074
-0.773
-0.182
 0.559
-0.299
 0.410
 1.460
 0.910
 1.979
 0.560
 1.097
 0.746
 0.311
-1.143
-0.492
-0.395
 1.029
-0.872
 0.947
-0.749
 1.220
 0.008
-0.936
 1.874
-0.138
 0.332
-0.153
 0.001
 1.322
 0.867
 0.760
 2.429
 0.658
 2.004
 0.226
 0.068
 1.111
 0.183
 0.403
 0.739
-1.557
 1.129
-0.256
-1.858
-1.340
-1.024
-1.023
-1.197
 0.138
-0.555
-0.332
 0.741
 2.099
 1.812
 2.588
 1.642
 0.779
 1.452
 1.983
 0.431
 0.327
-0.755
 0.657
-1.250
-0.721
 0.954
-0.064
 0.926
 1.490
 0.081
 0.009
-0.256
 0.014
 0.452
-0.087
 0.019
-0.859
-0.877
 0.541
-0.645
-0.596
-0.297
-0.134
-1.097
-1.334
 0.822
 1.321
 0.927
-0.574
-0.532
-1.536
-0.668
 0.366
 0.314
 0.977
-0.310
 0.609
-0.202
-0.967
-0.674
 0.334
-1.074
-1.483
-1.253
 0.303
-0.333
 0.131
-1.099
-0.128
-0.106
 0.089
-0.341
-0.760
 0.789
 0.134
 0.278
 0.885
 1.161
 0.590
-1.189
 0.315
-0.270
-1.071
 0.109
-0.227
-0.483
-0.960
 0.009
 1.059
 1.025
 0.552
 0.798
 0.222
-0.949
-0.793
 0.738
-0.841
-1.186
 0.635
-0.774
 0.730
-0.366
-0.083
-1.835
-1.191
-2.107
-1.995
-1.135
-0.445
-0.988
-0.807
-0.050
 0.115
-0.611
-1.218
-0.939
-0.064
-0.719
-0.951
 0.596
 1.133
-0.896
-0.904
-1.525
-0.794
 0.319
-0.047
-0.950
 0.355
-0.007
-0.491
-0.386
-0.239
-0.464
-2.482
-2.018
 0.018
-1.063
 0.489
 0.180
-0.285
-0.526
-1.278
 0.578
 0.846
 1.104
 1.530
 1.167
-0.961
-0.179
 1.116
 1.496
-0.193
-1.267
 0.022
 0.544
-0.977
-1.324
-1.718
-0.376
-1.381
 0.230
 0.454
-0.371
-0.177
-0.753
-0.002
 1.102
-0.593
-1.140
-0.807
-0.757
-1.089
-0.215
 0.242
 0.272
 0.635
 0.147
 1.236
 0.440
 1.745
 0.382
-0.353
 1.867
 0.294
 1.388
 0.791
-0.480
-0.863
-1.293
 0.584
 0.281
 1.183
 0.355
 1.891
 0.408
-1.617
-0.142
 1.279
 0.083
 0.170
 1.369
 0.493
 1.144
 0.572
 0.035
 0.497
-0.217
-1.395
-0.273
-1.647
 0.060
-0.811
-0.470
 0.091
 1.211
 2.332
 1.100
 0.408
 1.155
 0.109
 1.387
-0.025
 0.242
-0.010
-0.270
 0.491
-0.448
-0.190
 0.091
 1.616
-0.261
-0.492
 0.183
-0.814
 0.678
-0.335
 0.192
-1.367
 0.137
-0.604
 0.313
 0.784
 0.263
-0.240
 0.310
 0.311
-0.546
 0.374
 0.519
-0.518
 0.807
 0.954
 0.148
 0.213
-0.646
 0.060
 0.195
 0.072
 0.958
-0.814
 0.515
 2.069
-0.137
 1.431
 1.296
 1.671
-0.293
-0.224
 1.358
 0.991
 0.491
 0.824
-0.929
 0.955
 1.524
 1.608
-0.645
-2.304
-0.201
 0.434
-1.215
 0.096
 0.898
-0.834
-1.586
-1.161
-0.723
 1.357
 0.916
-0.034
-0.650
-1.775
-1.035
-0.568
-0.269
-0.514
-1.287
 0.730
-0.014
-0.069
-0.940
-1.010
-0.918
 0.359
 0.883
 0.715
 0.902
 0.405
-0.299
-1.112
-0.407
-1.377
-0.064
-0.538
-1.581
 0.513
 0.731
-0.479
 0.032
 0.371
-0.771
-0.038
-1.196
-0.029
-0.155
-0.524
 0.475
 0.069
-0.759
-1.916
-1.458
-0.214
 0.162
-0.186
-0.331
-1.183
-0.828
-1.476
-0.782
-0.798
-0.505
 0.108
-0.328
-0.460
 0.299
-1.273
-0.629
-1.608
-1.060
-0.776
 0.572
-1.141
 0.374
-0.406
-0.018
 0.122
-0.262
-0.150
 0.371
 0.575
 0.402
-0.897
 0.125
 0.836
-0.328
 0.886
-0.099
 0.385
-1.028
-0.584
-0.764
-0.045
-0.344
-0.357
 0.916
 0.884
 0.447
-0.447
-1.285
 0.172
-0.340
 1.694
 1.088
-1.519
-0.556
-0.959
-0.287
-0.587
 0.062
 0.026
-0.212
-0.055
-1.028
-1.656
-2.118
-0.585
-0.805
 0.235
 0.507
-1.022
-0.128
-0.306
-0.557
 0.185
 0.074
 0.837
 1.117
 1.378
 0.559
 0.405
 0.506
-0.035
 0.692
-0.033
-0.069
 0.437
 1.136
 0.407
-0.117
-3.100
 0.833
-1.503
-0.257
-0.022
 0.731
-0.563
-0.580
-0.437
 0.041
-0.068
-0.363
 0.988
-0.337
 0.381
-0.283
-0.324
 0.004
 0.447
-0.864
-1.170
-0.925
 2.210
 0.509
 0.133
 1.585
 1.939
 1.139
-0.482
 0.222
-1.029
 1.655
-0.046
-0.069
-0.056
 0.730
 0.349
 0.544
-0.176
-0.330
 0.373
 0.100
 0.880
-1.465
 0.115
 1.250
-0.658
 0.332
-3.322
-1.642
-0.595
-0.326
-2.131
-1.847
-0.098
-0.771
 0.215
 0.108
-1.086
-0.738
 0.093
-0.733
-0.397
-0.304
-0.474
-0.068
-0.610
-3.130
-1.546
-1.211
-0.911
 0.139
-0.434
-1.267
-0.379
-2.477
-1.770
-2.295
-1.884
-2.051
-1.492
-0.043
-0.706
-0.528
-0.508
-0.242
-0.562
 0.260
-0.564
-1.165
-1.221
-0.085
-0.192
-0.676
-0.802
-0.171
 0.483
-0.575
-0.452
-0.561
 0.215
 0.254
 0.583
 0.274
 0.236
 0.560
 1.019
 0.686
 0.696
-0.049
-0.448
-0.189
 0.722
 1.047
 0.429
 0.025
 0.486
-0.819
 0.802
 1.344
-0.357
-0.477
-0.285
-0.267
-0.011
 0.389
 0.713
 1.171
-0.156
-0.145
-1.180
-1.523
-1.076
 0.301
-0.352
-0.294
 0.199
-0.480
-0.338
 0.931
 1.048
-0.319
-0.226
 1.459
 0.840
-0.136
 0.417
 0.894
 1.134
 1.711
 2.494
 1.850
 0.910
 1.373
 1.347
 0.857
 0.437
 0.220
-0.789
-0.606
-0.856
 1.001
 0.188
-0.149
 0.533
-0.280
 1.549
 0.315
-0.920
-0.960
-1.591
 0.389
-0.014
 0.026
-0.484
-0.743
 1.033
 0.568
 0.853
 0.141
-0.354
-0.223
-0.048
-0.689
-1.494
-1.640
-1.471
-0.688
-1.141
-1.460
-0.601
-0.239
-0.662
-0.775
 0.446
-0.518
-1.076
-0.293
 0.656
-0.109
 0.815
-0.226
 1.017
 1.088
 1.555
 0.909
 0.976
 1.708
 0.682
 2.307
 0.144
 0.681
 0.495
 0.366
 1.315
 0.634
-1.635
 0.308
 0.882
-0.748
 0.160
 0.234
-0.156
 0.029
 0.771
-0.846
 0.267
-0.282
 0.607
-0.234
-0.217
 0.423
 1.003
 0.077
 1.692
 2.546
 0.438
 0.163
-0.084
 0.137
-0.414
-0.089
-0.939
 0.727
 0.449
-0.124
 0.391
 1.386
 0.044
 0.983
 1.497
 2.340
 1.323
 0.438
-0.688
-0.881
-0.376
 0.053
 0.954
 0.744
-0.163
-0.330
 0.201
-0.624
 0.029
-0.403
 1.038
 0.353
 1.095
 0.306
 0.033
-0.206
 1.763
-0.990
 0.513
-0.246
-0.855
-1.208
-1.364
-0.371
 0.369
 1.093
-0.234
-0.072
-0.345
-0.894
 0.150
 0.215
 1.084
-1.181
-0.992
-1.302
-0.878
 0.489
-0.813
-0.585
-0.498
-0.924
-0.504
-0.922
 0.876
-1.015
-0.572
 0.652
 0.375
-0.023
-1.113
-0.724
-0.775
-0.593
-0.021
-0.526
-0.644
-0.754
 0.665
 0.190
 1.079
-0.887
-0.476
 0.416
-1.019
-2.462
-0.363
 0.252
 0.269
-0.285
-1.209
-0.553
-0.238
 1.056
 0.097
-0.613
-0.709
-0.096
-1.056
-0.969
-1.814
-0.597
 0.078
 0.036
 0.543
 0.481
-0.284
 0.390
-1.191
-0.568
-0.565
 0.533
 0.350
 0.605
 0.157
-1.333
 1.343
 1.138
-0.611
 0.028
-0.169
-0.013
 0.859
 1.978
-0.648
-0.499
 2.080
 0.254
 1.308
 1.451
 0.912
 0.010
-0.104
-0.801
 0.594
 0.544
 0.387
-0.215
-0.256
 0.755
 0.787
 1.078
 1.333
 1.178
-0.553
-0.703
-0.643
 1.668
 0.635
-0.011
-0.318
 1.563
-0.144
-0.656
-0.702
 1.160
 0.421
 1.042
 0.430
-0.326
-0.733
 0.206
-0.029
-1.700
 0.322
 1.304
 0.968
 1.391
 0.309
-0.741
-0.812
 0.084
-1.548
-0.461
 0.607
-0.477
 0.570
-0.294
 0.458
 1.328
 1.082
-0.024
 1.815
 1.455
 1.070
 0.813
 1.966
 0.218
 1.324
 0.305
 0.105
-0.687
-0.504
-1.014
 0.530
 1.032
 0.533
 0.188
-0.717
-1.247
 0.063
-1.385
-1.650
-0.270
-1.511
-1.645
-0.264
-1.238
-0.569
-0.762
-0.003
 1.386
-0.147
 0.120
-0.282
-1.280
-2.074
-2.468
-2.421
-2.274
-1.610
-1.228
-1.676
-1.043
-1.729
 0.962
 1.790
 0.506
 0.567
-0.062
 0.482
 0.024
 0.696
 0.784
-1.011
-0.007
 0.168
-0.501
 0.728
 1.174
 0.177
 2.374
 1.471
-0.045
-1.059
-0.833
-1.708
-0.312
 0.442
-0.318
 0.110
 1.342
 0.164
 2.090
-1.756
-1.583
-1.657
-0.715
-1.046
-0.363
-1.221
-0.472
-1.390
-0.056
-0.152
-0.974
-0.365
-1.152
-2.247
-0.784
 0.150
-0.593
-0.546
 0.958
-0.213
 0.439
 0.267
-0.361
 0.662
 0.382
-0.613
-0.434
-2.022
 0.429
 0.642
 0.110
 0.892
-0.815
-0.841
-0.271
-0.825
-0.334
-1.346
-1.193
-0.445
 0.617
 0.936
-0.358
-0.581
-1.755
 1.278
 0.197
 0.037
-0.409
 0.772
 1.111
 0.087
 0.992
 0.202
 2.008
 0.564
-0.869
-0.506
-0.030
-0.221
-0.808
 0.417
-0.610
 0.560
 0.492
-0.609
 0.012
-0.736
-0.232
 0.510
 0.371
-1.854
 0.471
-0.438
-0.642
-0.499
 0.233
-0.308
 0.080
-0.701
 1.104
 0.535
 1.218
 0.177
-0.012
-0.476
 2.137
 1.511
-0.002
 0.081
 0.911
 0.858
 1.501
 2.187
 1.717
 2.057
 1.893
-0.103
 0.257
 1.450
 0.030
 0.809
-0.845
 0.676
 1.190
-0.101
 0.827
 2.363
 1.168
 2.254
 2.265
 1.476
 1.641
 1.298
 1.173
 1.409
 1.813
-1.174
 1.280
-0.228
-0.549
 0.283
 0.487
 0.054
 0.309
-0.211
 1.211
 0.213
-0.022
 0.513
-0.057
-0.492
-1.611
-0.725
-2.618
-2.012
 0.793
 0.264
-0.719
 0.134
 0.201
-0.562
-0.088
 1.151
-0.340
 0.536
-1.234
-0.168
-0.042
-0.193
-0.538
 0.208
 0.198
 0.285
-0.136
-0.290
 1.260
-0.477
-0.882
 0.126
-0.100
 0.032
-0.680
 0.097
 1.012
 0.155
 1.126
 0.688
 0.468
 0.515
 0.765
 0.597
 1.350
 0.538
-0.759
-1.731
-0.226
 0.149
-1.023
-0.628
-1.541
-0.386
 1.407
 1.367
-0.740
 0.833
 1.218
 0.744
 0.209
-1.096
 0.853
-0.415
-0.113
-0.857
-0.653
 1.068
-0.594
-1.531
 0.035
 1.521
 0.353
 0.823
-1.495
-0.054
 0.784
-0.495
-0.820
-1.301
-1.217
-0.079
 0.195
 0.190
-1.265
-0.782
-0.305
-0.287
 1.500
-0.384
-0.065
 1.322
-0.249
 0.163
-0.573
 0.071
 0.692
 1.150
 0.221
 1.156
-1.250
-1.759
 0.284
 0.325
-0.039
 0.769
 0.596
 0.309
-0.211
-0.705
-0.208
-0.524
-0.009
-0.212
 0.387
 0.933
-0.003
 0.293
-0.301
 0.236
 0.639
 0.019
-0.110
-0.228
 1.190
 0.109
 1.188
-0.664
-0.204
-0.581
 0.177
 0.084
-0.462
-1.071
 0.904
 0.165
 0.404
 1.376
 0.654
-0.963
-0.550
-1.699
 0.041
-0.283
 1.238
 0.505
 0.221
-0.163
-0.108
-0.821
-1.731
-1.334
-1.112
-1.383
-1.740
-1.057
-0.274
 1.410
-0.668
-1.327
-1.001
-0.287
-0.933
-1.459
 1.228
 0.144
 1.127
 0.132
 1.180
 0.275
-0.332
-1.418
-0.927
-0.066
 0.480
-0.668
-0.605
 0.343
 0.462
 0.170
-0.396
 0.485
-1.959
-0.588
-2.704
-0.719
-1.076
-1.374
-0.640
-1.983
-1.015
-0.289
 0.326
-0.631
 0.078
-0.113
-0.161
 0.051
 1.559
-0.900
 0.435
-0.233
-0.964
-1.156
 0.092
-0.240
-0.814
 0.595
-0.552
-0.728
 0.449
 0.684
 1.546
 0.552
-0.175
-1.218
 0.291
-0.477
-1.281
-1.380
-1.171
-1.322
-1.667
 0.334
-0.161
-0.640
 0.325
 1.730
 1.310
 0.675
 0.084
-2.781
-0.394
 0.667
 0.052
-0.510
-0.201
-1.041
-1.614
-1.445
-1.705
-0.468
-0.580
-0.213
-1.019
-0.392
 0.273
-0.098
-0.840
 0.849
 0.480
 0.260
 0.253
 1.199
 0.531
 0.583
-0.551
 0.510
-0.747
 0.692
-0.257
 1.369
 2.548
 0.009
-1.331
-0.193
 0.910
 0.755
 1.699
 1.827
 1.632
 1.361
 1.529
-0.613
 0.527
 1.046
-0.442
-0.200
 0.465
-0.215
-0.063
 0.670
 1.246
 0.792
 1.479
 0.144
-0.025
-0.701
 0.312
 0.150
 0.784
-0.610
 1.514
 0.937
 0.433
 0.635
-0.781
 0.914
 0.478
 0.264
 0.828
 0.078
 0.516
 0.710
 0.107
 0.086
 0.096
-0.068
 0.185
-0.525
-1.075
 0.931
-0.511
 0.111
-0.563
-0.968
-0.489
 0.292
 0.049
 0.905
 0.914
-0.257
-0.281
-1.078
 0.422
 0.289
-0.782
-0.417
 0.312
 1.287
 1.363
-0.620
 0.551
-0.252
 0.260
 0.150
 2.410
 0.881
 0.309
 1.271
 0.013
 1.645
 0.497
 0.600
 0.992
 0.546
-0.543
-0.720
-0.015
 1.692
 1.687
 1.650
 0.385
-0.352
 1.703
-0.768
-2.169
-0.740
-2.174
-2.395
 0.479
-0.484
-0.811
-0.984
 0.352
-0.377
-0.699
-0.540
-2.231
-1.089
-0.439
 0.331
 0.527
 0.442
-0.190
-1.192
 0.565
-0.093
 0.074
-1.749
-0.291
-0.962
-0.068
-2.464
-0.004
-1.802
-0.520
-0.199
-1.206
-2.430
-0.647
-1.487
-0.830
-0.132
 0.168
-0.236
-0.635
-0.484
-0.405
-0.463
 0.453
 2.227
 1.389
-0.359
-1.927
-0.012
-0.038
 0.792
 0.128
 0.378
-0.261
-0.883
 1.252
-2.397
 0.250
-1.212
-1.852
-0.556
-1.301
-2.011
-0.263
-2.029
-0.549
 0.753
 1.086
 0.359
-0.455
-0.272
-0.401
-0.363
-1.701
-1.553
-1.832
 0.153
 0.581
 0.147
 0.027
 1.057
-0.964
-0.289
 1.171
-0.561
-0.706
-0.383
-1.859
-1.489
-1.081
-2.148
-2.213
-2.383
-1.348
-0.908
-0.337
-1.772
-1.046
-0.589
-0.866
-0.257
-1.095
-1.813
-0.077
 0.432
-1.210
-0.553
-0.487
-1.576
-0.579
-1.989
-1.657
-2.263
 0.589
 1.455
-0.639
-0.355
 0.059
-0.477
-0.157
-0.459
-0.957
-1.611
-0.992
-0.155
-0.325
-0.350
 0.250
-1.492
-0.058
-0.745
-1.085
-1.890
 0.129
-0.089
-0.844
-0.198
-0.695
-1.410
-0.854
 0.022
-1.828
-1.100
 0.086
-1.040
 0.184
-0.172
-0.462
-0.144
-2.309
-0.926
 0.261
-0.480
-1.214
-1.108
-2.295
-1.436
-0.274
-0.853
-1.765
-0.664
-2.405
-1.021
-1.100
-0.323
 0.458
 0.083
-1.008
-0.678
-0.045
-0.953
-0.410
 0.455
 1.096
 0.519
-1.147
 0.027
-0.279
-0.988
-2.347
-1.120
-0.684
 0.200
-1.328
-2.322
-1.289
-0.535
 0.218
-0.753
-0.097
-1.344
-1.069
-2.096
-0.291
-1.424
-2.428
-0.153
-0.634
-1.589
-0.628
-1.540
-0.076
-0.445
 0.320
 0.065
-1.031
 0.817
-0.336
 0.166
-2.029
-2.291
-0.481
-0.717
 0.112
-1.480
-0.845
-0.718
-1.034
-1.279
 0.081
-0.831
-0.367
-0.778
-0.064
-0.271
 0.931
-1.202
-0.484
-0.918
-0.218
-0.554
-1.250
 0.404
 0.483
 1.015
-1.732
-2.708
-2.235
-0.538
-1.096
 0.036
-0.042
-0.316
-0.157
-0.844
 0.652
 0.029
 0.794
 0.468
-0.454
-1.090
-0.848
 0.702
-0.438
 1.193
 1.032
-0.012
-1.595
-0.246
 0.354
-0.883
-0.986
-0.528
 0.124
 0.753
 0.465
 0.608
 0.663
 0.615
 0.482
 0.693
 1.332
 1.804
 2.612
 1.167
 0.953
-0.066
 0.133
-0.154
-0.546
 0.076
 1.224
 0.897
 0.000
 0.346
-0.379
-0.142
-0.515
 0.081
-0.097
 0.825
-0.216
 0.274
 0.767
-1.627
-0.032
-1.570
-1.076
-0.002
 0.128
-0.287
 0.910
 1.875
 1.314
 0.656
 0.591
-0.321
 0.141
 0.058
 0.523
 0.033
 0.392
 0.664
 1.743
 2.015
 0.690
 0.663
 0.476
-1.191
-0.086
 0.476
 0.573
 0.626
 1.387
 0.151
-1.122
 1.004
-0.043
 1.059
 0.280
-0.009
-0.145
 0.558
 0.865
 0.737
 1.254
 0.667
-1.146
-1.254
 0.585
 0.762
-0.997
 0.343
-1.015
-1.181
-0.614
-0.147
-0.596
 0.638
 0.519
 0.286
 0.074
 0.433
 0.744
-0.277
 0.034
-1.076
 0.031
 0.470
 0.291
 0.511
-0.662
-0.870
 0.001
 1.942
-0.249
-1.460
-0.201
-0.031
 1.518
-0.003
 0.113
 0.082
 0.019
 0.093
-0.005
 0.665
 0.477
 0.137
 0.091
 0.146
-0.713
-0.206
-0.634
 0.359
-1.071
-0.487
 0.317
-0.934
 0.185
-1.053
 0.811
 1.477
 0.239
-0.945
-0.325
-1.606
 1.122
 0.225
 0.080
-0.107
-1.746
-0.590
-0.817
-0.349
 0.631
 0.936
 0.549
-0.502
 1.003
-1.362
 0.222
 0.513
-0.623
-1.672
-0.764
-0.348
-0.144
 0.333
 0.930
 0.504
 0.025
 1.041
 0.847
 0.508
 1.491
-0.305
 0.279
 0.278
-0.843
 0.781
 1.373
-0.342
-0.876
 0.756
-0.874
-1.065
-1.552
 0.007
-0.330
-0.410
-0.486
-1.415
-0.451
 0.114
-0.526
 1.093
-0.041
-1.469
 0.179
 0.734
-0.694
 0.119
 0.438
-0.348
 0.707
 0.067
 0.637
 0.993
 1.072
 0.431
 0.342
-0.903
-1.334
 0.073
 0.363
 0.236
-0.235
-0.760
 0.037
-0.197
-0.707
-0.831
 0.352
 0.322
 0.863
 0.411
 0.327
 0.946
-0.096
 1.283
 0.711
 0.185
-1.710
-0.854
-0.549
-2.007
-0.108
 0.289
 0.847
-0.099
 0.476
-0.395
 0.023
 1.584
-0.421
-0.415
 1.727
 0.277
 0.854
 0.628
-0.810
 1.551
-0.690
-0.455
 0.106
-0.459
 0.601
 0.460
-0.362
-0.980
 0.370
-0.026
 0.212
 1.500
 0.189
 0.706
 0.123
-0.320
-0.653
-0.678
 0.048
 0.846
 0.096
 1.497
 2.564
 0.591
 0.152
 0.173
-0.331
-0.381
 0.070
 0.941
-0.749
 0.735
 0.785
-0.885
-0.519
 0.276
-1.087
-1.010
-0.204
-0.089
-0.758
 0.458
 0.251
-2.211
-1.032
-1.295
 0.270
-0.761
-0.077
-0.095
 1.066
 0.129
-0.130
 0.109
 1.524
-0.043
 0.622
 0.268
 0.136
 0.564
 0.140
-0.768
-0.352
-0.753
 0.106
-1.255
 0.464
-1.918
-1.649
-1.567
-1.311
-1.202
-1.447
 0.460
-1.674
-2.077
-2.165
-0.171
-1.106
-1.187
-0.283
-1.277
-1.504
-0.885
-1.496
-0.796
-1.733
-0.392
 0.170
-0.492
-0.923
-0.344
 0.167
 0.224
 0.322
-1.060
 0.197
 0.596
-1.306
-1.039
-2.737
-1.010
-2.087
-2.010
-1.186
-0.682
-0.909
-0.700
 0.537
-0.128
-1.265
-1.733
 0.592
 0.658
 0.251
 0.408
-1.150
 0.041
-1.851
 0.284
-0.618
-0.929
-1.469
-0.796
-1.902
 0.030
 1.383
 0.131
-0.438
 0.198
 1.172
 0.208
 0.209
-1.184
-0.899
-1.369
-1.559
-0.122
-0.290
-1.026
-2.008
-1.056
-2.349
-1.956
-1.905
-2.382
-3.325
-2.213
-0.647
-0.360
 1.153
 0.878
 0.592
-0.986
-0.408
 2.022
 0.122
-0.362
-0.368
-0.806
-0.165
-0.391
 0.076
 0.130
-1.128
-0.673
-0.082
-0.067
-0.574
 0.012
-0.442
 0.132
 0.580
-0.497
 0.154
-0.801
 0.481
 1.261
 1.559
 0.955
 0.268
 0.816
 0.984
 0.140
 0.149
-0.035
-1.540
-1.059
-0.491
-0.892
 1.228
 0.618
 1.312
 1.390
-0.348
-0.155
 2.010
 0.518
-0.309
-1.591
-0.280
-0.654
-0.678
 0.102
-0.731
 0.323
-1.751
 1.308
 0.304
-1.140
-1.227
 0.082
 0.166
 2.190
-0.123
 0.335
 0.867
 0.818
 0.089
-0.056
 1.633
 0.939
 0.111
 0.792
-0.455
 0.535
-0.647
 0.647
-0.595
-0.381
 0.833
 1.101
 0.330
 1.048
-0.229
 0.383
-0.067
-0.310
-1.504
-0.375
-0.257
 0.243
 0.203
-0.514
 0.093
 0.923
-1.008
-1.961
 1.149
 0.969
 1.529
 0.771
-1.665
-1.643
-1.603
-1.088
 0.192
 2.395
 0.883
 1.320
 2.425
 0.434
 0.842
 1.421
-0.212
-0.970
 0.696
 0.128
 0.346
 0.341
 1.258
 1.494
-0.165
 1.018
-0.002
-1.408
-0.017
 0.800
 0.454
-0.605
 0.471
 0.161
-1.568
-0.195
 0.180
-0.371
-0.859
-0.789
-0.955
 1.543
-0.219
 0.811
 0.125
-0.493
-0.900
-0.121
-0.859
 0.766
 0.696
-0.605
 1.109
 0.708
-0.874
 0.694
 0.067
-0.949
 0.198
-1.763
-0.912
-0.124
 0.105
 0.431
-1.619
-0.401
-0.140
-1.249
-0.308
 0.347
-0.108
-0.878
-0.559
-0.239
-2.187
-0.230
 0.645
-0.249
-1.064
-0.092
 0.374
-0.190
-0.909
-0.680
-0.215
-0.619
-0.989
 0.505
-0.880
-0.781
 0.718
-1.526
 0.094
-0.065
 0.270
-1.380
-1.530
 0.270
-0.345
 0.833
-0.103
-1.039
-0.267
-1.365
 1.397
 0.468
 0.495
 0.565
-1.548
 0.397
-0.793
 0.747
 0.126
-0.524
 0.065
-0.147
 0.213
 0.429
 1.319
 1.008
-1.299
-0.577
 0.272
 0.799
 1.597
 2.061
 1.698
 1.032
 0.729
 0.119
 1.790
 1.423
 1.909
 0.649
-0.512
 0.619
 1.103
-0.330
 0.912
-0.151
 1.013
 0.411
-0.345
 0.635
 0.791
 0.162
 0.846
 1.867
 0.514
 1.238
 0.685
 1.422
 1.668
 0.275
 0.610
-0.182
 1.083
 0.011
-0.827
-0.191
 1.180
 0.368
 2.039
-0.355
-2.033
-0.417
 0.383
-0.164
-0.268
 1.597
 0.888
-0.045
 1.602
 1.477
-0.979
-1.011
-0.337
-0.239
-0.072
 1.276
-0.044
 0.106
 0.593
 0.976
 0.067
 0.423
 1.443
 1.122
 1.070
 1.717
 0.150
 0.297
 0.955
 1.768
-0.419
 0.215
 1.195
-0.351
-1.300
-0.182
 0.024
-0.539
-1.342
 0.304
-1.084
-1.251
 0.380
 0.252
 0.291
-0.933
-0.512
-1.053
-2.163
 0.289
-0.751
-1.085
 0.562
 0.138
 0.676
 0.602
 1.104
 0.388
 0.712
-0.638
 0.251
 0.696
 0.636
 0.055
 0.854
 1.141
 1.783
 1.336
 1.291
 2.448
 1.028
 0.567
 0.238
 1.359
 1.365
 1.466
 0.080
 0.905
 0.894
 0.480
 1.085
 0.015
 0.776
-0.651
 0.101
 1.352
-0.056
 0.891
 0.133
-0.633
-0.512
 0.079
-0.913
-1.692
-1.787
-0.270
-1.003
-0.267
-0.699
-0.789
-0.286
-1.333
-0.615
-0.182
-0.501
 0.670
 1.234
 0.536
 0.426
-0.022
 0.651
 1.178
 1.581
-1.262
-1.664
-1.925
 0.383
-2.343
-1.507
 1.229
 0.861
 0.369
 1.664
 0.975
 1.969
 2.570
 0.866
 0.241
 0.699
-0.106
 1.524
-0.191
 1.289
 0.283
 0.256
 0.124
 0.154
 0.157
 1.149
 0.684
 0.585
 0.107
 1.272
 1.455
 2.359
 1.181
 0.154
-0.034
 1.518
-0.034
-1.034
-0.555
 0.001
 1.383
-1.163
 1.228
 0.859
 0.372
 0.736
-1.273
 1.103
-0.837
 0.863
-0.535
 0.162
 0.387
 1.423
 0.318
 0.354
 1.032
-0.230
 0.926
 1.517
 0.571
 0.245
 0.144
-0.165
-1.267
-1.661
-2.358
-0.243
 0.291
-0.311
 1.388
 1.036
-0.627
 1.053
 1.394
 0.004
 0.865
 0.849
 0.571
-0.052
 0.784
-0.319
 0.132
-0.242
 0.659
 1.445
 1.123
 0.279
 0.585
-1.454
-0.521
 0.163
 0.299
 1.186
 0.188
 1.304
 0.795
 2.289
 0.582
 0.296
 0.482
 1.088
 1.437
 2.482
 1.418
 0.414
-0.060
-1.524
 0.477
-0.895
 0.609
-0.512
 1.189
 0.019
 0.236
-0.318
 0.142
 0.000
 0.744
 2.171
 1.122
 1.124
 0.804
 0.276
-0.047
-0.962
 0.664
 0.556
-0.312
-0.106
 0.792
 1.987
 0.243
 0.388
 0.998
 1.234
 2.237
 1.623
 0.497
 1.470
 1.096
 2.715
-0.158
 1.122
 0.679
 0.379
-0.191
-0.939
-1.330
-0.066
 0.395
 1.298
 1.932
 1.733
 0.594
 0.547
-0.172
 0.356
 0.744
 0.314
-0.672
 1.197
 0.385
 1.373
-0.289
-0.097
-1.386
-1.046
-0.946
-0.130
 0.694
-0.618
-1.117
-1.138
-0.976
-0.526
 1.094
 1.405
 0.697
-0.033
 0.225
-0.675
 0.010
 1.098
 0.335
 1.646
 0.868
 0.001
 0.339
 1.815
 1.756
 0.534
 0.161
 1.610
 1.260
 0.114
 0.231
 0.905
 0.556
 0.034
-0.437
 0.840
 0.148
 0.229
 0.696
 0.789
 0.045
-0.248
-0.175
-0.034
 0.103
-0.626
-1.261
-0.856
-1.109
-0.254
-0.856
-0.689
-0.536
 0.119
 0.214
 0.958
-0.156
 0.048
 0.611
-0.842
-0.716
 0.287
 1.383
 0.090
 0.996
 1.100
 1.766
 1.659
 1.217
 0.525
 1.288
 0.904
 0.687
-0.013
 1.469
 1.190
 0.596
 0.517
-0.163
-0.784
 1.191
-0.611
-1.087
 0.016
 1.592
 1.554
 0.374
 0.067
 0.591
-0.297
 0.880
-1.196
-0.231
 0.586
-1.102
 0.577
 1.818
 0.443
 0.452
-0.323
-1.266
-1.977
-0.967
-0.986
 0.159
 1.054
 0.923
-0.074
 1.540
 0.534
 0.304
 1.620
 0.801
-0.453
 0.513
 0.176
 2.020
 1.485
 1.395
-0.298
-0.252
 0.694
 1.010
 2.909
 0.378
-0.269
 1.654
 1.169
 0.541
 0.897
 1.299
 0.076
 1.405
 1.748
 2.294
 1.108
-0.930
-0.670
-1.394
-0.721
 0.304
 0.247
-0.602
-0.187
 0.253
 0.302
 0.642
-0.133
 0.060
 0.747
 0.971
 0.867
 1.160
 0.201
-0.710
-0.039
 0.282
 0.583
-0.008
-0.292
 0.368
-0.315
-0.185
-1.224
-1.301
-2.322
 0.129
 0.026
-0.125
-0.689
 1.121
-0.428
-0.842
-2.544
-0.175
-0.264
-0.240
 0.829
-0.166
-1.771
-0.991
-0.018
-0.108
-1.326
-0.825
-0.745
-0.115
-0.402
-0.775
 1.046
 0.628
 0.150
-2.374
-1.290
-0.692
-1.819
 0.425
-0.770
 0.819
 0.317
-0.036
 0.372
-0.627
-0.624
 0.085
 0.404
-0.780
-0.773
-1.211
-1.361
-0.413
-0.295
-0.158
 0.485
 0.504
-0.085
 0.923
-0.202
 0.610
-0.648
-1.061
 0.084
-0.104
-1.501
-0.588
 1.426
 0.593
-0.380
-1.360
-1.493
-0.909
-0.406
-0.682
-1.292
-1.396
-1.327
-0.001
 0.096
 0.784
-0.563
-0.059
-1.236
 0.451
 1.073
 0.796
 1.343
-1.295
-1.011
 0.742
 1.085
 1.152
 0.857
-0.495
 1.076
 0.230
-0.343
 1.062
 1.072
-0.601
 1.640
 0.438
 0.306
-0.981
-0.325
 1.649
 1.518
-0.032
-0.178
 1.270
 0.088
-0.566
 0.342
-0.761
-0.585
-0.824
-0.493
 0.165
-0.056
 0.683
 0.229
-0.421
-0.083
 0.553
 1.183
 0.933
 1.746
 0.484
-0.322
 0.441
-0.901
 0.285
-0.019
-1.070
-1.507
-0.615
 1.717
 1.053
 0.576
 0.543
 0.939
 0.491
 0.833
 0.779
-0.928
-2.048
-0.741
 0.651
-0.177
-0.551
-0.164
-0.472
-0.351
-1.467
-0.686
 0.198
-1.023
 0.290
 0.167
 0.651
-0.750
-0.742
 0.202
 0.158
-0.025
 1.891
 1.769
 1.037
 1.866
 0.565
-0.953
 0.813
-0.901
-1.960
-0.940
-1.077
-0.519
-0.260
 0.055
-0.144
-0.526
-0.307
 0.463
 1.312
 0.205
 0.538
 0.666
-0.238
-0.441
-0.186
-0.383
 0.291
 0.081
 1.157
 0.440
 0.673
 0.698
-0.527
-0.172
 0.613
 0.701
-0.262
 0.554
 1.017
 1.154
 2.382
 0.464
 0.968
 0.302
 0.832
 0.489
-1.462
-1.160
-0.255
-1.875
-0.822
-2.263
-1.213
 0.002
-0.711
 1.554
 2.168
 0.957
 0.023
 1.106
-0.196
-0.907
-1.221
-1.178
-1.573
-0.868
-0.127
-0.486
-1.043
-1.620
 0.662
-0.800
 1.143
-0.868
-1.260
-0.240
-0.507
 0.006
-0.339
-0.769
-0.865
-0.745
-0.524
-0.859
 0.248
 1.378
 1.012
 0.756
 0.614
-0.176
-1.776
-0.290
 0.687
 0.046
-0.018
-0.117
 0.261
-0.907
-2.018
-1.304
-1.406
-0.500
 0.135
 1.170
-0.230
-1.701
-1.254
 0.666
-1.691
 0.073
-1.085
 0.934
-0.035
-1.078
-0.459
-0.796
-1.146
-0.657
 0.307
 0.724
 0.451
-0.136
-0.048
-0.152
-0.283
 0.861
 0.572
 0.916
-0.600
-0.201
 0.904
 1.866
 0.841
 1.445
 0.250
 0.260
 0.342
-1.277
-0.390
-0.263
 0.913
-0.893
 0.790
 1.151
-1.033
-1.020
 1.498
 1.576
 0.403
 1.179
 1.074
 0.049
 1.326
 0.907
 1.390
 2.061
 1.227
 0.167
 0.082
 1.381
 1.795
 1.386
 0.345
 1.240
 1.219
-0.039
-0.192
-1.238
 0.370
 0.089
 0.269
-0.790
 0.954
 1.395
 0.709
 0.066
 1.049
 1.510
 1.151
 2.007
 0.974
 1.460
 0.144
-0.512
 0.238
 0.856
 0.969
 0.240
-1.058
 0.357
 2.466
 0.042
 0.321
-0.159
-0.233
-1.223
-0.417
-0.214
-0.855
-0.026
 0.899
 0.676
-0.286
 0.913
-0.199
-0.752
-0.669
-0.688
 1.296
 0.492
-0.409
-0.411
 0.409
 0.584
 0.147
 2.209
 1.264
 2.126
-0.021
 0.786
 1.561
 1.237
 0.928
 0.602
 1.540
 1.527
 0.448
 0.048
 0.981
 0.304
 0.459
-0.123
-0.340
-1.156
 0.023
 0.434
 1.782
-0.816
 0.825
-0.372
 0.922
-0.646
-1.369
 1.177
-0.140
 0.641
-0.272
 1.110
 0.763
 0.594
 0.450
 0.085
 0.112
 0.047
 1.936
 1.425
 0.740
 0.477
 0.227
 2.002
 1.406
-0.590
-0.272
 0.399
 1.451
-0.345
-1.228
-0.582
 0.438
 0.707
 1.212
 1.326
 1.054
-0.413
 0.326
 0.815
 1.018
-1.565
-1.248
-0.749
 0.371
-1.042
-0.352
-0.806
-0.681
 0.160
-0.463
 0.863
 0.489
 0.030
-0.585
-0.546
-2.090
-1.489
 0.625
 0.180
-1.261
-0.269
-1.445
-1.217
 0.401
-1.145
 0.572
 0.477
-0.488
-1.175
-1.344
 1.178
-1.070
 0.090
-0.019
 1.051
-1.698
-0.443
-1.045
-1.665
-1.715
-1.611
-2.507
-0.371
 1.036
-0.558
-1.144
-0.455
-0.402
 0.404
 0.310
-0.306
-0.130
 0.350
 1.560
 1.075
 0.945
-0.177
-1.251
-1.951
-1.071
-1.089
 0.093
 0.297
-0.569
-0.595
-0.053
 0.080
-1.139
-0.586
 0.309
 0.157
-1.503
-1.345
-2.161
 0.292
-0.117
-0.172
-1.442
-1.099
-1.249
-1.516
-1.506
-1.427
-1.231
-0.763
-0.388
-0.765
-1.392
-0.682
-1.101
-1.917
 0.255
-0.354
-1.604
 0.086
 0.160
 1.006
 0.799
-0.216
-0.787
-0.848
-1.616
 0.147
-0.560
-1.444
-0.091
-0.854
-1.007
-0.245
-0.607
-0.960
-1.601
 0.036
 0.435
-0.942
 0.600
 0.743
 1.429
-0.019
 0.824
-0.670
-0.125
 1.201
 0.368
-0.635
-1.041
 0.211
-0.325
-0.392
-1.020
-0.248
 0.396
-0.732
-1.716
 0.368
 0.594
 0.409
-0.899
 1.160
 1.232
 1.177
 1.380
 0.284
-1.081
 0.194
-0.743
-2.396
-2.245
-1.292
-0.376
-1.591
-0.886
-0.044
 0.061
-1.880
-0.234
 1.383
 0.654
-0.393
 0.445
 0.191
-0.279
 0.886
 0.440
-0.292
-0.869
-0.809
 0.548
-0.726
 0.593
-1.368
-0.631
-1.165
-0.641
-0.133
-0.013
 1.334
 0.298
-0.071
 0.515
-0.345
 0.710
 1.588
 0.208
 0.865
 1.434
-1.074
 0.321
-1.036
-0.246
-0.041
-0.471
 0.531
 1.713
 0.705
 0.224
 1.651
 0.188
 1.079
-0.160
 0.609
 0.731
 1.753
 1.318
 0.508
 0.475
 0.986
 1.488
 1.085
 0.120
-0.608
-0.612
 0.537
-0.528
 0.870
 0.537
 0.570
-0.417
-0.073
 1.429
 1.923
 0.945
 2.078
 1.185
 1.789
 2.451
 0.426
 1.610
 2.255
 0.314
 0.393
 0.144
-0.473
 0.744
 0.853
-1.835
-0.169
-0.422
 0.999
 0.608
-1.011
-0.398
 0.449
-0.932
-0.095
-1.092
-0.473
-0.963
 0.552
 0.370
 0.880
 2.179
 2.383
-0.201
 0.705
 0.172
 0.764
 0.786
-0.129
 2.080
 1.832
 1.954
 1.213
 0.339
-0.562
-0.208
 0.002
-0.839
-0.433
 0.042
-0.450
 0.201
 0.481
-1.324
 0.010
-0.721
-0.347
 0.547
 1.128
 0.425
 0.086
-0.692
 0.006
 1.562
-0.993
-1.353
-1.187
-0.008
 0.549
-1.408
-0.825
-0.146
 0.507
-0.443
-0.263
-1.072
-1.144
 0.154
 0.490
 0.748
-0.365
 0.194
-0.371
 0.174
-0.665
-0.612
-1.054
-0.530
 0.204
 1.272
 0.309
-0.217
 0.287
-0.150
 0.282
 1.691
 2.091
-0.664
 0.903
 0.376
 0.682
-0.339
-0.145
 0.576
 1.160
 0.062
-2.059
 0.181
 1.197
 0.566
 0.590
 0.506
-0.084
 0.825
 1.679
 0.373
 0.809
 0.361
 1.184
 0.202
-0.124
 0.577
 0.856
 1.741
 1.467
 2.273
 1.911
-0.313
 0.681
 2.043
 0.548
 1.129
-0.359
-0.120
-0.201
 0.499
-0.753
-1.789
 1.218
 0.688
 0.645
-0.699
 0.719
-0.512
 1.045
 0.283
 0.263
 0.401
-0.140
 1.133
-0.048
 1.307
 1.934
 0.128
 1.147
-0.039
-0.036
 0.521
-0.688
 0.671
-0.255
 1.265
 1.078
 0.065
 0.865
 0.985
 0.528
 0.356
 1.045
 1.704
 0.494
 1.403
 1.211
 1.945
 1.710
-0.127
 1.930
 0.471
-0.164
 0.572
 0.347
-0.877
-1.071
 0.022
-0.753
 0.240
-2.261
-0.537
-0.492
 0.240
 0.524
 0.598
-0.861
-1.451
-0.616
-0.134
 1.932
 0.888
-0.306
-1.281
-1.726
-0.358
-1.273
-2.089
-1.466
-2.598
-1.001
-0.692
-1.796
-1.684
-0.373
 1.118
 1.800
-0.466
-1.623
 0.664
 0.872
-0.473
-0.198
 0.372
 0.786
 0.069
-0.158
-0.187
 0.909
 1.128
 0.652
 0.676
-0.167
-0.094
 0.847
 0.755
-1.057
 0.701
-0.661
 0.274
-0.082
-1.244
-1.496
-0.163
-1.012
-0.062
 0.676
-0.429
-0.589
 1.029
-0.426
-1.466
-1.471
-0.317
-0.769
-0.744
-0.542
 0.715
 0.492
 1.127
 0.212
 0.695
 0.292
 1.798
 0.085
-0.285
 0.063
 0.141
-0.232
 0.310
 1.330
 1.460
 0.902
 1.971
 2.163
 0.040
-0.363
-1.849
-1.719
-0.868
 1.507
 0.031
-1.243
-0.390
 0.303
 1.364
 0.927
 0.638
 1.097
-1.150
 0.644
-0.417
-0.510
-0.251
-0.557
-0.192
-0.964
-0.627
-0.526
 1.596
-0.052
 0.855
 1.767
-0.803
-0.026
 1.623
 1.522
 1.030
 0.482
-0.295
 0.404
 0.526
-0.245
 1.952
 2.367
 1.831
 2.161
 1.322
 0.059
-0.201
-0.275
 0.923
 1.331
 0.862
 1.640
 1.888
 2.403
 1.595
 1.686
 1.598
 1.326
 0.556
-0.418
-0.341
-0.104
 0.746
 0.952
-0.636
-0.791
-0.111
-1.465
-1.027
-1.236
-0.034
 0.771
-1.059
-0.981
 0.979
 1.967
-0.012
-0.014
 0.283
 0.919
 1.971
 0.381
-1.732
-2.175
-0.454
-2.218
-1.022
-2.144
 0.019
-0.296
-0.504
-0.559
-1.043
 0.016
-2.046
-1.700
 0.699
 0.508
 0.264
 0.288
-0.855
 0.808
-0.903
-2.029
-0.573
-0.829
-0.691
 0.418
-0.204
-0.453
-0.616
 1.199
 1.856
 0.184
 0.582
 1.888
 1.805
 2.276
 1.463
 0.508
 0.325
-0.193
-0.753
-0.279
 0.788
-0.388
-1.121
-1.152
-0.551
-0.153
-0.448
 0.036
 1.950
 1.779
-0.107
 0.749
 0.258
 0.817
 0.714
 0.657
 0.662
-1.119
-0.971
 0.395
-1.002
-2.366
-0.692
-0.904
 0.119
-1.265
-1.511
-1.239
-0.671
-0.184
-1.039
-0.109
-0.459
 1.529
 1.101
 1.135
 0.054
 0.362
 0.358
-0.589
 0.343
 0.512
 0.712
 0.281
-0.468
 0.469
 1.220
 0.267
 0.908
-0.991
 0.370
-0.037
 0.128
-0.055
-1.028
 0.694
 0.278
 0.832
 0.684
-0.929
-0.395
 1.194
-1.184
 0.299
 0.104
-1.008
 0.269
 0.837
-0.209
-0.068
 0.317
 0.711
 0.045
-0.693
-0.547
-1.072
-0.621
-1.387
-0.269
-0.704
-2.532
-0.257
-0.396
-0.633
-1.187
 0.492
 0.635
-0.332
-0.554
 0.257
 0.900
 0.619
 0.733
-0.006
-0.768
-0.317
 0.134
-1.434
-0.365
 0.516
-0.620
-2.121
-0.973
-0.047
 0.273
-0.551
-1.790
 0.640
 1.069
 0.520
 0.085
 0.279
-0.511
-1.166
-0.166
-0.572
 0.506
 0.598
 1.089
-0.199
 1.608
 0.267
-0.405
-0.046
-0.123
-0.397
-0.128
 0.414
 0.477
 0.272
-0.536
-0.709
 0.931
-0.378
 1.813
 0.903
 0.371
-0.061
 1.126
 0.907
 0.535
 0.380
 0.820
-1.824
-1.693
-2.099
 0.369
 0.010
 0.896
 0.386
 0.117
 1.250
 0.590
-0.394
-1.688
 0.369
 1.567
-0.164
 0.667
 0.503
 1.909
 1.349
 0.368
-0.234
-0.982
-0.600
-0.914
-1.356
-0.113
-0.564
 0.298
 1.653
-0.081
 0.398
-0.956
-0.852
 1.169
-0.735
-0.368
 0.384
-0.191
-0.187
 1.413
 0.067
 1.144
-0.465
-0.326
 1.118
 0.432
 1.185
 0.197
 0.894
 0.270
 0.197
 0.298
 0.856
 0.650
 1.680
 0.783
-0.011
 0.998
 0.643
-0.215
 0.548
 0.176
-1.395
-0.567
-0.450
 1.102
-1.211
 0.358
-1.295
-1.207
-1.333
 0.034
-0.798
-0.238
 0.872
 0.323
-1.332
-0.799
 0.141
 0.498
-0.039
-0.021
-0.542
-1.009
 0.243
 0.199
 0.706
-0.104
-2.341
-0.485
 0.586
-0.240
 0.072
-1.044
-1.763
-0.667
 0.190
-0.893
 0.433
-0.084
-1.453
 1.360
-0.805
 0.641
 0.649
-0.182
 0.022
 0.232
 0.507
 0.645
 1.163
 2.206
 0.993
-0.167
 0.800
 1.021
-0.109
 0.692
 0.301
 2.103
 0.352
-0.202
 1.439
 1.574
-0.289
 0.392
 1.412
 0.741
 1.386
 1.313
 1.989
 1.197
 0.718
 0.235
 0.643
 0.033
 1.328
-1.066
 0.089
-1.199
 0.867
-0.054
-1.034
-1.327
-0.103
-0.887
-1.020
-0.137
 0.929
 0.650
-0.105
-0.052
 0.843
 0.654
 0.934
 0.204
-0.621
 0.027
-0.784
 0.627
-0.329
 1.111
 0.054
-0.916
 0.279
 1.119
 0.445
-0.387
-0.482
-0.635
-0.837
-0.603
 0.490
 1.498
-0.853
 1.196
 0.395
 1.043
 1.785
 2.305
 1.273
 3.045
 1.485
-0.616
 1.914
 0.656
 0.576
 1.018
 1.289
 0.725
 0.985
 1.432
 1.226
 3.431
 1.281
-0.272
-0.414
-0.016
-0.454
-1.275
-0.899
-0.421
 0.024
 0.867
 1.205
-0.421
-1.540
 0.200
 0.337
 1.082
 0.061
-0.128
 0.850
 1.176
-0.614
 0.751
 1.298
-0.766
-0.993
-0.843
-1.343
-1.514
-0.218
-1.174
-0.035
-0.867
-2.026
 0.570
-0.280
 0.404
-1.233
-0.983
-0.877
-1.344
-0.346
-1.057
-0.605
-1.695
-1.140
 0.746
 0.396
-2.755
-1.294
-0.421
 0.112
 0.632
 0.059
-1.109
 0.054
 2.211
 1.684
-0.278
 1.268
-0.299
-0.509
 0.234
-0.634
-0.652
 0.290
-1.524
-1.445
 0.881
-0.194
-0.248
-0.233
 0.883
 0.958
 1.199
 0.460
 0.823
 0.355
 0.624
-0.950
 0.122
 1.224
 0.124
 0.872
 0.668
 0.566
 0.816
 0.621
 0.165
 1.332
 0.894
 0.774
 0.387
 1.420
-0.995
-0.336
-0.776
 0.257
 0.024
 0.420
 1.456
 0.554
 1.803
 0.886
 1.085
 0.193
 0.160
-1.491
-0.796
 0.216
 0.815
-0.421
 0.566
-0.186
-0.686
 0.360
-0.089
-1.298
-0.842
-0.131
-0.154
 1.150
-0.159
 1.064
 0.957
 0.373
 0.492
 0.610
-0.515
-0.003
-1.161
-0.594
 0.248
-2.398
-1.411
-0.951
 0.151
 1.382
 0.516
-0.680
 0.191
-1.030
 1.050
-0.367
 0.210
-0.008
 0.371
 2.745
 1.065
 0.461
-0.226
 1.566
 1.436
-0.273
 1.514
 0.076
 1.370
 0.686
 0.695
-0.512
 0.647
-1.502
 0.312
-0.783
-1.161
-0.302
 0.140
 0.206
-1.826
-0.311
 0.508
-0.737
-0.054
-0.038
-0.812
-0.052
 0.213
-1.672
-0.921
-0.721
-2.051
 0.338
-1.792
 0.541
 0.191
 0.039
 1.233
 0.629
 0.327
 1.899
 2.052
 0.105
 0.313
 0.348
 0.586
 1.543
 0.872
 1.733
 1.141
-1.062
 0.826
 0.749
 0.296
 2.267
-0.048
 1.275
 0.454
 0.457
 0.135
-0.830
-0.207
 0.576
 0.111
 0.037
 0.889
 0.658
 0.620
 0.609
 0.703
 0.314
-0.143
 0.882
 1.499
 0.843
 0.791
 0.443
 0.607
 0.338
-0.260
 2.047
 0.615
 0.106
 0.363
-0.250
 0.195
-0.414
-0.599
-0.318
 0.651
-0.112
-0.838
-0.307
-0.357
 0.154
-0.437
 0.218
-1.188
 0.220
-0.844
-1.996
-0.442
-1.148
-1.267
-0.536
-1.112
-1.051
-1.262
-0.206
 0.006
 0.584
 0.278
-0.765
-0.293
-0.722
-0.547
 0.340
-1.107
 0.213
-0.127
-1.092
-0.925
 0.012
-0.240
-0.597
-1.112
-0.601
-0.899
-1.212
-1.438
-0.929
-0.344
 0.040
-0.394
-0.914
-0.523
-1.629
-1.509
-0.984
-0.594
-0.227
-1.551
-0.412
-1.415
-0.199
-0.368
-0.529
 0.030
 0.509
 0.054
 0.679
 0.897
-0.498
 2.087
 0.860
 0.485
-0.127
 0.911
 1.006
 1.007
-0.410
 0.059
 0.119
 1.395
 0.477
-0.025
-0.439
 0.038
 1.003
-0.277
-0.033
-0.028
 0.821
-0.465
 0.435
-0.517
-0.131
-2.013
-0.164
-0.068
 0.205
-0.184
 0.910
-0.162
-1.026
 0.606
 0.990
 0.355
 0.024
 0.825
-0.196
-0.615
 0.771
 1.100
 1.348
-0.003
-0.215
 0.696
-0.210
 0.363
-0.131
 0.355
 0.911
-0.499
 0.062
 1.055
 0.698
-0.247
-1.261
-1.651
-1.599
 0.337
 0.110
 0.831
 0.234
 2.132
 2.282
-0.121
-0.167
-0.117
-0.755
 0.643
 2.004
 0.498
 1.294
 0.747
-0.930
-0.007
-0.916
-1.036
-0.915
-0.507
-0.536
-1.099
 0.157
 1.045
 1.724
-0.698
-0.121
-0.020
 1.057
 1.367
-0.010
 0.858
 0.489
 2.611
-0.119
 1.262
 1.971
-0.826
-0.091
-0.101
 0.171
 0.172
-0.091
 0.252
 1.070
-0.021
-0.846
-0.487
 0.436
 1.133
 1.312
-0.190
 1.212
 1.689
-0.909
-0.313
-1.046
 0.508
-2.049
-0.171
-1.412
-0.080
 0.134
 0.998
 0.019
-0.066
 0.252
-0.379
-0.726
 1.010
 1.225
 1.314
 0.676
 2.166
-0.431
 0.361
 0.187
-1.117
-1.004
-0.709
-0.416
 0.620
 1.021
 1.458
 0.286
-0.516
-0.713
-0.281
-0.180
-0.199
 1.229
 0.415
 1.507
 1.353
 1.478
 0.147
 0.703
 0.446
-0.754
-1.336
-1.039
 0.197
-0.294
 0.081
 0.058
 0.407
 2.039
 0.775
 0.659
 0.836
 1.104
 0.016
-0.498
 0.700
-0.260
-0.375
-0.107
 0.099
-0.396
 0.873
-0.026
 0.308
-0.405
-0.300
 0.735
 1.195
 0.230
 1.112
-0.274
-0.144
 1.193
-0.518
-0.229
 1.811
 0.111
-0.458
 0.997
 0.864
 1.304
-1.213
-1.514
-0.804
-0.325
 1.172
 0.543
 0.185
 0.443
 1.272
-0.669
 0.042
 0.047
 0.566
 1.702
 2.396
 0.854
 1.640
 0.182
 0.087
-0.327
 0.856
 1.664
 0.949
 0.123
-0.442
 0.885
 0.537
 1.121
-0.196
-0.070
 0.559
 1.351
 1.147
 0.498
 0.458
 1.647
 1.002
 0.438
-0.091
-0.409
 0.787
 1.567
 1.091
-1.586
 1.201
 0.799
 1.757
 1.147
 1.009
-0.566
-1.041
 0.454
 1.471
 0.750
 0.814
-0.366
-0.503
 0.502
 0.851
-0.269
 1.303
 1.068
 0.361
-0.497
 1.375
 0.025
 0.909
 1.732
 0.895
-0.598
 1.722
 0.695
 0.291
 0.214
 1.526
 0.840
 0.365
 0.456
-0.172
-0.011
 0.425
-0.041
 0.862
 0.252
-0.923
 0.375
-0.126
 0.040
 0.916
-1.042
-0.002
 1.283
 1.042
 2.065
 1.955
 1.606
 0.892
 1.241
-0.319
 1.495
 0.558
-0.332
 1.851
 0.797
 0.814
 1.143
 1.507
 0.307
 1.075
 1.311
 0.714
-0.010
 0.211
 1.534
 1.260
 0.193
 0.389
 1.625
 0.677
 0.525
 0.261
-0.053
 0.366
-1.263
 1.576
-0.798
 0.404
-0.367
 1.115
 1.328
 0.902
 0.509
-0.086
-0.144
-0.837
 0.683
 2.020
 0.642
-0.188
-0.938
 0.993
 0.459
 1.080
-0.008
 0.356
-1.513
-1.004
-0.173
 0.018
-0.657
-1.052
 0.925
 0.986
-0.506
 0.206
 0.636
-0.713
-0.926
-0.979
 0.239
 0.419
-0.424
-0.479
 0.655
 0.072
 0.245
 0.403
 0.694
 0.961
 0.954
 0.366
 0.113
 2.021
 0.656
-0.846
 0.932
 0.315
 1.106
 0.582
 0.987
 0.063
 1.210
-0.632
-1.141
-1.277
-0.908
 0.320
 0.203
-0.677
 1.012
 0.580
-0.227
 0.249
 0.451
-1.047
-0.573
 0.073
-1.161
 0.824
-0.808
-0.180
 0.734
 1.526
 0.460
 0.591
 0.431
 0.093
 0.377
 0.215
-0.206
-0.811
-0.218
 0.676
 0.645
 1.059
 2.682
 1.617
 1.003
 0.167
-0.013
 1.301
 1.134
 1.719
-0.090
 1.623
 2.520
 0.041
-0.694
 0.294
 0.012
-1.796
 0.427
-0.892
 1.731
 0.802
 1.092
 0.017
 0.143
-1.115
-0.849
-0.092
-1.026
-0.238
 0.272
 0.667
 0.063
-0.365
 0.441
-0.106
-0.200
-2.216
-1.099
 0.533
 0.039
-0.443
-0.470
 0.454
 0.591
 0.208
-0.021
 0.267
-0.182
-0.705
 0.171
 0.202
-0.541
-0.675
-1.124
 0.206
 0.325
-0.247
-1.256
-0.920
-1.362
-0.041
-2.004
-0.090
-1.695
 0.175
 0.329
-1.141
-0.234
 0.035
-1.136
 0.073
-0.048
 0.863
 0.214
 0.083
 0.643
-0.806
-1.463
-0.203
 0.317
 0.386
-0.343
-1.402
-1.044
-0.937
-1.192
-1.523
-1.217
-0.741
-0.063
 0.387
-0.943
-1.283
 0.661
 0.892
 0.967
-0.777
-0.573
 1.375
 0.576
 0.379
 1.183
 0.080
 0.189
 0.933
 0.055
 0.054
 0.814
 1.955
 0.934
 1.105
 0.435
 1.328
 0.296
 0.623
-0.528
-1.573
-0.744
 0.908
 0.239
 1.234
 0.883
-0.012
-0.457
 1.061
-1.458
-0.139
 1.346
 1.680
 1.733
 0.273
 0.474
 0.485
 1.212
 1.583
 1.742
 2.801
 2.524
 0.193
 0.198
 1.084
 0.057
 1.605
 0.684
-1.216
 0.544
 2.095
 0.930
 1.767
 0.589
 1.003
-0.103
 0.770
 0.302
-0.195
-0.398
 0.914
 1.777
 0.031
-0.408
 0.302
 0.346
-1.182
 1.718
 1.106
 0.966
 0.898
 0.696
-0.546
-0.501
-0.352
-0.357
 0.170
 0.709
 2.095
 0.942
 0.466
 0.213
-0.890
-0.178
-0.331
-0.188
-0.039
-0.491
-0.956
-1.062
 0.747
 0.126
 0.477
-0.175
 0.518
 2.318
 1.550
 0.671
 0.581
 1.133
 0.034
 0.571
-0.442
 3.053
 2.729
 2.504
 1.522
 1.171
 0.132
 0.347
 1.528
 0.030
 1.365
-0.003
 0.292
-0.344
 0.294
-0.298
 1.386
 1.469
 1.415
 1.051
 1.239
-0.350
 0.869
 1.279
-1.188
 0.980
 1.126
 0.398
 1.426
 1.007
-0.584
-0.997
-0.380
 0.842
 1.024
 1.477
 1.138
 1.290
 0.050
-0.142
 1.277
 0.997
-1.132
 0.163
-1.617
-0.090
 1.939
 1.525
 2.871
 1.133
 0.160
 0.662
 0.006
 0.450
-1.296
-0.924
-0.613
 0.146
-1.149
-1.433
-1.098
 0.407
 0.251
 0.433
-0.261
 0.455
-0.356
-1.899
-0.972
-1.164
 0.406
 0.980
-0.417
-0.590
-0.588
-1.995
 1.493
-0.157
 1.908
-0.450
-0.952
-2.456
-1.608
 0.524
-1.104
-1.452
-2.291
-0.784
-1.847
 0.405
-2.264
 0.372
 0.352
 0.951
 0.524
 1.267
 0.165
 1.225
-0.013
 0.499
-0.197
 0.112
 1.158
-0.011
-1.399
-0.061
-0.032
-0.826
-0.752
-0.469
-1.122
 0.351
-0.094
 0.250
-1.325
 0.515
 0.700
 0.578
 1.059
-0.084
-1.776
 0.174
 0.623
-0.387
 0.200
 0.441
-0.791
 0.778
-1.312
-0.648
-0.486
 0.332
-0.173
-0.826
-0.650
-2.349
-1.738
-1.035
-0.319
 0.291
-0.375
-0.467
-0.634
 1.412
 0.933
 1.720
-0.431
 1.362
 1.672
 0.473
 0.540
 0.437
 0.218
 0.073
 0.659
 1.190
 1.177
 0.486
 0.198
-0.050
 0.874
 1.361
 0.559
-0.187
 2.181
 0.692
 0.160
 0.321
 0.423
 2.060
 2.012
 1.771
 0.368
 0.435
 0.992
 0.299
-0.399
-0.990
-0.537
 0.414
 1.180
 1.698
 0.523
 0.677
 1.554
 0.959
-0.448
 0.509
 0.028
 0.716
 1.366
-0.055
-0.059
 1.315
-0.947
-0.662
 0.778
 0.139
 1.402
 0.204
 0.927
-1.147
-0.363
-0.628
 0.495
 0.240
-0.556
-0.228
 0.018
-0.922
-1.596
-1.986
-1.092
-2.541
-1.255
 0.019
-0.149
 0.103
 0.714
 0.030
 0.364
-0.434
 0.144
-0.120
-0.208
-0.429
-0.300
-1.605
 1.212
-0.019
-0.431
-0.715
-2.013
-1.396
-1.289
-0.855
-0.795
-1.056
-0.713
 0.598
 0.477
 1.968
 0.611
 0.907
-0.812
-0.183
 0.684
-0.885
 0.583
-0.582
-1.224
-0.685
-2.970
-1.254
-1.242
-1.520
-1.018
-0.055
-0.790
 0.421
 1.352
 0.283
-0.198
-0.768
 0.921
 1.411
 1.961
 0.164
-0.692
-0.301
 0.410
 0.624
 1.258
 0.918
-0.199
-0.250
 0.207
 1.085
-0.542
 2.109
 1.165
 0.522
-0.578
 0.651
 0.266
-0.118
 0.018
 0.029
 0.334
 0.816
 1.796
-0.264
 0.209
-0.068
-0.306
-0.096
 0.365
-0.005
-1.033
 0.792
-1.765
-2.254
-1.568
-0.500
-1.131
-1.086
-1.079
 0.365
-0.348
 1.036
-1.020
-0.497
 0.673
-0.003
 0.467
 0.551
-0.458
 1.377
 0.559
 0.135
-1.751
-0.755
 0.408
-0.858
 1.810
 0.580
 2.098
 0.750
 0.035
 1.122
 1.181
 0.090
 0.876
 0.059
 0.537
-1.689
-0.598
 0.538
 0.375
 0.230
 0.389
 0.378
-0.383
-0.106
-1.082
 0.788
-1.329
-0.019
 0.323
 0.825
 0.505
 0.361
 1.063
-0.028
-1.801
-2.209
-1.801
-0.461
 0.041
 1.498
 1.458
-0.536
-0.427
 0.280
 0.619
-1.821
 1.682
 2.093
 1.184
 1.244
 0.158
 0.100
 0.863
 0.268
 0.001
 0.386
 0.938
-0.547
 1.638
-0.060
 0.346
 0.442
-0.206
 0.020
 2.154
 0.550
 0.528
-0.133
 0.492
 1.000
-0.171
 0.611
 1.108
 1.286
 2.631
 1.797
 1.847
 1.851
 0.924
-0.172
-0.840
 1.105
 0.153
 0.334
 0.288
-0.048
-0.486
 0.130
-1.715
 0.318
-1.663
-1.047
-1.037
 0.009
 0.674
 0.985
-0.041
 0.334
 0.305
-0.940
 0.353
-0.014
 2.366
 1.383
 0.093
 1.279
 1.040
-0.320
 0.044
 0.756
 1.836
 0.784
-0.655
-0.356
-0.005
-0.391
 1.362
 0.143
 0.329
 0.055
-0.171
 0.959
-0.188
 0.846
-1.882
 0.683
 0.387
 1.324
 0.457
-0.530
 1.298
-0.285
 0.199
 0.095
-1.598
-1.165
-0.174
-0.946
-0.299
-0.207
 0.051
-1.488
-2.179
 0.260
-0.207
-0.552
-1.059
-0.967
 0.631
-0.493
-0.180
 0.694
 0.064
 1.515
-1.218
 0.172
 0.426
 0.136
-0.859
 0.863
 0.586
 0.531
 0.644
 1.635
 0.882
 2.475
 1.832
-0.277
-0.035
-0.498
 0.333
-0.468
-0.484
 1.649
-0.946
-0.384
 0.468
 0.144
 0.187
 0.070
 0.159
 0.542
-1.602
-1.506
-0.416
-1.474
 0.419
-0.674
-0.300
-0.779
-0.155
-0.577
-3.354
-3.242
-0.832
-1.492
-1.853
-0.658
-1.730
-1.545
-1.788
-2.552
-0.213
-1.042
-2.000
-1.054
-1.587
-0.802
-0.183
-0.147
-0.969
 0.506
 0.041
-1.878
-1.798
-0.541
-0.433
-0.453
-1.512
 0.182
-0.517
-1.326
-0.601
 0.095
-1.280
-0.386
-1.277
-1.453
-0.897
-1.342
-1.702
-0.769
-1.459
-0.942
-0.182
-1.327
-2.713
-2.251
-0.749
-2.444
-2.299
-1.521
-1.526
-0.078
-0.054
-0.285
-1.705
-0.849
-0.533
 0.091
 0.725
-0.532
 0.570
 0.538
-1.938
-1.286
-0.224
 0.012
 0.163
 0.013
 0.040
-0.543
-0.967
-0.025
-0.279
-1.064
 0.871
-0.137
-0.910
-0.782
 1.357
 0.626
 1.024
-0.209
-0.063
 1.167
 1.266
-0.450
 0.736
 2.033
-0.080
 1.216
 0.466
-0.015
-0.238
 0.303
 1.987
 0.519
 0.822
 0.817
 0.406
 1.480
 1.716
 0.834
 0.685
 0.165
-0.249
 0.768
 0.944
 0.569
 0.525
 2.022
 1.570
 0.423
-0.168
 0.633
 0.488
-0.163
-1.034
-1.611
-0.224
-0.970
-0.684
 0.253
 0.476
 1.848
 1.621
 0.903
 0.254
-0.349
 0.720
 0.698
 0.927
 1.494
 0.770
-0.050
 0.416
 0.243
 0.200
 0.607
 0.806
 0.561
 0.738
 1.657
-0.266
-0.690
 0.445
 1.251
 1.177
 0.519
 0.786
 1.548
 0.636
-0.880
 1.134
-0.460
 0.240
 0.180
 0.728
 0.477
 0.110
 0.151
 0.938
 2.063
 1.075
 0.448
 0.147
-0.682
 1.168
 1.465
 1.570
 0.034
 0.802
 1.355
 1.372
 0.110
 0.155
 1.063
 0.847
 1.642
-0.094
 0.535
 2.365
 1.752
 1.797
 1.180
 1.168
 1.813
 0.131
 1.711
 1.200
-0.386
 0.735
-0.056
 0.313
 0.608
-0.062
-1.169
 0.568
 1.602
-0.773
-1.202
-0.022
 0.217
 0.427
 1.523
 1.088
 0.436
 0.519
 0.503
 1.449
 1.748
 2.373
 1.184
 2.292
-0.218
 0.743
 0.337
 1.722
 2.477
 1.166
 0.823
 2.541
 0.292
 0.992
 2.083
 1.102
-0.066
 1.503
 0.671
 2.034
 2.969
 3.031
 0.761
-0.143
 0.671
 1.008
 1.723
 1.498
 0.453
 1.332
 1.567
 1.950
 2.569
 0.584
 1.641
 0.490
-0.279
 0.454
 0.227
-0.828
-0.645
-0.945
-0.568
 1.210
 1.334
 0.485
 0.614
-0.895
-0.090
-0.446
-2.242
 0.338
 1.074
-0.213
 0.663
-0.892
-1.076
-0.509
-0.004
-0.139
-1.117
-0.449
 0.479
 0.413
-0.779
 0.214
 0.667
-0.368
-0.658
 1.408
 1.268
 1.622
 2.064
 2.353
 1.959
 1.529
 0.445
 1.036
 0.079
 0.479
 1.164
-1.481
-0.293
-0.360
 0.240
 1.911
-0.286
 0.740
-0.503
 1.170
 1.080
 0.606
 0.523
 0.602
 0.119
 0.680
-0.016
-0.352
 0.693
 1.303
-0.112
 0.255
-1.150
 0.487
-0.362
-0.657
-0.054
-0.970
 0.109
 0.217
 1.466
-0.183
-0.596
 0.020
 0.937
 1.235
 1.153
 1.800
 0.466
 0.598
 0.209
 0.432
-0.082
 0.021
-1.188
-0.330
 0.929
-1.024
 0.023
-0.248
-1.787
 0.825
-0.330
 0.630
 0.012
-1.661
-1.989
 0.051
 0.330
 0.694
 1.180
 1.713
 1.210
 0.238
 0.554
 0.719
 2.096
 0.249
 0.249
 0.385
 0.830
 1.231
 1.279
 1.326
 1.176
 0.488
 0.449
-0.842
 0.284
-1.030
-0.040
-0.124
 0.914
 0.886
-0.627
 0.036
 1.086
 0.133
 0.068
 0.364
 0.024
 0.747
 0.283
-0.130
 0.467
-0.291
-0.674
 0.095
-0.405
 1.973
 1.841
-0.348
-0.936
-0.748
 2.763
 1.356
 0.271
-0.109
 0.351
 0.664
 0.919
 0.283
 0.452
 1.902
 1.729
 0.893
 0.147
 0.323
-1.052
-0.807
-0.656
 0.729
-0.178
 0.342
 1.863
 0.163
 1.382
 0.937
 2.231
 1.820
 2.585
 2.041
 1.211
 0.200
 1.098
 2.185
 0.230
 0.181
 1.408
 1.642
 0.989
 1.987
 1.204
 0.167
 1.577
-0.176
 0.828
-0.767
-0.714
 0.239
-0.185
 1.226
 0.568
-0.839
-0.407
-0.401
-0.390
-0.685
 1.181
-0.175
 1.530
 2.971
 2.190
 0.099
 0.917
 0.977
 0.127
-0.244
 0.040
 0.240
 2.881
 0.186
 1.404
 1.081
-0.102
 0.815
-0.416
 1.409
 1.182
 0.363
 0.438
 1.072
-0.097
-0.089
-0.597
 0.895
 1.102
 0.481
-0.508
 0.421
 0.634
-0.378
 1.018
-1.364
 0.508
 0.296
-0.660
-0.642
-0.291
-1.649
-1.431
-2.129
-0.179
 0.712
-0.765
-0.607
-1.111
 0.474
-0.692
-0.066
-0.158
 1.170
 0.616
 1.190
 2.168
 1.097
 0.068
-1.474
-1.225
 0.094
 0.465
-0.947
 0.275
-1.868
 0.707
 2.605
 2.005
 1.237
 1.483
 1.993
-0.690
 0.150
 1.653
 1.679
-0.807
-2.175
-0.837
-0.597
-0.418
 0.042
 1.464
 0.123
 1.519
 0.779
-0.190
 0.152
-0.907
-0.144
 0.047
 0.262
-0.256
 0.758
 0.423
-0.805
 0.532
 0.280
-0.789
 0.901
 0.308
-0.606
-0.511
-1.570
-0.260
-1.378
-1.345
-0.170
-0.572
-0.778
-1.125
 0.142
 0.860
 1.653
 0.550
 1.311
-0.904
 0.376
 0.985
-0.483
-0.228
-0.326
-0.223
 0.437
 0.903
-0.087
-1.033
 1.562
-0.328
 0.388
-0.203
-0.795
 0.311
 0.448
 1.617
 1.218
 0.901
 0.552
 0.872
 1.670
 1.875
 0.819
 1.276
 1.397
 0.175
 0.358
 0.244
-1.459
 0.139
 1.594
 0.507
 0.601
 1.433
 0.997
 0.601
-0.139
 0.734
 0.284
 2.201
 1.649
 1.585
-0.154
-0.259
-0.330
-1.085
-1.798
-0.097
-1.245
-1.666
 0.463
-0.661
-0.236
-0.871
 0.249
 0.370
-1.065
-2.208
 0.055
-0.906
-1.555
-0.268
 0.652
-0.254
-0.230
-1.079
-1.179
-0.318
 0.851
 1.032
 2.314
 0.044
 0.927
 1.042
-0.433
 0.719
 0.236
-0.290
-0.771
-0.622
 2.101
 1.109
 1.648
 1.945
 0.428
 0.543
 0.458
 0.115
 0.686
 0.202
 0.555
 0.850
 1.030
-0.959
-0.194
 1.215
 1.200
 0.855
 1.409
 0.390
 1.324
 1.764
 1.047
 0.661
 0.960
 0.591
 0.308
-0.366
-0.842
-0.162
 0.106
 1.471
 0.945
 0.949
 0.206
-0.003
-0.748
-1.196
 0.057
 0.846
-0.575
 0.561
 0.856
-0.314
-0.146
 0.402
 0.945
 0.946
 1.366
-0.120
-1.376
-1.705
-0.998
-1.651
-0.464
-0.023
 0.731
 0.705
 1.874
 0.249
 0.640
 0.858
 0.970
 0.385
-0.053
-0.103
 0.650
-0.800
 0.419
 0.351
 0.211
-0.944
 2.034
 2.435
 0.602
 1.826
-0.527
 0.907
 0.532
 1.319
 0.078
-0.430
 0.057
 0.087
 0.320
-0.080
-0.419
 0.679
 0.086
 0.254
-0.661
-0.302
-0.481
-0.526
 1.959
-0.006
-0.623
-0.411
-0.318
-0.256
-0.382
 0.037
-0.203
 0.156
-0.961
 0.337
-0.063
 1.359
 0.911
-0.104
-0.202
 0.196
 0.407
 0.124
 0.731
 1.132
 0.143
-0.164
 1.053
-1.386
 0.543
 0.958
 0.837
 0.907
 1.226
 1.118
 0.429
 1.331
 1.588
 1.849
 1.523
-0.736
-0.327
 1.207
 0.851
 1.703
 1.013
-0.524
 0.318
-0.268
 0.601
-0.009
 0.882
-0.094
 0.757
 0.119
 0.460
 0.562
 0.376
 1.136
-0.608
 0.349
-0.147
-0.775
 0.106
-0.255
 0.171
-0.763
 0.564
 0.079
-0.890
 0.052
-1.412
-2.206
 0.181
-0.031
-0.536
 0.260
 0.348
-0.651
-0.614
 0.588
-0.770
-1.278
-0.759
 0.343
 0.115
-0.242
-1.758
-0.646
 0.466
 1.077
 0.425
-0.364
-0.483
-1.090
-1.183
 0.892
 1.341
 0.509
 0.839
-0.297
-0.004
-0.183
-0.166
 0.032
-0.521
 0.418
 1.207
 1.188
 0.226
 0.138
 0.217
 0.502
-0.389
-0.379
-0.282
-0.819
 0.266
-0.918
-0.969
-1.678
-0.871
-1.376
 0.005
-0.195
-0.183
-0.043
-0.391
-0.706
 0.142
 0.622
 0.535
-0.124
-0.324
-0.203
-0.159
-0.784
-0.399
-0.244
-0.832
 0.265
-0.512
 1.307
-0.644
-1.826
-0.900
 0.140
 0.470
 0.630
 0.923
 0.807
 0.876
-0.600
 0.348
-0.022
 1.447
 1.133
 1.121
-0.526
-0.159
-0.753
-1.510
-1.033
-1.509
-1.198
-0.953
-1.154
-1.436
-0.694
 0.098
-0.389
-1.276
-0.301
-1.484
 1.423
-0.724
-0.337
-0.820
-1.175
-0.515
-2.031
-0.743
-1.238
-0.929
 0.171
-0.953
-1.119
-0.558
-1.717
-1.230
-0.294
-1.063
-0.130
-0.813
-0.520
-0.940
-0.816
 0.658
-0.895
-0.975
-1.031
 0.158
 0.090
-0.709
-1.331
 0.644
 0.384
 1.017
 0.224
-0.474
 0.391
 1.923
 0.919
 1.445
 0.033
-0.996
 0.704
 0.078
 1.040
 0.208
 0.467
 0.047
 1.500
-0.752
 0.433
 2.100
 2.225
 0.642
 1.668
 1.200
 1.805
-0.075
-0.328
 0.455
 0.646
 1.637
 0.404
 0.711
-0.189
 2.375
-0.215
-0.003
-0.720
 0.216
-0.032
 1.758
 1.512
 1.840
 0.271
 0.489
 0.126
-0.719
-0.349
 0.777
 1.066
 2.293
-0.407
-0.176
-0.018
 0.803
 0.804
 0.299
 0.157
-0.673
 0.106
 0.987
 1.882
-0.141
-0.174
-0.995
 0.461
 0.454
 1.553
 1.434
 1.384
 2.194
 1.975
 1.924
 1.260
 1.778
 1.326
-0.670
 0.302
 0.489
 1.209
 0.944
 0.930
 1.104
 0.508
-0.236
-0.819
-0.582
-0.045
 0.806
 0.877
 1.427
-0.044
 0.058
 0.940
 0.434
 0.152
 1.886
 1.821
 0.425
 1.158
-0.044
-0.620
-0.608
 1.101
 1.890
 0.365
 0.369
 0.681
-0.599
-0.465
 0.208
-0.462
-0.578
 0.256
-0.447
-0.611
 1.271
-0.115
-0.958
-2.007
-0.722
 0.303
-1.516
-0.519
-1.288
-1.429
-1.260
-0.267
 0.015
-1.141
-1.240
-0.627
-1.145
-0.544
-0.007
 0.623
-0.599
 0.218
-0.497
-0.125
-0.773
 0.516
-0.555
-0.432
-0.114
-0.190
-0.210
-1.609
-2.646
-1.343
-1.273
-0.396
-0.936
-0.449
-1.171
-0.750
-0.111
-0.433
-1.351
-1.261
 0.336
 0.504
 0.253
 0.382
 0.421
-0.016
 0.578
-0.993
 0.197
-1.254
-1.687
 1.474
 1.225
 0.381
-0.713
 1.078
 1.153
-0.394
-0.181
-0.306
-0.516
 0.508
 0.431
 0.550
 0.689
 1.624
 0.284
-1.155
-1.418
-0.693
 1.186
 0.644
 1.563
 0.160
-1.079
 0.007
-0.584
-1.373
-2.116
-0.288
-0.080
 0.614
 0.852
 0.914
-0.236
-0.873
-0.305
 0.602
 0.017
-0.037
-0.750
-1.188
-0.747
 0.712
 0.115
 0.225
-1.182
 0.833
 0.557
-0.771
-0.546
-0.557
-0.614
-0.812
 0.123
 1.781
-0.030
-0.756
 0.746
 0.614
 0.520
-0.326
 0.268
-1.501
-0.501
-0.560
-1.049
 0.552
 0.502
 0.007
-0.501
 0.113
-0.084
 0.641
-1.321
-1.156
-0.863
-1.837
-0.345
-0.982
-0.572
-0.755
-0.848
-0.319
 0.612
-1.295
 0.163
 2.044
 1.541
 1.766
-0.189
-0.536
 0.737
 0.273
-0.183
 0.658
 1.789
 0.954
 1.195
 1.846
 2.004
-0.084
 0.062
 0.151
 0.749
-0.299
-0.445
-1.694
 0.173
-0.371
 1.165
 0.883
-0.358
 0.104
 0.152
 0.521
-1.063
-1.779
-1.335
-1.729
-1.063
-0.682
 0.774
 0.600
-0.373
 0.227
 0.298
-0.029
 0.244
 1.757
 2.166
 1.238
 1.269
 0.407
-0.109
 0.935
 1.618
 0.279
 0.895
 1.574
 0.771
 2.165
 1.079
-0.298
-0.482
-0.664
-1.989
 0.480
 0.421
 1.582
 0.618
-0.822
 0.870
 0.359
 1.603
 0.548
 0.132
 0.223
 0.632
 0.658
 1.255
 0.088
 0.539
 0.049
 1.404
 0.545
-1.350
 0.140
 0.014
-0.130
-1.150
 1.575
 0.483
-0.168
 1.027
 0.033
 1.118
 0.417
-0.185
 0.472
 1.414
 1.617
 1.663
 0.930
 0.290
-0.421
-0.173
-0.253
-0.191
-1.544
-0.792
 0.009
 0.702
 0.748
-0.735
-0.786
 0.468
-0.262
-0.371
 0.125
 1.160
-0.299
-1.419
-1.437
-0.530
-0.205
 1.142
 0.568
 0.694
 1.224
 1.065
 0.112
 0.553
 0.314
-0.885
-1.663
-0.304
 0.418
 1.335
 2.549
 1.441
-0.170
 0.518
 0.942
 0.097
-0.189
-0.854
 0.817
 0.207
-0.441
 0.405
-0.764
-1.229
 0.251
-1.718
-1.161
 0.119
-1.103
-0.299
-0.645
 0.375
-1.708
-0.664
-0.075
-0.009
-0.457
 0.021
-1.319
 0.268
 0.601
-0.290
-0.717
-2.176
-1.321
-0.080
-0.820
-2.262
-1.948
-0.082
 2.130
 1.640
 1.034
 1.430
 0.504
-0.366
 0.271
-0.239
-0.877
-0.745
 0.719
-0.873
-0.221
 0.159
-0.051
 0.470
 1.821
 0.660
-0.031
 1.069
-1.365
-0.079
 0.340
 0.407
 0.794
 0.881
 0.445
 0.158
 1.504
 0.983
 1.203
 0.858
 0.654
 0.249
 1.073
 0.807
 1.610
 0.302
-0.531
 0.205
-0.051
-0.640
 0.752
 0.354
-1.040
-0.720
 0.939
-0.890
 0.935
-1.239
-1.194
 0.222
 0.482
 1.575
-0.177
 1.848
 0.763
 0.555
 2.601
-0.078
-0.895
 0.397
 0.640
-0.789
 0.529
 1.107
 0.370
-0.560
 1.327
 0.928
 1.007
-1.201
 0.476
 1.423
 0.876
 1.420
 0.181
 1.618
 0.662
 1.447
 1.803
 1.180
 0.733
-0.748
 1.005
 1.093
 0.231
 0.405
 1.064
 0.013
-0.398
 0.744
-0.073
 0.807
 2.206
 1.650
 1.122
 0.306
 0.484
-0.902
-0.894
-0.736
-0.006
 0.860
 1.175
-0.233
-0.366
 0.500
-0.594
-0.509
 0.171
-0.538
 0.301
 0.311
-0.926
 0.413
-1.067
-0.844
-0.515
-1.404
 1.143
-0.319
-0.747
-0.003
-1.022
 1.021
-0.526
-0.150
-0.712
-0.204
-0.161
-0.598
 0.036
-0.848
 0.585
-0.428
 1.791
 0.762
 0.450
 0.022
-0.216
 1.252
 1.314
-0.405
 1.356
 1.229
-0.026
 0.127
 0.752
 0.629
-0.265
 1.311
 0.484
 0.051
 0.210
 0.554
-0.648
 1.570
-0.671
 0.560
-0.454
-0.865
 0.931
 1.496
-0.266
 0.960
-0.989
-0.430
 0.889
-0.345
-0.381
 0.262
 0.762
 0.311
 0.223
 0.006
 0.309
-0.241
 0.177
-0.347
 1.218
 1.347
 1.344
-0.447
 1.495
-0.756
 0.163
 0.087
 0.818
-0.328
 0.354
 0.324
 2.175
 0.590
 2.301
 2.578
 1.452
 1.448
 0.850
 0.610
-1.344
-0.330
-0.575
 0.058
-1.127
 0.858
-0.131
-0.469
-0.474
 1.337
 2.916
 1.361
 0.099
-0.845
 0.061
 0.419
-0.484
-0.778
-0.629
-0.628
-0.779
-0.649
 1.196
-0.743
-0.303
 2.745
-0.143
-0.170
-0.110
-0.501
 0.149
-0.227
 1.648
 0.805
 1.604
 0.393
-0.865
-0.554
 0.905
 1.406
 0.024
-1.724
-1.223
-0.978
-1.171
-1.795
-0.225
 1.145
 0.695
-0.727
-0.373
-1.306
-0.026
 0.096
 0.726
 0.732
-0.195
 1.107
 0.614
-0.810
-0.672
 0.768
 0.843
 0.573
-0.196
-1.571
-1.120
 0.461
-1.262
-1.227
-0.645
-0.503
-0.474
 0.454
 1.011
 0.157
-0.279
 1.195
 1.638
-0.305
-1.292
 0.625
-0.132
-2.004
-0.914
-1.474
 0.368
 0.348
 0.078
 1.301
-0.506
-0.072
-0.809
 0.820
 0.778
-0.049
-0.790
-0.364
-1.214
-0.281
-0.073
-0.744
-1.292
 0.402
-0.783
 0.663
-0.470
-0.105
-0.577
-1.022
 0.610
 0.577
-0.545
-0.461
-0.197
 1.044
 0.115
 1.095
-0.709
-0.925
 1.057
 1.056
-0.487
 1.077
 0.048
 0.470
-0.179
 0.689
 0.512
 0.903
 2.756
 0.191
 0.519
 1.637
 0.465
-0.680
 0.033
-0.029
 1.277
 1.092
-0.501
 0.504
 0.399
 0.094
-0.679
 0.425
-0.022
-0.208
 0.618
 2.148
 2.365
 0.576
-0.750
 0.357
 0.778
 0.756
 0.852
 1.165
-0.323
-1.637
-0.825
-1.095
 1.074
 0.438
-0.995
 0.501
-0.534
 0.229
 1.012
 0.344
-0.930
-2.511
-1.721
-0.001
 0.503
-0.886
-0.696
-0.429
-0.741
 0.366
-0.454
-0.137
-0.947
-0.323
 0.751
-0.029
 1.015
 0.188
-0.759
 0.771
-1.061
 0.030
 0.918
-0.246
 0.607
-0.470
 0.588
-0.901
 0.231
-0.442
 0.559
-0.168
-0.290
-0.984
-0.982
-1.037
-1.150
 0.314
-0.729
-1.611
-1.299
-1.417
 0.396
 0.439
-0.049
 0.617
 0.621
-0.347
 0.129
 0.321
-0.093
-0.320
 0.717
 1.083
 0.453
 0.507
-0.460
-0.292
-0.616
 0.389
 1.111
 0.352
 0.646
-0.250
-0.808
-0.153
 0.783
-0.449
 0.372
 1.585
-0.192
-0.494
 0.191
 0.503
 1.022
 0.870
 0.030
-0.805
-1.729
-0.685
-0.245
 0.117
-1.037
-0.398
-0.358
-0.834
-0.364
 0.833
-0.072
 0.489
-0.640
-1.438
-1.818
 1.580
 0.481
 0.230
 0.401
 0.796
 0.416
 1.809
 0.415
-1.099
-0.572
 1.257
-0.136
 1.106
 0.991
 0.244
 0.199
 1.303
 1.118
 0.005
 0.609
 1.880
 1.123
-0.092
 0.592
 1.707
 1.022
-0.601
 1.566
 1.168
 0.106
-0.542
-0.168
 0.618
 0.551
-0.349
-0.253
-0.839
-0.517
-0.677
-0.045
 0.245
 1.719
 1.074
 1.842
 2.483
 1.929
-0.503
-0.403
 1.134
-1.113
-1.093
-1.058
-0.155
 2.419
 2.053
 1.112
 1.749
 1.523
 1.657
 0.754
 1.608
 0.177
 0.027
 0.449
-0.309
 0.280
 0.222
 1.588
 1.033
 2.029
 1.069
-0.119
 0.443
 0.355
 0.089
 1.313
 0.402
-0.866
-2.125
 0.035
 0.486
 0.284
-0.937
 0.391
-0.253
 0.665
-0.580
 0.481
-0.315
-1.449
-0.572
 0.892
-0.005
 1.010
 1.041
 0.516
-0.336
 0.921
-0.128
-0.175
 0.670
 1.701
 0.417
-0.763
-1.445
-0.813
-1.422
-1.451
-1.256
-0.129
-0.979
-1.437
-0.832
-0.012
-1.788
-1.069
-0.964
 0.424
-0.429
 1.017
 0.111
 0.733
 0.848
 0.930
 0.072
 0.455
 0.881
 1.717
 0.375
 1.586
-0.049
 0.662
 0.481
 0.494
 0.984
 0.360
-1.073
 0.850
 1.008
 1.402
 1.198
 0.982
 2.011
 1.036
 1.110
 1.613
 1.373
 0.755
 1.066
 0.697
 0.546
 1.019
 0.848
 0.499
 0.517
-0.157
 0.392
-0.104
 0.000
 0.542
 0.005
-0.414
 0.126
 2.521
 1.499
 0.704
 1.644
 1.468
 1.963
 1.328
 2.206
 1.257
 1.832
 0.447
 1.270
 1.580
 0.567
 0.075
 0.258
 1.224
 0.601
 1.286
-0.069
-0.801
 2.241
 0.103
 0.327
 1.776
 1.758
 0.246
-0.102
 1.098
 1.041
 0.732
 0.560
 0.550
 2.751
 1.554
 1.798
 1.651
 1.459
 2.087
 1.526
 0.686
 0.957
 2.166
 1.316
 2.519
 0.737
-0.164
 2.124
 0.256
 1.444
 0.152
 1.278
 0.803
-0.003
 0.663
-0.680
-0.215
-1.614
-0.238
-1.423
-0.235
 0.569
 0.356
 0.625
 0.346
 0.237
-0.828
 0.325
-1.087
 1.840
 0.336
 1.029
 2.887
 1.804
 0.028
 0.094
-0.220
 0.153
-0.534
 0.430
 1.078
 0.455
 0.749
-0.115
-0.090
 1.016
 1.292
 0.116
 0.017
 0.391
 0.519
 1.255
 1.516
-0.038
-0.605
 0.692
-0.031
 2.351
 0.474
 1.227
 0.312
 0.609
 0.226
 0.760
 1.383
-0.061
 1.815
 1.515
 1.373
 1.238
 0.683
 0.267
-0.348
-0.568
-1.707
-1.194
-0.352
 0.380
 1.091
 0.670
-1.296
-0.300
-2.153
 0.778
 0.114
-0.553
-1.181
-0.471
-0.483
 0.492
 0.643
-0.083
 0.260
-0.003
-0.124
 0.232
-0.859
-0.681
-1.431
-1.998
-0.152
 0.491
 1.283
 0.554
 1.516
 1.148
 2.728
 1.329
 0.831
 0.647
 0.826
 3.326
 0.242
 0.365
 0.592
 0.822
 1.604
 1.566
 1.241
 1.953
 2.150
 0.499
 0.471
 0.815
 0.593
 0.664
 1.181
 1.928
 0.413
 0.870
 0.626
 2.061
 0.893
 1.426
 1.308
 1.569
 0.052
 0.538
 1.195
 2.491
 2.288
 1.892
 2.172
 0.709
 1.355
-0.636
 1.185
 1.728
 2.766
 2.838
 1.587
 1.193
 1.644
 1.194
 0.815
 0.807
 1.417
 0.744
 1.202
 1.673
 0.999
-0.263
-0.318
 0.151
 0.291
-0.486
 1.120
 1.195
 0.705
 1.293
 1.913
 0.655
 0.449
 1.661
 0.898
 0.796
-0.223
-0.452
-1.189
 0.239
 0.311
 0.347
 0.113
 0.340
-0.621
 1.719
 0.676
-0.930
-0.135
-0.089
-0.606
 0.637
 0.138
-0.818
-0.042
 1.670
 1.344
 0.175
-0.062
-0.303
 1.085
 1.251
 0.624
-0.247
 0.327
 1.134
 1.951
 0.818
 0.113
 0.276
 1.443
 1.138
 1.961
 1.441
 0.735
 0.603
 2.375
 1.687
 0.522
-0.801
 2.816
 1.279
 0.379
-0.425
 0.577
 0.171
-0.490
 0.635
 1.391
 0.473
 0.066
 0.080
 1.619
 0.844
 0.763
 0.195
 1.519
 2.266
 0.488
 0.287
 1.558
 1.396
 0.701
-0.530
 0.008
 0.573
 1.026
 1.447
 0.872
 0.756
 1.562
 1.112
 0.742
-0.050
 0.598
 0.544
-0.983
 0.071
 0.955
-0.323
-2.051
-0.855
 0.233
 0.341
 1.307
 0.594
 0.914
 0.472
-0.041
-0.121
 0.205
-0.193
 0.490
 1.917
 1.716
 0.190
 1.179
 0.227
 0.955
 0.007
 0.528
 0.003
 0.933
-0.012
 0.083
 0.775
-0.023
-0.381
 0.273
 0.774
 1.184
 0.756
 0.924
 0.391
-0.146
 1.092
-0.406
 0.651
 0.707
 1.500
 0.701
 1.003
 0.528
 0.397
 0.193
 0.467
 0.491
 0.886
 1.181
 1.972
 0.917
-0.383
 0.267
 0.403
-0.761
-0.541
-0.108
 0.525
 0.260
 1.867
 0.558
 0.650
 0.849
 1.052
 1.025
 1.388
 0.131
-0.187
-0.075
 0.729
 0.217
-1.163
 0.621
 0.742
 1.326
 0.661
 0.107
 1.850
 0.060
-0.668
 0.651
 0.245
-0.403
 0.452
 1.440
-0.171
-0.787
 1.073
 0.462
 1.951
 1.405
 0.957
 0.485
 0.610
 0.471
 0.090
-0.235
-0.109
 0.113
-0.053
 0.527
-0.539
-0.488
-0.314
-0.329
-1.430
-0.828
-1.000
-0.341
-1.505
 0.311
-0.643
 0.326
-0.466
-0.154
 1.728
-1.254
-0.443
-1.549
-0.758
-0.432
 1.208
-0.222
 0.014
-0.821
-0.136
 0.355
-0.303
-0.150
-1.191
 0.142
-0.009
-0.580
 0.950
 1.274
 0.911
 0.294
 0.534
-0.609
-0.466
-0.286
 0.496
 0.805
 0.180
-0.596
 0.439
-0.807
-1.042
-0.139
-0.580
-0.939
 0.100
-0.531
-0.934
-1.197
-1.192
-1.309
 0.053
-1.209
-2.910
-2.315
-2.091
-0.010
 0.724
 0.043
-0.015
 0.309
 0.249
-0.227
 1.554
 0.359
 1.274
-1.047
 1.099
-0.254
-1.491
 0.324
 0.340
 0.986
 0.135
-0.957
-0.606
 0.257
-0.404
-1.251
-0.087
 0.050
-0.482
 0.745
-0.880
 1.376
-0.865
-0.149
 1.523
 0.864
 1.452
-0.426
-0.745
 0.834
 0.656
 0.057
-1.013
 1.643
-0.200
 0.536
 0.161
 1.015
 2.479
 2.461
 0.252
-0.515
 0.548
-0.140
-0.397
-0.552
 1.309
 0.299
 1.408
 1.009
 0.908
-0.448
 0.137
 0.673
-0.588
-0.328
 0.299
 1.341
-0.456
-0.260
-0.988
-1.053
-1.240
-2.285
-1.016
-1.792
 0.078
 0.154
 0.460
 0.522
-1.343
 0.879
 1.216
-0.895
-0.206
 0.366
-0.078
 0.338
 0.349
 1.180
 1.057
 1.023
 2.391
 1.136
 1.230
-0.449
-0.170
-0.378
 0.377
-0.793
-0.637
 0.091
 0.388
 0.069
-0.261
-0.996
 0.767
 0.257
 1.671
 1.038
 0.792
 1.381
 0.883
 1.480
 0.701
 0.703
 1.164
 1.156
-0.279
 1.509
 1.634
 1.293
 0.796
-0.075
 0.382
-0.109
 0.541
 1.320
 0.744
-0.128
 0.015
-0.928
 0.160
 0.611
 0.768
 1.157
-0.307
-0.924
 0.780
 1.570
 0.178
 2.107
 0.112
-0.389
 0.103
 1.219
 1.274
-0.774
 0.501
-0.406
 0.782
 1.870
 0.319
 0.213
 1.098
 0.651
 0.091
-1.092
-0.782
-1.030
 0.229
 1.174
 0.470
 1.555
 0.654
 0.771
 1.343
 0.303
-0.271
 0.245
-0.071
 1.197
 0.251
 0.714
 1.245
-0.158
-0.383
-0.043
 0.136
 0.187
-0.866
-0.582
 0.759
 1.214
 1.374
-0.292
-1.207
 0.779
-0.060
 1.394
 0.293
 0.236
 0.726
 1.497
 0.986
 1.225
 1.021
 0.537
 0.221
 0.619
 2.133
 2.466
 1.379
 1.749
 0.180
 1.811
 1.716
 2.292
 2.095
 2.319
 2.266
 1.255
 1.140
-0.985
 1.341
 1.202
-0.517
-0.066
 0.706
 1.420
-0.569
-0.399
-0.077
 0.183
-0.993
 1.741
 1.447
 0.160
-1.678
 0.188
-0.656
-0.057
 1.813
 0.560
-0.067
 0.875
 0.762
 0.843
 0.385
 2.000
 1.219
 1.298
 2.211
 0.471
 0.867
 0.175
 1.244
 1.718
-0.218
 1.524
 1.409
 0.138
 0.405
 0.357
 0.906
-0.173
 1.151
-1.138
 0.365
 0.154
 0.374
 1.358
 0.278
 0.602
 1.244
 0.224
 0.624
 0.126
 0.143
 0.260
 0.271
-0.535
-0.106
 0.487
-0.389
-0.172
-0.417
 0.016
-0.565
-0.250
 0.773
 1.417
-0.635
 0.715
-0.171
-0.643
-1.088
-0.290
-0.845
 0.104
-1.118
 1.307
 0.057
 0.104
 0.455
 1.051
-1.473
-1.011
-0.121
 1.016
 0.509
 0.285
-0.072
 0.158
-1.859
-0.853
-1.309
-0.113
 0.253
-0.824
 0.961
-0.631
-0.791
 0.088
 0.714
 0.995
-0.240
-0.794
-1.302
-1.226
-0.645
-1.967
-1.095
-1.221
-0.608
-0.940
-1.072
 0.541
 0.536
 0.304
-0.440
 0.0