62
 0.440
 0.201
 0.255
-1.266
-0.846
-1.104
-0.776
-0.403
-1.123
-0.727
-0.004
 1.263
 0.309
-0.021
 0.668
 0.095
 0.182
-0.908
-0.598
 1.407
 2.159
 1.187
 0.126
 0.390
-0.948
-0.779
-0.792
-1.154
-1.074
-1.574
-0.588
-1.133
 0.774
 2.306
 2.191
 0.609
 2.186
 0.826
 0.195
-1.125
-1.269
 0.249
 0.735
 0.459
 0.585
 0.991
-0.649
 0.409
-0.711
-0.420
 0.069
-0.195
-0.105
-0.271
 0.276
 1.924
 1.013
 1.350
 0.128
 0.793
-0.262
 0.360
 2.060
 1.366
 1.767
-0.874
 0.329
 0.485
-1.295
 0.659
-0.952
 1.749
 1.393
-0.177
-0.414
-0.910
-1.428
 0.393
 0.223
-0.550
-0.381
-0.299
 0.062
 0.742
-0.001
-1.605
-2.158
-0.938
-0.479
-0.960
-0.185
-0.945
-0.380
-1.285
-0.280
-0.306
-0.993
-0.716
-1.699
 0.233
-1.109
-1.050
-0.720
-0.391
-2.350
 0.070
-0.112
 1.310
 0.992
-0.513
-0.894
-0.287
-0.295
-0.973
-2.201
-0.949
-1.531
-1.633
-1.912
-0.640
-0.881
-1.999
-0.199
 0.738
 0.153
-0.115
-0.196
-0.520
 1.296
-0.227
-0.566
-0.280
 0.338
 1.543
-0.774
-0.338
-0.081
-0.605
 0.203
-0.929
-0.457
 0.414
-0.872
-0.531
-0.886
-0.646
 0.086
-1.295
-0.230
-0.308
-0.868
-0.549
-1.356
 0.363
-1.697
-1.482
-0.707
-0.486
-1.365
 0.252
-1.475
-0.625
 0.553
 0.010
 0.236
-0.596
-2.097
-1.191
-1.777
-0.448
-1.906
-0.748
-0.182
 0.265
-1.046
-2.194
-0.780
-0.772
-0.882
-0.507
 0.239
 0.167
-0.988
 1.514
-1.306
-0.718
-1.586
-0.919
-0.563
-1.144
 1.358
-0.518
-0.878
-0.594
 0.241
-0.009
-0.650
-2.412
 0.327
 1.534
 0.270
 0.136
-0.691
 0.021
 0.924
-1.642
-0.998
 0.235
 0.135
 1.668
 0.916
 0.228
 0.991
 0.185
-0.327
 0.627
 1.056
-0.314
 1.370
-0.419
-1.090
-0.079
-0.974
-0.558
-0.362
 0.159
 0.498
 0.166
 0.605
 1.814
 1.210
-0.314
-0.498
 0.304
 0.493
 0.067
 0.138
 1.302
-0.820
-1.218
-0.007
 1.344
 0.573
-0.649
 0.266
 0.356
-0.051
 0.264
-0.024
-0.188
-0.938
-0.735
 1.309
 0.100
 0.416
-1.020
-0.084
-1.487
-0.290
 0.329
 0.306
 1.409
-0.456
-1.805
-0.545
 0.246
-0.146
 0.431
-0.409
 0.953
-0.167
 1.202
 1.407
 1.651
 1.310
 1.807
 0.991
 0.828
-0.136
 1.207
 1.536
 0.354
-0.731
 0.438
 1.420
 0.147
-1.065
 1.722
-0.109
 1.010
 0.226
 1.366
-1.095
 0.581
-0.962
-1.700
-1.215
-0.854
 0.778
-0.003
 0.127
 0.752
 0.357
 1.613
 1.444
 0.762
 0.484
 0.717
-0.212
-0.629
-0.168
 2.049
 0.137
-0.923
 1.891
 0.599
 0.359
 1.510
 0.311
 2.579
-1.476
-1.282
-0.830
-0.635
-1.608
-1.313
-1.144
-0.121
-0.547
 0.069
 2.206
 1.737
-0.287
 0.620
 0.313
 0.334
 0.085
 0.440
 0.695
 0.049
 0.033
 0.013
 1.077
-0.535
 0.197
-1.173
-1.167
-0.161
 0.509
 0.805
 0.820
-0.940
 0.405
 1.133
 0.362
 0.085
-0.474
-0.709
-1.191
-0.250
 0.421
-0.178
 0.722
 0.109
-0.158
 0.608
 0.546
 0.993
 0.462
 1.194
 1.442
 0.763
-0.208
-0.065
-1.201
-0.749
 0.274
-0.100
 0.886
-1.120
-0.886
-0.716
-0.238
-0.596
 0.379
 0.089
-0.230
-0.902
-0.842
-1.134
-0.959
 0.847
 0.205
-1.320
 0.229
-1.260
-1.123
 0.250
 1.660
 0.194
 1.706
 0.536
-0.259
 0.096
-0.056
-1.177
-1.216
 0.628
 0.420
-1.077
 0.732
-0.836
 1.248
 0.000
-0.541
 0.146
-0.432
-0.250
-1.404
-1.523
-0.745
-0.014
 0.012
-0.103
-0.283
-0.001
 0.457
-0.341
-0.937
-1.482
-0.466
 0.366
-1.797
-1.383
 0.218
-0.770
 1.075
 0.011
 0.940
 1.486
 1.126
-2.409
 0.300
-0.351
-0.082
 1.144
-0.106
 0.984
-0.888
 1.298
 0.278
-0.111
 1.465
 0.040
-0.126
 0.733
 0.171
 1.853
 0.832
 0.479
 0.803
 1.162
-0.744
-0.722
-1.710
-0.341
-1.109
-1.978
-0.683
 0.397
-1.710
-1.450
-0.653
-0.063
 0.351
-1.157
-0.951
-0.389
 0.532
-0.484
-0.649
-2.356
-1.446
 0.445
-2.315
 0.681
 0.139
 1.415
 0.914
 1.175
 0.803
 0.524
-0.738
-1.168
-0.387
 0.521
 0.406
-1.126
-0.678
-0.952
-1.501
-0.548
-1.528
-1.364
 0.172
-0.712
-0.284
-2.104
-1.349
 0.862
-0.746
-0.766
-0.066
-0.620
 0.243
-1.286
-0.926
-1.842
-0.490
-0.647
 0.108
-1.447
-0.594
-1.881
-0.753
-1.992
-1.671
-1.209
-1.603
-1.127
-0.214
-1.204
-1.048
-1.308
-1.204
-0.407
-1.102
-2.039
-1.062
-0.254
-0.562
-1.037
-1.684
-0.865
-1.650
-1.610
-0.921
-0.672
-0.619
 1.288
-0.510
 0.616
-1.500
-0.762
-1.277
 0.609
-0.553
 0.510
-0.407
 0.549
 0.214
-0.749
-0.703
-0.111
 0.858
 0.303
-0.261
 0.038
 0.085
-1.495
-0.286
-1.274
-0.825
-2.197
-1.569
-1.722
-0.161
-0.476
-1.687
-0.743
-0.844
 1.346
 0.657
-0.376
-1.231
-1.071
-1.224
 1.031
-0.706
 0.348
-0.155
-0.817
-0.554
-0.937
 0.033
 1.104
 0.221
-0.544
 0.883
-0.602
 1.459
 0.392
 1.136
 1.607
 1.269
-0.339
 0.691
 0.454
 0.462
 1.679
 1.257
 1.600
 0.883
 0.580
 1.653
-0.282
 2.339
 1.697
 1.742
 0.055
 0.717
 3.502
 0.752
 1.599
 1.167
 1.912
 1.181
-0.149
 0.994
-1.294
 0.872
 1.684
 1.185
 0.738
 1.606
 0.995
 1.686
 1.175
 0.053
-0.650
-1.781
 0.705
 0.816
 2.029
 0.798
 1.811
 1.695
-0.895
 0.193
-0.427
 0.157
-0.998
-0.171
-0.819
-0.549
-0.076
-1.762
-2.271
-1.533
 0.200
-0.179
-0.319
-0.016
-0.427
-0.984
-0.360
-1.422
-1.143
-2.268
-0.453
-0.932
-0.717
-0.016
 0.172
-0.759
 0.235
-0.046
 0.568
 0.537
-0.092
 0.265
-1.109
-0.851
 0.889
 0.179
-1.454
-2.428
-1.374
 0.656
-0.599
-0.623
 0.233
 0.348
 1.423
 0.823
 1.844
 0.084
 1.264
 2.503
 1.075
 0.554
-0.619
 0.334
 0.597
 0.545
-0.953
-2.308
-1.089
-0.582
 0.479
 2.158
 1.332
-0.201
-0.355
-0.265
 0.027
 0.532
 0.983
 0.609
-0.692
 0.178
 0.294
 0.517
-0.319
 0.175
-0.536
-0.288
-0.749
-1.398
 0.078
-0.660
-0.936
 0.087
-0.039
 0.399
 0.402
-0.680
-1.652
-1.495
 0.185
 0.476
 0.253
 0.992
 0.619
 0.016
 1.460
 1.135
 1.762
 1.028
 2.257
 1.428
 2.261
 0.270
 0.492
 0.445
 0.956
-0.836
 1.001
-0.180
-0.529
-0.402
-1.073
-0.076
 0.792
 0.640
-0.263
 0.704
 1.849
 0.455
 2.318
 2.521
 3.313
 1.422
 2.478
 2.396
 4.075
 2.586
 2.690
 1.555
 0.631
 1.703
 1.558
 0.311
 0.436
-0.194
 0.516
 0.543
-0.771
-0.174
 0.255
 1.172
 0.433
-0.802
-0.081
 0.204
 0.622
-0.130
-0.001
 0.867
-0.595
-1.223
-0.953
 1.257
 1.352
 0.455
 0.385
 0.871
-0.309
 0.600
-0.879
-0.374
 0.251
 1.594
 0.493
-0.697
 0.966
-1.024
-0.691
 0.451
-0.497
 0.638
-0.438
-0.427
-0.073
-0.458
-0.228
 0.735
 0.969
 0.072
 1.224
 0.618
 0.167
 1.421
 0.871
 1.397
 0.448
-0.533
-0.139
 0.955
 0.285
 1.587
 1.973
 1.162
 0.496
 0.982
 0.979
-0.852
 0.750
 1.107
 0.235
-0.320
-0.555
 0.421
-0.180
-0.194
-0.304
 0.707
-0.137
 0.835
-0.160
 0.313
 0.965
-0.309
 0.071
 0.933
-0.467
 0.492
 0.626
-0.265
 0.124
 1.291
 0.917
 1.420
 0.550
-0.184
-0.715
 0.250
 0.975
-0.003
 0.825
-0.668
-0.816
-1.273
-0.658
 0.820
-1.179
-0.538
-1.189
-1.903
-0.940
 0.506
-0.239
 0.389
 0.399
-0.693
-1.053
-0.490
-1.334
-0.089
-1.765
-0.883
-1.659
-0.297
-0.720
-1.420
-1.792
-0.665
-1.756
-0.951
-2.768
-2.409
-1.725
 0.253
-0.004
-1.230
-2.005
-0.770
 0.299
-1.057
-0.394
 0.733
-1.003
-1.525
-0.374
-1.484
-1.128
-0.009
-1.232
-0.675
 0.110
-0.638
 0.967
-0.045
-0.784
 1.008
 0.220
-1.029
-0.768
-0.568
-1.949
 0.478
-1.438
-1.928
-1.801
-0.486
-1.939
-0.809
-0.619
 0.262
-1.444
-1.648
-1.183
-0.483
-2.666
-0.952
 0.288
-1.517
 0.006
-0.022
-1.208
-0.616
-0.922
-0.185
 0.116
 0.350
-0.159
-0.863
-1.117
-2.302
-1.962
-1.018
-1.020
-1.510
-1.237
-0.951
-1.058
-0.694
-1.374
 0.752
-0.029
-1.583
-0.564
-0.346
-0.069
-0.663
-1.633
-1.968
 0.094
-0.375
 0.485
 1.124
 0.980
-0.886
-0.084
 0.514
 0.673
 1.058
 2.288
 1.411
 1.197
 0.701
 1.115
 0.311
 0.091
 0.288
 0.419
 0.471
 0.384
 0.064
 1.948
 0.545
 2.052
 1.285
 1.139
 2.481
 0.694
 1.806
 2.069
 1.596
 1.559
 2.147
 0.393
 1.127
 0.582
 1.194
 1.530
-0.164
-0.703
-0.077
 1.039
 1.410
-0.288
 0.132
 0.259
 1.116
-0.797
 0.868
-0.321
-1.415
-1.239
-0.182
-0.719
 0.226
-0.070
-0.018
-0.593
-0.696
 0.535
 0.569
 2.226
 0.764
 0.903
 1.276
 1.506
 0.937
 0.585
 1.335
 0.767
-0.270
-0.607
 2.239
 1.873
 2.527
 0.966
 0.226
 0.339
 0.969
 0.963
-0.308
 0.127
 0.343
 1.614
 0.743
-0.732
-0.104
-0.121
 0.306
-1.001
-1.558
 0.237
-0.964
 0.000
-0.396
 0.786
 1.083
 0.945
-0.686
-0.482
-0.862
 0.259
 0.550
-0.557
 0.640
 0.877
 0.540
-1.538
 0.216
 0.593
 1.762
 1.106
-0.809
 0.473
 0.163
-0.369
 0.838
 0.002
 1.552
 1.028
-0.151
-0.620
-1.177
-0.391
 1.697
 0.415
-0.038
 0.189
 0.134
-0.045
-0.899
 1.117
-0.662
 0.537
 0.271
-0.046
-0.239
 1.171
-0.683
-1.045
 1.290
-0.912
 1.301
 1.116
 0.369
 0.824
 0.616
 1.421
 0.213
-0.031
 0.093
-0.068
 0.472
-0.855
-0.024
-0.672
-0.129
-0.976
 0.666
 0.034
-1.927
 0.102
-0.359
-0.068
 0.032
-0.478
 0.335
-0.466
-0.173
 0.896
 0.138
-0.181
 0.689
-0.175
-0.029
-0.029
 0.766
 1.722
 2.145
 0.206
-0.799
-0.141
 0.790
-1.920
-1.645
-0.664
-0.904
-0.672
-1.019
-0.776
-2.317
-0.388
-0.739
 0.827
-1.559
-0.228
-0.870
-0.268
-0.840
-1.008
-0.608
 0.741
-0.016
 0.176
 1.164
 0.190
 1.372
-0.616
-0.025
-0.206
-0.208
 0.306
 0.055
-0.639
 0.465
-0.219
 0.004
-1.716
-0.159
 1.343
-1.126
-0.287
-0.305
-0.875
 0.668
 0.341
-0.075
-0.100
 1.548
 0.833
 0.587
 0.706
 0.506
-0.527
-0.070
-1.452
 0.105
-1.082
 0.382
-0.572
-0.739
-0.313
-0.067
 0.588
-0.088
-0.049
-0.630
 0.638
 0.252
-0.355
 0.822
 0.907
 0.963
-0.881
-0.872
 2.055
 0.337
-0.712
-1.612
 1.279
 1.016
-0.101
-0.367
-1.211
-0.758
-0.065
-1.683
 2.135
 0.200
 0.787
 0.052
-2.445
-2.544
-1.177
-0.868
 0.257
-0.156
-1.111
-0.598
-0.521
-0.690
-0.815
-0.605
-0.521
 1.112
-0.348
 1.121
 0.598
 0.896
 0.551
 0.777
-0.019
 1.388
 0.451
-0.600
 0.610
 0.295
 0.722
 0.517
 0.458
 0.740
 1.806
 0.048
-0.382
-1.394
-1.363
-0.668
-0.861
 0.046
 0.472
 0.051
-0.338
 1.218
 0.594
-0.276
-2.174
-1.251
 0.161
 0.906
 0.559
 0.250
 0.659
-0.401
 0.513
-0.741
-0.477
 0.719
-1.096
-1.324
-0.789
-0.668
-1.128
 0.296
-1.784
-1.229
-0.779
-0.634
-0.651
-1.541
-0.681
-0.246
-0.768
 0.284
 0.565
-0.915
 0.102
-0.128
-0.460
-1.289
-1.575
-0.876
-1.215
-0.740
-0.604
-0.162
-0.639
 0.676
 0.164
 1.244
-0.520
 0.437
-1.260
 0.792
 0.096
 0.117
 1.342
 0.187
 0.223
-0.044
-1.159
-0.437
-1.122
-0.478
-1.233
-0.506
-0.175
-0.259
-0.504
-0.721
-1.222
-0.946
-1.120
 0.051
 0.388
 1.443
-0.424
 1.348
-1.107
 1.562
 0.742
 0.586
 1.508
 1.422
-0.320
 0.563
 0.156
-1.256
-0.082
 0.874
 0.294
 1.334
 0.701
 1.746
 2.491
 0.776
 1.736
 0.998
-1.112
-0.842
-0.071
 0.458
 1.744
 0.625
 0.338
 1.280
-0.490
-1.171
-1.761
-0.726
-0.850
-0.744
-0.727
-2.502
-1.998
-2.480
-1.711
-1.558
-1.062
-0.548
-0.755
-0.389
-1.184
-1.072
-0.408
 0.142
-0.121
 0.479
 0.519
-1.338
-0.915
-1.328
-0.088
-0.784
-0.290
-0.754
 0.089
-0.902
-1.189
-1.105
-0.724
 0.091
-0.233
-0.570
-0.801
-0.589
-0.907
 0.076
-0.448
-1.502
-0.393
-1.261
-0.266
-0.606
-0.072
 0.710
 0.086
-0.442
 1.792
 1.230
 0.357
 0.731
 0.284
 0.721
 0.516
-1.230
-0.217
-0.156
-0.366
-0.854
-1.585
-0.643
 0.883
 0.612
 0.969
 0.651
 0.541
 0.814
-0.263
-0.527
-0.687
 0.500
 0.087
-0.761
 0.075
 0.221
-0.881
-1.981
-1.408
-1.323
-1.537
-1.153
 0.101
 0.007
-0.260
 1.542
-1.281
 0.975
-0.066
 0.985
-0.058
 1.708
 2.165
 0.587
 1.098
 1.065
-0.033
-0.972
 0.723
 2.003
 1.322
 1.508
-1.182
 0.250
 0.521
-1.110
-0.292
-0.823
-1.672
 0.589
-1.019
 0.063
 0.621
 0.295
-1.174
-0.786
-0.551
 0.387
-1.871
 1.190
 0.527
-0.319
 0.330
-0.027
 0.473
-0.859
 0.856
 1.595
 0.927
-0.155
-0.415
 0.928
 0.718
-0.091
-0.028
-0.788
-0.229
-0.232
-0.367
-0.889
-0.952
 0.696
-0.248
-0.817
 0.038
-0.356
-0.826
 0.544
-0.294
-1.026
-0.268
 0.431
 0.775
 0.271
 0.044
 0.801
 0.327
-1.572
-0.549
 0.162
-0.009
-0.816
-0.047
-0.191
-1.314
 0.153
 0.645
-0.788
-1.166
 0.404
 0.515
 0.261
 0.050
 0.139
-2.026
-1.023
-0.889
 0.179
 0.962
 0.041
 0.473
 0.234
-0.748
 0.428
-1.085
-1.503
-1.137
 0.369
-0.797
-1.061
 0.473
-0.891
-0.519
-0.958
-1.616
-1.010
-2.037
-0.708
-0.603
 0.295
-0.430
-0.602
-0.337
-1.030
-1.857
-0.551
-0.395
-0.331
-0.705
 0.370
-0.056
-0.872
-1.484
-1.200
-2.119
-0.735
-0.200
-0.109
-0.867
-1.941
-0.943
-0.448
 0.627
-0.279
-0.362
-1.074
 0.305
-0.001
-0.711
-1.453
-0.798
-1.766
-1.349
-0.636
-0.151
-0.877
-0.064
 0.220
 0.259
-0.278
-0.495
 0.346
 0.064
-0.157
-0.518
-0.448
-0.911
 0.981
 0.467
 0.222
-0.425
 0.889
-0.486
-0.952
-0.648
 0.204
 0.515
 0.140
-0.451
-0.570
 1.198
 0.677
-0.777
 0.985
-0.500
 0.721
 0.020
-0.414
-0.586
 0.059
 0.369
 0.884
 0.229
-0.190
 0.100
-0.478
-0.492
 0.121
 0.092
 0.903
-0.473
-0.810
 0.272
 1.707
 0.464
-0.585
 0.160
 0.896
 1.108
 0.823
-1.581
-0.928
-0.271
-1.574
-0.297
-0.642
 0.370
 0.121
-1.187
-1.087
-0.435
-0.226
 0.589
-0.601
-0.506
-0.043
-0.072
 0.529
 0.575
 0.475
 0.551
-1.164
-1.097
 0.022
-0.224
 0.244
 1.214
 0.233
-0.143
 0.291
 0.839
 1.120
-0.691
 0.010
 0.319
 1.312
-0.597
-0.378
-0.831
-1.679
-0.538
-1.591
 0.416
-0.004
-1.877
-0.757
-0.340
 0.767
-0.891
-0.481
 0.162
 0.731
-0.190
-0.275
-1.779
 0.561
-0.744
 0.067
 0.832
-0.456
 0.163
-1.621
 0.116
 1.108
-0.115
 1.150
 0.386
-0.179
 0.073
-0.157
-1.323
-0.918
-1.156
-1.591
 0.020
-0.907
 0.361
-1.269
-1.071
 0.085
-0.558
-0.253
-1.452
-1.127
-0.200
 0.991
-0.873
 0.521
-0.921
-0.068
 0.506
 0.261
-1.628
-0.900
-0.553
-0.830
-0.015
-1.350
-0.639
 0.002
 0.127
 0.528
-0.873
-1.267
 1.471
 0.499
-0.330
 0.061
-0.116
 0.784
-0.014
-0.100
-0.878
-0.245
-0.271
 0.562
 0.626
-1.234
 0.015
-1.150
-0.275
 0.007
-1.163
-1.643
 0.820
 0.181
-0.388
-0.549
-1.475
-0.887
-0.420
-1.874
-1.501
-0.260
-0.725
-0.402
-1.721
-2.292
-1.944
-1.313
-1.581
-1.686
-2.405
-1.394
-1.201
-0.973
-2.416
-0.859
-1.131
-0.397
-1.524
-1.167
-1.886
-1.810
-0.990
-1.656
-0.846
-1.357
-0.378
-0.349
-0.181
-1.021
-1.525
-1.067
-1.039
-1.916
 0.613
-1.002
 0.239
-0.215
 0.139
 0.248
 0.076
-0.602
-0.441
-1.696
-1.668
 0.365
-0.620
-0.951
-0.215
-0.859
-0.213
 1.071
-0.232
 0.263
 0.693
 0.958
 0.166
-1.504
-0.630
-0.697
 0.120
-1.334
-0.256
 0.809
 0.771
 1.043
 0.251
 0.199
 0.964
 0.767
 0.281
-1.497
-1.058
-0.619
 1.295
-0.666
 0.243
-0.283
-0.920
 0.242
 0.212
 2.000
 0.486
 1.335
 0.561
 0.689
 0.888
 1.376
 0.874
 0.747
 0.468
-0.078
-0.101
 0.703
 1.006
 2.238
 1.981
 1.949
-0.713
 0.233
 0.907
 1.120
 2.470
 1.912
 2.288
 0.075
-0.613
-0.178
 0.586
 0.393
 0.554
 0.944
 0.393
 0.191
-0.355
 0.254
 0.639
 0.131
 1.451
-0.227
-0.073
 0.564
 0.087
 1.264
 1.240
 0.905
-0.241
 0.802
-0.083
 1.134
 0.785
 0.728
 0.637
 0.528
 0.432
-0.914
 0.852
 1.366
 0.566
 1.371
 0.440
 0.689
 1.354
 1.461
 2.192
 2.035
 0.881
 1.111
 0.283
 0.267
 0.177
-0.353
 0.921
 1.344
 0.337
 1.386
 1.751
 0.999
 1.078
 2.554
 0.000
 0.134
 0.183
 0.532
 1.370
 2.115
 1.451
 1.688
 1.140
-0.727
-0.222
-1.654
-1.045
-0.774
-0.642
-1.303
-1.005
-2.015
-0.544
 0.047
 0.547
-0.899
-1.464
-1.514
 1.064
-0.066
-0.233
 0.491
 0.359
-1.069
 0.436
 1.112
 0.423
-0.058
 0.130
 0.459
-0.636
-0.988
 0.608
 0.581
-0.696
-0.241
 0.459
-0.622
-1.620
-1.160
 0.199
-0.597
 1.076
-0.568
-1.278
-1.388
 0.504
 0.787
 0.148
-0.200
-0.596
-0.294
-0.676
-0.161
-1.040
 0.113
 2.028
 1.138
 2.671
 0.072
-0.717
-0.259
-1.199
-0.180
-1.215
-0.959
-1.492
-0.021
 0.522
-0.312
 0.181
-1.075
-0.303
 0.566
-1.568
 0.256
 0.781
 0.296
-1.264
-1.310
-1.171
 0.117
-1.183
 0.173
 0.563
 0.295
-1.166
-0.533
-2.050
-0.301
 0.313
 0.984
-0.204
-1.457
-0.490
 0.479
-2.108
-1.462
-1.935
-1.551
-1.239
-0.224
 1.113
 0.037
 0.510
 0.094
 1.043
 0.302
-0.096
 0.352
-1.037
 0.101
 0.434
 0.151
 0.225
 1.071
 1.240
 2.003
 0.260
 1.567
 0.752
 0.391
 2.123
 0.680
 1.135
 0.795
 0.447
 1.289
-0.490
 1.172
 1.356
 1.068
 1.373
 0.401
-0.490
-0.616
 1.012
 1.076
 1.979
 1.479
 0.202
 0.924
 1.648
 0.655
 2.090
-0.398
 0.809
 0.059
-0.781
-0.721
-0.993
 1.796
 2.080
 0.902
 0.171
 0.090
-0.172
 1.088
 0.986
 0.483
 0.497
-0.016
 0.099
-1.660
-1.651
-2.094
-1.559
-1.891
-0.671
-0.105
 1.647
 1.031
-0.710
 0.721
 0.772
 0.415
-0.308
 1.227
 0.246
-0.511
-0.695
-0.494
-1.045
-0.394
-0.203
-0.171
-0.192
-0.738
-2.332
-2.114
-1.795
-2.368
-2.224
-2.274
-1.492
-1.768
-0.587
-1.267
-1.346
-0.842
-1.301
 0.676
-1.001
-1.258
-1.175
-0.744
-2.048
-0.657
-1.294
-1.710
-0.576
-0.269
-0.895
 0.066
 0.168
-1.253
-0.346
 0.079
 1.123
-0.817
 0.546
 0.802
 1.315
 0.858
-1.132
-1.663
-1.730
-0.439
-0.532
 0.616
-0.258
-0.835
-1.123
-0.802
-0.404
-0.465
 0.595
 0.653
 1.390
-0.779
-1.772
-0.101
-0.653
 1.640
 0.239
 1.243
-0.515
-0.386
-1.522
 1.082
 1.148
 0.340
-0.507
 0.885
 0.234
-0.407
-1.119
 0.040
-0.531
-0.938
-0.791
-1.382
-0.472
-1.329
-0.375
-0.406
 1.391
 0.507
-1.557
 0.108
-0.464
-0.819
-0.120
-0.774
-1.626
-0.747
-1.141
 0.071
 0.407
 0.323
 0.264
-0.222
-0.631
-0.587
 0.501
 0.715
-1.035
 0.341
 0.056
-0.487
-2.094
-1.023
 1.030
-0.779
-0.314
-0.349
 0.763
 0.663
 0.717
-1.371
-0.579
 1.117
-0.990
-0.485
-0.871
-0.955
-0.010
 1.845
 0.511
 0.453
 0.428
-1.004
-1.108
 1.249
 0.672
 0.883
 0.322
 0.731
-0.013
 0.473
 1.203
 0.342
-0.036
 0.951
-0.518
-1.025
-1.208
-0.311
 0.994
 1.118
 0.276
 1.602
-0.376
-0.890
 0.860
-0.015
 1.436
 1.689
 0.491
 0.487
 1.630
 0.070
 0.238
 0.792
 0.315
-0.363
-0.156
-0.585
 1.173
 0.006
 0.335
-0.035
-1.934
-0.822
 1.319
-0.479
-0.596
 0.593
-0.335
 0.468
-0.209
 0.784
 1.284
 0.986
 0.115
-0.319
-1.407
 0.276
 0.256
-0.037
 1.313
 1.940
 0.257
 1.111
-0.025
 0.672
 0.811
 1.462
 0.199
 0.997
-0.265
-0.368
 0.558
 0.079
-0.470
 0.332
-0.157
 1.245
-0.414
 0.132
-0.924
 0.763
 1.295
-0.361
 0.562
 0.305
-1.233
-0.087
 0.656
-1.365
-0.692
-1.731
-0.383
-1.003
-0.953
-0.974
-0.753
-1.465
 0.760
 0.651
-0.097
 1.594
 0.792
 0.401
 0.912
 1.639
-0.591
-0.900
-0.960
-1.326
-2.555
-1.793
-0.159
-0.327
-0.785
 0.427
 1.339
-0.332
-1.070
 0.663
-1.662
 1.384
 0.112
 0.595
-1.111
-0.856
-0.240
 1.410
-0.280
-0.563
-0.474
-0.446
 0.663
-0.054
-0.429
-0.772
-0.128
-0.193
-0.971
 0.267
 1.459
 0.449
 0.307
-0.509
 0.959
-2.085
-0.493
 0.631
 0.276
-0.086
-1.445
-0.858
 0.052
 1.679
 1.027
 0.282
-0.968
-0.838
-1.231
-0.478
-0.156
-0.445
-1.024
-0.904
-0.016
-0.631
-0.123
-1.302
-1.104
-0.586
 0.036
 0.400
 0.308
-1.378
-0.306
-1.207
 0.654
-0.561
-0.075
-0.025
-0.355
 0.190
 0.948
 1.560
 0.731
-0.192
-1.281
-0.312
-0.333
-0.481
-0.935
-0.475
 0.380
-0.902
-1.078
-1.083
-0.643
-0.319
 1.496
 0.975
 0.999
-0.307
-0.596
-0.688
-1.641
-2.143
-1.662
-0.171
-1.523
-0.702
-1.953
-1.045
-2.538
-0.195
-1.272
-1.100
-2.124
-0.928
-0.978
-2.012
-1.032
-0.710
-1.432
-1.829
-2.190
-2.546
-1.245
-1.693
-0.570
-0.391
-1.686
-0.715
 0.829
 1.212
 0.365
-0.805
-0.484
 0.046
 1.264
 0.269
-0.655
-0.097
-0.080
 0.176
-0.844
 1.367
 0.509
-0.483
 0.187
 0.575
 0.310
 2.408
 0.907
 1.927
 1.024
 1.434
 1.487
 0.784
 0.087
-0.128
 0.117
 1.114
 0.470
 0.546
-0.457
-0.720
 1.368
 0.367
 0.479
 1.664
 1.659
 1.302
 0.974
-1.046
-0.817
 0.140
-0.253
 1.115
-0.445
 1.070
-0.794
 0.389
 0.110
-0.033
 1.588
 1.079
 2.256
 1.671
 0.460
 1.897
 0.974
 1.852
 1.865
 2.136
 2.438
 1.941
 1.055
-0.324
 2.943
 2.482
 1.388
 2.446
 1.657
 1.176
-0.089
-0.079
 0.240
 0.430
 0.037
 1.217
 0.834
 0.457
-0.199
 0.451
 0.236
 0.820
 0.535
-0.433
-0.738
 0.569
-0.350
 0.804
 1.739
 1.251
 1.255
 0.893
 1.090
-0.121
-0.055
-1.035
 0.012
 0.552
 0.510
 1.384
 0.399
 0.020
 0.382
 0.046
 1.679
 0.910
 0.605
 0.258
 0.091
-0.024
 0.378
-0.352
 1.594
-0.479
 0.510
 1.578
-0.680
 0.494
 0.667
 0.986
 1.900
 1.344
 1.517
 0.705
 1.465
 0.337
 0.897
 1.263
 1.959
 1.684
 0.841
 1.784
 1.527
 1.402
-0.003
 0.342
 1.037
-0.136
 1.321
 0.473
 1.279
 1.379
 0.341
-0.376
-1.553
-0.065
 0.516
-0.041
-0.451
-0.679
-1.690
 0.287
 0.018
 0.739
 0.170
-0.584
-0.021
 0.115
-0.363
 1.027
 0.765
 0.783
-0.619
 0.780
 1.538
 2.075
 0.332
 0.073
 0.711
 1.451
 0.116
 1.698
 0.923
-0.192
 1.423
 1.927
 0.562
 1.944
 1.037
 1.208
 0.164
 0.405
 1.159
 0.875
-0.206
-0.378
-1.185
 0.406
-1.222
-0.510
 0.744
-0.077
-0.999
-0.223
-0.643
-0.855
-0.704
-0.711
 1.033
 1.448
 1.010
 0.577
 0.184
 0.181
 0.400
 0.150
 0.158
-0.172
-0.320
-0.455
 0.547
 0.734
 0.595
-0.324
 1.038
 0.460
 0.081
-0.448
 0.823
-0.966
-0.442
-0.345
-0.822
 0.656
 0.166
-0.813
-0.170
-0.550
-1.103
-0.689
-1.396
-0.212
-0.524
 2.079
 1.330
 0.202
-0.271
-0.936
-1.792
-0.139
-0.233
 0.124
 0.532
-0.356
-0.315
-1.305
-0.516
-1.886
-1.721
-1.283
-0.038
 0.846
 0.882
-1.696
-1.144
-1.494
-1.272
-1.832
-1.872
-0.437
-1.123
-1.246
-0.167
-0.110
-1.305
-0.170
 0.633
-0.790
-1.951
-1.038
-0.698
 0.075
-0.120
 0.722
 0.641
-0.769
-1.567
-1.456
-1.128
-0.812
 1.166
 0.424
 0.409
 0.650
-0.953
 0.360
 0.025
 0.554
 1.201
 0.868
-0.421
 1.705
-0.567
 0.288
 0.297
 0.159
 0.594
 0.122
 0.612
 0.465
 2.663
 1.044
 0.185
 1.606
-0.854
-0.432
-0.692
-1.058
-0.467
-0.271
 0.144
-0.599
-0.555
 1.282
 1.251
 0.637
 0.772
 0.035
-0.822
-0.886
-0.540
-0.031
 0.741
-0.254
 0.950
 0.685
 0.552
 0.553
 0.015
-0.651
-0.196
 0.952
-0.899
-0.034
-0.923
-0.022
 0.352
 0.174
-2.024
-0.783
-0.399
-0.189
-1.529
-1.395
-1.270
 0.919
 0.097
-2.329
-0.580
-1.207
-1.080
-0.071
-0.766
-0.075
-0.966
-0.485
-1.566
-1.976
-1.419
-1.837
-1.358
-0.966
-1.919
-0.860
-0.027
-0.868
-0.864
-1.159
-0.561
-0.789
-0.223
 0.204
-0.834
-0.141
 0.362
 0.691
-0.417
-0.590
 0.098
 0.601
 0.503
 1.351
 0.891
 2.029
 2.123
 0.004
-0.324
-0.182
-0.935
-0.001
-0.577
-0.787
 0.257
-0.039
 0.692
 2.064
 0.237
-0.451
 0.591
-1.127
-0.562
-0.369
 0.921
-0.368
-0.021
 0.468
-0.443
 0.167
-1.931
-1.027
 0.026
-0.783
-1.763
-2.359
-1.331
-1.595
-2.332
-1.796
-0.442
-1.040
-0.570
-0.353
-1.387
-2.144
-2.288
-2.135
-1.404
 0.412
-1.025
-1.542
-0.926
-3.438
-1.084
-1.978
-1.845
-0.550
-1.063
-1.812
-2.192
-0.791
-1.527
-1.398
-0.686
 0.137
-0.242
-0.122
-1.599
-2.241
-2.364
-1.577
-1.557
-0.259
-1.441
-1.440
-1.349
-0.758
 0.775
-0.927
-0.499
-0.695
-0.896
-1.198
-1.397
-0.237
-0.411
 0.209
 0.380
 0.043
-0.508
-0.703
-1.192
-0.253
-0.402
-1.869
-2.102
-2.000
 0.294
-0.527
 0.540
-0.879
 0.019
 0.213
-1.254
 0.087
-0.146
-0.393
-0.767
 0.626
 0.023
 0.018
 0.042
 1.259
 0.931
 2.222
 1.922
 0.720
-0.181
 0.754
-0.905
-1.298
-0.536
-0.953
 0.255
-1.130
-0.245
-1.986
-1.391
-0.362
 1.555
 0.433
 1.165
 0.675
 1.593
 0.980
 0.040
 0.223
-0.514
 0.798
-0.074
 2.342
 2.604
 0.887
 0.376
 0.416
 0.261
-0.880
 0.502
 0.331
 0.611
 1.826
 0.031
 1.083
-0.914
 0.853
-0.440
 0.247
 0.765
 1.426
 1.015
 1.252
 2.546
 1.349
 0.171
-0.292
 0.328
 1.158
 0.327
-0.766
-0.186
 0.301
 0.773
-0.692
-0.314
 0.133
-1.607
-0.216
 0.520
-0.260
 0.024
-0.071
-1.256
 0.186
-0.608
-0.588
 0.459
-1.257
-1.876
-0.298
-1.380
-1.339
-1.807
-0.937
-1.518
-0.354
-2.246
-0.833
 0.976
 0.042
-0.005
 0.068
 2.194
-0.275
 1.405
-0.302
 1.025
-0.027
-0.023
 0.203
 0.409
 1.332
 0.700
-0.646
 0.617
 0.072
 0.230
 0.016
-1.032
-0.250
 0.149
 0.018
-1.309
-0.468
-0.453
-2.262
-0.236
-1.422
 1.356
-0.315
 0.018
 0.167
-1.785
 0.409
-0.552
 1.615
 0.134
 1.350
 0.062
 0.519
-1.406
-0.025
-1.636
-1.158
-0.463
-2.167
-0.270
-0.231
 0.659
 0.714
 1.015
 0.403
-0.046
-1.179
-0.640
 0.528
-1.115
-1.154
-0.952
 0.371
 0.866
 0.946
 1.224
 1.458
 2.148
-0.244
 0.436
 1.483
 2.671
 1.810
-0.023
 0.482
-0.536
 0.494
 0.710
 1.793
 0.431
 0.216
 0.696
 1.383
 0.212
 0.849
 2.028
 1.537
 2.211
 1.081
 0.835
 0.926
 1.585
 0.978
 0.587
-1.722
-0.061
-0.809
-0.533
-1.345
-0.310
-0.783
 0.354
 0.627
 0.769
 0.782
 0.476
-0.812
 0.560
 0.929
 0.965
 1.139
-0.050
-0.295
-1.323
-0.182
 0.791
 0.049
-1.265
-2.063
-0.742
-0.362
 0.283
 0.180
 0.576
-0.749
-0.969
 0.484
-2.308
-0.407
 0.299
-0.228
 0.293
-1.130
-0.535
 0.148
-1.070
-1.633
-1.844
-1.361
-2.245
-1.967
-1.329
-0.363
-1.391
-2.153
-0.635
-0.698
-0.721
 0.389
-1.390
-2.056
-1.746
-1.838
-1.539
-1.207
-1.341
-0.588
-3.040
-2.258
-1.300
-0.360
-0.877
-0.743
-1.242
-0.521
-2.053
-1.656
-0.220
-0.513
-0.601
-0.114
-1.130
-1.056
 0.005
 0.035
 1.500
 0.496
 0.431
 0.722
-1.454
-0.189
-0.248
-0.352
-1.845
 0.813
-0.348
-1.355
-1.709
 0.127
-1.084
-1.252
-1.925
-1.250
-1.543
-1.985
-3.351
-1.256
-1.561
-0.808
-1.252
-0.221
 0.186
 0.349
-0.977
-0.109
 0.073
-2.090
-2.514
-0.720
-2.006
-2.569
 0.353
 0.970
-0.059
 1.115
 0.167
-0.197
-0.297
-0.450
-1.117
-0.661
-0.104
 0.899
 0.892
-0.877
-1.959
-0.772
-1.339
-0.028
-0.485
 0.329
-2.398
-1.432
-0.664
-0.610
 0.375
 1.093
 1.451
 0.796
 0.360
-1.789
-0.954
 0.884
-0.453
-0.150
 0.233
-1.774
-1.138
 0.416
 1.307
 0.127
-0.662
 0.456
-0.519
-1.603
-0.363
-0.871
-2.289
-0.746
-0.576
-3.123
-1.902
-1.171
-1.317
 0.128
-0.529
 0.037
 0.291
-0.615
 0.387
-0.043
 0.020
 0.547
 0.593
-0.421
-0.653
 0.831
-0.001
-1.166
-0.163
-0.070
-0.709
-0.971
-0.829
 1.148
 0.416
 1.383
 0.288
-0.604
-2.113
 0.033
-0.950
 0.085
 0.149
 0.377
-0.112
 0.193
-0.357
-1.195
-0.686
-0.599
-0.627
 0.235
-0.490
-0.379
 0.254
-0.264
 0.079
-1.787
-1.137
 0.797
 1.385
 0.938
 0.138
-1.360
-0.227
 0.918
-0.891
-0.603
-0.227
-0.504
 0.502
-0.728
-1.597
-1.043
-0.378
 0.416
 0.891
 1.007
-0.383
 0.024
 0.546
-1.071
-0.204
-0.434
-0.846
 0.336
 0.729
 0.868
 0.005
 1.933
 0.835
 0.126
-0.130
-0.621
 0.334
 1.568
 0.277
 0.355
 1.458
-0.416
-0.146
 0.311
 1.464
 1.064
-0.805
 0.285
 0.140
 1.841
 0.702
 1.327
 0.359
 1.088
 1.097
 0.788
 0.499
 0.197
 0.467
-1.947
-0.532
-0.255
 1.371
-0.241
-0.789
 0.822
 0.636
 2.463
 1.120
 0.094
 1.241
 1.600
 1.352
 1.203
 0.694
 0.483
-0.378
-0.246
-0.715
-0.844
 0.128
 2.270
 1.695
 0.219
 1.171
 0.400
-0.161
 1.623
 1.034
 0.359
 0.251
 0.286
 0.640
-0.374
-0.111
-0.397
-0.148
-0.468
 0.428
 0.715
-0.480
 1.687
 0.783
 1.767
 0.389
-0.035
 0.869
-0.564
-0.990
-0.255
 0.346
 0.013
-1.085
 1.008
-0.136
 1.671
 0.631
-0.987
-0.654
 1.048
-0.117
-0.836
 1.686
 0.107
 1.546
 0.188
 0.518
 0.851
 0.151
 0.004
-0.453
-0.464
-0.869
-0.758
-0.715
-0.985
-1.937
 1.245
 1.150
 0.784
 0.147
-0.955
 0.825
-0.711
-1.122
 0.637
-1.910
-0.426
-1.723
-0.955
 0.437
-0.164
-0.690
 0.335
-1.010
-0.337
 0.199
-0.005
-0.856
-0.971
-0.313
 2.393
 1.364
-0.485
-1.167
-0.476
 0.520
 0.928
-0.552
 0.097
-0.504
-0.392
 0.271
 0.442
-0.286
-0.083
-0.839
-0.267
-1.545
-0.986
 0.291
 0.085
 0.895
 1.135
 1.154
 1.025
 1.148
 1.382
 1.560
 0.255
-0.434
 1.167
-0.121
 0.790
-2.237
-0.479
-1.053
-0.854
-1.782
 0.524
-1.350
 0.530
 0.968
-0.054
-1.314
-0.932
-0.261
-0.400
-0.915
-0.244
 0.071
-0.207
 0.696
-0.167
 0.639
-0.780
-2.406
-2.020
-0.793
-2.394
-1.372
-0.305
-0.017
 0.044
 0.728
 1.581
 1.039
 0.300
 1.294
 1.041
 0.742
 0.949
 2.036
 0.183
-0.904
 0.754
 1.050
 0.815
 0.859
 0.213
-0.728
-0.034
 0.650
 1.168
 1.306
 0.498
 1.527
 1.304
 1.051
 1.203
-0.191
 1.036
 0.065
-0.027
-0.692
 0.288
 0.147
-0.910
-0.999
 0.038
 1.586
-0.649
 1.026
 1.765
 1.700
 1.424
 2.009
 0.469
 1.067
 1.011
 0.796
 2.308
 2.052
 2.482
 1.531
 0.296
 1.188
 0.864
 0.718
 1.896
 0.973
 1.810
 1.246
 1.518
 2.613
 1.381
 1.265
-0.059
-0.306
 0.428
 0.806
-0.509
 0.481
-0.003
 0.678
 0.070
 0.043
 0.097
-0.095
-1.017
 0.600
 1.199
 1.184
 0.983
 1.814
 0.555
 0.174
 0.228
-0.738
 0.976
-0.006
 1.285
 1.596
 1.906
 1.568
 0.969
 1.311
 0.055
-0.565
-0.318
-0.710
 0.011
 0.167
 0.374
-0.861
 0.300
 0.516
-0.518
-0.544
-0.638
-0.444
-0.439
 0.238
-0.028
 0.082
 0.372
-0.165
-0.301
-0.845
 0.278
 0.108
 0.553
-0.784
-0.852
-0.802
-0.649
-0.005
-0.618
-2.214
 0.739
 2.063
 2.233
 0.625
 1.394
 1.020
-0.915
 1.465
 0.338
 0.288
 0.073
-0.765
 0.928
 0.203
 0.903
 0.917
 1.045
 1.036
 0.526
-0.195
 1.736
 2.305
 0.470
 1.649
-0.074
 0.682
 0.740
-0.643
 0.444
 2.012
 0.613
 0.505
 0.572
 0.963
 2.780
 0.598
 0.020
-0.348
 0.018
 0.923
 0.449
 0.986
 1.696
 1.049
 0.294
 1.049
 0.200
 1.550
 0.783
 0.437
-0.350
-0.777
 0.039
-0.250
-0.270
 1.126
 1.692
 0.866
 0.058
 0.291
 0.990
-0.731
 0.379
 2.273
 1.377
 1.434
 1.208
 1.405
 1.594
-0.287
 2.041
 0.411
 1.539
 2.895
 1.171
 1.107
 2.284
 1.917
 0.984
 1.350
 2.952
 0.523
 0.137
-0.212
 0.513
-0.521
 1.458
 1.229
 3.178
 1.103
 0.576
 0.578
 0.143
 0.580
 0.057
 1.862
 1.332
 0.666
 0.423
 1.425
-0.824
-0.160
 0.413
 0.345
-0.525
 0.102
 1.269
 0.083
 1.337
 1.180
 0.079
 1.984
 1.411
 1.540
 0.662
 0.219
 0.216
-0.529
-0.103
 1.124
 0.665
 0.638
 0.145
-0.078
-0.956
 0.813
-1.376
-1.168
-0.530
 0.407
-1.348
 0.050
 0.185
 0.330
 0.208
-0.153
 0.159
 0.106
-0.141
 0.250
-0.448
-0.959
-2.840
-1.510
-0.954
-1.864
-1.079
-1.464
-0.941
-0.929
-2.436
-2.131
-1.256
-1.296
-1.161
-1.672
-1.790
-2.709
-2.920
-1.240
 0.010
 0.194
-1.427
 0.070
-2.088
-1.304
-0.147
 0.133
 1.372
-0.014
 0.058
 0.737
 0.040
-0.575
-0.002
-0.380
-0.277
-0.096
 1.216
 0.981
 0.666
 0.544
 1.342
-0.518
 0.238
 0.751
 0.176
-1.441
-0.804
 0.131
-0.047
 0.160
 0.706
 2.061
 1.814
-0.803
 1.012
 0.018
-0.010
-1.986
 0.692
 1.012
-0.452
 0.991
 1.106
 0.567
-1.300
 0.455
-0.284
-1.857
-1.456
-2.222
-0.426
-1.292
 0.549
-0.226
-1.911
-1.271
-0.602
-0.047
 1.196
-0.727
-0.139
 0.609
-0.066
 0.904
 1.441
-0.444
 0.932
 0.160
 0.676
 0.446
 0.354
 0.508
-1.053
-0.416
-1.203
-1.187
 1.073
 0.699
 1.470
 0.214
 0.830
 0.008
-0.734
 0.330
 1.237
 0.194
 0.516
 0.092
-1.030
-0.312
-0.827
-0.720
 0.855
 1.361
 0.661
 0.369
-0.119
-1.822
-0.600
 0.584
-0.763
-0.359
-0.165
-1.185
-0.563
-0.813
-1.007
 1.083
 0.174
-0.318
-0.751
-1.472
-0.934
-1.855
-1.023
-0.312
 0.690
 1.100
-0.188
-0.183
-0.419
 1.273
 0.538
 1.134
 0.727
 0.211
 1.278
 0.191
 0.672
-0.737
-0.416
-1.493
-1.291
 1.519
 1.003
-0.562
 1.328
-0.729
-0.227
 0.911
-0.042
 0.644
 1.153
 1.140
 1.260
-0.318
 1.325
 0.994
 0.072
 0.819
 0.111
-0.046
 0.404
 0.798
 0.110
 0.366
-0.050
 1.091
 0.493
 0.213
-0.326
 0.899
-0.505
-1.156
 0.178
-0.296
 0.034
-1.183
 0.113
 1.779
-0.013
 0.422
 0.264
 2.403
 1.345
 1.412
-0.186
 2.246
 1.542
 0.835
-0.182
-0.299
 0.014
-1.499
-0.300
 0.545
-1.440
-1.065
-0.068
-0.003
-1.493
 0.237
-0.959
-1.453
-1.684
-1.047
-0.707
-2.261
-0.487
-2.223
-1.814
-1.624
-0.089
-0.388
 0.431
 0.611
-0.635
 0.142
-1.109
-0.735
-1.389
-1.280
-0.924
-0.924
-0.926
-0.997
-1.122
-1.198
-0.747
-0.693
-0.177
-0.182
-1.416
 0.027
 0.984
-0.519
 0.835
 0.005
-0.755
-2.229
-1.907
-0.523
 0.973
-1.097
-0.621
-0.615
-0.170
-0.147
 0.092
-0.754
-1.630
-0.813
 0.166
 1.996
-1.142
-0.134
-1.357
 0.730
-0.231
 0.676
 0.593
 1.422
 2.086
 1.727
 0.131
-1.294
 0.134
-0.271
-0.826
 0.724
 0.787
 0.055
-0.176
-1.099
 0.505
-0.924
 0.521
 0.609
 0.738
-0.596
 0.054
-0.535
 0.684
 0.457
 0.047
 0.306
 0.873
 0.575
 0.959
 2.010
 0.444
-0.017
-0.306
 1.486
-0.426
-0.799
 1.694
 1.347
 1.094
-1.633
 0.079
-0.512
-1.752
-0.798
 0.118
-0.806
 0.421
 0.278
 1.269
 1.794
 0.197
 0.394
-0.564
 0.315
 0.214
-0.302
 0.951
 1.462
 0.234
 1.276
-0.272
 0.035
-0.608
 1.160
-1.170
-0.803
-0.662
-0.161
 0.371
 1.104
-0.304
-0.128
 1.913
 0.860
-0.033
-0.285
 2.843
 0.600
 1.918
 1.004
 1.177
 1.573
 0.859
 0.354
 0.569
 1.552
 1.270
 0.726
 0.666
 2.284
-0.999
-0.492
 0.548
-0.685
-0.718
-2.060
-1.154
 0.978
 0.427
-0.210
-0.347
 1.500
 0.916
 1.297
-0.235
-0.927
-0.842
-0.431
-0.768
-0.200
 0.960
 0.228
-0.510
 0.873
-1.937
-0.743
-0.107
-1.167
-1.032
-0.545
 0.382
-1.036
-0.038
-1.754
-1.326
 0.023
 0.273
-0.305
-0.187
-0.381
-1.450
-1.005
-0.102
-0.125
 0.516
-1.057
 0.221
-0.780
 0.977
-0.730
-0.283
-0.850
-1.703
-1.562
-2.133
 0.573
-0.525
 0.826
-0.059
-0.298
 0.723
 1.206
 0.277
-1.520
-0.028
 0.227
 0.216
-0.062
 1.043
 0.070
 0.327
 0.655
-0.221
 1.975
 1.254
 1.090
 0.479
-0.561
 0.607
 0.231
-0.243
 1.242
 0.266
-1.266
-0.483
 1.002
-0.947
-0.959
-0.442
 0.475
-0.667
 0.314
 0.591
 0.520
 2.925
 1.711
 1.284
 0.227
 1.283
 1.472
-0.025
-0.870
 0.789
 1.067
-0.428
-0.942
-0.277
-1.822
-0.713
-1.681
-1.262
-1.472
-1.282
-1.955
-0.448
-0.242
-1.060
-0.926
 0.510
 0.692
 0.418
-0.517
-0.853
-0.688
-0.216
-0.778
-0.672
-0.757
-0.348
-0.997
-1.024
 0.550
-0.817
-0.355
 0.146
-0.946
 1.447
-0.070
-1.325
-0.437
-0.638
-0.277
-0.164
-2.695
-1.637
-0.354
 0.396
 0.123
-1.436
-0.673
-0.500
-0.278
-1.043
-1.166
-0.165
 0.453
 1.068
-0.723
-1.450
-0.514
 0.661
 0.019
 0.838
-0.429
 0.498
-0.709
-1.030
-0.588
 0.143
 0.303
-0.633
-0.075
 0.895
 0.666
 1.339
 0.764
-0.815
-0.615
-0.856
-0.524
-1.047
 0.745
-0.694
 0.770
-0.038
 0.049
-0.768
-0.209
 0.882
 0.617
 0.160
-0.669
 1.022
 0.610
 0.331
-0.422
-2.176
-1.490
-1.038
-0.502
-1.863
-1.426
-1.262
-1.545
 0.448
-1.080
-0.187
-1.439
 0.964
 0.446
 0.770
 1.163
-0.780
-0.275
-0.261
-3.208
-1.067
 0.422
-1.112
-0.704
-0.361
-0.646
-0.890
-1.028
-0.446
-0.591
-0.921
-0.281
-1.290
-0.730
-0.780
-1.325
-0.641
 0.088
-0.720
-0.288
-1.190
 0.275
-0.917
-1.738
-0.494
 1.734
-0.338
-1.521
-0.977
-0.935
-0.873
-0.111
-1.751
 0.462
-0.423
-1.310
-1.079
-1.562
-2.791
-1.429
-1.139
 0.171
 0.224
 0.311
 0.919
 0.230
-1.301
-0.359
 1.114
 0.127
-0.161
-0.018
-0.200
-1.078
 0.567
 0.566
 0.158
-0.971
-0.662
-0.670
-0.995
-0.186
-1.030
-2.448
-1.962
 0.171
-0.709
 0.987
-0.630
-1.105
-0.037
-1.148
-1.601
-0.231
 0.238
 0.438
-0.418
-0.598
-1.475
-1.851
-1.085
-1.031
-0.752
 0.524
 0.177
-0.879
-0.558
-0.168
 0.314
-1.259
-1.523
 0.610
-0.119
-0.925
-0.634
-2.458
 0.206
 0.244
-1.012
 1.108
 0.602
 0.780
-1.515
-0.773
-0.720
-1.020
-0.619
-1.101
-0.450
-0.313
 0.722
 0.798
-0.517
-1.060
-1.845
-0.228
-0.846
 0.170
-0.922
-2.037
-1.084
-1.494
-1.447
-1.271
-0.308
 0.743
-0.779
 0.220
 1.146
 0.197
-0.804
-1.496
-0.996
 0.219
 2.187
 2.340
 0.463
-0.644
-0.914
 0.878
 0.826
 0.032
 0.129
-0.552
 0.274
-0.448
-0.098
 0.143
-0.174
-0.741
-1.430
 0.078
-0.564
-0.045
 0.743
 1.389
 0.321
-0.786
-1.133
-0.435
-0.387
 0.196
 0.140
 0.469
-0.200
 0.255
 0.004
-1.418
-1.419
 0.210
 0.036
 0.993
 1.275
 0.255
-0.951
-0.593
-0.852
-1.420
 0.514
-0.650
 0.433
-0.816
-1.724
-0.973
-0.236
 0.194
-0.116
-0.700
-0.201
-1.896
-0.940
-0.967
 0.370
-0.287
-0.173
-0.240
-1.352
-1.082
 0.293
 0.819
-0.251
 0.236
-1.489
 0.860
-0.211
-1.087
-1.071
-0.532
-3.125
-2.930
-2.370
 0.057
-1.910
-0.478
-1.680
-1.283
-1.265
-0.536
-0.123
 0.383
-1.894
-1.471
 0.153
 0.467
 0.587
-0.073
 1.205
 1.734
 0.268
-0.413
-0.074
 0.501
-0.490
 0.678
 1.017
-0.188
-0.668
 0.311
 0.483
 1.208
-0.650
 0.066
 1.558
 0.304
 0.369
-0.075
 0.298
-1.045
 0.590
-0.833
-2.011
 0.477
 0.685
-1.148
-0.915
-0.010
-0.058
-1.231
-0.547
-0.214
-0.275
-1.052
 0.500
-0.049
-0.294
-1.234
-1.760
-0.766
-1.286
-0.540
-0.797
-0.498
-0.686
-1.458
-1.058
-1.101
-1.560
 0.197
-0.858
 0.102
-0.528
-0.067
 1.318
-0.292
-0.675
-1.248
-1.064
-1.775
-0.608
-2.197
-1.260
-1.402
-0.730
-0.684
-1.200
-1.375
-2.109
 0.583
-0.202
-0.320
-0.882
 0.874
 0.159
 0.943
-0.733
 0.214
 0.929
-1.642
-1.034
-1.526
-0.380
 0.310
-1.551
-0.924
-0.616
-1.506
-0.361
 0.557
-0.100
-0.442
 1.393
-0.472
-0.910
 0.954
 0.793
 0.750
 0.104
 0.385
 0.344
 0.355
 1.652
 1.125
 2.299
 0.758
 0.425
 0.145
 1.067
-0.018
 0.661
-0.525
 0.499
 0.812
 1.205
 1.026
 0.802
 0.486
-1.105
-0.032
-0.719
-0.302
-0.231
 0.237
-0.784
-0.032
 1.942
 0.472
-0.385
-1.416
-0.494
-0.988
 0.200
 0.655
 0.943
 1.003
-0.786
-0.315
-0.074
 0.192
 0.116
 0.815
 0.736
 0.739
 0.431
-1.215
 0.904
 0.307
 0.763
 0.948
-0.430
 0.989
-0.425
 0.957
-0.938
-1.227
 0.065
-1.279
-0.572
-0.387
 0.578
-0.432
-0.319
 0.398
 0.602
 0.453
 1.284
 1.612
 2.043
 1.433
-0.636
 0.251
 0.220
 2.029
-0.524
-0.357
-0.887
-0.167
 0.432
-0.924
-0.513
-0.347
 0.302
-0.717
-0.318
-0.426
 0.138
-0.111
 1.150
 0.169
-0.603
 0.526
-0.750
-1.883
-0.049
 0.400
 1.141
 0.644
 0.278
 1.284
 0.142
 0.968
 1.237
 0.816
 1.247
 1.539
 0.205
 0.619
 1.457
 0.655
 1.361
-0.112
-1.037
-0.463
 0.151
 0.382
 0.191
 0.236
 1.238
-0.170
 1.426
-0.843
-1.100
-0.517
-0.265
-0.687
-1.695
-2.037
-0.427
-1.078
-0.059
 0.847
 0.298
-1.149
-0.787
 1.898
 0.680
 1.500
 0.633
 1.464
 1.805
 0.546
 0.284
-0.944
-0.047
 0.657
 0.650
 0.989
-0.953
 0.352
-0.167
-1.364
-0.756
-0.082
-1.968
-1.770
 0.962
-0.638
-0.457
 0.293
 0.896
 1.408
 0.311
-1.168
 0.949
 0.110
 0.592
 0.064
 0.686
-0.104
 0.664
-0.018
 0.275
 0.129
 0.976
-0.121
 0.848
-1.530
-1.581
 1.263
 0.122
 1.713
 1.220
 1.241
 0.120
-0.489
-0.931
 1.967
 1.843
-0.199
-0.544
 1.112
-0.462
-0.054
 0.017
-1.251
-0.590
 0.161
-0.828
-0.222
 0.410
-2.032
-0.486
 0.010
-0.966
 0.163
 0.599
-0.239
-0.467
 0.490
-0.035
 0.773
-0.501
 0.342
 0.964
-0.557
 1.109
 0.008
-1.709
 0.032
 0.419
 1.031
 0.095
 0.160
 0.660
 0.775
 1.768
-0.823
-0.457
-0.224
 0.774
 0.719
 1.860
 0.902
 1.254
 1.364
 0.230
-1.018
-1.665
-2.149
 0.043
-0.798
-0.193
 0.862
 1.431
 1.004
 0.181
 0.753
 0.608
 0.462
 0.486
 1.185
 0.513
-0.136
-0.491
-0.207
 1.308
-1.156
-2.105
-0.398
-0.657
 0.221
-2.065
-1.266
-1.203
-0.909
 0.491
-0.131
-1.690
 0.036
-1.278
-0.934
 1.019
 1.860
-0.637
 0.050
-1.105
-0.880
-1.259
-0.760
 0.074
-1.299
-0.539
-0.874
-0.324
-1.194
 0.017
-0.986
-0.279
 0.241
 1.706
 0.391
 1.261
 0.830
 0.016
 0.302
-0.296
-0.034
 0.728
 0.488
 0.565
 1.473
 2.212
-0.666
 0.398
 1.418
-0.524
-1.230
-0.509
 1.034
-0.484
-0.557
 0.318
-0.722
-0.537
-0.894
-0.887
-0.037
 2.239
 0.089
-2.187
 1.082
-0.811
 1.129
 0.503
-1.663
-0.859
 0.396
 0.235
 0.364
 0.268
-0.594
 0.222
 0.711
-0.862
-0.744
 0.829
 0.042
 0.738
 0.017
 0.382
 0.004
-0.472
 0.007
 0.053
-0.949
-1.344
-0.137
-1.311
 0.305
 0.282
 0.306
 1.215
-1.034
 0.783
 1.546
-0.092
 1.415
 0.513
 0.264
 1.413
 0.685
-0.161
 0.144
-0.866
 0.354
 0.002
 0.286
 1.385
 1.128
 0.424
-0.199
 0.945
-0.550
 0.116
 0.321
 0.111
 0.304
 0.589
 0.899
-0.125
 0.809
 0.157
-0.255
-0.567
 1.203
-0.185
-0.258
 1.357
-0.237
-1.107
-1.798
-0.859
-0.617
 0.968
 0.686
 0.140
 1.027
-0.011
 0.666
 0.269
 0.381
-0.741
 1.040
 0.806
-0.415
-0.059
-0.457
-0.212
 0.094
-0.447
 0.808
-1.576
-0.136
-0.112
-0.420
-1.176
-0.263
-0.912
-1.098
-0.292
 0.481
-0.426
 0.146
-0.347
-0.084
-0.006
-1.254
-1.199
-0.851
-1.112
-2.364
-2.498
-0.991
 0.455
-0.678
-2.212
-0.687
 0.061
-0.318
-0.605
-1.836
-0.028
 0.352
 0.565
 0.302
-0.446
-0.325
 0.728
 0.922
 1.176
 0.864
 0.081
-0.436
 1.800
 2.196
 0.031
 1.250
 0.686
-0.150
 0.046
-0.034
-0.252
-0.567
-0.088
-2.228
-1.127
-0.946
-0.872
 0.440
-0.161
 0.152
-1.047
 0.454
-0.403
 0.770
 0.924
 0.206
 1.047
 1.161
 0.743
 0.376
 1.280
 0.302
 1.196
 1.182
 0.320
 0.450
-0.159
 0.314
-1.134
-2.480
-2.122
-0.389
-1.090
-0.472
-0.892
-0.723
-0.396
-0.093
-1.030
 0.321
 0.516
-0.654
-0.436
-0.326
 1.210
 1.511
-0.236
 0.415
-0.777
-0.465
 0.922
 1.030
-0.643
-0.577
 0.428
 1.337
 0.142
-0.885
 0.207
 0.259
 0.158
 0.944
 1.120
 1.804
 0.550
 0.109
 0.951
-0.508
 0.561
-0.372
-0.166
-0.255
-0.323
 1.008
-0.759
-0.056
-1.452
-1.284
-1.431
-0.219
-0.183
 0.171
-0.256
-0.355
-0.655
-0.217
 0.056
-0.715
-0.579
 0.252
-1.033
-1.432
-1.177
-0.273
-0.730
-0.720
-0.908
 0.148
-0.035
 0.103
 0.242
 0.724
-0.590
 0.274
-1.641
-0.667
 1.189
-1.502
-0.666
-0.625
 0.370
 0.004
 1.609
 1.063
 1.169
 0.516
 0.973
 0.583
 0.580
-0.021
 1.269
-0.582
 0.597
 0.592
 0.863
-0.016
 0.125
-0.801
-0.816
 0.107
-1.307
-1.214
 0.650
 1.293
 0.889
 0.152
-0.912
 0.031
 0.965
 0.460
-0.262
-0.713
-0.103
 0.674
-0.154
-0.833
-0.265
-0.597
-0.417
-0.520
 0.009
-1.307
 0.242
-0.198
-0.069
 0.200
 0.150
 0.529
-0.157
 1.012
-0.353
 0.045
-0.657
 0.802
 0.786
 0.700
-0.415
-1.284
 0.059
 0.257
 0.626
-1.033
 0.371
-0.513
-1.151
 1.293
 0.211
-0.039
 0.352
 0.351
-1.033
-1.392
-0.373
-1.697
-0.290
-0.612
 0.275
-0.314
-0.836
-0.571
-0.263
 0.869
-0.582
 0.450
-1.258
-2.201
-0.582
 0.087
 1.007
-0.909
-0.819
-0.392
-0.635
 0.091
 0.840
-0.493
-2.393
-0.343
 0.707
-0.648
 0.726
 0.563
-0.446
-0.570
-0.665
 0.608
-0.961
-0.039
-0.948
-0.663
-0.772
 0.823
-0.345
-0.137
 0.707
-1.311
-2.292
-2.135
-1.061
 0.907
 0.002
-0.402
-0.973
 0.952
-1.363
-1.878
 0.259
 0.540
-0.009
 0.727
 0.640
-0.254
 0.801
 0.144
 0.000
-0.366
 0.141
 0.535
 0.341
 1.608
 0.785
 0.219
 1.086
 0.310
 0.879
 2.144
 0.614
 0.186
 1.286
-0.163
 0.841
 1.627
-0.094
-0.639
-1.241
 0.174
-0.215
-1.048
 0.864
 0.664
-1.793
 0.667
 0.405
-0.571
-0.917
-0.457
-1.411
-0.531
 0.618
-0.966
-2.157
-2.171
-0.477
-1.086
-0.573
 1.576
-0.178
-1.154
-0.851
-2.721
-1.404
-1.964
 0.798
-0.898
-0.708
 0.122
-1.458
-0.667
-0.885
-1.012
-0.598
-1.541
-1.584
-0.439
 0.487
 0.575
-0.849
 0.149
-0.566
-0.732
-0.608
-0.046
 0.479
-0.328
-0.142
-0.743
 0.284
 1.121
-0.105
 1.175
-0.515
 0.401
 0.091
-0.011
-1.098
 0.003
-1.049
-0.564
-1.421
-0.303
 1.436
-0.092
 0.152
-0.648
-1.976
-0.299
-0.731
 1.232
-0.308
 0.154
 1.494
-0.576
-0.940
 0.370
 1.063
 0.449
 0.434
-0.393
-0.429
 1.063
-0.291
 0.888
 0.494
-0.051
 1.000
-0.350
-0.113
 0.269
-0.211
-1.437
-0.682
-0.723
-1.177
 0.426
 0.716
-1.008
-0.041
 0.275
-0.746
-1.330
-1.776
-2.477
-0.193
-0.919
 0.317
 0.672
-0.736
-0.795
-0.109
-0.725
-0.453
-0.220
-1.858
 0.042
-0.920
-1.262
-0.248
 0.615
-0.247
-0.203
 0.947
 0.292
 0.369
-0.451
 1.205
 0.835
 1.984
 1.063
-0.781
 0.826
-0.359
-0.985
-0.213
-2.373
-1.280
-1.177
-0.187
 0.867
 0.090
 0.568
-0.999
-0.173
-0.624
-0.245
-0.217
-0.363
-0.384
-0.746
 0.076
 0.789
-0.068
 0.648
 0.027
 0.476
-0.941
 0.186
 0.433
-0.485
 0.190
-0.098
-2.296
-0.454
 0.419
 0.265
 0.549
-0.343
-1.577
-1.664
-0.295
-0.721
 0.120
-0.578
-0.571
-0.764
-0.048
-0.809
-1.041
 0.370
-0.966
-1.499
 0.444
-0.307
 0.700
-0.205
-2.403
 0.194
 0.609
 0.903
 1.493
 0.991
-0.424
-1.489
-0.047
-2.161
 0.210
 1.377
 0.546
 0.719
-1.062
-1.465
-0.660
-0.280
 0.695
 0.319
 0.095
-0.649
 0.235
-0.554
 0.587
-0.019
 0.216
 0.349
-0.248
 0.568
 1.952
 1.093
 0.656
-0.308
 0.111
 0.183
 0.966
-0.092
 0.469
-0.704
-0.897
-0.290
 0.306
 1.132
 0.458
 0.760
-0.766
-0.255
-1.130
-1.833
-0.226
-1.123
-0.895
-2.168
-0.620
-1.497
-0.910
-0.946
-1.034
-0.189
-0.844
-0.305
 0.300
 0.086
 1.318
 2.308
 0.823
 0.303
-0.226
 0.877
 0.007
 1.185
 0.768
 0.735
 1.261
 0.026
-1.063
-1.267
 0.285
 0.212
-1.045
-1.722
-1.191
-1.628
-0.888
 0.287
-1.776
-1.277
-0.621
 0.342
-0.909
-0.057
 1.518
 0.598
-0.690
 0.752
 1.098
-0.298
-2.142
-0.775
-0.957
-1.678
-1.301
-0.849
-0.893
-1.214
-0.278
-0.585
-0.547
-1.614
-1.266
-1.513
-2.111
-0.591
-0.443
-0.374
-1.738
-0.533
-0.631
-2.262
-0.572
 0.233
 1.588
 0.847
 0.821
-0.256
-0.851
-1.728
-0.533
-1.653
-1.833
-1.535
-0.731
-1.110
-1.232
-0.816
-0.026
 1.121
 0.872
-0.458
-0.612
 0.296
-1.076
-0.064
 1.547
-0.255
 0.755
 1.316
 0.243
 0.285
 0.982
 0.267
 0.662
 0.299
 0.675
 1.071
-0.029
 1.249
-1.671
 0.793
-0.859
-0.544
 0.058
-1.286
 0.790
 0.302
-1.263
 0.132
 0.411
 1.607
-0.049
 1.561
 0.184
 0.837
-0.160
-0.366
-0.107
-0.231
-0.958
-0.140
 0.866
 0.090
 1.161
 0.975
 0.112
 0.036
-1.580
-0.162
-0.651
 0.231
 0.609
-1.673
-0.850
-0.508
-0.962
 0.362
 0.256
 0.541
 0.103
 1.702
 1.202
 0.634
 1.169
 1.204
 2.292
 1.002
 0.342
 0.917
 0.852
 1.457
 1.161
-0.165
-0.855
-0.168
 0.903
-0.006
 0.303
 1.088
-0.358
-0.164
 2.019
 1.052
 0.883
 0.831
 0.327
 0.864
 0.786
 1.352
 1.378
 1.086
 0.839
 1.330
 0.795
 0.866
 1.754
 0.033
-0.832
 0.001
-0.404
-0.003
 0.227
-0.298
-0.293
 1.607
 0.873
 0.823
 0.560
 0.642
 0.581
 0.876
 0.987
-0.114
 0.543
-1.019
-0.312
 0.583
-0.133
 0.043
 0.200
 1.254
 0.362
-0.210
-1.225
 1.321
 0.288
 2.268
-0.411
 0.416
-0.094
 0.909
 0.684
 0.300
-0.074
 0.841
 0.894
 0.923
 1.518
 0.825
-0.136
-0.552
 0.346
 0.508
 0.071
-0.428
-0.044
 0.117
 0.571
-0.457
-0.332
-1.376
-0.755
 0.990
 0.893
 0.907
-0.510
 0.052
 0.121
-0.656
 0.127
-0.959
-0.359
-0.049
 1.553
 0.068
-0.316
 1.072
-0.149
 0.139
 0.894
 0.193
 1.019
 0.925
 0.443
 1.285
 0.734
 1.517
-0.374
 1.503
-0.832
 0.458
 0.805
 1.700
 1.451
 0.365
-0.733
-0.142
 0.132
-0.148
 1.585
-0.683
 0.434
 1.220
 0.177
-0.186
 0.004
-0.604
-2.222
-1.883
 0.229
-1.077
-0.808
 0.576
 0.126
-0.500
-0.842
-0.910
-0.356
-1.253
-1.377
 0.135
 0.054
 0.196
-1.036
-1.566
-0.668
-1.474
-0.020
-1.222
-0.107
 1.661
 0.975
 1.652
-1.621
-0.904
 0.218
 1.712
-0.548
 0.496
 0.305
 1.202
-0.667
-1.846
-1.423
 0.447
 1.610
-1.025
 1.598
 0.042
 0.684
-0.502
 0.812
-0.544
-0.516
 0.671
 0.528
 0.070
 0.500
-0.381
-1.852
-0.817
-0.410
 0.708
 0.460
 1.045
 1.067
-1.084
 0.033
-0.256
 0.731
 1.463
 0.176
-0.010
 0.705
-0.737
-1.426
-0.720
-0.555
-0.147
-1.362
-1.219
-0.338
 0.684
 1.356
-0.520
-0.285
-0.822
 0.594
-1.064
-0.456
-1.156
-0.670
 1.635
 1.686
-0.458
-0.626
-0.872
-0.681
-0.356
-0.456
 0.955
 1.201
 2.041
-0.117
 0.537
 0.050
-0.154
 0.785
 0.475
-0.419
 0.080
 0.457
 0.777
-0.101
 1.068
 1.514
 1.134
 1.433
 0.845
 0.317
 0.302
 1.995
 0.222
-0.106
 0.557
 0.650
-0.175
 0.741
 1.466
-0.082
 0.073
 0.625
 1.349
-0.474
 0.203
 0.504
 0.296
 0.256
-0.496
-0.456
-0.249
-1.948
-0.448
 0.566
-0.994
-0.972
 0.391
 0.221
 0.196
 0.921
-0.962
-1.351
-1.098
-0.812
 0.098
-1.174
 1.142
-0.711
-0.706
 2.122
-0.543
 0.326
 0.744
 2.054
 0.547
 0.261
-0.635
-0.262
-1.736
-1.159
-0.833
 0.167
 0.148
 0.530
-0.657
-0.015
-1.897
-0.513
 0.687
-0.959
-0.622
-1.344
-0.285
-1.199
-1.494
-1.608
-1.392
-1.414
-0.682
-1.314
-1.187
-0.319
-0.964
-0.562
-0.307
-1.161
-0.411
-0.772
-0.918
-1.120
-0.355
-0.015
-1.046
-0.202
 0.186
 0.321
-1.450
-1.047
-1.174
-1.236
 0.010
 0.333
 0.330
-1.960
-0.792
-0.516
-0.325
-0.528
-1.144
 0.198
 0.075
-0.722
-0.744
 0.621
 0.297
-0.716
 0.399
-0.229
 0.405
-0.807
-0.502
 0.086
 0.157
 0.841
 0.242
 0.263
-1.129
-0.982
 0.058
-1.314
 0.250
-0.530
-2.038
-0.630
-0.658
-0.817
-0.707
-0.402
 0.988
 0.495
 1.391
 0.009
 0.491
 0.523
 0.618
-1.268
-0.290
 0.796
 0.841
 2.232
 0.842
-0.060
-1.439
-0.816
 0.024
 1.155
 0.568
 1.535
 2.164
 1.347
 0.874
 0.643
 0.720
-0.795
 0.004
 0.585
-1.189
 0.259
 0.136
 0.520
 0.532
 0.210
-0.139
 0.224
 0.471
 1.114
 1.648
 0.169
 1.004
 0.538
 0.219
-0.669
-0.975
 0.200
 0.431
 1.422
 0.970
 1.330
 0.608
-0.015
-0.310
 0.565
 0.419
-0.407
-0.876
-0.590
-0.169
 1.166
 0.806
 1.220
 2.142
 1.288
 0.133
 0.409
 0.390
-0.061
-0.278
 0.701
-0.566
-1.438
-0.411
-0.362
-1.086
 0.663
 0.660
 0.853
 0.569
-0.029
 0.741
-0.278
 0.848
 1.061
 0.380
 0.592
 1.772
 0.694
 1.885
-0.003
 2.075
 2.337
 2.653
 1.278
 0.933
 1.379
 0.294
 1.592
 0.669
 0.466
 1.716
 0.898
 0.519
 0.817
 0.292
 0.547
 0.162
-0.168
 0.371
-0.087
-1.818
 0.363
-0.070
 1.012
 0.953
 0.639
 1.629
 0.206
 1.394
 0.767
-0.151
-1.130
 0.991
 0.692
 0.394
 0.835
 0.967
 0.956
-0.963
-0.010
 0.094
 0.339
-0.186
 0.210
 0.362
-0.404
 0.515
-0.425
-0.588
-0.844
-0.746
 0.207
 0.908
 1.197
 0.665
 1.434
-0.223
 0.827
 1.281
 1.175
 1.878
 0.186
 0.663
 0.146
 0.131
 0.134
 0.140
 1.358
 1.094
 1.210
 1.394
-0.477
-1.269
-0.137
 0.688
 1.001
 0.587
-0.358
-1.228
-0.434
 0.057
-0.111
-1.347
 0.538
 1.077
-1.375
 1.046
 0.073
-0.656
 0.737
 0.060
 0.397
 0.018
-0.457
 1.284
 0.349
 0.537
-1.006
 0.681
-0.690
-0.963
 1.461
 1.128
 0.121
-0.346
-0.803
 0.391
 0.283
 0.435
 0.848
 2.183
 1.896
 1.659
 1.813
 1.029
 0.427
-0.374
 1.712
-0.231
 0.534
 1.188
-1.173
 0.954
 1.455
 0.383
-0.685
 1.045
-0.920
 0.360
 1.091
 0.058
 2.024
 0.791
-0.276
 1.420
 1.104
 2.248
 1.132
 0.643
 1.369
 0.300
 1.232
 2.142
 1.267
-0.583
 1.796
 2.724
 1.455
 2.401
 0.733
 1.399
 0.086
 1.499
 1.965
 1.607
 1.128
 0.316
 1.795
 1.473
 0.539
 0.511
 0.741
 0.377
 0.415
 0.810
 2.616
 0.747
 0.384
-0.008
 0.435
 1.031
-1.195
 1.148
 1.512
 1.079
 0.581
 1.161
 1.298
 1.522
 1.072
-0.526
 1.754
 2.594
 1.013
 1.024
 1.087
 0.660
-0.622
-0.366
 0.332
-0.263
 1.128
 2.257
 1.200
 0.770
 0.112
 0.631
-1.474
 0.054
 0.976
-0.103
 0.069
-0.337
-0.916
-0.936
 0.781
 0.444
-0.850
-0.568
-0.701
 0.412
 0.160
-0.762
-0.284
 1.210
 0.433
-0.590
 1.415
 1.560
 0.292
 1.069
 1.234
-0.425
 0.691
-0.356
 0.668
-0.877
 0.082
 1.216
 0.609
 0.578
 0.809
 0.643
 1.995
 1.520
 1.809
 0.283
-0.250
-0.451
 1.200
 0.889
-0.115
-0.424
-0.471
 1.308
 0.448
-1.299
-0.302
-0.439
 0.154
 1.697
 0.652
-0.528
-0.064
 0.297
 0.227
-0.038
 0.334
-0.378
-0.243
 1.335
 0.624
-0.189
-0.569
 0.785
 1.497
 1.633
 1.298
 0.480
 1.477
 1.371
 1.103
-1.006
-0.211
 0.704
-0.896
 0.858
 0.125
-0.077
 1.469
 0.944
 1.123
 0.539
 0.360
 1.333
 0.787
 0.288
 0.053
 1.055
-0.098
-0.224
-0.030
 0.433
 0.312
 0.724
-0.757
 0.027
-1.222
 0.105
-0.599
 0.151
 0.980
-1.908
-0.101
-0.781
-1.466
 0.435
-0.116
 1.398
 0.041
-1.022
 0.517
 1.287
-0.043
 1.433
 0.149
 0.203
-1.112
 0.734
-0.261
-0.192
-0.022
-1.364
 0.601
-2.394
-0.665
 0.619
 0.629
 1.944
 1.911
 1.330
-0.238
-0.650
-0.105
 1.381
 0.328
 0.253
-0.022
 0.121
-1.603
-0.263
 0.991
 1.298
 0.908
-0.110
-0.101
 0.442
-0.111
 0.964
-0.039
 0.874
-0.019
 0.995
 2.366
 2.059
 0.060
 0.963
 0.601
 0.439
 1.099
 2.224
 1.787
-0.663
 0.822
 1.484
 1.969
 0.850
-0.784
 0.443
 1.042
 0.770
-0.083
 1.384
-0.110
 0.367
-0.867
-0.871
-1.428
-1.058
-0.824
-0.540
-1.170
-0.344
 0.664
 0.643
 1.132
 0.817
-0.069
 2.712
-0.447
-0.729
-0.179
 0.236
 0.207
 1.912
 0.087
-0.410
 1.845
-0.434
 1.693
 0.602
-0.398
-0.089
-0.995
 0.448
 0.462
 0.430
-0.097
 0.623
-0.298
 0.499
 0.474
 1.222
-0.834
 0.756
-0.414
 0.215
-0.089
-0.526
 0.617
 0.645
-1.023
-0.653
 0.377
-0.241
-0.431
 0.735
 0.052
 0.639
-0.663
 1.001
 0.234
 2.354
 0.959
 0.628
 0.511
 1.735
-0.864
-0.385
-1.428
-1.185
 0.001
 1.074
 0.750
 2.225
 1.642
-0.194
 1.292
 2.844
 0.692
 1.283
 2.257
 1.676
 2.311
 0.818
-0.224
-0.627
-0.285
-0.697
-0.150
 0.337
 0.806
-0.173
 0.020
-0.101
-0.015
 0.372
-0.071
-0.294
 0.680
-1.240
-1.358
 1.169
 0.727
 0.714
 1.432
 0.658
-0.136
-0.612
 0.331
-0.541
-1.033
-0.414
 0.391
-1.197
-0.621
-0.768
-1.133
-0.101
 0.201
-0.197
-0.291
-0.154
-1.046
 0.511
-0.103
 0.818
 0.254
 0.968
-0.134
 0.144
 1.047
-0.462
 0.485
-0.007
 0.294
 1.105
 1.154
-0.055
 0.070
 0.145
-0.370
 0.488
 0.683
 0.084
 1.286
 1.015
 0.121
-0.698
 0.210
 0.240
-0.657
-0.213
-0.119
 1.394
 0.940
-1.096
-0.452
-1.068
-0.177
-1.005
-1.468
-0.637
-1.919
-0.661
-1.553
 1.716
 1.373
-0.001
-0.096
 0.443
-0.963
 0.581
 0.466
-0.449
-0.587
-1.282
 0.651
 0.534
 0.318
-0.475
 0.759
 0.854
-0.314
-2.714
 1.259
 1.174
-0.065
-0.529
 1.090
 1.039
 1.451
 1.617
 1.579
-0.783
-0.798
 0.585
-0.028
 1.984
 0.761
 1.099
 1.470
 1.704
 1.216
 0.660
 0.484
 1.212
 0.883
 0.635
 1.184
 0.312
-0.055
 0.477
-0.657
 0.736
 2.634
 1.396
 0.129
 1.199
 0.757
 0.762
 0.520
 0.224
 0.312
-1.149
-0.425
 0.557
-0.600
 1.142
 0.622
-0.097
 1.323
 0.593
 0.624
 1.544
 2.005
 1.170
 0.216
 0.092
-0.314
 0.335
-0.333
 0.937
 1.232
 0.787
 1.552
 0.175
 0.318
-0.002
 0.052
 0.452
 1.608
-0.147
-0.491
 0.160
 0.195
 1.945
-0.011
 1.017
 2.265
 2.189
 0.087
 1.283
 1.339
 1.201
 0.489
 0.949
-0.199
-1.113
-0.475
 0.449
-0.314
 0.668
-0.735
-0.844
 0.215
-0.481
-0.558
 0.116
-0.898
-0.095
 0.145
 0.174
 1.765
 0.839
 0.118
 0.657
-0.709
 0.584
 0.277
-0.540
-0.797
-0.958
 0.335
 0.689
 2.070
 1.126
 0.952
 0.614
 0.301
 0.358
 0.836
 0.885
-0.633
-0.140
 0.158
 0.790
 0.887
 0.454
 1.553
-0.209
 0.060
 1.930
 1.419
 0.607
 0.866
 0.831
 0.597
 1.046
 1.411
 0.893
-0.218
 0.175
 0.230
-0.755
-0.888
 0.071
 0.091
 0.619
-0.550
-0.688
-0.811
-1.037
-1.812
-1.388
-0.948
 0.381
 1.411
 0.050
 0.243
 0.761
 1.249
 0.959
 0.388
-0.119
-1.719
 0.273
 1.101
 1.931
-0.721
-1.562
-2.026
 0.679
 0.259
 0.928
-0.199
 0.714
 1.650
 0.939
 0.566
 1.241
 0.936
 1.422
 0.534
 1.206
 1.345
 0.880
 0.422
 1.871
-0.484
 1.306
 0.612
 1.606
 0.549
-0.711
-0.536
 0.397
 0.843
 1.506
 1.015
 0.645
 0.175
 0.306
-0.690
 0.021
 0.108
 0.105
 0.300
 1.473
 0.348
-0.817
 0.103
-0.467
 0.491
 1.071
 1.736
 0.690
-0.366
 1.098
 0.687
 0.402
 0.239
-1.649
 0.222
-0.117
 1.365
-0.737
 0.553
-0.597
 0.136
 0.932
 2.179
 1.891
-0.280
 1.652
 0.140
 2.090
 1.679
 0.852
 0.593
 1.593
 1.247
 1.035
 1.452
 2.391
 2.697
 1.979
 0.525
 1.558
-0.268
 2.092
-0.812
 0.164
-0.353
 2.163
 1.977
 0.885
-0.210
 0.604
 0.029
-0.563
-0.218
 0.555
 1.276
 1.184
-0.448
-0.635
 0.150
-1.874
-0.425
 1.638
 0.365
 1.898
-0.278
-0.730
-0.046
-0.144
-0.958
-0.282
 1.492
 2.588
 2.286
 0.765
 1.228
 0.771
 0.352
-0.467
-1.257
-0.323
-0.247
 0.091
-0.284
 1.019
 1.249
 0.172
 1.256
 0.650
 0.406
 1.230
-0.095
 0.327
-1.006
 0.971
 0.395
 0.834
 0.358
 1.440
 0.850
 0.621
 0.848
 0.626
 0.721
 0.484
 0.467
 1.406
 1.126
 1.121
-1.448
 0.017
 1.276
-0.101
-0.380
 1.056
 0.199
 0.296
 0.070
 1.515
 0.214
-2.156
-1.216
 0.072
-1.172
-1.346
-0.640
 0.892
 0.768
 2.531
 0.962
 0.234
 0.043
 1.286
 3.117
 0.687
 1.194
 0.955
 1.054
 0.130
 0.748
 0.571
 0.930
-0.606
-0.201
-0.985
 1.131
 1.934
 0.318
-0.403
-1.339
-1.976
-1.181
-0.901
-1.365
-0.777
 0.163
 0.300
 0.234
 0.919
-0.593
 0.010
 0.464
 0.500
-0.496
-1.167
-0.295
-0.602
-0.950
-0.347
 1.673
 0.995
-0.155
 0.152
 1.879
 1.226
 1.809
-0.047
-0.365
-1.172
-1.362
-0.077
 0.345
 1.160
 1.301
 3.029
 1.481
 0.602
 0.460
 0.183
-0.684
 1.161
 0.636
 1.109
-0.672
-2.153
-0.046
 1.128
 1.232
-0.502
 1.009
 1.539
 1.458
 0.167
-1.318
-0.573
-1.350
-1.385
 0.109
 0.237
 0.571
 0.606
 0.461
 0.064
-0.648
 0.632
-0.810
-1.042
-1.500
 0.375
 0.930
-0.281
-0.010
 0.873
-0.823
-0.312
 0.555
 0.655
 0.588
-0.106
 0.416
-2.022
 0.672
-0.134
-0.159
 0.500
 0.855
 0.110
-0.483
-0.238
-1.921
-0.428
-0.576
-1.855
-1.599
-1.328
-0.084
-0.333
 1.402
 0.519
 2.016
 1.002
-1.154
 0.137
-0.471
 1.754
 1.521
 0.287
-0.190
-0.585
 1.986
 1.419
 1.133
 0.158
-0.631
-0.615
-0.048
-0.998
-0.189
-0.026
 0.218
-0.994
-1.271
-0.178
 0.591
-0.504
-0.526
-0.174
-0.379
-0.126
-0.002
-0.128
 1.168
-0.161
-0.597
-0.546
 0.005
-0.272
-0.307
-0.066
 2.332
-0.265
-0.205
-0.651
-0.194
-0.355
-1.424
-0.413
-1.154
 0.673
 0.100
-0.104
 0.591
 1.799
 0.615
 1.461
-0.089
 0.645
 1.223
 1.089
 0.256
-0.685
 0.093
-2.247
-0.173
 0.057
 0.853
 0.966
-0.161
 0.660
 0.273
-0.650
-0.295
-0.988
 0.653
-0.488
-0.450
-0.249
 0.256
 0.593
-0.187
-0.345
-0.983
 1.262
 0.407
-0.390
-0.336
-0.159
-1.190
-0.650
-1.672
-1.910
-1.497
-0.728
 0.118
 0.308
 0.404
 0.420
 0.673
-0.874
-1.184
-0.687
-2.128
-2.136
 0.381
 0.707
 0.144
-0.103
-0.682
-1.355
-0.438
 0.002
-0.044
-0.134
 1.020
 0.367
 0.524
 1.316
 0.522
 0.900
 2.538
 2.283
-0.861
 1.305
 1.198
 0.973
 0.547
 0.372
 2.367
 0.198
-1.667
-1.182
-1.067
-0.927
-1.793
-0.912
-0.873
-0.192
-0.245
-1.129
 0.277
 0.974
 0.583
-0.747
 1.853
 0.498
 0.885
 0.513
-0.173
-1.348
 2.131
 0.752
 1.630
-0.332
-0.363
 0.279
 0.799
 0.836
 0.115
-0.673
 0.108
 0.315
-1.075
-0.781
 0.422
 0.234
 0.739
 0.561
 0.630
 0.622
-0.289
 0.145
-0.106
-0.426
-0.309
-2.408
-1.369
-0.454
-0.159
-0.977
-0.921
 0.402
-0.070
 1.382
 0.322
-0.063
 0.033
 0.776
-0.473
-0.349
-1.109
-2.107
-0.581
-1.032
-0.337
-0.772
-0.872
-0.146
 0.663
-1.053
 0.539
 0.360
-0.856
-1.336
 0.247
-0.087
-0.261
-1.417
-2.715
-2.278
-3.662
-2.619
-0.005
 0.168
-1.069
-0.669
-1.223
 0.435
 0.991
 0.408
-0.268
-0.219
-1.388
-1.133
-0.573
-1.595
-0.685
-0.494
-0.534
-1.840
-0.096
-0.658
-0.347
 0.215
 0.005
 0.221
-0.909
 0.014
-1.575
-1.427
-1.007
 1.568
 0.346
-0.860
-1.274
-0.055
 0.771
-0.143
 1.662
 0.752
 1.198
 0.950
 0.268
 0.214
 0.574
-0.127
 0.402
 1.083
 1.383
 1.742
 1.539
 1.854
 1.557
 3.222
 2.088
 0.185
 0.095
 0.193
-0.553
 0.863
 0.358
 1.761
 1.671
-0.113
 0.222
 0.724
 1.491
 1.003
 0.226
-0.531
 0.020
-0.358
-1.186
-0.188
-0.317
 0.242
 2.864
-0.436
-0.034
 0.810
-0.167
-0.301
-1.354
-1.081
-1.731
-0.878
 0.528
-0.051
-0.783
-1.323
 0.475
-0.204
-0.773
 0.683
-0.459
-1.659
 0.008
-0.011
-1.524
 0.630
-0.587
-0.385
 0.073
 0.421
-0.221
 0.715
-0.140
 0.579
-1.827
-0.540
-0.176
-0.369
 0.249
 0.148
-1.171
-1.104
 1.468
-0.806
-0.234
 0.844
 1.127
 0.165
-0.031
 0.457
 1.682
 1.033
-0.605
 0.852
 2.022
 2.436
 0.422
 0.501
 0.538
 1.963
 1.971
 0.807
 0.223
 2.400
 1.560
 1.641
 1.829
 0.671
 0.409
 1.480
 1.617
 1.367
 1.269
 1.103
-0.084
 0.592
 0.505
-0.226
 0.144
 1.870
 0.613
 0.718
-0.051
-0.281
-0.716
-0.123
 0.304
-1.512
 0.270
-0.005
 0.177
 0.607
 1.349
-0.574
 0.967
 0.368
 0.477
-0.301
 0.402
 1.162
 0.296
 1.690
 0.194
-1.344
-1.211
 0.055
 1.858
 2.151
 0.817
 1.267
-0.182
 0.955
-0.718
 0.362
-0.829
-1.010
-1.860
-1.126
 1.034
 0.196
-0.050
 0.744
-0.137
 0.468
-0.333
 0.325
 1.228
-0.197
 0.597
-0.579
-0.275
 1.245
 0.650
 1.763
-0.239
 0.701
 2.360
 0.883
 1.212
 0.353
 0.872
 0.543
 0.213
 2.160
 2.346
 1.615
 1.246
 0.652
 1.198
-0.239
-0.369
 0.145
-0.447
 0.377
 0.685
 1.070
-0.449
 0.013
 1.594
 0.211
 2.351
 1.905
 1.076
 1.242
 1.147
 2.231
-1.037
 1.024
 1.357
-0.182
 0.537
-0.416
-1.123
 0.267
-0.491
 0.679
 0.513
-0.961
-0.100
 0.457
 1.560
 0.231
-1.046
-0.150
-0.280
-0.849
-0.864
-1.353
-1.140
-1.586
 0.108
 0.752
 0.083
 0.434
 0.947
 0.821
 0.273
-0.362
-0.164
 0.185
 0.379
 0.657
 0.652
-0.294
-0.278
-0.452
-1.596
 0.178
 0.158
 0.175
 1.274
 1.097
-0.351
-1.854
-0.122
-0.217
-0.207
-0.351
-0.080
 1.162
 0.235
 0.632
 1.340
-0.064
-0.444
-0.438
-0.056
-0.680
-0.405
-0.928
-0.465
-2.190
-2.120
-0.984
 0.658
-0.350
-0.020
-1.043
-0.202
-0.920
-0.612
 0.795
 0.369
 0.784
-0.064
 1.413
 0.406
 0.069
 0.016
-0.693
-0.702
-0.022
 0.218
 2.562
 2.660
 0.689
 2.704
 0.526
 0.331
 0.808
 0.024
 0.700
 1.109
 0.074
-0.576
-1.118
 0.039
-0.682
 1.609
 0.732
-0.452
-0.069
-0.784
-0.376
-0.535
-0.997
 1.128
-0.778
 0.273
 0.150
-0.012
-0.236
-0.086
-1.884
-1.565
-1.486
-0.288
-0.798
-0.539
-0.067
-1.387
-1.093
 0.403
-0.554
 0.094
 0.833
-0.499
-0.625
-0.566
-1.370
-0.364
-0.629
-0.428
-0.367
-0.179
 1.239
 0.039
-1.723
-1.428
 0.172
-0.438
 0.754
-1.016
 2.395
 1.712
 0.183
-0.357
-0.186
 0.009
 0.043
 0.248
-0.475
-1.494
 0.563
-0.472
 0.727
 0.694
 0.565
 0.866
 1.065
 1.206
 1.852
 0.755
-1.029
 0.440
 1.109
 0.110
 0.468
 0.269
-2.094
-2.133
-0.862
-1.227
 0.269
-0.732
 0.706
-0.426
 0.211
-0.533
 0.889
 0.555
-1.197
-0.599
-0.284
-0.273
-0.945
-1.097
-0.090
-2.390
 0.017
-0.487
-0.292
-1.343
 0.462
 0.575
-1.059
-0.619
-1.559
-0.467
-0.773
-0.618
-0.650
-1.431
-1.278
-1.626
-0.973
-0.541
 0.129
 0.708
 0.760
-1.253
 1.666
-0.779
-1.300
 0.268
 0.038
-0.362
-1.038
 0.321
-2.263
-2.441
 0.076
-0.048
-0.383
-0.119
 0.660
-0.433
-0.603
 1.057
 0.413
-1.217
-1.797
-0.099
 0.130
-0.538
 0.220
 0.966
-1.028
-0.475
 0.423
 0.127
-1.358
-0.871
-2.449
-0.722
 0.522
 0.424
 1.379
-0.359
-0.920
 1.923
 0.055
-0.336
 0.302
 0.721
 1.606
 1.545
 1.006
-0.681
 2.028
 1.315
 1.069
 1.487
 1.284
 1.441
 1.056
 1.902
 2.367
 1.972
 1.322
 2.036
 1.172
 1.568
 0.172
 0.625
-0.381
 1.450
 0.931
 1.610
 1.577
 1.288
 1.497
-0.449
-0.108
-1.597
 0.894
 0.063
-0.385
 0.230
-0.033
-0.589
-0.112
-0.770
-1.140
 0.218
 1.313
 2.077
 0.901
 0.680
 1.055
-0.747
 0.936
 0.240
-0.730
-1.109
 1.002
-0.404
-0.725
 1.249
-0.486
 0.116
 1.257
 0.660
 0.343
-0.128
 0.772
 0.847
 1.135
-0.401
-0.400
 0.583
-1.245
 0.702
-0.884
-0.870
-0.296
-0.417
 0.377
-0.271
-0.047
-0.231
 1.049
 0.143
-0.548
 0.884
 1.360
 0.753
-0.258
-0.885
 0.953
 0.227
-0.123
-0.635
-0.039
-0.264
-1.188
-0.979
-0.457
 0.803
 0.897
-0.258
 0.309
 1.342
-0.453
 0.479
 0.243
 0.478
-1.489
-1.251
-0.826
-0.886
 0.762
-1.587
-0.102
 0.023
 0.355
 0.146
-0.631
-0.186
 0.158
 0.113
-2.404
-1.928
 0.878
 0.683
 1.124
 0.358
 0.049
-0.390
 1.128
 1.078
 0.566
 0.060
 1.606
 0.483
-0.395
-0.095
 1.218
 0.427
 0.811
-1.061
 1.591
-1.678
 0.217
-1.454
 0.214
-0.153
 0.270
 0.517
 1.993
 0.020
 0.090
 1.117
-0.566
 0.297
 0.613
-0.047
-0.593
 0.879
 0.141
 0.230
-0.237
-0.189
 0.092
 0.521
-0.520
 0.187
-0.140
-0.154
 0.719
 0.524
-0.287
-0.019
-0.707
-1.463
-1.512
-1.773
-1.714
-0.860
-0.155
-0.183
-1.336
-1.480
 0.915
 1.440
-0.899
 0.079
-0.693
-0.517
-0.104
 0.634
 0.484
 0.822
-0.981
-1.619
-0.745
-0.923
-2.512
-1.691
-0.378
-1.171
-0.307
-0.198
-0.310
-0.636
-1.237
-0.741
 0.437
 0.153
-0.691
-0.761
-0.939
-1.718
-1.494
-1.541
-0.297
 0.076
-0.763
-1.529
-1.748
-0.117
-0.805
-0.607
-1.451
-0.164
-0.869
-1.038
-2.045
-0.347
-0.968
-0.415
-1.535
-0.285
-0.482
-0.199
 0.143
 0.251
 1.012
 1.360
-0.133
-0.179
-0.061
-0.968
-0.461
 0.020
-1.139
 0.874
-0.135
 0.469
 0.926
 0.331
-0.286
 0.029
-1.481
-1.062
-0.487
-0.003
-0.100
 0.010
 0.903
-0.272
-0.940
 0.101
-0.440
-0.945
-0.458
-0.242
 0.961
-1.033
 0.893
 0.458
 1.326
 0.409
-0.458
-0.807
-0.048
 0.424
 1.020
 1.122
 1.389
 0.338
 0.560
 0.774
 1.559
-0.337
 0.172
 0.291
 0.112
 1.754
 1.035
-0.139
 0.912
 1.585
 0.932
 1.741
 1.212
-0.843
 0.173
-0.733
 1.108
 0.837
 0.196
-0.255
-0.724
-0.414
-0.501
-0.456
-0.658
 1.043
-0.769
 0.979
-0.350
 0.201
-1.117
 0.484
 0.725
 1.133
 0.002
 0.595
 0.451
-0.339
-0.109
 1.159
 0.847
 0.632
-1.042
 0.155
 0.166
 0.466
 0.541
-0.224
 1.103
 0.002
 0.546
 1.622
 0.913
-0.918
 0.446
 0.464
 0.079
 1.161
 0.316
 0.088
 0.869
 1.670
 2.126
-0.027
-0.089
 1.206
-0.710
-0.342
-0.216
-0.305
 0.457
-0.885
-0.955
-0.284
 0.185
-0.334
-0.109
-0.767
 0.929
 0.257
 0.036
 1.229
 0.587
-0.510
 0.297
 0.455
 0.842
 0.025
 1.647
-0.038
 0.955
-1.215
-0.922
-2.553
-2.552
-1.291
-1.290
-0.849
-1.595
-1.608
-1.237
 0.386
-0.206
-1.144
-0.221
-0.251
 0.401
-0.126
 0.445
 0.125
 0.369
-1.070
 0.330
 1.112
 0.255
 0.040
-0.926
-1.113
 0.303
 0.351
-0.193
 0.108
-0.190
-0.300
-0.106
 0.127
 0.031
-0.423
-0.398
-0.080
 0.257
 1.111
 1.199
-1.033
-0.193
-0.324
-0.890
-0.751
-0.518
-1.386
-0.345
-0.039
 1.521
 0.841
 0.047
 1.756
 0.558
 1.474
 0.733
 1.400
 2.288
 2.097
 0.447
 0.705
-0.142
-0.177
 0.340
-0.036
 1.852
 1.178
-0.257
 0.628
-0.255
 0.282
 1.720
-0.103
 1.523
-0.210
 0.111
-0.264
-0.076
 1.465
 0.416
 0.380
 0.826
-0.039
 1.299
 0.627
 0.560
 1.833
 0.976
 1.458
 0.283
-0.231
 0.535
-0.580
-0.525
-0.436
-0.452
 0.322
-0.339
-1.630
-1.253
 0.497
 1.610
-0.208
 0.757
 0.037
-0.317
 0.032
 0.193
 0.070
 0.085
-0.664
-0.617
 0.135
 1.472
 0.608
-0.520
 0.303
 0.372
 0.110
 0.311
-0.447
 0.575
 0.819
 0.239
-0.655
-0.452
-0.855
 0.286
 0.073
-0.654
 0.746
 1.295
 1.485
 1.009
 0.546
 0.865
 0.203
-0.505
-0.778
 0.402
-1.684
-0.928
-0.786
-0.858
-0.036
-0.619
 0.143
 0.220
-0.894
-1.117
-0.355
-1.704
-0.855
-0.125
-1.651
-0.740
 0.030
-1.755
-1.429
-2.125
-1.608
-3.876
-2.359
-2.302
-1.861
-0.849
-0.862
-1.618
-1.046
-0.695
-0.650
-0.531
 0.488
-0.691
-1.608
-0.925
-0.857
-1.085
-0.106
 0.695
-0.181
-0.526
-1.312
-0.813
-0.749
-0.086
-0.410
 0.293
 0.637
 0.468
-1.685
 0.766
 0.600
 1.514
-0.133
-0.275
 0.726
 0.963
 1.327
-0.275
 0.520
 0.451
-1.830
-1.551
-1.092
-0.670
-0.874
-0.865
-1.023
 0.520
-0.289
-1.319
-0.556
-2.239
-0.164
 0.212
-1.906
 0.093
 1.027
 0.490
-0.373
-1.313
-1.272
 0.449
 0.079
 0.999
-0.049
 1.559
 0.514
 0.369
-0.802
 0.046
 0.151
 0.605
-2.071
-0.793
-1.951
 0.883
 0.026
-0.182
-1.396
-1.011
 0.814
-0.105
 0.830
-0.458
-0.688
-0.089
-1.015
-0.564
-1.245
-1.874
-0.823
-0.662
-0.822
-0.807
-0.836
-0.809
-0.617
-0.419
-0.516
-0.027
 0.315
 1.088
 1.408
 0.717
 0.908
 0.642
 0.289
 0.479
 0.453
-1.035
-0.116
-0.710
-0.498
-1.423
-1.399
-0.535
-0.371
-0.377
-0.987
-0.355
-0.842
-1.343
-0.285
 0.053
-0.489
 0.444
-0.177
-1.123
 0.147
-0.261
 0.714
 0.265
 0.758
 0.381
 0.251
 1.534
 0.500
-1.593
 1.342
 0.053
-1.170
-0.122
-1.659
-1.259
-0.680
 0.453
 0.028
-0.635
-0.637
-0.032
-0.405
-0.063
-0.287
 0.251
 0.933
-0.149
-0.691
 0.806
 1.024
-0.734
-0.428
-0.343
-0.217
 0.555
 0.469
-1.035
-0.473
 0.497
-0.521
-0.988
-0.191
 0.280
-1.608
-0.714
 0.191
 0.543
 0.838
 0.510
 0.146
 2.024
 1.650
 0.800
-0.385
-0.715
 0.455
-0.397
-1.162
 0.229
-0.331
 1.712
 0.913
-0.086
-0.094
-0.768
-0.172
-0.388
-0.174
-1.687
-0.694
 1.021
-1.410
 0.043
-0.129
-0.687
 1.083
 1.050
 0.867
 0.480
-0.522
 1.177
 0.858
-0.220
-1.611
 0.160
-0.139
-0.614
-1.032
-0.683
-0.691
-1.751
-0.403
-0.962
-0.685
 0.085
 1.088
-0.264
-0.751
-0.150
-2.031
-0.476
-1.285
-1.343
-0.061
-1.207
 0.556
-1.199
-0.199
-0.155
 1.303
 1.423
 2.149
-0.137
 0.387
-1.497
 0.113
-0.311
-1.988
-2.784
-2.599
-0.434
 0.042
-1.035
 0.007
-0.565
-0.544
-0.768
 0.239
 0.501
-1.617
 0.624
-0.191
 0.156
 0.237
 0.670
 0.636
-0.068
 0.016
 0.502
 0.775
 0.481
 0.273
-0.263
 0.087
 0.340
 1.264
 0.601
 0.794
 1.364
 0.552
 1.869
 2.085
 0.517
 0.028
 1.362
-1.241
 0.301
 1.299
 1.282
 0.810
 0.618
-1.027
-0.318
 0.480
 0.622
-0.963
 0.095
-1.439
 0.705
 0.658
 1.282
 0.462
-0.175
 0.904
-0.314
 0.531
-1.492
-0.373
-0.492
-0.666
-0.457
-1.064
-0.479
 0.614
 0.150
 0.844
-0.580
 0.518
 0.162
 0.479
 0.788
 0.592
 0.476
-1.460
-1.605
-1.223
-1.224
-2.559
-0.098
 0.574
-0.657
 0.214
-0.553
 1.308
 0.342
 1.302
 0.820
 0.729
 0.029
 0.835
-0.035
 0.718
 1.632
 1.183
 0.903
 1.738
-1.071
-0.280
-1.204
-1.063
-1.113
-0.137
-0.654
 1.428
 1.718
 1.243
 1.862
 0.078
 0.079
 0.595
 1.333
 0.392
-0.063
 2.072
 1.627
 0.736
 0.846
 0.599
 2.330
 1.108
 0.749
 0.625
 0.741
-0.147
 0.125
 0.595
 1.585
 1.570
 0.761
 0.403
 1.366
 1.169
 0.399
 2.080
 2.371
 0.342
 0.475
 0.147
 1.928
 1.298
-0.178
-0.333
 1.363
 1.077
 1.195
 1.617
 0.570
-0.297
-0.128
 1.530
-0.718
-0.314
-0.741
-0.170
 0.067
 0.221
 0.834
 0.434
-1.886
 0.455
 0.817
-0.142
-0.350
-0.069
-1.601
-1.448
-0.905
 0.186
 0.587
 1.962
 1.886
 1.038
 1.822
 0.383
 1.026
-0.435
 0.399
 0.897
 2.304
 0.553
 0.641
 0.203
 0.799
 1.094
 1.833
 2.901
-0.130
-0.363
-0.035
-0.244
-0.251
-0.349
 0.013
 0.178
 0.712
 0.183
 0.579
-0.946
-0.642
 0.303
 0.211
 0.503
 0.473
 0.534
-0.244
 0.471
-0.741
-0.325
 0.985
 1.125
 0.457
-0.101
 1.364
 0.543
 1.223
 1.204
-1.894
-0.267
 0.494
 0.668
-0.456
 0.503
-0.323
 0.694
 1.223
-0.848
-1.732
-1.363
-2.411
-0.175
-0.215
-1.420
-0.613
-1.268
-0.726
 0.657
-0.330
-0.337
 0.811
-0.145
 1.056
 0.167
 1.096
-0.092
 1.479
 0.446
-0.288
-0.439
 0.462
-1.756
-0.775
-2.251
-1.781
-0.194
 1.053
-0.833
-0.389
-2.735
-1.774
-1.054
-0.070
-0.921
-0.007
 0.031
-0.106
-0.226
 0.266
-1.566
-1.186
-0.693
-0.446
 0.468
-0.514
 0.437
 0.433
 1.712
-0.287
-0.476
-1.705
-1.906
 0.528
 0.851
-1.047
-0.078
-0.946
 0.327
 0.181
 0.485
 1.259
 0.746
 0.640
 2.146
 1.603
 0.471
-0.830
 0.998
-0.115
-1.219
 0.895
 3.462
 1.256
 0.501
 2.024
 2.210
 0.420
 1.434
 0.518
 0.280
-1.508
-0.080
 0.431
 0.472
 0.417
-0.348
 0.682
 1.645
 3.921
 0.997
-0.336
 1.315
 1.687
 0.327
 0.678
 1.334
 1.413
 0.536
 1.437
 0.592
 0.455
 0.514
 0.969
 1.923
 0.026
 0.425
 0.997
 0.083
 1.178
 1.204
 1.576
 0.629
 2.086
 0.105
 0.544
 2.605
 0.750
 1.620
 1.951
 0.211
 0.924
 0.279
-1.345
 0.596
 1.136
-0.289
-0.624
 1.134
 0.285
-0.963
-1.730
-1.917
 0.005
 0.215
-1.169
-0.650
-1.501
-0.029
-1.780
 0.312
 0.076
-1.183
-1.519
-1.820
 0.257
-0.253
 1.180
 0.544
 0.184
 1.625
-0.285
-1.082
-0.519
-1.559
-1.779
-0.981
-0.120
 0.645
 0.695
-0.456
-0.568
-0.087
 1.329
 1.200
 0.138
 0.360
 1.495
 0.424
 1.666
-0.409
-0.458
 0.802
-0.019
-0.838
 1.932
 1.062
 2.674
 0.838
 0.601
 0.984
 1.074
 1.395
 0.453
 1.321
 1.044
 0.284
-1.076
-2.405
-0.446
-0.087
-1.871
-1.223
-1.651
 0.190
-2.643
-0.308
 0.043
 0.021
 0.498
-0.698
 1.183
 1.963
 0.764
 0.300
-0.168
 0.100
-0.784
-0.023
 0.765
-0.282
-0.243
-0.155
 0.801
-0.224
-0.808
-1.621
-0.980
 1.098
 0.079
-0.484
 0.000
-0.409
-0.435
-1.442
 0.600
 1.414
-0.491
 0.732
 0.911
 0.088
 0.714
 2.207
 0.347
 0.468
-1.518
-0.462
 0.426
 0.146
 0.402
-1.223
-1.181
 0.194
-1.014
-2.442
 0.813
-0.366
-0.495
 0.426
-0.735
-0.105
 2.569
 1.826
 1.454
-0.088
-1.033
-0.002
 0.423
 0.659
-0.030
 1.648
 0.731
 1.032
 1.687
-1.110
 0.037
-1.283
-0.472
-0.455
-1.878
-0.180
 0.108
 1.849
 0.280
-0.590
-1.389
 0.852
-1.393
 1.495
 1.143
-0.482
 0.839
 1.223
 0.882
 1.872
 1.881
 0.970
 1.553
 1.534
 1.188
-1.299
-0.028
 0.517
-0.236
 1.313
 1.790
 2.370
 1.408
 1.114
 1.661
 1.554
 0.167
 0.760
 0.504
 0.412
 0.318
 0.920
-0.118
 1.376
 1.249
 0.626
 1.477
 1.034
-0.626
 0.478
 0.370
 0.438
 1.460
-0.957
-0.384
 0.707
 1.363
 0.270
-0.819
 0.082
 0.239
 0.755
-0.652
-1.312
-0.214
 0.796
-0.605
-0.216
-0.306
-1.745
 1.034
-0.187
 0.293
-0.460
-0.413
-0.297
 0.787
-1.917
-0.794
-0.544
 0.826
 0.760
 0.353
-0.690
-0.358
-0.001
 0.506
 0.907
 0.459
 1.115
 2.053
 1.058
 1.105
 2.056
 1.791
 0.950
-0.161
 0.962
 0.128
 0.029
 0.555
 0.867
 0.775
 0.065
 0.970
 0.802
 0.867
 1.035
 1.929
 1.443
 0.083
-2.079
 0.024
 1.236
 2.744
 0.328
 0.121
-0.950
 0.082
 1.505
 0.742
 2.384
 2.964
 3.214
 0.598
 2.194
 0.551
 0.842
 1.491
-0.421
 0.119
-0.159
 1.389
 1.365
 2.192
 1.628
 0.166
 0.144
 1.608
 2.164
 2.498
 3.009
 1.220
 0.655
 0.997
 1.794
-0.021
 0.510
 1.345
 0.071
-0.682
 0.759
 0.795
-0.364
-1.368
 1.220
 0.634
-0.567
-0.838
-1.185
-1.505
-0.740
 0.784
-1.034
-0.232
-0.635
 0.566
-0.681
-0.633
-0.054
-1.347
 0.058
 0.383
-0.084
 0.853
-0.345
-0.318
 1.010
 0.776
 0.985
-0.954
 0.670
 0.952
-0.207
 2.299
 0.367
-0.248
-0.240
 0.930
-0.438
-0.828
 0.056
-0.325
 1.041
 0.600
 0.193
-0.380
 0.631
 0.842
-0.340
 1.057
 0.387
 0.306
 0.508
-0.307
-0.047
-0.073
-0.028
-1.467
-2.142
-0.424
-0.279
 0.005
-1.147
-1.494
-1.449
-0.422
 0.008
-0.022
 0.517
-0.001
-0.570
-0.938
 0.094
-0.173
-1.760
 0.149
-1.570
-1.007
-0.947
-2.056
-1.167
-2.793
-1.706
-1.680
-0.629
-1.688
-0.418
-0.958
-1.262
-0.853
-0.726
-1.943
-1.078
-1.230
-0.391
 0.350
 0.239
 0.846
 0.072
-0.363
-0.647
 1.559
 1.865
 0.121
 1.072
-0.850
-0.106
-0.156
 0.772
 0.396
 0.480
-0.749
-0.119
 0.804
-0.115
-0.546
-0.003
 0.078
-1.185
-0.755
-0.306
-0.258
 0.336
-0.975
-0.915
-0.832
-1.796
-0.515
 0.678
 0.493
 1.100
 0.045
 0.435
 0.523
 1.477
-0.091
-1.099
 0.792
 1.837
 0.615
 1.171
 1.489
 1.802
 0.460
 0.243
-1.441
 0.272
-0.980
-0.181
-1.557
 0.071
-0.338
 0.550
 0.691
-1.536
-0.463
 0.202
-0.266
-0.117
-0.324
-1.206
-0.242
-0.285
-0.015
-0.584
 1.257
 0.093
-0.259
-0.203
 1.456
 2.056
 0.479
 0.513
 0.526
 0.993
 2.017
 0.612
-0.267
 0.648
-0.513
-0.092
 1.257
 0.449
 1.408
-0.278
-0.006
 0.144
-0.708
-0.700
-2.032
-0.939
-0.722
-0.397
-1.593
-0.912
-1.253
 0.981
 0.122
 2.094
-0.503
-2.072
-1.502
 0.024
 0.196
-0.583
 0.362
 1.420
 0.481
-0.188
 0.566
-0.783
-0.080
-1.002
-1.446
-1.351
-0.504
-1.581
 0.012
-0.107
-0.448
 0.005
 1.313
-1.389
-1.145
-0.933
-1.512
 0.077
-0.404
 0.315
-0.385
 0.841
-0.553
 1.337
 0.847
 1.311
 0.446
 1.249
 1.268
 1.350
 1.389
 1.434
 1.180
 0.513
 0.893
 0.734
 0.311
 0.635
-0.120
 0.798
-0.447
 0.442
-0.529
 0.947
 1.488
 0.707
 1.102
 0.616
 0.100
-0.841
-0.589
 0.197
-0.207
 0.101
-1.970
-1.758
-2.154
 0.265
-1.285
-0.283
-0.674
-0.927
-1.312
-0.817
 0.934
 0.694
 1.294
-0.388
 0.558
 0.199
-0.089
 0.124
 1.714
 1.112
 0.051
 1.699
 0.274
 0.173
 0.101
-1.012
 0.572
-1.821
-1.319
 0.132
 0.039
 2.298
 1.466
 0.753
-0.066
-0.685
-0.806
-0.954
-1.450
-0.584
 0.150
 0.228
-1.198
-0.860
-0.607
 0.807
-0.267
 0.328
 1.347
-0.920
-1.144
-0.842
-1.720
-1.816
-1.340
-0.375
-1.354
-0.388
-1.218
-1.458
-0.622
-1.152
-0.740
 0.778
-0.189
 0.621
 1.274
 0.413
-0.786
 0.004
 0.126
-0.442
-0.348
-1.135
-0.423
 0.428
 0.404
 0.464
 0.442
 0.916
 1.526
 0.019
-0.466
 1.170
 1.501
 1.866
 1.128
 0.533
-0.639
-0.451
-0.679
-0.071
-0.680
-0.802
-0.672
-1.178
 0.632
-1.357
 0.129
-0.927
 0.811
 0.894
 1.172
 1.406
-0.678
 0.828
-1.850
 0.112
 1.406
 0.180
-0.134
 0.187
 0.067
-1.327
 0.264
-0.214
 0.359
 0.016
 0.152
 0.801
 0.008
-0.418
-0.383
 0.683
 0.281
 2.473
 0.436
-1.409
 0.187
-0.362
 0.295
 0.922
 1.743
 1.478
-0.417
-0.306
-0.296
 1.937
 0.120
-0.552
-0.839
 0.479
 0.564
-1.487
-1.108
-0.146
-0.962
-0.750
-0.100
-0.161
-0.589
 0.035
 0.172
 0.026
-0.402
-0.783
-0.692
-1.038
-0.491
-0.507
-0.378
-0.205
 0.205
-1.029
-0.366
 0.136
-1.230
 0.219
 0.447
-0.051
 0.814
 0.705
-0.176
 2.428
 0.350
 1.794
 1.814
 0.449
 2.147
 1.259
-1.416
-0.226
-0.762
-0.666
 1.281
 0.506
 0.146
 0.809
-0.516
-0.379
-0.534
 0.074
 1.587
 2.082
 0.773
 0.372
-0.503
-0.199
-1.003
 1.491
 1.239
 0.499
-0.955
-0.432
-0.464
 0.877
 0.785
-0.115
 0.520
-0.423
 0.337
-0.777
-1.033
 0.778
-0.749
-1.363
-1.201
-2.427
-0.733
 0.317
 0.373
 0.632
-1.277
-1.443
-0.667
 0.148
-0.085
 0.309
 0.816
 0.283
 0.945
 0.661
-0.844
-0.165
-0.796
-0.293
 0.884
 0.847
-0.691
-0.382
-1.028
-1.972
-1.885
-0.907
-0.590
-1.797
-1.062
-0.489
-0.844
 0.250
-0.382
-0.405
 0.540
-1.620
 0.052
 1.219
-0.937
-1.315
-0.511
-1.199
 0.075
 0.971
 1.110
 0.067
 0.569
 0.824
 1.374
-0.144
 0.914
-0.390
 0.110
 1.353
 0.440
 0.885
-0.375
 0.555
-0.292
-1.019
 0.271
 1.492
 1.346
 1.100
 0.260
-0.970
 0.052
 0.700
-0.181
-0.223
 1.023
 0.500
 1.795
 1.098
 1.121
 0.228
-0.033
-0.308
 0.310
 1.976
 1.088
 0.926
 0.709
-1.407
-0.043
-1.002
-1.304
-0.520
 0.211
-0.182
-1.148
-0.267
-0.933
-1.854
-2.392
-1.270
 0.972
 0.065
-1.320
 0.614
-0.178
 0.322
 0.578
 1.093
 0.326
 0.207
-1.203
 0.960
 0.666
-2.459
 0.136
-1.409
-0.436
-0.157
 0.452
-0.528
-0.343
-0.498
 0.292
-1.196
-2.304
-1.701
-0.918
 0.058
 0.218
 0.869
 0.482
 1.321
-0.306
 0.270
-0.010
 1.873
 0.160
 1.050
-0.794
-0.565
-0.469
-0.720
-0.233
-0.800
 0.568
 0.667
-0.161
-0.523
-1.143
-0.863
-1.666
-0.574
-0.941
 1.293
-1.646
-0.180
 0.114
-0.304
-0.867
 2.021
-0.593
-0.435
-0.562
-0.649
-0.343
 0.515
-1.230
-1.312
-1.756
-1.292
-0.343
 0.486
 0.778
-0.269
-0.680
-0.873
-0.284
-0.225
 0.910
 1.156
 0.062
 0.433
 1.883
-0.045
-0.442
-1.462
 0.375
-1.385
-0.534
-1.567
-0.859
-0.371
 0.697
 1.995
-0.025
-1.458
-0.640
-1.292
-1.144
-1.413
-1.813
-0.976
-0.239
-1.741
 0.220
-0.188
-0.043
 1.201
-0.309
-0.433
 0.597
 0.482
 0.972
-0.619
 0.583
-0.829
 0.623
 0.432
 0.404
 0.560
 1.098
 2.579
 0.096
-0.017
-0.073
 1.001
-0.290
-1.811
-0.135
-1.405
-0.607
-1.330
-1.560
-2.153
-0.423
-0.741
-1.408
-1.159
-1.359
-1.428
 0.154
-0.063
-1.434
 0.074
-1.768
-1.031
-1.122
-1.252
-0.809
-1.716
-0.699
-1.065
 0.361
-0.390
 0.094
 1.759
 1.097
 1.648
-0.086
-0.344
 0.761
-0.060
 0.793
 0.060
-0.397
-0.347
-1.261
-1.849
-0.301
 0.069
-1.059
-0.733
-1.025
-1.536
-1.380
-0.840
-0.789
-0.119
 0.517
-0.916
-1.794
-1.762
-3.654
-1.600
-2.459
-0.102
-2.051
-2.890
-2.698
-1.412
-1.538
-2.396
-1.500
-2.919
-1.498
-0.462
 0.232
-1.274
-0.463
-1.454
-0.259
 0.432
-1.027
-0.839
-1.875
-0.783
-0.426
-1.676
-1.344
-0.502
-1.615
-0.931
-2.742
-2.696
-2.020
-0.953
-0.865
-0.874
 0.362
-0.447
-0.397
-1.865
-0.706
 0.601
 1.088
-0.026
-1.576
-0.698
 1.040
 0.245
-1.565
-1.157
-0.486
 0.625
-0.290
 0.221
 0.092
-0.156
 1.775
-0.450
-0.119
-0.105
-0.080
 0.100
-2.418
 0.249
-0.572
-1.913
-1.699
-0.336
-1.120
-2.614
-1.633
-1.458
-0.722
 0.984
 0.496
 0.141
 1.158
-1.822
-1.538
-1.491
-2.368
-0.946
 0.548
 0.143
-0.509
-0.484
-0.962
 0.440
 0.003
-0.632
-1.076
-0.917
-0.772
-0.822
-2.540
-1.424
-1.607
-0.886
-0.274
-0.692
-1.079
-0.738
 0.053
-0.650
-0.566
-0.056
-0.395
-0.348
 1.297
 0.190
 0.191
 0.304
-0.241
-0.074
-0.851
 0.080
-0.505
 0.663
-0.105
-1.588
 0.856
 2.360
-0.436
-0.558
-0.078
 0.216
-0.738
-0.336
-0.300
-0.009
 0.233
-0.755
-1.053
-0.466
 0.270
-0.387
 1.742
-0.245
-1.737
-0.295
-0.763
 0.397
 0.233
-0.267
-1.164
 0.344
-0.188
 0.582
 0.271
-0.033
-1.056
-1.339
-0.420
-1.793
-2.766
-1.513
 0.154
-0.305
-0.671
-1.832
-0.675
-0.218
-0.880
-0.216
-2.007
-0.457
-0.887
-1.934
-0.202
 0.484
 0.072
-1.841
 0.483
 0.129
 0.222
 0.362
 0.588
 0.113
 0.076
-1.448
-0.871
-0.827
-1.755
-1.773
-2