
 0.186
-0.529
 0.850
 0.785
 0.503
 0.420
-0.476
 0.689
-0.783
 1.723
 0.468
 0.326
 0.368
-0.981
-0.519
-1.167
-1.639
-1.050
-0.438
 0.215
-0.112
 0.740
-0.315
-0.376
-0.821
-1.937
-2.285
-2.283
-0.579
-0.061
-0.368
-0.709
-1.373
 0.618
-0.407
 0.257
-0.065
-1.227
-0.068
 0.111
 0.253
-1.375
-0.349
-0.723
-0.632
 1.070
 0.119
 0.078
-2.014
 0.031
-1.497
-1.343
-0.728
-1.866
 0.191
 0.603
 0.228
 0.717
 1.445
 1.201
-0.188
 0.717
 0.383
-0.608
-0.747
-1.187
 0.644
 0.681
-2.486
-0.651
-0.079
-1.042
-1.369
-0.717
 0.927
 0.443
-2.049
-0.388
-0.231
 0.276
-0.662
 0.906
-0.079
 0.294
 0.154
-0.759
-0.450
-0.067
 0.145
-0.114
-0.376
 1.377
 1.140
 1.589
 1.829
 0.699
 0.002
-1.275
 1.136
 0.692
 1.505
 0.646
 0.948
 1.434
-0.679
 0.222
 1.428
 1.621
 0.573
 0.483
-0.913
 0.550
-0.538
 0.380
 0.396
 1.875
 0.369
 1.041
-0.431
 0.564
 0.036
 0.251
 0.319
-0.832
-0.844
-0.169
-1.897
-1.391
-0.353
 0.665
 1.202
 2.087
 0.641
 0.308
 0.505
-0.616
 0.190
 0.298
 2.220
 0.591
-0.719
 0.070
 0.002
-0.413
-0.144
-0.026
 1.563
 1.820
-0.175
 0.144
 0.422
 0.868
 0.886
 1.170
 0.730
 0.300
 0.048
 0.041
-0.331
 0.168
-0.931
-0.480
 0.348
 0.155
 2.336
 1.924
 1.277
 0.011
 0.681
 0.214
 1.182
 1.074
 1.149
 1.440
-0.324
-0.448
 1.054
 0.169
 0.439
 1.146
 1.151
-0.082
 1.150
 0.461
 0.273
 0.963
 0.697
 0.057
 2.077
-0.043
-0.399
 0.127
 0.043
 1.626
 1.496
 2.667
 1.649
 0.618
 1.164
 2.387
 2.245
 1.529
 1.515
 0.764
 0.739
-0.157
 0.181
 0.474
 1.264
 0.099
 1.056
-0.727
 1.265
 0.555
 1.350
 1.289
 0.843
 0.948
 1.450
 1.815
 0.838
 0.594
-0.345
 0.757
 0.329
 1.612
-0.452
-0.145
-0.211
 0.786
-0.300
 1.155
 0.909
-0.040
 0.164
-0.863
 0.257
 0.249
 0.983
 0.183
 0.655
 0.887
 0.266
-1.554
-0.364
 0.252
 0.710
-0.282
-0.020
-1.464
-0.057
-0.592
-0.946
-0.855
-1.312
 0.309
 0.843
-0.250
-1.293
 0.574
-0.717
-1.753
 0.483
 0.685
 0.033
 0.770
-1.686
-1.077
-0.013
 0.406
-0.742
 0.121
-0.299
-0.100
 1.864
 1.844
-0.600
 1.373
 0.136
-0.559
 0.330
 0.209
-0.289
 0.122
 0.087
 0.175
-0.187
-0.002
-0.575
 0.719
 1.174
 0.362
 1.012
-0.466
-0.050
 0.410
 0.848
-0.289
 0.527
-0.417
-0.064
 1.357
 1.373
 3.505
 1.622
 0.121
-0.047
 0.897
-0.207
 0.679
 1.109
 0.833
 0.524
 0.381
-0.039
 1.388
 1.570
 0.460
 1.897
 1.600
 1.059
-1.058
-0.448
-0.728
-1.099
 0.741
 0.960
-0.160
 0.161
 1.331
 0.317
-0.588
-0.237
-1.188
 0.250
-0.280
-0.469
-0.468
 0.339
-1.171
 0.583
-1.912
-0.543
 0.065
-2.289
 1.643
 0.553
-0.771
 0.309
-0.196
-1.907
-1.263
 0.568
 2.690
 0.827
 1.350
 0.340
 0.144
 1.033
 0.137
 0.476
 0.741
-0.460
 0.197
 1.631
-0.320
-0.223
 0.193
-0.854
-0.182
 0.628
 0.995
 0.579
 0.972
-0.460
-0.177
-0.609
-0.504
 0.944
 2.192
 1.368
 0.581
 0.165
-0.443
 0.229
 0.452
-0.126
 0.710
 0.766
-0.115
 0.711
 0.767
 0.242
 1.085
 0.910
 2.199
 0.165
 1.069
-0.428
 1.275
-0.231
 0.682
 0.230
 1.297
-0.069
-0.025
-1.416
 0.209
 0.570
 0.526
 0.492
-0.566
-0.149
 0.600
 1.031
 0.364
 0.283
 1.134
 0.069
 0.510
 2.129
 0.558
 0.417
 1.164
 0.152
-0.314
-0.122
 1.372
 1.355
 1.511
 0.702
 2.085
 1.487
 0.541
 1.245
 1.524
-0.154
 1.084
 0.394
 1.216
 1.262
-0.090
-0.921
 0.924
-0.388
-0.760
 0.145
-1.756
-0.875
-2.083
 0.742
 0.810
 0.884
-0.774
 0.865
 1.302
-0.499
 0.401
 0.875
 1.351
 0.410
 0.135
-0.313
-1.650
-0.253
-1.649
-0.680
-0.411
 0.025
-0.076
-0.667
-1.345
-0.638
 0.890
-0.034
-0.380
-0.768
 0.011
 0.927
 1.589
 1.457
 0.612
 1.110
 0.935
 0.503
-0.338
-1.009
-0.722
-0.640
-0.767
-0.680
 0.680
 1.128
 0.414
-0.216
-0.486
-0.319
-1.137
 1.131
 0.003
-0.090
 0.474
-1.459
-1.849
-0.237
 1.140
 0.288
 0.829
 0.834
 1.085
 1.511
 1.194
 0.361
-0.706
-1.022
-2.383
 0.060
 0.296
 0.648
 1.355
 0.383
 0.919
 1.391
-0.167
 1.046
 0.547
 1.435
-0.043
-1.183
-0.794
 1.207
 0.946
 1.661
 2.015
 2.875
 1.384
 1.972
 1.480
 1.364
 0.146
 2.745
 1.842
 2.028
 1.373
 1.024
 0.842
 0.692
 0.434
 0.265
-0.053
 0.381
 0.134
-0.426
 0.013
-0.544
 0.379
-0.454
-0.469
 0.557
-0.442
-2.196
-1.467
 0.780
-0.668
 0.921
 1.602
-1.036
 2.300
-1.051
-0.550
 0.054
 0.100
 0.700
 0.203
 1.772
-0.008
-0.744
 0.131
 1.800
 1.975
 1.631
 1.520
-0.293
 1.546
 2.941
 1.802
 1.201
 1.153
 2.580
 1.903
 2.198
 1.417
 1.178
-0.119
 1.903
 1.184
 0.621
 2.760
 3.341
 2.082
 2.818
 0.415
-0.029
 0.152
 0.576
 1.273
 1.211
 0.709
-0.248
 0.759
 1.646
-0.198
 0.921
 0.534
 0.833
 1.276
 1.777
 2.022
 1.525
 1.960
 1.442
 0.011
-0.867
-0.331
-0.665
-0.288
 0.432
 0.888
-0.058
 1.479
 0.711
-0.807
-0.084
 0.514
 0.189
 1.147
 0.370
-0.203
 0.570
-0.750
-1.245
-1.683
-0.404
-0.308
 1.931
 1.013
 1.373
 1.465
 1.515
-1.521
 0.034
-0.496
-0.226
-0.739
-0.652
 0.396
 0.585
 0.657
-0.574
 0.446
-0.628
-0.898
-1.989
 0.217
 0.243
-0.176
 0.449
-0.168
 0.864
 0.907
-0.103
 1.418
 2.348
 0.026
 1.104
 0.046
 0.577
 0.718
-0.185
 0.290
 1.245
 1.259
 1.650
 1.711
 2.309
 0.446
 2.444
 2.975
 2.358
 1.451
-0.328
 1.253
 0.205
-1.568
-0.075
 0.808
 0.552
-0.264
-0.527
-1.296
-0.427
-0.744
-1.400
-0.647
 0.226
 0.161
-0.467
 0.542
-0.103
 0.004
 1.236
 2.029
-0.402
 0.621
 0.489
 0.155
 1.106
 1.380
 1.352
 0.911
 2.544
 2.192
 0.672
 0.836
 0.373
-0.034
 0.421
 0.856
-0.100
-0.158
-0.184
-0.207
 0.550
 0.491
 0.889
 0.807
 0.849
-0.060
 0.998
 1.216
 2.252
 2.782
 1.596
-0.086
-0.664
 0.544
-0.356
-0.244
-0.559
-0.213
 0.014
-0.559
 0.025
 1.122
-0.952
 0.332
 1.271
-0.125
 0.697
-0.379
-1.294
-0.596
 0.765
-0.920
-1.159
-1.286
-0.121
-0.693
-1.507
-1.417
-0.306
 0.244
-0.226
-1.191
 0.981
 0.590
-0.296
-1.080
-0.783
 0.455
-0.348
 0.598
-0.230
-0.058
-3.007
-1.074
-2.236
-2.441
 0.809
 0.107
-2.402
-0.483
-1.951
-1.050
 0.149
-1.070
-2.201
-0.900
 0.517
 1.172
 0.239
 1.224
-0.599
 0.357
 0.246
 0.016
 0.298
-0.015
 0.578
-0.090
-0.779
 1.169
 0.095
-0.370
 0.466
 0.022
-1.003
 0.987
 0.976
 1.065
 0.276
 0.996
-0.715
-0.122
 0.458
 0.080
 0.706
 1.697
 0.792
 1.647
 0.251
-0.988
-0.801
-0.216
-0.645
 1.304
 0.428
 1.069
 0.747
 0.571
 0.531
 0.936
 1.195
 0.577
 1.739
 1.287
 1.800
 0.285
 0.912
-0.153
 0.831
 1.008
 3.032
 1.862
 0.001
 1.430
-0.034
 0.015
 1.085
-0.063
-0.167
-1.015
-0.223
 0.121
-1.258
-0.779
-0.609
 0.268
-2.114
-0.788
-1.072
-1.118
 0.407
 0.222
-0.500
-1.128
 1.501
-0.268
 0.407
 0.115
 0.419
 0.787
-1.148
-0.961
-1.053
-1.559
-1.345
 0.055
-0.076
-1.034
 0.418
-1.459
-0.639
-0.702
-0.796
 0.653
 1.444
 0.078
 0.330
-0.094
-0.229
-0.761
 0.360
 0.326
-0.389
 0.004
 0.304
-0.964
-1.257
-0.851
-0.189
-0.379
-0.097
-0.616
-0.432
-0.748
-1.036
-1.667
-0.626
-1.166
-0.786
-0.998
-3.183
-0.090
-1.206
-1.082
-1.377
 0.646
-0.290
-0.329
-0.282
-0.114
-0.639
 0.277
 0.652
 1.179
-0.505
-0.427
-0.878
-0.888
-0.899
-1.133
-0.332
-1.391
 0.207
-0.704
-2.012
-1.338
-0.980
-1.670
-0.997
-0.837
-0.062
 0.414
-1.281
-0.337
-0.179
-2.295
-0.167
-1.198
-0.197
-0.072
 0.594
 1.089
 0.323
 0.287
 0.358
-0.543
-0.704
-0.505
-0.922
-0.791
 0.296
 0.896
-0.113
-0.994
-0.408
-0.244
-1.495
-0.705
-0.794
-0.240
-0.051
 1.049
-2.014
-1.492
-1.327
 0.467
-0.857
 0.012
 0.506
-0.470
-0.713
-0.769
-0.256
-0.403
-0.854
-1.402
-1.530
-0.328
-1.258
 0.072
 1.886
 0.940
-0.526
-1.263
 0.007
-0.150
-0.423
 0.432
-0.638
 0.204
-0.451
 0.097
 0.874
 1.671
 0.365
 0.021
-0.862
-1.269
-0.411
 0.115
 0.591
 0.850
 0.552
 0.918
 0.095
-0.331
-1.651
 0.528
 0.410
 1.788
-0.942
 0.893
 0.117
 0.276
 0.737
-0.853
 2.150
 0.193
 0.190
 0.367
 1.134
 0.398
 0.871
-0.271
-0.009
-1.675
-0.245
 1.122
-0.869
-0.136
 0.533
-0.448
 0.372
 0.215
 0.109
-0.003
 0.034
 1.089
-0.716
 0.469
 1.343
 0.071
 0.445
-1.199
-0.173
 0.405
 0.232
-0.071
 0.522
-0.455
 0.560
-1.609
 0.313
 0.958
 0.785
 0.075
 1.909
 1.122
 0.088
 0.474
-0.174
 0.678
-1.035
-0.778
-0.522
 0.244
-1.247
-0.272
 0.885
 0.338
-0.295
 0.099
-1.022
-0.278
-0.583
-0.159
-0.044
 0.825
-0.806
-0.183
-0.275
-1.847
-0.826
-0.204
 0.702
 0.874
 1.410
 0.045
-0.531
 0.716
-0.877
-0.976
 0.024
-0.887
-0.857
-1.741
 0.690
-0.041
-2.367
-0.847
 0.057
-0.632
 0.042
-0.864
-1.524
-0.623
-0.443
 1.049
 1.255
 0.557
-1.115
-0.904
-1.248
-1.858
-0.397
-0.302
-0.916
 0.561
 0.286
-0.173
-0.663
-0.551
-0.196
 0.217
 0.376
-0.360
-0.792
-2.104
 0.060
-0.814
-0.121
-0.914
 1.310
 0.290
-1.537
-1.086
-0.511
-0.975
-0.492
-0.474
 0.440
-1.760
-1.463
-0.004
-0.465
 0.144
 0.098
 0.854
-0.306
 0.905
 1.618
-0.668
-1.145
 0.343
-0.951
 0.547
 1.437
 0.512
 0.362
 1.305
-0.268
 0.147
 1.520
 2.033
 1.826
 0.815
-0.191
 0.651
 1.523
 1.266
-0.774
 0.610
 2.463
 1.443
 2.073
 0.930
 1.416
-0.882
 1.161
 0.875
-0.020
 0.084
 0.192
-0.589
-0.361
 0.776
-0.581
-0.485
-0.335
-0.612
-0.741
 0.194
-0.798
 0.423
 1.770
 1.558
 0.612
 1.134
 0.428
-1.337
-0.946
 0.228
-0.494
 0.650
-1.201
-1.229
-1.140
-1.883
-1.239
 0.356
-0.055
-2.162
 0.308
 0.360
 1.197
-0.434
 1.384
 1.125
 0.147
 0.941
 0.375
 1.220
 1.398
 1.434
 1.589
 1.252
 0.173
 0.489
-1.481
-0.045
-0.727
-1.713
-1.436
-0.366
 0.441
-0.257
-1.093
-1.005
-0.747
-0.108
-0.121
 0.289
 0.191
 0.218
 0.057
 0.473
-1.062
-1.461
-0.430
 0.048
-1.173
-2.052
-2.034
 0.520
-1.140
-1.453
-1.079
-0.533
-2.244
-0.907
-0.208
-1.202
 0.043
-1.014
 0.652
 0.419
-0.557
 0.889
-0.323
-0.316
-0.069
 0.058
-0.950
-1.793
-1.043
 0.461
-0.407
-0.563
-1.398
-1.124
-1.462
-0.096
 0.240
-0.308
 0.335
-0.656
 1.268
 1.166
 0.109
-0.902
-0.515
-0.860
 0.348
 0.179
 0.075
-0.624
 0.385
 1.009
-1.300
 0.107
 1.302
-0.467
-1.412
 0.257
 0.448
-2.014
 0.212
 0.348
 0.324
 1.412
 0.367
 0.891
 0.126
 0.378
 1.818
 1.100
 0.465
 2.043
 0.450
 1.904
 0.407
 0.834
-0.517
-0.235
-0.918
-1.078
-1.961
-1.725
-0.259
-0.844
-0.254
-0.183
-0.186
-0.518
 1.401
-1.032
-0.367
-0.660
 0.014
 0.345
-0.736
 0.266
-0.082
-0.394
-0.035
-0.518
-0.170
 0.919
-0.777
-0.668
 0.041
-0.922
-1.260
 0.027
-1.258
-0.350
 1.563
-1.080
-0.612
 0.390
-0.608
 0.433
 0.376
-0.035
-0.773
 0.405
 1.398
-0.682
-0.881
-1.435
-1.074
-1.162
-1.519
-0.274
-0.632
-0.502
-0.019
-0.644
-0.757
 0.298
-0.627
 0.010
 0.080
 0.538
-0.336
 1.269
 1.414
-0.292
 0.636
 0.881
 0.784
-0.513
-0.593
 0.039
-0.598
-0.556
 1.221
-0.080
-1.271
-0.537
-1.337
 1.004
 0.654
 0.323
-0.866
-0.384
 1.894
 0.135
 0.943
 0.444
 0.459
 0.756
 0.469
-0.725
-0.882
 2.009
 1.471
-0.375
 0.784
 0.816
 0.722
-0.494
-1.436
-0.835
 0.592
-2.067
-0.062
-0.372
-0.921
-0.397
-1.651
-1.226
-1.369
-0.302
-0.069
-0.498
-0.014
-0.372
-1.005
-1.816
-0.070
 0.521
 0.667
-1.274
 0.533
 0.156
 1.768
-0.237
 0.239
 0.326
-0.161
-0.554
-1.204
 1.040
-0.604
-0.791
 0.651
 0.889
 0.448
 0.325
 0.273
-0.011
 0.633
-0.174
 0.808
-0.626
 0.174
 0.485
 0.046
 0.527
-0.379
 0.710
 1.185
 0.628
 0.259
-0.718
-0.141
 1.133
 1.348
 0.226
-0.938
-0.289
 0.978
 1.593
 0.666
 1.796
 0.153
 0.013
 1.084
 0.886
-1.013
-1.061
 0.291
 0.611
-0.088
-0.090
 1.120
 0.621
 0.661
 1.748
 1.831
 2.114
 1.511
-0.766
-0.784
-0.466
 1.521
 1.802
-0.177
-0.871
 0.661
-0.065
-0.194
 0.176
-0.402
 0.548
 0.169
 0.003
 0.322
 0.130
-0.834
-0.460
-0.185
-1.489
-0.871
-0.731
 0.097
-0.715
-0.468
-0.513
-0.118
-0.938
-1.483
-2.450
-1.381
-1.737
-1.378
-0.476
-0.565
-0.385
-0.342
-0.231
-0.262
 0.726
 0.376
 1.221
 0.789
-0.592
-0.631
-0.206
-0.849
-2.366
 1.114
 1.478
 0.656
-0.233
 1.140
-0.237
 0.605
 0.744
 0.306
 0.821
 0.303
 1.484
 1.088
 1.845
 1.713
 1.475
-0.588
 0.837
 0.167
 0.136
 0.769
 0.052
 0.194
-0.721
 1.020
-0.120
-1.491
-1.370
-0.301
 0.240
 0.108
-1.149
 0.879
 0.586
-0.915
 0.345
 0.199
 0.425
-0.431
-0.661
-0.417
 0.454
-0.013
-0.099
 1.538
-1.147
-0.986
-1.341
 0.304
 0.051
-0.205
 0.734
-0.715
-1.691
-1.948
-0.444
 0.127
 0.084
 0.373
-1.071
-1.159
-1.836
-0.266
-0.817
-2.683
-2.316
-1.639
-1.408
-0.251
-0.398
-0.235
-0.233
-0.662
-0.706
-1.099
-0.468
-0.098
-0.831
-1.763
-0.792
-1.049
-0.518
-0.463
-0.373
-0.002
 0.444
-1.267
-0.615
-0.714
 0.429
 0.544
 0.768
 0.296
-0.124
 0.980
 0.986
 0.280
-0.850
 0.015
 0.912
-0.861
 0.288
-1.128
-0.100
 0.415
-0.034
 0.103
-0.145
 0.365
-0.837
-1.023
-2.017
-1.366
-0.423
-0.581
-0.978
-0.829
 0.144
-0.182
 0.125
-0.475
-0.528
-1.500
-1.181
 0.495
 0.268
-1.091
-2.818
-0.781
 1.008
 1.270
 0.806
-0.466
-1.134
-0.646
 0.932
-0.521
 0.013
-0.367
-1.737
-0.575
 0.462
-1.312
-0.385
-1.088
-0.311
-0.224
-0.541
 0.541
 2.134
 1.452
-0.605
 1.301
 1.732
 0.333
 1.285
 1.334
 2.122
 1.649
-0.430
 1.282
 1.268
 0.363
 0.646
 0.318
 0.883
-1.181
-0.182
-0.837
-0.875
-0.159
 1.039
 0.055
-0.420
-0.697
-0.585
-0.527
-2.058
-1.397
-0.112
-0.959
-0.948
 0.055
-2.153
-1.267
-0.549
-0.217
-1.776
-0.438
-2.032
-1.088
-1.166
-0.166
-2.163
-0.543
-1.528
-1.417
-1.710
-1.581
-1.125
-0.557
-0.289
-2.346
-2.121
-1.972
-1.362
-1.282
-1.123
-1.489
-1.403
-1.108
-1.950
-0.813
-0.599
-0.006
 0.452
-0.285
-0.578
 0.511
 0.585
 0.651
 1.188
 1.518
 1.354
 0.554
-0.111
-0.750
-0.098
 0.009
-1.704
-2.472
-1.512
-0.262
-1.254
 0.411
-0.094
-0.535
 0.567
 1.338
 0.313
-0.073
 0.089
-0.854
-1.076
-1.415
-0.033
-0.721
-0.259
-2.289
-0.997
-1.641
-2.170
-1.284
-1.294
 0.868
 0.975
 0.927
 1.147
-0.665
 1.147
 0.945
 0.265
-0.766
 0.118
-0.063
 1.347
-0.084
-1.463
-0.420
-1.357
-0.956
 0.367
-1.437
-0.068
-0.400
-0.228
-1.659
-1.842
-0.281
-1.798
-0.089
-1.704
-1.430
 0.388
-0.061
 0.158
-0.615
-0.376
-1.042
 1.178
 0.309
-0.048
 0.206
-0.558
 0.267
 0.757
 0.948
 1.447
-0.363
 1.195
 1.138
 1.376
 0.524
 0.516
 0.413
-0.351
 0.169
-0.957
-0.355
-0.156
 1.336
 0.570
 1.007
 0.817
-0.189
-0.735
-1.886
-1.797
-0.892
-0.529
-1.961
-0.238
-1.276
-1.214
-1.043
-1.508
-2.046
-1.048
-1.252
-1.895
-0.361
-0.654
 0.048
-0.033
-1.231
 0.092
-0.149
 0.566
 1.507
 0.336
 0.609
-0.018
 0.462
 0.298
 1.252
 1.219
 0.783
 0.516
 1.109
-0.438
 1.114
-0.212
 0.538
 0.630
 0.197
-0.659
-0.170
-0.520
 0.420
-0.743
-1.390
-1.106
-0.428
-1.160
 0.635
 0.023
 0.443
 0.346
 0.884
 1.679
-0.027
 1.182
 1.653
 0.430
-0.506
-1.837
-1.136
-0.737
-0.338
-0.754
 0.026
-0.446
-1.846
-0.283
-0.351
-0.561
 0.202
 0.035
 1.528
 0.860
-0.225
-0.650
-0.051
-0.466
-0.820
-1.016
 0.370
-0.128
-1.527
-0.993
-1.048
 0.375
 0.606
-0.420
 1.085
 1.205
-0.431
-0.882
 0.232
-0.996
 0.060
-0.788
-1.053
 0.143
 0.626
 0.733
 0.516
-0.820
-0.512
-1.675
-1.718
-0.080
-2.123
-1.560
-0.963
-2.058
-3.054
-0.436
-1.585
-0.833
 0.101
-0.047
-0.675
-0.850
-1.001
-1.682
-1.469
-1.958
-0.797
 0.088
-0.444
-0.790
 0.467
 0.998
 0.743
 0.105
-1.629
 0.011
 0.324
 0.008
-0.852
 0.386
-0.394
-0.187
-0.515
-1.677
-0.877
 1.098
 1.270
-0.257
 0.299
 0.319
 0.570
 0.437
 0.638
-0.177
-0.585
-0.871
-0.786
 0.291
-1.954
-0.597
-0.488
-1.009
-0.963
-0.737
-2.490
-1.097
-1.237
-1.470
-1.587
-2.546
-1.367
-0.385
-1.704
-1.489
-0.754
-1.409
-1.288
-1.209
-2.508
-2.359
 0.488
 0.268
 0.993
 0.856
 0.854
-0.285
-0.866
-0.933
 0.204
-0.265
-0.604
-0.447
-1.010
-1.044
-0.871
-1.281
 0.088
-1.462
-1.337
-1.579
-0.505
-0.708
-0.796
-0.979
 0.460
-0.067
-0.711
 0.079
-0.416
-1.281
-2.227
-1.354
-1.668
-1.418
-0.226
-1.549
-0.539
 0.065
 0.078
-0.051
-1.949
-2.026
-2.052
-1.250
-1.497
-1.689
-1.584
 0.009
-1.626
-1.767
-1.658
-0.838
 0.841
 1.723
 0.142
-0.723
-0.702
-1.611
 0.265
 0.659
 1.233
-0.837
-0.995
 0.043
 1.051
 0.919
 1.421
 1.587
 0.319
 0.803
 1.880
-0.213
 0.627
 1.835
 1.581
 0.500
-0.311
-0.195
-0.199
 0.699
-1.411
-0.077
 0.555
-0.732
-0.931
-0.891
-0.931
 0.443
 0.481
-1.127
 1.036
 1.486
-0.577
 0.390
 0.654
 1.625
 1.044
-0.095
 1.143
 1.260
 0.599
-0.444
 0.153
 0.689
 0.304
-0.980
-0.245
 1.691
 0.656
 0.247
-0.624
-0.134
-0.232
-1.350
-0.425
 0.532
-0.525
-0.367
 0.408
-0.061
 0.176
 0.302
 1.312
 1.195
-0.170
-1.128
-1.446
 0.054
-1.251
-1.080
 0.767
 0.366
-0.132
-0.319
 0.720
 1.271
 0.151
 0.154
-0.179
-1.681
 0.138
-0.998
 0.399
-0.261
-0.148
 0.561
 0.279
-0.277
-0.337
-0.987
 0.741
-0.140
 1.030
 0.152
 0.128
 1.102
-0.050
 0.032
 1.504
 0.616
 0.689
 1.366
 1.224
 0.289
 0.354
 0.532
-0.066
 1.513
 1.489
 0.435
-0.091
 0.228
 0.769
-0.070
-0.258
-1.055
-1.043
-0.862
 0.597
 0.801
-0.105
 1.187
 0.425
-0.340
-2.372
-0.180
 1.588
 0.286
-0.604
-0.284
-0.174
 0.251
 0.109
 1.124
 0.245
 0.014
 1.162
 1.518
 0.128
 0.647
 1.218
 0.870
 0.522
 0.918
-0.517
-0.594
-1.216
-0.443
-1.017
 0.209
-1.184
 0.532
-0.807
 0.517
-0.678
-0.382
 0.181
-0.667
-1.168
 0.439
-0.679
-1.049
 1.115
 0.667
 0.271
-1.287
-0.645
-0.146
-0.953
-0.581
 0.857
-0.966
-0.180
 0.004
-1.414
 0.133
 0.449
 0.478
-0.769
-1.161
-0.618
-1.326
-0.813
-0.450
 0.404
 0.313
-0.841
 0.899
-0.868
-0.513
 0.247
 0.706
 1.966
 0.288
 0.230
 0.110
-0.902
 0.257
-0.927
-0.276
 0.653
-0.210
 0.721
 0.016
 0.024
 1.061
 1.443
-0.638
 0.452
-0.101
-0.360
 0.145
-0.697
 0.477
-1.021
-0.495
 0.560
-1.663
-0.681
-0.465
-0.969
 0.386
-0.902
 1.521
-0.593
 1.033
-1.134
-1.233
 0.111
-1.371
 0.130
-0.192
 0.621
-0.384
 0.373
 0.406
-1.292
-1.434
 0.101
 0.081
 0.603
-0.106
-0.778
-0.283
-1.222
 0.387
-0.360
-1.682
 0.959
 1.175
 0.421
 0.546
 0.574
 0.875
 1.495
 1.878
-0.522
-0.283
 0.367
 0.196
 0.129
 0.535
-0.328
 0.422
 1.267
 1.543
-0.490
 1.174
 1.278
 1.516
 1.465
-0.793
-0.662
 1.218
-0.094
-0.877
-1.361
 0.571
 0.766
-0.580
-0.468
 1.043
 0.071
 0.891
 0.677
 0.068
 0.514
 0.544
 1.277
 0.840
 2.326
 2.089
 0.746
 0.540
 0.468
-0.344
 0.481
-0.724
 0.602
-1.090
 0.152
-0.492
 0.290
-1.253
-1.525
-0.169
 0.260
 0.575
-0.294
 0.482
 1.082
 0.653
 0.304
 0.202
 0.631
 0.551
-0.635
-0.777
-0.436
 2.153
 0.214
-0.218
 0.243
 0.207
-0.033
 0.828
 1.466
 0.907
-0.444
 1.372
 0.900
 0.636
 0.606
-0.135
-0.523
 0.812
-0.075
 0.271
 2.062
 0.018
 1.106
 0.524
-0.231
-0.432
 1.195
 2.252
 1.227
 0.074
-1.355
-1.402
-0.638
-0.161
-0.917
-0.347
 1.042
 1.153
 0.960
-0.289
 0.203
 0.222
 1.095
-0.609
-1.316
-0.554
 1.220
 0.522
-0.936
-0.514
 0.647
 1.109
 0.837
 0.675
 2.217
 1.512
 1.087
 1.253
 1.111
-0.952
-2.651
-0.042
-0.025
 0.505
-1.141
 0.031
-1.321
-1.019
-0.352
 1.576
 1.954
-1.571
 0.254
 0.699
 0.679
-0.727
 0.383
-0.288
 0.215
-0.206
-0.627
-0.333
-0.394
 0.112
 1.673
 1.061
-0.060
 0.160
 0.706
 1.123
 1.034
 0.393
 1.130
 0.228
 0.252
-0.142
 0.451
 0.137
-0.193
 0.768
 0.238
 1.225
-0.959
-0.997
 0.351
 1.742
 1.562
-0.213
 0.498
 0.694
 1.544
 0.532
-0.676
 0.725
-1.102
 0.183
 0.718
 0.984
 1.376
 0.858
 0.581
 0.357
 1.090
 1.524
 0.889
 0.094
 1.285
 1.026
-0.377
 0.050
-0.829
-0.146
 0.313
 0.842
 0.902
-0.251
 0.618
-0.397
 0.675
-1.339
-0.284
 1.881
-0.214
 0.361
-0.050
 0.281
 1.214
 1.115
 1.126
-0.207
-1.147
 0.829
 0.866
 0.647
 0.594
-0.280
-1.635
-0.049
-0.642
-0.641
 0.370
-0.188
-0.654
 0.115
 0.082
 1.203
 0.259
 0.689
 1.041
-0.026
-0.213
-0.354
-0.949
-0.474
 0.140
 1.305
 1.149
 0.847
-0.313
-0.373
-1.524
-0.949
-0.755
-0.873
-0.656
 0.103
-1.123
 0.100
 1.095
 1.598
 0.521
 0.446
 0.382
 0.990
 1.493
 1.483
 0.424
 1.190
 0.706
 0.085
-0.868
 0.445
 0.077
-1.059
-0.447
-0.400
-0.874
-0.062
-2.112
 1.021
 2.114
 0.297
-0.464
-1.777
-2.293
-0.443
-1.752
-1.840
-1.322
-2.366
-2.361
-0.078
-1.901
-0.223
-1.551
-1.374
-1.117
-0.598
-1.075
-0.601
-2.061
-1.931
-0.403
-1.763
-0.455
-1.400
-0.613
 0.104
-1.363
-1.054
-1.591
-2.505
-0.670
 0.120
-0.597
 1.816
 1.985
 2.766
 1.960
-0.333
-0.828
 0.163
 1.277
 0.618
 0.440
 0.417
 0.720
 0.231
 1.290
 0.973
 0.047
-0.269
 1.585
 0.192
 1.179
 0.631
 0.637
-0.734
 0.483
 0.938
 0.861
 0.624
-0.673
 0.785
 1.015
 1.085
 1.866
-0.237
 0.538
-0.034
-0.693
 0.931
-0.057
-0.106
 0.388
 1.344
 1.399
 0.800
 0.520
 0.128
-0.572
 1.211
-0.779
-0.513
 1.596
 0.445
 0.669
 0.962
 0.619
 0.598
 1.409
 0.611
 0.367
 1.702
 0.668
 0.852
-0.403
-0.039
 0.481
-0.853
 0.968
-1.055
 0.100
-0.309
-0.024
-1.515
-1.182
 0.025
 0.138
-0.540
-0.693
 0.663
 1.352
 0.206
 1.062
 1.629
 2.552
 0.624
 0.181
-0.550
-0.493
 0.378
-0.631
-0.507
-0.823
-0.231
-0.800
-0.688
-0.082
-1.163
 0.252
-1.305
-1.492
 0.331
-0.541
-0.205
 1.029
 0.699
 0.987
-0.664
 1.007
 0.937
-0.946
-1.164
-1.278
-0.298
-1.154
-0.381
 1.451
-0.679
 1.629
 1.395
 0.216
 0.288
 0.449
 0.578
-1.445
-0.502
 1.090
 0.158
 0.327
 0.373
-0.453
-0.447
-1.167
-0.720
-0.034
-0.891
 0.396
 0.716
 0.449
-0.025
-0.183
-1.699
-0.102
-0.391
 0.763
-1.790
 0.115
-0.809
-1.072
-0.377
-0.967
-0.105
-0.138
 0.077
 0.391
 1.081
 0.666
 1.407
 0.226
-0.025
 1.707
-0.551
-0.875
-0.143
-0.214
 0.930
 1.727
-0.263
-0.096
 1.079
 0.771
-0.563
-0.494
 0.543
 0.469
-0.657
-0.580
-2.391
 0.036
 0.518
 0.550
 0.373
 0.394
-0.181
-0.125
-0.048
-0.118
-0.620
 0.193
-0.287
 1.496
 0.415
-1.590
-1.207
 0.018
 0.163
-0.650
 0.125
-0.447
-0.725
 0.143
 0.070
 0.682
-0.049
 0.639
 0.149
 1.677
 0.200
-0.693
 0.479
 1.063
 1.651
-1.422
 2.052
 0.554
 1.901
 0.411
 0.999
 2.227
-0.438
 1.223
 0.358
 1.315
 0.196
 0.202
 0.222
 1.292
 0.112
 0.731
 0.239
 0.525
 1.169
-0.784
 1.514
 0.667
 1.966
 1.295
-1.023
-0.711
-0.503
-0.931
 0.673
 0.069
 0.484
-1.511
-0.741
-1.459
 0.621
 0.290
 0.197
 0.427
-2.718
-0.713
 1.618
-1.062
-0.710
-0.273
-0.775
-1.446
-2.111
-2.103
 0.048
-1.056
-2.209
-0.845
-0.629
-0.624
-1.410
 0.009
-0.383
 0.643
-1.239
 0.992
 0.583
-1.351
-1.403
-0.130
 0.370
-0.427
-0.557
 0.348
-0.499
-0.206
-0.119
 1.242
 0.003
-0.083
-0.045
-0.622
-1.762
-1.323
-0.341
-0.042
-0.398
-1.245
-0.862
-1.161
-1.186
-1.853
 0.151
 0.473
-0.784
-0.076
 0.415
-1.074
-0.250
-0.498
-1.878
-1.488
-2.072
-1.001
-1.961
-1.616
-0.712
 0.014
 0.789
-1.062
 0.533
 0.148
-0.836
 0.008
-0.481
-0.103
-1.563
 0.546
 0.900
-0.362
 0.079
-0.112
-0.130
 0.774
-1.612
-0.508
-0.698
-0.563
-0.357
-0.577
-0.236
 1.104
 0.058
 0.127
 0.922
-0.081
-0.800
-0.255
-1.049
-0.310
 0.095
 0.059
 1.604
-0.151
 0.352
-0.958
-0.989
 1.663
-0.940
-0.411
 0.384
 0.512
 0.843
 0.712
 0.515
-0.891
-0.245
 0.483
 1.574
 1.794
-0.884
 1.081
 0.196
 1.422
-0.332
-0.515
-1.448
 1.128
 0.489
-0.116
-0.347
 0.673
-0.924
 0.324
-0.609
-1.779
-0.967
-0.509
-1.114
-0.851
-1.413
-0.981
 0.956
-0.342
 0.444
-0.161
-0.231
-0.568
-0.464
-0.493
 0.528
 2.059
 0.961
-1.120
 0.218
-0.556
-1.260
-0.137
-0.895
-0.389
 0.766
-0.909
-2.348
-1.163
-0.637
-1.522
-0.907
 0.558
 1.697
-0.877
-0.188
 0.282
-0.504
-1.422
 1.632
 0.721
 0.324
 0.968
 1.165
 2.255
 0.436
 0.014
 0.088
 0.219
-0.628
 0.535
 0.114
-0.384
 0.170
 0.094
 0.174
-0.378
-1.308
-2.490
-0.849
-0.886
-0.637
 0.723
 0.362
 0.991
-0.412
-1.055
-0.140
-0.172
 0.570
-1.001
 0.502
-0.571
-0.867
-0.853
-0.042
-1.333
-1.450
-2.086
 0.321
 1.011
-0.307
 0.788
-0.300
-0.088
 0.529
 0.060
-0.732
-0.676
-1.010
 0.550
 0.866
-1.138
-0.060
 1.296
 0.868
 0.273
-0.659
 0.372
 0.976
 0.449
-0.551
 0.022
-0.290
-0.537
-0.260
 0.773
 0.869
 1.554
 0.844
-0.098
-1.083
 1.572
 0.798
 0.596
-1.029
-1.254
-0.265
-0.701
-0.282
 1.217
-2.090
-0.674
-0.700
-0.317
-0.390
 1.070
 1.334
 0.444
-0.787
-1.038
 1.661
 0.064
 0.538
-0.110
-2.023
-0.117
 0.602
-1.001
-1.659
-0.854
 0.695
-0.479
 0.776
 0.649
 0.028
 1.190
 0.343
-0.263
-0.994
-1.734
 0.147
 0.192
 0.121
-0.891
-1.212
-1.000
-0.418
 0.145
 0.463
-0.325
-0.411
-0.355
-0.149
-1.038
-0.938
 0.391
 1.438
-0.062
 0.112
-0.730
-1.194
 0.546
-0.182
-0.415
-0.557
-0.765
-1.041
 0.444
-0.861
-1.611
 1.606
 1.485
 1.139
-0.607
 0.195
-1.175
-2.028
-0.390
-0.685
 0.881
 2.048
-0.043
 0.902
 1.354
 0.424
-0.380
-1.569
 0.033
-0.697
-3.063
-1.301
-1.891
-0.831
-1.157
-0.533
 0.973
-0.878
-2.380
 0.556
 0.151
-0.553
-0.682
 0.364
 0.883
 1.340
 0.342
 1.363
-0.577
-0.182
 0.804
 0.827
-0.922
 0.562
 1.453
 1.614
-0.752
 0.200
 0.907
 0.120
 2.308
-1.041
 0.668
-1.117
 1.244
 0.284
 0.902
 1.644
 0.982
-1.440
 0.153
-0.636
 0.728
 0.021
-1.526
-0.652
 0.377
 0.392
 0.566
 0.475
 0.540
-0.546
 0.262
 1.102
-0.804
-0.545
-0.888
-0.580
-0.413
-1.117
-0.326
 1.463
 1.539
 0.846
-0.680
-0.969
 0.106
 0.491
-0.931
-2.691
-1.464
-0.020
 0.243
-0.356
-0.560
-0.667
-0.934
 1.616
 0.853
 0.458
-0.783
-0.785
 1.055
-0.656
-0.313
-1.434
 0.225
 1.232
 0.503
 0.888
 0.764
-0.265
 0.360
 1.459
 0.671
-0.704
-0.768
-0.582
-0.904
 0.677
 0.805
 0.321
 0.461
-1.586
 0.060
-0.443
-0.052
-0.505
-1.719
-2.055
-0.899
-0.635
-0.239
-0.924
-0.937
-1.638
-0.979
-0.848
-2.238
-0.751
 0.248
-1.155
-1.161
-1.973
-2.466
-0.830
-1.245
-1.799
-2.244
-2.475
-0.977
 0.863
-0.183
-1.471
-1.977
-1.350
-0.456
-0.445
-0.633
-0.941
-2.226
-1.816
-2.244
-1.674
-0.651
-0.916
 0.058
-0.219
 0.108
-0.054
-0.534
 0.152
-0.400
 0.490
 0.788
 0.078
 1.006
 0.602
 0.332
 0.689
-1.039
-1.290
 0.454
-0.501
-0.143
-0.145
 0.121
-0.359
-0.845
 0.007
-1.239
 0.359
 0.198
-1.149
-0.510
 0.625
-0.271
 0.509
-0.500
-0.334
-0.782
-0.984
-0.851
-0.499
-0.453
-0.800
 0.177
 1.714
-0.847
-0.867
-0.960
-1.693
-3.065
-1.094
-0.931
-1.393
-1.473
-2.259
-1.206
 1.224
 0.976
 1.235
-0.584
-0.933
 0.007
-0.769
-1.236
-1.239
-1.725
 0.208
-0.073
 0.312
-1.863
-1.123
-0.084
-1.018
-0.007
-0.755
 0.408
-1.041
 1.559
-1.940
-0.904
-0.257
-0.940
 0.122
-1.176
-1.640
-0.331
-0.428
-1.225
-0.313
-0.761
-1.510
 0.006
-1.705
-0.736
 0.122
-0.319
 0.128
-0.750
-0.336
-0.883
-1.026
-0.330
-2.232
 1.486
 0.493
 0.839
-0.929
-1.595
 0.055
-0.790
-1.089
-1.658
-0.460
 0.033
-0.022
-1.308
-0.975
 0.131
-0.432
 0.134
-0.748
-0.073
-0.254
 0.859
 1.117
 0.210
 0.801
 0.454
 0.941
 0.546
-0.187
 0.870
-0.695
-0.968
 0.828
 0.502
 1.483
 0.625
 0.266
-0.333
 0.458
-1.019
 0.575
-0.711
-1.540
-0.342
 0.371
-0.334
-0.495
 0.817
-0.605
 0.580
-0.893
-0.098
 0.112
 2.214
 1.478
 2.501
 1.413
 0.186
 0.475
 1.631
 0.973
 0.922
 0.343
-0.832
-0.516
-0.406
-0.281
 1.610
 0.458
 0.248
-0.291
 0.840
-0.262
 1.867
 0.498
 0.857
-0.083
 0.265
-0.192
 0.575
 0.325
-0.457
 1.317
 0.352
-0.112
 0.381
-0.168
-0.372
 0.941
 0.956
 0.951
 1.230
-1.635
-0.522
-0.890
 0.771
 0.026
-0.646
 0.003
-0.086
-1.273
 0.201
-1.615
-0.723
 0.590
 1.480
 0.486
-0.018
 0.308
 0.205
-0.855
 0.455
 1.011
-0.450
 1.036
-0.119
-0.652
-0.488
-1.121
-1.989
 0.292
 0.429
 1.502
-1.144
-1.382
 0.673
-1.073
 0.133
-0.148
-0.242
 0.075
-0.387
-1.370
-0.099
 0.403
 0.601
 0.733
-1.273
 0.847
 1.406
-0.173
 0.182
 0.521
-1.473
-0.465
-0.364
 0.969
-1.410
-0.732
-0.037
-0.397
-1.516
-1.299
-0.393
-0.339
-0.311
-0.025
 0.501
 0.370
 0.041
-0.015
-0.725
-1.306
-0.860
-0.716
-0.677
-0.538
-0.757
-0.211
-0.377
 0.100
-0.348
 0.113
 0.265
-2.104
-1.458
 0.682
-1.446
-0.664
-2.435
-2.132
-2.154
-2.776
-0.651
-0.698
 0.812
 0.975
 0.445
-0.927
 0.058
-0.239
 0.301
-0.135
-0.291
 0.578
 2.856
 1.136
-0.152
 0.655
-0.347
 0.616
 0.499
 1.355
-0.586
-1.558
 1.237
-0.414
-0.461
-0.325
-1.311
-1.139
-0.392
-0.782
-0.413
 0.438
-1.016
 0.984
 0.851
-0.059
-0.709
 0.491
 0.544
 1.279
 0.547
 0.252
 0.974
-0.209
 0.549
 0.705
-0.728
-1.008
 1.141
 1.561
 1.287
 0.032
-0.402
-1.111
 1.254
 2.001
-1.345
 0.220
 0.705
 0.292
-0.033
 0.852
-0.816
 0.155
-0.519
-1.658
-0.944
 1.227
-0.248
-0.346
 0.692
-0.925
-1.168
-0.746
-0.223
-1.144
-0.115
-2.098
-0.122
-2.006
-1.876
-2.027
-1.106
-1.361
-0.086
 0.005
 1.155
 0.347
 0.343
-1.103
-1.307
-0.528
-0.011
-0.755
-1.474
-0.373
-0.741
-0.949
-0.660
-0.111
 0.186
-1.014
 0.145
-0.452
-0.839
-1.107
-0.143
-0.201
-0.511
 0.882
-0.569
 0.783
 0.441
 0.114
 0.109
 2.113
-0.238
-0.186
-1.017
 1.672
 0.641
-0.373
 0.692
 0.936
-0.572
-1.034
 0.308
-0.463
-0.061
-1.245
-1.806
 0.036
 0.480
-1.135
 0.109
-0.298
-1.096
-0.440
-0.487
-1.106
 0.394
-0.643
-0.417
 1.429
-0.283
 0.977
 1.350
 0.101
-0.912
-1.624
 1.041
-1.040
-0.875
-0.008
 0.242
 0.338
-0.020
 1.014
 0.140
 0.079
 0.728
 0.712
 0.635
 0.555
-0.403
-0.575
 0.134
-0.403
 0.970
-2.039
-1.217
-0.753
-0.243
-1.931
-0.267
-1.349
-1.523
-1.041
 0.174
-1.062
-0.806
-0.400
 0.820
 0.045
 0.505
-0.431
-0.909
-0.302
-1.194
-0.968
-0.847
-1.029
-0.032
-1.905
-1.176
 0.126
-1.165
-0.321
-0.164
-0.565
 0.744
 0.449
-1.000
-0.969
-1.516
-0.746
-1.440
-0.457
 0.401
-0.283
-0.671
-0.473
-0.940
-1.802
-0.639
-1.109
-1.693
-0.296
-0.519
-0.163
-0.509
-0.161
-2.364
-1.268
-1.515
-1.556
-2.715
-0.356
-0.380
-1.795
-1.239
 0.093
-0.393
-0.714
 0.425
-0.185
 0.403
-0.808
-1.092
-0.537
-1.020
-0.600
 0.426
-0.074
-1.196
-2.247
-0.490
-0.744
 0.171
 0.340
-0.424
-0.842
-1.785
-1.328
-0.487
-0.773
-1.015
 0.392
-0.365
-2.413
-1.911
-0.828
-1.823
-0.661
-1.510
-2.544
-0.107
-1.933
-1.991
-0.682
-0.875
-1.593
-1.277
-0.326
-1.686
-1.677
-1.347
-1.113
-1.002
-0.892
-1.505
-1.336
-1.260
-1.567
-0.248
-0.208
 0.098
-1.023
 0.264
 0.266
 0.539
 0.034
-1.123
 2.151
 0.519
-0.206
-0.865
 0.840
 0.663
 1.346
-0.186
-1.493
-1.288
-1.809
-0.205
 0.642
 0.666
-2.525
-0.615
 0.561
-0.672
-0.063
 0.123
-0.131
-1.575
-0.941
-0.109
-0.646
-2.320
-2.126
-0.512
-0.673
 0.106
-0.066
-0.189
-1.266
-1.396
-1.469
-0.868
-0.855
-0.416
-0.123
-2.038
-0.856
-0.492
 0.079
-1.903
-0.312
 0.461
-0.548
 0.124
-0.611
-1.092
-0.130
 0.211
-1.555
 0.222
 0.118
-0.693
-0.456
-0.850
-1.022
-0.762
 1.502
-0.082
-0.517
 0.335
 0.529
-0.023
 1.196
-0.237
-0.544
 0.246
-0.971
 1.923
 1.371
 0.172
 0.409
 0.233
 0.414
 0.002
-0.047
-1.187
-0.418
-0.374
-1.230
 0.472
 0.547
 0.556
-1.073
 1.082
 1.266
-1.152
-0.691
 0.678
-1.022
-0.363
 0.534
 0.323
 0.102
 1.927
 1.365
 0.220
-1.479
-0.660
-0.404
-1.337
-0.761
-1.589
-0.558
 0.569
 0.671
-0.867
-1.222
-1.190
-1.268
 0.051
-0.364
-0.862
 0.510
 0.119
-0.203
-0.698
-1.383
-1.581
-1.184
-1.692
-2.009
 0.016
 0.943
-0.049
-0.281
-0.528
-0.215
 0.750
-0.910
 0.529
-1.532
-2.428
-2.771
-1.200
-0.774
-0.920
-1.970
-1.490
-0.587
 0.160
-0.179
 0.198
 0.583
-2.150
-1.546
 0.243
 0.442
 0.272
-0.880
-0.763
 0.308
 0.102
-1.595
 0.697
 1.248
 1.692
-0.298
 0.617
 0.507
-0.852
 0.034
-0.763
-0.154
 1.016
-0.356
 0.197
 0.219
 0.153
-0.663
-0.803
-0.620
 0.451
-0.599
-0.993
-0.903
-0.919
-0.499
-0.316
-0.361
 0.695
 0.594
 0.618
 1.247
 0.277
-1.056
-0.145
-0.224
-0.365
-0.699
-0.009
-0.052
 0.039
-1.113
-0.731
-0.039
 0.346
 0.869
-0.071
 0.177
-0.388
-0.625
-1.300
-0.563
-0.400
 1.102
-0.569
-1.022
-0.916
-0.960
-1.173
 0.663
-0.278
 0.423
 0.966
-0.613
-0.201
-0.619
-1.658
-0.831
 0.184
 0.898
 0.110
-0.183
-1.087
-1.040
 0.386
-0.391
-1.225
-0.528
 0.583
-0.792
 0.312
-0.705
-0.109
-0.315
-0.230
 1.287
 0.940
 0.397
 1.279
 1.057
-0.313
-0.548
-0.576
 0.015
-0.210
-0.198
 0.008
-0.808
-0.783
 0.117
-0.940
-1.618
-0.572
-2.009
-1.977
-0.950
-1.040
 0.090
-1.273
-1.092
-0.659
-0.592
-0.495
-0.804
 0.840
 0.905
-0.164
-0.758
-0.369
-0.393
 0.793
 0.453
-0.031
 0.447
 1.362
 0.446
 2.437
 1.072
 1.538
-0.991
-0.482
 0.498
-0.682
-0.044
-0.418
 0.162
 0.806
 0.604
 0.665
 0.452
 1.417
 0.475
 0.180
 0.601
-0.189
 0.293
-0.611
-0.121
 0.125
-0.149
-1.647
-0.234
 0.844
-0.336
-0.226
 0.597
 0.646
-0.466
 0.132
 0.179
 0.469
-0.894
-2.066
-0.513
-0.242
-0.725
-0.039
 0.739
 0.918
 0.481
-0.291
 0.775
 1.121
 1.150
 0.882
-0.873
 0.785
 0.377
-0.117
 1.272
 0.489
-0.571
-1.318
 0.371
 0.636
 1.422
 0.747
-1.394
 0.061
 0.977
 2.285
 1.292
 0.478
-1.253
 0.485
 0.209
 1.039
 0.634
 0.318
 1.701
 0.080
 1.019
 0.578
 0.115
 0.237
-0.117
 1.448
-0.984
 0.387
-0.336
-1.346
-0.275
-0.675
 0.794
 0.759
 1.220
 0.381
 0.790
 1.495
 0.915
 1.249
 1.548
 1.671
 0.707
 0.836
 0.099
-0.462
-1.477
 0.503
-0.359
 0.110
-0.716
 1.220
 0.541
-0.297
 0.205
 0.256
 1.007
 2.483
 1.542
-0.172
 0.586
 1.224
 1.766
 1.897
 0.200
 0.319
 1.481
 1.239
 0.947
 0.824
 0.219
 1.518
 1.283
 1.236
 1.086
 0.714
-0.754
 0.302
 0.468
 0.857
 0.831
 0.701
 0.102
-0.680
-0.518
-0.213
-0.200
 2.179
 1.508
 1.862
 1.335
-0.599
-0.811
 0.080
 1.982
 0.415
 1.179
 1.568
 0.324
 2.022
 2.549
 1.313
-0.359
 0.258
 0.525
 1.508
 1.681
 1.064
 1.633
 1.027
 0.718
 0.264
 1.573
 0.780
 1.325
 0.767
-1.102
-0.003
 0.377
 1.742
 0.163
-0.011
 0.524
-0.022
-0.604
 0.133
 0.634
 1.514
 0.253
 0.897
-1.165
-0.707
 1.595
 0.847
 1.114
-0.219
 1.175
-0.218
 0.194
-0.097
 0.240
-0.421
-0.441
-0.711
-1.077
 0.439
-0.419
-0.493
 0.957
-0.081
 0.484
-0.990
-1.444
 0.343
 0.587
-0.029
-1.002
-0.738
-0.684
-1.031
-0.918
-1.160
-2.503
 0.290
 0.000
-1.420
-1.314
-1.025
-0.913
-0.625
-1.944
-2.305
 0.461
 0.492
-0.093
-2.516
-1.639
-0.405
-0.615
-1.009
-1.204
-1.447
 0.432
-2.242
-1.479
-1.845
-0.735
-0.108
-0.508
-1.623
-3.416
-0.525
-1.229
-1.452
-0.456
-0.460
-0.589
-1.180
-1.091
 0.256
-0.608
-2.234
-1.046
-1.124
-0.453
-2.311
-1.402
-1.528
-0.910
-0.021
-0.470
-1.584
-0.846
 1.280
-0.209
-0.555
-1.319
-0.492
-1.289
-1.005
-0.887
-1.111
 0.071
-1.552
-2.018
-0.970
-1.588
-0.351
 0.574
-1.398
 1.070
-0.485
-0.134
-2.208
-1.857
-1.106
-0.358
 0.037
 0.151
-1.187
-1.324
 0.080
 0.004
-0.304
-2.325
-0.977
 0.323
 0.067
-0.203
 0.515
 1.023
 0.214
-0.354
 0.004
-0.276
-1.520
-0.305
 0.020
-0.445
-0.622
 0.130
 1.592
-0.162
-1.344
-0.005
-0.473
-1.065
-1.186
-0.614
 1.215
 0.351
-0.718
-1.064
 0.149
 0.276
-0.033
-0.122
-0.535
 1.442
 2.322
 0.183
 0.951
 0.463
 0.157
 0.315
 0.000
-0.375
-0.368
 1.191
-1.622
-1.730
-0.459
 0.452
-0.882
-0.515
-0.559
-0.639
-0.140
-0.532
 0.547
 1.298
 0.769
-0.409
 0.254
 1.915
 0.358
-1.316
-1.259
-0.649
-2.071
-0.246
-1.601
 1.048
-0.533
-0.289
 0.260
-0.874
 0.282
 1.779
 2.098
 1.387
 0.244
 0.474
 1.429
 0.611
 2.683
 1.341
 1.706
 0.776
 0.729
 1.340
 0.917
-0.091
-0.520
 1.425
 0.719
 0.633
-0.758
-0.553
 0.285
-0.648
-0.811
-0.821
-1.301
-0.795
-0.060
-0.326
 0.267
-0.305
 0.650
 1.410
 0.791
-0.832
 1.500
 1.441
 1.110
-0.033
 1.349
-1.030
-0.421
 0.049
-0.410
 0.217
 1.212
 0.192
-1.300
 0.042
-0.402
 0.841
 1.143
-0.378
 0.637
 0.419
 0.305
 0.167
 0.376
 1.484
 0.576
-0.794
 0.528
 0.288
-0.905
-0.168
 0.326
 0.114
 1.413
 0.109
-1.145
 0.167
 0.083
 0.266
 1.316
-0.355
 0.495
 2.933
 0.947
 0.340
-0.153
 0.196
 1.079
 2.223
 0.963
 1.048
 0.100
-0.011
-1.078
-0.360
 0.370
 1.241
 2.249
-0.316
 0.181
 0.168
 1.090
-0.679
-0.064
 0.063
-1.009
 0.984
 0.681
 0.787
 1.022
 0.758
 0.395
 0.596
 0.553
 0.281
 0.800
 0.011
 1.049
 1.226
 0.281
-0.589
-0.421
 0.186
-0.087
 0.004
 0.390
-0.514
-1.575
 0.662
-0.406
 1.287
 0.369
 1.645
 0.998
 0.228
-0.116
-0.394
-0.389
 1.643
 0.577
 0.607
 0.305
 0.052
-0.011
 0.154
 1.746
 1.461
 0.464
-0.136
 0.756
 0.943
 1.692
 0.332
-1.464
 0.199
 0.077
 1.794
 0.897
 0.334
-1.013
 1.443
 0.284
-0.399
 0.258
 1.522
 2.123
 0.873
 3.454
 0.772
 1.020
 0.051
 0.263
 1.208
 1.532
 0.413
 0.789
 1.741
 2.403
 1.930
-0.531
-0.173
 0.692
-0.002
 0.032
 0.684
 1.503
 1.641
 0.251
 0.603
 1.536
 0.417
-1.553
-1.123
-0.478
-1.922
 1.346
-0.347
 1.372
 0.911
 0.285
 1.367
 0.393
 0.031
 0.787
-0.156
-0.915
-0.641
-1.391
-2.144
-1.054
-0.624
-0.131
-0.194
-0.264
 0.047
-1.453
 0.821
 0.354
 0.369
-0.260
-0.205
 0.219
 0.852
 0.330
 0.183
-0.174
-0.559
 0.677
-0.020
 0.431
 1.398
-0.452
-0.905
-0.256
 0.722
 2.520
 1.062
 0.829
 0.874
-0.367
-0.288
-1.584
-0.276
 0.055
-0.200
 0.249
 1.278
-1.095
 0.044
 0.749
-0.792
-1.039
-0.911
 0.234
-0.540
 0.620
-0.416
 0.512
-1.147
-1.256
-0.013
 0.016
-0.925
-1.201
 0.637
-0.577
-0.095
-0.336
-1.965
-1.478
 0.221
-0.934
-0.536
 0.317
-0.234
-0.279
-1.561
-0.104
-2.016
-1.958
 0.284
 1.776
 1.346
 1.442
 0.196
-1.056
-0.817
-1.506
-0.399
-0.736
-0.099
-0.799
-0.233
-1.282
-1.946
-2.828
-2.509
-0.266
-1.423
-1.123
-1.206
-0.588
 0.229
-1.098
-0.919
-0.735
-1.510
-0.210
-0.448
-0.443
-1.324
-0.182
-0.458
-0.752
-2.209
-0.397
 1.338
-0.700
-0.536
-0.742
-0.303
-0.484
-1.708
-1.146
-1.648
 0.262
-0.206
-0.807
-0.037
-0.348
 0.758
 0.152
-0.594
 0.530
 0.399
 0.572
 0.090
 0.436
 0.631
 0.458
 1.569
-0.438
-1.139
 0.661
 1.174
 0.847
 0.993
 1.618
 0.068
 0.137
-0.267
 0.480
 0.986
-0.986
-0.021
-0.799
 0.273
-0.417
 1.413
 0.427
-0.464
 0.562
 0.318
 0.066
-0.178
 0.729
-0.935
-0.889
-0.864
-1.194
-1.045
 1.594
 0.853
 0.529
 0.438
 1.196
-0.546
-0.291
 0.660
 1.979
 0.096
 1.577
-0.871
-0.936
-0.201
 0.808
-0.565
 0.106
 0.352
 1.533
-1.353
-0.710
-0.557
 0.169
-2.240
-1.443
-2.551
-1.102
-1.515
-1.253
-0.622
-0.861
-0.606
-0.556
-0.388
 0.264
-0.277
 0.139
-1.680
-0.501
 0.752
 0.538
 0.378
-0.658
-0.992
-1.250
-1.195
-0.807
-0.573
 0.626
 0.334
 0.079
-2.033
-0.723
-1.956
-0.213
 0.242
-0.603
-1.501
-1.521
-1.174
-0.646
-0.035
-0.040
 0.323
-1.072
-0.211
 0.320
 0.197
-0.559
 0.342
 0.310
-0.764
-0.289
-0.440
-1.312
-1.406
-1.549
-0.575
-0.211
 0.246
-0.449
-0.953
-0.055
-0.562
 0.717
 1.071
-0.042
 0.489
 1.001
-0.155
 0.128
 0.251
 0.582
 1.271
-0.301
 0.145
-0.102
 0.556
 0.708
 1.567
 0.660
-0.404
-0.364
-0.768
 0.730
 0.889
 1.112
-0.897
 0.318
-0.866
 0.793
-0.877
 0.637
 0.295
-0.545
-1.985
 0.644
-0.832
-0.078
 0.559
 1.614
 0.180
-1.083
-0.160
-0.437
-0.529
-0.309
-1.714
-0.639
-0.452
-0.798
-1.713
-0.939
-0.614
-1.209
-1.721
-0.183
 0.231
-0.433
 0.406
-0.311
-0.580
-1.273
 0.643
-0.892
-1.259
-1.143
-1.596
-1.596
 0.345
-0.009
-0.528
-0.836
-0.187
-1.041
-1.281
-1.536
 0.184
 0.284
-0.451
-1.117
 0.158
-1.945
-0.110
-1.308
-1.068
-0.039
-1.918
-0.317
-1.301
-0.596
-0.037
-0.957
 1.013
 0.593
 0.671
 0.156
 0.392
 0.305
 0.273
 0.183
-0.522
-0.454
-0.164
-0.670
-0.586
 0.828
 0.430
 0.719
 0.101
-0.209
-0.471
 0.223
-0.884
 0.868
-0.155
 0.326
-0.750
 0.329
 1.627
 0.785
 0.069
-0.490
-0.400
-0.099
-1.785
 0.733
 2.152
 0.550
-0.509
-0.574
-0.674
-0.825
-1.941
-0.891
 0.200
-0.485
 0.171
-0.969
-1.028
-2.826
 0.502
-0.978
 0.687
-0.214
 1.737
 1.136
 0.802
-0.409
 1.524
 1.891
 1.921
 1.636
 0.552
-0.511
 0.490
-0.261
 0.193
-0.380
-0.008
 0.431
 0.413
-1.210
-0.403
-0.306
 0.385
 1.031
-0.091
 0.891
-1.432
 0.180
 0.635
-0.139
 0.074
-1.339
-0.835
-1.972
-1.355
 1.281
 0.442
-0.705
-0.206
 0.562
-0.508
 1.013
 0.429
-2.102
-1.107
 0.180
-1.281
-1.841
-0.372
 0.907
 0.838
 0.022
 0.591
 0.996
 0.371
-1.247
-1.101
-0.813
-0.023
-0.441
 1.402
 0.378
-0.390
 0.194
-0.317
-0.018
 1.354
 0.754
 0.659
-0.553
-0.468
-0.868
 0.406
-0.947
-0.737
-1.106
-0.845
 2.114
 2.414
 0.265
-0.103
 0.723
-0.157
 1.797
 0.561
 0.751
-0.438
-0.127
-0.341
-0.875
-1.331
-1.691
-1.280
-0.066
-0.594
 0.668
-1.529
-0.868
-0.477
-1.247
-0.794
-1.091
 1.327
 0.461
 0.281
-0.362
-0.394
-0.707
-0.280
-1.395
-0.957
-1.146
-0.540
-0.284
 0.864
-0.082
 0.966
-0.902
-0.636
-0.527
-0.691
-2.133
-1.691
-2.254
-0.250
 1.274
 1.402
-0.840
 0.058
-0.239
 0.761
 0.655
 0.838
-1.231
-0.699
-0.430
-0.878
-0.666
-0.041
-0.820
-0.828
-0.047
-0.660
 0.805
-0.206
 0.782
-0.382
-0.461
-1.139
-1.650
-0.800
-0.932
-1.994
-1.643
-2.123
-0.676
-2.341
-1.429
-1.671
-0.560
-0.906
 0.040
-1.650
-0.963
-0.433
-1.304
 0.104
-0.536
 0.327
-0.016
 0.327
-1.104
-0.519
-0.284
 0.564
-0.371
-0.364
-0.202
 0.808
 0.498
 0.622
-0.868
-0.463
-0.067
 0.333
-0.785
-0.275
-0.234
-0.458
-1.503
-1.191
-0.517
 0.084
 0.852
 0.584
 1.695
 1.118
 0.130
 0.878
-0.232
 0.069
-0.916
-1.160
-0.633
 1.005
 1.166
 0.292
-0.588
 1.017
 0.313
-0.116
 0.756
 0.219
-1.042
 0.807
 0.925
-0.147
-1.505
-0.867
-1.295
-1.534
-0.944
-1.448
 0.784
 0.685
-0.631
-0.250
 0.642
-1.488
 0.651
-0.832
-1.102
-0.109
-1.096
-0.839
-0.687
 0.455
-0.721
 1.634
 0.801
 1.285
-0.025
 0.405
 0.260
-0.195
-0.341
-0.419
-1.567
-0.278
-0.685
-0.043
 0.527
 1.646
 1.296
 1.773
 0.489
 0.381
 1.928
 1.183
 1.206
 0.391
-0.376
-0.560
-1.557
-0.113
 0.942
 2.174
 0.614
 0.740
 1.423
 0.230
 2.044
 1.139
 0.608
-0.280
 0.490
-0.406
-0.099
-0.186
-0.998
 1.793
-0.119
 0.449
 1.600
-1.039
 0.428
 0.464
 0.583
-0.681
 0.073
 0.605
 1.186
 1.244
 1.118
 0.929
 0.755
 0.125
 0.658
 0.229
-0.704
-1.214
-0.629
-0.367
 0.262
 1.389
 0.645
-0.982
 1.569
 0.985
-0.814
-0.278
-0.759
-0.652
 0.547
-0.200
-2.620
-0.472
-0.048
-0.768
 0.802
-0.552
-0.730
 0.105
 1.072
 0.220
 0.616
-1.421
 0.701
-0.806
 0.841
-0.022
-0.050
-0.772
-0.541
 0.097
-0.875
-0.361
-1.419
-0.900
-1.785
-0.431
 0.686
-0.068
 1.527
 0.404
-0.862
-0.166
 0.408
 1.403
 0.699
 0.433
 1.607
-0.382
-0.098
 0.566
-0.732
 0.166
-1.166
-0.355
-0.642
 0.516
-1.399
-0.972
-0.382
-1.103
-1.294
-2.231
-1.114
-1.652
-1.054
-1.069
-0.644
-1.169
 0.009
-1.145
 0.385
 0.652
-0.904
-1.272
-0.472
-0.020
-0.847
-0.224
-1.327
-0.237
-0.305
-0.983
 0.311
 1.051
 0.298
 0.683
-1.399
 1.188
-0.279
 0.144
-0.389
-0.349
-1.990
-0.238
 0.116
-1.334
-0.204
-0.061
 0.639
-0.426
 0.068
-0.929
 1.251
 2.085
 0.998
 1.559
 0.886
-1.684
-1.087
-0.689
-0.658
-0.919
 1.052
-0.905
 1.131
 0.217
-0.696
 0.120
-0.550
-0.477
-0.332
 0.055
 1.795
-1.386
-0.466
-0.319
 0.511
-0.322
 0.811
 0.971
 0.173
-0.704
-0.508
-0.888
-1.192
 0.622
-1.290
-0.377
 0.886
-0.132
-0.984
-0.373
-1.335
-2.364
-1.558
-0.522
 0.590
 0.385
 0.457
-0.685
 1.259
-0.337
 0.300
-0.357
-0.516
-2.367
-1.657
-1.046
-1.766
 0.348
-1.158
 0.078
-1.329
-1.741
-2.665
-0.429
-1.848
-0.924
-0.394
-0.334
-0.789
-1.543
-0.779
-1.180
-1.132
 0.563
-1.398
-0.530
-0.228
-0.961
-1.324
 0.677
-0.309
-0.444
-0.830
 0.198
 0.878
 0.739
-0.617
 0.452
 1.620
 0.844
-0.538
 0.686
 0.609
-0.251
 0.435
-0.947
-0.098
 1.189
 0.984
-0.003
-1.479
-1.188
-2.604
-2.635
-1.144
-0.105
 0.402
 0.331
 0.806
-0.197
-0.465
-0.439
-0.131
 2.590
 1.338
 1.842
 0.408
-0.310
 2.092
 0.558
 1.389
 0.203
 0.688
 0.269
-1.729
 1.029
 0.072
-1.431
-0.532
-1.257
-1.408
-0.469
-1.599
-1.749
 0.344
 0.643
 0.308
 0.440
 0.479
 0.830
-0.720
-1.155
 0.575
 0.903
 0.562
 0.253
-1.212
-0.347
 0.033
 0.058
 0.142
 1.145
 0.643
-0.324
 0.573
 0.230
 0.599
 0.051
-0.324
-0.993
-0.873
-1.507
 0.145
-0.785
-0.515
-0.213
-0.436
-1.429
-0.811
-0.938
 0.347
 2.599
 1.377
 0.613
-1.083
-1.073
-0.044
 0.315
-0.615
 1.657
-1.377
-1.715
-3.321
-1.260
-1.762
-0.788
-0.401
-0.974
 0.632
-0.626
-0.915
-1.598
-0.403
-0.406
-0.436
-0.590
-1.349
-0.359
-0.397
 0.555
-0.427
-0.777
-2.304
-1.167
-1.508
-1.331
-2.449
-1.994
-0.799
 0.564
-0.336
-0.615
 0.035
-0.487
-0.377
 0.534
 2.583
 1.021
 0.309
-0.085
-1.873
-0.031
-0.648
-0.569
 0.234
 0.013
 0.097
-1.467
-0.989
 0.089
-0.612
-0.143
-0.746
-1.469
-0.625
-0.254
-0.783
 1.205
-1.739
-0.683
-2.142
-1.259
-1.513
 0.116
-1.019
 0.550
 0.804
-1.251
 0.661
 0.387
-0.215
-0.124
-0.307
 1.263
 0.630
-1.200
-0.728
-0.357
-0.240
-0.306
 1.158
-0.606
-1.113
 0.520
 1.066
 0.854
-0.298
 0.522
-0.594
-1.868
-1.842
-1.074
-0.969
-0.599
-2.134
-0.850
-0.113
-0.084
-0.066
-1.031
-1.459
 0.632
 0.223
 0.123
-0.597
-0.005
 1.739
 1.359
 0.430
 0.524
-0.587
-1.032
-0.806
-1.111
-0.583
 0.370
-0.909
-0.599
-1.017
-0.976
-0.757
-1.051
-1.061
-1.758
-1.040
-0.249
-0.786
-1.789
-0.625
-0.575
-0.813
-1.505
-0.095
-0.774
 0.022
 0.096
 1.125
 1.276
 0.029
-0.882
-0.551
-1.052
-0.877
 0.224
 0.823
 0.488
 0.884
 1.740
 0.421
-0.344
 0.229
-0.067
-0.295
-1.313
 0.609
 0.008
 0.826
-0.137
 0.002
 0.440
 0.190
-0.379
-0.593
-0.129
-0.711
-0.043
 1.593
 0.237
-1.005
-0.380
 1.615
-0.412
 0.305
 1.373
-0.189
-0.608
 0.280
 0.626
 0.601
 0.591
 0.416
 0.291
-0.559
 0.136
-0.363
 0.390
-0.136
 1.579
 1.487
-0.030
-0.072
 1.728
 0.430
-0.207
 1.233
 1.420
 0.321
-0.224
 0.705
-0.135
-0.119
-0.339
 0.986
-0.263
-0.295
 0.872
 0.379
-1.361
-1.283
-0.067
-0.046
 0.716
-0.486
-1.517
 0.110
-0.055
 1.051
 0.476
 0.674
 0.969
-0.317
 0.317
 0.904
 0.288
-0.897
-1.267
 0.101
 0.544
 0.440
-0.208
 0.035
-0.610
-1.610
-0.554
 0.155
-1.160
-0.853
-0.335
-1.056
-1.238
-1.147
-1.684
 0.128
 0.330
-1.559
-0.429
-0.170
-0.926
 0.081
-0.741
-0.895
-1.304
-0.994
-1.235
-0.519
 0.619
-0.969
-0.741
-1.144
-0.574
-1.389
-0.424
-0.888
-1.954
-2.931
-1.799
-1.043
-2.226
-1.053
-0.908
-2.873
-2.301
-1.893
-0.914
-1.464
-1.285
-0.479
-1.482
-1.577
-1.746
-0.774
-0.116
-0.076
-1.437
-0.582
 0.740
 0.220
 0.456
 0.558
 0.966
 0.527
-0.809
-0.244
-1.004
-0.761
 0.615
 0.302
-1.101
-1.144
-0.312
-1.198
-1.757
-1.866
-0.551
-1.392
 0.284
-0.626
 0.564
-0.558
 1.066
 2.373
 1.619
 1.701
-0.186
-0.120
 1.925
 1.070
 0.245
 0.608
-0.035
-0.136
 0.610
 0.679
 0.199
 0.521
 1.287
 1.127
 1.451
-0.116
-0.417
-0.741
-0.015
-0.972
-1.427
-0.123
 0.754
 0.806
 0.538
 0.020
-0.263
 0.203
 1.098
 0.024
 1.638
 3.055
 2.310
 1.254
 0.376
 0.881
-0.811
 0.270
-0.356
 1.294
 1.952
 0.826
 1.097
 1.426
 0.954
 1.089
-1.634
-0.958
 1.186
 2.225
 1.782
 1.747
 0.120
 0.982
 0.486
 0.460
 0.448
-0.068
 0.881
-0.404
 1.355
 1.614
 0.819
 1.276
 0.974
 0.891
 1.300
 0.032
 0.677
 0.114
-0.995
-1.999
-0.718
-0.084
-0.400
-1.535
-0.531
-1.327
 0.023
-0.762
-0.238
-0.458
 0.471
-0.730
-0.933
 0.582
 0.470
-0.053
 0.014
 1.931
 0.196
-1.006
 0.006
-0.488
-0.753
-0.108
-0.070
 0.300
-0.750
-0.452
-0.284
-0.093
-1.145
 1.189
-0.177
-0.459
 0.417
 0.093
 1.213
-0.337
-0.669
-0.498
-1.529
-0.150
-1.385
 0.332
 0.577
 0.097
 0.602
 0.869
-0.129
 0.191
-1.131
-1.884
-1.451
-0.023
 0.111
-0.691
-2.227
 0.028
-0.822
-0.536
-2.036
-2.501
-0.931
 1.531
 0.892
-0.973
-0.845
 0.297
-0.565
-1.105
-1.649
-1.418
-0.761
-0.477
-0.468
-1.474
-0.403
-0.582
-0.960
-1.278
-1.349
-1.131
-1.624
-1.453
-1.824
-0.418
-1.426
-2.715
-1.125
-2.196
-2.195
-2.664
-0.123
-0.642
-0.191
-0.590
-0.667
-0.399
-1.255
-1.143
 0.548
-0.532
-0.175
-0.050
-0.397
 0.221
-0.240
-0.950
-2.026
-1.573
-0.632
-0.158
-1.333
-1.466
-1.707
-1.143
-1.997
-1.095
-0.713
 0.140
-0.876
 0.634
-1.329
-1.427
-0.241
 0.853
-0.598
-0.557
-0.465
-1.300
-1.540
 0.850
 0.694
 1.848
 0.449
-0.123
-1.044
 0.066
-0.518
-0.378
 0.386
-0.033
 0.616
-0.029
-0.953
-1.941
-0.772
 1.632
 1.352
 1.273
 0.498
 0.747
 0.771
-0.412
 1.522
 1.264
 1.104
-0.358
 2.106
 1.522
-1.386
 1.046
-0.543
-0.244
-0.088
 1.149
 1.911
 0.378
 0.443
 0.372
 0.158
 0.663
 0.394
 0.374
-0.795
 0.066
-0.116
-1.090
 0.928
-0.150
-0.823
 1.037
 0.684
-1.023
-0.617
-0.363
 0.204
-0.310
-1.398
-1.371
-0.713
-0.215
-1.776
-1.839
 0.462
 0.899
-0.967
-0.748
 0.706
-0.841
 0.052
 0.399
 0.421
-0.727
-0.197
-1.138
-0.442
 0.541
 0.636
 0.636
 0.118
-0.431
 0.058
 0.024
-0.007
 0.794
-1.192
-0.220
-0.582
-0.904
-1.162
-0.453
-0.211
 0.117
 0.224
 0.711
-1.725
 0.435
 0.237
-0.856
 0.193
-0.608
-1.579
 0.705
 0.239
 0.441
-0.267
 0.236
-0.345
 0.981
 0.254
 1.189
 2.665
 2.936
 2.579
 0.026
 0.008
 1.495
-0.466
 0.634
 0.286
 0.081
-0.244
 0.932
 0.748
 0.879
 0.920
 1.535
 1.076
 0.957
 2.072
 1.459
 0.148
 0.329
-0.458
 0.078
 0.329
 0.588
 0.941
 1.370
 0.899
 1.314
 0.245
 1.783
 2.867
 0.725
 2.329
 0.440
-0.585
-0.050
 1.221
 1.169
 1.798
-0.132
-0.661
 0.204
 0.405
-0.518
 0.371
-1.533
-1.066
 0.778
-0.996
-0.363
 0.334
-0.366
 0.267
-0.829
-0.627
-0.679
 0.804
 0.012
-0.142
-0.420
-0.584
-0.181
 0.726
-0.801
 1.332
 0.324
 1.006
-0.066
 0.784
 1.627
 1.961
 0.760
 0.122
 0.145
 0.457
 0.157
-1.105
-0.680
 0.071
-0.703
 0.419
-1.283
-1.164
 1.006
 0.550
-0.063
 0.787
-1.074
-0.345
-0.640
 0.852
-0.677
 0.812
-0.670
 0.588
-0.489
 0.735
 2.259
 1.835
 0.929
 0.738
 2.273
 0.467
 1.293
 0.200
-0.615
 0.972
 0.814
 0.591
 0.202
 1.446
 0.535
-0.025
 0.889
-0.201
 0.358
 0.877
 0.992
 0.690
-0.559
-0.186
-0.709
-0.797
-2.025
-2.017
-0.416
-0.178
-0.204
-0.852
 0.437
 1.086
-1.690
-0.982
 0.974
-1.350
 0.243
-0.038
-1.405
-2.045
 0.223
 1.375
-0.056
 0.505
-0.441
-1.190
-1.080
-0.290
-0.012
 0.211
-0.061
-0.285
 0.890
-0.524
-0.269
 0.290
-1.699
-0.578
 0.459
 0.305
-0.767
-1.227
-0.800
-0.750
-0.511
 0.604
 0.181
 1.185
-0.077
-2.463
-1.826
-1.616
-1.812
-2.171
-0.171
-2.280
-1.987
-0.766
-0.510
 0.044
-0.808
-1.467
 0.140
 0.568
-0.889
-1.805
 0.553
 0.427
-0.066
 0.684
-1.503
-1.248
-0.365
-1.255
-0.057
 1.126
 0.640
 0.852
 0.349
-0.261
 0.276
-0.125
-0.711
 0.075
-0.890
 0.696
 1.861
 2.226
 2.208
 1.560
 2.522
 1.248
 0.513
 1.712
 0.609
 0.030
 1.229
-1.721
 0.699
 2.085
 0.778
-0.249
 0.488
 0.154
 0.524
 0.676
 0.741
-1.743
-0.538
 0.307
-0.687
 0.645
-0.955
-0.734
-0.626
 0.388
 1.327
-0.308
 0.297
 0.599
-0.217
 0.279
-0.533
-0.430
-0.740
-0.549
 0.026
 0.535
-0.373
 2.107
-0.342
-0.989
-1.742
-1.343
-1.644
-1.051
-0.465
 0.424
-0.172
 0.866
 0.545
-0.501
-0.411
 0.146
 1.111
 0.151
-1.611
-1.051
-0.717
-0.195
-0.798
 0.287
 1.250
 1.917
-0.541
-0.173
 1.164
 1.003
 0.029
 0.442
-1.201
 0.095
-0.290
 0.856
 0.134
-1.620
 0.089
-1.586
-1.441
-0.864
-1.978
 0.151
-0.759
-1.421
-0.456
 0.728
 0.205
-0.282
-0.542
-1.508
 0.797
 1.133
 0.635
 0.504
 0.923
 0.282
-1.056
 0.040
 1.287
-0.394
-1.504
 0.055
-0.697
 0.521
 0.297
 0.861
-0.157
 0.327
 0.603
 1.108
 0.299
-0.294
-0.086
-0.341
-0.745
-0.226
-1.688
-1.924
-0.549
-0.641
-1.162
-0.400
 0.063
 0.044
-0.804
 0.213
 0.014
-0.568
-0.854
-1.249
-2.151
-0.545
-0.728
-0.763
 0.376
-0.495
-0.343
-2.086
-0.631
-0.219
-1.510
-0.964
 0.303
 0.343
-0.413
 0.026
-0.304
-1.284
-0.789
 0.997
-1.174
-0.627
-0.777
-0.159
-0.959
-0.483
-1.035
 0.329
 0.027
-0.577
-0.082
-0.806
-0.395
-1.366
-0.778
 1.263
 0.562
 0.009
 0.163
-0.105
 0.973
-0.411
-0.870
-1.908
 0.156
-0.305
-0.648
-0.392
-0.795
-1.907
-0.287
 0.585
-1.731
-2.673
-2.749
-2.004
-2.408
-0.672
-1.484
-0.571
-1.455
-1.231
-1.390
-0.114
-0.253
 0.292
-0.186
-1.751
-1.578
-0.985
-0.394
-0.120
 1.037
-0.715
 0.454
-0.457
-0.159
 1.034
-1.223
-0.949
-0.715
-0.931
-0.061
-0.210
-0.881
 0.006
-0.706
-1.214
-0.306
 0.295
-2.301
-1.365
-1.750
 0.190
-0.833
-0.472
-0.495
-0.009
-0.750
-1.253
-0.750
-0.383
-1.730
-1.086
-0.865
-1.367
-0.874
-1.536
-1.404
-0.458
-0.788
 0.522
-0.208
 0.056
 0.182
 1.152
-0.207
-0.433
-0.173
 0.190
-0.466
 0.061
-0.862
-1.173
-0.581
-1.348
-0.598
-1.914
-0.315
-1.896
-1.052
-1.400
-0.479
-1.944
-1.160
 0.902
 0.914
-0.369
-1.959
-1.296
-1.545
-2.041
-1.619
-2.973
-1.503
-1.789
-0.848
-1.023
-0.676
-1.442
-0.874
-1.884
-1.207
-0.342
-0.912
 0.110
 0.459
-0.139
-0.137
 0.042
-1.447
-1.043
-1.100
-1.845
-0.223
-1.443
-1.306
-1.425
-0.817
-1.035
 0.586
-0.945
-0.927
-0.362
-0.715
-0.578
-0.787
-0.544
 0.326
-0.952
-0.502
-0.044
-0.090
-1.206
-0.206
-0.327
-0.701
-1.163
-1.209
-0.823
-0.159
-0.468
-0.670
-0.619
-0.531
 0.080
 0.942
-0.655
-2.044
-1.168
 0.059
-1.023
-1.952
-1.070
-0.373
-1.186
-1.435
-1.773
-0.141
 0.259
-1.483
-0.249
-0.733
-1.267
 0.368
-1.946
-1.931
-1.875
-1.433
-0.294
 0.399
 0.381
 0.685
-0.362
-0.096
-1.001
-1.672
-1.953
-1.083
-1.260
 0.131
-1.782
-2.126
-0.026
 0.566
-0.157
 0.751
-0.220
-0.298
-0.518
-0.055
 0.652
-1.228
 0.203
-0.349
-0.332
-0.719
-0.112
-0.114
 0.011
 1.559
-0.437
 0.094
-0.351
 0.806
 0.587
-0.601
 0.717
 0.696
 0.111
 1.399
 0.720
-0.685
-0.270
-0.979
-0.138
 1.225
 0.313
-0.532
-1.279
-0.965
 0.716
-0.976
-0.816
-1.778
 0.087
-1.025
-1.420
 0.393
 1.300
 0.228
 0.303
 0.621
-1.310
 0.187
 0.021
-1.386
-1.911
-0.137
-0.742
-0.740
-0.315
-2.549
-0.419
-0.783
-0.068
-0.596
 0.043
-1.680
-0.917
 0.246
 0.492
 0.600
 0.957
-0.183
 1.239
-1.638
-1.196
-0.407
 0.037
-1.114
-1.322
-1.189
-1.048
 0.038
-0.634
-0.009
-0.240
-0.490
-1.582
-0.079
-0.211
 0.729
 0.543
 0.838
-0.476
-0.129
-1.081
 0.220
 0.274
-0.579
 1.499
-0.847
 0.537
 1.026
 0.923
 0.141
-0.048
-0.248
-0.253
-0.389
-0.233
-1.748
-1.744
-1.205
-0.105
-0.200
-0.211
-0.206
 0.418
-0.901
-0.957
-0.830
 0.061
-0.644
-2.092
-1.689
-1.706
-0.130
-0.858
-0.039
-0.851
-0.170
-1.508
 0.210
-0.260
-0.898
 0.017
-0.245
-0.554
-0.264
-0.321
 0.161
-0.506
-0.553
-0.310
-0.794
-0.758
-0.115
-0.305
-1.714
-1.131
-1.771
-1.145
-1.165
-0.725
 0.585
 0.177
 0.429
-0.822
-0.503
-1.080
 0.045
 0.258
-0.157
-0.331
-0.415
-0.099
-1.286
-1.188
-1.615
-1.999
-1.486
-2.658
-3.699
-2.143
-1.739
-1.310
-2.285
-1.493
-1.318
-0.762
-3.564
-2.363
-1.283
-0.898
-1.592
-0.999
-0.213
 0.503
-0.086
-0.509
-1.405
 0.030
-0.526
-0.928
-1.301
-0.908
-0.366
-0.197
-0.646
-0.832
-0.456
-0.330
-1.006
-1.069
-0.716
-0.913
-0.583
 2.370
 0.392
-0.474
-1.212
-0.755
 0.612
-0.711
-0.298
-1.351
-0.974
-1.211
 0.525
-0.316
-0.583
-0.825
-1.283
-1.673
-2.444
-2.590
-2.533
-0.671
-3.004
-0.522
-0.252
-0.303
-0.792
-0.487
-0.081
-0.383
-0.597
 0.594
 0.531
-0.384
-1.019
-0.695
 2.050
 0.060
 1.149
 0.397
 0.126
 0.639
 0.140
-0.284
 1.113
-0.227
-1.313
-0.602
-0.242
 0.367
-0.297
-0.690
 0.027
 1.204
 0.645
-0.216
-0.296
-1.331
-0.393
-2.421
-1.308
-1.088
-0.355
 0.423
-1.040
 0.566
-1.731
-2.044
-0.952
-0.174
-1.006
-0.470
-0.635
-0.343
 0.665
-0.328
 1.820
 1.702
-0.237
 0.471
-0.442
 0.034
 0.291
-0.198
 0.041
 0.431
-1.017
-0.075
-0.155
-0.221
-2.345
-1.103
 1.017
-0.921
-0.234
 0.333
 0.722
 0.124
-0.314
 0.513
-1.280
-0.322
 0.632
 0.278
-0.824
-0.561
 1.283
-0.488
-0.664
-1.502
-0.601
-1.249
-2.985
-2.585
-1.461
-0.044
-0.458
-1.044
-1.502
-0.272
-0.314
-0.172
-0.790
 0.178
-1.444
-0.321
 0.861
 1.253
 0.538
-0.327
 1.868
 1.257
 0.389
 0.447
 0.122
 0.099
 0.259
-0.113
 0.310
-0.599
-0.509
-0.096
-1.262
 0.026
-0.505
 0.995
-0.455
-0.756
-0.158
 0.533
 0.442
-0.233
-1.099
-0.197
-1.636
-1.949
-2.249
-0.810
-0.808
-2.120
 0.123
-0.751
 0.455
-0.419
-0.407
-0.994
-1.265
 0.058
 0.247
 0.543
-3.138
-1.357
-1.793
-0.942
-2.038
-1.407
-0.926
-1.624
-2.267
-2.792
-2.069
-1.146
-0.160
-2.067
-1.517
-0.638
-2.665
-0.879
-1.584
-0.580
-0.368
-0.009
 0.465
 0.265
-0.737
-1.293
-0.195
 0.294
-1.308
-1.693
-0.812
 0.079
-0.306
-0.256
-1.289
-0.796
-0.860
-0.917
-1.241
-0.906
 0.003
-1.196
-1.093
-1.792
-0.984
-1.017
-0.797
 0.753
 0.119
-0.071
 0.585
-0.928
 0.540
 0.559
-0.620
 0.186
-0.702
-0.191
-1.605
-1.407
-0.819
 0.007
-0.539
-1.816
-1.553
-1.423
-0.308
-2.292
-1.302
-0.440
 1.074
 1.340
 2.013
 0.725
 1.450
 0.221
-0.915
-0.604
 0.124
-0.618
 0.799
-1.167
-1.743
-1.010
-0.175
-1.377
-0.596
-0.842
-1.348
-0.809
 1.198
 0.234
 0.594
-0.587
-0.702
-0.526
-0.783
-0.780
-1.758
-1.703
-0.777
-0.386
-1.656
-0.777
-0.159
-0.253
 0.631
 3.018
 1.606
-0.760
-1.803
 0.368
-0.112
 0.378
 0.607
 0.411
-0.259
-1.438
-0.729
-1.818
 0.345
-1.403
-0.005
 0.437
 0.035
 1.216
 1.348
 0.398
 1.187
 1.595
 0.668
 1.608
 1.413
-0.646
-0.877
 1.127
-1.050
 1.431
-0.265
-0.600
 0.775
 0.562
-1.132
-0.475
-0.522
 0.665
 0.677
 0.524
 0.590
 1.920
-0.044
 1.218
 0.866
-0.288
 0.644
 1.270
-0.169
 0.112
-0.069
 0.741
 0.634
 0.728
-0.890
 0.510
-0.056
 0.956
-0.023
 0.667
-0.900
-0.962
-0.967
 0.797
 0.071
 0.573
-1.880
-0.562
-1.845
-1.362
-0.204
 0.118
 1.016
 0.381
-0.109
 0.219
 0.504
-0.282
 1.268
-1.065
-1.130
 1.400
 0.734
 1.127
 1.243
-0.295
 1.564
 0.159
-0.989
 1.287
 0.970
 0.372
-0.936
-0.362
 0.053
-0.630
-1.463
-1.525
-0.526
-0.358
 0.010
 0.515
 0.212
 1.268
-0.184
-0.197
-0.360
-0.616
 0.926
-0.688
 0.059
-0.055
 1.665
-0.980
-0.092
-0.153
-0.090
-0.186
-1.093
 0.367
 0.530
-0.270
-1.254
-0.700
-0.858
-2.073
 0.188
 0.008
 0.358
-0.003
 0.031
-0.727
 0.256
-0.545
-0.063
-0.420
-0.769
-0.432
-2.345
-1.162
-2.452
-0.950
-1.398
-1.325
-0.704
 0.688
 0.625
-1.590
-1.397
-0.129
-0.647
 0.377
-1.544
 0.923
-0.538
-0.964
-2.814
-3.211
-0.774
-0.303
-0.594
-0.567
 0.940
-0.544
-0.627
 0.510
-0.806
 0.077
-2.449
-1.039
 0.124
-1.446
-0.435
-1.637
-0.133
-1.605
 0.298
 1.279
-0.740
 0.337
 0.899
-0.569
-1.033
-2.559
-0.750
 0.120
 0.105
-0.070
 0.335
-0.622
-1.062
-1.436
-0.123
-0.220
-1.034
-0.792
-1.088
-2.442
-1.962
-1.676
-1.949
-1.506
-0.306
-1.875
-2.253
-1.130
-0.090
-0.579
-0.232
-2.106
-1.484
-0.057
 0.193
-0.781
 0.235
-1.154
-0.221
 0.666
 0.135
 0.495
-1.918
 0.560
-0.988
-0.495
-0.976
-0.206
-0.812
-2.078
-1.170
-1.430
-0.153
-1.127
-0.193
-1.002
-1.496
 0.676
 0.141
-1.270
-1.429
 0.052
-0.913
-0.360
 0.037
 1.168
 0.672
-0.022
 1.218
-0.532
-1.082
-0.933
 0.027
 1.266
 0.364
-0.829
-0.226
-0.077
-0.341
 0.508
-0.141
-0.709
-0.210
-0.646
-0.828
-0.137
 0.316
 0.594
-1.898
-1.621
-0.511
-0.650
 1.386
-0.024
-0.136
 0.508
-1.215
 0.886
 0.289
-0.669
 0.321
 0.236
-0.715
-0.402
-0.529
-0.273
-0.936
-1.004
-0.030
-0.241
-1.282
-0.990
-0.079
 0.076
-0.184
 0.638
-0.848
-0.507
-1.078
-0.525
-1.169
-1.051
-0.346
-1.348
 0.009
-0.996
-0.269
 0.735
-0.127
 0.318
-0.244
-1.096
-1.393
-1.471
-1.599
 0.185
-0.372
-2.126
-1.680
-0.661
 0.697
 0.617
-0.517
-1.291
-0.519
-0.268
-1.463
 1.041
 1.089
 0.434
 0.802
-1.108
 0.244
-0.038
 0.372
-0.734
-1.256
-0.471
-1.314
-1.014
-0.334
 0.268
-0.393
-0.177
-1.790
 0.145
-0.739
 0.753
-0.725
-1.001
-0.151
 1.612
 1.235
 0.759
 1.318
 1.166
 0.753
-1.581
-1.260
-0.740
-0.786
-0.429
-1.332
-1.439
 0.274
 1.497
 0.025
-0.215
-0.900
 0.516
 1.225
 0.387
 0.295
-0.251
 0.553
-0.952
 1.389
-0.383
-1.657
 0.660
-0.989
-0.298
-0.126
-0.391
-1.533
-1.288
-0.584
 0.406
 0.324
 0.581
 0.590
 0.365
-0.196
-0.958
-0.596
-0.264
-0.472
-1.861
-0.765
-0.669
-2.015
-2.205
-1.260
-0.064
-1.988
-0.291
 0.159
-0.164
 1.142
 0.426
 1.107
 0.027
-0.745
-0.272
-0.986
-0.982
-1.540
 0.041
-0.291
-0.214
 0.494
-0.409
-0.405
-0.815
-0.513
-0.111
 0.997
 0.059
-0.566
-0.845
-1.892
-1.320
-0.320
-0.053
 0.164
 0.070
-1.797
-0.261
-0.545
-0.405
-1.945
-1.732
-1.986
-1.396
-1.219
-1.896
-1.352
-0.282
-0.627
-0.756
-0.851
 0.176
 0.192
-1.034
-1.824
-1.239
-0.767
-1.790
-1.338
-1.716
-0.555
-1.145
-1.065
 0.283
-0.118
-0.101
-0.776
-0.886
-3.028
-1.325
-0.747
-1.058
 0.334
 0.686
 1.077
 1.042
 0.720
-0.063
-0.386
-1.265
-1.027
-0.428
-0.487
-0.590
-0.183
-2.595
-0.615
-1.185
-0.967
-0.802
-2.290
-0.325
-0.793
-2.002
-0.208
 0.606
-1.794
-0.005
-0.186
-1.112
-2.416
-1.914
-1.772
-0.673
-1.554
-1.312
 0.029
-0.268
 0.686
 0.090
-0.881
-0.777
-1.198
-1.022
-1.344
-0.561
-1.034
-1.221
-1.378
 0.004
 0.968
-0.536
-0.200
 0.481
 0.617
 0.694
-0.594
 0.080
-1.339
 0.612
 0.263
-1.175
-0.588
-0.572
-1.935
 0.481
-0.291
-0.724
 0.303
-1.315
-0.960
-0.521
-0.812
 0.307
 1.597
 1.612
-0.066
-0.317
 0.114
-0.862
 0.517
 0.427
 1.982
 1.320
 0.023
 0.354
 0.631
 0.009
-0.212
-0.061
-1.476
 0.717
 0.784
 0.587
 1.468
 1.682
 0.858
 0.883
-0.771
-1.424
-0.227
 0.876
-0.385
-1.601
-0.451
-0.592
-1.498
-0.485
 0.510
-0.238
 1.330
 2.081
 1.039
 0.929
 1.750
 1.697
 1.353
-0.201
 0.397
 1.464
 0.281
 0.782
 0.014
-0.310
-0.907
 0.178
 0.526
 0.375
 0.254
 0.064
-0.306
 0.132
 0.245
 0.866
-0.098
-0.096
-0.061
 0.260
-1.034
 0.842
 1.084
 0.397
 0.728
 0.076
 0.847
-0.034
-0.727
-0.068
-0.600
-0.671
-0.994
-1.945
-1.122
 0.205
 0.614
 0.117
-0.442
-0.182
 0.636
-0.822
-0.233
 0.192
-1.469
 1.636
 1.191
 0.017
 1.049
 0.604
 2.635
 0.366
-0.561
-0.390
-0.048
 2.691
 1.033
 0.591
-0.143
 0.695
 0.802
 1.098
 1.692
 0.098
 0.393
 2.085
 0.434
 0.576
-0.129
 0.191
 1.138
 0.670
 1.025
 0.884
 0.220
-0.161
-0.222
-0.857
-1.603
-0.788
 0.523
-0.428
 0.291
 0.419
 1.052
 0.157
-0.502
-0.163
 1.101
-0.231
 1.895
 0.230
-1.033
-1.704
-1.691
-0.786
-0.334
 0.517
 1.530
-0.052
-0.250
 0.231
 0.642
-0.729
-0.087
-1.278
-0.748
 1.010
 0.085
-0.641
-1.457
-0.462
-1.294
-0.132
-1.355
-2.521
-0.169
 0.258
-0.855
-0.851
 0.134
-0.621
-1.063
-0.267
 1.426
-0.235
-0.004
-0.722
-0.533
-0.874
 0.294
-0.679
-0.948
-0.142
 0.261
-0.036
-0.890
-0.470
-0.232
-0.927
 0.126
 0.236
 0.007
-0.100
-1.112
-0.109
-0.109
-0.963
-0.886
-1.141
-1.315
 0.664
 0.570
-0.083
 0.896
 1.018
 0.636
 1.309
 0.113
 0.180
-0.066
 0.961
-0.433
 0.411
 0.753
 0.576
-0.883
 0.001
 2.003
 1.619
 0.464
-0.554
 0.568
-0.031
 0.497
 0.279
 0.606
 0.929
 0.940
 0.958
 0.804
 0.612
 0.405
-0.031
 2.157
-0.036
 0.520
-0.467
 0.273
 0.300
-0.208
-0.573
 0.253
 0.386
 0.871
 0.792
 0.365
-0.340
 0.936
 0.526
 0.895
-0.058
-0.476
 0.925
-0.017
 1.730
 1.568
 0.984
 1.097
-0.922
-2.304
-2.253
-1.209
-1.108
-0.643
 0.477
 0.850
 1.266
 0.729
 0.519
 1.068
-1.300
 0.370
-0.042
-0.035
-1.823
-2.278
-0.402
 0.143
-0.489
-0.151
 0.282
-1.182
-0.162
-0.320
-2.567
-1.904
-0.583
-0.121
-2.164
-1.159
-1.220
-1.350
 0.285
-1.695
-1.963
-0.431
-1.238
-0.439
-0.779
-0.025
 0.031
-0.871
 0.028
-0.598
 0.263
-0.457
-2.156
-1.392
-1.090
-1.105
-0.213
-0.615
-0.089
 0.354
-0.499
-2.026
-1.396
-1.058
-1.904
-0.188
-1.058
 0.006
-0.310
-0.920
-1.132
 0.205
 1.000
-0.545
-0.856
-1.265
 0.577
-0.213
 1.594
 0.353
-0.336
 0.133
-0.912
-0.525
 0.531
 1.319
 0.085
 0.600
-0.764
 0.469
 1.107
 0.348
 0.280
 0.241
-0.856
-0.051
 0.695
-1.525
 0.093
-0.637
 1.286
 0.562
 1.655
 0.480
-0.813
-0.414
-0.193
 0.530
-0.591
 0.375
-0.102
 0.007
 0.554
 0.749
 0.470
-0.008
 0.342
 0.435
-0.213
-1.397
 0.075
-0.201
-0.402
-1.420
-1.329
-1.036
-0.514
-0.226
-1.053
 1.154
 0.158
-0.525
-0.021
-0.733
-0.270
 0.088
 0.418
 0.531
 0.270
-0.077
 0.436
 1.316
 0.649
-0.110
-0.393
 1.805
-0.304
-1.093
-0.228
-0.812
-0.708
 0.190
-0.178
-1.005
-1.626
-0.073
 0.034
-1.976
 0.538
-1.076
-1.263
-1.267
-0.845
-0.452
 0.508
-0.732
-0.420
-1.541
-1.234
-1.978
-1.215
-1.213
-0.764
 0.738
 0.490
 0.338
-1.274
-0.728
-1.457
-0.376
-2.106
-1.042
-1.609
-3.413
-0.494
 0.142
-0.599
 0.165
-0.680
-1.212
 0.104
-0.823
-1.406
 2.372
 1.245
-0.229
-0.610
 0.143
-1.220
 1.071
-0.596
-0.114
 0.795
 0.327
 1.113
 0.542
 1.368
-0.725
-2.153
-1.270
-0.212
-0.978
-0.909
-1.557
-0.139
 0.065
 0.032
-0.496
 0.047
 0.207
-0.107
-0.754
 1.219
 0.318
-0.806
-1.517
-0.365
-0.445
-0.723
-1.122
 1.728
 0.477
 0.496
 0.143
-0.243
-1.540
-0.874
-0.006
-1.686
-0.150
-0.377
-0.542
-1.065
 0.794
-1.803
-3.074
-0.795
-1.413
-0.682
 0.738
 1.161
-0.263
 0.895
 2.101
 0.988
 0.738
 0.914
 0.082
 0.263
 2.195
 0.830
-0.125
-0.516
 1.084
 0.263
-1.105
-0.195
 0.968
-0.114
 0.199
-0.111
-0.741
 0.801
-0.204
 1.296
 0.344
 0.045
-0.280
-1.002
 0.442
-0.242
-1.535
-0.809
-0.056
 0.694
 0.310
-0.737
-0.620
 1.670
 0.947
 1.008
 0.781
 0.481
-1.154
-0.052
 0.154
 0.569
-0.578
 0.172
-0.092
 0.149
 0.302
 0.529
 1.633
 1.073
-0.579
-1.324
-0.239
-1.000
 0.018
-1.562
-0.156
-1.668
 0.429
-1.381
-1.094
-2.079
 0.645
 0.168
 0.402
-0.810
-0.620
-1.142
-0.673
-2.684
-1.027
-0.569
 0.107
-0.522
-0.311
-0.199
 0.123
-0.450
-0.811
-0.064
-0.045
-1.590
-2.492
-1.149
-1.337
-1.965
-1.308
 0.268
-0.193
-2.522
-1.628
-1.914
-2.691
-1.149
-1.195
-1.438
-0.062
-0.063
-1.107
-0.405
-0.704
-1.004
-1.072
 1.040
 0.729
 0.186
 0.914
-0.179
-0.819
-0.729
 0.637
-0.498
 0.866
 0.282
-0.603
-0.458
-0.016
-1.519
 0.066
-1.040
-1.257
-0.370
-1.093
-2.159
-1.597
-0.875
-1.202
-0.022
-2.131
 1.194
 0.942
-0.950
-0.085
-1.729
-0.797
-0.884
-0.854
 0.837
 0.037
 0.634
 0.425
-0.061
-0.446
-1.065
-0.722
-0.588
-0.201
-2.603
-1.154
-0.745
-1.225
 0.099
-2.028
-1.377
-0.108
 0.518
 0.357
-1.132
-0.825
-0.093
-0.157
-1.222
-0.853
 0.998
-0.901
 0.303
 0.148
 1.769
-0.305
-0.190
 0.145
-1.568
-1.896
-1.706
-1.135
-0.373
-0.981
 0.799
 2.003
-0.093
-1.236
-1.837
-1.864
-2.563
-1.074
 0.020
-0.949
-0.634
-1.705
-1.952
-0.947
-2.249
-1.651
-0.432
-0.085
-2.016
-2.809
-1.613
 0.504
 0.547
-1.959
-1.079
-0.542
 1.301
 0.330
-0.684
-0.507
 0.520
 0.343
 0.051
-0.723
-1.179
-0.486
-0.190
-0.902
-1.679
 0.228
-0.213
-0.670
-0.061
-2.270
-1.560
-0.375
-0.459
-1.377
-0.711
-1.086
-1.024
 0.376
 1.318
-0.414
-2.234
-2.048
-1.027
-0.568
 0.150
-1.226
-0.004
-0.617
 0.979
 0.492
-0.139
 0.082
-0.249
 0.805
 0.460
-0.633
-1.098
-0.733
-1.244
-0.182
-0.030
-2.116
-0.412
-0.657
-0.695
 0.688
 1.327
-0.383
-0.792
-0.905
-1.067
-0.392
 0.253
-0.913
-1.176
 0.433
 1.217
-0.901
-0.700
-1.516
-1.170
-1.266
-1.729
-2.082
-2.325
-0.911
-2.045
-1.955
-2.281
-1.908
-1.494
-1.297
-1.042
 0.161
-1.294
-1.324
 0.072
 1.376
 0.758
-0.293
-1.995
-1.393
-0.947
-1.153
-0.554
-0.306
 0.319
-1.177
 1.137
 0.545
-0.291
-0.123
 0.181
 1.163
 0.645
 0.031
 0.155
-0.132
-0.152
-1.552
-1.143
-1.238
 0.107
-0.778
-0.201
-0.064
-1.306
-0.314
-2.156
-0.544
 0.675
-1.638
-0.162
 0.629
 0.216
 0.449
 1.093
 0.288
-1.244
-0.010
-1.231
-1.403
-1.617
 1.134
-1.400
-0.766
-0.374
 0.339
 0.834
 0.283
-0.289
 0.031
 0.184
 1.769
 1.013
 0.426
-0.704
-0.997
 0.577
-0.297
-0.494
-0.917
-1.481
 0.237
 0.000
-1.340
-1.229
-0.889
-0.213
 0.287
 0.757
 2.245
 1.052
-0.337
 0.932
 1.410
 0.133
 0.813
-0.577
-1.254
 0.572
 0.415
 1.394
 0.909
-0.275
-0.171
 0.427
-0.247
-0.198
-0.209
 0.211
 0.006
-1.394
-1.540
-0.071
 0.414
-1.543
 0.642
 0.465
-0.089
-0.410
-0.109
-1.908
-1.154
 0.753
-0.276
 0.856
 0.582
 0.014
 1.235
 1.230
 1.262
 0.687
-0.549
 0.224
-1.733
-0.195
-1.082
-0.039
 0.739
-0.953
-0.756
-1.661
-0.764
-0.563
 0.681
 1.524
 0.972
-0.412
 0.572
-0.135
 1.041
 0.434
 1.430
 0.670
 1.313
 1.005
 0.364
 0.688
 1.783
 0.223
 0.633
 0.699
 0.500
-1.146
-0.946
-0.823
-0.081
-1.122
-1.103
 1.056
 0.396
 1.411
 0.999
 0.512
 0.471
-0.684
-1.803
 0.502
-0.201
 0.708
-0.054
 0.566
 0.808
 0.432
-0.187
 0.965
 0.393
 0.102
 0.057
-0.005
-0.557
 0.511
-1.370
-1.158
 0.120
-0.432
-0.206
 0.855
 0.583
 0.866
 0.849
 1.353
 0.242
 0.853
-0.248
-0.504
 0.196
 1.721
 1.233
 0.211
 1.498
 0.507
-0.007
 0.062
 0.505
-0.639
-0.343
-1.066
-1.973
-0.766
-1.824
-1.634
-2.496
-2.682
 0.239
 0.609
-1.365
-0.293
-0.121
-0.532
-0.497
-0.181
-0.149
-0.785
-1.691
-1.469
-1.332
-1.690
-0.949
-2.172
-0.441
-2.049
-1.344
 0.297
-1.340
-1.499
-0.883
-1.720
-1.930
-0.514
-1.703
-1.551
-1.048
-1.652
-2.481
-0.625
 0.991
 0.096
-0.319
-1.289
-2.600
-0.461
-0.157
-1.963
-2.478
-1.394
-0.717
-1.312
-0.983
-1.554
-1.255
-0.230
-2.025
-2.542
-2.492
-3.760
-2.633
-2.207
-0.575
-2.119
-0.648
-1.098
-1.964
-1.153
-0.885
-1.473
-2.231
-1.185
-1.399
-0.137
 0.505
-0.186
-0.372
-0.463
-1.904
-1.053
-1.614
-0.739
-0.499
 0.268
-0.247
-0.836
-0.392
 0.731
 1.426
 1.544
 0.412
 1.328
 0.078
 0.400
-0.765
-0.713
-0.408
-1.225
-1.744
-2.028
-0.001
-0.956
-0.508
-1.168
-2.314
-0.388
 1.140
-0.646
-0.063
-0.207
 0.338
 0.139
-2.650
-0.515
-0.891
-0.387
-0.133
-1.798
 0.036
-0.856
 0.216
-1.848
-0.027
-0.413
-1.031
-1.041
-1.437
-0.227
 0.288
-0.004
 1.485
-0.181
-0.544
-0.866
-1.723
 0.705
 0.449
-0.861
-0.616
-1.471
-0.953
-3.019
-0.844
-1.407
-1.046
-1.054
-0.348
-0.752
 0.579
-1.230
-1.122
-0.303
 0.685
 1.244
-0.414
-1.979
-0.472
 0.183
-0.108
 0.696
 1.680
-0.573
 0.499
 0.704
-0.106
 0.084
 0.928
 1.088
 0.290
-0.332
-1.006
-0.314
 0.136
-0.180
-0.597
-1.031
-0.357
-0.022
 0.808
 0.731
-0.049
 0.384
 0.685
-1.517
-1.042
-0.497
 0.194
 0.213
-1.009
-0.927
-0.717
 0.012
-0.278
-0.757
 0.425
-0.134
 0.274
-0.061
-0.448
-0.102
 2.230
 1.684
 0.483
 0.772
 1.401
 0.434
 1.697
 1.069
 0.724
-1.349
-1.067
 1.368
 0.376
-1.367
-0.466
-0.374
 0.484
 0.918
-1.085
-0.108
-0.559
-1.240
-1.340
-0.401
 0.404
 0.570
-0.985
-0.363
-1.541
 0.025
-0.634
 0.056
-0.763
-0.349
-1.219
-0.743
-0.974
-0.939
-2.092
-0.005
 0.099
 0.409
 0.095
-0.971
-1.135
-0.733
-1.522
-0.077
-1.279
 0.002
 2.360
 1.470
-0.046
-1.116
-0.451
-0.437
-0.849
-0.446
-0.110
-0.202
 0.875
 0.061
-0.199
 0.710
 0.934
 1.852
 0.063
-0.141
 0.868
-0.026
 0.762
 2.504
 1.263
 1.280
-0.132
 1.203
 0.678
 0.253
 1.550
 1.588
 1.465
 0.743
 0.845
 1.023
 1.954
 1.308
-1.330
 0.406
-0.011
 0.018
-0.672
 0.667
 0.704
-0.358
-1.694
-2.132
-2.655
-0.906
-0.849
-1.835
-1.597
-1.502
-1.359
-2.158
-0.751
-0.911
 0.153
-0.583
 0.403
-0.983
-0.696
-1.098
-0.020
-0.635
-0.877
 0.483
 0.340
 0.304
-0.682
-0.333
-0.221
 1.256
 2.425
 0.662
-0.492
 1.439
 0.865
-0.222
 0.770
-0.139
-0.203
 0.639
-0.297
-0.804
-1.286
-0.712
 0.197
 1.322
 1.814
 0.809
 0.804
 0.437
-0.326
 1.125
 0.722
-0.067
-0.369
-1.280
-0.623
 0.146
 0.312
 0.170
 0.992
 1.040
 0.621
 0.985
 0.417
 1.313
 0.940
 1.046
-0.574
 0.128
-0.033
-0.861
-1.166
 1.356
 0.740
 0.516
 0.305
 0.550
 0.258
-1.470
 1.949
 0.788
 1.842
 0.940
 1.214
 1.088
-0.232
 0.009
 0.217
-0.534
 0.764
-0.255
 0.711
 1.105
 1.122
-1.136
-0.498
 0.605
 1.328
 0.063
-1.663
-0.964
-1.288
-0.786
-1.341
-1.008
-0.143
-1.069
-1.470
-0.887
 0.319
-1.162
-1.536
-2.299
-1.529
 1.163
-1.128
-1.842
 0.655
 0.383
-0.939
-0.586
-1.308
 0.205
 0.030
-0.784
-1.278
-1.803
-0.507
-0.943
-2.407
-1.193
-0.648
-0.852
-0.464
-1.073
-1.862
-0.239
-0.248
-2.555
-1.573
-1.538
-0.373
-0.247
-0.952
 0.496
-0.696
-0.040
-0.728
-0.146
-0.669
-1.623
-1.831
-2.358
-0.549
-0.419
-1.684
-0.887
-0.524
-2.677
-0.441
-1.175
-0.052
-0.719
-1.157
 0.737
 0.118
 1.877
-0.715
-0.769
 0.076
-0.041
 0.809
 1.278
 0.771
-1.610
-1.122
-0.541
 0.217
 0.405
 0.896
 0.290
 0.202
 1.565
-0.733
 1.142
 1.004
 0.129
-0.273
 1.342
-0.130
-0.428
-0.561
-0.433
 0.377
 0.223
 0.008
-0.959
-0.306
 0.042
-0.340
-1.406
-0.658
-0.811
 0.508
-0.845
-1.227
-0.250
-1.305
-1.609
-0.286
-0.927
-0.849
-0.846
-1.078
-1.587
-1.727
-0.351
 0.577
 0.122
-0.553
 0.558
 0.850
 0.267
 0.225
 1.163
 0.392
-0.117
 1.003
 1.106
 0.825
 1.901
 0.859
-0.036
-0.112
 0.980
 0.701
-0.635
 0.562
 0.888
 1.591
 1.006
-0.303
-2.092
 1.356
 1.683
 0.535
 0.989
 1.444
 0.606
 0.517
 0.813
 0.623
 0.697
-0.736
-0.337
 0.107
-1.709
-0.954
-0.782
-0.145
 0.754
 1.095
 0.760
 1.105
 1.505
 2.941
 1.506
 1.055
 2.334
 2.484
 2.195
 1.635
 1.598
 0.140
 0.327
 0.014
 0.579
 1.216
-0.028
 1.397
 1.706
 0.786
 1.022
 0.726
 0.137
 0.626
 0.106
 0.471
 0.282
 1.672
 0.011
 0.426
 0.892
-1.475
 0.273
 0.698
 0.560
 0.641
 0.096
 0.707
 0.084
-1.074
-1.433
-1.581
-0.421
 0.515
 0.572
-0.044
-0.016
-0.960
-1.503
-0.114
-0.026
-0.192
-0.259
-0.648
-0.572
-0.358
 0.312
 1.108
 0.102
 0.205
 0.301
-0.937
-1.610
-0.902
-0.691
 0.289
-0.702
-1.663
-0.620
 0.438
 0.050
-0.342
 0.807
 0.964
 0.565
-0.026
-0.347
-0.811
 0.709
 1.316
 0.959
 0.534
 1.401
 1.165
 0.755
 0.411
 0.391
-0.448
 1.037
 0.114
 0.069
 0.071
 0.215
-1.277
 0.900
-0.113
-1.117
-1.629
-0.100
 0.146
 0.139
-0.672
-0.565
-2.808
-0.761
-0.278
 0.588
 0.043
 2.645
 1.557
 0.595
-0.949
-0.589
 0.156
 0.870
 0.581
 0.422
 0.409
 1.023
 0.678
 1.079
-0.261
 0.656
 0.306
 1.223
 1.362
 0.000
-0.775
 0.449
 0.506
 0.805
 0.166
 0.397
-0.137
-0.864
 0.443
 0.692
 1.013
-0.055
 0.400
 0.160
 0.263
-0.228
-1.021
-1.550
 0.299
-1.430
-2.032
-1.376
-1.737
-0.282
-0.964
-0.801
-0.567
-2.017
 0.434
-0.430
-1.155
 0.624
 0.254
 0.295
 0.347
-0.255
 0.038
-1.492
-0.685
-1.159
 1.166
 0.990
-0.577
-0.941
 0.407
 1.420
-0.216
 0.535
-0.730
-0.902
 0.235
-1.346
-0.950
-0.293
-0.567
-0.439
-1.282
-0.695
 0.081
 0.096
-0.110
 0.498
-0.557
-0.003
 0.710
-1.395
-1.763
-0.843
-0.539
 0.339
-1.741
-1.004
-0.612
 0.152
-0.818
-2.985
-0.617
-0.585
-1.012
-1.279
-0.529
-0.297
 1.444
 0.980
 0.327
-0.421
-0.799
-1.273
-1.564
-0.437
-1.644
-0.582
-0.293
-0.972
 0.889
-0.246
 0.256
 0.304
-0.026
-1.057
-0.653
-0.053
-1.288
-0.119
 0.068
-0.548
-1.621
-1.762
 0.609
-0.143
 0.219
 0.030
-0.823
 0.434
 0.528
-0.758
 0.455
-1.845
-2.446
-1.039
-0.877
-0.194
-1.753
-0.535
-0.467
-0.328
-0.603
-1.869
-2.700
-0.528
-2.312
-1.679
-1.613
-0.736
-1.838
 0.001
-0.471
-0.231
-0.628
 0.168
-0.083
-0.812
-0.945
-1.975
-0.568
-0.393
-0.376
-1.239
-1.686
-1.536
-0.965
-0.411
-0.842
-0.218
 0.844
-0.551
-0.276
 0.497
 0.475
 0.127
-0.127
-1.043
 0.774
 0.680
-0.748
-0.530
 0.680
-0.241
-0.009
 1.594
 0.575
 0.171
-0.326
 0.017
 0.030
-0.920
-1.808
-1.603
-1.538
-0.631
 1.082
-0.541
-1.329
-1.132
-1.144
-1.419
-0.213
 1.464
-0.674
-0.019
 0.099
-0.738
-0.066
 0.561
 1.292
 0.070
-0.523
 0.776
 1.638
 1.776
 2.059
 0.848
 1.530
 0.209
 0.544
 1.227
-0.176
 0.537
 0.726
-0.178
-0.605
 0.222
-0.436
-0.044
 0.596
 0.565
 0.911
 1.470
 0.408
 1.079
-0.621
-0.652
-0.468
 1.612
 0.760
-1.347
 0.516
-0.391
-1.956
-1.325
-1.510
-2.230
-1.505
-0.414
-0.257
 0.133
 0.441
 0.464
-1.007
-2.375
-0.831
-0.825
-0.562
 0.604
-0.740
-1.025
-0.803
-1.428
-1.110
-0.306
 0.615
 0.233
-0.821
-0.852
 0.040
-1.248
-1.315
-0.100
 0.901
-1.263
-1.671
-0.608
-1.175
-1.263
-0.506
 1.305
 1.387
-1.505
 0.372
-0.819
-0.204
 0.687
-0.401
-0.705
 0.525
-0.598
-1.063
-1.061
-0.094
 0.188
-0.348
 0.153
-0.942
-1.872
-0.369
-0.309
 1.385
 0.948
 0.655
-0.850
-1.012
-0.535
 0.673
 0.580
 0.700
 0.256
 0.816
-0.710
 1.189
 0.942
 0.986
 1.632
 0.226
-1.109
-0.439
-0.077
 0.193
-0.884
-0.524
-0.484
-0.655
-1.317
-0.682
-1.803
-0.641
-1.511
-0.004
-0.394
-0.484
-0.625
-0.481
-1.386
-0.723
 0.002
 0.078
-0.088
-0.800
 0.568
 0.109
-0.263
-0.196
-0.483
-0.945
 0.306
 0.615
-0.107
-1.885
-0.498
 1.016
 0.549
-0.530
 0.222
 0.158
 0.403
 0.467
-0.828
-0.762
-0.592
-0.589
-0.553
-0.600
-0.835
 0.261
 0.094
 1.240
 0.623
 0.386
 1.368
 1.336
 0.446
-0.650
 0.624
-1.325
-0.021
 0.494
-0.813
 0.058
 0.549
 1.448
 0.451
-0.226
 0.401
 0.423
-0.413
 0.972
 0.444
-0.147
-0.568
 0.696
-1.514
 1.033
-0.787
-1.267
 0.560
-0.498
-1.381
-0.453
 0.319
 0.914
 0.931
-0.562
 0.533
-1.433
-1.192
 0.346
-0.840
 0.730
-0.148
 0.469
-0.140
-0.458
-1.383
-1.420
-1.680
-1.070
-1.276
-0.637
-0.944
 0.382
-0.026
 0.265
-0.035
 0.722
 0.283
 0.907
-0.402
-0.522
 0.067
-0.707
 0.958
 0.570
-0.478
 0.898
 1.592
-0.271
 0.172
 1.902
 1.411
 0.760
-0.330
 0.225
 0.312
-0.347
-0.689
-1.140
 0.407
 0.782
-0.783
 1.383
-0.178
 0.857
 0.605
-1.628
 0.502
-2.086
-2.422
-0.678
-2.427
-1.077
-2.279
-2.037
-1.287
-2.338
-1.486
-0.076
 1.079
-0.650
-0.475
 0.442
 0.203
 1.189
-0.763
-1.779
-0.317
 0.011
 0.111
-0.997
-0.603
 0.370
-1.485
-1.330
-0.139
-1.058
 0.094
-0.686
 1.258
-0.137
-0.567
 0.828
 0.626
-0.019
-0.047
 0.508
 1.015
 0.776
 0.825
 0.277
-1.523
 0.236
-0.202
-0.516
 0.561
-0.272
 0.311
-0.235
 0.211
 1.921
 0.653
 0.869
-0.445
 0.274
 0.637
 1.081
 1.452
 1.306
-1.030
 0.110
-0.368
 0.705
-1.192
 0.985
 1.828
 2.026
-0.018
-0.525
-1.757
-0.470
-1.955
-2.942
-1.661
-0.978
-0.648
-0.836
-2.733
-1.673
-0.146
-1.498
-0.481
-0.676
-0.124
 0.113
-0.564
-0.948
 0.355
 0.926
 0.270
-0.103
-0.346
-0.778
-2.043
 0.111
-0.746
 0.705
 0.298
-0.203
-0.074
-1.263
 0.122
-0.324
-0.069
 0.511
-0.994
-0.716
 0.085
-0.672
-0.917
-1.117
-1.079
-1.057
-0.165
 0.145
-1.588
-1.982
-1.164
-1.714
-1.152
-1.783
-1.065
-1.092
-1.946
-0.832
-0.505
-1.374
-1.211
-0.247
-1.133
-0.388
 0.953
-0.047
 0.213
 1.000
 0.759
-0.959
-0.275
-0.774
-1.706
 1.162
 1.658
-1.683
-0.233
-0.741
 0.399
-0.346
-0.658
-0.288
 0.260
 0.381
-1.449
-0.886
 1.216
-0.407
 0.077
 0.100
-0.752
 0.116
 0.139
-0.439
-0.003
 0.113
-1.104
 0.020
-0.112
 0.770
-1.353
 0.244
-0.421
-0.173
 0.111
-1.623
-0.347
-1.292
-1.447
 0.004
-0.041
-0.963
-1.296
 0.355
-0.167
 1.872
 1.014
 0.424
 0.182
 0.421
 0.583
 0.185
-0.386
-0.130
 0.518
 0.903
 0.754
 0.261
-0.133
-0.491
 1.665
 1.208
-0.285
 1.050
 0.602
-0.409
 0.429
-0.017
 0.436
 0.664
 1.530
 1.043
 0.803
-0.294
 0.629
 0.463
-0.858
 1.355
 0.662
 0.184
-1.100
 0.510
-0.289
 0.263
 2.250
 2.029
-0.018
-0.390
-0.454
-0.885
 0.152
 0.314
 0.721
-0.034
-0.123
 0.251
-1.842
-1.623
-1.278
-0.802
 0.385
-0.330
-1.473
-0.951
-0.824
-0.535
-1.225
-0.228
-0.240
-0.884
-0.734
 0.706
-0.635
-1.346
-1.921
-1.266
-1.418
-1.009
-0.700
-1.504
-0.024
-0.709
-0.515
-0.768
 0.165
 0.560
 1.243
-0.853
-0.288
 0.206
 0.664
 0.879
 1.078
-0.079
-0.007
 1.684
-0.762
-0.139
 0.026
-0.424
-0.548
 0.879
 1.732
 0.630
 1.278
-0.059
 0.174
 0.105
-0.934
 1.665
-0.066
 0.161
-0.634
 1.049
 2.217
-0.397
-0.550
 0.014
-0.685
-1.506
-1.085
-0.451
-0.614
-1.064
 0.602
-0.120
 0.066
-0.411
 0.243
 0.954
 0.064
 0.624
-0.172
-0.020
-0.413
 0.204
 0.831
-0.066
 0.080
 0.001
-0.123
-0.612
-1.065
-0.039
-0.4