 0.789
 0.849
 0.808
 0.355
-0.428
-0.810
 0.642
 1.416
 0.931
 0.975
-0.044
-0.691
-0.386
 0.749
-0.295
-1.138
-0.112
-1.339
-1.499
-0.440
-0.048
-0.876
-1.084
 0.955
-0.243
-1.478
 0.398
-0.242
-0.348
-1.966
-0.282
-0.954
-1.153
-0.219
-1.313
 0.453
-1.603
 1.203
 0.401
 0.344
-1.334
 0.480
 0.428
-0.152
-1.072
-0.162
 0.205
-1.781
-0.102
 1.035
-0.634
 0.273
 0.095
 2.034
-0.084
 0.648
 1.797
 1.751
 1.712
 0.436
-0.372
-0.649
-0.232
-0.706
-0.559
-0.494
-0.564
-0.343
 0.431
 1.966
 1.333
 1.743
 2.349
 2.853
 0.474
 0.251
 1.564
 1.945
 0.428
-0.317
 0.200
 2.081
 0.528
 0.976
 0.856
 2.453
 0.418
 0.586
 0.639
-0.632
-1.303
-0.338
-0.553
-0.220
-0.639
 0.144
 1.466
 0.895
 0.013
 0.183
-0.312
-0.680
 0.238
 0.920
-0.319
-0.300
-0.790
 0.397
 1.106
 0.789
 0.123
 0.726
-0.935
 0.419
 0.916
 1.457
 1.064
 1.030
-0.987
-1.059
 0.483
 0.025
 1.445
 2.088
-0.662
 1.649
 1.266
 0.022
 0.116
-0.837
-0.979
 1.847
 0.403
-0.044
 1.331
 2.648
 3.044
 1.313
 1.976
 1.943
 1.695
 2.023
 0.332
 0.265
-0.191
-0.711
-0.252
-0.969
-0.442
-0.855
-0.488
 0.054
-0.109
 0.842
 1.545
 1.196
 0.481
 1.079
-0.824
 1.010
 1.787
 0.795
 0.378
 0.244
 0.305
 0.463
 0.269
 0.821
-0.035
-0.614
 0.362
 0.085
 0.701
-0.024
 0.248
 0.696
 1.195
 1.622
 0.823
-0.050
 0.832
 0.616
-0.759
-1.805
-1.130
-0.559
-0.078
-0.953
 0.043
-0.257
 0.752
 0.801
-0.604
-0.744
-0.875
 0.844
-0.701
-0.720
 1.482
 0.159
 0.360
 1.451
 2.581
 2.120
 0.261
 0.996
 0.455
-0.056
 1.508
-0.320
 0.158
 0.619
 0.004
-0.983
 1.039
 0.594
 0.579
 1.281
 0.657
 0.083
 3.148
-0.910
-0.314
 0.558
 0.276
 0.883
 0.307
 1.472
 0.515
-0.561
-0.655
 0.518
-0.193
 1.666
-1.166
 0.379
-0.810
 0.770
 0.659
 1.200
 1.305
 1.810
 0.325
 0.043
-0.400
-0.063
-0.916
-0.929
-0.256
-0.357
 0.801
-0.221
-0.208
 0.236
 0.016
-1.179
 0.395
 0.538
 0.476
 1.791
 1.477
 0.738
 0.252
 1.645
 0.449
 1.793
-0.240
 1.013
-0.984
-0.697
 0.246
 0.593
-0.063
 0.379
 1.137
 0.266
 2.305
 1.349
 1.333
 2.554
 1.958
 1.125
 1.506
 1.027
 0.799
 1.030
 0.664
 0.133
 0.493
 1.383
 0.944
 0.424
-0.530
 2.233
 1.741
 1.394
 0.728
 1.392
 2.044
 1.029
-0.578
 0.513
-1.180
-0.106
 0.994
 2.619
-0.365
 0.195
 0.543
 0.410
 0.383
-2.147
 0.564
 1.514
-0.305
 1.617
 0.058
 0.692
 2.394
 0.287
 0.947
 0.489
 0.618
 0.181
-0.015
 0.100
-0.413
-0.069
-0.470
 0.073
 1.705
 1.467
 0.550
-0.115
 1.236
 1.361
 0.799
 1.148
-0.114
-0.789
 0.598
 1.330
 0.722
 0.364
 1.532
 1.753
 0.950
 2.056
 1.210
 1.772
 2.337
 1.271
 1.769
 0.265
 0.798
 1.380
-0.150
-0.431
-0.288
 0.957
 0.111
 1.909
 1.871
 1.820
-0.201
 0.256
 0.909
 0.041
 0.022
-0.112
 1.423
 1.141
 1.920
-0.257
 0.832
 1.683
 1.326
-0.369
 1.941
 0.508
-0.081
 0.865
 2.074
 0.682
-0.297
 1.034
 0.795
-0.583
-0.056
 1.423
 1.426
 0.671
-1.357
 1.008
 0.665
 1.164
-0.653
 0.301
-0.401
-0.706
 0.253
 1.384
 0.203
 1.588
 0.859
-0.744
 0.843
 1.065
 0.238
 0.681
 1.120
 0.944
 0.069
-0.321
 0.713
 1.409
 1.768
 1.541
 0.929
 0.912
 0.421
 0.829
 0.949
 1.758
 1.088
-0.609
 0.370
 0.873
 0.166
 0.022
 1.465
 0.024
 0.052
-0.659
 0.907
 1.349
-0.116
-0.492
-0.038
 0.403
 1.299
 0.396
 1.359
 2.661
 1.970
 2.742
 1.584
-0.007
-0.460
 1.951
 0.681
-1.291
 0.878
 0.884
 0.460
-1.164
 0.530
 1.677
 1.362
 1.610
 1.600
-0.119
 0.726
 1.585
 0.861
-0.323
-0.322
-0.745
-0.552
 0.059
-0.664
-0.106
 0.214
-0.917
-1.270
 0.515
 1.608
 0.867
 0.253
 0.033
-0.357
 1.395
 0.832
 0.133
 0.125
-0.086
 0.240
 0.075
 0.668
-0.798
-0.745
 1.347
 0.068
-1.440
-0.427
-0.694
-0.397
-0.535
 0.070
-1.442
 0.742
 1.992
 1.016
-0.149
 0.087
 0.469
 0.025
-0.865
-0.017
 0.704
 0.824
 1.190
 0.235
-0.034
 0.467
-0.029
 0.134
 0.053
-0.182
-1.141
-0.928
-1.161
-2.181
-0.775
-0.138
-1.511
 1.111
 0.471
 1.037
 1.752
 1.098
 0.822
 0.561
-0.394
 0.549
 0.575
 1.930
 0.913
 0.663
 0.532
-0.961
-0.119
 0.644
 1.000
 1.004
 0.804
 0.472
 2.479
 0.111
 0.513
-0.479
 1.717
 1.580
 0.361
-0.142
 0.968
 0.504
 0.814
 1.923
 0.533
 0.614
 2.238
 0.716
 0.396
 2.664
 0.589
 0.655
 0.158
 1.389
 1.880
-0.453
-0.730
 1.357
 0.747
 0.739
 0.948
-0.422
 0.458
-0.003
-0.043
-0.682
 0.314
 0.209
-0.380
 0.381
 0.532
-0.873
 0.373
 0.745
 1.405
 0.521
 1.221
 0.603
-1.382
-1.027
-0.259
 0.972
 0.658
-0.723
 0.432
 0.467
-1.360
 0.540
 1.225
-0.446
 0.774
-0.568
 1.042
 1.118
 1.042
 0.063
 1.775
 0.708
 0.759
 0.341
-0.038
 1.003
 0.030
-0.206
 0.214
 0.801
 0.440
-0.477
-2.017
-2.314
-0.712
-0.559
 0.135
-0.486
 0.797
-0.089
 0.466
 1.275
 0.405
 0.108
 0.556
 1.615
 0.784
 0.541
 0.293
 1.959
 1.404
 1.613
 2.497
 0.267
 0.995
 0.900
 0.800
 0.197
 1.408
 1.743
 2.586
 1.792
 1.659
 0.382
 1.446
 1.272
 1.372
 1.067
-1.210
-0.328
 0.105
 1.262
 0.316
 1.085
 0.976
 0.792
 0.292
 2.040
 0.629
 2.174
 0.653
-0.881
 0.331
 0.711
 0.249
 1.232
 1.671
-0.126
-0.107
 1.280
 0.302
 0.098
 2.417
 2.649
 1.774
 1.048
 2.060
 2.670
 2.169
 2.230
 1.050
 1.320
 1.396
-0.508
 0.612
 0.544
 1.992
 1.800
 0.898
-1.192
 1.446
 1.837
 2.592
-0.168
 1.434
 0.301
 1.389
-0.868
-0.487
 0.236
-1.237
 0.009
 0.761
 0.174
 1.534
 1.139
 0.473
 0.263
 2.179
 1.539
 0.141
-0.408
 1.200
 1.745
 1.028
-0.312
-0.377
 1.112
 2.835
 2.496
 3.196
 2.071
 1.845
 2.036
 0.743
-0.525
 1.741
 2.019
 0.236
 0.332
 0.184
 0.138
 0.606
 1.417
 1.542
 0.707
 3.102
 1.570
 0.681
 0.275
 1.840
 1.029
 0.467
 2.973
 0.379
 0.890
 2.020
 2.630
 1.668
 2.443
 2.075
 1.952
-0.302
 2.159
 1.059
 0.967
 2.592
 1.386
 1.189
 0.895
 2.201
 1.405
 1.189
 2.163
 2.363
 2.319
 2.326
 0.509
 0.433
 0.506
 0.567
 0.504
 0.990
-0.091
 0.918
 1.980
 1.243
 1.003
 0.694
 0.469
 0.290
 0.703
 0.708
 1.437
 1.418
 1.444
 0.356
 1.588
 1.133
 1.667
-0.168
 0.844
 0.729
 0.777
-0.067
 0.268
 0.025
 1.045
 1.104
 1.294
 1.007
 2.152
 1.655
 2.032
 1.571
 1.389
 0.900
 0.246
-0.244
 1.913
 1.392
 1.719
 0.816
 0.737
 1.520
 1.538
 0.307
 0.680
-0.192
-1.352
-0.120
 1.088
 0.142
 0.606
 0.157
 0.072
 0.722
 0.338
 0.992
-1.472
-0.694
 0.666
 1.240
 2.187
-0.106
 0.600
 0.140
 1.085
 0.724
 1.220
 0.926
-0.818
 0.757
-0.746
 1.163
 0.399
 0.417
 0.417
 0.575
 0.057
 0.405
-0.379
 0.587
 0.726
 2.412
 2.464
 1.678
 2.464
 1.592
 0.229
 1.806
 1.063
 1.115
 2.059
 1.679
 2.055
 1.131
 1.136
 0.448
-0.820
 0.277
-0.117
-0.282
 0.356
 0.990
 0.238
 0.751
 0.342
-1.166
-1.063
-0.116
 1.311
 0.474
-0.371
 0.337
 1.414
 1.616
 0.570
 1.661
 3.637
 2.680
 2.086
 0.668
 0.581
 0.518
 0.526
 0.901
 1.277
 0.133
-0.202
 0.841
 0.773
 0.180
 0.454
 0.443
 0.779
 0.226
-0.260
 0.106
-0.189
 1.357
 0.881
 0.296
 0.073
-0.002
 0.398
-0.272
-1.284
 0.703
-1.090
 0.333
 0.001
 0.808
-0.606
-0.769
-1.967
-1.014
-0.246
 1.519
 2.169
 0.874
-0.187
 1.138
 1.292
 0.146
 1.168
-0.249
 1.147
 1.782
 1.083
 0.880
 2.526
 0.689
-1.150
 0.073
-0.858
 1.186
 0.274
-0.032
 1.621
 0.925
 0.674
 1.480
 2.068
 0.728
 0.350
 0.828
 1.534
 0.787
 0.997
 0.367
 1.277
 1.986
 0.981
 1.275
 0.538
 0.365
-0.323
-0.475
-0.751
 0.543
 0.632
-0.393
-0.011
-0.157
-0.500
 0.733
-0.641
 0.202
 0.643
 0.112
 0.843
-0.173
 0.156
 1.258
 0.577
 1.536
 0.507
 1.549
 0.104
 2.088
-0.073
 0.477
 2.304
 0.678
 0.467
 1.669
 2.247
 1.825
 0.737
 2.136
-0.909
 0.061
 0.216
 0.046
 0.237
 3.126
 1.764
 1.452
 1.512
 1.426
 1.873
 1.812
 0.381
 1.424
-0.983
 0.285
 0.189
 0.886
 1.269
 1.844
 0.780
 1.648
 0.421
 1.446
 0.323
-0.062
 1.533
 1.089
 1.412
 1.312
 0.801
 0.480
-0.235
-0.418
-0.576
-0.383
 1.255
 1.675
 1.887
-0.773
 0.087
 0.125
 1.632
 0.099
 0.754
 0.859
-0.167
-1.376
-1.443
-1.263
-1.657
 0.051
 0.683
 2.252
 2.791
 0.983
 0.295
 0.264
 1.939
 0.061
-1.158
-0.715
 0.230
 1.626
 1.250
 0.597
 1.161
 1.148
-1.174
-0.366
-0.488
 0.020
-0.942
-0.722
 0.316
-1.665
-2.078
-1.254
 0.327
-1.109
 0.592
 0.761
 1.516
 1.132
 1.226
 0.906
 0.351
 1.087
 0.200
 1.483
 0.550
-0.135
-0.058
-0.537
-0.652
 1.704
 0.260
 0.864
 1.259
 1.286
 0.334
 1.256
 2.400
 0.427
 0.423
 1.002
 1.538
 1.937
 1.517
 2.363
 0.448
 1.574
 2.587
 1.006
 0.088
-0.286
-1.119
 1.667
 1.005
 3.087
 0.464
 0.261
 2.501
 0.710
 0.990
-0.468
-0.049
 0.603
-0.996
 0.844
-0.179
 0.978
 0.966
 1.145
 0.994
 0.907
 1.135
-0.174
 0.690
-0.964
 1.011
 0.526
-0.113
 1.471
 0.204
 0.508
-0.306
 0.737
-0.487
 0.460
 0.574
-0.271
 0.814
 0.046
 1.828
 0.644
 0.853
-0.020
 0.311
 0.874
 0.084
-0.277
 0.603
 0.699
-0.468
 0.426
-0.059
-0.715
-0.878
-1.229
-0.188
-0.839
-0.597
-0.413
-0.142
-0.026
 1.997
 0.414
 0.209
 0.531
 1.246
 1.318
 1.404
 0.995
 0.463
 0.547
 1.104
 1.202
-0.281
-0.830
-0.579
 0.578
-0.047
-0.751
-0.402
-0.199
-0.528
 0.005
-0.890
-0.404
 0.095
-1.225
-0.225
 0.696
-0.899
-1.909
 0.483
 1.863
 1.172
-0.016
-0.222
 0.495
 0.090
-0.196
-1.470
-0.867
 0.049
 0.035
-0.325
-0.573
-0.349
-0.817
 1.368
-0.258
-0.714
 0.178
 1.207
-0.823
 0.419
 0.541
-0.051
-0.775
 1.396
-1.125
-0.152
-1.062
 0.315
 0.497
-0.497
-1.016
 0.781
 2.194
 0.688
 0.920
-0.250
-0.191
 0.892
-0.482
-0.950
-0.528
 0.277
 0.591
-1.093
 0.665
 1.846
-0.035
 1.346
 1.537
-0.601
 0.483
 1.679
 0.526
 1.293
 2.001
 2.096
 0.290
 1.020
 0.164
 0.919
 0.233
 1.157
-0.426
-0.001
-0.507
 0.120
-0.249
-0.260
-0.879
 0.174
 0.762
 0.125
 0.481
 0.875
-0.938
-0.311
-0.136
 0.626
 0.872
 1.556
 1.511
 0.527
 0.717
-0.686
-0.995
 0.373
 0.187
 0.325
 0.597
-0.119
 0.133
-0.912
-0.906
 1.107
 0.438
-0.285
-1.020
 0.656
 0.051
 0.613
 0.767
 0.981
-1.377
-0.314
-0.422
-0.024
 1.041
-0.107
-0.756
-0.808
-0.488
-0.508
-0.033
-0.202
-1.434
-0.676
-0.545
 0.231
-1.570
-0.649
-1.030
-1.073
 0.210
-0.686
 1.017
-1.547
-0.822
-1.220
-0.146
-1.099
-1.701
-1.151
-0.126
 0.249
 0.524
 0.542
 0.043
-0.034
 0.440
-0.474
-1.520
-1.695
-0.771
-1.302
-1.024
-0.504
-0.332
-1.189
-0.293
 0.286
-0.524
-0.348
 0.122
-0.654
-0.356
-0.689
-1.285
-0.310
 0.093
 0.027
-0.711
-0.146
-0.291
-0.797
-0.161
 0.556
 0.287
-0.318
 0.789
 0.316
 0.421
 1.274
 0.575
-0.524
-0.767
 0.935
 0.827
 1.146
 0.738
 0.068
 0.478
 2.032
-0.585
-0.375
-0.788
-0.220
-0.459
-0.046
 0.283
 0.133
 0.845
-0.576
-1.150
 0.627
-0.411
 0.445
 0.334
-0.404
-0.477
 0.429
-0.003
 1.124
 0.918
 0.743
 1.125
-0.868
-1.190
 0.396
-0.694
-1.510
 0.049
-1.446
-0.410
-1.399
-1.796
-1.892
-0.500
 0.420
 1.505
-1.184
-1.972
-0.891
-0.162
-0.770
-0.224
-1.107
-1.551
-0.565
-0.225
-0.234
 0.016
 0.064
-1.373
-2.577
-1.208
-1.523
-1.981
-1.334
-0.055
 0.768
-0.763
-0.214
-1.353
-2.895
-1.802
-1.735
-1.168
-0.589
-0.247
-1.049
-0.515
-0.754
-0.106
 0.093
 0.197
-0.231
 0.342
-0.422
 0.080
 0.262
 1.045
 0.288
-0.231
 0.391
-2.353
-1.672
 0.041
-1.571
-1.839
-1.942
-0.581
-1.237
 0.424
 0.884
 0.289
 0.917
-0.211
-0.085
 0.623
 0.585
 0.503
 1.016
-0.011
 0.767
 0.686
 0.008
-0.411
 0.443
-0.800
-0.681
-0.401
-1.785
 0.001
-1.278
 0.324
-0.201
-0.238
-0.074
 0.204
 0.068
-0.565
-0.988
-1.958
-1.132
-0.541
-0.742
-2.593
-0.267
-0.003
-1.125
-0.593
-1.436
-0.930
 0.222
 1.090
 1.844
 0.485
 0.030
 0.248
-0.700
-1.697
-1.277
-0.458
-0.758
 0.848
-0.976
 0.140
 0.209
 0.121
-0.701
-0.152
 0.113
-0.879
-0.357
 0.383
 0.697
 0.222
 1.820
 1.680
 0.324
 0.237
 1.382
 0.560
 0.428
-0.034
-0.823
 1.217
 0.610
-0.575
 0.341
 1.099
 0.539
 2.067
 0.016
 0.680
 0.234
 0.074
-0.444
-0.093
-1.265
-0.106
 1.469
 0.549
-0.473
 0.834
 1.022
 0.592
-0.728
 0.295
 0.335
-0.220
 0.666
 0.520
 0.063
 0.672
 1.101
-0.547
 0.642
 0.027
-1.505
-0.022
 0.902
 1.033
 0.170
 1.342
 0.588
 1.745
 1.426
 1.120
-0.008
-0.376
-0.373
 0.294
 0.232
 1.908
 0.688
-0.576
 0.208
 1.470
 2.208
 0.546
 0.571
 1.553
 0.618
-0.538
-0.962
 0.506
 0.000
-1.060
-0.286
-0.373
 0.298
-0.264
 0.503
 1.124
 0.583
-0.170
 0.840
-0.967
-0.562
-1.028
-0.973
-0.151
 0.543
-0.561
-1.608
-1.395
-0.796
-1.640
-2.347
-1.282
-0.069
-1.271
-0.784
-1.536
-1.226
-1.251
-1.167
-0.154
 0.295
-1.187
-1.598
-0.370
 1.567
 0.698
 1.591
 0.324
 0.401
-0.651
-1.229
 0.190
-0.748
-1.028
-1.042
 0.246
 1.182
 0.462
 0.364
 0.691
 2.005
 1.982
 0.871
 1.531
 0.255
-1.152
 0.680
 1.935
 1.268
 0.286
 0.546
-0.263
-0.074
-1.031
 0.930
 0.694
 0.743
 0.950
 0.272
-0.067
 0.774
-0.219
 0.337
-0.016
-0.011
 1.509
 0.030
 0.196
-1.386
-2.223
-0.034
-1.921
 0.244
-0.702
-1.120
 1.329
-2.084
-0.576
 0.325
 0.092
 0.858
-0.440
 0.455
 0.215
 0.412
-0.700
-0.980
 0.223
 0.230
-0.475
-0.243
 0.456
-0.667
-0.552
 1.117
 2.423
 2.127
 0.020
 0.724
 2.245
 0.539
 0.737
-0.561
-0.589
-0.047
 0.669
 0.905
 0.987
 0.376
 0.922
 0.752
-0.255
 0.024
 0.846
-0.015
 0.790
-0.046
-1.128
-0.158
 0.381
-0.309
 0.310
-0.611
-0.685
-0.203
 0.088
 1.239
 1.047
-0.132
-0.188
 1.029
 1.088
 0.060
 0.774
 1.309
 0.727
 0.736
 0.824
-0.347
-0.088
 0.041
-1.162
-1.442
-1.101
-1.365
 1.180
-0.856
-0.305
-1.020
-0.079
-1.024
-1.347
-0.398
-0.460
-1.091
-0.117
 0.728
 0.292
-1.037
 0.321
 0.905
 1.629
 1.488
 1.019
-0.057
 1.396
 0.329
 0.585
 0.180
-0.275
 1.625
 1.130
 0.613
 0.033
 0.109
-0.881
 0.841
-1.331
-1.045
 0.102
 0.180
-0.740
-0.219
-0.962
-0.877
-1.663
-1.222
-0.343
-1.119
-0.324
 1.009
-0.971
-0.531
-1.678
-0.924
-0.151
-0.369
 0.330
 0.508
-0.705
-2.577
-0.613
-0.119
 0.346
-0.804
-1.063
-1.053
 1.338
 0.155
-1.178
-1.286
-1.908
 0.539
 0.593
-0.135
-0.266
-0.131
-1.244
-0.689
 0.311
 0.929
 1.674
-0.025
-0.748
 0.134
 0.488
 0.801
 0.176
 0.097
 0.932
 0.979
 0.386
 0.000
-0.080
 1.156
-0.368
 0.139
-1.457
-1.012
-0.553
 0.346
-0.610
-0.315
-0.199
-0.093
 0.329
-0.180
 0.797
 0.512
 1.294
 0.403
-1.018
 0.148
 0.285
-0.322
-1.569
 0.850
-0.032
-0.776
-0.773
 0.730
 0.231
-0.200
-0.933
 0.098
 0.464
-0.947
 1.533
 2.021
 0.887
-0.280
 1.102
-0.123
-1.472
 0.274
-0.355
 1.134
 0.408
 1.878
 0.776
 0.225
 1.095
 1.714
 2.669
 1.037
 0.621
 1.086
 0.871
 1.956
-0.942
 0.069
-0.624
 0.674
 0.245
-0.218
 0.757
 0.030
-1.081
-1.115
-0.613
-1.305
 0.695
 0.355
 0.351
 1.773
 1.791
 0.536
 0.194
-0.083
-0.389
 0.526
-0.508
-0.173
 0.132
 1.478
-0.094
 1.339
 1.261
 1.265
 1.486
 2.107
 1.266
 1.199
 0.329
 0.145
-0.186
 0.970
 0.711
 0.851
 1.642
 0.507
 2.259
 0.250
 0.514
 0.568
-0.371
-0.395
 0.526
-0.802
-0.255
 0.625
-0.024
-0.319
 1.429
 0.291
 2.672
 0.934
-0.565
-0.842
 0.153
-0.953
-0.335
 0.341
 1.295
 1.019
-0.294
-1.252
 0.001
 0.120
-0.413
 1.652
 0.334
-0.060
 0.261
 0.393
-0.476
 0.458
 0.209
-0.235
 0.203
 1.066
 1.084
 1.689
 1.918
 1.222
 1.710
 1.367
 1.652
 1.891
 1.298
-0.107
 0.084
 1.432
 1.648
 1.706
 1.746
 0.877
 1.434
 0.767
 1.517
 1.531
-0.471
 0.847
 0.791
 1.381
 0.035
 0.458
 2.094
 1.312
 0.103
 1.760
 0.511
 1.094
 1.503
 0.862
-0.747
 0.044
-0.538
 0.078
-1.548
-0.978
-0.458
 0.079
 0.423
 0.729
-1.236
-0.428
 1.351
 0.278
-0.055
-0.638
-0.994
-0.531
-0.298
 0.393
-0.254
-0.936
 1.487
-1.383
-0.571
 0.015
-0.322
 0.665
-0.340
-1.307
-2.529
-0.850
-0.468
-1.055
 0.182
 0.531
-0.269
 0.176
-0.193
-0.009
 1.222
 0.244
 1.173
 1.909
 0.436
 0.237
 0.013
 0.119
 1.058
 1.134
 0.197
 1.939
-0.270
-0.333
 0.075
 0.511
 1.403
 1.557
-1.086
 0.507
 1.641
 0.402
 0.264
 0.364
-1.008
-0.399
 0.775
 1.053
-0.100
 0.397
 0.756
 1.063
 0.408
 0.581
-1.185
-0.530
 0.884
 0.590
 1.447
 1.234
 0.038
 0.317
-0.287
 0.180
 0.171
 0.076
-0.383
-1.136
-0.459
-1.502
-0.242
-0.364
-0.474
-1.109
-1.524
-1.943
-1.332
-0.530
-0.747
-1.845
-0.709
 0.062
-1.296
-2.347
-1.657
-1.999
 0.614
 0.311
-2.350
-1.030
-0.332
-0.435
-0.928
-0.083
-0.369
 1.148
 0.333
-0.430
-1.193
-0.709
-1.366
-0.154
 0.540
 0.666
-0.528
 0.269
-1.659
-0.803
-1.426
 1.090
-1.104
-0.212
 0.657
-2.494
-0.604
 0.469
-0.371
-1.582
-0.677
 0.106
-0.234
 0.782
 0.394
-1.335
 0.919
 1.408
 0.279
 0.933
-0.673
 0.415
 0.225
 0.060
 0.199
 0.727
 0.263
 0.231
 1.556
 0.931
 1.469
 0.410
 0.565
-0.658
-0.575
-1.538
-1.607
-1.386
-0.566
-1.213
-1.742
-1.919
-1.563
-3.871
-0.321
-1.607
-1.005
-1.630
-1.907
 0.552
 1.061
-0.737
-0.313
 0.252
 0.073
-0.047
-0.227
 0.581
 0.048
 0.089
-0.536
-0.053
 0.560
-1.259
-1.537
 0.714
 0.094
-0.224
-1.676
 0.967
 0.224
 1.942
 0.995
 0.790
 1.808
 1.341
-0.341
 0.722
 0.684
 2.135
 0.043
 0.361
 2.975
 0.614
 1.786
 1.293
 1.195
 1.132
 0.687
 2.265
 1.533
 2.009
 1.684
 1.685
 1.028
 0.338
 1.326
 0.926
 1.593
 1.561
 0.508
 1.346
-0.220
 0.257
 0.124
 0.658
 0.066
-2.237
-0.044
 0.962
-1.371
 0.509
 0.211
-1.220
 0.090
 0.059
-0.931
-0.473
 0.421
-0.164
 1.159
 1.837
 1.116
 0.475
-0.142
 1.442
 1.440
-0.054
 0.878
-0.430
-1.757
-2.740
 0.456
-0.403
 0.720
-0.620
-0.760
 0.097
-0.798
 0.030
-1.872
 0.127
 0.659
 0.051
 0.295
-0.380
 0.354
 0.566
 0.650
-0.575
 0.717
 0.088
-0.469
-1.054
-0.653
-0.640
-0.813
-2.369
 0.109
-2.496
-0.678
 0.163
-1.656
-1.281
 0.788
 0.086
 0.435
-0.975
-0.545
 0.566
-0.162
-1.824
-0.721
 0.058
-0.675
-0.205
 0.952
 0.699
 0.895
 1.115
 3.007
 1.527
 0.976
-1.252
 0.575
-0.205
-0.506
-1.361
-0.969
 0.335
 1.759
 1.272
-0.386
 0.038
 0.313
-0.332
-0.131
-0.247
 0.453
 0.917
 0.147
-0.491
-0.015
-0.495
 0.932
 1.892
 1.202
 0.631
 0.097
 1.166
 0.734
-0.848
-0.568
 0.519
 1.323
 0.992
 0.570
-1.003
-1.680
-1.138
 0.363
-0.778
-0.501
 1.034
 0.018
 1.114
-0.700
 0.741
-0.463
 0.029
 0.871
 0.924
 0.875
-0.215
 1.773
 0.993
 1.067
 0.987
 1.678
 1.542
 1.521
 1.373
 0.457
 0.794
 0.270
 0.122
-1.187
-0.436
 0.450
 0.319
 0.989
 0.457
-0.379
 1.143
 1.356
 1.279
-0.261
-0.580
-0.186
 0.100
-0.604
 1.740
 1.412
 0.924
 0.749
-0.599
-1.441
 0.406
 0.079
 1.130
 1.173
 0.429
 0.343
-0.549
-0.120
-1.454
-1.521
-0.484
 0.381
 0.449
 0.773
 0.153
 0.356
-0.264
 0.390
-0.185
-0.116
-0.013
 0.141
-1.142
-1.107
-0.442
-1.731
-0.729
 0.097
 0.164
-1.390
 0.341
 0.347
 0.105
 0.745
 0.800
-0.450
 2.431
 1.454
 0.251
 0.726
 1.346
 2.439
 0.509
-0.175
-0.855
 0.141
-0.347
 0.889
 0.160
 0.779
 0.838
 0.113
 0.773
-0.210
 1.151
 0.498
 1.447
 0.655
-1.422
 2.604
 2.020
 0.778
 0.516
 2.150
 0.912
-0.046
-0.748
 0.218
-1.529
-0.700
-0.211
 1.696
 1.667
 0.688
 0.956
 0.478
 0.658
-0.822
-0.370
-0.260
-0.074
-0.362
 0.671
 1.160
 0.030
 0.077
-0.582
-0.623
-0.483
-0.779
-0.511
 0.476
 0.950
 0.516
 1.306
 1.176
 0.204
 0.560
-0.231
 0.492
 1.216
 0.243
-0.396
 0.112
-3.009
-2.343
-1.179
 0.051
 0.031
 1.605
 0.518
-0.101
-0.123
-0.561
-0.393
-0.532
-0.403
-1.552
 0.033
 0.101
-0.872
-1.398
-1.050
 0.273
 0.357
-2.453
-2.480
-1.396
-1.771
-0.866
 0.277
 0.503
 1.118
-1.634
-0.289
-0.788
 0.939
 0.275
 0.110
 0.028
-0.875
-0.838
-0.481
-1.286
-0.408
-0.949
 0.184
 0.246
 0.567
 2.310
-1.086
 0.788
-0.267
 0.998
 0.275
-0.646
-0.367
-0.813
-0.042
-0.631
 1.302
 0.120
 0.904
 0.801
 1.584
 0.389
 0.245
 2.447
 1.976
 0.708
 1.063
-0.372
 0.561
-0.240
 0.101
 0.012
-0.255
 0.722
-0.649
 0.894
 1.782
 0.529
 0.974
 0.126
-0.616
 0.221
-0.941
 1.242
 0.074
-0.535
-1.515
-1.380
 1.042
-0.466
 0.630
 1.471
 0.695
-0.355
-2.417
-0.333
-0.227
-0.108
-1.637
 0.225
 0.422
-0.286
-1.421
 0.026
 0.657
-0.178
-1.335
 1.290
 0.722
-0.468
 1.941
 1.543
-0.406
 1.207
 0.770
 0.540
-0.120
-1.259
-0.475
 0.053
-0.569
 1.597
 0.858
 0.327
 0.006
 0.135
-0.855
-0.181
 0.530
 1.377
-0.729
 0.219
-0.239
 1.385
 0.521
-0.541
-2.842
-2.005
-1.048
 0.639
 1.310
 1.139
 0.214
 1.700
 1.356
 1.738
 1.346
 1.051
 0.083
 1.637
 1.776
 0.790
 0.816
 2.394
 0.745
 0.183
 0.103
 0.071
 0.370
-0.266
-0.271
-2.553
-1.541
-0.577
-0.109
 1.215
 1.178
 2.890
 0.649
 0.419
-1.344
 0.155
 0.727
 0.436
 0.695
 2.995
 1.717
 1.252
 0.072
 1.432
-0.706
 0.155
-1.471
 0.357
-0.443
-0.558
 0.181
 0.607
 0.782
 1.057
 1.050
 0.324
 2.702
 1.020
 0.921
-0.019
-0.008
 0.770
 0.304
-0.665
-0.075
 0.576
 0.651
 0.579
-0.960
 0.951
 2.238
 2.269
 0.588
-0.196
 0.970
 1.756
 1.267
 1.035
 1.840
 0.842
 0.143
 0.873
-0.249
 0.250
 1.193
 1.700
 1.450
 0.232
 0.817
 0.591
 0.302
 1.241
 2.183
 2.353
 0.875
 0.652
 1.179
 0.025
 1.811
 1.844
 1.853
-0.360
 0.403
 0.466
-0.678
-0.085
 0.409
 0.148
-0.385
 0.562
 1.343
-0.206
-0.461
-0.218
 0.068
 0.153
-0.413
-1.077
-0.056
-1.448
-0.035
 0.874
-0.218
 0.060
 1.309
 0.251
-0.208
-0.691
 0.223
-1.192
-0.645
-0.358
-0.209
 0.310
 0.151
 1.154
-0.242
 1.029
-0.037
 0.870
 1.033
-0.111
-0.082
 0.565
-0.754
-1.504
 0.683
 0.454
-0.626
 0.859
 0.830
 0.612
-0.100
-0.380
-0.322
 0.213
 0.221
-0.640
 0.737
 0.068
 0.613
-0.177
 1.519
-0.737
 0.762
-0.492
-0.068
 0.754
-0.588
-1.275
-1.571
-0.737
-0.608
 0.032
-0.395
 0.331
 1.141
 0.139
 0.286
-0.203
-1.372
-0.093
-0.102
 0.552
 2.195
 1.997
-0.283
-0.297
 0.491
-0.216
 1.328
 0.387
 0.370
 0.972
-0.121
 1.642
 0.489
-1.000
 0.180
 0.336
 0.638
 1.663
 1.459
 1.710
 0.639
-0.795
-0.624
 0.068
-0.601
 0.997
 0.725
-0.057
 1.167
 0.629
 0.506
-0.425
-0.226
 0.631
 2.053
 0.779
 0.022
 0.830
-0.039
 0.694
 0.121
 0.258
 0.425
-0.080
-0.586
-0.326
-0.236
-0.330
-0.707
-0.696
-1.620
-1.926
-0.765
-0.395
-0.238
 0.784
-1.057
-0.172
 1.108
 0.133
-1.617
-0.629
-0.024
-1.223
-0.378
 0.394
 0.321
 0.353
 0.304
 0.047
 1.568
 1.111
 1.289
 1.863
 1.885
 1.032
 2.081
 1.907
 2.042
 2.179
 0.536
 0.223
 0.174
 2.275
 1.250
 2.402
 2.019
 1.909
 0.375
 1.418
 3.636
 1.825
 2.455
 1.130
 0.684
 0.131
 0.309
-0.038
-1.084
-0.387
 0.862
 0.040
 0.378
 0.095
-0.132
 1.114
 1.312
 0.353
 0.518
 0.252
 0.761
 0.898
 0.698
 0.131
 0.935
 0.678
 1.126
 0.685
 0.629
 0.646
 0.881
-0.253
 0.356
-0.026
 0.903
 1.458
 0.560
 0.284
-0.376
-0.162
 0.159
-0.219
-1.020
-0.493
 0.026
 0.093
-0.728
-0.004
-0.795
 0.076
 0.237
-1.885
-1.577
-2.088
-0.704
-1.151
-1.310
-0.013
-0.992
-0.444
 0.208
 0.090
 1.226
 1.888
 1.024
 1.003
 1.148
 0.047
 0.266
-1.008
-0.688
-0.201
-0.848
 0.635
-1.076
 1.309
 0.398
 0.152
 1.035
-0.952
-0.499
-0.623
 0.918
-1.293
 0.212
 0.167
 0.881
-0.145
-0.663
 0.119
 0.516
-0.094
-1.602
 0.075
-1.708
-1.004
-0.844
-0.859
-0.231
 0.834
 0.331
-0.326
-0.942
-0.899
-1.199
 0.209
-0.100
-1.057
-0.833
-0.781
-0.209
-1.709
-1.453
-0.678
-0.719
-1.364
-0.733
 0.003
-0.840
-1.511
-1.131
 0.631
-0.646
-0.282
 0.656
 0.737
 1.088
 0.124
 0.528
 1.433
 0.635
 0.224
 0.068
 1.789
 0.671
 1.544
-1.557
 0.336
-0.248
 0.070
 0.398
 0.701
 1.397
-1.384
 0.415
 1.464
 0.654
 1.231
 1.314
 0.589
 1.128
 0.874
-0.189
 0.067
-0.299
 0.738
 0.414
-0.493
-1.089
-1.435
-0.753
-0.857
-0.051
-0.372
 0.656
 0.802
 0.961
 1.049
 1.532
 0.166
-0.739
 0.526
 2.227
 1.888
 0.204
-0.889
 1.011
-1.265
 0.530
 2.033
 1.102
 0.088
 1.206
 1.589
 0.208
-2.568
-0.081
 0.492
 0.019
 0.011
-0.921
-0.224
-0.011
-1.730
-0.583
 0.494
-0.363
 0.464
-2.095
-0.924
-0.635
-1.947
 0.102
-0.208
-0.176
-1.020
-2.264
-0.469
-0.019
-1.209
 0.495
 0.650
 0.305
-0.777
 0.515
 1.137
 0.646
 0.503
-1.707
-0.575
-0.073
-1.094
-2.042
-2.382
-1.286
-0.137
-0.188
 1.432
 1.602
 1.990
 0.676
 1.528
 0.324
-0.274
-0.004
-0.929
 0.093
 0.413
 0.195
 0.125
 0.275
-0.338
-1.431
 0.390
 0.646
-0.301
 0.038
 0.483
 0.483
 0.168
 1.140
 1.160
 1.805
 0.427
 0.627
 0.873
-0.200
-0.112
 0.139
 0.336
 1.325
-0.129
 2.536
 2.233
 1.199
 0.045
 0.273
 1.312
 1.373
 1.095
 0.956
 0.476
 0.489
-0.799
 0.786
 0.244
 0.035
 0.543
-0.687
-0.198
 0.096
 0.987
-1.157
-1.581
-1.036
-0.446
 0.405
 0.354
 0.798
 0.215
 0.880
 0.615
-1.204
-0.723
-1.046
-0.514
 0.043
-0.091
 0.923
 1.802
 0.004
 0.801
 2.646
 3.038
 1.997
 2.133
-0.073
 0.389
-0.327
 0.833
 1.885
 0.648
 0.352
-0.083
-0.678
-0.750
 0.427
 1.947
 1.219
 1.699
 1.065
 0.847
 2.538
 1.093
 1.820
 2.197
 2.056
 1.425
 0.901
 2.202
 1.986
 1.606
 0.926
-0.218
 1.758
 1.087
 1.543
 2.252
 2.016
 1.094
 1.259
 2.010
 1.802
 1.890
 1.714
 2.406
 2.545
 3.072
 1.430
 1.744
 0.606
 1.093
 1.528
 2.556
 2.455
 2.232
 1.957
 2.296
 1.508
 1.204
 1.615
 2.244
 2.811
 3.138
 2.202
 1.514
 1.545
 1.127
 0.058
 1.311
 1.491
 0.565
 0.835
 0.354
-0.080
 0.758
 0.176
 0.746
 1.846
 1.759
 1.783
 1.180
 1.908
 1.868
 2.292
-0.467
 1.261
 1.211
-1.116
 0.791
-0.001
 0.036
 1.400
 0.964
 0.089
 0.274
 0.893
 0.588
 1.492
 0.948
 2.104
 2.596
 2.318
 0.538
-0.988
 2.628
 1.067
-1.346
-0.370
 1.438
 1.909
 0.736
-1.014
 0.828
 0.754
 1.862
 0.321
-0.709
 0.639
-0.122
-0.765
-0.092
 0.113
-1.023
-1.363
-1.459
 0.459
 1.095
-0.886
 1.023
 0.759
-0.362
-0.788
-0.933
-0.290
 1.113
 0.269
 0.246
 0.428
 0.914
 0.486
-1.339
 0.691
 0.880
-0.487
 0.208
 0.075
 0.165
-1.380
-1.126
 0.101
 0.951
 1.276
 1.447
 0.216
-0.224
 1.137
 0.548
 1.172
 1.283
 1.533
 1.480
 0.830
 1.385
 1.423
 1.058
 1.253
 1.235
 0.613
 0.376
 1.174
 1.930
 1.214
 1.048
 1.514
 1.226
 0.944
 2.651
 0.902
 1.138
 2.059
 1.867
-0.057
 0.438
 0.249
 0.662
 0.493
 2.259
 2.524
 1.021
 0.331
 0.580
 1.527
 0.389
 0.294
-0.907
-1.038
 0.669
 1.898
 0.879
 1.815
 1.399
 1.305
 0.859
 1.146
 0.899
 0.458
 0.769
 0.224
 0.720
 1.119
 1.055
 0.765
 2.050
 0.743
 0.606
 1.523
 1.750
 2.255
 1.002
 0.029
 0.639
 2.258
 0.666
 1.763
 1.827
 0.748
 0.557
 1.460
 0.020
 0.317
-0.497
-0.115
-0.050
-0.262
-0.066
 0.251
-0.077
 0.738
 0.339
 1.125
-0.975
 0.153
 0.651
 2.150
 0.944
 1.224
 1.753
-0.139
-0.143
 1.562
 0.777
 0.237
 0.829
 1.470
-0.308
 0.731
-0.228
 0.740
-0.152
 0.950
 1.948
 0.911
 0.561
 2.751
 2.314
 1.068
 1.461
 0.723
 1.262
 0.357
 3.201
 2.724
 2.707
 1.421
 0.592
 1.432
-0.315
 0.596
 0.770
 1.280
 0.179
 0.156
 1.202
 0.671
 0.291
 0.207
 0.602
 1.541
-0.786
-0.120
 0.930
 2.178
 1.848
 1.862
 0.591
 2.209
 1.159
 0.746
 1.439
 1.593
 2.694
 2.189
 2.600
 1.421
 1.585
 0.190
 0.035
-0.494
 1.438
-1.175
 0.391
-0.090
 0.281
 0.390
-0.322
 0.727
 0.675
-0.144
 0.239
 2.141
-0.433
-0.155
-0.169
-0.063
 1.040
 0.120
 2.538
 0.654
 0.217
-0.128
-0.432
 1.423
 1.668
 2.216
 1.733
 0.698
 0.381
 0.885
 1.259
 2.087
 1.449
 2.177
 1.253
 1.291
 1.808
 0.564
 1.140
 0.041
 1.128
 0.892
 0.677
 1.567
 1.216
-0.024
-0.150
 0.155
 0.358
-0.283
 0.722
 0.680
 0.396
-0.304
 0.194
-0.034
-0.116
 0.158
-0.800
 0.524
-0.883
 1.257
 1.345
 1.713
 1.347
 1.035
 0.763
 0.961
 0.020
 1.454
 0.909
 0.464
 1.815
 0.447
 0.075
 0.020
 0.459
-0.296
-0.891
-0.999
-0.697
-0.670
 0.258
 0.096
-0.725
-0.955
-2.260
 0.276
-0.751
 0.276
 0.910
 0.378
 0.616
 0.384
-0.537
 0.069
 2.373
 1.445
 0.455
-0.833
-0.026
 0.061
-0.094
-0.976
-0.105
 0.453
-0.142
-1.779
-0.329
-0.628
-2.076
-0.490
 0.089
-0.969
 0.813
-0.097
 0.024
 1.665
 1.279
 1.816
 0.429
 1.806
 0.534
-0.360
-0.347
-0.384
-0.994
 0.488
-0.451
 0.206
-0.573
 0.511
-0.349
-0.387
-0.438
 1.140
-0.620
-0.351
-0.245
-3.136
-1.701
-0.649
-0.884
-1.855
 0.284
-0.477
 1.471
 0.125
-0.593
 0.327
-0.204
 0.735
 1.007
-1.055
-1.481
-0.148
-0.958
-1.288
-0.924
-1.604
-1.697
-0.882
 0.055
-1.591
-2.009
-1.563
-0.354
-0.547
-0.395
 0.499
-0.443
 0.223
-0.282
-0.095
-0.600
-0.405
-0.228
-0.942
 0.596
-0.254
-1.055
-1.606
-0.752
-0.609
-0.534
-1.154
-0.724
-0.461
 0.255
 0.316
-0.214
-0.281
-0.594
 0.626
 0.117
-1.000
-1.534
 0.057
-1.121
-0.850
 0.393
 0.120
 0.832
 0.679
-1.152
 0.810
 0.781
 0.550
-0.076
-0.139
-0.176
 0.324
-0.825
 0.138
-1.373
-1.737
-1.533
-1.760
-1.697
-2.144
-2.309
-0.870
 0.344
-0.696
-0.680
-1.402
-0.867
-1.255
-0.488
-2.495
-2.130
-1.384
-1.325
-1.637
-0.708
-0.744
-2.235
-1.379
 0.378
 1.736
 0.126
 0.572
-0.107
 0.771
 1.108
 1.472
 1.100
-0.089
 0.066
-0.473
-1.918
 0.311
-0.759
-0.526
-0.491
-0.103
 0.803
 0.117
-0.430
 0.965
 0.282
 0.455
-0.525
-0.535
-0.386
 2.061
 1.019
 1.503
-1.388
-1.274
 0.156
-0.438
-1.651
 0.527
 1.186
-0.306
-0.570
-1.305
-0.700
 0.630
-0.050
 0.524
 0.144
 1.216
 1.418
 0.592
 0.106
 1.061
 0.274
 1.548
-0.116
 0.842
 1.964
 1.172
 0.082
 1.219
-0.863
 0.535
 0.417
 1.575
-0.593
-0.529
 0.264
-0.163
 2.018
-0.308
-1.095
-0.626
-0.549
 0.990
 0.709
 1.016
 1.785
 0.323
 0.952
 2.495
 1.306
 0.599
 0.909
 0.666
 0.803
 1.446
 1.156
-0.737
-1.238
-0.547
 0.468
 1.555
 2.365
 0.002
 1.203
 0.199
-0.407
 0.021
-0.646
 0.799
 0.342
 0.165
 0.642
 0.405
 0.761
 0.111
 0.071
 0.145
 0.471
 0.390
 1.181
-1.425
-0.129
 0.009
-0.167
 1.899
-0.192
-0.249
 0.937
 0.786
 1.245
 0.711
-0.541
 0.764
 0.441
 1.353
 1.286
 0.180
-0.090
-0.791
-0.347
 1.251
-1.184
-0.059
 0.559
-1.689
-1.106
-0.503
 0.102
-0.778
 1.092
 0.187
 0.575
-0.698
 1.272
 1.778
 1.532
-0.472
 0.653
-0.287
-0.804
 0.893
 1.189
 0.625
-0.206
 0.594
 0.790
 0.425
 0.337
 0.763
 0.666
 0.662
 0.669
-0.799
-1.588
-0.039
 1.471
 0.915
 0.180
 0.451
-0.379
-0.447
 0.834
 1.595
 0.671
 1.167
 0.099
 0.628
 0.961
 1.071
-0.483
-1.175
 0.697
 0.167
 0.808
 1.519
-0.038
 0.769
 0.878
-1.594
 0.101
-0.634
 0.165
 0.443
 0.276
-0.720
 0.763
-0.181
 0.255
 0.428
-0.048
-0.662
-1.558
-0.276
 0.801
 0.549
 0.338
-0.721
-0.729
-0.832
-0.839
 1.633
 0.817
-0.315
 0.409
-0.805
-0.057
 0.025
 0.065
 0.421
 2.039
 1.564
 0.499
 0.891
 0.561
 2.413
 0.988
-0.180
-0.293
 1.268
 0.218
 0.350
 0.924
 0.344
 1.020
-0.307
-1.438
 0.271
 0.622
 0.526
 0.755
 0.596
-1.532
 0.179
-0.463
-1.072
 0.923
-0.358
 0.249
-0.205
-0.625
-0.540
-0.468
-0.030
 1.406
 1.259
 0.138
-0.406
 0.514
-0.035
-0.065
 0.489
-0.174
-1.094
 0.624
-0.240
 0.159
-0.586
-0.230
-0.281
 0.144
 0.136
 0.850
 0.563
 1.101
 1.044
 0.493
 0.921
 1.444
 1.271
 2.262
 1.130
 0.214
 0.245
 0.956
 1.211
 1.290
 2.240
 0.327
 1.130
 0.620
 1.196
 1.168
 2.375
 0.062
 0.339
-0.767
 0.700
-0.482
 0.118
 0.221
-0.430
 0.774
 1.829
 2.105
 1.919
 1.113
-0.520
 1.575
 1.992
 2.380
 2.212
 2.937
 2.226
 0.826
 1.710
 3.027
 2.232
 1.935
 1.269
 0.427
-0.032
-0.904
 0.076
-0.633
 1.026
-0.384
 0.787
 1.412
 1.524
 2.074
 0.492
 1.102
 1.484
 0.858
 0.212
 0.559
 0.665
 1.163
 1.102
 1.716
 1.022
 0.673
 1.464
 1.880
 0.013
 0.616
 0.907
 1.408
 0.799
 0.743
 1.079
 0.249
 0.861
 0.576
 0.438
 0.827
 0.908
-0.153
-0.097
-0.299
 0.199
 0.745
 0.147
 0.403
 1.765
 0.575
 1.412
 1.383
 1.851
 1.246
-0.187
 1.329
-0.493
 0.287
 0.785
-0.015
 1.555
 0.569
 0.562
 1.316
 0.507
 0.438
 0.918
 1.288
 2.041
 1.452
 1.315
 0.930
 0.314
 0.795
-0.207
 1.074
 2.857
 1.080
 0.865
-0.689
-0.789
-1.146
-0.321
 0.559
-0.482
 1.108
-0.744
 0.922
 0.439
-0.413
 1.380
 0.882
 1.589
 2.763
 1.633
 0.943
 0.222
 0.854
 1.755
 2.406
 0.147
 1.531
 0.279
 1.418
 1.558
 1.597
 1.321
 1.048
 0.895
 1.276
 2.196
 2.368
 2.118
 0.508
 0.905
 0.497
 0.404
 1.950
-0.336
 0.705
-1.999
-1.985
 0.404
 0.513
 1.293
 1.477
 0.476
 0.724
 0.651
 1.278
 1.672
 1.294
-0.018
-0.115
 0.340
-0.894
 0.752
 0.512
 0.155
 2.672
 2.029
 0.706
 2.554
 0.701
 0.152
 1.495
 1.284
 0.700
 0.731
 1.268
 0.956
-0.086
 2.267
 1.849
 0.169
 0.813
 1.201
-0.471
 1.366
-0.377
-0.090
-1.139
 0.510
 1.938
 1.515
-0.085
-0.840
 0.721
 1.355
 1.155
-0.061
-2.240
-0.546
 0.806
 1.256
 0.258
 0.115
-0.289
 1.699
 1.030
 0.799
-0.171
-1.530
 0.356
-0.736
-1.411
 0.804
 1.286
 0.619
 0.133
 0.575
-1.075
 0.071
-0.704
-0.547
 0.050
-0.592
-0.593
-0.513
-1.266
-1.143
 0.894
 1.199
 1.715
 0.495
 0.939
 0.753
 0.731
 1.169
-0.577
 1.196
 0.990
 0.454
-0.527
 0.850
-0.892
-0.410
 0.733
 1.029
-0.100
 1.025
 0.778
 0.279
 0.271
-0.385
-0.829
-0.834
-0.609
 0.790
-0.471
 0.916
 0.784
 0.930
 0.558
-1.147
-1.276
 0.535
 1.349
 0.196
 0.369
 0.126
 0.071
 0.120
 0.568
 0.052
 1.804
 1.097
 0.829
-0.513
 0.643
 0.459
-0.909
-0.903
 0.599
 1.430
 0.962
 0.238
 1.688
 1.483
 1.180
 1.760
 1.240
 0.557
 1.875
 1.296
 1.899
 2.388
 1.404
 0.199
 0.081
 0.005
-0.771
 0.905
-0.663
 0.032
 1.893
 2.552
 1.844
 0.550
-0.343
 1.598
 0.977
 0.158
 0.398
 0.312
 1.782
 3.246
 2.111
 1.015
-0.571
 0.362
 0.334
 0.515
-0.074
-1.040
-0.112
-1.456
 0.174
-0.527
 0.876
 0.562
 0.655
 2.035
 0.607
-0.048
-0.290
-0.343
-0.159
 1.169
 0.009
 0.570
-0.695
 0.219
 1.658
 0.172
-1.028
-1.071
 0.729
-0.469
-1.605
 0.017
 0.059
-0.136
 0.864
 1.034
-0.354
 0.911
-0.280
 0.229
 1.238
 0.521
 0.262
-0.615
-0.730
 0.290
 0.320
 0.628
 1.875
 1.810
 1.810
 1.078
 0.037
 0.490
 1.287
 2.101
 0.358
 1.355
-0.273
 0.489
 0.523
-0.268
-1.611
 0.253
-0.288
-0.846
-0.613
-0.974
-1.275
-1.000
 0.943
 0.547
 2.121
 1.107
 1.017
 1.336
 0.455
-0.396
-0.833
 0.404
 1.056
 0.893
-0.638
-0.465
-0.348
-0.780
-1.238
 0.236
-1.096
-0.030
 0.092
 1.263
 0.857
 0.217
-0.279
 0.790
 0.672
 0.161
 0.260
 1.175
 1.535
-0.445
-1.376
-0.275
-0.010
 1.183
 0.406
 0.345
 0.174
 1.257
 0.760
 0.768
 0.428
 0.893
 0.357
 0.215
-0.328
-0.104
 0.411
 1.375
 1.117
 0.178
 1.324
 0.812
 0.647
-0.294
 0.709
 0.509
 0.344
 1.270
-0.149
-1.188
 2.112
 1.088
 0.775
 1.073
 1.652
 2.010
 0.875
 0.410
 0.267
 1.925
 1.349
 0.100
 0.534
 0.450
 0.397
 0.992
 0.844
 1.354
 0.324
 0.131
 0.967
-0.225
-0.081
-0.410
-1.055
-0.748
 1.525
-0.043
 0.048
 0.547
-0.547
-0.725
 2.272
 1.745
-0.078
 0.182
 0.830
 0.043
 1.936
 1.172
 0.776
 1.017
-0.012
-0.661
-0.423
-1.236
-1.321
-0.966
 0.341
 0.671
 0.215
-0.375
 1.029
 0.868
 0.348
 0.170
 0.418
 1.057
 2.027
 1.205
-0.567
 1.459
 0.098
 0.508
-0.118
-0.893
-1.301
-0.233
 1.645
 1.453
 0.489
 0.858
 0.181
-0.496
-0.411
-0.016
-0.766
-0.869
 0.188
 0.732
 0.043
 0.710
-0.389
-1.326
 0.139
-0.570
-0.677
-1.821
-0.615
 0.046
 0.036
-1.841
-1.579
-0.777
 1.226
-0.108
-0.471
-0.501
-0.604
-0.027
 2.196
 0.858
 1.142
-0.208
 1.188
 0.974
 0.687
-0.469
 0.553
 1.056
 1.869
 0.723
 0.229
 1.267
 0.250
 0.646
 0.108
 1.346
 1.202
 0.554
 1.646
 0.544
-0.127
 0.910
 0.363
 1.832
 0.984
-0.617
 0.363
 1.005
 1.916
 2.327
 1.594
 0.378
-0.057
 0.885
-0.672
-0.005
-1.014
-0.674
 0.177
 1.365
-1.307
-0.331
 0.092
 0.969
 0.462
 1.459
-0.838
-0.680
-0.408
 1.069
 0.535
-0.926
-0.402
-0.393
 0.560
 0.252
-0.116
 0.760
 0.750
 0.241
 1.653
 2.168
-0.558
 0.602
-0.007
 1.853
 0.610
-0.374
-2.114
-2.058
-2.283
-1.658
-0.280
-1.629
-2.163
-2.289
-0.472
-0.633
-2.246
-0.341
 0.110
-1.608
 0.401
-0.660
 0.463
-1.657
-0.490
 0.039
-0.277
 1.359
 0.483
-0.133
 0.250
 0.981
 0.217
 0.218
 0.676
 0.773
 0.491
 0.429
 0.549
-1.270
-1.307
 0.208
-0.982
 0.200
 0.029
 0.133
 1.038
 0.196
 0.471
-0.618
 0.787
 0.433
 0.129
 0.501
 0.560
 1.249
 1.928
 1.242
-1.113
 0.991
 1.206
 0.239
 1.944
 0.114
-1.089
-0.504
-0.251
 0.077
-0.871
-0.339
-0.173
-1.699
-0.609
-0.033
 1.173
 0.126
 0.246
 0.978
-1.115
-0.490
-0.689
 0.397
-0.993
-0.272
 0.758
-1.304
 0.169
-0.408
-0.663
-0.090
 0.110
 0.777
-0.542
 0.720
-2.025
-0.655
-0.073
-0.327
-0.530
-0.768
 0.809
-0.822
-0.343
-0.854
-0.987
-0.391
 1.168
 1.144
-0.322
-0.892
-1.221
-0.857
-0.462
 0.175
 0.939
 0.879
 2.012
 0.557
 1.059
 1.116
 0.057
 0.909
 0.529
 0.915
 3.140
 0.286
 1.929
 1.218
 1.221
-0.074
 0.117
 0.790
 0.638
-0.464
-0.328
 1.067
 2.015
 2.584
 2.516
 1.222
 1.286
 0.985
 0.167
 0.346
 1.609
 0.399
 0.220
-0.225
-0.749
 0.242
 1.433
 2.233
 2.812
-0.133
 2.603
 0.943
 0.300
 1.418
 1.739
 1.485
 1.536
 1.036
 1.020
-0.035
 2.113
 0.809
 1.495
 1.478
 1.592
 0.882
 2.282
 1.675
 1.253
 0.347
-0.188
-0.692
-0.733
 0.743
 0.387
 0.663
 1.263
 1.204
 1.420
 1.770
 1.874
 0.736
 0.850
 1.351
 2.531
 1.706
 1.536
 2.366
 0.892
 1.190
 1.121
 1.285
 2.337
 2.909
 1.836
 0.224
 1.872
 0.570
-0.869
 1.105
-0.097
 1.279
 0.823
 1.072
 1.171
 2.010
 0.636
-0.926
 0.403
-0.291
-0.829
 0.660
 0.667
 0.769
-0.019
-1.093
 1.212
 1.420
 2.052
 2.271
 1.065
 0.647
-0.259
-0.297
-0.049
-0.448
-0.713
 0.800
-0.677
 1.038
 1.693
 1.512
 1.437
 0.608
-0.999
 1.265
 1.230
 0.697
 0.948
 1.104
 1.771
 0.584
 0.888
-0.583
 0.941
 0.230
 2.101
 0.740
 1.414
-0.249
 2.040
-0.075
 1.608
 1.715
 0.846
 0.865
 2.866
 0.660
 0.195
 1.388
-0.352
-0.118
-0.255
 0.933
 0.762
 0.201
 1.072
 1.097
 0.323
 3.135
 3.940
 1.326
 2.131
 1.963
 1.274
 2.854
 0.974
 0.855
 2.466
 1.478
 0.175
-0.345
 1.246
 0.457
 0.944
 1.701
 0.688
 1.827
 1.067
 1.192
 1.516
 0.761
-0.048
-0.666
 0.511
-0.074
-1.508
 0.626
 0.041
 0.061
 0.256
-1.458
-0.843
 1.880
 1.189
 0.774
 0.378
-0.321
 0.331
 0.176
-1.260
-0.073
-0.601
 1.088
 0.716
 1.804
-0.235
-0.524
-0.743
 0.242
-0.970
-0.418
-0.870
-1.248
-0.811
-0.636
-1.602
-0.270
-0.126
 0.454
 0.994
 1.554
 0.433
 0.138
 0.190
-0.408
-0.601
 0.645
 0.240
 0.492
 0.616
 1.795
 1.123
-0.068
 0.222
 1.051
 0.185
 0.963
 1.014
-0.643
 0.907
 1.567
 1.658
 0.470
 1.900
 0.478
 0.052
 2.510
 0.528
 0.020
 0.100
 0.436
 0.409
-0.508
-0.228
 0.265
 2.829
 0.954
 0.061
-0.036
-0.381
 1.644
-0.046
-0.009
 1.113
 1.304
 0.745
 0.883
 0.336
 0.510
 1.353
 0.492
 0.513
-0.032
 0.319
 1.320
-0.681
 0.361
 0.307
-0.216
 1.590
-0.013
 0.590
 0.833
 0.349
 0.668
 1.366
 0.872
-1.610
-0.506
 0.879
-0.564
 0.040
-1.975
-0.689
 0.420
 1.547
 0.585
-0.195
 0.633
 1.761
 0.655
 1.419
 1.491
 1.752
 2.715
 1.132
 0.162
 1.687
 1.055
 0.209
-1.478
 0.948
 1.881
 0.388
-0.601
 2.367
 1.450
 1.416
 0.998
 1.967
 1.993
 2.299
 1.581
 1.066
 1.594
 1.121
 1.464
 0.265
-0.827
 0.454
 1.194
 0.801
 0.046
 0.033
 0.868
-0.288
 1.076
 0.872
 1.162
 0.096
-1.239
-0.096
-1.378
 1.262
 0.288
 0.901
-0.147
-0.460
 0.753
 2.059
 2.007
 1.743
 0.897
 0.927
 1.821
 0.198
 1.667
 1.370
 1.203
 0.884
 0.143
 1.242
 1.548
 2.328
 0.218
-0.065
 1.003
 0.427
-0.470
-0.101
-0.846
-0.156
-0.250
-0.266
 0.419
-0.197
 2.001
 1.308
 1.042
-0.275
 0.313
 0.821
-0.330
-0.047
 0.936
 1.297
 0.659
 1.849
 1.257
 1.239
 0.712
-0.509
 1.946
-0.389
 0.604
 0.907
 1.155
 0.736
 0.151
 0.449
-0.115
 0.425
 0.285
 0.542
-0.475
-0.765
-0.501
-1.240
-0.832
 0.120
-0.259
-0.602
 0.043
 1.289
 1.060
 0.571
 0.933
 0.972
 1.707
 0.993
 1.180
 1.564
 1.190
 0.681
 1.506
 1.621
 2.104
 3.242
 3.184
 3.167
 0.899
 1.664
 1.960
 1.437
 2.235
 2.717
 2.071
-0.077
 0.669
 0.760
 0.930
 0.492
 1.632
 1.486
 0.270
 0.988
 0.364
-0.371
-0.282
 0.645
 0.180
 0.929
 0.443
 0.206
 0.459
 0.268
 0.909
 1.825
 0.065
 2.202
 1.531
 0.155
 1.708
 1.002
 1.286
 3.038
 2.332
 2.096
 1.349
 0.441
 2.272
 1.432
 2.131
 0.182
 0.807
 0.202
 1.250
 0.486
 1.781
-0.703
 1.134
 1.005
 0.425
 0.239
 0.672
-0.547
 1.501
 1.148
 0.469
 1.126
 1.464
 1.821
 1.918
 0.912
 1.240
-0.271
 1.049
 2.350
-0.692
 1.188
 1.766
 0.990
 1.654
 1.191
 0.500
 0.997
 0.886
 0.590
-0.889
 0.003
-0.312
 0.593
 1.262
 0.147
 0.244
-0.565
-0.469
 0.370
 0.848
-0.568
 1.505
 1.636
 1.844
-0.350
-0.080
 0.711
-0.472
-1.123
 1.166
-0.151
 1.093
 2.626
 0.596
 0.050
 0.502
 1.452
 2.160
 1.629
 2.210
 2.338
 1.337
 0.561
 0.609
 1.621
 0.770
 0.283
-0.091
 0.319
 0.650
 0.000
 0.185
-0.705
-0.255
-0.685
 0.224
 0.441
 1.333
-0.604
 0.708
-0.086
 0.672
-0.116
 0.357
-1.006
-0.284
 0.865
 0.223
 1.518
 1.170
 0.555
-0.394
-0.552
 0.353
-0.563
-1.157
 0.076
 0.912
-0.507
-1.720
-1.053
 0.692
 1.704
 1.669
 0.570
-1.213
 0.459
 0.907
-0.314
-0.722
-1.327
-0.622
 1.316
 0.455
 0.384
 2.066
 1.546
 1.380
 3.112
 1.172
 1.210
 3.231
 0.331
 0.236
-0.452
 0.242
 1.146
 0.567
 0.024
 0.992
 0.429
 0.073
-0.437
-1.265
 0.409
 0.472
 0.578
 0.160
-0.635
 1.698
-0.068
 0.097
 0.417
-0.700
 0.496
-1.211
-0.453
 0.428
-0.147
 0.528
 0.795
 1.356
 0.896
 0.011
-0.484
-0.457
 0.139
 0.216
-0.425
 0.423
-0.085
-0.497
 0.813
 1.700
 0.204
 1.112
 1.144
 0.101
 0.554
 0.782
 1.144
 0.908
 2.182
 0.638
 1.075
 0.673
-1.393
-0.615
-0.714
-0.616
 0.244
 1.291
 0.984
-0.935
 0.517
-0.042
-0.185
-0.106
 1.033
-0.448
-0.831
 0.138
-0.200
 0.405
-1.767
-1.890
-1.353
-0.632
-0.633
-0.305
-0.473
 0.701
 0.314
-0.985
-0.502
 0.505
 0.577
 1.084
 1.238
 1.504
 0.079
 0.526
 1.472
 0.267
 0.027
 2.056
-0.148
-0.182
 0.508
 0.687
 1.129
 1.263
 1.669
-0.069
-0.650
-0.029
 0.434
 0.824
 1.748
 0.059
 0.413
-1.091
-0.105
 0.033
 0.071
-0.668
 0.385
 0.153
 1.866
 0.358
-0.027
-0.112
 1.691
 2.215
 1.667
 2.204
 1.374
-0.409
 0.369
-0.379
 0.203
 0.897
 1.851
 1.680
 0.535
-1.017
 0.547
 1.518
 1.660
 1.354
 1.137
 0.303
-0.814
 0.979
 0.075
 0.932
 1.275
 0.791
-0.017
 0.132
 1.556
 0.371
 1.695
 1.549
-0.410
 0.296
 0.179
 1.635
 0.072
 1.063
 0.903
 0.860
-0.715
 1.224
 1.607
 1.245
-0.037
 1.809
 0.088
 0.138
-0.273
 1.241
-1.020
-0.129
-0.250
-1.095
 1.010
 1.524
 1.200
 0.904
 1.308
 0.454
 1.730
 1.920
 1.371
 1.482
-0.683
 0.111
 0.544
 1.358
 0.599
 1.418
 0.530
-0.007
 1.385
-1.748
-1.446
 0.384
-0.693
 1.522
-0.683
 1.448
 0.044
 0.086
 2.153
 0.754
 0.525
 0.713
 0.921
-0.242
-0.848
-0.112
-0.968
 0.137
 0.866
 1.797
 0.477
 1.242
 2.406
 0.401
 1.357
 0.746
 0.255
-0.235
-0.976
-0.094
-0.054
 0.501
 0.321
 0.482
 0.056
 0.537
 0.430
 0.247
 0.232
-0.672
 1.426
 1.304
 1.152
 0.168
 0.353
 1.344
 1.307
 0.811
-0.133
 1.072
-0.054
 0.679
 0.728
 0.072
-0.451
 0.908
 1.095
-0.149
 0.637
-0.094
 0.584
 1.015
 1.234
-0.332
 1.157
-0.258
-1.043
-0.663
-0.336
 0.881
 1.002
-0.095
-0.207
 1.556
 1.893
 0.408
 0.473
 0.806
 0.100
 1.767
 2.467
-0.742
 0.744
 0.427
 0.561
 0.227
 0.180
 0.987
 1.630
-1.153
 1.191
-0.082
 0.631
 0.477
 0.857
-0.239
 0.486
 0.302
 0.161
 0.034
 1.246
 1.296
-0.325
 1.283
 2.375
 2.149
 0.715
 0.887
 0.369
 0.877
 0.524
 1.168
-0.797
 0.516
 0.280
 0.350
 0.066
 0.043
 0.145
 0.713
 1.456
-0.244
 0.625
 0.621
 0.324
 1.363
 1.238
 1.567
-1.802
 0.179
-0.701
-0.254
 0.026
 0.379
-0.259
-1.563
-0.109
 0.965
 1.320
 0.486
 0.340
-0.020
-0.656
-0.472
 0.553
 0.792
 0.125
 1.442
-1.118
-0.433
 0.143
 1.601
 1.017
 1.036
-0.745
 0.569
 1.238
-0.031
 1.548
 1.405
 0.149
-1.086
-0.514
 0.748
 1.391
 0.118
 1.684
 0.109
 0.177
 0.254
 2.317
 2.056
 1.708
-0.085
 0.671
 1.720
 1.674
 0.453
 1.512
 1.833
 1.070
 1.890
 1.872
 1.636
 2.828
 1.427
-1.191
-0.808
 1.519
 1.586
 1.560
 2.069
 0.186
 0.982
-0.092
 2.505
 0.315
 1.177
 2.632
 0.085
 1.696
 1.879
 1.593
 1.899
 1.414
-0.658
 1.171
 1.930
-0.571
 1.182
 1.481
 0.496
 2.038
 1.325
 0.813
 0.728
 2.385
-0.890
 0.650
 0.417
 0.329
 1.228
 1.440
 0.168
 0.239
-0.087
 0.387
-0.435
 0.440
 0.046
 0.843
-0.496
-0.198
-0.163
 0.592
-0.036
-0.390
 0.002
-0.213
-0.361
-0.573
-0.721
-0.841
 0.172
-0.328
-0.673
-1.667
-0.376
-1.292
-0.472
-1.526
-2.991
-2.430
-1.269
-0.933
 0.407
 0.420
-0.459
-0.541
 1.068
 1.087
 0.292
-0.350
 0.135
 1.432
-0.763
-0.526
 0.579
 0.922
-1.252
-0.830
-0.187
-1.836
-0.575
-1.020
-0.620
-1.473
-1.005
-0.890
-0.305
-0.125
 0.639
-1.192
-2.599
-0.908
 0.175
-2.739
-2.450
-0.221
-1.140
-2.051
-1.358
-1.700
-1.122
-1.268
-0.277
 0.378
 1.570
 0.851
-0.739
-0.367
 0.161
 1.253
-1.362
-0.649
 0.069
 0.665
 0.348
 0.549
-0.789
 1.039
 0.684
 1.427
-1.170
 0.387
 1.238
-1.180
 0.629
 0.423
 1.607
 0.747
 1.755
 1.541
 0.581
 0.263
-0.350
 1.437
 1.138
 0.472
 1.235
 0.667
 1.076
 1.071
 0.308
-0.468
-0.723
 0.998
 1.089
 0.743
 0.062
 0.738
-0.414
 0.527
 0.812
 0.706
 0.935
 0.097
-0.604
 0.487
-0.309
 1.045
 1.080
-0.122
 0.282
-0.859
-0.164
 1.193
 0.741
 1.530
 0.382
-0.305
 0.518
 1.383
 0.725
 0.051
 0.507
-1.038
-0.587
 1.462
 0.921
-0.156
 0.881
-0.371
 0.931
 1.343
 0.474
-0.882
 1.584
 0.140
-0.399
 0.914
 1.410
 1.995
 2.377
 1.438
 0.030
-0.931
-0.519
 1.463
 0.023
 0.008
 0.000
 0.051
 1.287
 0.814
 1.381
 0.666
 0.100
-0.333
 0.402
-0.626
 0.505
 0.104
 1.233
-0.249
 0.111
-0.254
 1.208
 1.565
 0.742
 1.614
 1.081
 1.087
 2.225
 1.397
 1.496
-0.225
 1.129
 0.396
-0.919
-0.959
-1.092
-0.695
 0.253
-0.830
-0.371
 0.130
-0.011
-0.840
-0.996
-0.403
 0.852
-0.016
 0.219
 0.053
 0.436
-0.329
 1.052
 0.561
 0.859
 0.452
 1.079
-0.428
 0.847
 0.326
-0.752
 0.126
-0.421
 1.212
 2.535
-0.048
-0.386
 0.816
-0.149
 0.221
-0.278
 0.302
 1.362
-0.153
 0.459
-0.396
-0.077
 0.237
-0.204
 0.205
-0.450
 0.505
 0.890
-0.065
 1.635
-0.125
-0.422
-0.928
 1.308
-1.139
 0.314
-0.198
 2.145
 1.612
 1.122
 0.055
-0.821
-0.764
 0.880
-0.389
-1.541
-0.291
-0.943
 1.374
 1.328
 1.844
 1.147
 1.890
 1.179
 1.550
 1.131
 0.234
-0.049
 1.514
-0.477
-0.648
-0.521
-0.129
 0.485
 1.112
 1.959
 1.559
-0.209
 1.393
 0.803
 1.638
 1.174
 0.196
 0.472
 0.008
 0.635
 1.732
 2.328
 1.815
 0.765
 0.952
 1.195
 1.247
 2.268
 3.279
 2.525
 0.815
-0.376
 0.923
 0.924
 0.365
-1.129
 1.157
 0.408
 0.784
 0.581
-0.258
 0.289
 0.456
 1.290
 0.979
 1.938
 1.651
 0.543
 1.220
 1.334
 0.996
 0.868
 0.454
 1.448
 1.444
 1.085
 1.387
 2.187
 2.864
 0.606
 1.121
-0.483
-1.002
-0.395
-0.403
-0.116
 0.512
-0.991
-0.253
 0.610
 1.235
 1.487
 0.823
 2.318
 1.500
 1.773
 0.101
 0.324
-0.509
-0.514
 0.348
 2.807
 1.681
 1.250
 0.997
 0.245
 1.345
 1.512
 1.516
 1.894
 0.588
 0.258
 0.063
-0.069
-0.309
-0.006
 1.074
 1.467
 1.967
 1.285
-0.003
 0.035
 0.363
 0.470
 0.214
-0.745
 0.214
-1.032
 1.534
-0.324
-0.270
 0.364
-0.235
-0.405
 0.432
 1.118
 1.541
 0.143
 0.873
-0.330
-1.443
-1.509
-2.200
-2.737
-0.515
 0.085
-0.573
 0.007
 0.253
 1.313
 0.565
 1.789
 2.093
 1.225
 0.545
 1.576
-0.266
 0.135
-0.270
 1.425
 2.536
 0.015
 0.256
 0.380
 0.695
 0.753
 0.674
 0.767
-0.343
 0.228
 0.778
 0.410
 0.339
 1.749
 0.028
 1.160
 2.084
 0.753
 0.384
 1.501
 1.884
 0.652
 2.508
 2.334
 0.648
 1.747
 0.428
 0.517
-0.544
 0.114
 0.091
-0.013
-0.380
 1.084
 0.049
 1.891
 0.684
 1.941
 1.827
 1.316
 1.391
 1.061
 1.672
 0.630
 1.710
-0.363
 0.786
-0.303
 0.109
 1.080
 0.240
 0.622
 1.915
-0.266
 0.808
-0.943
 0.252
 0.767
 0.965
 0.550
 1.179
 1.479
 1.342
 1.577
-0.223
 0.157
 0.650
 0.234
 0.439
 0.872
 0.909
 0.184
 0.719
 0.290
 0.960
 1.710
 1.850
 0.073
 1.587
-0.251
 1.704
 1.428
 0.295
 1.074
 2.120
 2.394
 0.866
 2.578
 1.505
 1.304
 1.839
 1.974
 0.066
 1.010
-0.220
 0.961
 1.607
 0.649
 1.602
 1.256
-0.177
-0.624
 0.339
-0.534
-0.866
-0.270
 1.516
 1.030
 1.706
 1.942
 1.723
 0.927
 0.976
 0.284
 0.410
 1.331
 1.599
 1.439
-0.613
 1.028
 2.252
 2.250
 0.741
 0.837
 2.166
 1.947
 1.151
 0.628
 1.026
 0.611
-0.147
 0.872
-0.265
-1.110
-1.270
 1.489
 1.208
 0.148
-0.482
 0.234
-0.279
-0.360
-1.275
-0.559
-1.047
-1.100
-0.300
 0.096
-1.226
-1.405
 0.934
 1.305
 0.000
 0.358
-0.265
-0.984
 0.773
-1.864
-1.607
-0.759
-0.055
-0.405
 0.020
 0.942
-1.269
-0.678
-1.244
-0.853
-0.157
-0.469
-1.375
-1.938
-0.462
 0.437
 0.519
-0.051
-0.668
 0.092
 0.591
 0.535
 0.673
-2.563
-0.482
-1.078
 0.531
-1.420
 0.075
-0.110
-1.631
-1.435
 0.140
 1.052
 0.694
 0.756
 1.517
-0.654
 0.257
 1.167
 0.788
 1.421
 1.154
 1.436
 0.741
 0.236
 0.395
-1.004
-1.794
-1.427
 0.579
 1.133
 0.332
 0.329
 1.333
 2.123
 1.338
 1.496
 1.662
 0.397
 1.702
 1.175
 1.924
 1.130
 1.695
 2.001
 0.556
 0.484
 0.529
 1.786
-1.313
 0.097
-1.832
-0.310
 0.659
-0.183
-0.235
 0.256
-0.159
 0.550
 0.615
 0.402
 0.553
-0.992
-0.233
 1.246
 1.731
 1.697
 1.656
 1.471
 1.637
 0.525
 1.364
 1.231
-0.525
-0.631
-0.692
 0.764
 0.596
-0.044
 0.123
 0.033
 0.817
 1.232
 1.517
-0.905
 0.104
-0.257
 0.704
 1.617
-1.175
 0.100
-0.606
-1.895
 0.013
-0.212
-0.100
 0.914
-1.143
-0.436
 0.622
-0.034
 0.310
-0.204
-0.603
 1.559
 0.532
 0.918
 1.554
 0.471
 1.229
 1.931
 1.900
-0.051
 1.781
 0.794
 1.745
 0.912
 0.530
 1.464
 1.230
 2.171
 1.336
-0.001
 0.615
 1.205
-1.472
 0.298
-0.167
-1.083
 0.573
-0.449
 1.804
 1.335
 1.696
 1.920
 0.327
 0.559
 1.098
 0.644
 0.859
-0.078
 1.767
 0.452
 1.390
-0.526
-0.532
-0.024
 1.573
 0.252
 0.737
 1.680
 0.503
 0.096
-0.019
-1.606
 0.154
 0.169
 0.394
 0.738
-0.279
 0.703
 0.148
 0.495
-0.171
 0.176
 1.634
 0.380
 1.373
 0.715
-1.246
-0.694
-0.613
-1.090
 0.019
-1.231
 0.107
 0.597
-0.145
 0.260
-0.445
-0.788
-1.319
-1.317
 0.214
-1.136
-0.081
-0.357
-0.280
 0.631
 1.833
 0.627
-0.821
 0.183
-0.515
 1.622
 0.212
 0.492
 2.276
 1.282
 0.678
 1.285
-0.271
-0.110
 1.306
 0.387
-0.334
-1.306
-1.599
-0.828
-0.890
-0.206
 0.321
-0.090
 0.482
 0.389
-1.161
 0.278
 1.246
-0.908
 0.082
 0.584
 0.057
 0.666
 0.431
 1.610
 1.773
-0.485
 1.514
 0.218
-0.424
 0.766
-0.294
-1.078
-0.267
 0.481
 1.563
-0.049
 1.197
 1.346
 1.235
 1.106
 1.225
 1.517
 0.826
 1.919
 0.262
 1.382
 0.254
-1.119
-1.593
-0.472
 1.006
-0.071
-1.751
-1.169
-1.815
-1.348
-0.067
 0.163
-0.754
-1.844
-0.357
 1.069
 1.641
 0.187
 0.294
 0.311
 0.177
-1.127
-0.715
-0.803
 0.208
 1.557
 0.463
 0.628
-0.045
-0.233
-1.196
-1.168
 0.053
-1.586
-0.072
-0.226
 1.290
 1.567
-0.190
 1.858
 0.513
 0.890
-0.557
 0.410
 0.645
 0.552
 1.051
 0.556
-1.589
-0.190
-0.895
 0.053
-1.033
-1.395
 0.490
 0.824
-0.640
-0.341
 0.262
-0.553
 0.612
 0.252
-0.072
 0.852
 1.475
-1.296
-0.346
-0.934
 0.087
 0.869
 0.813
-0.364
-1.056
 0.172
-0.295
-0.096
 0.829
 1.648
 0.652
-0.052
-0.758
-0.418
 1.371
 1.829
 0.920
 0.682
 1.881
 1.905
 0.762
 0.951
-1.289
 0.322
-0.902
-0.542
 0.094
-0.279
 1.492
 0.341
 1.286
-0.137
 0.545
 2.342
 0.879
 0.500
 0.351
 1.985
 2.166
 3.032
 0.126
 0.064
 0.664
 0.625
 0.305
 2.607
 0.930
 0.347
 1.858
 1.140
 2.194
 1.399
 1.425
 1.606
 1.372
 0.666
 2.279
 1.649
 0.866
 2.442
-0.001
 1.714
 0.001
 0.373
-0.821
 0.099
 0.419
-2.012
 0.291
 1.238
-0.142
 1.287
-0.451
-0.362
 0.565
 1.164
 1.631
 0.671
 0.413
 1.104
 0.143
 0.981
 0.884
 1.278
 1.990
 0.989
 1.589
 0.298
 0.586
 0.828
 0.852
 0.258
 1.070
 0.722
 1.357
-0.135
 0.633
 0.717
 0.482
-0.731
 0.159
 0.205
 0.549
-1.194
-0.509
-0.496
-1.093
-0.818
 0.885
 0.590
 2.715
-1.010
-0.010
-0.265
-0.452
 2.140
 0.570
 1.585
 2.739
 1.804
-0.156
 0.868
 1.771
 0.274
-0.188
 0.491
 1.110
 1.451
-0.124
 0.857
 1.003
 0.001
-0.441
 0.227
-0.570
-0.069
 0.082
-0.875
 1.200
-1.082
 0.473
-1.837
-0.913
 0.415
 1.451
-0.257
-1.033
 0.513
-1.345
 0.521
 0.313
-0.963
 0.067
 0.686
-0.255
-0.847
 2.133
 0.872
-0.114
 0.390
-1.467
-0.191
 0.129
-1.284
 0.072
 0.909
 1.222
 1.163
 0.167
 0.031
 0.666
 0.404
 0.119
 0.842
 1.249
 1.298
 0.964
-0.013
-0.764
 1.227
 0.173
 0.181
-0.483
-0.244
 1.139
 0.794
 0.836
 0.427
 1.328
 1.013
 1.060
-0.166
 1.389
 0.569
 2.214
 0.521
-0.528
-0.232
 1.033
 0.939
 0.731
 0.532
 1.494
 1.470
 0.477
 1.245
 0.809
-0.445
 0.275
 1.007
 0.234
-0.502
-0.308
 0.842
 0.715
-0.061
 0.260
-0.060
 0.611
-0.231
 0.021
-0.073
 0.888
-0.072
 0.191
 1.294
 1.345
 1.336
 1.701
 1.249
-0.925
-0.841
-0.129
 0.103
 0.421
 1.282
 0.550
 1.779
 0.088
 1.750
 0.215
 1.202
-0.298
-0.128
-1.453
-1.045
 0.510
 1.337
-0.219
-0.255
 0.526
 0.735
 0.053
 1.247
 0.738
 0.825
 0.819
-0.351
 1.212
-0.376
 0.573
-1.048
 0.231
-0.190
 0.720
 0.844
 0.393
 0.549
 0.203
 0.582
 0.388
 0.630
 0.432
 0.200
-0.835
 0.628
 1.725
 1.822
 0.639
 0.101
 1.088
 0.037
 0.705
 0.205
-1.450
-0.804
-0.988
-1.484
-0.681
-0.670
-1.411
-0.609
-0.198
-0.043
 1.328
 1.265
-0.204
 1.123
 0.803
 1.822
-0.251
 0.352
-0.796
-0.604
-0.222
-0.617
 0.424
-0.023
 1.312
-0.095
 1.101
 1.694
 1.541
-0.080
 0.997
-0.065
-1.039
-0.470
-0.615
-0.171
-0.185
 0.860
 1.897
 0.942
-0.528
 1.640
 2.218
 0.271
-0.769
 0.478
 0.904
 1.467
 2.166
 0.883
 0.471
 1.131
 0.151
 1.123
 1.094
 0.393
 0.508
 0.745
-0.421
-0.950
-0.028
 0.006
 0.771
-0.739
 0.053
 1.028
 0.888
 0.659
-0.211
-1.395
-0.326
-0.253
-0.242
 0.501
-1.271
-0.938
 0.195
-0.328
-0.825
-1.352
 0.161
-0.428
-0.464
 0.130
-0.688
-1.843
-2.298
-2.050
-1.671
-0.428
 0.377
 0.836
-0.366
 0.139
 1.858
 1.054
 0.387
 0.116
-0.451
 0.731
-0.169
-0.838
-0.349
-0.603
 0.556
 0.582
 0.034
 0.953
 0.110
-0.090
 1.616
-1.605
-1.038
 0.254
-0.220
 0.339
-0.273
-0.231
 0.855
-1.469
-0.176
-0.464
-0.714
-1.649
-2.280
-0.468
-2.167
-1.424
-0.997
-0.640
-0.764
 0.263
-1.033
-0.113
 0.074
-0.156
 0.685
-0.088
 0.870
 1.614
 1.502
 2.441
 0.805
-0.222
 0.173
 0.396
 0.253
 0.955
 1.608
 0.411
 1.318
 0.776
 0.051
 0.155
-1.701
-0.484
-1.529
-0.583
 0.707
 1.291
 0.615
-0.466
 1.808
-0.226
 0.298
-0.337
 0.042
-0.409
-0.865
 0.454
-0.533
 0.048
-1.730
-1.528
 1.412
-0.880
-1.172
-0.851
-1.699
 0.918
-0.999
-0.777
-1.394
 0.519
-0.652
 0.087
 0.105
-0.999
 0.270
-0.851
-2.377
 1.004
 1.499
 0.582
-0.331
 0.221
-1.623
-0.583
-0.897
 0.492
-0.149
-0.111
-1.723
-0.207
-0.552
-1.882
-1.425
-0.971
 0.090
-0.584
 1.352
-1.850
-1.376
-0.579
-0.707
-1.407
-1.617
-0.125
 0.244
-1.054
 0.738
-0.288
-1.341
 0.588
-0.173
 0.079
 1.448
 0.794
 0.955
-0.937
-0.538
-1.149
 0.433
-0.569
-0.083
 0.566
-0.495
 0.738
 0.164
 1.266
 1.615
-0.117
 0.134
-0.124
-0.085
-1.101
 0.396
 1.476
 0.170
-0.941
-0.062
 0.470
 0.385
 0.496
-0.505
-0.830
-2.099
-0.348
 0.569
-0.797
-0.003
-0.904
 0.985
 1.384
-0.341
 0.393
 0.869
 2.047
 0.154
-0.468
-0.687
-1.491
 0.248
 0.877
 0.284
-0.111
-1.236
-0.136
 0.683
-0.108
-0.170
-0.808
-1.329
-0.483
-0.358
 0.835
 0.210
-0.386
 1.147
 2.126
 1.784
 0.773
 1.644
-0.772
 0.548
 1.693
 0.399
 0.266
-0.637
-0.696
 0.368
 0.858
 0.954
 1.156
 0.306
 1.019
-0.513
-2.091
-0.529
-0.366
-0.639
-0.756
-1.406
-0.874
-0.397
 0.337
 0.568
-0.829
-0.803
-1.479
-1.972
-0.029
-0.918
-0.418
-1.048
-0.338
-1.238
-1.880
 0.153
-2.411
-0.532
-0.896
-0.654
-1.599
-1.132
-2.216
-0.498
-0.850
 0.842
-1.542
-2.104
-0.727
-1.915
-0.302
-0.304
-2.521
-3.164
-1.748
-0.467
 0.004
-2.202
-1.118
-2.918
-0.760
-0.398
 0.977
 0.890
-0.551
-1.110
-0.822
-2.307
-1.403
-2.589
-0.626
 0.459
 1.175
 1.172
 0.580
 1.289
 0.469
-0.560
 0.938
 0.608
 0.617
 1.453
 0.785
 1.394
 1.638
 1.312
-0.595
 0.568
 0.194
 1.779
-0.268
 0.309
-0.531
 1.821
 0.331
 1.207
 1.029
-0.141
 0.487
 0.659
 1.460
 0.737
 0.337
-0.115
-0.789
 0.677
 0.676
 0.534
-0.330
 0.694
 0.043
-0.011
 0.779
 1.534
 1.137
 1.597
 1.353
 1.056
 1.187
 0.519
 0.797
 0.832
-0.631
-0.199
-0.355
 0.327
-0.751
-0.696
 1.098
 0.258
 0.656
-0.916
-1.866
-0.042
-1.172
-0.385
 0.002
-0.999
 0.208
-2.083
-2.245
-1.138
 0.051
 0.488
-0.205
-0.353
-0.689
-1.451
-1.024
-1.353
-0.999
-0.349
-1.060
-0.670
-0.906
-2.187
-1.045
-0.218
-0.576
-0.440
-1.336
-0.989
 0.152
-0.146
-0.733
-0.772
 1.103
 1.331
 0.798
-0.505
 1.829
 0.893
 0.137
 1.065
 1.625
 0.426
 0.800
 0.184
-2.066
-1.146
-1.288
-0.417
-0.199
-0.672
 1.915
 0.767
-0.405
-0.686
 0.200
 0.085
 0.687
 0.456
-1.274
-0.201
-1.037
 1.390
 0.307
 0.413
-1.180
 0.022
-1.174
-0.183
 1.430
 1.057
 1.042
-0.741
 1.235
 0.640
 1.024
-0.245
 0.158
 1.540
 0.706
-0.346
 0.436
 0.181
-1.019
 0.596
-0.259
 0.481
 1.609
 1.440
 1.708
 1.972
 0.507
 0.475
 2.113
 0.695
 1.245
 0.342
-0.719
-0.123
 1.548
-0.393
 0.905
 0.199
-1.631
 0.003
 2.070
 0.828
 0.782
 0.759
 1.366
-0.109
 0.460
-0.235
 1.098
 0.217
 0.467
-0.013
-0.531
 1.736
 0.940
-0.474
 0.037
 0.147
-0.020
 1.099
 1.879
 1.869
 0.650
 0.804
-0.450
 0.474
 0.237
 0.773
 0.830
 0.450
 1.857
 1.081
 1.145
 1.592
 0.332
 0.221
 1.757
 1.237
 1.430
 1.267
 0.300
-0.061
 0.402
 0.222
 0.083
 0.832
 0.505
-0.611
-0.185
 0.613
 0.723
 0.013
-0.093
-0.493
 0.895
-0.806
-0.192
-3.108
-0.249
-1.304
-1.579
-0.140
-1.153
-0.149
-0.819
 1.080
-0.596
 0.416
-0.407
-0.058
-0.126
-0.001
 0.411
 2.420
 0.313
 0.125
 0.383
 1.542
 0.477
 0.437
-0.923
-0.438
 0.660
-0.433
 0.798
 0.003
 0.703
 0.826
 0.461
 0.962
 0.954
 0.952
-0.468
 1.230
 1.083
-0.106
 0.376
-0.091
 0.265
 0.608
-0.019
-1.266
-1.300
 0.257
 1.313
-0.096
-0.588
-1.346
 2.572
 0.417
-0.440
-0.209
 0.522
-0.477
-1.804
-1.047
 0.659
 2.289
 0.448
 1.134
 1.154
 1.435
 0.750
 0.190
 0.374
 0.692
-0.874
 0.170
 1.043
-1.222
-0.040
 0.859
 1.009
-0.238
 0.814
-1.128
-1.419
 0.403
-0.893
-0.975
-0.353
 0.356
-0.586
-1.914
-0.974
-0.084
-0.825
 0.057
-0.283
 0.156
 0.508
-0.605
-0.070
 0.654
 0.645
-0.602
-0.963
 0.069
-0.502
-0.148
 0.362
-0.134
-0.527
-0.916
-0.311
-0.140
-0.787
 0.205
-0.156
-0.730
-1.588
-1.514
-0.994
-1.901
 0.280
-0.348
-0.762
-0.334
-0.042
 0.653
-0.143
-0.205
-0.063
 0.291
 0.082
-1.038
 0.555
 0.464
 0.337
-0.510
 0.788
 0.799
 0.861
-0.089
-1.443
-0.098
-1.631
-0.698
 0.121
 1.320
 0.324
-0.304
-0.218
-0.530
 0.285
-1.021
 0.339
 0.385
-0.645
-0.654
 0.673
 1.615
 0.637
 1.124
 1.042
 0.695
 1.131
-0.827
-2.088
 1.208
 1.189
 0.078
 0.904
-0.281
 0.537
 0.515
 1.732
 1.247
 0.589
-0.019
 1.015
 0.728
 0.723
-0.334
-0.344
 0.418
 0.070
 0.194
-0.419
-1.353
-0.616
-1.411
-0.834
-0.783
 0.195
 0.938
-0.247
 0.211
 0.374
-0.528
-0.506
 0.324
 0.964
 0.677
 1.376
 1.357
 1.539
 0.270
-0.009
-0.300
-1.295
-0.626
 0.619
 0.241
-0.728
-0.233
 1.206
-0.457
 0.303
-0.270
-0.893
-0.731
-0.625
-0.238
-0.190
-0.646
-0.595
-0.003
-1.269
 1.044
-0.013
-1.159
-0.478
 0.277
 1.118
 0.398
 0.774
 0.779
 0.237
 0.410
-0.020
 1.209
-0.577
-0.075
 0.988
-0.259
 0.416
-0.382
-0.054
-0.052
 0.152
-0.268
-1.032
-0.013
 1.288
 1.090
-0.911
-0.554
-0.891
-0.926
-0.776
-0.255
-0.214
 0.559
 0.419
 0.943
 0.639
-0.062
 0.351
 1.014
 0.113
 0.222
-0.508
 0.478
 0.765
 1.269
-0.098
 0.400
-0.172
 0.352
 1.163
 0.010
-0.799
 0.495
-1.054
-1.385
-0.512
-1.234
-1.040
-0.454
-1.193
-0.477
-1.091
-0.420
-0.669
-1.331
-0.136
-0.811
-0.896
 0.000
-1.679
-1.662
-1.241
-0.206
-1.222
-0.175
-0.456
 0.414
-0.056
 0.212
-1.064
-1.065
-1.033
 0.498
-0.980
-0.550
-0.314
-1.577
-0.725
 0.265
 0.007
-1.129
-0.968
-1.062
-0.238
 1.251
 1.741
 0.575
-1.414
-1.478
-0.237
 0.257
 1.031
 0.361
 0.067
 0.906
-0.725
-0.780
-0.683
 0.261
-0.506
-0.283
-1.495
 1.067
 1.192
-1.418
 0.095
-0.871
 0.095
 0.009
 0.043
-1.252
 0.076
 0.319
 0.903
 2.188
 0.359
 0.592
 0.242
-0.552
 0.079
-1.042
 0.602
 1.168
-0.326
-0.410
-0.143
-1.066
 0.326
-1.065
-1.022
-1.252
-1.813
-0.539
 0.193
 0.753
-1.172
 0.199
-0.419
 0.458
-1.363
 0.568
 0.295
 1.300
 0.829
 0.563
 0.619
 0.371
 0.935
-1.463
 0.523
 1.210
 1.490
 1.252
 1.456
 0.122
 0.320
 0.367
 0.800
-0.140
 0.205
-0.317
 0.589
 0.157
-0.520
-0.223
-0.146
 0.438
 1.133
 1.376
 0.116
 1.136
 1.094
 0.050
-0.404
 0.134
-0.657
-0.713
-1.186
-1.099
-0.010
-0.460
-0.144
 1.775
 0.772
-0.623
 0.417
 1.157
-1.412
-0.290
-0.229
 1.007
 0.126
 0.916
 0.691
-0.125
 1.456
-0.498
-1.196
-0.437
-1.226
-1.793
-2.512
-2.235
-0.812
-0.420
 0.268
-1.205
 0.099
 0.052
-0.895
-0.661
-0.878
-0.641
-0.629
-1.363
 0.073
-0.516
-0.481
 1.266
 0.010
-0.208
-2.029
-1.349
-1.739
 0.127
-0.311
-1.129
-0.604
-0.761
-0.605
-1.930
-0.151
-0.410
-0.774
-0.018
-0.455
-1.022
 0.281
 0.404
-0.068
-2.164
-1.773
-0.716
 0.151
-0.378
 0.274
-0.239
-0.454
 1.495
-0.077
 0.434
 1.086
-1.022
-0.443
-0.473
-0.071
-1.386
 0.061
-0.995
-0.964
-1.156
 0.178
 0.549
-0.550
-1.254
-0.907
-0.638
 0.789
 0.694
-0.133
-1.015
 0.896
 0.418
-0.334
 0.717
 1.050
 0.903
 0.592
-0.442
-0.593
-0.552
-2.164
-2.904
-0.614
-0.669
-0.411
 0.720
-0.690
 0.376
-0.742
 0.283
 0.694
 0.197
 0.727
 0.561
 0.363
-0.068
 0.010
-0.837
-1.748
-2.293
-0.448
-0.276
-0.862
-1.314
-0.165
-1.412
-2.169
-0.964
-0.037
-0.071
-1.008
-0.983
-2.006
-1.468
-1.015
-1.056
-2.153
-0.884
-0.798
-0.865
-0.435
 0.784
-0.268
 0.416
 0.841
 0.940
 0.191
 1.138
 1.477
-0.604
 0.280
 0.378
-0.934
 1.523
-0.243
 3.302
 1.065
 0.045
-0.555
-0.360
 0.058
 0.811
 1.439
 0.993
-0.151
-1.010
-0.925
-0.568
 0.414
 0.860
-0.424
 0.388
 0.561
-1.416
 0.779
 0.597
 0.798
-0.832
-0.616
 0.396
 0.098
-0.159
 0.965
 0.671
 1.953
 0.547
 1.392
 1.177
 1.338
 1.119
 0.110
 0.351
-0.477
-0.548
 0.633
-0.880
-0.693
 0.477
 0.430
-0.036
-0.976
-0.196
 0.897
 0.781
 0.166
 2.059
 1.680
 1.234
 1.147
 2.041
 0.892
-0.182
 2.685
 2.695
 1.777
 0.726
 1.529
 0.840
-0.336
-0.396
 0.219
 1.556
 0.854
 2.142
 0.342
 1.078
 0.725
 1.189
-0.271
-0.830
-0.570
-0.350
 0.492
 0.197
 0.036
 0.613
 1.274
 0.629
-0.123
 0.434
 0.400
 1.242
 0.511
 0.278
 1.450
 0.977
 0.889
 0.378
-0.527
 0.584
-0.102
 0.135
 0.473
-0.214
-0.657
-0.906
-0.187
-0.981
-1.468
 1.244
 1.390
 0.388
 0.236
 0.272
 0.760
 0.174
 1.156
 0.784
 1.831
 0.991
 0.998
 0.843
-0.119
-0.405
-0.255
 0.393
 0.612
 0.530
-0.784
-0.111
 0.035
-0.450
-0.819
-1.494
 0.915
-0.664
-1.296
 0.802
 0.254
-1.293
 0.850
-0.288
-0.632
 0.300
 0.386
-0.030
-0.604
-0.716
-1.704
 1.239
 0.189
 0.068
 0.344
 0.524
-0.239
 0.188
-1.267
-0.804
-1.643
-1.212
-1.139
-0.352
-0.376
 0.539
-0.504
 0.911
 1.129
 0.432
-1.551
-1.533
 0.095
 0.091
-2.131
-1.446
-0.250
-0.016
 0.647
 0.780
 0.410
-0.673
-1.174
-1.010
-0.260
 1.074
 0.388
 0.139
 1.747
 0.743
-0.676
 0.358
 1.564
 0.312
 0.276
 0.913
 0.434
-0.673
-1.238
-0.592
-1.047
 0.524
-0.262
-1.033
 1.338
-0.907
 1.382
 0.401
 0.352
 0.546
-0.977
-0.760
 0.232
 0.202
-0.164
 1.151
 2.056
-0.147
-0.190
 0.110
 0.260
-0.213
-0.562
-1.204
-0.692
 0.483
-0.097
 1.640
-0.494
 0.320
 1.281
 0.607
-0.742
 0.233
-0.025
 0.142
 0.872
 0.052
-1.259
-2.143
-1.568
-0.176
-0.348
-0.456
 0.197
 0.002
 0.532
 2.201
 1.700
 1.621
 0.911
 0.686
 0.774
-0.028
 0.433
-0.154
 1.112
 1.101
-1.043
 0.994
 1.384
 0.838
-0.802
-0.834
 0.227
-0.662
-1.465
-0.417
-0.536
-0.966
 0.254
 0.540
-0.045
-0.225
 0.113
-0.998
 0.668
 0.043
 0.112
-0.589
 1.102
 1.266
-0.339
 0.823
-1.474
-1.983
-0.977
-0.251
-0.321
 1.111
 1.285
 0.442
-0.075
-1.443
-1.293
 0.658
-0.606
 1.163
 0.694
 0.090
 1.284
 1.106
-0.649
 0.129
-1.235
-0.274
 0.157
 0.778
 0.835
 1.610
-0.107
 1.749
 1.931
 2.138
 1.789
 0.144
 0.222
 0.817
 2.032
 1.730
 1.163
-0.414
-0.409
-0.065
 0.505
-0.339
-0.711
 1.276
 1.238
 0.585
-0.064
-0.418
 0.631
 0.909
 0.443
-0.715
 0.125
-0.609
 0.070
 0.342
 1.479
 1.236
 1.795
 2.299
-0.193
 0.487
 1.693
 0.664
 0.411
 0.860
 0.804
 1.532
 2.133
 0.593
-0.267
 0.660
-0.518
-0.165
-0.281
-0.096
 1.464
 0.150
-0.342
-0.732
 0.683
 1.241
 1.987
 1.220
 1.180
 0.320
 0.326
 0.419
 0.041
 1.158
 1.352
 1.252
 0.953
 0.350
 0.015
 0.396
 0.195
-0.147
 1.771
 1.793
 0.821
 1.372
-0.063
-0.275
 0.133
-0.803
-0.102
-0.319
-0.286
 1.238
 0.999
 1.770
 0.412
-1.253
 0.037
 0.603
-0.282
-0.262
-0.572
-0.564
 1.311
 1.090
 0.155
 0.225
-0.984
 0.401
 1.211
 0.201
-0.591
-1.179
 0.795
 1.209
 0.748
 1.550
 1.565
 1.775
 1.762
 1.064
 0.048
-1.087
 2.502
 1.714
 0.807
 0.448
 0.690
 1.342
 1.530
 0.492
-0.929
-0.614
-0.061
 0.578
-0.224
 1.017
 1.107
 0.433
 0.067
-0.074
-0.525
 0.718
-0.793
 0.495
 0.354
-1.219
 0.449
-0.285
-0.331
 0.530
 0.689
-1.099
 0.314
-0.059
 0.011
-0.313
 0.360
-0.055
 1.133
 1.176
-0.358
-0.618
-0.537
-0.716
-0.329
-0.348
 0.071
-0.861
 0.996
 1.120
 0.681
 0.281
-0.989
 1.237
 1.441
 1.178
 1.914
 1.510
-0.797
 1.109
-0.910
-0.315
 0.566
-0.410
 0.665
-0.286
 0.260
 0.096
 2.163
 1.139
-0.391
 0.253
 0.300
 0.387
-0.585
-0.675
 0.248
-0.932
-1.183
-1.098
-0.307
 0.738
-1.161
-0.842
-0.597
-0.385
 0.571
 0.732
 0.136
-1.181
-0.098
-0.142
-1.927
-0.744
-0.291
 0.721
 0.219
-1.298
-0.033
-0.555
-1.508
-0.100
 0.409
 1.227
-0.328
-0.825
-1.917
 0.560
 0.364
-0.540
-0.921
-0.308
-1.266
-0.975
-0.591
 0.037
-0.124
 0.459
-0.309
 0.475
 0.519
 1.146
 2.286
-1.269
 0.797
 1.412
 0.846
-0.125
 1.024
 0.711
 2.634
 0.791
 1.845
 1.240
 0.964
 0.493
-0.221
 0.243
 0.396
 0.206
-0.244
 2.007
 1.522
 1.774
 1.765
 0.508
-0.250
 0.007
 0.058
-1.444
 0.283
-1.697
-1.132
-0.711
 0.044
 1.481
 0.941
 1.269
-0.590
-1.164
-0.920
 0.432
 0.572
 3.709
 0.258
-1.525
 1.526
 1.539
 1.137
-0.786
-0.204
 1.170
-1.459
-0.112
-0.359
-0.774
-1.151
-0.596
 1.170
-0.712
 0.283
 0.144
-0.668
-0.178
-0.152
-0.197
-0.462
 0.278
-0.599
 0.039
 1.528
 0.917
 0.429
-0.051
-0.182
-2.015
-0.973
 0.058
 1.433
 1.423
 0.646
-0.380
-0.395
-0.144
-0.830
 0.487
-1.993
-0.023
 0.138
-0.565
 1.129
 1.192
-0.407
-1.138
 0.783
 0.743
 0.141
 1.813
 1.036
 0.966
 0.233
-0.058
-0.872
-0.025
-0.143
 1.602
-1.000
-0.531
 0.706
 0.342
-2.621
-1.031
 1.026
 0.839
 0.727
-0.400
 1.537
 2.124
-0.181
-0.189
 1.595
 2.764
 3.317
 2.658
 1.937
-0.525
-0.321
 1.269
 1.641
 0.035
-0.579
 0.570
 0.784
 0.229
 0.015
 0.397
 1.516
 0.386
 1.207
-0.181
-0.414
-1.091
-0.268
-0.447
 1.599
 0.176
 1.408
-0.572
 1.189
 0.907
 0.930
 0.910
 0.442
-0.018
-1.125
 0.162
 0.108
-0.124
-1.930
-0.289
 1.048
 1.508
 1.857
 1.536
 1.295
-0.022
-0.177
 0.454
 0.843
 0.091
 0.793
 0.688
-1.185
 0.040
-2.393
 1.353
 1.357
 1.028
 1.711
 0.650
 1.182
 1.117
 0.580
 0.868
-0.434
-0.336
 0.029
 1.480
 0.196
 2.081
-0.482
 0.858
-0.134
 1.683
 1.359
 0.537
 0.596
 1.404
 0.632
 0.695
-0.358
-1.424
 0.618
-0.525
-0.171
 0.440
 0.183
 0.486
-1.023
 0.382
-0.360
-1.425
-1.166
-1.063
-0.856
-0.848
-1.506
-0.684
-0.018
 0.323
 2.016
 1.295
 1.422
 1.167
 0.967
 0.807
-0.054
 0.421
 1.023
 1.072
 1.412
-0.764
-1.244
-0.447
-0.348
-1.718
-0.805
-1.171
-1.831
-1.471
-0.153
 0.439
 0.219
 0.197
 0.102
-0.280
-0.689
 0.964
 0.241
-1.376
-0.697
-1.214
-1.592
-1.015
-2.072
-0.457
-0.592
-1.449
-1.013
-1.106
-1.064
-2.268
-0.135
 1.047
 1.347
-0.094
 0.347
 0.601
 1.272
-1.819
-1.602
-0.848
-1.028
-2.585
-0.092
-0.295
-0.848
-1.244
-1.283
-0.351
-0.086
-0.533
 0.407
 0.062
-0.045
 0.170
-0.812
-0.895
-1.631
-1.205
-0.985
 0.911
-0.846
-1.297
-1.809
-0.608
-1.371
-0.841
-1.175
-1.531
-0.277
-0.999
-1.737
-1.035
-1.604
-0.538
-0.047
-0.690
-1.203
-0.786
-0.841
-0.153
 0.455
 0.096
-0.222
 0.870
 0.097
 0.930
-0.390
 0.348
-0.128
 0.402
 0.502
 1.088
 0.143
 0.172
-0.554
-0.721
 1.529
 1.342
-0.633
-0.097
 1.440
 0.835
 1.038
 1.310
-0.858
 0.395
 1.164
 0.442
-1.767
-0.809
-1.388
-0.940
-0.891
-0.415
-0.382
-0.298
-1.389
 0.316
 1.262
 1.316
 0.817
 0.067
 0.304
-0.660
 0.813
 0.994
 2.221
 2.501
 2.115
 0.674
 1.188
 1.049
-0.761
-0.747
-0.110
 0.006
 0.727
 1.980
 0.351
 0.945
 1.585
-0.101
-0.360
 0.437
 0.812
 0.154
 0.503
 0.058
 0.767
 0.364
 0.237
 1.610
 0.151
 0.695
-0.638
-0.162
 0.875
 0.421
-0.138
 1.468
 1.515
-0.191
-0.428
-1.094
 2.074
 1.879
 0.086
-0.212
 1.902
 0.601
 0.901
 0.978
 0.447
 1.210
 1.615
 1.433
-0.181
 0.336
 0.815
 0.062
-0.629
-0.411
-0.641
-0.490
-0.617
 0.538
-0.361
 0.319
-1.146
 1.561
 1.170
 0.511
-0.161
-1.754
-0.453
 0.222
-0.439
-0.017
 1.368
-0.464
 0.958
 0.397
-0.912
-1.480
-0.930
 0.598
 0.202
 0.490
 0.701
 1.432
-0.410
-0.297
 0.219
 0.458
 0.795
 0.699
-0.095
-0.164
-0.801
 1.630
 0.380
 1.062
-0.736
 0.900
 0.163
-0.471
 0.142
-1.579
-1.202
-0.015
 0.571
-0.718
-0.727
 0.491
 0.150
-0.964
 0.398
 0.034
 0.181
 0.063
 0.897
-0.388
-0.069
 0.513
-0.534
-0.317
 0.907
 0.145
 0.608
 0.279
 0.050
 0.289
 0.823
 0.762
 0.244
 0.032
 0.070
 0.384
 0.691
 1.080
 0.353
 1.051
 1.530
 0.177
 0.892
 0.881
 2.063
-0.157
 0.813
-0.119
 0.928
 0.448
 0.960
 0.650
 1.886
 1.258
 0.269
 1.795
 1.220
 2.955
 0.442
-0.463
 0.049
 1.472
-0.453
-0.831
 0.894
 0.637
 0.482
 1.292
 1.277
 1.255
-1.251
-2.189
-1.460
-0.158
 0.864
 2.281
 0.548
 0.042
 0.775
-0.008
 1.772
-0.254
 0.328
 0.371
 0.258
 1.148
 1.267
 0.139
 0.673
-0.660
 0.824
 1.239
-0.220
 0.685
-0.155
 0.027
 0.799
 1.340
 1.097
 1.027
 1.213
-0.417
-1.521
 0.036
 1.171
-0.098
 0.991
 2.392
 1.412
 0.270
 1.366
 0.859
 0.773
 0.891
 0.221
 1.937
 0.504
 1.410
 0.066
 0.673
-0.797
-0.397
 1.818
 0.686
-0.965
 0.438
 0.958
-1.047
-0.844
-1.671
-1.286
-2.225
-2.043
-1.927
 0.650
-0.470
-0.281
 0.356
 0.300
 0.047
 1.184
-1.091
-0.123
-0.307
 1.015
-0.397
-0.277
 1.091
 1.937
 0.506
-0.313
 0.002
-0.199
-0.724
 0.484
-0.779
-0.152
 0.954
-0.585
 0.637
 0.168
 0.188
-0.686
-1.015
-0.962
-1.131
 0.010
-1.193
-1.847
-0.634
 0.262
 0.097
 0.188
-1.340
 0.872
-0.981
-0.249
 0.616
 1.016
 0.777
 1.921
 1.236
 0.384
 2.036
-0.482
 1.099
 0.169
-0.221
-0.089
 0.633
 0.686
 1.004
-0.047
 0.331
 0.143
-0.184
 1.014
-0.417
 0.626
 0.475
 0.883
-0.612
 0.692
 0.860
 0.840
 0.332
-0.367
-0.094
 0.962
 1.210
 1.240
 0.672
-0.609
 1.372
 0.021
-0.486
 0.177
 0.516
 0.108
 0.693
-0.727
-0.211
 0.333
 0.644
 1.351
 0.343
 0.836
 0.521
-1.444
 0.014
-0.713
-0.034
 0.090
-0.755
 0.568
 0.983
 0.633
-0.324
-0.170
 0.134
-0.284
-0.281
-0.011
-0.582
-0.711
 2.688
 0.344
 1.028
-1.061
 2.064
 0.515
 1.071
 0.007
-0.437
 0.413
 1.177
 0.342
-0.344
-1.984
-0.887
 0.719
 1.099
 0.713
 1.293
 0.866
-1.068
 0.264
-0.286
-0.827
-0.130
 0.283
 1.542
 0.974
-0.126
-0.270
 1.088
 0.548
 0.769
 1.838
 0.103
 0.167
-1.014
-0.151
-0.938
 0.012
 0.320
 0.626
-0.713
 0.009
 0.727
-0.435
-0.577
-0.059
 1.003
-0.026
 0.328
 0.911
-0.836
 1.277
 0.445
 0.111
 1.466
-0.102
 0.735
 1.091
 1.695
 0.363
-0.689
-0.204
 0.484
 0.860
 0.922
 0.785
 0.676
 0.791
 0.302
 0.608
 0.585
-0.210
 0.486
-0.513
 1.017
 0.779
-0.529
-0.349
 0.381
-0.290
 0.703
-0.113
 1.441
 0.533
 0.250
 0.018
 0.038
-0.350
-0.606
-0.770
 0.270
-0.868
-0.943
 0.772
 0.632
 0.609
 0.365
-0.211
-0.724
 1.156
 0.800
-0.957
 0.676
 0.527
 0.030
 1.398
-0.165
 0.148
-0.700
 0.680
 0.186
-0.290
-0.767
-0.442
-0.566
-1.271
-0.787
-0.508
-1.089
 0.050
-1.288
-0.077
 0.092
 0.742
 0.019
-0.966
 0.867
 0.618
 1.658
 0.635
 1.417
 0.858
 0.595
 0.139
-0.180
-0.889
 0.109
-1.544
 1.256
 1.459
 1.671
 0.050
 0.805
 1.030
 1.330
 1.018
 1.072
 1.937
 2.397
 0.896
 1.401
 0.759
-0.261
 1.170
 1.344
 1.709
 0.549
 1.079
 0.894
-0.291
 1.424
 0.449
 1.150
 0.397
 0.797
 0.711
-0.595
-0.333
-0.735
 0.260
-1.333
 0.066
 0.896
 0.174
 0.672
 0.516
 0.388
 0.129
-0.685
-0.331
-0.918
-0.903
-0.123
-0.313
 1.068
-0.675
 0.420
-0.645
 1.357
 0.101
 1.426
 0.976
 0.938
 1.501
 0.101
 1.879
 1.562
-0.272
 0.848
 1.442
 1.270
-0.701
 0.919
-0.184
-0.640
 0.819
 1.860
 0.738
 1.201
 1.824
 2.082
 1.182
 0.645
 1.957
 1.877
 0.632
 1.220
 0.673
 2.239
 1.330
-0.830
 1.395
-0.473
 0.100
 0.770
 1.758
-1.800
-0.506
-0.072
 0.829
 0.909
 0.179
-0.417
-0.518
-0.052
 0.929
 0.403
 0.702
 1.381
 1.169
 0.801
-1.986
 0.533
-0.568
 0.266
 0.254
 0.228
 0.941
 0.949
 2.071
 2.707
 1.998
 0.147
 1.050
 0.254
 1.277
-0.049
-1.147
 0.059
-0.780
-0.270
 0.486
-0.532
-0.169
-1.019
-2.079
-0.095
-0.588
-0.704
-0.451
-0.772
-0.072
 1.122
 1.512
 0.057
 0.306
 1.124
 0.822
-0.128
-0.275
 1.454
-0.621
-0.172
-0.071
-1.198
-0.060
-1.159
 0.281
-0.622
 0.116
 0.556
-0.381
-0.403
 0.284
-0.399
-0.576
 0.504
 0.678
 0.381
 0.332
-0.536
-2.452
-0.747
-0.138
-1.008
-0.137
-0.240
-0.301
-1.359
-1.154
-2.047
-0.969
-0.957
-1.055
-0.259
 0.058
 0.680
-1.262
-1.129
-1.046
-1.367
-0.341
-0.585
 0.793
 1.045
-1.565
-0.371
 0.335
 0.724
-0.437
 0.408
-1.319
-1.039
 0.531
 0.095
 0.125
 0.718
-0.028
 0.466
 0.276
 0.959
 1.565
 1.850
 1.194
-2.747
-1.189
-1.232
-0.970
-0.175
 0.468
 1.863
 0.010
 0.514
 0.847
-0.139
-1.408
 0.181
 1.389
 1.971
 1.967
-0.212
 1.177
 0.175
-0.163
-1.295
-1.354
-2.225
-1.498
-0.484
-0.293
 0.864
-0.875
 0.974
-0.022
-0.428
 0.451
 0.061
 1.674
 0.524
-0.072
-1.847
-0.828
 0.280
-1.444
-0.954
-1.329
 0.073
-0.986
 0.077
 0.858
-0.414
-0.075
-0.780
-0.919
-0.134
 0.348
-0.017
-0.187
 0.085
-0.022
 1.276
 1.175
-0.052
-0.038
 0.032
 1.155
 0.879
 0.714
-1.917
-1.230
-0.565
-1.022
 0.190
-0.400
-0.026
-0.040
-0.595
 0.149
-0.322
 0.758
 0.273
 0.145
 0.102
-1.054
-0.093
 0.900
-0.553
-1.404
 0.380
 1.389
 0.797
 1.384
 2.283
 1.676
 0.380
 1.841
 1.297
 0.403
 0.508
 0.987
 0.463
-0.463
 2.340
 0.598
 0.068
-0.153
-0.822
 1.267
 0.428
-1.129
-0.225
-0.728
-0.345
 0.490
-0.520
 1.316
 0.779
-1.085
 1.586
 0.075
-0.197
-0.272
-0.197
 0.120
-0.926
 0.278
-0.307
-0.472
 0.846
-0.234
-0.743
-0.774
 0.405
 0.123
 0.986
 0.536
-0.016
-1.067
-0.525
-0.678
 1.935
-1.015
-0.432
 0.032
 0.279
 1.141
-0.946
 0.959
-0.338
-0.374
-0.497
-0.094
 1.523
 0.964
 0.904
 0.146
 1.397
 0.044
 0.873
 0.325
 0.010
 0.938
 1.877
-0.398
 0.289
 0.565
 0.521
-1.315
-0.062
 1.840
 0.745
 1.830
 1.809
 2.391
 1.366
 2.803
 1.383
 1.710
 2.445
 1.795
 1.661
 0.998
 0.887
 1.316
 0.576
 0.192
 0.730
 0.761
 1.651
 0.223
 0.659
 0.577
 1.649
 1.584
 1.424
 0.147
 1.406
 0.851
 0.019
 0.692
 0.033
-0.702
 0.805
 0.895
 0.442
 1.489
 0.964
 1.020
-0.484
 1.311
 0.839
 1.138
 1.649
 1.593
 0.394
 0.887
 0.447
 0.467
 1.490
 0.441
 0.791
 1.239
 0.797
-0.456
 1.343
 1.512
 1.166
 1.210
 0.572
 0.056
 0.961
 1.244
 1.911
 0.081
 0.898
-0.002
 1.052
 0.735
 1.258
 1.062
 2.315
 1.076
 1.283
-1.137
 0.556
 1.234
 2.282
 1.952
 1.767
 2.464
 0.027
 2.253
 0.819
-0.632
-1.106
 1.338
 0.576
 0.547
 1.412
 1.524
 1.596
 1.601
 2.449
 0.823
 0.068
 1.202
 0.486
 1.659
 0.444
 2.120
 1.087
 1.362
 1.426
 0.664
 0.196
 1.125
 2.122
 1.491
 0.785
 0.796
 1.931
 0.345
 1.219
 1.454
 1.663
 0.132
 1.985
 2.785
 0.475
 0.556
 0.452
 0.886
 2.295
 2.031
 1.147
 1.469
 1.035
 2.148
 2.700
 0.240
 0.639
 1.271
 0.633
 0.217
-0.191
 0.605
 1.097
-1.017
 0.965
 1.319
 0.379
 1.716
 1.902
 1.051
 0.755
 0.766
 2.433
 2.877
 0.935
 0.605
 0.305
 0.534
 0.596
 0.946
-0.365
-0.353
 0.768
 1.460
 1.638
 1.236
 1.245
 2.891
 0.443
 0.838
 2.142
 1.446
 2.082
-0.183
 0.278
 0.003
 1.465
-0.956
-1.685
-0.354
-0.276
-0.668
 0.098
 0.694
 1.067
-0.398
 0.888
 0.648
-1.267
-1.672
-0.415
-0.230
-0.603
 0.676
 0.441
 1.483
 0.368
 0.130
 2.451
 1.729
 1.543
-0.710
 0.892
 1.310
 0.038
 0.626
 1.120
-0.039
 0.333
-0.304
-0.106
 0.742
-1.318
-0.554
 1.755
 0.566
-0.388
 0.348
 1.275
 0.039
-0.247
 0.200
 0.838
 2.260
 0.797
 0.471
 0.317
 0.496
-0.266
-0.217
-0.345
-0.569
 0.519
 1.419
 0.909
 1.487
 1.264
 2.507
 0.816
 2.527
 2.220
 1.738
 0.750
 1.186
 0.687
 1.340
 1.696
 0.091
 2.948
 1.725
 1.219
 1.509
-0.256
 1.660
 1.550
 1.144
 1.729
 1.071
 1.021
 1.943
 2.547
 0.216
-0.035
-1.029
-0.082
-1.010
-0.680
-0.404
-0.459
-0.101
 0.865
-0.407
 1.335
 0.622
-1.049
-0.563
-0.387
 1.975
 2.304
 0.442
-0.116
 1.092
 0.066
 0.256
 2.128
 0.140
 0.870
 1.132
 0.715
 0.792
 0.361
-0.550
 0.203
 1.208
 1.160
 1.099
 0.121
 1.168
 0.086
-0.323
 0.661
-0.623
 2.475
 0.067
 1.780
-0.800
 0.301
 0.324
-0.028
 1.608
 0.564
 0.804
-1.412
-1.375
 0.733
 0.068
 1.871
 1.515
 1.070
 1.108
 0.757
 0.510
-0.052
 1.104
 1.495
 1.799
 1.367
 1.090
 0.312
 1.019
 1.599
 2.328
 1.251
 1.411
 1.470
 1.501
-0.079
 0.921
-0.346
 0.581
-0.067
 0.111
 0.780
-0.758
-1.114
 0.533
-0.091
 1.143
 1.742
 1.228
 0.344
 1.505
 0.450
 1.636
 1.098
 2.319
 1.418
 1.116
-0.912
-0.154
 0.895
 0.775
 1.609
 1.416
 1.230
 0.085
 0.556
 0.888
 1.110
 0.214
 0.157
-0.115
-0.473
-0.703
 0.291
 1.433
 1.307
 0.034
 2.725
 1.093
 1.491
 1.818
-0.687
 0.357
 0.683
 1.331
 0.822
 0.088
-0.333
 0.010
 0.394
-0.227
-0.019
-0.657
 0.465
 1.188
 0.240
 0.962
 0.060
 0.454
 2.354
 0.503
 1.017
 1.275
 1.796
 3.038
 2.386
 2.702
 3.189
 3.044
 2.568
 1.465
 1.370
 1.264
 0.808
 0.618
 0.278
 0.502
 2.089
 1.186
 2.134
 1.698
 0.361
 0.823
 0.858
 0.073
-0.803
 0.670
 0.433
 0.599
 0.368
-1.120
-0.848
-0.509
 0.926
 0.395
 0.642
-0.467
-0.982
 0.665
 1.274
 0.018
-0.559
-1.112
-1.160
 0.049
-0.772
 1.006
-0.616
-0.138
-0.406
-1.217
 0.114
-0.388
 0.972
-0.164
 0.491
 1.315
 0.657
-0.498
-0.820
-0.840
-0.080
-1.351
 0.324
-0.790
-1.962
-1.060
-0.562
-0.230
-0.653
-0.731
 0.748
 0.031
-0.624
 0.209
-0.464
-0.788
-0.423
-1.123
 0.652
 0.857
 0.566
 0.004
-2.242
 0.018
 0.630
 0.944
 0.909
 0.004
-0.403
 0.250
-0.853
-1.272
-0.774
 1.289
-0.142
-0.561
-0.430
-2.184
-1.931
-1.432
-0.535
-0.745
-1.136
-1.453
-1.374
 1.246
 0.256
 0.464
-0.144
 0.899
-0.111
 0.235
-0.583
 0.027
-0.354
 0.257
-0.011
-0.910
-1.058
 0.222
 0.894
 0.899
 0.972
-0.243
-0.177
-0.682
 0.339
-0.527
 0.165
 0.493
 1.100
 0.887
 1.132
-0.224
 0.360
 1.387
-0.275
 1.030
 0.335
 0.070
 1.417
 0.175
 1.056
 0.639
-0.039
 0.328
 1.603
 1.458
 0.318
 0.100
 0.108
 3.017
 2.006
 0.606
 0.765
 0.501
-0.079
 0.116
 1.985
 0.577
 1.566