
 0.810
 0.517
-0.299
 0.226
-0.244
 0.622
 1.289
 0.686
-1.675
-0.458
-0.224
-0.008
-1.456
-1.381
-0.231
-0.634
-1.098
 0.096
-0.994
 0.542
 1.171
 0.093
 1.210
-0.306
-0.815
-0.241
-1.294
-1.223
-0.001
-1.181
-1.098
-0.496
-0.546
-0.655
-0.545
 0.833
 1.240
 0.101
 1.019
 0.493
-0.042
 0.807
 0.215
-0.438
 0.575
 1.268
 0.500
 1.435
 1.005
 0.210
 0.015
-0.322
-0.047
-1.420
-1.517
 0.018
-1.624
-0.941
 0.011
-1.278
-0.059
-0.323
 0.557
 0.238
 0.487
-0.125
 1.373
-0.714
-0.297
 0.285
 0.454
 0.207
 1.339
-0.334
-0.264
-1.409
-3.475
-0.128
 1.124
 1.078
-1.755
-0.034
 0.958
-0.524
-0.700
-1.123
 1.055
 1.390
 0.120
 0.140
 0.664
 0.387
 0.348
-0.147
 0.532
 0.376
 1.596
 0.015
 0.087
 0.423
-0.908
 0.073
-0.213
 0.253
 0.080
 0.200
-0.643
 0.791
-0.335
 0.036
 0.006
 0.186
-1.065
-0.362
-1.341
-0.780
 1.148
 0.920
-0.801
-0.878
 1.855
-0.392
-0.253
 1.411
-0.107
-1.368
-1.407
-0.278
 0.625
-0.320
 0.191
-0.211
-0.972
-0.626
-0.386
-1.282
-0.080
 0.177
 1.477
 2.421
 1.133
 2.071
-0.559
 1.317
 1.068
 1.389
 1.602
 0.566
 0.682
 0.251
 0.313
 1.167
 0.421
 0.230
 1.573
-0.034
 0.527
-0.254
 1.732
-0.045
 0.148
-0.405
 1.190
 0.525
 1.624
 1.644
 0.509
 1.249
 1.283
-0.488
 0.876
-0.401
 1.383
 1.998
 0.161
 0.822
 1.172
-0.731
 0.551
-0.764
-0.298
-0.411
 0.269
 0.502
 0.044
 0.831
-0.373
 0.098
 0.769
 0.536
 0.621
 0.379
 0.840
-0.417
-0.692
-0.031
 1.187
 0.368
 0.258
-0.010
 1.072
 0.459
 0.378
 0.208
-0.245
 0.092
-0.183
 1.715
 0.654
 0.014
 0.465
 0.299
-0.038
 0.326
 0.861
-0.154
 0.094
-0.295
 0.818
 0.946
-1.463
-0.209
-0.901
-0.347
 0.349
-0.019
 2.584
-0.701
-0.775
-0.025
 0.957
-1.234
 0.362
 0.444
-1.357
 0.044
 1.223
 0.072
 1.154
 0.553
 0.283
-1.091
 0.209
-0.006
-0.064
 0.177
 1.243
 1.911
 1.134
 1.491
 0.584
 0.610
-0.125
-0.029
 0.190
-0.239
 0.991
 0.559
 1.011
 1.835
 1.448
 0.406
 0.287
 0.574
-0.966
-0.644
-0.495
 0.329
 0.498
-0.398
-0.907
 0.580
-1.840
-2.564
 0.642
 0.614
 1.958
 0.072
 0.619
 0.012
 1.915
 0.501
 0.164
 1.012
 0.298
 0.532
-0.343
-0.720
 0.328
 1.293
-1.289
 0.219
-0.795
 0.821
 0.468
 0.946
-0.396
 1.155
 3.071
 3.484
 2.084
 1.448
 1.552
 1.148
 3.600
 0.747
 0.008
 0.516
-0.202
-0.174
-0.160
 0.929
 0.139
 0.878
-0.876
-0.089
-0.841
-0.387
 0.664
 1.016
 0.910
 0.031
 0.292
-0.512
 0.596
 1.307
-0.747
 1.170
 0.069
 0.564
 0.393
-0.526
-0.064
 0.939
 0.394
 0.750
-0.664
 0.539
-1.001
-1.123
 0.208
-1.127
 0.813
-0.483
-0.393
 0.205
 0.536
 0.495
 0.719
 0.406
 0.821
 1.478
 1.254
 2.113
 1.774
 0.724
 1.493
 0.932
 1.450
 0.910
 1.863
 0.839
 0.858
 0.538
 0.285
-0.103
 1.083
 0.858
 1.177
 1.546
 0.886
 1.589
 0.651
 1.263
 1.428
 1.162
-0.952
 1.406
-0.291
 1.752
 0.128
 0.381
 1.984
 1.019
-1.128
-0.806
-0.333
-1.339
 0.599
 1.218
 0.067
 0.326
-1.302
 0.344
 1.250
 1.685
 0.670
 1.181
 1.500
-0.332
 0.347
 0.542
 1.415
 0.226
 0.152
-0.476
 1.252
 1.028
 0.581
-0.116
 1.859
 0.518
 0.382
 1.156
 0.647
 1.086
 0.963
 0.247
 0.804
-0.031
-0.334
-0.805
-1.248
 1.200
 0.638
 0.037
 0.670
 1.229
 0.689
-1.043
-1.222
-0.733
-0.909
-2.693
-0.139
-0.560
-0.885
-2.198
-2.213
-1.148
 0.172
-0.306
 0.484
-1.637
-0.958
-2.175
-0.958
-0.657
-0.861
-1.239
-0.571
-1.134
 0.245
 0.225
-1.560
-1.162
 0.147
-0.447
-0.827
 0.678
 1.835
-0.051
 0.323
-1.551
-1.514
 0.320
 1.390
 0.721
-0.068
-0.487
 0.463
 0.182
-1.099
-0.772
 1.436
 1.468
-0.307
 0.305
 0.103
 0.044
 0.817
-0.840
-0.518
-1.583
-0.209
-0.326
-1.048
-1.731
-0.681
-0.463
-1.056
 0.307
-0.147
-0.727
-0.028
 0.272
 1.755
 0.917
 0.108
 0.397
 1.144
 1.175
-0.204
 0.039
-0.972
 0.153
-0.709
-0.588
 0.282
-2.064
-0.977
-1.237
-1.083
-0.374
-0.640
 1.219
-0.267
 1.503
 0.261
-0.520
-0.132
-0.645
 0.378
-0.344
-1.658
 0.053
-0.521
-0.419
-0.482
-0.029
-1.125
-0.053
-0.413
-0.290
 1.245
 0.225
-1.423
-0.498
 1.117
 0.045
 0.327
 0.193
-0.749
 0.188
-0.324
-1.118
-0.990
 0.561
 1.559
-0.071
 0.042
 1.125
 0.139
 0.319
 0.557
-0.091
 2.161
 1.227
 0.955
 0.893
 1.508
 0.597
 1.372
 0.351
 1.919
 1.861
 0.599
-0.519
-0.337
-0.190
-0.052
-1.287
-0.470
 0.526
-1.107
-0.616
-0.736
-0.404
 1.291
-0.385
 0.440
 0.353
 0.102
-0.120
-0.988
 1.225
 1.061
 0.237
-0.278
 1.650
 1.065
-0.545
-0.588
-0.124
 0.603
-0.207
-1.545
-0.266
-0.968
 0.174
 1.165
 1.565
-0.712
-1.038
-1.155
-0.877
-0.924
-2.051
-0.673
-1.726
-0.522
-0.558
-1.699
-1.148
-0.226
 0.711
-0.258
-0.091
-0.936
-0.832
-0.947
-0.128
-0.550
-0.439
 0.496
 0.353
 1.780
 0.030
-0.519
 0.073
-1.341
-1.264
 0.409
 0.111
-0.180
-0.602
-0.413
-0.001
 0.053
 1.995
 0.466
 0.034
-0.405
-0.055
-1.818
 0.711
 0.290
-1.986
 0.806
 0.013
-0.897
-1.262
-0.952
-0.871
-0.893
-0.254
 0.070
 0.434
-0.493
 0.693
 1.273
 0.690
-0.052
-0.005
-0.184
-0.785
-1.291
-0.263
-0.902
-0.822
-1.318
 0.771
-1.144
-1.279
-2.235
 0.093
-1.070
-1.475
-0.794
-1.245
-0.338
-0.399
-0.571
 0.062
-1.606
-1.491
-0.197
-1.014
-1.001
-1.503
-0.670
-2.106
-0.738
 0.029
-0.513
-0.967
-0.643
-0.738
-1.003
-0.962
-0.695
 0.793
 0.212
-0.243
-1.042
-0.235
 0.119
 1.039
-0.273
-0.529
-0.320
 0.083
-1.049
 1.078
 0.063
-0.259
 0.578
 0.943
 0.372
-0.381
-0.454
 0.081
-0.386
 0.824
 0.045
 1.059
 1.026
 1.922
 0.380
 0.714
 3.918
 0.750
 1.686
-0.512
-0.928
-0.202
-0.745
 0.754
 1.652
 0.741
 0.429
-0.412
 0.702
-0.697
 0.199
 1.429
 0.282
 0.368
 0.420
 1.384
-0.373
 0.577
-0.227
-1.031
-0.886
-1.255
-1.500
-0.773
-0.503
-0.912
 0.534
-0.828
 0.057
 0.176
 1.035
 0.532
-0.704
-0.193
-1.096
 0.210
-0.994
-2.179
-1.170
-0.917
-1.182
 0.011
-1.049
-0.286
-1.171
-0.097
-1.176
 0.090
-0.200
 0.050
 0.201
-0.285
-0.782
-0.528
-0.035
-0.925
-1.974
-0.489
 0.549
-0.813
-0.171
-0.839
 0.841
 0.720
 0.825
 0.058
 0.840
 0.957
-0.804
-0.350
-0.681
-1.112
 0.189
 0.278
 1.098
 1.252
 1.235
 0.858
 0.369
-1.333
 0.256
 0.054
 0.237
 1.010
-0.176
-1.019
-0.076
-0.289
-1.663
-1.038
-0.045
 1.019
-0.662
-0.197
 0.722
-0.651
-1.235
-0.637
 0.037
-0.291
-0.311
 0.093
 0.635
-0.521
-0.036
 0.785
 0.437
 0.750
 0.901
-1.470
-2.266
-0.198
-0.381
-0.115
-0.044
 1.453
-0.037
-0.404
 1.841
 0.669
-0.177
-0.624
-2.395
-0.871
-0.110
-1.311
-0.700
-1.141
-0.803
 0.556
-0.012
 0.284
 1.225
 1.286
-0.625
-0.059
 0.499
 0.955
 0.453
 0.810
 0.485
 2.071
 2.049
 1.450
 2.035
 1.412
 0.807
 0.741
 0.447
 0.205
-0.474
-0.467
-0.175
-1.551
-0.760
-0.656
-0.414
-0.490
-0.472
 0.468
 0.733
 0.656
 0.517
 0.238
-1.431
 0.547
 0.359
-0.587
-2.861
-2.267
-0.629
 0.129
-0.466
 0.482
-0.420
 0.903
-0.720
-1.359
 0.420
 0.029
 1.528
 0.081
-0.831
 0.201
 2.071
 0.039
-0.220
-0.182
-0.327
 0.503
 0.470
 0.696
 1.018
-0.839
 1.030
 1.125
 0.498
-0.586
 0.203
 1.246
 0.618
 0.545
 0.615
-0.791
 0.948
-0.291
 1.307
 0.724
 1.290
 0.845
 0.953
 0.444
-0.065
 1.111
 0.859
 0.920
 0.654
-0.097
-0.688
 0.508
 0.509
 2.884
-0.171
-0.147
 0.939
-0.091
-0.395
-0.991
 1.388
 1.995
 1.957
 1.230
 1.598
-0.563
 1.153
 1.076
 1.415
-0.903
 0.432
 1.379
 0.521
-0.151
 1.062
 0.992
 0.110
-1.570
-0.168
-0.827
 0.151
-1.302
-0.261
-0.945
-1.279
-0.890
 0.790
-1.239
 0.193
-0.211
-0.636
-0.805
-0.213
 0.156
 0.426
 1.005
 1.225
 0.700
-0.380
-0.833
-0.219
-1.690
-1.142
-0.794
-2.053
-1.372
-0.902
-1.552
-0.321
-0.764
 0.453
-1.477
 0.125
-0.085
-1.012
-0.290
 0.116
 1.251
 1.049
 1.013
 0.535
 0.991
 0.272
 0.035
 1.995
 1.370
 0.341
 0.438
 0.667
-0.600
 1.222
 1.045
 0.299
 0.920
 1.300
 0.339
 0.244
-1.001
 0.691
 0.313
 0.910
 0.096
-0.486
 0.669
-0.399
-0.379
 0.490
-0.620
-0.190
-0.256
 0.814
 0.821
 0.630
-0.725
-1.471
-0.980
-0.894
-1.012
 0.548
 1.187
-1.137
-0.360
 0.487
 0.998
-0.561
-0.249
-0.057
-0.474
-0.791
-1.508
-1.404
-1.892
-1.544
-1.097
-1.142
-0.934
-1.942
-1.532
-1.491
-0.478
-1.879
-1.168
 0.817
-2.667
-2.654
-0.906
-1.009
 0.050
-0.415
-0.541
 0.540
-0.915
 0.033
-0.245
-0.091
-0.932
-1.041
-0.243
-0.535
-0.442
-1.557
-1.996
-0.628
-1.953
-1.580
-1.077
-1.696
-1.313
-2.410
-0.844
 1.249
-0.099
 0.041
-0.826
-1.031
-0.308
-0.420
-2.370
-1.712
-0.794
-0.680
-1.070
 0.631
-0.422
-1.252
-0.108
-0.226
-0.186
-0.712
-0.954
-0.796
-0.534
 0.654
 0.136
-0.448
 0.512
-0.653
 0.745
 0.181
-2.557
-1.175
-0.751
-1.161
-0.610
-1.382
-0.986
-0.002
-1.599
-2.187
-0.351
-0.650
-0.768
-0.876
-0.534
-1.338
-0.636
-0.531
-1.755
-1.001
-0.685
-1.732
-0.370
-0.241
 0.844
-0.056
-0.533
-0.715
-1.248
-0.100
 0.876
 0.983
 0.536
-0.132
 1.156
-0.702
-0.990
-0.531
-1.131
-0.197
-0.145
 0.239
-0.468
 0.584
 0.928
-0.654
 0.059
 0.138
 1.066
 0.796
-0.157
-1.211
-2.098
 0.115
-0.234
 0.019
-1.425
-0.343
-1.036
-1.410
-0.227
 1.641
 1.351
 1.010
 1.585
-1.445
-0.502
-1.010
-0.230
 1.886
 1.149
 1.239
-0.395
-0.712
-0.734
-0.213
-1.307
-2.926
-1.071
-0.184
-1.674
-0.861
 0.877
 0.299
-1.145
-0.911
-0.365
-0.465
 1.319
 0.986
 0.260
-1.231
-0.152
-0.817
-0.848
-2.026
-1.783
-0.125
-1.327
-1.717
-0.650
-0.022
 0.580
-1.046
-0.522
-1.379
-1.356
-0.059
-1.377
-0.289
 0.699
-1.480
-0.799
-0.685
-1.282
-1.613
 0.283
-0.752
-1.316
-2.365
-0.319
-0.878
-0.651
-0.064
-0.930
-1.480
-1.181
-1.038
-0.366
-0.706
-1.546
-1.635
-0.670
-0.467
-1.809
-0.766
-1.696
-1.730
 0.134
 0.010
-1.461
-0.202
-0.724
-2.341
-0.488
-0.972
-1.007
 0.617
-0.774
-0.916
-1.291
-1.899
-0.644
-0.733
-1.479
-0.393
-1.986
-0.531
 0.232
 0.136
 0.906
 0.712
-0.430
-0.521
-0.246
-0.683
-1.129
-1.713
 0.231
-1.087
-0.222
-0.130
-1.453
-1.437
-0.175
-0.380
-0.749
-0.164
-0.193
-0.266
 1.114
 0.602
-1.337
-0.434
-0.032
 0.229
-1.022
-0.216
-0.569
 0.452
-1.127
 0.380
-0.728
 0.161
-0.398
-1.464
-1.148
-0.869
-0.728
-1.676
-0.322
-1.666
-2.205
-0.536
-0.691
 0.033
 0.793
-0.386
 0.072
-0.014
 0.545
 1.510
 0.548
 1.870
 0.025
 0.497
 0.674
 1.789
 2.206
-1.132
 0.752
 1.578
 0.351
 0.388
-0.782
-0.633
-0.029
-0.963
 0.940
 1.057
-0.836
 0.687
 0.155
 0.329
 1.082
 1.025
 0.047
 1.199
 2.046
 0.646
 0.820
-0.482
 1.626
 0.326
-0.112
 0.450
-0.789
 0.804
 1.290
-0.587
 0.459
-0.333
 0.567
-0.534
-0.534
-0.061
 0.230
 0.183
 0.439
 1.902
 0.995
 0.280
 0.159
 0.207
 0.165
-0.313
-0.495
-0.641
 0.098
 1.057
 1.248
 0.258
 0.493
 1.231
 0.283
 0.058
 0.348
-0.358
 1.514
-0.138
 0.598
 0.108
-1.124
 0.068
 0.391
-1.185
-0.723
 0.557
 0.698
 0.763
 0.531
-0.578
 1.380
 0.726
-0.467
-0.234
 0.422
-1.020
-0.487
-1.592
-0.961
-1.101
-0.888
-0.678
 0.228
 0.733
-0.294
-1.511
-1.649
-0.773
-0.301
 0.346
-0.057
-0.281
 0.421
-0.544
-0.214
 0.940
 0.021
 0.827
 1.240
-0.442
 0.409
 0.344
-0.760
-0.343
-1.541
-0.249
-0.973
 0.801
 0.218
-1.131
-1.471
 1.212
-0.107
 0.612
 0.648
 1.615
-0.286
 0.129
 0.188
 0.889
 0.491
-0.287
 0.997
 0.371
 3.370
 0.382
 1.407
 0.714
 0.538
 0.333
 0.270
-0.414
 0.576
-1.006
-2.379
-2.329
-1.560
-1.111
-0.289
 0.087
-0.276
 0.617
 0.673
 1.258
 1.028
 1.231
 0.729
 0.037
-0.387
 0.486
-0.179
 1.215
 0.179
 0.663
-0.305
 1.115
-0.150
 1.576
-0.604
 0.438
 0.791
-0.783
-1.340
 0.975
-0.308
-0.265
-0.743
 0.525
 0.378
 0.598
 0.525
-1.067
-0.098
-1.892
-0.380
-0.361
 0.855
-0.459
 1.644
 0.722
 1.971
 2.067
 1.748
 0.802
 1.187
 1.678
 0.072
 0.606
-0.064
 1.034
 0.721
-0.794
 0.757
 0.786
 1.970
 0.600
 1.894
 0.685
 2.175
 1.605
 1.522
-1.077
 0.266
 1.123
 0.140
 0.387
 1.511
 0.639
-0.345
 1.464
 0.180
 1.388
 0.691
 1.054
-0.207
-0.515
 1.164
 0.279
-0.949
-0.845
 0.152
 0.053
 2.661
 1.027
 0.272
-0.345
 0.137
 0.191
-0.337
-0.925
 0.045
 0.258
-0.798
-1.454
-0.809
-0.355
-0.115
 1.826
 0.456
 0.135
 1.631
 0.372
-0.294
 0.618
 1.002
 0.790
 1.094
 0.557
-0.714
 1.053
 2.461
 0.905
 1.557
 2.893
 0.209
 1.157
 1.817
 0.632
 0.233
 0.836
 0.250
-0.482
-0.332
-1.001
 0.715
 0.830
 0.453
-1.272
-0.933
-0.081
 0.263
-0.045
 1.132
 0.927
 0.105
 0.242
-0.608
 0.378
 1.087
 0.859
 1.867
 0.961
 0.617
 0.205
-0.795
 0.302
 0.876
 0.307
 1.599
 1.182
-0.604
 1.847
 0.512
-1.095
-0.929
-1.201
-0.639
-1.673
-0.529
-0.891
-0.037
 0.001
-1.014
 0.570
-0.716
 1.060
 0.582
 0.346
-0.039
 2.070
 3.393
 0.708
 2.085
 0.991
-0.123
 0.058
 0.452
 1.279
 0.768
-0.658
 0.418
 0.359
-0.285
-0.712
 0.149
-0.999
-1.663
-0.030
 1.891
-0.583
 0.129
 0.135
 0.903
 0.672
 0.550
-0.137
-0.740
-1.928
-1.343
 1.185
 0.186
-0.030
-0.153
 1.036
-0.031
-1.370
 0.157
 0.759
-0.065
 0.217
 0.872
 0.232
 1.618
 2.139
 1.799
 1.161
 0.425
-0.020
 0.607
 0.369
 0.757
-0.480
-0.570
 0.613
-0.474
 0.131
-0.041
-0.230
 0.635
 1.580
 1.155
 0.791
 0.425
 0.489
 0.508
 0.830
 2.336
 1.058
-0.529
-1.024
-0.002
-0.158
 1.789
 0.652
-0.217
-0.393
 0.485
 1.101
-0.275
 1.389
 0.464
 1.115
 0.073
 0.626
-0.040
-0.004
-0.666
-0.493
 0.919
 1.640
 0.465
 0.824
 0.089
 0.366
-0.246
-0.545
-0.130
-0.148
-0.123
-0.279
-0.157
 0.179
 1.809
-1.069
 0.303
-0.505
 1.406
 0.729
-1.129
 1.068
-0.084
 0.259
 0.701
-0.378
 1.174
-0.417
 0.432
 0.080
-0.231
-1.376
 0.078
-0.588
-0.123
-0.912
-1.373
-0.535
-0.962
-0.997
-0.623
 0.125
-1.181
-2.618
-2.094
 0.159
-1.411
-1.193
-1.054
-1.017
-0.431
-0.625
-0.992
 0.767
 0.231
-0.002
-0.201
-1.294
-1.455
-1.505
 0.481
 0.781
-0.524
-1.372
-0.199
-0.784
-0.327
-0.687
-1.067
 0.025
-0.832
-1.221
-0.936
-0.414
 0.331
 1.421
 0.106
 0.122
-0.456
-1.097
-0.024
 0.874
 0.903
 0.692
-0.644
-0.561
 0.116
-1.424
-0.867
-1.176
 0.055
-1.041
 0.349
 0.567
-1.099
-0.356
-1.203
-0.618
 0.740
 0.795
 0.530
-0.954
 0.669
 0.727
 1.451
 0.253
-0.638
-1.175
-1.448
-0.678
-0.563
-1.419
-0.333
 0.397
 1.107
-0.345
 0.786
 0.691
 1.496
 1.383
-0.153
 0.829
-1.047
-1.516
-0.695
-0.324
 0.591
 0.248
-0.165
-0.136
-1.206
-1.448
 0.153
 0.174
-0.224
-0.998
-0.859
-1.642
-2.606
-1.377
-2.253
-1.366
-0.831
-1.780
 0.512
 0.925
 0.251
 0.292
-0.335
-0.598
 0.159
-0.444
-0.846
 0.036
 0.320
-1.136
-1.580
-0.018
-0.319
-2.416
-1.978
-0.189
 0.453
 0.470
-0.620
 0.062
-0.942
-0.830
-1.255
-0.440
-0.472
-0.708
-0.397
-1.141
-1.545
 0.134
 0.454
-0.631
-0.297
 0.428
-1.084
 0.440
-0.151
-0.285
 0.446
 0.485
-1.379
-0.376
 1.187
 0.243
 0.817
 1.965
 0.322
 0.332
 0.251
 1.022
 0.288
 1.005
-0.113
 0.434
-0.537
 0.049
-1.252
-0.328
-0.025
 0.185
 0.466
 1.917
 1.584
 1.465
 2.370
-0.720
-1.198
-1.109
 0.122
-0.963
-0.698
 0.406
 1.526
-0.184
 0.845
 0.028
 0.570
-0.253
-0.665
 0.080
-0.697
-0.249
-0.869
-0.048
-0.499
-1.573
-0.371
-0.688
-0.228
 0.036
 0.366
 0.720
-0.780
 1.091
 0.278
 0.323
 1.096
 0.833
 1.292
 2.765
-0.773
 1.045
-0.902
 0.770
-0.577
 0.381
-1.448
-0.575
-0.171
-0.640
-0.251
-0.635
 0.790
 1.351
 0.061
-0.080
-0.900
-1.638
-0.728
-1.362
-1.213
 0.252
-0.227
 0.878
-0.453
-1.455
-1.120
-0.105
-0.341
-1.494
-1.086
 0.290
-1.016
-0.399
-0.370
 0.002
-0.336
 0.770
 0.444
-1.669
 0.113
-0.116
 0.146
 0.164
 0.956
-0.782
 1.254
-0.895
-0.122
 1.363
 1.764
 0.150
 0.880
-0.121
-0.649
 0.574
-0.239
 1.143
-0.799
-0.277
 0.393
 0.153
 0.380
-0.111
 0.928
 0.690
-0.760
-0.122
 1.110
-0.085
 0.225
-1.081
 0.776
-1.876
-0.769
-1.713
-1.794
-0.285
-1.075
-0.166
 0.075
 0.482
-0.187
 0.368
 0.906
 1.323
 0.478
 0.555
 1.528
 0.183
-0.734
 0.078
 0.976
 1.902
 1.452
 1.186
-0.218
 0.984
-0.695
-0.959
-0.280
-1.296
-0.544
 0.533
-0.971
-0.698
-0.077
-1.143
 0.208
-0.115
 2.045
 1.149
 0.430
 1.535
 2.485
 0.729
 0.076
-0.040
 0.243
 0.791
-0.325
 1.182
 0.431
 0.943
-1.132
-1.603
 0.944
 0.444
 0.561
-0.392
-0.163
-1.629
-0.190
 0.519
-0.027
-0.452
 0.270
 1.814
 0.111
-0.717
-2.130
-0.838
-0.525
-0.525
 1.495
-0.159
-0.023
-0.255
 0.603
 1.889
 0.794
 0.946
 1.960
 1.186
-0.298
 0.381
 0.474
-0.312
 0.061
-0.094
-0.634
 0.405
-1.400
-1.146
-0.956
 0.006
-0.745
-0.807
 1.331
 0.976
-0.030
 0.024
 0.647
 0.002
-0.110
 0.252
 0.783
-0.164
 0.108
-0.022
 1.440
 0.677
 0.874
 1.532
 0.906
 0.744
 0.799
 1.207
 1.765
-0.908
 0.776
 1.203
 0.473
 2.019
 2.008
 2.130
 1.390
 1.373
 1.504
-0.035
 1.859
 1.581
 0.215
 1.344
 2.292
 0.645
 1.270
-0.193
 0.608
-0.173
-0.181
-0.385
 0.085
 0.681
 1.060
-1.185
-0.684
-0.040
-0.667
 0.663
-2.066
-0.585
-1.374
 0.230
-0.904
-0.519
 0.203
 0.419
 1.473
-0.800
-0.131
-2.525
-0.754
-1.201
-1.009
-0.531
 0.241
 0.317
 0.407
 0.084
-0.949
-0.960
 0.035
-0.350
 0.419
-1.965
-1.037
-0.059
 1.329
-0.498
 0.483
 0.617
 0.866
 0.116
 1.772
 1.430
 0.304
 0.671
 1.567
 0.689
 1.541
 1.379
 2.202
 1.948
 2.070
 0.843
-2.267
-1.392
-0.174
 0.341
-0.983
-0.613
-0.260
-0.457
-1.094
-0.025
-0.916
-0.776
 0.659
-1.086
-1.318
-1.004
 0.287
-0.596
 0.531
-1.061
-0.134
 0.639
 0.231
 0.906
 0.888
-1.529
-0.461
-0.046
 0.264
-0.186
 0.183
 1.741
-0.073
 0.814
 1.032
 0.655
 1.075
 1.541
 0.060
 0.265
 0.846
 0.324
-0.003
 0.328
 0.388
 0.158
 1.073
 0.413
 0.114
 1.242
 1.017
-0.734
-2.990
-2.429
-1.790
-1.168
-0.138
-1.059
-1.184
-1.284
-0.957
 0.403
-0.715
 0.436
-0.887
-1.771
-0.218
 1.074
 1.407
-0.407
 0.115
-0.525
 0.788
 0.561
 0.416
-0.038
-0.503
-1.568
-1.835
-0.901
 0.064
 0.291
-0.026
-0.051
-0.498
 0.174
-0.151
-0.238
 0.465
 1.776
-0.241
 0.463
-0.582
-0.219
-0.171
 0.417
-0.419
 1.548
-0.240
-0.053
-1.052
-1.399
 1.228
 1.140
 0.548
-0.575
-1.036
-0.751
-0.139
-1.600
 0.861
 1.260
 0.087
-0.109
 0.731
 1.034
 0.429
-0.254
 0.524
 0.916
-0.615
-0.001
 0.564
 0.764
 1.579
-0.833
-0.570
-0.028
-1.484
-2.226
-1.065
-1.359
-1.109
 0.268
-0.447
-0.136
-0.637
-1.186
-1.119
-0.983
-0.164
 0.754
-0.870
-1.932
-1.037
-1.053
-0.441
 0.047
-0.626
-1.522
 0.403
-0.564
 0.379
 0.177
-0.505
 0.354
 0.960
 1.847
 2.124
 0.613
 0.489
 0.019
 0.625
 1.318
 1.097
-0.801
 0.568
 1.388
-0.107
 0.858
 0.495
 0.269
 0.075
 1.051
-1.387
 0.588
-0.685
 2.183
 0.856
 0.189
 1.440
 0.338
 0.497
 0.884
-0.243
-0.096
-0.497
 0.142
 1.012
 2.158
 2.473
 1.598
 2.839
 1.309
 0.630
-1.040
 1.489
 1.232
 1.096
 2.221
 1.341
 2.405
 1.118
-0.163
 0.483
 0.201
-0.188
 1.772
 1.300
 2.049
 0.436
-0.035
 0.963
 0.322
 0.308
 1.418
 2.789
 1.031
 0.015
 1.118
 0.154
 0.468
 0.489
 2.846
 1.758
 1.760
 1.238
 1.156
 2.385
 2.763
 1.017
 1.450
 1.181
 0.631
 0.786
 2.086
 2.759
 0.793
 0.613
 2.067
 0.164
 1.249
 1.952
 0.667
 1.548
 1.740
 1.198
-0.223
 1.440
 0.908
 1.328
-0.688
 1.537
 0.034
-0.051
-0.796
-0.922
-0.026
-0.796
-0.750
-0.126
 0.468
-0.675
 0.480
 1.092
 0.777
-0.070
 0.279
-1.478
-0.015
-0.381
-0.004
 1.390
 0.956
-1.203
 1.052
 0.707
 0.993
 0.921
 1.474
 0.539
 1.535
 2.690
 0.848
 0.601
 0.920
 0.426
 1.063
 0.834
 0.428
 0.462
 1.271
 2.250
 1.041
-0.080
 1.140
-1.197
 1.236
-0.308
 0.717
-0.207
-0.326
-0.306
 0.711
-0.720
-0.677
-0.423
-1.094
 1.141
 1.210
 0.640
 0.687
-0.327
 1.162
-0.190
-0.489
 0.722
 0.436
 1.631
 1.822
 0.770
 0.381
 1.397
 0.479
 1.740
 0.891
 0.676
 0.287
 0.810
-0.647
 0.446
 0.611
 1.690
 0.285
-0.177
 1.521
 2.094
 2.468
 0.546
 1.506
 0.789
 1.134
 1.044
 0.618
 1.126
-0.079
 0.240
 0.868
 1.794
 1.672
 1.577
 0.767
 0.991
 1.366
 2.353
 0.876
 1.316
 0.311
 0.195
-1.239
 1.046
 1.036
-0.256
-0.038
-0.733
-0.194
 1.204
 0.752
 0.242
 0.669
 0.277
-0.423
 0.276
 0.222
-0.281
-0.393
-1.412
-0.534
-1.197
 1.465
 1.243
 0.693
 0.110
-0.194
 0.091
 0.442
-0.840
 0.867
 0.506
-0.668
 0.780
-0.423
-1.127
 0.446
 1.984
-0.052
 0.282
-0.147
 0.595
 1.065
-1.020
-1.245
-0.299
-0.727
 0.801
-0.209
 0.497
 1.768
 1.485
 1.379
 1.169
 1.372
 1.431
 1.698
 1.765
 0.911
 2.176
 3.274
 2.446
 2.427
 0.740
 1.967
-0.627
-0.911
 1.037
 0.517
 1.614
 2.647
 1.319
 1.479
 1.384
 1.509
 3.851
 0.690
 0.666
 1.433
 1.671
-0.109
 1.748
 1.507
 1.110
 0.481
-1.523
 0.391
 1.670
 0.716
 0.575
 1.859
 0.899
 1.745
 1.070
 0.747
 0.200
-0.118
 1.144
 0.332
 1.130
 1.590
 1.745
 2.442
 2.217
 2.661
 0.932
 1.803
 2.823
 1.530
 1.555
-0.436
 1.634
 1.279
 0.839
 0.124
 0.885
 0.819
 0.834
 0.236
 0.234
 0.286
 2.401
 0.773
 0.130
 0.410
 0.845
 0.557
 1.350
 1.881
 1.306
 1.561
 1.528
 1.197
 0.667
 1.168
 0.579
 2.026
 2.504
 1.869
 0.957
-0.780
-0.279
 0.804
 1.510
 1.826
 1.286
 1.347
 1.859
 0.780
 1.068
-0.271
-1.270
 1.460
 2.007
 0.869
 1.222
 1.904
 0.736
-0.041
-0.131
 1.749
-0.643
-0.846
 0.538
 0.069
-0.338
 1.273
-0.315
-1.110
-0.519
 1.239
 0.677
 0.291
 2.136
 1.765
 1.585
 0.551
 0.303
 0.174
-0.554
-0.164
 0.871
-0.152
 0.143
 0.409
 0.393
-1.014
 2.277
-0.073
-0.003
 0.180
 0.825
 0.752
 0.910
 0.966
 1.242
 0.405
-0.232
 0.531
 1.535
 1.436
 2.034
 1.976
 1.231
-0.071
 0.927
 1.157
 1.978
 2.281
 0.366
 0.869
 0.973
 0.381
 0.219
 1.918
 1.927
 1.231
 1.162
 1.093
 1.230
 1.381
 1.518
 2.361
 0.955
-0.786
-0.786
 0.738
-0.359
 0.304
 0.574
 0.911
 0.899
 1.180
 0.427
 0.902
 0.947
-0.236
 1.052
 0.016
 0.829
 1.589
 1.067
 0.346
 0.007
-0.622
 0.123
 2.388
 0.781
 1.784
 0.708
 0.172
 0.751
 1.749
 0.884
 0.806
 0.654
-0.482
 0.815
 1.473
 3.292
 1.516
 3.077
 2.021
 2.036
 2.621
 0.972
 0.982
 1.009
 0.342
 0.244
 2.720
 1.430
 0.660
 1.067
 1.941
 2.043
 0.522
-0.006
 1.563
 0.324
 1.731
-0.245
 1.295
 1.018
 0.904
 2.553
 0.900
 0.978
 2.114
 3.031
 2.355
 0.768
 1.396
 1.330
 0.688
 1.012
 1.044
-0.673
-0.365
 1.108
 0.153
-0.371
 1.536
 1.535
 1.096
 0.766
 0.856
 0.415
 1.901
-0.285
-1.528
 1.838
 3.058
 1.360
 1.130
 1.439
 1.130
 2.275
 1.565
-0.419
-0.037
 1.478
 0.454
 0.906
 0.868
 2.056
 1.736
 0.616
 0.492
 0.920
 1.351
 1.040
 2.027
-0.635
 0.747
 1.387
 1.517
 3.201
 1.882
 1.076
 2.668
 1.234
 1.940
 0.878
 1.106
 1.011
 0.598
 1.334
 0.699
 0.673
 0.685
-0.153
 0.900
 1.829
-0.324
 1.644
 0.726
-0.548
 0.568
 0.431
 1.028
 0.646
 0.042
 2.045
 1.775
 0.969
 1.586
 1.174
 1.758
 1.348
 0.821
 1.734
 2.624
 0.615
 1.440
 1.862
 1.598
 3.293
 0.491
 0.964
 2.096
 1.353
-1.551
-0.930
 2.266
 1.921
 0.636
 0.881
-0.176
 2.578
 1.764
 0.249
 0.437
 1.936
 0.538
 2.418
 0.909
 0.709
 0.454
 0.938
 0.903
 1.725
 1.093
 1.973
 1.786
-0.234
 1.487
 0.487
 0.372
 0.072
-0.320
-0.433
 0.817
 0.570
 0.307
 1.219
 2.625
 2.263
 0.444
 0.486
 0.419
 0.541
 0.663
 1.244
 1.808
 1.137
-0.691
-0.082
 0.777
 0.483
-1.336
-0.538
 0.253
 0.967
 1.125
-0.762
 0.657
-0.281
-0.329
-0.139
-2.084
-1.678
 0.334
 0.554
 0.354
 0.013
-0.404
-0.538
-0.261
-0.356
-0.413
-0.590
-0.008
-1.070
-1.144
 1.260
 0.550
 0.063
-1.215
-0.810
 0.486
-0.286
 0.670
 1.095
 0.107
-0.063
 2.596
 1.392
 1.158
-0.439
 0.354
 1.964
 0.718
 0.702
 1.820
 1.808
 1.062
 0.580
 0.139
-0.043
 0.754
 0.890
 1.628
 0.968
 1.260
 0.931
 0.454
 1.628
-0.550
 0.194
 0.906
-0.849
 1.616
 1.104
 0.934
 1.430
 1.199
 0.995
 0.557
 0.274
 1.426
 0.730
 0.803
 1.935
 2.424
 1.784
 1.808
 0.749
 1.222
-0.259
 0.224
 1.046
 0.549
-0.297
-0.358
 1.979
 1.610
 1.771
 0.046
-0.202
 0.408
 2.222
 1.882
 1.835
 1.537
 0.212
 1.967
 1.318
-0.069
 1.055
 1.627
 0.669
-1.025
-0.690
 1.361
 0.661
-0.798
 0.934
 0.333
 0.159
 1.448
 0.370
 1.174
-0.894
-1.123
-0.735
-1.267
-1.625
-0.712
-1.632
-0.140
 0.045
-0.721
-0.218
 0.775
-0.451
 1.353
-0.532
 0.395
 0.126
 0.992
 0.449
 0.592
 0.636
 0.323
-0.299
 1.166
 0.102
-0.578
-0.400
 0.632
 1.045
 0.962
 0.381
 1.101
 1.572
 1.399
 1.263
 0.067
 1.247
 1.438
 0.195
 0.511
-0.481
-0.161
 1.930
 0.481
-0.613
 0.324
-0.091
 0.589
 0.853
 0.076
 0.104
 0.414
 2.118
 0.894
 0.665
 0.055
-0.908
 0.924
 1.001
-0.414
-0.425
-1.216
 0.216
 2.068
 0.693
 1.664
 0.749
 1.558
 1.217
 0.767
 2.098
 1.210
-0.542
 0.069
 0.803
 1.229
 0.332
-0.671
 0.326
 1.490
-0.654
-1.984
-0.495
-0.435
 0.478
 0.620
-0.679
 1.294
 0.789
-0.885
 0.220
 1.641
 0.522
 0.409
 0.607
 0.958
 1.455
 0.061
 0.068
 0.706
 0.386
-2.240
-0.638
 0.171
-0.307
 0.816
-0.345
-0.499
-0.355
 1.190
-0.123
-1.289
-0.413
 0.298
 0.918
 0.793
 0.159
 1.229
 1.310
 0.902
 0.529
-0.144
-0.168
 0.383
 2.022
 0.914
 1.308
-1.122
-0.596
 0.367
-0.213
-0.658
-0.025
-0.993
 0.520
-0.329
 0.157
-0.684
-0.806
 0.196
 0.365
 0.649
-0.841
 0.300
 0.112
 0.946
 0.330
 1.601
 0.668
-0.018
 1.323
-1.118
 0.271
 2.107
 0.778
 0.754
-0.702
 0.616
 0.199
 0.135
 0.730
 1.720
 0.633
 1.209
 0.207
 0.224
 1.648
 1.139
 0.491
-0.049
 0.583
 0.858
 0.352
 1.148
 2.085
 1.005
 1.892
 2.254
 1.019
-0.858
 0.496
-0.131
 0.405
 0.102
-1.613
-0.992
-0.468
-0.981
-0.849
-0.103
 1.423
 0.756
 0.445
-0.511
-0.439
-0.713
 1.213
 0.059
-0.967
 0.070
-0.049
 1.210
 0.572
-0.135
-1.362
-0.238
 0.677
 0.876
 0.918
-0.007
-0.144
 0.346
-0.936
-0.552
 1.030
 0.850
 0.367
 0.073
 0.963
 0.897
-0.275
-1.044
 0.236
 0.135
-0.895
-0.911
-0.989
-1.586
 0.202
 0.711
-0.270
 2.280
-0.239
 0.458
 1.272
 0.003
-0.722
 0.520
-0.244
-0.697
 1.410
-1.556
-1.311
-1.199
-0.358
-0.333
-0.891
-0.416
-0.863
-0.532
 0.074
 0.057
-1.059
-1.301
-0.734
-0.188
 0.855
 1.029
 0.458
-1.268
 0.202
-0.884
-0.108
 0.452
 1.594
 0.213
 0.311
 2.191
-0.190
-0.157
 0.249
-0.506
-0.026
-0.285
-0.121
 0.494
-0.728
-0.882
 0.393
 0.270
 1.520
 1.441
 0.125
-0.137
 1.618
-0.084
 0.505
-1.232
-0.755
-1.588
-0.262
-0.355
-1.069
 0.472
-0.078
 0.066
 0.397
-0.796
 0.326
-0.007
-0.532
-0.544
 0.122
 0.468
 0.429
 1.387
 1.405
 1.041
 0.505
 0.363
 0.544
 0.032
 0.267
-0.624
-0.188
 0.157
 0.657
 0.892
-0.359
 0.037
-1.156
 0.461
-0.977
-0.120
 0.625
 0.988
-0.210
-1.400
 0.683
 0.020
 1.197
 2.343
 2.505
 0.559
-0.845
 0.018
 0.516
 0.042
-0.459
-0.372
 0.883
 1.391
-0.952
 1.638
 1.828
 0.547
 1.699
 1.524
 1.818
-0.416
 1.161
-0.513
-0.158
 1.408
 0.625
 0.761
 1.059
-0.198
-0.820
 0.267
 0.470
-0.810
 0.523
 1.919
-1.540
-0.481
 0.931
 0.058
 1.359
 0.685
 2.565
 0.912
 1.619
 0.829
 1.316
 0.466
 1.004
-0.221
-0.078
 1.135
-0.275
-0.080
-0.451
 0.072
-1.066
 0.311
 0.742
 1.162
 0.991
-0.148
 0.160
-0.485
-0.356
 1.797
-0.488
-0.135
 1.695
 1.068
 1.421
 0.560
 0.962
 0.582
 1.447
 2.489
 2.270
 0.932
 0.796
 0.707
-0.159
 0.653
 0.276
 1.695
-0.394
 2.501
 0.466
-0.202
-0.569
-0.608
-0.727
-0.578
 0.294
 0.921
-0.186
 1.683
 1.383
-0.699
-1.550
-0.491
 0.585
-0.077
 1.159
 0.365
-0.036
 1.706
 1.577
 1.003
 1.374
 0.418
-0.209
-0.934
-1.953
 0.493
 0.677
 0.037
-1.342
 0.666
 1.310
 0.375
 0.987
 0.768
 0.632
-0.085
 1.004
 0.938
 0.561
-0.969
 0.474
 0.177
 1.183
 0.676
-0.170
-0.059
 0.462
 0.659
-0.391
-0.793
 0.985
 2.037
 0.777
 2.412
 2.618
 2.204
 1.565
-0.311
 0.718
 0.283
 1.831
 1.653
 0.212
 0.284
 0.831
 1.631
 0.833
 0.555
 0.252
 1.046
 1.765
 0.847
 0.844
 0.572
 0.750
-1.168
-0.278
-1.140
 0.245
-0.102
-0.437
-1.196
 0.853
-1.170
-0.166
 0.243
-0.479
-1.701
-0.475
-0.228
-0.857
-1.717
-1.765
-0.040
 0.139
-0.293
-0.172
-0.022
 0.710
-0.563
-0.691
 1.261
-0.344
 3.056
 1.644
 1.130
 0.448
 1.503
 0.670
 0.338
 0.078
 1.967
 1.070
 0.304
 1.381
 1.208
 0.722
 1.039
 3.109
 1.489
 0.174
 0.199
 0.057
 1.718
 0.616
 0.063
 2.076
 1.227
 1.374
 2.494
 1.806
 2.298
 2.169
 2.222
 2.993
 0.265
 1.501
-0.162
 1.381
 1.606
-0.449
 1.179
 0.944
 1.584
 1.547
 0.971
 0.955
-0.135
 0.273
-0.161
 1.744
 0.141
 1.504
 0.999
-0.414
 0.525
-0.597
 1.426
 0.669
 1.893
 3.023
 0.943
 0.935
 0.583
 0.234
 1.473
 1.655
 0.536
-0.144
 0.610
 1.430
 1.716
 1.583
 1.986
 0.835
 0.573
 0.834
 0.450
 1.105
 0.714
 0.483
 1.075
 0.284
 0.588
 0.870
 0.288
 0.651
 1.724
 1.831
 1.413
 0.119
 1.721
 1.911
 2.052
 1.653
-1.304
 0.319
 0.833
-1.386
 0.175
 1.543
 1.537
 1.667
 0.719
-0.190
 0.063
 0.326
-0.469
 0.940
 0.870
-0.472
 0.575
 0.393
 0.964
 0.384
 0.916
 0.638
-0.439
-0.144
-0.040
-0.345
-0.034
 1.008
 1.623
-0.030
 0.721
 1.280
 1.996
 0.635
 1.460
 1.403
 0.996
 0.570
-0.484
 1.300
-0.694
 1.173
-0.702
 0.310
 1.732
 1.670
 2.432
-0.391
-0.315
-0.178
 1.037
-1.169
-0.460
 0.619
 1.374
 0.608
 0.547
-0.473
-0.484
 0.827
 0.993
 0.982
 1.815
 0.504
 0.257
-0.742
 1.592
 0.759
 0.591
 1.705
 0.998
 0.794
 0.577
 1.299
-0.160
 0.817
 0.028
-0.461
 1.548
 0.315
 1.101
 0.990
 0.424
 0.232
 1.338
 0.695
-0.300
 2.067
 1.372
 1.319
-0.021
 1.028
-0.340
 0.274
 1.010
 2.679
 1.396
 0.448
 0.559
 0.924
 0.145
 1.851
 0.806
 1.944
 0.655
 0.977
 1.053
 0.720
 0.892
 0.381
 0.014
 2.104
 2.156
 1.807
-0.154
-0.211
 0.428
 0.828
 1.938
 1.657
 0.127
 1.364
 0.373
 0.193
 0.733
 0.257
-0.244
 0.843
-1.087
 0.945
-0.438
 0.134
-0.486
 0.852
 1.168
 1.435
-0.008
 1.339
-0.619
 1.434
 1.101
 1.721
-0.047
 0.819
 0.399
 2.634
 1.160
 0.757
-0.469
-0.461
-1.097
 0.516
 1.013
 0.381
-0.402
-0.574
 0.563
-0.444
 0.703
 0.331
-0.262
 1.284
-0.282
-0.164
 1.418
-0.820
 0.406
 0.285
 0.058
 0.123
-0.505
 0.207
-0.460
 1.099
 2.150
 1.201
 1.311
 1.336
 1.842
 1.195
 1.196
 1.753
-0.244
 0.444
 0.955
 1.436
 0.136
 2.199
 1.315
 0.512
 0.826
 1.035
 1.577
 1.301
 2.028
 0.847
 0.660
 0.312
 1.372
 1.652
 0.974
 1.520
-0.036
 0.461
 1.024
 0.407
 1.922
 0.809
 1.486
-0.438
-1.094
 0.773
 1.677
-0.669
-1.539
 0.736
 1.403
 0.052
-0.007
 0.509
-0.141
-0.320
 0.028
 0.676
 1.248
 1.446
 0.526
 1.334
-0.219
-0.910
-1.204
-0.625
 1.649
-0.364
 1.770
 0.333
 0.221
-0.852
-0.382
-0.055
 0.841
 0.546
 0.716
 0.929
 0.207
 0.418
 0.267
-0.704
 2.003
-0.479
-0.326
-0.037
-0.218
-0.492
-0.553
-1.435
-0.939
 1.448
 2.047
 0.695
-0.124
-0.403
-0.293
-0.565
-0.081
-0.685
-0.858
-1.096
-0.376
 0.578
 0.078
 1.065
 1.444
 1.841
 1.056
-0.129
 1.346
 0.565
 1.453
 1.239
 1.514
 1.117
 1.015
 0.420
-0.510
 0.388
 0.539
 0.861
 1.285
 0.749
 0.869
 0.291
 0.200
-0.315
-0.400
 0.171
 0.286
 0.935
-0.551
 2.267
 2.124
 1.354
-0.936
-0.533
-1.144
-0.562
 0.149
-0.009
-0.185
 0.088
-0.834
-0.068
 0.450
 0.084
 1.233
 0.496
 0.078
-0.323
-0.290
 0.066
 1.304
 0.134
 0.019
 0.068
 0.813
-1.844
-3.032
-1.614
 0.558
-0.324
-1.323
-1.105
-0.170
-0.607
-1.879
-1.259
-1.418
-1.088
-0.565
 0.973
 0.434
 0.233
-0.690
 2.117
 0.891
 0.951
 1.112
 0.546
 1.007
-0.065
-0.360
 0.313
 1.018
 0.643
-0.228
 0.773
-0.729
 0.632
 0.660
 1.566
 2.074
 1.101
 1.628
 1.440
 1.494
-0.244
 1.544
 1.554
 0.900
 1.096
 1.220
 0.352
 1.542
 2.758
 0.720
 0.795
 0.430
 0.431
-0.172
 0.453
 0.800
 1.987
 0.403
 1.671
 1.081
-0.508
 0.317
 0.388
 0.003
-0.072
-1.295
-0.995
-1.031
 0.734
 0.558
 0.167
 0.937
-0.767
-1.265
-0.868
-0.958
-1.167
-1.831
-2.535
-0.602
-2.033
-2.376
-0.655
-0.974
-0.525
-0.519
 1.035
 0.261
-1.744
-1.490
-1.162
-2.090
-2.069
 1.434
-0.349
 0.474
 0.792
 0.787
-2.296
 0.055
-0.332
 0.209
 0.155
 1.007
 2.243
 0.513
-0.880
-1.017
-1.075
-0.522
-0.197
-0.895
 1.069
-0.381
-0.469
-0.288
-1.081
-1.442
-0.734
-0.100
-0.632
-0.668
 0.524
-0.699
 0.625
-1.020
 0.093
-0.480
-0.094
-0.091
 0.402
-1.067
-1.184
 0.446
-0.887
 0.274
 0.940
 0.997
 0.133
-0.375
 1.085
-0.094
 1.147
 0.611
 0.409
 1.374
-0.024
 0.509
 0.781
-0.739
 1.975
 0.690
-0.485
 0.140
-0.627
-0.349
 0.243
 1.784
 0.439
 0.216
 0.648
-1.274
-1.424
-0.577
-1.651
-0.855
-1.573
 0.321
-0.196
-1.163
-0.966
 0.045
 0.947
 1.085
 0.847
-1.056
-0.756
-0.449
 0.516
-0.805
-1.924
-2.346
-1.860
-1.886
-1.001
-1.931
-1.622
-0.897
-0.168
 0.536
 0.564
 1.015
-0.051
 0.279
 0.830
 2.005
-0.153
-1.340
-0.768
-1.278
 0.262
-0.054
-1.315
-1.513
-1.321
-1.364
-1.173
-1.545
 0.308
-2.051
-1.659
-0.205
-0.270
-0.571
-1.184
-0.987
-0.539
-1.017
 0.529
-0.253
-0.239
-1.108
-0.150
-0.973
-0.280
-0.173
 0.998
 0.320
-0.292
-0.566
-2.444
-2.189
-0.483
-2.438
-1.449
-0.430
 0.220
-0.563
-0.136
 1.153
 0.063
 1.318
-0.844
-0.356
 1.154
-0.777
-1.394
-1.614
-0.881
 0.271
-0.825
-0.974
-0.943
-0.356
 0.209
-0.124
 0.712
-0.614
-0.803
 0.669
 0.477
 0.755
-0.109
 0.044
-1.792
-1.720
-0.873
 0.950
-0.532
-2.536
-0.284
-1.700
-1.913
-0.697
-1.615
-0.564
-1.396
-0.063
-0.113
-0.741
 0.005
-1.118
-0.850
-0.654
-1.954
-1.223
-2.216
-1.517
-0.945
 0.279
-0.095
-0.074
-0.176
-0.982
 0.268
 0.881
 0.228
-0.549
 0.210
 0.345
-1.454
-1.186
-0.867
-1.818
-0.249
 0.969
 0.667
 1.022
 1.395
 0.000
 0.340
-0.286
 0.737
-0.086
 0.811
 0.272
 1.347
 1.731
 0.628
 0.798
 0.084
-0.321
-0.063
 1.208
 0.964
 1.291
 0.905
 1.062
 1.963
 1.615
 0.981
 0.089
-0.202
-0.264
 0.843
 1.528
 1.265
 1.137
 0.888
 0.574
 0.238
 1.305
 0.325
-0.368
 0.229
 0.665
 0.741
 1.772
 1.703
 1.777
 1.364
 0.323
-0.012
 1.244
 1.789
 1.018
 1.212
 1.689
 0.670
 0.235
 1.336
-0.129
 0.953
 1.795
 2.001
 0.182
 1.413
 0.590
-0.542
 0.655
 1.169
 0.084
 0.042
 0.101
-0.224
-0.838
-0.319
-0.648
-0.011
-0.239
 0.132
 0.625
 0.333
 0.903
-0.995
 0.017
 0.770
-0.426
 0.237
 0.731
 1.134
 0.553
-0.936
-0.657
 0.809
 0.339
 0.012
 0.518
-0.031
 0.094
 0.511
-1.320
 0.371
 0.118
 0.357
-1.061
-0.515
 0.989
 0.530
 1.628
 1.674
 1.776
 0.143
-0.001
 0.326
 0.714
 0.684
 2.450
 1.173
 1.312
 0.384
-0.194
-0.432
-0.668
-0.265
 0.917
 1.673
 0.177
 1.820
-0.157
 1.564
 0.695
 0.098
 2.360
 0.682
-1.192
 0.050
 1.593
 0.173
-1.049
 0.293
 1.102
 0.712
 0.384
-0.349
-0.213
 0.374
-0.326
 1.864
 0.752
-0.782
 0.647
-1.418
-0.702
-2.376
-2.641
-1.763
-0.083
-1.295
-1.514
 1.253
-0.778
 0.214
-0.821
-1.070
-0.634
-1.957
-0.334
-0.855
-1.270
-1.202
-0.978
-1.574
-0.873
-0.560
-0.994
-1.392
-0.105
-0.160
-0.412
-1.181
-1.663
-2.355
-1.973
-0.741
 0.875
-0.663
-0.070
-0.457
-0.349
 1.561
 0.235
 1.054
 1.824
 0.695
-0.705
 0.079
 0.260
 1.507
-0.266
-0.062
-0.424
-0.511
 0.771
-1.063
-1.744
-1.489
-1.275
-1.186
-1.098
-0.421
-1.248
-0.503
-1.352
-0.693
-1.251
-0.933
-1.250
-0.289
-1.749
-1.085
 0.247
-0.301
 0.797
-0.568
 0.389
-0.220
 0.324
-0.242
-0.415
-0.863
-0.554
 0.333
-1.079
-0.083
 0.207
-1.505
-0.088
-0.911
-1.202
 0.337
 0.678
 0.607
-0.390
 2.575
 1.453
 0.626
-0.285
 0.788
-0.799
 1.103
 0.811
-0.249
-0.179
-0.759
 1.496
 0.733
-0.230
 1.642
 2.069
 0.957
-0.097
 0.183
 0.413
 0.440
 0.006
 0.270
 1.745
 0.215
-0.028
-0.235
-0.712
-0.902
-0.293
 0.229
-0.543
 0.672
 0.856
-0.934
 0.063
-0.076
 0.063
 0.656
-0.042
-0.607
 0.230
-0.340
-0.145
 0.418
 0.273
 0.292
-1.637
-1.223
-0.163
-0.380
-0.920
-0.962
 0.275
 0.943
 0.014
-0.308
 0.488
-0.159
 1.385
 0.701
-1.468
-1.192
-0.121
 0.356
 0.301
 0.627
-0.237
 0.959
 0.765
 0.586
 0.172
-1.519
 0.471
 0.386
-0.376
-0.331
-0.450
 2.145
-0.265
 1.367
 1.268
 0.539
 1.652
 1.773
 0.718
 1.025
-0.018
 0.747
 1.271
 1.530
 0.772
 1.553
 0.660
 2.721
 1.038
 2.528
 1.134
 1.097
 1.745
 2.598
 0.786
 0.807
 0.721
 1.307
 1.228
 1.455
 0.257
 2.327
 2.422
 2.180
 2.663
 1.293
 1.348
 3.430
 1.100
 0.324
 0.780
 1.635
 2.382
 0.448
 0.215
 0.997
 0.833
 0.395
 0.893
-0.016
-0.833
-0.872
-1.038
 0.798
 1.032
 0.002
-0.759
 0.543
 0.248
-0.443
 0.296
 0.010
-0.423
 0.095
 2.034
 1.829
 0.757
 1.382
 0.772
-0.701
 0.152
-0.449
-0.202
 1.775
 1.469
 1.515
 0.294
 1.101
 0.614
 1.103
 0.535
 0.077
 0.601
 1.462
-0.276
-0.754
 0.138
 0.738
-0.031
 0.252
 2.543
 1.055
 0.478
 0.346
 0.719
-0.605
-0.737
-1.161
-1.415
-0.105
-0.406
 0.768
 0.396
-1.694
 0.151
 0.044
 0.739
-0.039
 0.837
 0.627
 1.325
 1.819
 0.820
-0.285
 0.271
 0.575
-0.160
 0.755
-1.345
-0.659
 0.758
 1.015
 1.146
-0.561
-0.115
-0.447
-0.301
 0.050
 0.214
 0.698
-0.087
-0.078
 0.660
 0.573
-0.252
-0.255
-0.025
 1.078
 0.897
 0.131
 1.239
 1.660
 2.524
 1.354
 1.179
 0.653
 0.649
 0.138
-0.694
 1.071
 1.125
-1.231
 0.024
-1.071
-0.576
 0.232
 0.906
 1.061
 0.413
 1.072
 0.316
 1.164
 0.845
-0.149
-0.399
 0.281
 0.761
 0.814
-0.371
 1.273
-0.285
 0.435
 0.078
 1.298
 1.420
 1.416
 1.505
 1.703
 1.205
 2.238
 1.486
 2.833
 1.167
 2.597
 2.312
 1.171
 1.279
-0.179
-1.087
 0.873
 1.273
 1.165
 2.388
-0.254
 0.029
 0.022
 0.483
 0.804
 0.375
 2.613
 1.108
-0.276
 0.872
 1.502
 0.117
 2.125
-0.019
 0.058
-1.285
-0.198
 1.833
 0.862
-0.833
-0.043
-0.824
-0.357
 0.729
 1.341
-0.893
 1.393
 0.330
 0.411
 0.986
 1.051
 0.072
-0.159
 0.098
 0.343
 0.911
-0.641
 1.425
 0.940
 0.130
 0.061
 0.327
 0.848
-0.005
-1.240
 0.007
 0.942
 2.157
 0.588
 1.024
-0.818
-0.209
 0.314
 1.298
-0.327
 0.048
-0.568
-1.277
 0.216
 0.327
 1.395
 0.823
 1.472
 0.096
 1.482
 1.671
 1.663
 0.177
 1.438
 1.365
-0.204
 0.951
 0.637
 1.019
 1.374
 0.706
 0.812
-1.257
 0.282
 1.672
 2.078
 1.236
 1.387
-0.277
 1.744
 0.930
-0.230
-0.830
-0.040
 0.723
 0.698
-0.162
 1.194
 2.705
 0.770
-0.578
 0.586
 0.199
 0.060
 0.854
-0.310
-1.149
 1.382
 0.660
 1.043
 0.691
 0.688
 1.228
 0.474
 1.196
 0.101
 1.621
 0.172
 0.334
 0.597
 0.818
 0.982
 1.476
 1.118
 1.051
 0.052
 0.899
 1.082
-0.272
 0.422
 0.775
-0.062
 0.015
 0.383
-0.030
-2.238
-0.779
-0.768
 0.623
 2.276
-0.101
-0.511
 1.264
 1.000
 1.000
-0.430
 0.402
-0.918
-0.041
-0.773
-0.199
-0.935
-0.065
 1.121
 1.942
 0.128
 0.749
 0.661
-0.070
 1.323
 0.403
-0.657
-0.906
 0.523
-0.829
-0.473
-0.237
 0.232
 0.545
 0.436
-0.961
 0.497
 0.419
-0.255
 0.751
 0.917
-0.188
-0.054
-0.340
-0.066
 0.430
 1.436
-0.407
-0.394
-0.565
-0.024
 0.365
 0.779
-0.230
-0.454
-0.020
 0.907
 0.512
 0.314
 0.942
 0.687
 0.851
 0.176
-0.688
 0.132
-1.861
 0.202
-0.062
 0.607
 0.972
-2.140
 0.062
-0.158
-0.417
-0.068
-0.902
 0.544
 1.771
 2.186
 0.303
 1.577
 0.754
 0.486
 0.256
 0.549
 0.005
 0.631
-0.291
 0.890
-0.279
 0.434
-0.482
 0.876
 0.825
 0.584
 0.245
-0.586
-0.305
-0.465
-0.023
 0.813
 1.082
 0.113
-1.176
-0.443
 0.331
 0.399
 0.491
-0.966
-0.563
-0.858
-0.022
 0.308
-0.424
 0.102
 0.895
-0.254
 2.341
-0.042
-0.090
-1.064
-0.838
-0.067
-0.063
 0.223
 0.929
-0.123
 0.231
 1.591
 1.432
-0.170
 1.541
 1.273
 0.028
-1.466
 0.312
 1.397
 1.869
 1.535
 0.940
 0.103
 1.059
 0.028
-0.338
-0.708
-0.329
 0.494
-0.922
-1.415
-0.354
-1.038
-1.017
-0.523
 0.618
 1.590
 0.882
 1.004
 1.157
 1.517
 0.299
 0.356
-0.220
 1.750
 0.428
-1.490
-0.406
-0.258
-1.530
 0.681
-0.911
 1.205
-0.511
 1.369
-0.228
 0.423
-0.584
 1.031
 1.811
 0.321
 0.345
-0.337
 0.845
 0.126
 1.061
-0.860
-0.483
 1.206
 1.277
 0.858
 0.443
-1.130
 1.250
-0.761
 0.458
 0.004
 0.493
 0.174
-1.081
 1.049
 0.174
-0.075
-1.377
-2.064
 0.073
-0.640
 0.006
-0.564
 0.527
 0.586
-0.181
-0.387
 0.018
-1.041
 0.405
-0.715
-0.282
 0.537
-0.159
 0.451
 0.144
-0.154
-0.332
-0.141
 0.579
-1.195
-0.840
-0.547
-0.201
 0.890
 0.943
 1.170
 0.918
 0.978
-1.078
-0.872
-1.033
-0.307
-0.736
-0.602
 0.212
 0.791
 0.251
-1.262
 0.076
-0.695
-0.099
 0.372
-1.293
 0.374
 0.012
-1.453
-0.807
-0.155
 0.742
 0.360
-1.154
-0.308
-2.546
-2.364
-2.453
-2.699
-3.134
-1.756
-1.610
-0.280
 1.092
-0.146
-0.088
 0.333
 0.780
 2.073
 0.701
 0.956
-0.449
 0.485
 0.915
 0.273
 0.011
-0.265
 1.388
 1.138
 0.767
 0.275
 0.621
 0.612
-1.569
-0.129
 0.241
-0.374
 0.879
 0.032
 0.819
-0.018
-0.015
 1.392
 0.493
 0.653
 1.239
-0.389
 0.036
-0.907
-0.112
 0.561
 0.443
 1.702
 1.439
 2.545
 1.346
 0.816
 0.713
 1.254
-0.107
 2.148
 0.962
 1.731
 1.532
-0.074
 1.111
 0.360
 1.192
 0.579
 0.354
 1.383
 0.155
-0.099
 0.703
-0.065
 1.417
 1.966
 0.877
 0.716
 0.187
-1.035
 0.163
-0.073
 0.701
 2.182
 1.857
 1.627
 0.437
 0.523
 0.102
 0.381
 1.467
 0.318
 0.354
 0.026
 0.832
-0.453
-0.206
-0.617
 0.589
-0.761
 0.409
 0.446
 0.726
-0.579
-0.507
 1.051
-0.700
 0.571
-0.718
-0.334
 0.393
 0.167
 0.779
 1.420
 0.926
 1.424
 0.553
 1.197
 0.480
-0.022
 0.513
 0.170
-1.110
-0.341
-0.215
-0.456
 0.255
-0.891
 0.651
 0.924
 0.830
 0.320
 2.229
 0.082
-0.550
 0.208
-0.032
-0.634
-0.125
 0.406
 2.025
 0.247
 1.275
 0.324
 0.107
 0.254
-0.251
 0.072
 2.916
 2.423
 1.845
 0.976
 1.909
 1.960
 2.436
 2.129
 1.808
 0.372
-1.167
-0.525
 0.329
-0.169
 1.130
 0.218
 1.599
 1.868
 1.047
 0.650
 1.044
 0.533
-1.158
-0.530
 0.160
 0.123
-0.728
-0.828
 0.000
-0.925
-0.237
-1.237
-0.443
-1.198
 0.253
 1.199
-0.186
-0.329
-0.483
 0.770
-1.679
 0.033
 0.512
 0.366
 1.441
 0.532
 0.955
 0.548
 0.080
 0.657
-0.456
-0.241
 0.609
-0.486
 0.550
-0.711
-0.577
-0.520
 0.406
 1.008
 0.564
 2.949
 1.325
-0.042
 0.568
 0.337
 0.651
 1.094
 0.194
 0.201
-0.088
 0.603
-1.341
 0.760
 1.646
-0.639
 0.409
 1.159
 0.522
 1.193
 1.089
 0.864
 2.077
 0.527
 0.070
 0.522
 0.591
-0.402
 0.204
-0.561
 0.560
 0.456
 2.010
 1.179
 0.560
 1.835
-0.138
 0.160
-0.179
 0.917
 0.076
-1.927
 0.081
-0.879
-0.661
 0.051
-0.212
 0.473
-0.569
-1.560
-0.158
-1.023
-1.211
 0.223
 0.528
 0.127
 0.848
-0.263
-0.095
-1.515
-2.162
-1.360
-1.296
-0.345
-0.323
 0.596
 0.046
-0.717
-1.376
 0.256
-0.786
 0.983
 0.399
-0.032
-0.695
 0.150
-0.473
-1.032
-0.800
-1.302
 0.262
-0.121
 0.081
 1.102
 0.665
-0.700
-0.837
-0.448
 0.372
 0.847
-1.063
-0.188
 0.236
-0.098
-1.658
-0.495
-0.672
-2.062
 0.154
 0.794
-0.127
 0.219
-1.482
-1.419
-0.893
-0.693
-1.044
-0.852
-1.320
-0.517
-2.047
-0.701
-0.370
-0.397
-0.350
 0.850
-0.104
 0.559
 0.377
 0.666
-0.735
-0.189
-0.514
-0.373
 0.535
 0.035
 0.823
 0.198
 0.743
 1.274
 0.570
 0.229
 0.800
 0.241
 0.818
 1.233
 0.415
-0.596
 0.146
 0.034
 1.057
 0.052
 0.175
 0.570
 1.027
 1.500
 0.876
 0.769
 1.556
-0.481
 0.054
-1.264
 1.264
 1.062
-0.132
-0.056
 1.020
 0.369
 0.567
 0.818
 0.679
 1.234
 0.001
 0.766
 0.072
 0.652
-0.185
 0.619
 0.456
 0.595
 2.282
 1.160
-0.021
-0.996
 0.004
 0.518
 0.811
 2.982
 2.181
 2.166
 0.948
 0.519
-0.861
 0.136
-0.791
-0.643
-0.726
 0.234
-1.283
-1.518
-1.078
-0.118
-0.389
-1.511
-1.255
-1.202
-1.126
-0.727
 0.426
 0.738
-0.914
-0.622
 0.560
-0.099
-0.200
 1.387
 1.879
 1.283
 1.018
 2.352
-0.457
 0.769
 1.114
-0.704
 1.175
 0.328
 0.262
 1.635
 0.315
 0.016
 0.597
 1.406
 0.142
-0.739
-1.169
-1.465
-0.779
-0.393
-0.539
-1.389
-1.288
-0.653
-0.840
-0.468
-1.342
-0.656
-0.842
 0.490
 0.791
-1.322
 0.801
 0.310
 0.892
-0.569
-1.142
 1.042
 0.697
 0.693
 1.844
-0.193
-1.866
-0.658
 1.384
-1.176
 0.896
 0.102
 0.738
 1.273
 0.917
-0.015
 2.168
 1.645
 1.209
 1.039
-0.282
 0.961
 2.528
 1.981
 2.440
 1.199
 1.181
 1.150
 1.751
 1.290
 0.153
-0.204
 0.633
-0.297
 0.884
-0.151
 1.000
-0.705
-0.219
 1.118
 0.114
 0.694
 1.808
 0.547
 1.265
 0.406
 0.530
 1.465
 0.603
-0.535
-0.699
 0.494
 1.712
 1.874
 0.562
 1.013
-1.133
-1.178
-1.644
-1.020
 1.331
 0.684
 0.373
 1.492
 1.643
 2.535
 1.106
 0.936
-0.638
 0.274
 1.050
 0.638
 0.115
 2.571
 0.805
-0.244
 1.180
 1.135
 0.176
 2.341
 1.882
 1.618
 1.690
 0.020
-0.297
 0.113
 0.721
 1.657
 0.235
 1.463
 2.533
 2.957
 0.018
 2.433
 1.962
 2.693
 2.548
 0.886
 0.699
 0.829
 0.451
-0.228
 1.727
-1.346
-0.885
-0.081
-1.011
 0.602
 0.827
 2.606
-0.257
 0.149
 1.100
 0.700
 1.225
-0.688
 0.281
 0.274
-0.312
-0.776
 0.225
-0.983
-0.391
 1.566
 0.033
-0.781
-0.113
-0.313
-0.780
 0.143
-0.253
 1.410
 1.782
 0.721
 2.527
 1.050
 0.520
-0.273
 0.676
-0.974
-0.190
-0.941
 1.082
-0.153
 0.431
 1.518
 1.073
-0.347
-0.648
 0.140
 0.818
 0.089
 1.922
 2.856
 2.204
 1.825
 0.045
-0.839
 0.756
 2.020
 1.410
 0.882
 0.339
 1.268
 0.251
-0.210
-0.374
 0.192
-0.403
 0.031
 0.955
 1.495
 0.501
 0.735
 1.594
 1.071
-0.670
 0.886
 0.289
 0.912
 1.564
 0.532
 0.349
 1.230
 0.305
 0.655
 0.693
 0.056
 1.723
-1.028
 0.094
-0.474
 1.146
 1.362
 0.030
-0.244
 0.837
-0.264
-1.118
-0.705
-0.723
-0.883
-0.562
-0.176
 1.007
 0.626
 1.216
 1.682
 2.641
 1.142
 0.575
 0.986
 1.849
 1.088
-0.492
 0.203
 0.737
 1.514
 0.895
 3.329
 0.537
 2.143
 2.452
 1.139
 0.136
 1.876
 2.362
 1.612
 1.188
 0.125
 0.810
-0.602
-0.823
-0.292
 0.474
 0.626
 1.052
 2.354
 1.350
 0.609
 1.082
-0.236
 0.052
 1.679
 1.769
 0.101
-0.403
 1.235
-0.200
 0.782
 3.832
 3.179
 1.526
 1.302
 1.706
 1.157
 1.686
 2.580
 1.476
 0.316
 0.232
-0.208
 0.764
 0.157
 0.959
 1.019
 2.432
 2.070
 0.373
 1.977
 2.624
 1.469
 1.114
 0.605
-0.154
 0.060
 0.387
-0.444
 0.698
 0.094
 0.133
-0.097
 1.387
 1.158
 0.063
-0.693
-0.697
-1.665
-0.013
-0.145
 2.285
 0.692
-0.690
 1.585
 0.825
-0.258
 0.903
 0.070
-0.696
 1.269
 1.439
 0.900
 1.469
 0.762
-0.224
 0.066
 1.036
-0.606
 0.940
-0.872
 0.353
 0.925
-0.016
 0.537
 1.448
 0.928
 1.167
 0.751
 1.021
 0.395
-0.355
 0.387
-0.714
-1.313
-1.416
-0.586
 0.118
 0.056
-1.700
-0.035
 1.319
 0.414
-0.442
-0.403
 0.340
 1.425
 2.050
 0.901
 0.469
 0.266
 0.231
 0.442
-1.212
-0.917
-2.018
-1.404
-1.799
-1.929
-1.091
-0.136
 1.310
 1.526
 1.042
-0.073
-0.167
 0.572
 0.055
-1.129
-0.279
 0.991
 0.171
 1.419
 1.027
 1.040
-0.145
 0.424
-0.158
 0.633
 0.120
 0.748
 0.111
 0.027
 1.846
 2.044
 1.012
-0.109
-0.874
-0.736
-0.099
-0.502
-0.765
-0.986
 0.190
-0.674
-2.077
-1.299
 0.475
-0.971
-0.650
-0.507
 0.854
-1.717
-0.372
-0.248
-0.446
-0.944
-1.099
 1.187
 0.507
 0.949
 0.399
-0.615
-0.595
-0.527
-0.746
-0.384
 0.112
 0.810
 0.138
 0.999
 0.613
 2.556
 1.959
 1.113
-0.048
-1.310
 0.180
 0.855
 0.569
 2.171
 0.579
 0.920
 1.313
 0.626
 1.212
 0.894
-0.146
 1.096
-0.685
 0.830
 0.960
 1.486
-0.997
 0.249
 1.472
 0.345
-0.254
 0.639
 1.491
 2.191
 1.841
 1.509
-0.886
-0.516
-1.238
-0.066
 1.500
-0.033
-1.128
 1.332
-0.059
 0.002
-0.877
 0.357
 0.202
-0.040
-0.372
 0.377
-0.216
-0.870
-0.985
-0.245
 0.575
-0.285
 0.135
-0.006
 0.455
-0.835
-1.747
-0.208
-0.216
 1.160
 0.477
 0.613
 0.097
 0.729
-0.047
 0.639
 2.957
 1.680
 0.851
 0.255
-0.324
-0.745
-0.886
 0.334
-0.488
-1.281
-0.657
-0.022
 1.202
 0.242
 1.572
-1.190
 0.049
 0.741
-0.160
 0.642
-1.635
 0.153
 1.049
-0.507
-1.093
 0.237
-0.308
 1.329
 0.768
 1.567
 1.712
 2.078
 0.678
 0.680
 0.197
 0.581
 1.330
-0.713
-0.152
-1.283
-0.578
 0.100
-0.911
-1.173
-0.174
 0.070
-0.214
-0.609
-0.615
-1.697
 0.431
-0.059
-0.087
 0.897
-0.580
 1.303
 1.149
 0.104
-0.313
 0.689
-0.501
-1.070
-0.554
-1.157
-0.795
 0.036
-0.138
 0.579
-0.160
 0.713
 0.160
 0.765
-1.630
-1.203
 0.375
 0.743
 0.688
 0.968
-0.191
 0.119
-0.540
-0.263
 0.566
-0.293
-0.281
-0.215
 0.846
-0.180
 0.397
-0.105
-0.338
-0.079
 0.220
 1.199
 1.718
 0.944
 0.680
-0.045
 0.082
 1.055
-0.782
-2.404
-1.108
 0.919
-0.384
-1.057
 0.078
-0.443
 0.323
-0.334
-0.457
-1.986
-1.084
 1.048
-0.362
-1.942
-0.790
-1.625
-0.349
 1.172
-0.014
-0.045
 0.147
-0.342
-0.269
-0.021
 1.870
 1.436
 1.259
 1.245
 0.615
 0.916
 1.738
-0.233
 0.680
-0.319
-1.012
 0.987
 0.281
 0.499
-0.750
-0.297
 1.435
 0.016
 0.835
-1.900
-0.225
 0.942
-0.399
 0.081
-1.031
-0.731
-0.998
 0.121
 0.733
-1.098
 0.225
-0.164
-0.506
-1.805
-0.631
 0.239
-0.270
 0.871
 1.640
 0.619
 0.078
-0.209
 0.649
-1.025
 0.570
 0.199
-0.827
-0.137
-0.558
 1.047
 1.116
-1.321
 0.263
 0.267
 0.236
 0.643
-0.624
 0.151
-0.827
 0.451
-0.716
-0.334
 1.863
-0.687
-0.287
-0.170
 0.100
-0.397
 1.379
 2.080
-0.434
-0.850
-1.224
-0.392
 0.164
-1.425
-1.082
-1.033
-0.231
 0.092
 1.106
 0.050
 0.786
 0.545
-0.444
 0.729
 0.953
 0.227
-1.926
-0.737
 0.560
-0.452
-1.498
-0.405
 0.666
-0.261
-0.358
 0.864
-0.909
 0.598
-0.392
-0.864
 0.035
-0.676
 0.089
-0.108
-1.143
 0.545
-1.424
-1.355
-0.524
-0.419
-0.905
-0.429
-0.312
-0.310
-0.376
-1.761
-0.546
 0.603
 0.210
-1.177
 0.075
-0.601
-1.482
-1.004
-1.186
-1.790
-0.104
-0.016
-1.611
-0.792
-1.165
-2.028
-0.912
-1.403
-0.225
-1.413
-0.158
 1.298
 1.874
 1.337
 1.280
 0.188
-0.252
 0.117
 0.390
 1.097
 0.457
 0.566
 1.363
 0.476
-0.032
-0.199
-1.376
-1.406
-1.302
-1.233
 0.725
-0.892
-0.993
-0.736
-0.050
-1.112
 0.485
-0.799
 0.859
-0.635
 0.148
-0.135
-0.212
-1.347
-1.219
-1.730
-2.166
-0.460
-1.270
-1.218
-1.004
-1.991
 0.296
 0.211
-0.040
-2.039
-0.258
 0.613
 0.414
 0.038
-1.972
 0.012
 0.394
 1.125
 0.631
 0.583
 0.377
 0.560
 1.595
-0.773
-0.379
 0.352
-1.302
 0.358
 1.186
 0.676
 0.239
-0.192
 0.579
 0.937
 0.123
 0.224
 0.105
-0.728
 0.069
-0.694
 1.750
 1.391
 0.582
 1.284
-0.205
 0.500
 0.524
 0.013
-0.288
 0.296
 0.325
-0.707
-0.526
 1.115
 0.587
 0.327
 0.371
-0.459
-0.665
-1.353
-0.462
-0.168
 0.612
-0.498
 1.519
 2.055
 1.475
 1.581
 2.531
 2.305
 1.658
 1.908
 1.694
 1.266
 2.726
 2.807
 1.782
 0.152
 1.547
 1.539
 1.726
 0.834
-0.854
-0.861
-0.653
 0.460
 0.546
-0.021
-0.990
-0.352
 1.032
 0.217
-0.864
-0.477
-0.265
 0.015
-0.904
-0.452
 0.918
 0.418
-0.246
 0.438
 0.006
-1.312
 0.748
 0.544
 0.076
 1.247
-0.893
-0.457
-0.857
-1.457
-0.341
 1.662
-0.568
 1.220
-1.253
-0.575
-0.488
 0.723
 0.506
 1.233
 1.294
 0.490
 0.719
 0.295
-0.022
 0.808
 0.882
 1.045
 0.298
 0.605
-1.406
-0.036
-0.412
-0.340
-0.374
-1.380
-2.430
-1.604
-0.152
-0.114
-1.840
-0.577
-0.936
 0.920
-0.690
-0.845
-1.006
-0.084
 0.552
-0.281
-1.968
-1.432
-1.111
-0.583
-0.620
-0.434
 0.324
-0.937
 1.380
-0.651
-1.251
-1.387
-2.517
-0.735
 0.036
 0.207
-0.210
-0.821
 0.214
-0.916
-0.622
-1.048
-0.997
-0.267
-0.264
-0.211
-0.997
 0.637
-0.601
-0.536
 1.033
-0.385
-0.641
-0.682
-0.518
-0.560
-0.667
-0.973
-0.588
-1.096
 0.175
-0.152
 0.645
 0.903
 0.778
-0.319
-0.363
 0.270
-0.006
 1.514
 0.125
-0.082
 0.842
 1.255
-0.872
-1.131
 0.111
-0.203
-0.263
-1.675
-0.877
-0.290
-1.948
 0.851
 0.042
-0.610
-0.541
-0.878
 0.195
 0.412
-0.256
-0.232
-1.649
-2.381
-0.311
-0.269
-0.701
 0.917
-0.956
-0.083
 0.404
 1.437
 0.084
-0.513
-1.340
-0.790
-1.037
-0.615
-1.206
-0.929
-0.030
 0.029
-0.387
-0.222
-0.577
 1.506
 0.686
 0.059
-0.309
 0.413
 0.428
 1.070
 1.912
 1.618
 1.083
 1.929
-0.002
-0.987
 1.075
 1.440
 0.546
 0.403
 0.640
 1.496
 0.542
 2.230
 0.697
 1.847
 0.984
 0.666
 0.740
 0.424
-0.620
 0.320
 0.500
 0.135
 2.336
 2.240
-0.564
-0.420
 0.254
-1.787
-0.411
-0.022
-0.547
 0.263
 1.887
 1.356
 0.818
 1.158
 0.946
 1.142
 0.293
 1.856
 1.410
 0.994
 1.424
 1.552
 0.975
 0.391
 0.589
 0.403
 1.568
-0.530
 1.943
-0.309
-0.215
 0.714
-0.414
-0.491
-0.093
 1.100
 0.920
 0.020
 0.261
 0.103
 0.235
 0.555
 0.259
 0.558
 1.407
-1.427
-2.014
 0.816
 1.070
-0.007
 1.377
-2.392
-1.203
-0.615
-0.078
-1.156
 0.339
 0.779
 0.101
 0.982
-0.049
 1.521
 1.342
 1.728
 1.100
 2.501
 0.051
 0.099
 1.767
 1.802
 1.112
-0.670
-0.523
 1.150
 0.703
 0.726
 1.653
-0.635
 0.022
 0.267
-0.277
-2.140
-1.404
-0.427
 0.494
-0.562
-0.794
 0.656
-0.146
-0.271
-0.275
-1.076
-0.551
-0.595
 0.426
 0.789
-0.068
 0.141
 0.420
 0.545
-0.859
-1.164
 0.257
-0.181
 0.517
 0.000
 1.005
-0.982
 0.650
 1.962
-0.645
-1.223
-1.222
-0.283
-0.276
 0.581
 0.245
 1.919
 1.172
 1.301
 1.145
 0.981
 1.241
-0.281
-0.133
 0.746
 1.366
 0.871
 1.245
 0.516
 1.928
 2.263
 0.748
 1.122
 0.422
 0.241
-0.226
 0.692
 0.224
-0.737
-0.379
 1.000
-0.095
 1.494
 1.806
 0.094
 0.306
 0.433
-0.198
 0.743
-0.388
-0.166
 1.014
-0.373
 0.288
 0.930
 0.073
 0.461
 0.083
-0.054
 0.471
-1.339
-0.753
-1.528
-0.116
 0.137
-0.861
-0.771
 0.211
 0.115
 0.412
 0.312
 0.154
-0.208
 0.794
 1.001
 0.468
 0.402
 1.275
 0.630
 1.421
 0.903
 0.432
 0.371
 1.952
 0.184
 1.251
 1.443
 1.772
 1.745
 1.137
-0.324
-0.848
 0.061
-1.690
-0.243
-0.645
 0.618
-0.046
 0.098
 1.560
 1.682
-0.513
 2.106
-0.556
 1.676
 1.012
 0.258
 0.926
-1.282
-0.235
-0.428
 0.374
-0.191
 0.368
-0.231
 0.031
-0.727
-0.643
-1.668
-0.252
 0.224
-0.377
-0.727
-1.328
-0.995
-1.864
-2.707
-1.132
 0.156
-0.898
-0.389
 0.881
 1.138
-0.300
-1.069
-0.211
 0.664
-0.429
-0.720
-0.544
-1.113
-0.690
-1.029
-1.547
-1.994
-0.883
-1.451
 0.012
 0.186
 1.086
 0.711
 0.741
 0.259
 1.231
 0.281
 1.147
-0.261
-0.696
-0.715
-0.255
-0.072
-0.589
-1.045
-1.753
-0.881
-0.904
 0.046
-0.912
-0.162
-0.863
-0.435
-0.048
-0.608
-3.198
-0.618
-0.079
-1.255
-0.968
-0.033
 0.968
 0.691
 0.902
-0.305
-1.255
 0.103
-0.392
 0.195
 0.347
-0.812
-1.334
-0.216
-0.498
-0.423
-0.404
 0.706
 0.904
-0.024
-1.245
-1.141
 0.676
-0.373
-1.283
-0.933
 1.139
-1.131
 0.038
-0.359
 0.820
 0.723
 0.735
 0.017
-1.052
 0.711
 0.457
 0.291
 0.144
 0.563
 1.128
 1.023
-1.227
 0.145
-0.218
-0.101
 0.816
 1.274
 1.401
-0.370
-1.875
-1.192
 0.919
-0.110
-0.306
 0.083
 0.992
 0.763
 0.446
 0.914
 0.040
 0.947
-0.166
-0.724
-0.468
-0.070
-2.462
-1.201
 0.016
-0.651
 0.207
-0.160
-1.012
 0.682
-0.330
-0.704
-0.092
-0.996
 0.023
-0.940
 0.990
 0.525
 0.079
 0.021
-0.991
 0.326
 0.989
 0.361
-0.329
 0.606
 0.156
-0.022
-1.008
 0.195
 1.151
 0.478
 0.350
 0.830
-0.577
 0.479
-0.027
-1.034
-1.261
 0.043
 0.395
-0.037
-0.199
 0.472
 0.434
-0.962
-1.865
-1.509
-1.633
-1.532
-1.192
-1.714
-1.351
-1.886
-0.942
-0.930
-1.325
 0.393
 0.175
 1.526
 0.259
 0.391
 0.831
 0.676
-0.663
-0.431
-1.185
 0.325
-0.344
 0.306
 1.554
-1.038
-0.762
 1.945
-0.132
 0.115
 0.171
 0.061
-0.206
-0.205
-0.324
 1.017
 0.174
 0.741
 0.549
 0.144
-0.169
 1.122
 0.190
 0.375
-0.102
 0.098
 0.333
 0.470
-2.013
-0.837
-1.568
-1.043
-1.502
-0.525
-1.642
-1.365
-0.729
 1.116
-0.560
 0.365
-0.081
-0.070
 0.027
-0.933
-1.625
-0.825
-0.929
-0.235
-0.852
-0.319
-0.447
-1.773
-1.438
 0.528
-0.666
-2.196
-1.016
 0.652
-0.615
-1.553
 0.431
 0.669
 0.709
 1.180
-0.185
-0.210
-0.519
 0.178
 0.149
-0.321
-0.375
-0.609
-1.116
-1.365
-1.064
-1.461
-0.539
 0.383
 0.832
 0.067
-0.605
 0.416
-0.725
-0.105
-0.136
-0.557
-1.543
 0.485
-1.406
-1.169
-0.481
-0.731
-0.280
-1.139
 0.909
-0.298
 0.161
-0.734
 0.085
-0.467
-0.142
-1.104
-1.834
-1.226
 0.413
-0.184
-2.230
-1.505
-0.686
-1.654
-1.802
-0.396
-1.219
-1.324
 1.844
 0.116
-0.509
-1.161
-0.715
 0.349
-0.183
-0.946
-0.322
-0.464
 0.315
-0.586
 0.602
 1.478
 0.461
 1.100
 0.440
 1.087
-0.507
 0.038
-0.015
 0.108
 0.169
 0.627
 0.686
 1.012
 0.892
 1.312
 0.028
-0.583
 1.034
 0.776
 1.731
 0.654
 1.022
-0.476
 0.283
-1.611
-0.806
 0.645
-0.064
-1.180
-0.082
-1.830
-1.553
-0.473
-2.611
-2.183
-1.009
-1.651
-1.554
-1.268
-1.957
-1.090
-1.910
-1.282
-1.201
 0.182
 0.157
-0.731
-0.530
-0.800
-0.911
 0.385
-0.859
-0.225
-1.422
-0.262
-2.755
-0.575
-1.517
 0.463
-0.102
-1.511
-0.576
-1.651
-0.072
-0.533
-0.583
-0.031
-1.974
-0.727
 0.165
 0.416
-0.782
-0.012
-0.601
-0.296
 0.411
 1.097
 0.246
-0.619
 0.335
 1.196
 1.623
-0.093
 0.582
 1.353
 0.376
-0.369
-1.385
-0.909
-2.361
-1.281
-2.367
-0.332
-1.529
-1.252
 0.194
-0.012
-0.974
-0.605
 0.544
 0.213
 0.245
 1.665
-0.643
 0.510
-0.394
 0.397
 1.130
 0.244
-0.650
-0.515
-1.006
-0.573
 0.261
 2.021
 0.488
 0.004
-0.011
-0.171
-0.310
-1.525
-1.419
-0.444
-1.046
 0.031
-0.710
-0.225
-0.015
 0.020
-0.075
-0.084
 0.802
 1.662
-0.046
-0.992
-0.580
 1.208
 1.853
-0.226
 0.166
-0.534
 0.298
 0.856
-0.207
 0.130
 0.648
 1.854
-1.126
 0.710
 0.158
 1.837
 2.320
 1.099
 1.704
-0.384
-1.574
 0.645
 0.278
-0.476
 0.773
-0.149
 1.482
 1.497
 1.632
 1.869
 1.119
 1.174
 1.830
 1.263
 1.959
 1.338
 1.872
 0.236
 0.338
 1.344
 0.606
 0.651
 1.424
-0.952
 0.822
-0.480
 1.525
 0.157
 0.729
 0.986
-0.364
-1.666
 1.056
-1.199
-0.598
 0.221
-0.113
-0.209
-0.109
-0.243
 0.854
 0.677
 0.558
 0.583
 0.802
 0.304
-0.416
-0.462
-0.786
-1.190
 0.517
-1.107
-0.204
-0.367
-0.974
 0.235
 1.339
 2.224
 1.095
 2.080
 1.267
 0.924
 1.979
 1.541
 0.691
 0.327
 1.355
-0.108
-0.414
 0.661
 0.245
 0.602
 1.903
 0.438
 0.826
 0.375
 1.156
 0.193
-0.531
 0.899
 0.187
 0.984
 0.078
 0.156
 0.912
 1.235
 0.533
-0.022
 1.277
 0.651
 1.292
 0.187
 0.016
 1.029
 1.606
 1.981
 0.351
-0.253
 1.031
 1.695
 1.113
 0.096
 0.679
-1.495
-0.013
 0.743
 1.832
 1.830
-0.536
 2.301
 0.611
 0.282
-0.028
-0.971
-0.212
-0.998
-1.170
-1.882
-0.134
-0.769
-0.853
-1.666
-1.081
-1.876
-1.511
 0.266
 1.988
-1.256
-0.704
-0.625
 0.350
 0.679
 0.486
 0.380
-1.821
-1.494
 0.313
 0.336
-0.725
 0.697
 0.184
-0.859
-0.097
 1.760
 1.060
-0.956
 0.556
-0.385
 0.432
 0.560
-0.992
 1.272
 1.863
 0.884
 1.292
-0.868
 1.183
 1.122
 0.659
 0.806
 0.548
-0.431
 0.190
 0.443
 0.558
 1.163
 0.977
 1.636
-0.835
 1.008
 0.142
 1.295
 1.196
-0.465
 0.927
 0.556
 0.595
-1.231
-0.304
 0.989
-0.649
-0.883
 0.626
 1.668
 0.340
-1.424
-2.254
-1.687
-0.462
-0.719
-0.150
-1.053
-0.805
-0.907
-0.749
 1.996
-0.817
 0.317
 1.021
 1.144
 0.471
 0.303
-0.964
 1.097
-0.061
-0.227
 1.818
 1.703
 0.312
 1.476
 1.825
 1.752
 1.846
 1.785
 0.798
 0.337
 0.716
 0.585
 0.406
 0.228
 1.324
 0.914
 0.178
 1.253
-0.407
 0.798
 0.707
 1.167
 0.459
 1.433
 0.657
 0.761
 1.151
 2.089
-1.135
 0.282
 0.777
 0.421
 0.453
 0.784
 0.035
 2.271
 1.163
-0.690
 0.703
 0.471
 0.576
-1.345
 0.783
 0.369
 0.132
 1.733
 0.153
-0.411
-0.218
-0.279
 1.376
 2.981
 1.790
 1.599
 1.972
 0.653
 0.893
-0.221
-0.188
 0.861
 0.848
 0.543
-0.501
 0.636
-0.610
 1.074
 0.178
 0.896
 1.416
 2.318
 0.468
-0.857
 0.788
 0.614
-0.391
-0.391
-0.698
 1.576
 1.842
-0.159
-0.597
 0.130
 0.300
 0.817
 0.185
 0.677
-0.672
-1.398
-0.525
 0.578
 0.691
-0.483
-0.296
-0.374
 0.157
-0.152
 1.121
-0.626
 0.155
-0.037
-0.606
-1.349
-1.608
-1.309
 1.039
 0.073
 0.438
 0.857
-0.192
-1.537
 0.182
 0.657
 1.345
 1.816
 0.467
 0.353
 0.725
 1.295
 1.476
 0.344
-0.049
-0.522
-0.367
 0.797
 0.384
 0.191
-0.479
 0.511
-0.816
 0.534
-1.092
-0.257
-0.535
-0.489
-0.706
-0.918
-0.572
-0.777
-1.583
-1.554
-0.605
-1.378
-0.278
-1.303
-3.106
 0.060
-0.749
-1.015
-1.145
 0.519
 0.876
 0.958
 0.159
-0.882
-0.769
-1.112
 0.155
 0.553
 0.130
 1.196
-0.243
 2.987
 0.872
 0.500
 0.112
 0.618
 0.798
 1.497
 1.353
-0.907
-0.491
-1.190
-0.047
 0.018
-0.162
-1.421
-1.723
-1.326
-1.278
 0.707
 0.440
 0.169
 0.135
-0.117
-0.535
 1.359
 0.630
-0.026
 0.076
-0.437
 0.840
 0.766
-0.840
-0.851
-0.304
 0.683
 0.452
 1.560
 0.716
-0.632
-1.127
 1.813
 2.295
 1.650
 1.250
 1.097
 1.147
-0.068
 1.030
 1.314
-0.279
-0.027
 1.002
 0.886
 0.337
-0.875
-1.128
 0.047
-0.117
-1.348
-0.209
-0.658
-0.779
 0.666
 0.373
 1.132
-1.493
-1.217
-0.336
-0.227
 0.012
-1.082
 0.579
-0.203
-1.229
-1.510
 0.604
 1.066
 0.202
-0.106
 0.402
 0.603
 0.715
-0.323
-0.384
-1.350
-0.738
 0.075
-1.286
-0.655
-1.212
-0.332
 1.069
-0.508
 1.103
 0.895
 0.591
-0.333
 1.146
 1.265
-0.664
-0.265
-1.953
-0.993
-1.303
-1.165
-1.055
-1.083
-0.139
-0.474
 0.156
-1.388
 0.381
-0.657
-1.002
-1.923
-1.147
-0.478
-1.661
-1.778
-1.339
-0.924
-1.095
-0.347
-0.886
-0.223
-2.245
-0.959
-1.667
-1.307
-0.348
-0.536
 0.694
-0.844
-0.553
-0.274
-0.356
-0.811
-0.567
 0.964
-0.413
-0.886
-0.551
-0.373
-2.712
-0.638
-0.073
 1.518
 1.904
 0.438
-0.730
 0.323
-0.236
 1.313
 1.481
-0.398
-1.872
-0.366
-0.612
-0.547
-0.624
-0.980
-0.192
-0.503
 0.911
 0.658
 0.934
 0.436
-0.220
-1.120
-1.701
 1.108
-0.057
-0.157
-0.257
 0.556
 1.662
 1.128
 0.362
 1.962
 0.414
-0.843
-1.248
 0.106
-0.506
-0.132
 0.397
 0.730
-0.099
 0.158
-0.458
 0.278
 1.260
 0.915
 0.275
 1.477
 1.086
 0.594
 0.060
-0.357
-0.580
-0.167
-0.873
-1.286
-0.142
 1.668
-0.019
 1.239
 0.345
-0.589
-0.797
-0.428
-0.910
 0.264
 0.171
-0.599
-0.036
-0.887
-1.368
-1.350
 0.877
-0.747
-0.460
 0.831
 1.749
 0.476
 1.093
 0.317
-0.030
 0.863
-0.675
-0.725
-0.206
 0.415
-0.948
 0.276
-0.609
-3.008
-0.944
-0.654
-2.055
-1.345
 1.215
 0.098
-0.272
-0.199
 0.412
-0.150
 0.294
-0.273
-0.654
 0.128
-0.944
 0.432
-0.802
-0.068
-0.545
-0.227
-0.397
-1.055
-1.083
-0.485
-0.658
 0.249
-0.552
 0.334
-0.380
-1.174
-1.605
-3.120
-1.518
-1.663
 0.502
 1.715
 1.117
 1.903
 0.480
 1.777
 1.169
 1.006
 1.150
 0.448
 0.322
 0.065
 0.319
 1.930
 0.607
 0.662
-0.171
 1.140
-0.802
 0.359
-0.984
-0.411
 0.651
 0.039
 0.932
 1.062
-0.012
-0.099
-0.970
 0.238
 0.930
-0.965
-0.066
-0.600
-0.561
-0.306
-0.044
 0.285
-1.330
-0.469
-0.564
 0.024
-0.122
 1.002
 0.360
-0.665
-0.061
 0.245
 0.011
 0.572
-0.111
 0.186
 1.196
 0.983
 0.224
 1.914
-0.166
 0.953
 1.666
 1.020
 1.423
 2.302
 0.624
-0.420
 0.442
-0.452
-0.103
 1.428
 2.846
 2.238
 0.627
 0.620
 0.487
 0.682
-0.410
 1.374
-0.617
 0.884
 0.212
 2.218
 0.462
-0.902
-1.188
-0.441
 1.830
 0.434
 0.820
-0.166
 1.317
 0.505
 0.297
-0.413
 0.641
-1.113
-0.544
-0.252
-0.568
 0.789
-0.128
 1.051
 0.502
-0.420
 0.268
-0.345
 1.733
-0.379
-0.219
 1.024
 0.240
-0.459
-0.240
-0.045
 0.361
 0.404
 1.102
 0.377
 0.288
 0.720
-0.378
 0.876
 0.494
-0.528
 1.040
 0.368
-1.283
 0.567
-0.425
-0.897
-0.170
 0.724
-0.075
-0.836
-0.905
-0.924
-0.188
-0.365
-0.970
 0.025
-0.125
-0.437
-0.394
 1.231
 0.158
-0.542
-1.761
 1.212
 0.877
-0.126
 1.657
-0.448
 1.064
 0.606
 0.663
 1.199
 0.502
 1.442
 0.232
 0.443
 1.051
 1.979
 0.520
 0.408
 2.099
 0.895
 1.619
 0.642
-0.400
 0.111
 2.517
 0.415
 0.799
-0.665
 0.237
 0.454
 0.759
 0.925
 1.406
 0.284
 1.865
 1.036
 0.685
 1.269
-0.321
-0.088
 2.369
 1.568
 1.466
 1.501
-0.493
-0.901
-0.448
-0.755
 1.579
 1.214
 1.118
-0.328
 0.794
-0.105
-0.851
 1.492
 1.086
 0.192
-0.766
 1.250
 0.856
 0.291
-0.453
 0.255
 0.303
-0.981
-0.135
-0.662
 0.063
-1.071
-1.016
-0.826
-1.418
-0.149
-1.270
 0.239
-0.760
-1.418
 0.374
 0.169
-0.074
-0.518
-0.526
-0.180
-1.068
 0.089
-0.123
 1.194
 0.092
 1.288
 0.237
 0.220
-0.076
 0.122
 0.053
 0.005
 1.291
-0.059
 0.820
 0.356
 0.426
-1.035
-0.134
-1.594
-1.211
 0.832
 0.428
-0.849
 0.560
 0.091
-0.564
-0.695
-0.999
 0.349
-0.191
 1.559
 0.947
 1.267
 1.429
-0.351
-1.186
 0.327
-0.896
-1.263
-0.203
-1.314
-1.762
-0.528
-0.259
 0.332
-0.286
-1.398
-2.717
-1.133
-0.159
 1.148
 0.498
-0.764
-1.257
-0.737
-1.367
-0.459
-0.360
 1.079
 0.354
-0.780
-0.630
-0.455
-1.701
 0.239
-1.014
-0.002
-0.113
-0.188
 0.235
-0.244
-0.113
-0.737
 0.427
 1.456
 1.476
 1.045
 0.124
-0.330
-0.228
-0.767
 0.399
-0.683
-0.173
-0.532
-0.360
 0.454
 0.046
 1.288
 1.975
 0.861
 0.749
-0.814
 0.834
 1.063
 1.875
 0.236
 0.450
-0.225
 0.401
 0.908
 0.769
 0.426
 1.138
-0.334
 0.346
 1.396
-0.283
-0.784
 0.497
 0.586
 0.218
-0.577
 0.950
 0.004
-0.853
 1.034
-0.256
-1.018
-0.338
 0.221
 0.084
 0.767
 0.949
-0.139
 0.161
-0.571
 0.615
 0.758
 0.773
 0.811
 0.741
 1.310
 1.116
-0.688
 1.569
 1.647
-0.314
 0.892
 0.757
 0.883
-0.705
 1.361
 1.850
 0.694
 0.999
 1.531
 0.531
 0.465
-0.361
 1.304
 0.400
 1.129
-1.206
-1.116
-0.305
-0.352
-0.175
-0.616
 0.347
 1.275
 1.768
-0.951
-0.823
 0.847
 1.414
-0.140
 0.838
-0.670
 0.942
 1.321
 1.176
 1.726
 0.867
 0.096
 0.964
 0.784
-1.461
 1.403
 1.620
 0.293
-0.726
 0.925
 0.881
-0.334
-0.448
 0.646
-0.102
 1.744
 1.217
 1.715
 0.198
-0.501
 0.279
 0.765
 1.056
 0.480
-0.236
 1.186
 0.916
 1.131
 1.665
 1.606
 0.995
 1.462
 2.227
 1.096
 0.440
 0.936
-0.237
 0.150
 0.231
 1.191
 1.395
 0.792
 0.743
 1.673
 0.501
 2.241
 1.471
 0.055
 1.648
 0.813
-0.081
-0.374
 0.168
 1.820
 0.767
 1.333
 1.116
 1.631
 1.003
-0.619
 0.532
-0.705
-0.417
-0.931
-0.226
-1.547
 0.374
 0.060
 0.664
-0.172
-0.446
-1.182
 0.444
 1.369
 1.114
 1.354
 0.040
 0.652
 0.129
 0.744
 0.299
 1.081
 0.214
-0.238
 0.209
 0.356
-0.281
-0.734
-1.171
 0.431
 0.218
 0.017
 0.581
-0.584
-0.879
-0.929
 0.594
-0.126
 0.619
 0.752
 1.590
 1.194
 0.066
 0.824
-0.681
 1.285
 0.997
 1.788
 2.328
 0.097
-0.066
 0.327
-0.571
-0.975
-0.291
 0.575
-0.312
-0.925
-0.401
 2.084
 2.236
-1.489
 0.024
-1.029
 1.062
 1.406
 2.683
 1.833
 1.616
 0.281
 0.693
 0.488
 1.543
-0.417
 0.761
-0.238
 1.429
-0.926
 0.434
 1.350
 0.426
-1.146
 0.185
 0.811
 1.220
-0.103
-0.394
 0.022
 0.124
-0.580
 0.350
 0.669
-0.635
-0.092
 0.681
 0.669
 0.411
 1.252
-0.378
-0.717
 0.023
 0.426
-0.571
 0.234
 1.097
 0.435
-0.528
 0.718
-1.287
-1.775
-0.638
-1.309
-1.510
-0.029
 0.750
-0.869
-1.351
 0.363
 1.137
 0.779
-0.051
-0.557
-0.621
-0.446
 0.451
 0.498
-0.063
-0.563
 0.413
-0.616
-1.516
-0.475
 0.860
-0.218
-1.950
-0.482
-1.127
 0.216
-0.361
 0.456
-0.976
 1.967
 0.259
 1.065
 1.509
-0.337
 0.861
 1.618
 1.329
 0.208
 0.530
 2.459
 0.168
 1.217
 0.544
-0.307
-0.893
-0.729
-0.024
 1.422
 0.308
-0.363
-0.198
-0.806
 0.366
 0.333
 0.430
 0.742
 0.094
 2.125
-1.921
-0.054
-0.421
-0.321
 0.532
-2.242
-1.553
 0.340
 0.201
 0.121
 0.055
 0.416
 0.895
 0.296
 0.869
-0.537
-0.424
 0.382
 0.066
-0.328
-0.024
-0.475
 0.481
-0.588
 0.377
-0.146
-0.738
-0.623
-0.136
-2.092
-0.343
-0.901
 0.167
 2.013
 1.075
 1.226
 0.664
-0.095
-0.330
 1.068
 0.154
-0.514
 1.814
 1.702
-0.184
 1.010
 1.595
 1.920
-0.267
 1.009
 0.001
-1.068
 0.176
-0.291
-0.248
-1.262
-0.137
 1.468
 0.229
-1.619
-1.512
-1.778
-1.787
 0.493
-0.387
 0.328
 0.534
-1.387
-0.158
-1.298
 0.055
-0.285
-0.373
 1.592
-0.264
-0.101
 0.010
 0.260
 1.075
 0.617
 0.209
 0.541
 1.216
-0.637
-0.257
-0.967
 0.569
 0.748
 0.002
-0.015
 0.590
 0.032
-0.472
 1.223
 0.679
 0.577
-1.290
 0.118
 1.692
-0.245
 1.900
 1.212
 0.863
 0.248
 0.642
 0.966
 0.405
-0.064
 1.019
 0.609
-0.299
 1.481
 0.899
-0.231
-0.292
 0.207
 0.505
 0.123
-0.949
-0.827
 0.844
-1.263
-1.698
-0.834
-1.830
 0.235
 1.356
-0.235
-0.166
 1.179
 0.333
 0.097
 0.957
 1.711
 2.306
 1.849
 1.682
 0.999
-0.779
 0.262
 0.407
 0.649
-0.128
 1.006
 0.457
-0.052
-0.392
 0.110
-0.335
 0.920
 2.772
 1.919
 2.379
 1.368
 1.294
 1.411
 0.615
 0.132
 0.262
 0.559
 0.774
 0.961
-0.856
 1.413
 2.441
 0.576
 0.787
 1.460
 0.173
-0.729
-0.149
 0.879
 0.931
 1.708
-0.529
 0.143
 0.943
 0.495
 2.181
 1.267
 2.367
 2.417
 1.788
 0.553
-0.392
-0.101
 0.618
 0.269
-0.428
 1.217
 1.094
 1.020
 1.544
 3.030
 2.159
 1.233
 0.651
-0.036
 0.875
 0.577
 1.450
-1.299
-0.806
-0.210
-0.570
 0.414
 0.059
 0.989
 0.305
 0.741
 0.883
 0.123
 0.626
 1.435
 0.539
-0.244
-0.700
 2.223
 2.064
 1.747
 0.296
-0.243
 1.046
-0.562
-1.047
-0.523
 1.789
-1.445
 0.609
 0.285
-0.058
-0.449
-0.456
 0.558
 0.148
-0.479
 1.052
-0.194
-0.527
-0.837
-0.860
 1.895
 0.551
 0.417
-0.309
-0.466
-1.022
-0.071
 0.965
 0.515
 0.580
-0.299
-0.035
-0.760
-1.242
 0.303
-0.606
-0.665
 0.514
 0.928
 1.415
-0.779
 0.050
 1.267
 0.738
 1.149
 1.900
 0.457
 0.451
 1.572
 1.590
 1.497
-0.190
 0.528
 0.465
 0.324
 1.332
 0.358
 0.444
 0.193
 1.340
 1.741
 0.766
 1.916
 2.568
 1.821
 1.198
-0.178
 1.696
 1.253
-1.351
 0.447
 0.204
-0.509
 1.059
 1.233
-1.235
-0.061
 0.764
-0.372
 0.548
-0.836
-0.294
-1.224
 0.354
 1.565
 0.850
-0.244
-0.695
 0.505
-0.349
 1.025
 1.315
 1.023
 0.599
 0.419
 1.054
 2.503
 0.850
 0.582
 0.535
-0.202
 0.882
 1.535
 0.942
 0.513
-0.115
 1.409
 1.216
-0.738
 0.507
-0.777
-1.630
 0.462
 0.219
 1.016
-0.611
-0.864
 0.483
 2.243
 1.220
 2.418
-0.027
 0.366
 0.408
 1.296
-1.467
 0.978
 1.549
-1.455
-0.269
-0.683
 0.539
 0.639
 1.067
 1.429
-1.262
 0.502
 0.210
 0.447
 0.975
 0.546
 1.745
 0.798
-0.294
 0.799
 1.223
-1.172
 1.373
 0.173
 0.074
-0.876
-1.818
-1.140
-0.643
-0.432
 1.490
 0.075
 0.501
 1.747
 2.235
-1.002
-0.339
 1.487
 0.860
-0.312
 2.584
 1.793
 1.942
 1.370
 2.096
 0.661
 1.861
 1.857
 2.030
 1.228
 1.024
 0.314
 0.985
 2.344
 1.548
 2.719
 0.003
 1.709
 0.973
 1.778
 0.107
 1.746
 1.511
 0.547
-0.816
 0.188
 0.685
 0.410
-0.040
 1.695
 0.796
 0.736
-0.495
-2.288
 0.292
 1.135
 0.636
 0.698
 0.060
 1.217
 1.934
-0.619
-0.856
-1.319
-1.620
 0.083
-0.321
 1.313
 0.604
 1.817
 0.587
 0.172
-0.346
 0.149
 0.625
-0.086
-1.432
-0.951
-0.247
-1.505
-0.168
-0.634
 1.220
 0.766
-0.082
 0.291
-0.560
 0.450
 0.370
 0.435
 0.208
-1.141
-0.260
 0.145
-0.692
-0.338
 0.298
 1.672
 0.148
-0.410
-1.083
-0.053
-0.003
-0.807
-0.704
-1.196
 0.609
 0.681
 1.736
 1.899
 0.032
 0.200
 2.523
 0.202
 0.567
 1.155
 0.245
-1.016
-0.107
-1.006
-2.109
 0.587
-0.062
 1.796
 0.013
-1.075
 0.112
 0.087
 0.435
 0.438
 0.255
 0.747
 0.607
-1.051
 0.254
 0.116
-0.698
-1.287
 0.202
 2.038
 1.536
 0.582
 1.821
 0.406
-0.009
 0.463
 1.574
 0.397
 1.315
 1.759
 0.345
 0.053
 0.715
 1.326
 0.757
 1.378
 1.020
 0.633
 0.210
 1.390
 2.827
 1.369
 0.393
-0.311
 0.574
 0.276
-0.589
 0.434
 0.753
 1.680
 0.182
 0.909
 1.009
 1.993
-0.339
-1.093
-0.735
 1.422
 1.072
-0.674
 0.739
 0.761
 1.377
 1.046
 1.431
 1.055
 1.587
 0.854
 0.795
-1.047
-0.884
 0.232
 0.086
 1.458
 1.813
 1.372
 1.183
 1.082
 0.114
 0.243
-0.774
 0.297
-0.478
-1.213
-0.116
 0.121
-0.447
 0.779
 0.488
 0.285
-0.618
-0.914
-0.722
 0.294
-0.226
-0.497
 0.558
 0.938
 0.381
 0.333
-0.068
 0.875
-0.121
-2.326
 0.404
-0.255
 0.191
 1.086
 0.638
 0.474
-0.230
 0.170
 0.203
 1.068
 0.681
 0.876
-0.291
-1.175
-1.253
-2.337
-1.462
-0.790
-0.430
-1.092
-1.205
-0.545
 0.835
 0.894
 0.005
-0.633
-0.769
-0.671
 0.535
-0.601
 0.265
 0.372
 0.752
 1.223
 0.034
 0.711
-0.473
-0.459
-0.080
-0.599
 0.520
 0.387
 0.580
 0.106
 1.400
 1.778
-0.671
 0.174
 1.118
 0.592
 0.973
 0.307
 1.387
 1.545
-0.082
-0.377
 1.037
 0.302
 0.153
 0.093
-1.022
-0.275
 0.091
-0.911
-0.512
-0.455
-0.901
 0.280
 0.069
-0.052
-1.048
 1.072
 1.124
 0.561
 0.952
 2.257
 1.840
 1.294
 0.696
 0.868
 0.468
 0.259
 1.405
-0.075
-0.960
-0.109
-0.581
 1.542
 0.493
-0.197
-1.783
 0.668
-0.792
 0.519
 1.384
 1.134
-0.565
 2.284
 1.186
-0.867
-0.795
-0.966
-0.134
 0.919
 1.634
 0.556
 0.749
 0.540
 1.035
 1.245
 0.890
 1.657
 1.820
 0.229
 1.992
 0.353
 1.316
-0.263
 0.156
 1.443
-0.677
 0.879
 0.783
-0.516
 0.227
-0.755
 0.163
-0.318
 0.583
-0.004
-1.408
-0.819
-0.596
 0.183
 1.009
 0.301
 0.624
-1.011
-0.973
 0.603
-0.673
 1.378
 0.762
 0.014
-1.165
-0.095
-1.060
-0.253
 0.781
-1.069
-2.121
-1.584
 0.186
 0.887
-0.205
-0.548
-0.638
-0.973
-1.651
-0.755
-0.440
-1.563
 0.036
-0.149
 0.782
 0.235
 0.083
 1.266
-0.015
-0.298
-0.539
 1.657
 0.101
-1.410
 0.114
-0.057
 0.454
-0.814
 0.090
-0.321
 0.116
 0.773
-0.227
-1.168
-0.110
-0.472
 0.494
-0.591
-1.385
 0.416
-1.786
-0.675
-1.810
-0.653
-1.095
-2.045
-0.920
-1.371
-0.408
-0.168
-1.453
-1.557
-0.335
 0.066
 0.532
 1.305
 0.043
-0.034
-0.442
 0.068
-0.196
-0.020
 2.457
 1.143
-0.052
-0.008
 1.116
 0.785
 0.360
 1.486
 0.606
-2.152
-0.472
 0.856
-0.217
-0.310
-1.304
-1.376
 0.698
-0.396
-0.646
-0.089
-0.840
 0.247
 0.152
-0.708
-2.185
 0.638
 0.774
 1.239
 0.825
-0.116
-0.686
 0.056
 1.389
 0.464
-0.719
-0.309
-1.422
 0.588
 1.040
-0.407
 0.312
 1.546
 0.764
 1.514
 1.660
 1.275
 1.463
 0.815
-0.003
 2.796
 0.123
 0.733
 0.680
 1.231
 1.796
-0.634
-0.255
-0.468
 1.332
-0.056
 1.215
 1.589
-0.182
-0.358
-0.774
 0.619
-0.683
-0.770
-0.425
-0.675
-0.370
-0.126
-0.179
-0.783
 0.531
-0.619
-1.418
-0.923
-0.711
-0.324
 0.129
-0.460
 0.207
 0.704
 0.862
 0.265
 0.588
 1.382
 2.185
 2.387
 1.909
 0.758
 0.855
-0.302
-0.328
 0.181
 1.885
 0.420
 1.121
 0.954
-0.508
-0.257
 0.163
 1.356
 0.396
 0.320
 1.397
 0.656
 0.398
 1.187
 1.547
 0.680
 1.839
 0.837
 0.244
 0.558
 0.368
-1.088
-0.026
-0.979
-0.375
 0.848
 1.617
 1.009
 0.836
 0.750
-0.480
-0.477
-0.078
 1.095
 1.296
 0.839
 0.306
 2.081
 0.716
 1.335
 1.494
 0.530
-0.684
-0.990
 0.079
 2.021
 0.341
 0.333
-0.180
 0.582
 0.216
-0.677
 0.184
-0.164
 0.248
 0.272
 0.539
 0.487
 0.231
-1.115
 0.942
 0.541
 1.275
 0.210
-0.544
 0.048
 0.096
 0.616
 0.166
 0.231
 0.238
 0.584
 0.455
 0.378
 0.373
 0.902
 1.521
 0.288
 0.871
 1.799
 0.603
-1.539
-1.618
 0.115
 1.483
-0.350
-0.461
-0.925
-0.210
-1.505
-0.342
-0.280
-0.188
-0.978
-0.436
 0.826
 0.357
-0.599
 0.075
-0.702
 1.260
 1.038
 0.654
 0.626
 0.622
 1.489
 0.704
-0.170
-0.174
 0.576
 0.697
 0.665
 1.068
 3.581
 0.361
 0.993
 1.455
 1.096
 2.279
 2.017
 1.973
 0.946
 1.535
 1.543
 2.901
 2.738
 1.889
 0.996
 0.878
 0.171
-1.023
 0.916
 0.807
-0.084
 0.239
 0.843
 0.393
 0.795
 0.176
-0.584
-1.230
-0.628
-0.054
 0.267
 0.530
-0.147
 0.367
-0.810
 0.706
-0.739
 0.547
 1.174
 1.468
 1.290
 1.670
 1.680
 2.480
 0.083
-0.594
 0.584
-0.159
 0.094
 1.979
 1.627
 0.517
 0.884
 1.948
 2.344
 1.413
 1.174
 1.469
-0.462
 0.786
 1.261
 0.397
 1.399
 1.265
 0.705
 2.734
 1.688
 0.751
-0.795
 1.171
 0.476
-0.268
 1.120
 1.146
 0.432
 0.597
 1.551
 0.311
 0.302
 1.015
 0.031
 3.022
 0.324
 0.651
 1.011
 1.091
 1.002
 1.135
 0.128
 0.920
 1.273
 1.112
 0.931
 1.443
 0.249
-0.651
 1.183
 0.909
 1.441
 1.156
 1.679
 0.554
 2.104
 3.236
 2.406
 1.569
 1.014
 1.155
 1.784
 1.080
 0.097
 0.667
 0.603
 0.645
 0.717
-0.218
 1.747
 0.591
-0.571
 0.023
 3.159
 2.172
 1.963
 0.874
 0.361
 0.467
 1.037
 1.632
 2.013
 1.201
 1.453
 0.950
 1.135
-0.806
-0.422
 0.159
 0.670
-0.361
 0.143
 0.313
 1.683
 0.358
 0.492
 0.394
-0.458
 0.246
 0.321
 1.048
 0.373
 0.805
 1.157
 1.423
 1.119
 2.698
 1.655
-0.480
 0.125
 0.590
-0.240
 1.821
 1.372
 2.410
 0.778
 1.453
 0.075
 1.168
 0.690
-0.080
 0.653
 0.338
 1.534
 1.055
 1.241
 2.312
 2.815
 2.691
 1.469
 0.624
 0.501
 1.179
 0.509
 0.341
 1.134
 0.057
 1.324
 1.739
 0.564
 0.078
 0.522
 0.387
 0.866
 0.717
-0.520
-0.601
 1.001
 0.670
-0.424
-0.097
-0.339
-1.086
-0.698
 0.860
 0.842
-0.825
-0.594
-0.383
-0.803
 0.671
 0.260
-0.500
 1.185
 0.490
-1.277
-0.386
 0.646
-0.648
-1.181
 2.082
-0.275
 1.389
 0.895
 0.864
 0.163
 0.077
 0.621
-0.808
 1.117
 0.739
 1.039
 0.441
-0.271
-1.499
-1.112
-2.518
-1.507
-2.248
-2.021
-1.600
-2.294
-0.136
-1.781
-0.993
 0.318
-0.244
-0.838
 0.406
 0.331
 0.939
-0.727
 0.321
 0.244
-0.313
 0.589
-0.543
-0.621
 0.318
-0.922
-0.667
-0.744
-1.162
-0.957
-1.181
-0.844
 0.147
 0.812
 0.187
-0.117
-0.602
 0.638
-0.461
-0.128
 0.197
-0.153
 0.368
-0.979
-0.272
-0.200
-0.179
-0.064
-0.314
 0.783
-1.088
 0.302
 0.414
-0.378
-0.726
 0.474
-0.671
-0.830
-0.334
 0.957
 1.298
 0.269
 1.103
-0.813
-0.209
-0.525
-1.269
-0.771
-0.946
 0.090
 0.839
 0.048
-0.123
-1.020
 0.624
-0.180
-0.304
-0.480
-0.838
-0.697
-0.272
 0.198
-0.059
-0.684
 0.205
-0.076
-0.189
 0.934
-0.480
-0.175
 0.474
 0.399
-0.390
 0.075
-0.066
 0.322
 0.666
-0.085
-0.001
-0.642
-1.112
-0.450
 0.658
-0.544
-0.986
-1.202
-0.830
-0.432
-0.299
-1.120
-1.385
-0.136
-0.733
-1.013
 0.357
-0.059
 0.490
 0.067
-0.305
-0.439
-0.657
-0.048
-1.999
-0.871
-0.534
 0.312
 0.447
-0.263
 2.418
 0.615
-0.314
-0.944
 0.114
 1.897
-0.767
-0.534
-1.185
-0.306
-0.853
-0.112
-0.490
-0.571
 1.063
-0.023
-0.404
-1.071
-1.570
-1.806
-0.352
-0.456
-1.456
 0.242
 0.514
 0.074
 0.087
-0.270
-0.681
 0.216
-0.490
 1.323
 0.945
-0.054
 0.532
 0.437
 0.731
-0.311
 0.303
 0.950
-0.070
 0.031
 0.857
 0.989
 0.404
 2.388
 0.470
-0.090
 0.725
 0.536
 1.041
 0.259
 2.670
 1.014
-0.373
 0.201
 0.064
-1.446
 0.855
 1.896
 0.906
 1.268
 1.593
 0.314
-0.914
 1.336
 0.263
 0.925
 1.924
 1.496
 1.873
 1.306
 1.109
 1.988
 3.041
 2.469
 3.011
 1.958
 0.176
 3.030
 1.099
 1.047
 1.080
 0.779
 1.566
 0.911
 1.793
-0.360
-0.844
 0.591
 0.180
 0.102
-0.063
-1.486
-1.682
-0.490
-1.547
 0.268
 0.511
 1.623
 0.465
 0.206
 0.868
-0.054
 1.361
 0.198
 0.621
 1.377
 0.504
 2.507
 0.174
 1.535
 0.994
 1.660
 1.518
 1.296
 1.102
-0.059
 0.792
 0.891
 1.224
 0.344
 0.069
-0.138
 0.104
-0.447
 0.155
 0.579
 1.686
 0.225
-0.499
 1.018
-0.372
 0.883
-0.471
-1.024
 0.951
 1.351
 2.588
 1.019
 1.269
 1.171
-0.048
-0.445
-1.198
-0.082
 0.751
-0.268
 0.927
-0.567
-0.087
 0.348
 0.022
-0.496
-0.318
-1.611
-1.174
-1.653
 0.274
-0.011
 1.413
 0.400
 1.683
 0.964
-0.723
-0.094
 0.581
-1.110
 0.542
 1.782
 0.625
-0.053
 0.322
 0.217
 0.452
 0.240
-1.089
-0.866
-0.064
-0.796
-0.812
-1.348
 0.123
 0.107
 0.767
 2.584
 1.220
 0.550
 1.259
 0.129
 1.160
-0.383
-0.944
 0.164
-0.427
 0.344
 1.320
 0.207
-0.085
 0.096
 1.456
 0.398
-0.255
 0.481
 0.742
 0.285
-0.533
 0.303
 0.530
 0.842
 1.417
 0.754
-0.965
 0.367
 1.355
 0.098
 0.126
-0.740
 1.176
-0.014
-0.064
 0.693
-0.310
 0.283
 1.228
 0.826
 2.393
 0.105
 0.303
 0.453
-0.501
 0.902
 0.340
 0.846
 0.233
 0.675
 0.530
-0.220
 0.309
 1.557
 1.771
 0.100
 1.676
 1.623
-0.180
 0.024
-1.131
 0.865
 0.886
 0.955
 0.086
 0.401
 2.047
-0.800
-1.158
-1.710
 0.596
-0.105
 0.103
 1.097
 0.627
 0.105
 0.973
-1.716
-1.036
 0.594
-1.265
 0.345
 0.860
 0.021
-1.383
-0.738
-1.625
 1.445
-2.200
 0.481
-1.189
 0.826
-0.753
-0.997
-1.670
-1.410
 0.168
-0.593
-0.314
 1.125
 0.489
-0.164
-0.102
-0.098
-1.641
-1.219
 0.308
 0.304
-1.610
-1.341
-1.339
 0.009
-0.100
 0.345
 0.092
 0.210
-1.116
-0.651
 0.158
 0.180
 1.145
-0.629
 0.949
 0.171
-0.390
-0.138
 0.230
-1.449
-1.630
-1.822
-1.717
-0.135
 0.241
 0.331
 0.417
-0.494
-0.001
-1.097
-1.388
-0.889
-1.622
-1.834
-2.622
-1.415
-1.837
-2.368
-0.338
 0.124
 1.162
 0.988
-0.143
-0.925
-0.277
-1.577
-2.571
-1.5