.184
 1.182
 0.438
 0.845
 1.039
 0.697
-0.668
 1.493
 1.624
 3.144
 1.880
 0.353
 0.847
 0.861
 0.847
 0.809
 0.680
 0.375
 1.715
 1.616
 0.283
-0.021
-0.727
-0.962
-2.129
-0.825
-0.128
 0.799
 0.469
 0.577
 1.400
 1.046
 1.065
 0.381
 1.235
-1.446
 0.121
 0.399
-0.678
-0.990
-0.121
-0.196
 1.814
 0.730
-0.746
 0.722
 0.666
-0.231
 0.950
-0.345
 0.163
 0.186
-1.604
 0.929
-1.063
-1.053
-0.220
 0.587
-0.931
-0.734
 1.174
 0.367
-1.041
 0.773
 0.852
-0.798
-0.963
-0.250
-1.305
-0.989
-0.929
-1.877
-2.060
-0.312
-0.379
 0.424
-0.083
-0.553
-1.040
-0.067
 0.094
-1.086
-1.474
-0.790
-0.301
-0.346
-0.191
-0.939
-0.104
-0.548
 0.404
 0.803
 1.672
 0.364
 0.638
 1.117
 0.214
 0.693
 1.266
-0.323
-0.070
 0.407
-0.572
-0.632
-0.688
 0.321
 0.661
-0.575
 0.120
-0.730
-0.098
-1.169
 0.442
 1.323
 0.887
-0.449
-1.006
 0.563
-0.994
 0.885
 1.726
 0.524
 0.653
 3.254
 1.169
 1.006
 0.197
 0.644
 1.768
-0.124
 0.155
-0.490
 0.386
-0.156
 0.481
 1.876
-0.129
-0.169
-0.122
-0.319
-1.662
-0.482
 0.765
-0.887
 0.520
 0.146
 0.180
 1.440
 1.989
 0.455
 0.820
 0.577
 0.081
 0.626
 1.338
 0.716
 1.618
 3.408
 2.433
 1.583
 0.661
 1.268
 1.020
 1.166
 0.219
 1.104
 2.291
 2.833
 2.553
 1.708
 0.471
 0.477
 1.415
 0.052
-1.177
 1.132
 0.939
 1.205
 1.093
 2.003
 0.686
 0.975
 0.316
 0.977
 0.095
 0.179
 0.266
 1.086
 1.935
 2.034
 1.514
 1.589
 0.315
 0.473
-0.149
 1.483
 0.607
 0.695
 0.875
 1.646
 1.554
 0.008
-0.803
-0.625
 1.083
-0.062
 0.395
-0.090
-0.351
-1.385
 0.307
 1.071
 0.427
 0.312
 1.419
 0.571
-0.452
 0.408
-0.365
-1.175
 0.094
 0.292
 0.599
 1.236
-0.152
 1.295
 0.650
-0.761
 0.607
 0.338
 1.137
 1.655
 1.424
 1.524
 1.681
 0.856
 1.434
 1.097
-0.527
 1.276
 0.937
 0.907
-0.698
-0.287
 0.228
 0.963
 2.731
 2.522
 1.937
 2.414
-0.066
 1.148
 0.486
 0.383
 0.737
 0.710
-1.930
 0.226
 1.748
 0.055
 1.270
 0.474
-1.212
-0.446
 0.043
-1.030
-0.074
 0.712
 2.020
 1.313
-1.059
-0.233
 0.264
 0.950
-0.241
 1.601
-0.337
-0.768
 1.229
-0.040
 1.413
-0.751
-1.734
-1.108
-0.595
 0.484
 1.731
 0.672
 0.783
 0.079
 0.764
 1.324
 0.511
 1.204
 0.372
 0.450
-0.486
-0.525
 0.143
 1.178
 1.038
-0.104
-1.291
-0.077
 0.682
 0.449
 1.674
 1.995
 2.556
 0.419
 1.992
 1.683
 0.199
 0.144
-0.200
 1.076
 0.646
 0.438
 1.757
 1.127
 1.195
-0.170
 0.065
-0.499
 0.207
-1.462
 0.470
 1.483
 1.367
 0.397
 0.005
 0.249
 0.299
-0.310
-1.064
 0.392
-0.593
 0.309
 0.175
 0.187
 0.209
 0.902
 0.557
 0.161
 0.194
 0.775
 0.586
 1.164
 0.298
 1.263
 1.564
-0.279
 1.337
 0.850
 0.362
 0.120
 0.469
 0.702
 0.165
 0.024
-0.351
 0.875
-0.016
 1.906
-0.073
 1.503
-0.293
 0.613
 1.522
 0.812
 0.294
-0.742
-0.513
-0.754
-0.277
 1.100
 0.148
-0.576
-1.886
-0.480
-1.294
 0.845
 1.988
 0.831
 2.040
 0.591
 1.357
 0.148
 0.205
 1.754
 1.650
 2.755
 3.459
 2.229
 2.411
 1.547
 1.122
 0.650
-0.203
 0.801
 1.470
-0.428
 0.845
 0.883
-0.684
 0.628
-0.076
-0.896
-1.631
-0.398
-0.363
 0.296
-0.221
-0.965
-0.404
 0.996
 1.096
 0.941
 0.101
 0.462
 2.361
 0.411
 0.265
 0.483
 0.060
 0.822
 0.379
 0.207
-0.182
-0.514
-1.285
 0.379
 0.084
-0.004
-0.350
-1.923
 0.416
-0.362
-0.296
 0.878
-0.017
-0.052
 0.356
 1.322
 1.246
 0.262
 2.205
 1.449
 0.465
-0.892
 0.131
-0.500
 2.148
 2.116
 1.080
 0.813
 0.429
 0.041
 0.078
-0.901
-0.142
 0.024
 2.616
 1.971
 1.477
 0.393
-0.840
-0.892
 0.173
 0.608
-0.190
 1.021
 0.499
-0.496
-0.393
-0.379
 0.463
 0.201
 0.567
 1.291
-0.262
-0.505
 0.424
 0.072
-0.576
-0.513
-0.179
 1.175
 0.791
 1.713
 1.962
 0.911
 2.520
 0.757
 0.568
 0.327
 0.118
-1.093
-0.684
-0.497
-0.422
-0.134
 1.415
 1.271
 0.894
 0.744
 1.368
 1.117
 1.045
-0.584
 0.867
 0.934
-0.812
 0.493
 1.373
-0.238
-0.474
-0.388
 0.921
 2.610
 0.543
 0.939
 1.120
 0.124
 0.251
 1.144
 0.385
-0.650
 0.524
 1.335
-2.063
-1.553
 1.339
 0.369
 0.455
-1.004
-0.620
-0.676
 1.161
-0.387
 0.020
 0.661
-0.755
-0.486
 0.002
 1.549
-0.031
-0.051
-0.052
-0.218
 0.946
 0.229
 2.026
 0.977
 1.565
 2.362
-0.053
 1.583
 0.696
 1.738
-0.192
 0.383
 1.947
 1.573
 1.860
 1.083
 1.724
 1.051
 0.957
 0.422
-0.360
 0.738
 1.788
 1.048
-0.317
 0.915
 0.481
 0.886
 1.996
 1.579
 1.414
 1.949
 1.362
 0.984
 0.314
 1.442
 1.929
 1.035
-0.989
 0.949
-1.008
 0.055
 0.967
 0.816
-0.117
-0.435
 0.243
-0.179
 0.933
 1.919
-0.883
-0.391
 0.709
 0.169
-1.302
 0.512
-1.318
-0.939
-0.047
-0.372
-0.853
-0.705
-0.296
-0.089
 0.370
-0.686
-0.872
 0.543
-0.024
-1.746
-0.534
 0.831
 0.193
 0.252
-0.355
-0.247
-1.356
 0.122
-0.476
-1.462
 0.803
 0.424
 1.677
 1.515
 1.388
 0.862
-0.420
 0.802
-0.599
 0.477
-0.609
-1.440
 0.144
-0.637
 1.497
 0.794
 0.585
 0.314
 1.153
 1.577
-0.256
-0.677
-0.904
 0.059
-0.380
 0.672
 0.437
 0.203
 1.884
 0.583
-0.760
-0.125
 0.331
 0.062
 0.949
 1.625
 1.738
 0.875
-0.364
-0.315
 0.625
 1.143
 0.092
-0.916
-0.745
 0.116
-0.241
-1.054
-1.139
-1.721
-0.628
-0.592
-1.081
 0.467
-1.065
-0.688
-0.774
-2.239
-0.774
 0.374
-1.331
-0.377
-1.951
-0.059
 0.072
 0.285
-0.319
 0.278
 0.204
-1.034
-0.706
 0.160
-0.460
-1.271
 0.413
 0.610
 0.542
 1.002
 0.164
 0.168
 1.465
 1.348
 0.257
 0.664
 0.407
 1.535
 0.377
 1.106
 1.866
 0.790
 1.115
 1.527
 0.941
 2.632
 3.626
 1.873
 0.785
-0.838
-0.065
 0.191
 2.002
 0.429
 1.166
 1.065
-0.430
 0.132
-1.087
-0.685
 1.033
-0.192
 0.920
 0.765
-0.238
 0.474
 0.289
-0.785
 0.495
 2.414
 1.689
 1.100
 0.763
-0.962
-1.018
-0.574
-0.173
 0.282
-0.038
 0.168
-0.077
 1.071
 1.072
 1.105
 0.326
 0.420
 0.831
-0.605
 0.037
-0.130
-0.659
-0.347
-0.568
-0.817
-0.734
-0.111
-0.883
-0.421
 0.639
-0.660
 0.188
-1.655
 0.703
-0.913
 0.479
-0.343
-0.001
 0.071
 1.246
-0.523
-0.395
-0.603
-0.024
 0.628
-1.005
-1.062
-1.204
-0.133
-0.468
-0.921
-2.405
-0.647
-1.020
-0.450
-0.281
-0.478
-1.480
-2.325
-1.108
-0.541
-0.487
-1.532
-1.637
-1.591
-0.190
-2.206
-0.283
-0.988
-1.633
-0.594
-0.386
-0.599
-0.534
 0.146
-0.904
-0.712
-1.648
-2.027
-2.238
 0.013
 0.167
 0.125
-0.345
-0.407
-1.110
-0.387
-0.723
-1.079
-0.222
-1.743
-0.774
-1.130
-2.616
-0.679
-0.542
-1.420
-0.890
-2.576
-1.583
-1.344
 0.437
 0.771
-0.372
 0.605
-0.372
 1.380
-0.162
 0.471
 0.359
 0.983
 0.908
 0.901
 0.520
 1.493
 0.750
 0.197
 1.011
 0.654
 0.826
-0.733
-0.204
-0.628
-0.324
-0.488
 0.822
-0.855
 0.587
 0.136
-0.492
-1.344
-0.204
-1.282
-0.756
-0.418
-0.294
 0.650
 1.308
 0.377
-0.532
-0.404
-0.491
 0.312
 0.752
-1.111
-0.651
-0.381
-0.657
-1.394
-1.021
-1.751
-0.921
-1.118
-1.766
-0.550
-0.352
-0.393
-2.224
 0.241
-1.040
 0.055
 0.443
-0.752
 0.236
-0.615
 1.511
-0.359
 0.939
 0.952
 2.055
 0.119
 1.231
 0.048
 1.183
 0.064
 1.134
-0.578
 2.385
 0.346
 1.838
 1.030
-0.388
 0.540
-0.398
 0.212
 1.120
-0.504
 0.834
-0.724
-0.669
 0.431
-0.298
-0.698
-1.302
-2.295
-0.539
 0.339
-1.841
-0.649
 1.294
 2.197
 1.148
-0.140
 0.239
 2.212
 1.381
-0.153
 2.024
 0.323
 0.000
-0.177
-0.360
-0.130
-1.092
-1.609
-0.825
-0.798
 0.472
 0.327
 1.239
-0.036
-1.044
 1.012
 0.734
 0.937
 0.667
 0.366
 1.017
 0.687
-0.046
-0.216
 1.244
-0.221
 0.215
 1.237
-0.158
 0.761
 2.333
-0.396
-0.133
 0.233
-1.069
 0.123
 0.057
-0.465
-0.093
-0.439
 0.458
 1.611
 1.451
-0.010
 0.886
 1.256
-0.741
 1.946
 1.714
 0.608
-0.416
-0.239
-1.871
 0.897
 1.859
-0.284
 1.285
 2.143
 0.278
-0.902
 0.182
 0.949
 0.025
 1.468
 1.127
 0.709
 0.419
 0.374
 2.054
 1.205
 1.214
 2.005
 1.696
-0.021
 1.028
 0.735
 0.211
 0.120
-1.086
-0.049
 0.822
-0.836
 0.586
 0.378
-1.029
-0.483
-0.785
-1.832
-0.180
 0.186
 0.653
-0.633
-0.706
-0.287
-0.674
 1.056
 0.943
 0.881
-0.882
 0.491
-1.479
 0.472
-0.685
-0.444
 0.364
-0.582
-0.326
-0.995
-0.970
-0.244
 0.343
-0.051
-0.938
 0.342
-0.441
 0.115
 0.255
-0.369
-0.643
 1.399
 2.331
 1.369
 0.961
 1.170
 0.786
-0.566
 0.714
 1.504
-0.384
 1.544
 0.898
 0.772
-0.532
 0.622
-0.444
-0.924
-0.587
 1.350
-0.122
-0.785
 0.394
 0.047
 0.406
-0.686
-1.258
-1.920
 0.010
 0.632
 0.263
 0.025
 1.571
 0.215
 1.645
 1.448
 1.453
 0.200
-0.489
 0.748
 0.614
 1.097
 2.191
 2.362
-0.045
 0.608
 1.028
 0.168
-0.568
 0.838
 0.808
 1.744
-0.858
-0.554
-0.149
-1.359
-0.312
 0.247
-1.454
-0.741
-0.669
-0.596
-0.633
-0.248
 0.400
 0.367
 1.131
 0.452
-0.635
-0.266
-0.830
 0.244
 0.483
-1.405
-1.524
-1.040
-1.082
-1.789
-1.372
-0.732
-0.330
-0.522
-1.357
-1.879
-1.991
-0.492
 1.545
-0.943
-1.043
-0.656
-1.967
-1.780
 0.128
 0.495
 1.387
 0.265
-0.318
 0.453
 0.169
 0.824
-0.213
 0.184
-2.006
-1.113
-0.560
-0.415
-1.142
-1.947
-0.711
-1.445
-1.619
 0.227
 0.110
-0.984
-0.828
-1.563
 0.257
-1.104
-1.378
-1.921
-1.146
-2.643
-1.806
-0.152
-1.745
-0.289
-0.200
-0.346
-0.414
-0.972
-1.800
-2.600
-0.671
 0.372
 0.273
 0.717
 0.336
 1.482
 1.242
-0.174
-0.851
-0.253
 0.341
 0.753
 0.822
 1.197
 1.101
-0.566
-0.184
-0.194
-1.393
 0.001
-1.061
 1.041
-0.384
 0.322
-0.130
 0.421
 0.741
 0.117
-0.478
-0.678
 0.567
-0.170
-0.464
 0.034
 0.356
 1.314
 1.531
 0.923
-0.093
 0.863
 1.277
 0.229
 0.174
 1.191
-0.701
-0.081
 0.058
 0.823
-0.501
-0.620
-0.929
-0.020
-0.937
-0.614
-1.255
-1.193
 0.310
 0.396
-1.068
 0.514
 1.177
 0.940
-0.152
-0.113
-0.212
-0.283
-0.156
-0.045
-0.033
-0.287
 0.569
-0.472
-0.053
-0.120
-0.002
 0.343
 1.590
 0.953
-0.308
-0.057
 0.028
 0.680
 0.163
 0.988
 0.840
 1.415
-0.015
-0.944
-1.763
-0.733
-0.663
 0.336
 0.943
 0.060
 0.497
 0.223
-1.952
-1.258
-0.769
-0.826
-1.316
 0.288
 0.944
 0.158
-1.366
-0.499
-0.983
-0.793
-0.882
-0.891
 0.512
-0.885
 0.249
 0.031
 1.781
-0.010
 0.849
 0.033
-0.345
 0.745
-0.009
-0.597
 0.355
-0.088
 1.279
 0.571
 1.026
 0.820
-0.238
 0.592
-0.148
 0.536
 0.699
 0.537
-0.657
 0.116
-0.097
 0.458
 0.658
 0.589
-1.546
-0.732
-0.306
-0.344
-0.214
 1.357
-1.064
-1.239
-1.518
-0.220
-0.936
-0.382
-0.114
-0.209
-1.671
 1.045
 0.669
-0.188
-0.076
-0.454
-0.414
-1.503
-0.871
-0.126
-1.075
-1.450
-1.151
-2.203
-1.842
-1.154
 0.317
-0.417
 0.053
-0.337
-0.562
 0.242
 1.898
-0.255
-0.876
-0.061
 0.620
-0.269
-0.298
-0.421
-1.495
 0.108
-0.081
 0.417
 0.473
 1.046
 0.515
 1.539
-0.057
 0.735
-1.205
-2.324
-0.516
-0.241
-0.372
-0.671
 0.347
 0.879
 1.030
 1.388
 0.783
 1.163
 1.073
 0.617
 0.976
 0.108
 0.381
 0.506
 1.749
-0.464
 0.535
 1.569
 0.521
 0.896
-0.191
-1.463
 0.966
-0.553
 0.196
 0.610
 0.211
 0.297
 1.437
 1.816
 0.846
 0.663
 0.836
 0.505
-0.607
 0.068
-0.664
 0.587
-0.689
-2.439
-0.057
-1.285
-0.092
-0.460
-0.363
 1.024
-1.387
-1.612
-0.927
-0.333
-1.063
-0.469
 0.651
 0.341
-0.291
 0.155
-0.928
-0.568
-0.244
-0.336
-1.508
 0.665
 0.703
 0.672
 0.441
 0.219
 0.191
 1.248
 0.196
-0.908
-1.015
-0.793
 0.330
 0.373
 0.766
-0.146
 0.375
 0.710
-0.537
-0.814
 1.418
 1.130
 0.952
 0.634
 1.478
-0.047
 1.092
 0.230
 1.085
 1.966
-0.572
 0.184
 1.369
 2.098
 0.814
 1.651
 1.213
 1.671
 1.849
 2.148
-0.653
 1.457
 1.594
 2.271
 2.504
 0.902
-0.359
-0.224
 0.819
 1.147
 1.787
-0.263
-0.476
-0.385
-0.187
-1.131
-0.057
-0.482
 0.657
-0.890
 0.045
-1.299
 0.049
 0.232
-1.210
-0.398
 0.022
 0.710
 0.350
 0.861
-0.063
-0.209
-1.072
-1.119
-1.751
-0.288
-0.572
-0.802
-1.486
 0.629
-0.696
-0.419
 0.463
-0.892
 0.612
-1.167
 0.045
 0.797
 0.851
 1.823
-0.343
-0.575
 0.619
 1.124
-0.021
-0.027
 0.216
 0.407
 1.274
 0.710
 1.137
-0.598
 1.035
-0.747
-0.478
 1.817
-0.065
 0.801
-0.377
 0.279
-0.562
-0.534
-1.070
 0.237
-1.190
-1.055
-1.726
-0.490
-0.830
 0.496
 0.216
-0.105
 0.243
 0.731
 0.840
 0.668
 0.118
-0.481
 0.223
-0.653
 0.773
 1.357
 0.735
 0.037
 1.885
 1.932
 0.810
-0.033
 0.170
-0.018
 0.603
 0.620
 0.181
 1.336
 1.284
 1.171
 0.655
-0.630
 1.540
 1.675
 1.550
-0.198
 1.721
 1.403
 0.587
 0.080
 0.954
 0.436
 1.854
 2.431
 2.629
 2.381
 1.287
 0.809
-0.114
 0.524
 3.012
 0.357
 1.603
 0.866
 1.276
 0.369
 0.453
 1.162
-0.010
 0.434
 1.204
 0.375
-0.334
-1.682
-0.803
 0.149
-0.171
 1.100
 1.530
 0.461
 0.856
 1.420
 1.718
 0.330
 1.886
 1.286
 2.258
 1.303
 1.230
 0.980
 0.993
 1.271
 1.685
 1.516
 1.867
 2.451
 1.876
 1.167
-0.127
 2.489
 1.901
-1.037
 1.044
-1.073
 0.456
-1.183
 0.643
-0.825
 1.481
 0.187
 2.468
 3.401
 1.506
-0.971
 0.763
 0.911
 1.444
 0.717
 0.984
 0.495
-0.910
-1.047
 0.550
-0.285
-0.143
-1.500
 0.501
 2.740
 0.438
 0.627
 1.156
 1.335
 0.910
 2.648
 0.946
 0.758
-0.239
 0.145
-1.047
 0.057
 1.163
 0.248
-0.226
 0.401
 0.439
 2.009
 0.672
 2.361
 0.558
 0.136
-0.040
 1.055
 1.202
 0.395
 1.166
 1.080
 1.022
-0.466
 0.405
 0.062
 2.222
 0.522
 1.198
-1.062
 1.153
 1.469
 0.941
 1.760
-0.391
-1.173
 1.000
-0.016
 1.844
 1.563
 1.361
 1.898
 0.963
 0.459
-0.683
-1.330
 0.714
 0.204
 0.269
 2.281
 2.406
 3.202
 2.662
 1.159
-0.003
 1.281
 0.366
 1.096
 0.461
-0.206
 1.091
-0.474
-0.575
 0.852
-1.172
-0.377
-0.727
 0.663
 0.379
 0.262
 0.330
-0.386
-1.274
 1.922
 1.347
 1.079
 0.660
 1.533
 1.278
 0.426
 0.380
-0.622
-0.165
-1.109
 0.374
 0.634
-1.805
-0.571
-0.500
-0.027
 2.239
 1.957
 1.496
 1.694
 1.379
 1.871
 2.127
 0.960
 1.012
 0.134
 0.807
 1.447
 0.933
 0.861
 3.019
 2.436
 1.750
-0.716
 0.015
 0.874
 0.104
-0.986
-0.318
 1.102
 0.411
 1.157
 1.652
 0.587
 1.530
-0.660
 0.528
 0.896
 1.501
 0.960
-0.624
-1.814
-0.353
-0.427
-1.909
-0.515
-0.006
-1.131
 0.788
 1.101
 0.682
 1.646
 0.928
-0.298
 0.574
-1.662
-1.040
 1.319
 1.409
 1.279
 1.389
 1.213
 2.666
 0.536
 1.162
 2.177
 1.950
 1.011
-1.480
-0.728
-0.388
 1.054
-0.329
 1.251
 0.364
 0.919
 1.140
 1.836
 2.038
-0.059
 0.491
 0.961
 0.945
 1.941
 1.882
 1.341
 1.265
 1.231
 0.605
 1.136
 2.148
 2.596
 0.978
 2.021
 1.192
 0.788
 0.459
 0.092
 1.117
 1.488
 1.229
 1.747
 2.007
-0.045
 1.936
 2.190
 1.741
 0.561
 0.169
 0.567
-0.310
 0.021
 0.337
 1.324
-1.233
-0.277
-0.142
-0.169
 1.525
 0.316
 1.197
 1.740
 0.279
 0.777
 0.130
 0.464
 0.792
 0.724
 0.976
 1.892
 2.575
 0.637
-0.579
 0.804
-0.273
 1.329
 0.804
 1.807
 0.634
-0.611
 1.576
 1.212
 1.159
 0.110
 1.037
-0.312
-2.097
-1.366
 0.127
 1.128
-0.276
 0.441
 2.066
 0.228
 0.028
-0.089
 1.324
 0.110
-0.075
-0.550
-0.318
-0.923
 0.798
 0.774
 0.598
 0.100
 0.187
 0.162
-0.574
 0.160
-0.270
-0.621
-0.143
-0.465
 0.003
-0.752
 0.585
 0.988
 1.089
 0.828
-0.156
-0.523
-0.185
-0.637
-2.273
 0.217
 0.234
 0.883
 1.050
-0.218
 0.892
 0.942
 1.358
 1.379
-0.024
 0.939
 1.426
 1.790
 2.104
 1.250
 1.182
 1.348
 0.599
-0.412
-0.181
 0.800
 1.336
 0.024
 0.064
 0.104
 2.149
 1.873
 0.620
 0.384
-1.067
 1.196
 0.918
 0.553
 0.680
 0.754
 0.552
 1.016
 0.599
-0.503
-0.248
 1.644
 0.197
 2.927
 1.555
-0.287
 1.507
 0.097
-1.448
-0.300
 0.712
 0.064
 0.340
-0.085
 0.389
 1.794
 0.428
-0.080
 0.799
 1.074
-0.120
 0.152
 0.945
 1.232
-0.428
-0.171
 1.066
 1.186
 1.063
 0.771
 0.894
 1.862
 0.805
 0.461
 0.439
 1.212
 0.903
 2.818
-0.092
 2.521
 1.470
 0.389
 2.492
 0.083
 0.402
-0.268
-0.174
 1.382
 2.271
 0.864
 0.432
-0.329
 1.868
-0.552
 0.271
 1.372
 0.335
 0.828
-0.081
 1.197
 1.522
 0.846
 1.113
 0.135
 0.201
 1.319
-0.344
 0.077
-0.597
-0.196
 0.571
 0.191
-1.864
-0.541
 0.062
 1.971
 1.157
 0.438
 0.254
-0.139
 0.064
 1.467
 0.601
 1.758
 1.993
 1.931
 1.703
 1.935
 2.075
 2.846
 1.344
 0.827
 0.213
 0.776
 0.486
 0.177
 0.750
 1.811
 1.550
 0.735
 0.986
-1.200
-0.018
 0.488
 1.284
 0.375
 0.246
 1.220
 0.459
-0.916
 0.476
-0.015
-0.131
 1.374
 0.561
-0.356
-0.124
-0.265
 0.144
-0.050
-0.510
 0.675
 0.688
 1.344
 2.163
 2.613
 1.302
 1.155
 0.375
-0.307
 0.787
 0.442
 0.487
 0.585
-1.120
-0.350
 1.232
 0.364
 0.551
 1.543
 0.200
 1.125
 0.262
 1.737
-1.484
-1.517
-2.846
-2.199
-1.401
 0.496
 0.247
 1.030
 0.192
 0.713
 0.757
 1.390
 1.957
-0.104
 0.249
-0.968
-1.643
 1.424
 0.900
 1.224
 0.051
-0.802
-0.660
-1.195
 0.257
 0.385
 0.210
-0.149
-0.033
-0.483
 0.317
 1.607
 0.410
 0.044
-0.157
 0.511
-0.844
-1.074
-0.633
 0.535
 0.684
-0.399
-0.392
 0.720
 0.911
-0.060
 0.146
-0.628
 0.658
-0.509
-0.892
-2.234
-1.165
-0.286
-0.558
-0.701
 0.042
 0.301
 0.276
 0.211
 0.296
 0.647
 0.011
 0.526
-1.199
-0.872
-0.125
 1.551
 3.014
 2.015
 0.701
 0.081
 1.932
 0.455
 1.788
 1.675
 1.236
 2.818
 3.082
 2.080
 1.243
 1.428
 1.254
 1.448
 1.379
 0.500
 1.735
 1.517
-0.127
 1.503
 1.087
-0.394
-1.555
-0.502
 0.630
 1.427
 2.006
 0.750
 2.313
 2.108
-0.302
-0.504
 1.477
 1.654
 2.131
 1.295
 0.433
 1.902
 0.368
-0.177
-0.470
 0.244
 0.970
 2.040
-0.055
 0.002
 0.472
-0.862
-1.390
-0.761
-0.355
 0.952
 0.572
 1.160
 0.869
 0.160
 0.780
-1.278
 1.160
 0.504
 0.778
-0.304
 0.305
-0.350
-0.492
-1.378
-0.145
-1.808
-0.828
 0.310
-0.103
-0.335
 0.016
 0.372
 1.170
 1.978
 0.996
 0.386
 0.807
 1.155
 0.099
-1.686
-0.387
 0.589
 1.599
 0.872
 0.655
-0.055
-2.019
 0.318
 0.203
-0.430
-0.736
 0.504
 0.281
 1.286
 0.052
-0.882
 0.106
 0.041
-1.115
-0.296
-1.735
-0.661
-0.864
-1.163
-0.135
-0.368
-0.853
-1.752
-0.535
 0.876
 1.375
 0.826
-0.386
 0.836
 2.276
 0.406
 1.152
 1.959
 1.152
 1.295
-0.494
-0.745
-0.167
 1.001
-0.663
 0.761
-0.370
-0.030
-1.152
 0.739
 0.232
-0.431
 0.334
-1.394
-0.514
-0.722
-2.099
-1.516
-1.721
-0.824
-1.698
-0.070
-0.535
-0.186
 0.676
 0.310
 0.511
 0.387
 0.917
 1.659
 0.306
 0.581
-0.140
 0.829
-0.316
-0.559
-1.099
-0.899
-0.036
-1.772
-0.664
 1.110
-1.086
 0.065
 0.218
-1.365
-0.506
-0.340
-1.448
-0.239
-1.607
-0.817
-1.852
-0.632
-0.390
 0.265
-1.007
-0.980
 0.594
 0.094
 1.138
 0.694
-0.013
 0.542
 0.806
-0.437
 0.020
-0.467
 0.670
-1.626
-1.296
-1.285
-1.288
-0.492
-2.002
 0.122
-2.010
-1.934
-0.023
-1.541
-0.888
 0.584
-0.059
-1.855
-3.813
-0.700
-0.769
-1.397
-1.285
-1.782
-1.564
-0.585
-0.485
-0.843
 0.833
-1.947
-1.553
-1.805
-0.508
-1.662
-1.557
 2.758
 0.491
-0.912
 0.783
 0.295
 0.681
 0.591
 0.345
-0.730
-0.263
 0.303
 0.416
-0.565
 0.021
-0.164
 0.052
 0.731
 0.223
-0.683
-0.317
 0.806
 1.162
-2.164
-0.721
 0.844
 0.066
 0.451
-1.343
-0.490
-0.277
 0.378
 1.207
-1.190
 0.734
 0.377
-1.131
-0.650
 0.755
-0.073
 0.785
 0.322
-0.460
-0.636
 0.345
 0.337
-1.069
-0.748
-0.151
 0.033
-0.643
-0.294
-0.440
-0.987
 0.476
-1.737
-0.930
-0.389
-0.312
 0.179
 1.726
 0.655
-0.608
-1.060
 0.406
-1.148
 0.612
-0.539
-0.551
-0.396
-2.116
-0.711
-0.506
-0.774
-1.366
-3.194
-0.803
-1.620
-1.478
 0.245
-0.297
-0.731
-2.111
-1.596
-0.320
-1.809
-0.526
-1.760
-1.249
-1.258
-1.349
-0.594
-2.324
-2.051
-0.300
-1.218
-0.706
-1.865
-0.769
 0.363
 0.515
-0.224
-0.745
 0.182
 0.230
-1.834
-1.796
-0.056
 0.908
-0.036
 1.024
 0.688
 1.123
-0.140
-0.588
-0.395
-0.144
-0.828
 0.028
 0.099
 0.899
 0.325
-0.279
-2.216
-0.425
-0.074
-1.373
 0.282
 1.978
 1.074
 0.291
 1.477
-0.341
 0.098
-0.509
-0.149
-0.826
-0.421
 0.116
-1.566
-1.430
-0.994
 0.359
-1.213
-2.479
-0.329
-0.936
-0.037
-1.345
-0.890
 0.439
-0.478
-0.528
-2.909
-2.394
-0.462
-0.609
-1.445
-1.596
 0.039
-1.554
-1.224
-0.936
 0.144
-0.087
-0.353
-1.613
-0.996
-1.333
-0.114
-1.057
 0.017
-1.249
-0.415
-0.040
-0.021
-0.146
 1.348
-0.721
-1.901
-1.385
-0.974
-0.299
 0.264
-0.486
-0.069
-0.235
 1.545
-0.809
-0.092
-0.499
 1.054
 0.904
-0.649
-1.052
-0.226
-0.868
 0.766
-0.387
-1.267
 0.533
-0.162
 1.084
 0.400
-1.067
 0.484
-0.494
-0.288
-0.297
 0.227
 0.071
-1.377
 1.472
 0.186
-0.172
-0.960
 0.183
-0.822
 0.249
-0.328
-0.074
 0.774
 1.305
 0.219
 0.252
 0.895
 0.466
-1.332
-0.578
-1.168
-0.697
 0.097
 0.396
-0.139
 0.872
 0.472
 1.465
-0.857
-0.276
-1.100
-0.400
 0.294
-0.214
 1.997
 0.016
-0.093
-1.086
 0.111
-0.425
-0.905
-0.997
-0.323
-0.543
 1.769
 1.785
 1.260
 0.240
-1.286
-0.923
-0.118
 1.491
 0.233
 0.430
-0.114
 0.217
 0.571
 0.162
 0.639
-0.910
-0.300
-0.448
 0.320
 0.647
 0.723
 0.418
 0.342
-2.071
-2.094
-1.609
-0.901
-0.093
 0.132
-0.618
 0.203
-1.563
-0.310
-0.778
-0.643
-0.542
-0.861
-0.952
-2.008
-2.325
-1.670
-0.611
 0.043
-0.913
-0.773
-1.331
-0.104
-0.288
-0.503
 0.252
 1.292
-0.506
 0.877
-0.699
-0.471
 0.428
-0.375
 1.342
-0.187
 0.260
 2.073
 0.353
-0.804
-0.158
 0.307
 0.722
 1.303
 2.004
 1.600
-0.418
-0.744
-0.191
-0.210
-0.445
-0.221
-0.181
 0.225
 0.201
 0.222
 0.149
 0.503
 2.033
 1.665
 0.896
 0.524
 0.000
-0.755
 0.436
-1.428
 0.182
-1.156
-0.878
-0.884
-0.823
 0.297
 1.494
 1.491
-0.591
 1.240
 1.064
 1.381
 0.691
 0.534
-0.334
 0.543
 1.668
 0.916
 1.609
 1.570
 0.540
 0.254
 1.203
 1.101
 2.353
 1.315
 1.262
 1.725
 1.848
 0.330
 0.718
-0.179
 0.399
-0.035
 0.597
-0.111
-0.209
-1.311
-1.198
 0.105
-0.401
-1.194
-0.083
-0.296
-0.423
 0.551
 1.061
 0.341
 0.857
 0.529
-0.610
 1.172
 0.396
 1.049
-1.463
-0.802
 0.280
 0.377
-1.382
 0.267
-0.894
 0.660
 0.592
 2.280
 1.851
 1.442
 1.621
 0.106
 0.733
-0.507
 0.176
-0.058
-0.621
-0.586
 0.771
 1.817
 0.513
 0.628
 1.563
 0.198
 0.187
 1.317
 0.619
 0.406
 0.378
 1.475
 0.451
 1.284
-0.267
-0.924
-0.877
 0.227
 0.060
 0.413
 0.065
 0.097
 0.481
-0.362
 0.938
 2.034
 0.399
 0.609
 0.371
 2.428
-0.284
 2.298
 2.183
 1.249
-0.273
 0.366
 0.416
 0.876
 0.162
 0.458
-0.279
-0.004
-1.799
 0.474
-0.827
 0.478
-0.555
 0.553
 0.647
 0.922
 0.967
 0.280
-0.189
-0.716
 0.426
 1.401
-0.584
 0.245
 0.543
 1.289
 2.372
 0.917
 0.659
 0.728
 0.426
 0.649
 0.423
 0.874
 2.368
 1.347
 0.451
 0.349
-0.064
-1.058
-0.193
 0.823
-0.074
 0.432
-0.976
 1.396
-0.123
 0.487
 0.981
 0.844
 1.047
 0.333
 1.623
 0.587
 0.520
 0.717
 1.411
 2.017
 1.109
-0.846
-1.179
-0.555
 1.306
-0.022
-0.460
 0.201
 1.333
 0.525
 0.926
 1.735
 1.574
 1.457
 0.628
 0.743
 1.474
-0.095
-0.235
-0.198
 0.149
 2.376
 0.165
 0.332
 1.638
 0.821
-1.961
-0.725
 1.541
 0.320
 0.220
-0.119
-0.306
 0.973
 2.206
-1.548
-0.641
 0.218
 0.927
 0.681
 1.361
 0.964
 0.904
 0.528
-0.628
 1.056
 1.357
 1.509
 0.851
 2.236
 0.971
 1.411
 0.474
 0.933
 2.335
 0.915
 1.636
 1.743
 0.174
-1.129
 0.159
-1.718
 0.139
 0.352
 0.136
-2.595
-0.837
-1.629
-0.471
 1.363
-0.518
 0.837
 0.013
-0.780
 0.200
 0.117
-0.109
-1.640
-0.877
 0.916
-0.181
-0.452
-0.472
 0.050
-1.067
-0.114
-0.667
-0.620
-1.301
 1.483
-0.784
 0.304
-0.210
 1.208
 0.498
 1.656
 0.513
 0.843
 1.078
-0.162
-2.566
-1.008
-1.567
 0.750
 0.676
-0.829
-0.808
 0.842
-0.535
 0.670
 0.866
-1.325
-0.246
-0.133
 0.730
 1.108
 0.248
-0.336
-0.233
 1.062
-0.071
-1.082
 0.447
-0.130
-1.560
-0.660
 0.205
-0.068
 0.035
-0.996
 1.660
 0.357
 0.957
 0.916
 0.934
 1.101
-0.328
 0.699
-0.073
 0.144
 0.377
 1.063
-0.125
 1.370
 0.944
 0.387
 0.765
 0.893
 1.361
 1.587
 0.447
 0.848
 0.537
 0.345
 2.239
 2.047
 1.042
 0.534
 0.761
-0.599
 0.407
 1.579
 0.413
 1.371
 2.089
 1.412
 0.379
 0.642
-0.756
 1.627
 0.645
 0.404
-0.454
-1.161
 0.715
-0.147
-2.004
-1.481
-0.523
-0.399
 0.216
-1.083
-0.492
-0.038
-0.070
-1.330
 0.822
 0.866
 0.395
 1.107
 2.233
 1.096
-0.158
 0.828
 0.448
 0.981
-0.203
 0.683
 1.477
 2.028
 1.768
 1.526
 0.626
 1.817
 2.120
 1.407
 1.754
 1.743
-0.085
-0.040
 0.749
 1.646
 1.987
 0.028
 0.705
 1.605
 2.016
 0.606
-0.270
 1.658
 0.842
 0.260
-0.010
 1.675
 1.356
 0.361
 1.269
-0.151
-0.003
 0.127
-0.859
 0.162
-1.447
-0.778
-0.870
-1.534
 0.226
 0.471
 0.142
-0.426
 0.078
-0.839
 0.687
 0.806
 1.637
 1.518
-0.813
-0.197
 1.095
-0.375
-0.296
 1.185
-0.741
-1.207
 0.628
-0.171
-0.482
-0.074
-0.542
 0.386
 1.444
 1.156
 0.986
 0.287
-0.464
 0.328
-0.658
 1.023
 0.441
 0.584
 1.755
 1.909
 0.998
 0.077
 1.507
 0.760
 1.299
 2.371
 0.203
 1.808
 1.934
 2.468
 1.378
 0.752
 1.866
 1.412
-0.448
 1.028
 0.774
 1.634
 0.914
 1.984
 1.687
 1.576
 0.960
 1.689
 1.218
 1.568
 1.363
 0.559
 0.476
 1.282
-0.830
-0.597
 0.044
-1.370
-1.131
 0.205
 0.123
-0.975
 0.749
 0.489
 0.626
 0.849
 0.865
-0.336
 0.175
 0.542
 0.909
 1.143
 0.863
 1.913
 1.208
 0.523
-0.293
 0.613
 0.785
-0.231
 0.200
 0.480
 0.752
-0.151
 1.483
 0.668
 0.071
 0.285
 1.269
 0.710
 2.195
 0.779
 0.156
 0.575
-0.139
 1.226
 0.577
-0.300
 1.132
 1.215
-0.836
-0.312
-0.789
 0.449
 1.264
 1.577
 1.010
-0.152
 0.266
-0.051
-0.233
 0.802
 0.158
-0.375
 1.708
 1.569
 0.233
 0.916
 1.301
 0.252
-0.046
 0.682
 1.506
 0.492
 1.605
 1.481
 1.830
 1.739
 0.576
 0.430
 1.655
 0.754
-0.265
-0.740
-0.794
-0.021
 0.527
-0.023
-0.757
-0.078
-1.239
-0.943
-1.285
-0.203
 0.689
 0.305
 0.758
 0.192
-0.414
-0.914
-0.263
-0.648
 0.821
-0.878
 0.134
-0.769
 0.412
 0.218
-0.478
-0.261
-0.384
-0.662
-0.063
-1.134
-0.823
-0.065
 0.256
 0.517
 0.540
-0.956
-0.873
 0.126
-0.221
-0.968
-1.352
-1.738
-1.443
-0.403
-0.887
-0.709
-0.064
-1.982
-0.095
-1.366
-0.334
-1.661
-0.204
-0.509
 0.065
 0.009
 0.887
 0.167
-0.740
-0.969
-2.140
-2.524
-1.827
-0.752
-0.703
-0.194
 0.685
 0.673
 0.954
 0.113
-0.209
 0.910
-1.151
-1.612
-0.461
-0.207
-0.330
-0.432
 0.429
 1.262
 1.029
 1.486
-0.064
-0.166
 1.226
 1.348
 1.301
 0.098
 0.614
 1.472
-0.947
 0.697
-0.519
 0.837
 1.975
 0.710
-0.243
 0.744
 1.149
 1.910
 0.852
 1.747
 1.339
 1.223
 0.757
 1.059
-0.466
-0.483
-0.547
-0.472
 0.206
-1.106
 0.201
 0.532
-0.424
 0.390
-0.893
-0.750
 2.065
 0.367
 0.943
-0.186
 1.003
 2.196
 0.292
 0.952
-0.503
-0.951
-0.128
-0.284
 1.125
-0.105
-0.461
 0.817
-0.629
-1.422
-0.365
-0.091
-0.710
-1.219
-0.581
-2.004
-1.156
-1.124
-0.845
-0.687
-1.174
 0.171
 0.603
-0.521
-0.647
-1.997
 0.771
-0.550
-1.506
-1.932
-1.585
-1.910
 0.314
-0.612
 1.483
 0.815
 0.741
-1.341
-0.505
-0.312
 0.828
 0.769
-1.258
-0.261
-0.464
-2.376
-2.447
-2.395
-1.302
-0.646
-0.583
-1.118
-1.272
-0.845
-1.056
-0.596
-1.986
-1.757
-0.778
-1.746
-0.998
-0.736
-0.146
 0.560
-0.032
-0.098
-1.184
 0.140
-1.270
 0.817
 0.386
 0.997
-0.056
-0.134
-0.496
-1.016
-0.786
-1.801
-1.295
-1.637
-1.017
 0.680
-2.259
-0.414
 0.914
-0.501
 0.494
-0.168
-1.121
-0.636
 0.223
 0.021
 0.286
-0.062
-0.192
-1.278
-0.806
-1.281
 0.133
 0.269
-0.368
 1.452
-0.941
-0.219
-1.129
 0.032
 0.333
-0.691
-0.217
 0.643
 0.121
-0.242
-0.535
-1.494
-0.294
-0.500
-0.328
 0.463
-0.701
-0.116
-1.865
 0.752
-0.556
-0.033
 0.356
 1.511
 0.948
-0.018
 2.380
 0.834
 0.416
 1.123
 0.498
 1.610
 0.597
 0.792
 0.054
 0.072
 0.038
-0.029
 0.889
 0.356
-0.278
-0.013
 1.430
-0.080
 0.812
 1.359
 1.690
 0.240
-0.270
 0.248
-1.317
-0.392
 0.630
 0.165
-1.104
-1.042
 1.481
 0.336
-0.516
-3.050
-0.071
 0.592
-0.243
-0.938
 0.272
-0.808
-1.590
-0.353
 0.846
-0.624
-0.435
-1.464
-1.611
-1.211
-2.369
-0.506
-0.956
-1.974
-0.978
-1.360
 0.003
 0.796
 0.150
-1.104
 0.496
-0.322
 1.628
 1.525
 1.467
 0.649
 0.307
 0.200
-0.308
 0.330
 0.607
 0.305
-0.075
-0.804
-0.429
 1.461
 1.461
 1.079
 0.435
 1.199
-0.434
-1.252
-1.044
 1.217
 1.852
 1.060
 0.780
-0.620
 0.666
-1.584
-1.152
 0.215
 0.594
 0.280
 0.778
 0.491
 0.302
 1.505
 1.724
 0.928
 0.354
 0.947
-0.953
-2.944
-1.642
-0.360
-0.071
-1.910
-0.071
-0.939
 0.271
 1.486
-0.123
-0.554
 0.112
-0.436
-0.294
-0.639
-0.977
-0.683
-1.490
-1.031
-1.319
-2.183
-1.453
-0.119
-0.019
-1.178
-0.047
-0.701
 0.558
-0.001
-1.048
-2.450
-1.313
 1.911
 0.620
 1.896
-0.145
 0.738
-1.058
 0.882
-0.956
-2.412
-0.465
-0.306
-0.843
-0.185
-0.288
-1.648
-0.011
 1.277
 0.806
 2.521
 0.679
-0.288
-0.022
-0.011
 0.298
 0.956
 0.912
 0.453
 0.754
-0.914
 0.125
-0.079
 0.029
 0.844
 0.502
 1.039
 0.270
 1.243
 1.352
-0.417
 0.272
-0.173
 0.611
 2.152
 0.455
 1.114
 0.085
-1.265
 0.520
-1.080
-0.756
-0.383
-1.359
-0.320
 0.888
 0.257
 1.036
 1.873
 0.566
-1.168
 0.863
-0.315
-1.225
 0.464
-0.563
-2.276
-0.274
-1.715
-1.725
-0.546
-0.621
-0.117
-0.399
-1.217
-1.062
-0.610
-0.889
-1.166
-0.564
-2.341
-2.315
-0.937
-0.220
-0.275
 0.158
-1.623
-0.375
-0.063
 0.752
 0.304
 0.513
-0.205
-0.720
 0.208
 0.359
 1.583
 0.778
 1.379
-0.265
 0.538
-0.718
-1.209
-2.290
 0.416
 0.478
 1.991
 2.902
 1.530
-0.976
 1.081
 1.035
 0.226
 0.213
 0.665
 0.967
-0.719
 1.428
 0.629
-0.219
 1.032
 2.037
 0.346
 0.911
-0.129
 0.944
 0.063
 1.798
-0.218
 0.674
-0.539
 0.787
 1.051
-0.033
 0.509
 1.424
-1.289
-0.639
-1.013
-0.190
-0.552
-0.131
 0.582
 0.638
-0.760
 1.304
 0.367
 0.285
-0.008
-1.491
-0.366
-1.980
-0.735
-0.279
-0.373
 0.565
-0.798
-0.830
 1.846
 1.379
-0.219
 0.346
-1.378
-0.959
-0.369
-1.290
-1.492
-0.555
-1.058
-0.223
-1.495
-1.054
-0.177
-1.050
-0.648
-0.183
-0.436
-0.746
-1.406
-0.877
-1.365
-1.568
-0.316
-1.760
-1.112
-1.625
 0.858
-0.244
-0.311
-2.824
-1.594
-0.357
 1.348
 0.091
-1.261
 0.393
-0.266
-0.533
-0.812
 0.292
 0.927
 0.137
-0.476
-1.187
-1.463
-2.419
-1.670
-1.363
-2.488
-0.660
-1.045
 0.308
-1.236
-1.484
-0.674
-0.082
 1.457
 0.052
 1.518
 0.268
 0.311
 0.384
-0.755
 0.130
-0.926
-1.294
-0.521
-1.224
-2.267
-1.518
-0.627
 0.667
-0.645
-2.620
-2.028
-2.044
-0.129
-0.338
 0.244
 0.617
-0.283
 0.909
-0.959
-0.947
-0.374
 0.044
 0.620
-0.383
 0.850
 0.423
 0.829
-0.599
 0.179
 0.790
-0.601
 1.946
 1.272
 0.437
 0.456
-0.218
-0.385
 0.294
-0.298
 0.407
-1.257
-1.535
-0.115
-0.039
-1.637
-0.494
-0.113
-1.568
-0.374
 0.598
-0.255
-0.513
 1.755
-0.959
-0.576
 0.020
 0.190
-0.353
-1.227
-1.700
 0.219
-0.148
-0.273
-0.284
 1.350
 1.678
 0.335
-0.932
-0.986
-0.959
-2.177
-0.897
-1.006
-1.221
 0.542
 0.651
-1.037
-0.553
 0.128
 0.483
 0.220
-1.810
-0.427
 2.177
 0.782
 1.271
 1.610
 1.372
 0.498
 1.063
-0.937
 1.084
-0.341
-0.774
 1.940
-0.021
 0.599
 0.230
-0.072
-0.828
-0.989
-0.746
 1.385
 2.188
 0.112
-1.181
-0.772
-1.739
-0.525
-0.852
-0.982
-0.365
-0.161
-0.403
 0.091
-1.380
 0.145
-0.375
-0.508
 0.565
 0.809
 0.506
 0.259
-0.131
 1.939
-0.599
 0.380
 0.122
-1.474
-0.536
 1.359
-0.523
 0.433
-0.394
-0.422
-0.936
-0.238
-0.033
 0.934
-0.701
-0.140
-1.811
-2.353
 0.866
 0.400
-0.032
 0.694
 0.587
 0.162
 0.973
-0.269
-1.991
-1.116
-0.823
 1.684
 0.699
 1.039
 0.407
-0.396
-0.584
-0.176
 0.101
-0.922
-0.810
-0.887
 0.066
 0.979
-0.533
-0.596
 0.806
 0.438
 0.489
-0.388
-0.153
-0.311
 0.131
-1.110
-1.087
-1.988
-0.644
-0.327
-1.515
-1.208
-1.108
-0.596
 0.481
 1.117
 0.183
 0.867
 0.339
-0.051
-0.401
-0.210
 0.766
-0.660
-0.179
 0.208
 0.240
-0.333
 0.462
 0.431
 0.675
 1.966
 0.524
 0.990
 1.375
 0.075
-0.427
-0.497
-2.509
-1.086
-0.205
 0.243
-0.967
-0.029
-1.032
 0.334
 1.630
 2.413
 0.412
 0.323
-0.100
 0.995
-0.916
-1.820
-0.807
 0.589
 0.241
-1.505
 0.238
-0.564
 1.512
 1.564
 0.416
-0.184
 0.291
-1.527
 1.218
-0.138
 0.164
 0.821
 0.854
 1.233
 0.349
 0.999
 0.516
 0.000
 1.466
 0.967
 0.970
-0.078
-1.208
-0.812
-0.368
-0.967
 0.258
-0.340
 0.000
-0.131
 0.590
-0.759
 0.856
 1.817
-0.291
-0.258
-0.302
-0.622
 0.362
-0.582
-0.784
-0.105
-1.640
-0.141
-0.579
 0.133
 1.245
-0.195
 1.282
-0.246
-1.239
 1.525
 1.664
 0.138
 2.473
-0.502
 0.104
-0.601
 0.762
 0.097
-1.001
-1.905
-1.025
-0.486
-1.004
-0.119
 0.831
 0.317
 0.872
-0.622
 0.292
 0.042
 0.066
 1.102
 0.170
 1.515
 0.183
-0.246
 0.735
-0.720
 2.606
-0.213
-0.207
 1.242
 1.004
-0.172
 0.638
 0.688
 0.364
 0.528
 1.006
 1.114
 1.024
 0.054
 0.108
-0.437
-0.467
 0.444
-0.129
 0.033
-1.481
-0.070
-0.536
-0.940
 0.010
 0.573
 0.063
-0.889
-0.793
 0.541
 1.066
 0.360
-0.631
 0.471
 0.989
 0.547
 0.123
 0.164
 0.828
 0.650
 0.122
-1.092
 0.195
-0.986
-1.125
 0.367
 0.083
-0.350
 0.021
 0.323
 1.257
-2.167
-2.029
 0.606
 0.214
 0.135
-0.324
-0.616
-0.349
-1.722
-0.011
-0.525
-0.991
-0.966
-0.086
 0.730
-0.416
 1.691
 1.060
 0.067
-0.190
 0.022
 0.349
-1.199
 0.282
-0.521
 0.414
-1.247
 0.133
 1.218
-0.007
-1.254
-1.865
-0.690
 0.384
-0.952
-0.185
-1.145
-1.124
 0.101
-0.756
-1.213
-1.728
-0.885
 0.573
-0.141
-0.317
 1.006
-0.933
 0.313
-0.995
 0.413
 0.975
-0.022
-0.477
-1.299
-1.942
-2.259
-2.273
-1.435
-0.164
-0.738
 0.177
-0.965
-0.318
-1.382
-2.361
-0.375
-1.034
-1.446
-1.972
-0.676
-0.082
-1.379
-0.971
-2.019
-2.196
-0.428
-2.197
-2.315
-1.040
-1.484
-0.053
 0.313
 0.193
-2.671
-1.441
 0.017
 0.606
 0.263
-0.717
-1.018
-0.362
-0.148
-1.039
-0.788
-0.338
 0.041
-0.455
-1.506
-1.942
-2.203
-0.342
-1.247
-2.137
-1.820
-2.054
-0.654
-2.380
-2.651
-1.319
-2.120
-0.654
 0.216
-0.992
-0.695
-0.009
-0.621
-1.436
-1.143
-1.159
-0.882
-1.153
-2.111
-1.100
 0.345
 2.247
-0.211
-0.281
-0.713
-2.322
-1.448
-0.765
-0.738
-1.099
-0.002
-1.066
-0.780
 0.294
 0.960
 0.656
 0.708
-0.479
-0.593
 0.698
-2.299
-1.582
-0.555
 0.480
-0.376
 0.818
 0.642
 0.046
 0.023
-0.380
 0.430
 1.081
-0.433
 0.448
-1.132
 0.900
 0.669
-0.177
-0.354
-0.012
-0.422
-0.108
 0.532
-0.786
 0.173
-0.832
 0.964
-0.087
 0.358
-0.309
-1.348
-1.201
-0.738
-0.882
 0.093
-1.774
-0.424
-1.166
-1.596
-0.644
-1.152
-0.848
-0.440
-0.778
 0.281
-1.514
-0.129
 0.271
 0.787
 1.356
-1.271
-0.093
 0.187
 0.110
-0.486
-0.201
 0.094
-0.714
-0.902
-0.533
 0.805
 0.634
 0.430
-0.224
 0.302
 0.295
-0.192
-0.519
-0.269
-1.647
-0.953
-1.377
-1.531
 0.174
-0.151
-0.420
-0.465
 0.628
-0.021
-0.177
 0.223
 0.816
 0.958
 0.282
-0.622
 1.341
 0.331
 0.677
-0.292
 1.167
 1.041
-0.085
-1.497
-0.411
 0.055
 0.873
 0.180
-0.421
-0.302
-0.249
-0.952
-0.409
-0.230
 1.974
 2.213
-0.491
-0.604
-1.262
-1.675
-1.658
-0.193
-2.265
-0.055
-0.189
 1.392
-0.026
-0.631
 0.342
 0.838
-0.418
-0.721
-1.246
-0.670
-0.102
-0.605
-0.425
-0.228
-0.811
 0.152
 0.669
 1.153
 0.842
-0.043
 1.167
 0.684
 0.899
-0.829
-0.165
 0.411
 0.744
 1.853
 0.496
 0.565
-0.210
 1.445
-0.257
 1.210
 0.241
 0.400
-0.384
 0.585
 1.058
 1.071
 0.899
-0.132
 0.980
 1.319
 0.339
 0.492
-0.221
 0.285
 0.555
 0.438
 1.632
 0.190
-1.067
 0.700
-0.162
-0.469
 1.687
 0.132
-0.098
 0.392
-0.698
-1.243
-1.245
 0.859
 1.452
-0.878
 0.208
-0.160
 0.933
 0.874
 1.732
-0.146
 1.825
 0.818
 0.749
 0.809
 0.350
 0.768
 1.539
 0.160
 0.402
 1.187
-1.032
 0.575
-0.411
 0.332
-0.639
 0.910
-0.432
-0.965
-0.758
-0.340
-0.412
 0.244
 1.521
 1.242
 1.618
 0.291
 0.160
-0.281
 0.859
 0.102
 2.094
 0.517
-0.182
 0.626
 0.756
 0.255
-0.381
-0.497
 1.142
-1.019
-1.575
 0.466
 1.088
 1.564
-0.527
-0.784
 1.239
 0.474
 0.123
-0.498
-0.155
-0.517
-1.526
-1.505
-1.408
-2.127
-1.533
-1.022
-0.281
-0.141
-1.041
-0.118
-0.485
-0.160
-0.187
 1.431
 1.479
 0.226
-0.887
 1.040
 1.248
-0.916
 1.169
 1.341
-0.199
-1.316
 0.152
 1.160
 0.609
 0.381
 0.500
 0.048
-1.032
-0.819
 0.160
 0.056
 0.182
-0.459
-0.844
 0.704
-0.483
-0.881
 1.075
-0.936
 0.010
 0.577
-0.699
-1.295
-0.309
-0.327
 1.134
 0.443
-0.534
-0.003
 0.042
 1.181
 0.712
 1.857
 1.469
 0.180
-0.634
 1.538
 1.139
 0.424
 1.706
 0.489
 0.933
 1.210
 0.201
 0.869
 0.415
 0.731
 0.873
 0.745
 1.276
 2.800
 0.479
 0.924
-0.262
-0.282
-0.633
 0.297
-0.508
 0.927
-0.058
 0.292
 1.694
-0.315
 1.220
 0.095
 2.386
-0.325
-0.444
-0.361
-0.132
-0.249
-0.589
 0.582
-0.109
-0.979
 1.351
 1.387
-0.069
 0.446
-0.316
-0.673
-0.185
 0.093
 0.829
-0.241
-0.764
-0.575
-1.006
-1.361
-1.554
-1.750
-1.082
-1.123
 0.233
-1.379
-1.000
 1.200
 0.466
-1.447
-0.903
-1.406
 0.594
 0.476
 0.621
 0.887
-0.048
-0.419
-1.201
-0.060
-0.046
-1.580
-1.222
 0.614
-0.075
 0.112
-0.917
-1.030
-0.382
-0.383
-2.692
-0.121
 0.002
-0.626
 0.172
-0.879
-2.199
-0.317
-0.543
-0.395
-0.438
-0.811
-0.531
 0.226
 0.698
 0.459
 0.915
-0.764
 0.122
-0.443
-1.585
-0.518
-0.310
-0.473
-0.845
-0.754
 0.529
 0.095
-1.007
-1.673
-0.642
-0.475
-0.304
-0.848
-0.615
 0.059
 0.723
-0.585
 0.012
 0.898
 0.203
-0.846
 0.050
 0.069
-2.461
-0.999
-0.625
-0.252
-0.651
-0.468
 0.353
 0.498
-0.401
-0.938
-0.406
-1.307
 0.181
-0.591
-0.255
-0.146
-0.167
-0.288
-0.888
-0.092
 0.419
-0.151
 0.369
 0.181
-0.058
-2.051
-0.285
 0.444
 0.189
-0.393
-0.449
-0.729
-0.730
 0.033
-0.879
-0.617
-0.164
 1.383
-0.280
-1.710
-0.817
-0.381
 0.384
-0.153
 0.638
 0.597
-0.682
-0.954
-1.339
-0.508
 0.633
-1.159
-0.771
-0.644
-0.605
-0.069
-0.474
-1.677
 0.739
-0.548
 0.052
 0.693
 0.803
 0.183
 2.682
 0.577
 1.824
 0.674
 0.795
 0.337
-0.571
-0.217
 0.445
 1.225
 0.389
 0.236
 1.494
 0.609
 1.101
 0.375
-0.152
-0.078
-0.265
-0.417
-0.241
 0.357
 0.000
-0.064
 0.994
 1.591
 0.412
-0.860
 0.063
-0.908
-0.264
-0.670
-0.168
 0.106
-1.119
-0.369
-0.303
-0.344
-0.978
-0.655
-0.655
-0.671
 0.339
 0.696
-1.010
-1.070
-1.258
-0.298
 0.416
 0.589
-0.234
-0.162
-0.477
 0.050
-1.606
-1.347
-1.286
-1.772
-1.976
-2.757
-1.817
-2.255
-1.232
-0.331
-1.816
-1.780
-2.107
-0.904
-0.728
-2.348
-2.039
-0.942
-1.880
 0.071
 1.164
-0.072
-0.394
-1.448
-0.308
 0.277
 0.112
 0.882
 0.467
 0.374
 0.648
-0.814
 0.588
 0.251
 0.283
 0.287
 0.031
-0.764
 0.018
-0.689
-0.437
-1.999
-2.460
-0.489
 0.591
 0.391
 0.528
 1.211
 0.401
-0.946
-2.070
-1.260
-1.157
-0.343
-0.014
-1.215
-0.524
-1.343
-1.925
-0.197
-0.507
-0.168
-0.546
-0.320
-0.044
-0.532
-0.078
-0.800
-0.702
-0.320
-0.855
-0.053
-1.619
 0.934
-1.008
-1.387
-2.835
-1.484
-0.865
-0.791
-2.215
-1.476
-0.654
 0.145
-0.817
-0.470
 0.442
 0.320
-0.743
-2.085
-0.929
 0.134
 0.206
 1.871
-0.219
 0.228
 0.113
-0.974
-0.793
-0.495
-0.598
-1.709
-0.571
-1.973
-0.183
-1.970
-0.447
-1.989
 0.572
 0.062
-0.532
-0.788
-2.017
-0.271
-0.996
-1.688
-1.061
-1.651
-0.078
-0.537
-0.828
-1.079
-0.770
-1.532
-0.307
-0.564
-2.285
-1.505
-2.397
-2.491
-2.899
-0.496
-0.075
-0.617
-1.530
-1.767
 0.312
 0.196
-2.389
-0.637
-0.120
-1.007
-1.163
-0.556
-1.385
-1.511
 0.794
-1.044
-0.033
-0.020
-1.503
-1.016
 0.809
-1.967
-1.308
-0.035
-0.076
-0.506
 0.777
 0.429
-0.522
-0.420
 0.955
-0.063
 0.222
 0.380
 0.402
 0.654
 1.475
-0.676
 0.873
 0.137
-0.783
-0.487
-1.334
-1.635
-1.422
-1.287
-0.972
-0.943
-0.861
 1.240
-0.307
 1.371
-1.775
-0.914
-0.955
-1.763
-2.803
-0.308
-1.463
-1.084
-0.870
-1.169
 0.150
 0.090
-0.243
 0.485
-0.673
-0.420
-1.083
-1.962
 1.283
 0.326
-0.074
-1.633
-0.214
-0.013
-0.303
 0.169
 1.466
-0.164
 0.017
 1.809
 0.203
-0.223
-0.443
 0.135
-0.110
-1.501
-0.072
-0.146
 0.566
 1.601
 0.849
 1.218
 0.247
 0.180
 0.396
 0.745
 0.902
-0.017
 0.627
 1.508
 1.526
 1.402
 0.784
 0.004
-0.719
 0.584
 0.326
 0.644
-0.294
-0.609
 0.533
 0.319
 0.599
-0.718
 0.070
-0.861
-0.101
 0.655
-0.287
-1.275
-0.718
-0.009
 0.646
-1.247
-1.833
-1.666
-2.994
-2.321
-2.886
-2.118
-1.616
-0.383
-0.358
-0.681
-1.279
-0.715
 0.109
 0.507
-0.406
-0.163
-1.196
-0.718
-0.245
-1.346
-2.867
-1.285
-2.136
-0.933
-0.555
 0.518
-1.239
-0.382
-0.377
 0.087
-0.028
-1.388
-1.914
-2.026
-2.225
-0.862
-1.108
-1.193
-2.378
-1.635
-2.294
-1.585
-0.050
-0.661
-0.794
-2.208
-0.608
-1.751
 0.021
-1.634
-0.550
 0.252
-0.881
-1.958
 0.478
-1.264
-1.643
 1.450
 0.149
-0.126
-0.666
-1.406
-0.272
-1.197
-0.800
-0.184
-0.517
 0.428
-0.044
 0.337
 0.558
 0.510
-0.141
-0.124
-0.970
 0.477
-0.005
-1.820
-0.254
-0.943
-0.648
-1.005
-0.192
-0.352
-0.717
-0.646
 0.353
 0.308
 0.666
 2.152
-0.305
 0.356
 1.441
 0.351
 0.719
 0.754
 1.108
 0.550
 1.062
-0.896
 0.282
 0.408
 1.515
-0.599
 0.139
-0.530
 0.558
 0.445
 1.246
 0.842
-0.366
-0.311
-0.738
-0.129
 0.705
-0.334
-0.049
 0.548
-0.010
-0.534
-0.077
 0.413
 0.376
 0.804
 1.045
 1.549
 0.814
 0.366
 1.203
-0.501
 0.667
 0.903
 1.092
 1.882
 0.040
 1.564
 0.337
 2.246
 1.533
 1.118
 1.659
 1.090
 0.005
 1.211
 0.705
-0.749
-0.765
 0.404
-0.232
 0.155
 0.799
 1.036
 1.203
 1.573
 1.086
-0.355
-0.457
-0.140
-1.147
-0.031
-0.124
 1.226
-0.038
 0.766
-0.066
 0.271
-1.145
-0.260
 0.239
-0.555
 1.457
 1.191
 1.087
-0.076
-0.550
-1.100
-0.769
-0.306
-0.419
 1.560
 1.125
 0.834
-0.594
-1.080
-0.400
 0.136
-0.051
-1.835
-0.906
-0.911
-1.645
-1.917
-1.840
 0.189
-1.757
-0.848
-0.812
 0.519
-0.331
-0.495
-0.090
 0.201
-1.059
-0.004
 0.427
-0.920
-0.241
-0.289
-0.675
 0.131
 0.389
 0.271
-0.246
 0.650
 0.602
 1.704
-0.036
 0.581
-0.535
-0.434
-0.256
-0.840
 0.998
 0.634
 0.156
 0.736
-1.437
 1.653
-0.353
-2.967
-1.590
-2.058
-1.290
-0.046
-0.781
 0.356
-0.623
-0.568
-0.750
-0.305
-1.249
-0.495
-0.436
-1.593
-1.264
-0.998
-0.267
-0.457
-0.084
 1.449
 0.786
 1.113
 1.630
-0.017
 0.674
 0.228
 0.750
 0.219
 0.587
 1.402
 1.738
 1.517
 0.742
-0.832
 0.664
-0.559
 0.924
-0.918
 0.005
-1.789
-0.575
-1.023
-0.739
-1.209
-1.361
-0.438
-1.322
-0.317
-1.138
-0.590
-0.319
-0.405
-0.074
-0.081
-0.525
 0.262
-0.073
-1.562
 0.085
-0.753
 0.406
-0.281
 0.473
 0.034
 1.130
-0.985
-0.271
 0.074
-0.550
-0.847
-0.677
-0.881
-1.689
-0.109
-0.214
 0.374
 0.833
 0.892
 0.781
 1.098
 0.293
 0.775
 0.080
 0.262
-0.864
-1.742
-0.957
-1.694
 0.210
-1.081
-0.779
 1.863
 0.893
 0.322
-1.502
-0.383
 0.673
-0.271
 0.800
-0.695
-0.587
-1.723
-1.797
-0.072
-1.715
 0.834
-0.280
-1.609
 0.077
 0.612
 0.124
-1.437
-1.073
 0.043
-0.342
 0.277
 0.190
 0.211
-0.249
-0.769
-0.490
 1.121
-0.587
-1.220
-0.698
-0.297
-0.755
-1.807
-1.515
-1.840
 1.161
 0.962
 0.388
-0.907
-0.325
-0.605
-1.305
-0.199
-0.107
 0.771
 0.668
 0.228
-0.225
-0.130
-0.038
 1.189
 1.617
 2.129
 2.074
 0.569
 1.410
-0.558
 0.856
 0.829
 0.267
 2.139
 1.059
 0.434
 1.183
 0.709
 0.697
 0.437
 0.281
-1.158
-0.699
-0.240
-1.794
 0.290
 1.470
-0.459
-0.125
 0.805
 0.197
-0.190
 0.141
 0.047
 1.162
 0.428
 1.562
-0.609
 1.724
 0.423
 0.711
 1.489
-0.194
-0.603
-1.393
-0.322
 0.716
 0.379
 0.975
 0.820
 1.018
 0.661
 0.123
-0.509
-0.086
 0.025
-0.525
-0.739
-0.610
-0.251
-0.356
-0.297
-0.026
-1.280
-1.834
-1.049
-0.619
-0.521
-0.793
-1.919
-1.281
 1.725
 1.461
-0.334
 1.089
-0.344
-0.172
 1.252
-0.584
 0.162
-0.786
 0.163
 0.870
 0.343
 0.443
 1.069
-0.678
-0.223
 0.437
-0.890
-1.420
 0.571
-1.396
-1.308
-1.907
-1.176
-0.290
 0.553
-0.869
 0.908
-0.574
-2.681
-0.422
-1.755
-1.200
-1.378
-0.524
-0.546
 0.502
 0.529
-0.472
 0.046
-0.653
-0.518
-1.837
 0.590
-1.369
-1.242
-0.956
-1.396
-0.996
-0.233
-1.169
-2.409
-0.144
-2.098
-0.831
 0.065
-0.348
-0.564
-2.017
-0.796
-0.408
-0.342
-0.310
 0.033
-0.099
 0.159
 0.558
-0.599
-0.406
-0.664
-0.407
-0.275
 0.236
-0.936
-0.346
 0.201
 0.499
-1.352
-0.902
-0.055
-2.344
-0.216
-1.135
-0.904
 0.566
 0.623
 0.927
-1.410
-1.162
 0.286
-1.229
-0.132
-0.526
 0.259
 0.532
-1.137
-1.149
-0.487
-0.094
-0.200
-0.264
-0.812
-0.194
 0.667
 0.539
-0.016
-1.409
 0.783
 0.905
 0.940
 0.157
-0.824
-0.211
-0.028
-0.845
-0.137
-0.390
 0.117
-1.560
 0.176
-0.645
-0.402
 0.181
-0.576
-1.976
-0.223
-0.107
 0.102
 0.381
 0.998
-0.743
-0.219
-0.617
-0.303
 1.103
 0.349
-1.502
-0.413
 0.503
 0.586
-0.607
 0.111
 0.291
 0.130
-0.378
-1.116
-0.937
 0.184
 0.032
 0.273
-0.320
 0.009
 0.387
 0.913
 0.728
-0.144
-1.150
 0.168
 0.836
-0.286
-0.328
 0.704
 0.326
 1.256
 0.924
 0.033
 0.257
 1.113
-0.239
 1.706
 1.243
-0.003
 1.272
 0.618
 0.051
 0.299
-0.019
-0.456
 0.298
-1.142
-0.834
-0.551
 0.660
-1.945
-2.211
-1.342
-1.560
-2.034
-2.392
-1.155
-1.735
 0.563
-0.852
-0.039
-1.283
-1.552
-0.901
 1.348
 0.526
 0.470
-0.237
-2.074
-0.084
-1.023
-0.639
 1.018
 0.104
 1.954
-0.692
-0.801
-0.543
-0.462
-0.213
 1.293
 1.410
 0.969
 2.205
 2.047
 2.079
-0.442
 0.419
 1.834
 1.210
-0.055
 0.613
 1.010
-0.015
 0.173
 0.945
-0.446
 0.147
 0.874
 0.041
 0.070
-0.697
 0.046
-0.587
 0.639
-0.087
 0.051
 0.049
 0.389
-0.136
 0.617
 0.304
 0.822
-0.028
 0.048
-0.096
 1.128
-0.236
-1.180
-0.691
 0.677
 0.677
 1.960
-0.227
-0.034
-0.651
 0.150
-0.821
-1.664
-2.087
-0.566
-0.519
-0.921
 0.152
-0.042
 0.494
 0.158
-1.171
 1.124
-1.381
-2.263
-0.562
-0.606
-0.119
-0.094
 0.457
 1.309
-0.147
 0.180
-0.912
 1.205
-0.389
-1.655
-0.148
 0.478
-0.596
-0.250
-1.248
-1.021
 0.784
-0.269
 0.373
-0.246
-0.489
 0.110
 1.028
 0.803
-0.564
-0.504
-0.550
 0.954
 0.993
-0.356
 2.107
 1.056
 0.573
 0.417
 0.572
-1.286
-0.986
 1.341
 1.333
-0.122
-1.162
 0.956
-0.418
 0.680
-0.204
-0.933
-0.832
-0.647
-0.903
 1.231
 0.706
-0.449
-0.988
-1.158
-1.003
-0.859
-1.210
-0.073
 0.071
-0.351
-0.887
-0.244
-0.920
 0.863
 0.341
 1.152
-0.183
-0.610
-1.807
-0.014
-0.257
 0.251
-1.484
-0.540
 0.513
-1.376
 0.007
-0.291
-0.321
-0.259
 0.381
-0.986
-0.401
 0.666
 0.003
-0.137
-0.160
-1.311
-1.247
 0.348
 0.399
-0.074
 1.223
-0.064
 0.995
 0.169
-0.505
 1.196
-0.080
 0.027
-0.246
-0.854
-0.409
-0.049
-0.138
-0.609
-1.145
-0.997
-1.358
-1.034
 0.076
 0.334
 0.839
 0.391
 0.685
 0.956
 0.411
 2.248
 0.175
-1.226
-0.714
 1.183
 0.635
-0.656
-0.568
-0.429
-0.703
-1.436
-0.085
-1.940
-1.911
-0.375
 0.086
-1.947
 0.015
-0.178
-0.332
 0.088
-0.241
-0.303
 1.819
 1.082
 1.012
 1.624
 1.375
 0.185
 1.427
 1.457
 1.312
 0.370
 1.155
 1.689
 0.936
 1.834
 3.559
 2.661
 1.653
 2.737
 2.913
 1.607
 0.623
 1.802
 2.995
 2.102
 3.494
 0.781
 0.196
 0.513
 0.708
 2.002
 2.355
 1.273
-0.002
 0.943
 1.058
 0.806
-0.103
 1.975
 0.648
 0.470
-0.058
-0.355
 0.553
 1.444
-0.622
-0.052
-0.018
 1.828
 0.380
 0.989
 0.365
-0.230
 0.183
-0.647
-0.250
-0.870
-0.194
 0.261
 0.572
 0.112
-0.092
 0.778
 1.570
-1.199
 0.255
-1.006
-0.166
 2.747
 1.237
 0.705
 1.511
 0.134
 0.086
-0.578
-0.512
-0.218
 0.170
-0.017
 0.669
 0.700
 0.141
-0.247
 0.187
 0.490
 1.106
-0.834
 0.746
 1.475
 0.537
-0.313
 0.258
 0.740
 0.627
 0.394
-0.645
-1.258
 1.012
 2.770
 0.038
 0.852
 0.954
-0.632
-1.304
-0.385
-0.085
 0.462
-0.879
 0.506
 1.153
 0.045
-0.678
 0.070
 0.754
 1.182
 0.537
-0.433
 0.223
-0.135
 0.677
 0.099
 0.252
-0.752
 1.029
 0.876
-0.071
 1.733
 0.717
-0.207
 0.115
 0.177
-2.271
-1.406
-1.622
 0.211
 0.050
 0.860
 0.210
-1.160
 0.430
-0.525
-0.298
 0.772
 0.129
-0.095
-0.410
 0.851
 0.382
-0.111
-1.346
-0.683
 1.433
 0.772
 0.621
 0.509
 0.920
 1.334
 0.505
-1.657
 1.494
-0.506
 0.336
-0.101
 0.653
 0.892
 0.174
 1.626
 1.930
 0.466
 1.738
-0.640
-0.936
-0.109
 0.930
-0.062
 0.307
 1.133
-0.092
 0.846
 0.766
 2.357
 1.079
 0.695
-0.307
-0.134
 0.736
-0.660
-1.941
-0.345
-1.266
-0.062
-0.014
-0.494
-0.025
-0.281
 0.076
 0.273
 0.052
 0.314
 0.444
-0.771
 0.716
 1.459
-0.093
 0.244
 1.158
 1.627
 0.840
-0.068
 0.299
 0.039
-0.911
 0.690
 1.200
-0.034
 1.390
 0.993
 0.140
 0.210
-0.777
-0.678
 0.416
-0.226
 0.454
 1.299
 0.057
 0.483
 0.295
 0.758
-0.594
 0.282
-1.027
 0.488
 1.600
-0.577
-0.110
 0.681
 0.144
 0.648
 0.773
 0.587
 0.492
-0.837
 0.105
 1.374
 0.403
-0.560
-0.480
 0.433
 1.360
-1.423
 0.142
-0.147
 0.890
 1.817
 0.364
 0.479
-0.256
 0.345
 1.227
 0.965
-0.171
 0.673
 0.160
 0.394
-0.287
 0.252
 0.409
 0.222
-0.220
-0.431
-0.309
-0.620
-1.715
 0.387
 1.408
 0.492
-0.478
-0.635
-0.489
 1.293
 1.716
 0.233
-0.799
-1.292
 0.122
 1.081
 0.938
 0.701
 0.988
-0.182
-1.469
 0.448
 1.735
 1.011
 1.185
-0.422
 0.892
-0.224
-0.038
 0.666
 1.120
 0.390
-1.102
-0.675
-0.530
-0.440
 0.307
 0.202
-0.825
-0.303
-0.729
-0.999
-0.741
-0.357
-1.270
 1.049
-0.111
 0.049
-1.119
-0.476
 0.661
 0.728
 0.519
-1.168
 0.179
-0.432
 0.766
-1.000
-0.767
-0.589
 1.215
-0.101
 0.914
-0.673
 1.380
-0.439
-0.151
 0.076
-0.145
 0.256
-0.014
 0.173
-1.358
-1.570
-1.926
-0.192
 0.008
-0.106
 1.362
-0.106
-0.215
 1.587
 0.974
-0.349
-0.927
-0.609
-0.259
-0.810
-0.538
-0.132
 0.327
-1.342
-0.366
 0.006
-0.253
-0.301
-1.366
-2.120
-2.379
-2.868
-3.153
-1.027
-1.878
-1.743
-1.826
-0.337
-0.550
 0.312
 0.644
-0.173
-0.374
-0.274
 0.354
-1.055
-0.097
-0.583
-1.532
-2.101
-0.701
 0.076
 1.257
-0.868
-1.257
-1.048
-0.438
 0.141
-0.446
-0.172
 0.007
-1.639
-1.523
-2.500
-0.979
 0.731
 0.362
-0.419
 0.776
 1.126
-0.498
-0.870
 0.459
-0.903
 0.032
 1.093
-0.951
-0.302
 0.006
-0.059
 0.794
-0.962
 1.004
-1.675
 1.347
-1.394
 0.081
-0.617
 0.198
-0.834
-0.599
 0.124
 1.109
 1.022
-0.461
 1.304
-0.125
 0.702
-1.307
 2.079
 0.324
 0.916
 1.065
 0.445
 1.469
 1.132
 0.436
-0.524
 0.974
 0.997
-0.488
-0.361
 0.098
 0.204
 0.119
 0.214
 0.300
 0.541
 0.443
 0.146
 0.710
 0.719
 0.147
 1.257
 0.133
-0.828
-1.948
 0.264
 0.970
 0.639
-0.060
 0.265
-1.205
 0.352
 0.698
 0.028
-0.903
 0.198
-0.311
 1.358
 0.246
 0.321
 0.262
-0.425
-1.154
-1.148
-0.732
-0.069
-0.419
-0.317
-1.280
-0.839
-1.543
-1.720
-0.948
-0.758
 0.209
 0.695
 1.950
-0.740
-1.429
 0.051
-0.297
 0.026
-0.084
-0.362
 0.027
-1.014
-0.658
-0.640
-0.759
-1.649
-0.869
-1.651
-1.430
-2.166
-0.885
-1.044
 0.917
-1.509
-0.501
-0.124
-0.641
-1.090
-0.147
-0.839
-0.319
 0.355
-0.480
-0.617
-1.100
 0.339
 0.181
 1.274
 1.835
 1.199
 0.556
 0.521
 2.291
-0.411
 0.042
 1.239
 1.188
 0.253
 1.033
 0.768
 0.876
 1.663
 1.468
 1.949
 1.839
 0.772
 0.628
 0.825
 0.946
 0.799
 1.284
 2.791
 0.443
 2.374
-0.596
 0.305
 1.739
 0.758
 1.530
 0.883
 0.136
-0.201
-0.590
-0.127
-0.068
 0.992
 0.015
 1.499
 1.645
 0.543
 1.276
 1.602
 1.077
 2.309
-0.799
-0.204
 0.042
 0.626
 1.013
 1.144
 1.782
 1.001
-0.001
-0.324
 0.713
 0.202
 0.126
 0.186
 0.018
-0.108
-0.257
 0.298
 1.288
 0.347
 0.391
 0.327
-0.285
-1.128
-0.373
 0.564
 0.000
-1.162
 0.774
 0.758
 0.597
 0.732
 0.040
 0.016
 1.098
-0.805
-0.642
-0.328
-0.146
-0.136
-0.567
 0.262
 0.645
-0.041
-0.746
 0.855
 1.324
 0.889
 0.054
-1.190
-0.811
-0.156
-1.666
-2.832
-0.963
-0.329
-1.010
 0.787
 0.078
 2.240
-0.596
 0.163
-0.017
-0.937
-0.033
-0.232
 0.094
-0.852
-0.183
 0.807
-0.181
 0.325
 0.253
-0.219
 0.435
 1.049
-0.959
-1.485
-0.699
-0.170
-0.480
-0.046
 0.047
-0.186
 0.216
 0.265
 0.160
-0.240
 0.343
-0.346
 0.136
-0.201
-2.067
-0.609
-1.563
-0.552
-0.846
-0.050
 0.042
 0.011
 0.181
 0.649
 0.239
-0.332
 0.592
 0.186
 1.351
 0.919
 0.111
-0.600
-0.819
-0.523
 0.040
-0.483
 0.347
 0.907
 0.228
 0.911
 2.157
 1.390
 2.171
 0.127
 0.048
 1.138
 1.092
 0.259
 0.782
 1.390
 1.379
 1.506
 2.300
 2.132
 1.654
 2.402
 1.809
 1.922
 1.406
-0.109
 0.098
-0.439
 1.009
 1.201
 0.825
 0.697
-0.273
 0.686
 2.170
 2.798
 1.101
 2.287
 1.026
 0.672
 1.705
 1.938
 0.208
 1.241
 1.685
 1.626
 1.023
 1.062
 0.940
-0.140
-0.360
-0.430
 0.107
-0.477
-0.481
-0.488
 0.152
 1.620
 0.391
 0.856
 0.289
 1.311
 0.657
 0.832
 1.039
 1.618
 1.093
 1.527
 1.275
 2.569
 3.418
 2.575
 1.844
 2.289
 1.838
 2.062
 0.845
 1.171
 0.035
 0.587
 1.350
 2.172
 0.311
 1.080
 0.926
 2.536
 1.043
 3.523
 3.035
 0.405
 0.037
 1.026
 0.673
 1.097
 0.913
 1.377
 1.610
 1.780
 1.309
 0.906
 0.878
 0.893
 1.097
 1.079
-1.238
-0.007
-0.253
 0.602
-0.890
 0.795
 0.425
 2.765
 2.292
 1.041
 0.632
-0.660
 0.936
 0.841
 1.210
-0.920
-0.235
-0.454
-0.575
-0.561
-1.549
-0.852
 0.035
-0.215
-0.659
-0.265
-0.597
 0.091
 1.013
 0.250
 0.970
 0.290
-0.654
 0.834
 1.621
 0.961
-0.726
 1.093
 1.325
 1.048
 0.099
-1.293
 2.188
 0.665
 1.866
 0.062
 0.635
-0.341
-0.184
-1.745
-0.169
-0.407
-0.628
-0.834
-0.052
 0.655
-0.294
-0.087
 1.550
 0.052
 0.427
-1.036
 0.389
-0.477
-1.654
 1.760
 0.553
 0.995
 0.354
 0.465
-1.528
-1.499
-2.024
 0.232
-0.628
-0.041
-0.282
 0.712
 1.071
-0.168
-0.057
-0.034
-0.355
-0.383
-0.834
-0.122
 0.416
 0.599
 0.489
 0.275
 0.504
-0.295
-0.779
 1.256
 1.226
 0.654
-0.656
-1.221
 0.326
-0.173
-2.739
-0.205
-0.270
 0.186
-0.526
-0.400
 0.078
 1.360
-0.133
 1.268
 1.203
-0.190
 0.422
-1.897
-1.055
-0.035
-0.973
 0.126
-1.715
-1.284
-2.423
-1.128
-0.860
-0.367
 0.564
 2.093
-0.143
-1.463
 0.561
 0.889
 0.205
-1.981
 0.160
-0.680
-1.570
-2.075
-2.424
-1.599
-0.831
-0.251
-1.436
-0.855
-0.635
-0.115
-0.443
-0.254
-0.988
-0.155
 1.098
 1.545
-0.076
-0.289
 0.006
 0.436
 1.487
-1.498
-0.708
-0.982
-0.693
-1.729
-0.289
-0.227
-1.494
-0.925
-0.541
 1.427
 0.322
-0.151
-1.378
 1.474
 1.078
-0.376
-0.344
 0.277
 0.268
-1.103
-0.826
-0.217
 0.709
 0.147
-0.930
-0.246
-0.892
 0.161
-0.207
 1.287
-0.667
-0.405
 0.576
 0.403
-0.853
 0.271
 1.121
 0.927
-0.640
-1.748
-1.621
-1.217
-0.136
 0.040
 0.248
 0.805
 1.104
 0.574
 0.397
-0.531
 0.004
-0.560
 0.086
 1.512
-0.342
 0.446
-1.075
 0.022
-1.600
-0.259
 0.220
-1.371
-0.580
-0.248
-0.625
-1.614
 0.846
-0.106
 0.628
 0.342
-1.264
-0.400
-0.584
 0.013
 0.400
-0.902
-0.793
-1.259
-1.053
 0.926
-0.652
 1.072
 0.483
-0.411
 0.245
 0.124
-0.445
 0.770
-0.765
-0.263
-0.256
 0.317
 0.406
 0.517
-2.212
-1.090
-2.022
-0.852
-1.380
-0.997
-0.019
 1.421
 2.101
 2.380
 2.742
 0.476
 2.276
 0.657
-0.509
 0.238
-0.196
 1.404
 0.892
-0.242
 1.623
 1.647
 1.410
-0.393
-0.414
 0.409
-0.853
-0.207
 1.863
 0.298
 0.044
 0.875
 0.137
-0.213
-0.406
 0.127
-1.051
-1.544
-1.365
-0.054
 0.143
 0.731
 1.520
 0.857
 0.364
 0.694
 1.866
 0.738
 2.245
 2.838
 1.644
 1.199
 0.574
 1.340
 0.187
 0.307
 0.694
 2.244
 0.103
 0.564
 1.439
 1.694
 0.660
 0.032
 1.030
-0.182
 1.253
 1.893
 0.945
 0.795
 1.644
 0.649
 0.193
-0.686
 0.951
 1.046
 0.595
-1.384
 0.322
 0.893
 1.575
-0.100
 1.200
-0.129
-0.318
-0.775
-0.215
 0.543
-0.458
 1.719
 0.794
-0.759
 0.077
 1.254
 2.016
 0.021
-0.644
-0.155
-1.607
-0.511
-0.545
-0.553
 0.425
 0.180
-0.692
-0.524
-0.607
-1.493
-0.457
-0.845
-2.395
-1.398
 0.499
 0.345
-0.077
-0.653
-1.359
 0.042
 0.075
-0.121
-1.052
-0.239
-0.095
-0.448
 0.376
-0.140
 0.604
 0.263
 1.062
 0.846
 1.120
-0.412
-0.192
 0.294
 0.226
-0.166
 1.342
-0.526
 1.031
 0.246
 0.018
 0.717
 0.398
 0.554
 1.697
 1.535
 0.232
 0.035
 2.087
 1.163
-0.769
-0.427
-1.065
-2.016
-0.019
-0.533
-0.333
-0.752
-0.144
 0.203
-0.066
-0.805
-0.680
-1.036
-0.635
-1.265
-0.846
-0.610
-0.078
 0.128
-1.414
-0.731
-1.194
 0.215
 0.428
 2.181
 0.929
 0.734
 0.930
 0.397
 0.664
 0.399
-0.201
 0.924
 0.432
-0.488
-0.931
-0.001
 1.294
-0.076
 0.251
 0.074
 0.591
 1.467
 2.170
 0.694
 0.822
 1.615
 0.638
 0.421
 0.372
 1.324
 0.220
 0.020
 2.051
 1.430
 2.276
 0.048
 0.522
 1.001
 0.599
 0.384
-0.496
-0.636
-0.566
-0.941
 1.010
-0.272
 0.256
 1.287
 0.450
 1.454
 0.214
 1.708
 0.834
-0.041
 0.665
-0.271
-0.802
-0.536
 0.832
 0.035
-0.173
 0.286
 0.661
 1.438
-0.793
-0.855
-0.072
-1.294
-0.349
 0.260
-0.806
-0.977
-1.882
-0.521
-2.227
-1.911
 0.400
-0.975
 0.225
-0.745
 0.127
-0.939
-0.754
-1.156
-1.514
 0.286
 1.237
 0.535
 0.773
 0.935
 0.442
-1.190
 1.530
 0.521
 2.789
 0.720
 1.209
 1.105
 1.100
 1.584
 1.124
 1.379
-1.336
 0.917
 0.575
 0.008
 0.811
 1.257
 2.390
 1.386
 0.861
 1.186
 2.567
 1.683
 0.257
 0.824
 1.885
 1.467
 0.875
-0.511
 0.770
-0.141
 0.539
 0.419
 0.265
-1.130
 0.356
 0.123
 0.787
 0.656
 0.105
 1.131
 0.283
-0.099
 0.264
 0.645
-0.151
 1.464
 0.678
 0.165
 0.523
 0.544
-0.659
 1.003
 0.321
 0.476
 0.104
 1.288
 2.062
 0.263
-0.071
 1.025
 1.935
 0.533
 3.297
 2.078
 0.292
 0.947
 0.745
 1.020
 1.092
 0.304
 0.786
-1.081
 0.617
 1.649
 0.374
-0.657
 0.143
-0.261
 1.956
 1.691
 0.358
-0.733
-0.953
-0.667
-1.418
-2.237
-0.384
-0.546
-0.283
-0.333
 1.491
 0.413
-0.263
-0.372
-0.078
 0.179
-1.277
 0.063
 0.563
-0.543
-0.737
-0.063
-0.570
-0.571
-0.616
 1.090
 0.377
-0.739
 0.157
 1.772
 1.497
 0.703
 0.671
 0.786
-0.803
-1.024
-1.424
 0.191
-0.970
 0.728
-0.871
-1.197
 0.270
 0.890
 1.201
-2.176
-0.270
 0.720
-0.821
 0.440
 0.891
-0.771
-0.097
 0.216
 0.667
-0.022
 0.671
-1.310
-0.297
-0.061
 1.215
-0.903
-0.405
 0.001
 0.668
-0.176
 1.114
 2.574
 0.518
-0.070
 0.767
 1.655
 0.629
-0.264
 0.957
-0.723
-0.710
-0.782
 0.296
 0.857
 0.199
 0.071
-0.271
 0.171
 0.441
 1.290
-0.114
 0.911
-0.271
 0.869
 0.420
-0.276
-1.285
-0.908
-1.030
-0.535
-0.121
-0.084
 0.173
 1.888
 0.005
 1.051
 0.342
-0.972
-0.598
-0.169
 0.386
-0.030
 1.505
-0.642
 0.116
-0.449
-0.101
-1.013
-0.661
-0.060
-0.268
 1.556
 0.889
-0.499
-1.323
-0.289
-2.947
-3.336
-0.014
-2.618
-2.350
-3.139
-0.031
-0.152
 0.044
-0.632
-0.484
 0.034
-0.982
 0.570
 0.445
-0.039
 0.343
 1.395
 1.980
 0.484
 1.365
 2.353
 0.355
-0.253
-0.544
 0.465
-1.239
-0.364
-0.465
-0.116
-0.998
-0.537
-1.009
-1.036
-1.527
-1.098
-0.362
-0.102
-1.304
-0.689
-1.949
-0.158
-0.515
-0.361
-1.046
-1.457
-0.957
 0.138
 0.844
 0.279
-0.203
-1.179
 0.193
-0.014
-0.443
 0.265
 0.037
-0.769
-0.717
-0.045
-0.344
-2.158
-1.108
 0.659
-1.271
-0.436
 0.396
 0.618
 0.986
 1.669
 0.638
-0.305
-1.194
-0.884
-0.279
-0.046
-1.361
-0.721
-0.345
 0.561
 0.071
 0.008
-1.690
-0.272
 0.400
-0.981
-0.901
-0.915
-1.788
-2.632
-3.558
-0.888
-0.214
 0.189
 0.274
-0.314
-0.967
 0.000
 1.757
 0.233
-0.423
-1.071
-1.562
-1.820
-0.706
-1.395
-0.066
 0.756
 0.206
-1.306
-0.814
-1.257
-0.560
 0.679
 0.212
-1.435
-0.565
 0.448
 0.377
 1.423
 0.426
 0.844
 0.465
-0.405
-1.546
-1.136
-1.004
-1.136
-1.198
-0.107
 0.485
 0.045
 1.404
-0.103
-1.187
-1.481
-1.157
-0.373
 0.154
 1.077
 0.731
 1.374
 0.644
-0.524
-0.197
-0.988
-1.409
-0.813
-0.367
-0.813
-0.973
 0.710
 0.283
-0.813
-1.148
-0.453
-0.037
 1.189
-0.297
 0.281
 1.032
 0.772
-0.243
 1.172
 0.472
 1.124
 0.794
-0.522
-0.008
 0.766
-0.161
 0.070
 2.140
 2.172
-0.209
 0.584
 1.143
 0.484
 1.597
 0.907
 0.114
 0.919
 0.070
-0.599
 1.339
 1.480
 1.807
 2.504
 0.696
-0.554
 0.883
 0.663
 0.775
 0.482
-0.016
-0.101
 0.275
-0.404
 1.041
-0.760
-1.401
 0.815
 0.708
 0.477
-0.880
-0.161
-0.901
 0.457
 0.948
-0.141
-0.210
 0.752
-0.011
 0.117
-0.672
 0.390
 0.174
 0.861
 0.141
-0.052
 0.882
 0.340
 0.963
 1.214
 1.131
-0.053
 0.564
-0.217
 0.767
-0.792
-0.216
 0.518
 0.168
 0.124
-0.239
-0.265
 0.468
 1.024
 1.193
-0.369
-0.517
-1.092
-1.849
-0.552
 0.705
-0.938
-0.195
-0.531
 0.192
-0.338
-0.557
-1.685
 0.121
-1.325
 0.683
 1.222
-0.348
 0.053
 0.801
 0.405
 0.032
-0.421
-0.750
-0.478
-0.747
 0.125
 0.964
 0.515
-1.373
-0.250
-0.969
-0.494
-0.036
 1.480
-0.198
-0.443
 0.506
 0.539
-0.296
 0.134
 0.638
 1.268
-0.144
-0.256
-0.880
-0.641
 1.039
 1.122
 0.780
 0.660
-1.192
-0.102
 0.711
-0.112
 0.291
 0.393
 0.815
 1.078
 0.226
-2.005
-0.359
-0.249
-1.459
-1.190
-0.581
 1.043
-0.068
 0.677
 0.406
 0.722
-0.698
 1.058
 0.936
 0.837
 0.608
 0.703
-0.793
 0.172
 0.924
 0.559
-0.108
-0.978
-0.214
 0.255
 0.259
 1.185
 1.299
-0.012
 0.657
-0.259
 0.951
 0.606
 0.646
-0.048
-0.097
 0.217
-0.606
-0.762
-0.223
 2.101
-0.065
 1.667
 0.730
-0.285
 0.919
-0.024
-1.066
-1.417
 0.604
 0.745
 1.250
-0.093
-1.038
-1.239
-0.803
 0.791
 0.035
-0.598
 1.296
 0.482
 1.289
-0.348
-1.172
-0.574
 1.767
 0.982
 0.150
 1.814
 0.264
 0.151
 0.670
-1.556
-0.213
-0.522
-2.206
-0.403
-1.474
-0.848
-0.580
 0.878
-0.161
 1.925
 0.121
-0.378
 0.260
 1.073
 0.155
-0.166
-0.662
 1.430
-1.272
 0.135
 0.460
 0.824
 0.609
 0.640
 0.109
 2.391
 1.779
 1.246
 0.251
 0.219
 0.605
 0.329
 1.236
 0.421
 0.829
-0.159
 0.088
 0.433
 0.011
 0.930
 0.435
 0.798
 2.257
 2.479
 1.427
 0.444
 0.257
 0.704
-1.245
 0.882
 0.401
-0.871
-0.100
 1.099
 1.265
 1.914
 1.354
 1.034
 0.125
 1.008
 2.355
 1.341
 1.731
-0.766
 0.069
-0.511
-0.582
 0.010
-0.840
 1.288
 1.293
-1.224
 0.071
-0.720
 0.332
-0.733
-0.450
-0.303
-0.193
-1.733
-1.634
-1.297
-0.248
-0.047
-1.117
-0.406
 0.269
-0.378
 0.878
 1.213
 1.979
 0.531
-0.217
-0.520
 0.688
 1.067
 0.419
-0.166
 0.762
 0.039
 0.730
-0.394
 0.815
 0.320
-0.152
 1.622
-0.400
-0.522
 1.543
-0.147
-0.315
-0.294
-0.195
-0.844
-0.081
-0.978
 0.453
 1.402
-0.004
 0.488
-0.538
 0.061
 0.875
 0.548
-0.278
-0.215
-0.280
 0.363
-1.294
-0.428
 0.134
-0.296
 0.513
 0.644
 1.225
 0.570
 0.997
 0.789
 1.155
 0.236
 0.746
 0.819
 0.207
 0.437
-0.860
-0.003
-0.479
 0.094
-2.195
-0.961
 0.472
-1.453
 1.517
-0.409
-0.783
-1.335
-2.187
-1.039
-1.727
-1.732
 0.372
-1.150
-1.552
-0.891
-1.435
 0.416
 1.237
-0.464
-1.312
 0.316
 0.522
-0.210
 0.139
 0.139
-1.214
-0.749
-0.522
-0.490
 1.013
 0.858
-0.473
-0.156
-0.732
-0.113
-0.444
-0.042
 1.157
-0.446
 1.878
 1.389
-0.039
-0.582
-0.034
-0.237
 1.011
 0.941
 0.346
-0.044
 0.295
-1.083
-0.882
-0.323
-1.734
 0.906
 0.646
 0.977
-0.641
 0.670
 1.343
 0.941
-0.273
-1.639
 0.042
-0.404
-0.265
-0.260
 0.241
 0.495
 0.950
-0.374
-0.552
-2.441
-1.124
 1.467
 0.214
 0.644
-0.513
-0.088
 0.443
 0.778
 0.916
-0.002
-1.607
-0.551
-1.495
 0.082
 1.468
 0.141
 0.939
 0.648
-0.500
 0.185
-0.169
-1.529
-1.111
-0.966
-0.427
 1.620
-0.655
-0.627
 0.746
-0.631
-0.622
 0.235
-0.680
 0.876
 0.075
 1.253
 0.699
-0.966
-0.216
 1.052
-0.050
-1.468
-1.466
 1.557
-1.498
-2.054
-0.008
-1.025
-0.918
-2.094
-0.184
-0.802
 0.535
-0.648
-0.512
-0.533
 1.117
 0.470
 0.102
 0.454
-0.035
 0.641
-0.750
-1.000
-1.539
-1.207
-0.440
 0.436
 0.047
-0.812
-0.632
-1.405
-0.805
-1.493
-1.594
-1.110
-1.185
-1.155
-2.106
-0.939
-0.737
-1.837
 0.822
 0.319
 0.777
-0.696
-0.079
-2.072
 0.316
-0.719
 0.368
 0.072
-0.452
-0.185
-0.426
-0.843
 0.162
-1.018
-2.758
-0.146
-0.487
-1.116
 0.057
 0.129
-0.535
 0.508
-0.490
 0.155
 0.458
 0.017
 0.480
-0.089
-0.113
 0.255
 1.099
 0.146
 1.018
-0.343
-0.682
-1.093
-0.152
-0.822
-0.735
-2.006
-2.802
 0.019
-0.647
-0.919
-1.497
-1.076
 0.283
-1.308
-1.559
-0.619
-0.520
-1.264
-1.522
-0.200
-0.879
 0.558
 0.181
-0.147
 0.061
 0.584
 0.207
-1.775
 1.201
 0.069
 0.143
 0.985
-1.189
-0.155
-0.359
-0.233
 0.256
 0.157
-0.421
 2.404
 0.251
-0.368
 0.586
 1.255
 1.592
-0.066
 1.087
 0.645
 0.355
-1.128
 0.604
-1.073
-0.404
-0.229
-1.926
-0.670
-1.040
-0.127
-0.268
-0.329
 1.575
-0.271
 0.650
 1.622
 0.407
 1.058
 0.958
 0.894
 0.881
 0.120
 0.037
 2.148
 0.386
 1.906
 1.823
 0.070
 1.183
 0.989
 0.750
-1.172
-0.864
 0.192
 0.460
 0.495
 0.778
-0.108
-0.674
 2.169
 0.568
 1.036
 0.804
 1.173
 0.838
 2.427
 1.056
 1.094
 1.628
 0.811
 1.326
 0.046
 0.803
 1.134
 0.829
 1.809
 0.888
 0.817
 0.464
 0.534
 1.186
 1.146
 1.368
 2.771
 1.817
-0.220
-0.563
 1.233
 1.164
-0.302
-0.234
-0.159
-0.676
 0.490
 1.764
 1.295
 1.619
-0.306
-0.630
-1.266
-1.862
-1.672
-1.335
-0.703
 0.322
 0.067
 0.942
 0.896
-0.673
 0.670
 0.768
-0.170
 0.755
 0.359
-0.441
 0.376
 1.435
 0.865
 1.345
 2.282
 1.749
 1.149
 1.207
 1.516
 0.161
 0.204
-0.131
 2.460
-0.240
 0.578
 1.010
 0.638
 0.270
 0.341
-0.892
 0.614
 0.288
-0.250
-0.141
 1.253
 0.465
-1.136
-1.125
 0.297
 1.847
 0.252
 1.767
 1.268
 0.169
 0.179
 1.273
 0.824
-0.351
-0.111
 0.497
-0.335
-0.510
-0.728
-0.260
 1.002
-0.101
-0.904
-1.218
-0.594
-0.992
-0.180
-0.452
-0.940
-1.535
-1.062
-0.688
-1.353
 0.648
 0.448
-0.496
-0.308
-1.040
-0.841
 0.267
 0.464
-1.162
-1.212
-1.352
-0.794
-0.128
 1.045
 0.119
 0.709
-0.198
 0.134
 0.111
 0.207
-0.059
-1.208
 0.220
-0.365
 0.246
 0.394
-0.191
 1.140
-1.144
-1.143
-0.009
 0.963
-0.117
 0.888
-0.521
-0.073
 0.773
-0.357
 0.187
 0.394
 1.239
 0.527
-2.018
-1.229
 0.065
-0.236
-0.635
-0.829
 0.340
 0.169
-0.783
 0.331
-0.540
 0.754
 1.173
 1.866
 1.806
 1.935
 0.445
 1.777
 1.704
 0.707
 1.039
 1.284
-0.471
 1.285
 1.060
-0.081
 0.970
 1.555
 0.275
 1.046
 1.534
 0.320
-0.052
 1.124
 1.501
 1.318
 1.169
 0.457
 0.938
 0.678
 1.023
 0.006
 0.713
 0.538
 1.159
-0.455
 0.572
 2.437
 0.156
 0.533
 0.793
 0.049
 1.665
 0.582
 1.824
 0.492
 1.390
 0.552
 1.614
 0.458
 1.094
 0.244
 0.253
 0.537
 1.049
 0.653
-0.497
-0.907
-0.119
 0.755
-0.967
-1.136
 0.356
 0.050
 0.511
 0.533
 0.013
-0.327
-0.465
-0.837
 2.307
 1.550
 1.093
 1.901
 0.186
 0.985
-0.214
 0.363
-0.276
-1.371
-0.480
 0.009
-0.737
-0.494
-0.502
-2.251
-0.194
 0.406
-0.104
 0.977
 0.263
-0.282
-1.185
-0.921
-1.337
-1.777
-1.947
-1.371
-0.282
-0.780
 0.792
 0.152
-0.180
-1.226
-1.408
-1.056
 0.534
-0.288
 0.496
-0.286
-0.205
-1.073
-1.241
-2.266
-0.825
-0.390
 0.379
-0.346
-0.665
-1.530
-1.688
-1.423
-0.713
-1.126
-0.923
-0.352
-1.512
-1.858
-0.422
-1.064
 0.368
-0.007
-0.843
 0.598
 0.125
 0.912
-0.294
 0.058
 0.267
 0.615
 0.931
-0.551
-0.375
-0.098
-1.211
-0.419
 0.586
 0.081
 0.043
-0.052
 0.115
-1.203
 0.176
-0.277
-0.018
 1.077
-1.195
-0.633
 1.272
 0.607
 1.343
 1.076
-0.084
 1.154
 0.918
 1.488
 0.924
 2.059
 1.991
 1.391
-0.027
-0.311
 0.747
-0.038
-0.534
 0.342
 1.034
 0.212
 0.194
-0.258
-0.321
-0.306
 0.038
 0.708
 0.538
-0.388
-0.031
-0.152
-0.466
-1.821
-0.921
-0.886
 0.323
-0.885
-0.050
 0.437
 0.629
-0.188
 0.319
 0.842
 1.289
 0.118
-0.931
-0.779
 0.339
-0.026
-0.149
 2.708
 1.219
 0.117
-1.144
-1.915
 0.038
-0.112
 0.875
 1.189
 0.067
 0.061
-0.194
-1.699
-1.576
-0.997
 0.517
-1.541
-1.238
 0.101
-0.744
 1.253
-0.156
 0.127
-0.567
-0.497
-0.934
 0.535
-1.386
-1.644
-2.418
-2.624
-2.417
-0.988
-0.777
-0.664
-1.434
-1.329
 0.331
-1.344
-1.480
 0.453
-0.683
-0.609
-0.131
 1.370
 0.264
 0.132
-1.520
-0.467
-0.009
-0.476
-1.488
-1.056
-0.623
-1.329
-1.383
-1.506
-1.003
-1.161
-0.204
 0.258
-0.003
 1.654
 1.956
 0.259
 0.657
 0.916
 0.549
 1.183
 1.421
 1.697
 0.318
 0.208
-0.101
-0.046
 0.703
-0.919
 1.074
-2.073
-0.996
-0.715
-0.349
-0.985
-0.708
-0.857
-0.509
-0.690
-0.842
-0.290
-1.643
-0.882
-0.438
 0.889
-1.057
-1.659
-0.596
-0.512
-0.091
 0.927
 0.502
-0.803
 1.955
 1.198
-0.878
 1.000
 1.782
 1.331
-0.971
 0.053
 0.245
 0.475
-0.511
-1.535
 0.903
 1.477
 0.339
-0.722
 0.845
-1.479
 0.555
-1.262
-0.941
-0.307
 0.284
 0.780
 1.463
 1.295
 0.323
 0.609
-0.877
 0.698
-0.681
-0.052
-0.472
-0.135
 0.054
-0.386
 0.572
 1.024
 2.292
 0.728
-0.434
 0.333
-0.669
 0.767
-0.116
-0.689
-0.662
-0.845
 0.570
-0.096
 0.160
 1.781
 1.367
 0.596
 2.202
 1.046
-0.033
 1.645
 1.401
 0.046
-0.010
 2.284
 2.163
-0.016
-1.037
 0.444
 1.675
-0.607
 0.522
-0.161
 1.508
-1.035
 0.306
-1.810
-0.553
-1.465
-1.716
-0.062
 0.043
-0.407
-1.267
 0.261
 0.314
-0.512
 1.876
 0.741
 0.702
-0.082
 0.247
-0.354
-0.357
 0.066
 0.322
 1.180
 0.534
-0.220
 0.509
-1.209
 0.173
 0.172
-0.101
-0.717
 0.149
 0.154
 0.291
-1.316
 0.367
-0.909
-2.092
-1.182
 0.901
 0.247
 0.256
 1.606
 1.128
 1.581
 0.147
 0.552
-0.626
 0.730
 1.964
 2.272
 1.870
 0.173
 1.985
 0.445
 1.014
 2.958
 1.150
 0.809
 1.177
 2.161
 2.118
 0.413
 1.026
 0.106
 0.781
 2.336
 0.781
-1.178
-0.236
 1.651
 1.731
-0.677
-1.382
 0.175
 1.060
-0.185
 0.342
-0.039
 0.676
-0.734
-0.592
 1.147
 1.263
-0.167
-0.542
-0.145
 0.229
-0.448
-1.380
-0.750
 0.212
-1.496
-1.543
-1.060
 0.275
 0.092
-0.784
 0.748
 0.174
-1.330
-1.323
 0.131
 0.573
 0.791
 0.385
-0.166
 1.698
 0.819
-0.331
-0.022
 1.034
 1.081
 1.316
 0.142
 0.756
 0.016
 0.257
-0.377
-0.681
-0.390
-0.167
 0.381
 0.667
 0.663
-0.394
-0.150
 0.489
 1.683
 0.547
-1.023
 0.885
-1.094
 1.339
 1.200
 1.100
-1.213
-0.823
 0.908
 0.524
 0.571
-1.610
-0.953
-1.445
-1.309
-1.307
-3.149
-1.967
-2.191
-1.433
 0.905
-0.687
-0.615
-1.077
-0.804
-1.175
-0.082
 1.621
-0.497
 0.656
 0.295
 0.436
-0.484
-0.195
-1.449
 0.181
-0.650
-1.920
-0.767
-1.380
-1.564
-1.678
 0.805
-0.194
-1.739
-1.532
-1.067
-0.384
-1.027
-0.425
-0.149
-0.176
-0.622
-0.600
-0.378
 0.062
 0.514
 0.199
-1.315
-0.759
 0.274
 1.449
 2.024
 1.352
 1.577
 0.866
 0.520
 0.216
 1.129
 0.264
 1.006
 0.557
-0.015
-0.294
 0.047
 0.714
 0.241
 1.651
 0.893
 0.359
-0.594
 0.067
 0.888
-0.172
 1.191
-0.455
-0.841
-1.238
-0.374
-0.493
 0.006
 2.015
 0.923
 1.022
-0.849
-0.936
-1.345
-1.530
-0.010
 1.375
-0.356
-0.613
-0.304
-1.381
-1.028
-1.227
-2.403
-0.839
-1.589
-0.994
-0.168
-0.633
 2.116
-0.475
 0.328
-0.187
 0.181
 2.493
 0.160
 1.195
-0.911
-1.599
-1.130
-2.011
 0.222
 0.486
-1.400
-1.669
-1.670
 0.080
 0.691
 0.355
 0.402
-1.283
 0.321
-0.445
-0.596
-0.026
 1.318
 0.269
-0.106
-0.153
 0.817
-0.766
 0.238
 0.390
 0.003
-0.452
 0.109
-0.982
-0.922
 0.239
-0.776
 0.626
-1.138
-1.290
-1.505
-0.742
-0.270
 0.597
-0.144
 0.643
-1.203
-1.075
 0.081
 2.258
-0.798
 0.790
 1.038
 0.227
-0.413
-0.755
-0.228
 0.131
-0.104
 0.251
 1.449
 0.254
-0.361
 0.947
-0.080
 1.102
-0.413
 0.280
 0.701
 0.815
 1.435
 0.267
 0.233
 0.129
 1.346
-0.042
-0.338
 0.477
-0.448
 0.480
-1.809
-0.951
-0.216
 1.407
 0.731
-0.027
 0.474
-0.250
-1.159
-0.221
 0.335
 1.489
 1.218
 1.917
 1.292
 2.606
 1.531
 0.456
 0.656
-0.028
-2.037
 0.379
-1.169
-1.231
 0.688
 0.652
 1.245
 0.922
 2.018
 0.945
 0.804
-0.141
-0.319
 2.209
 1.790
-0.253
 0.838
 2.969
 1.080
 2.629
 1.368
 1.028
 0.510
 0.919
 0.939
 0.934
 0.769
-0.197
-0.176
-0.999
 0.207
-0.462
 0.433
 0.808
 1.579
 1.970
 1.497
 0.127
 0.492
 0.250
 0.571
 0.062
 0.531
 2.431
 0.574
 0.345
 1.925
 0.022
-1.016
 0.885
 1.344
 0.523
-0.160
-0.587
 1.059
 0.571
-0.590
 0.095
 0.386
 1.101
 0.333
 0.275
 1.391
 0.523
 1.582
 0.758
 1.102
 0.813
 0.091
-0.055
 0.968
 0.702
 1.542
 0.884
 1.397
-0.141
 0.158
 0.377
 0.600
 0.579
 0.825
 0.428
 0.652
 0.486
 1.263
-0.446
-0.451
 1.331
 0.557
 0.782
 1.624
 0.947
 0.978
-0.071
 0.911
 1.104
 0.839
-0.482
 1.154
 0.809
 1.147
 1.745
 1.776
-0.602
 0.103
 1.516
 0.262
 0.084
-0.418
 0.425
-0.509
-1.035
-1.053
-1.296
-0.860
-0.862
-1.617
 0.440
-0.581
-0.204
 0.665
-1.078
-0.734
-0.988
 0.364
 0.191
-1.223
 0.814
-0.573
 0.316
 0.673
 0.547
 0.512
 1.451
 1.144
 0.605
 2.383
 1.886
 1.511
 1.016
 1.936
 0.946
 2.357
 1.930
 1.394
 0.029
 0.095
-0.779
 0.890
 0.323
 1.385
-0.305
-0.650
 0.862
 1.779
 1.794
 2.667
 1.810
 0.850
 0.809
 1.605
-0.399
-1.070
-0.427
 0.887
-0.886
 0.769
 1.215
 0.783
 0.815
 0.032
 1.010
 0.070
 0.534
-0.809
 0.808
-0.725
-0.391
-0.871
-0.538
-0.750
-0.438
-1.219
-1.870
-0.454
-0.887
 0.854
-0.120
-1.161
 0.176
-0.675
-0.462
-1.940
-1.027
 0.823
-0.871
-1.114
 0.023
 0.549
-0.488
-1.167
-0.925
-1.973
-0.411
 1.087
 1.416
-0.655
-1.423
-0.113
-0.177
-0.015
 0.117
 1.133
 1.005
-0.105
 0.347
-0.655
-0.444
-0.513
 0.177
-0.608
-0.718
-0.379
-0.949
 0.765
 0.172
 0.253
 0.604
 0.105
-0.920
-0.558
-0.018
-0.122
 0.370
 1.236
 0.527
-0.715
 0.335
 0.091
-0.108
-0.444
 1.007
-0.964
 0.504
 0.284
 0.921
-0.504
 0.515
 0.578
 1.299
 0.219
-0.003
 0.810
 0.310
 0.084
 1.170
 1.264
 1.308
 0.989
 0.793
 1.244
-0.301
 0.966
 2.124
 0.597
 1.871
 0.497
 0.782
-0.110
 0.497
-0.569
-0.002
 1.066
 0.988
 0.819
 0.938
 0.145
 0.099
 0.556
-0.310
-0.350
-1.932
 0.048
 2.428
-0.265
-0.678
-0.240
-0.791
 1.117
 0.727
 1.215
 0.029
 1.240
-0.376
-0.973
 0.110
 0.475
-0.816
 0.154
 0.105
 1.337
 1.764
 0.951
 0.994
 0.853
 1.213
 0.394
 1.633
 1.182
 0.933
 0.503
 1.405
 1.250
 1.166
 1.701
 0.829
 0.629
 1.088
 0.544
 0.243
-0.976
-0.273
 0.545
 0.226
 0.023
 1.704
 0.303
 0.557
-0.660
-0.199
 2.390
 1.388
 0.096
-0.939
 0.281
-0.116
 1.043
 0.126
-0.651
 0.605
 1.800
 1.221
 0.291
 1.116
 0.518
-0.487
-0.397
-0.970
-1.157
 0.672
-0.209
 1.078
-0.277
-0.353
-0.751
-1.073
 0.925
 1.518
 0.506
-0.765
-1.366
 0.073
-1.109
-1.015
 1.054
-0.919
 0.118
-1.308
-0.425
-0.709
 0.926
-0.647
-0.463
-0.767
-0.731
 0.344
-0.373
-0.423
-0.337
-0.228
-0.123
 0.127
 1.313
 0.182
-0.658
-0.034
 0.024
 0.178
-0.477
-1.906
-0.917
-0.400
-0.220
 0.233
-0.500
-0.199
-1.319
-0.626
-0.522
-0.692
-0.397
-1.746
 0.061
 0.732
 0.924
 0.767
 0.862
-0.097
-0.874
 1.184
 0.168
-1.867
-1.390
-0.821
 0.472
-0.239
-1.186
 0.447
 0.723
-0.711
-1.157
-1.450
-0.381
 0.316
-0.734
-2.686
-1.726
-0.857
 0.364
-1.617
-2.383
-2.944
-1.572
-0.340
-1.717
-1.517
-0.942
-2.017
-0.828
-1.647
-1.662
-0.328
-0.982
-1.750
-1.651
-0.761
-1.395
-1.092
-0.228
-1.259
-0.325
 0.005
-1.102
-0.911
 1.199
-0.828
-0.327
 0.903
 0.012
-0.543
-1.011
 1.496
 0.798
 0.486
-0.870
-1.762
-1.441
-1.488
-1.411
 0.507
-0.938
 0.170
-1.333
-0.261
-1.409
 0.185
 0.207
-0.804
-1.340
 1.107
 0.257
 0.112
-1.289
-0.802
 0.419
 0.260
 1.372
-0.181
-0.232
-0.748
-1.127
-1.292
-0.595
-1.426
-0.861
 0.343
 0.439
-0.281
-0.974
-0.287
 0.359
 2.221
 2.287
-0.916
-0.931
-0.257
-0.875
-0.710
 0.479
 1.033
-0.253
 0.176
-0.205
-1.156
-0.985
-1.428
-0.924
 0.054
 0.912
 1.473
 0.442
 0.705
 1.008
 1.209
 0.001
 1.547
 1.195
 0.929
 1.063
 0.922
 0.514
 1.038
 1.070
-0.131
-0.266
 1.442
 1.193
 0.624
 0.092
-0.595
 0.396
 0.341
-0.483
 0.383
 0.319
 0.474
-0.496
-0.192
-0.488
-1.843
 0.148
-0.477
-1.384
 1.333
 0.405
-1.069
 0.898
-0.860
 0.365
-0.323
-0.499
 0.768
 1.864
 2.984
 2.577
 1.399
 1.357
-0.469
 0.548
-1.689
-1.100
 0.221
-0.493
-0.117
 0.275
 0.039
-0.186
-0.659
 1.002
-2.345
 1.140
 0.054
 0.436
-0.442
-0.592
-0.505
-1.202
-0.689
-0.458
-0.194
-1.293
 0.751
-0.280
-1.400
-0.152
-1.221
-0.669
-0.692
-1.754
-0.844
-0.174
-0.446
-1.567
-1.372
-0.572
-0.282
-1.233
 0.070
-0.671
 1.070
 0.661
-0.897
-1.604
 1.075
-0.349
 0.011
 0.612
 0.152
-1.246
-0.585
-0.046
-0.629
 1.672
-0.496
 0.186
-0.138
-1.926
-1.100
-0.611
 0.216
 1.371
 1.464
 1.336
 0.450
 1.954
 2.046
 0.943
 1.168
 1.710
 2.713
 2.549
 0.798
-0.553
 0.516
 0.374
-0.160
-0.269
 0.770
 1.267
 1.114
 1.220
-0.066
-0.130
 0.926
-0.590
-0.134
 0.972
 0.897
-0.368
 0.406
-0.001
 0.562
 0.620
-1.635
 0.349
-0.007
 0.711
 1.352
-0.138
 0.531
 0.118
 0.812
-0.352
 0.373
 0.313
 0.411
-1.029
 0.284
 0.424
 0.463
 0.985
 0.831
-0.487
-1.160
-0.444
 0.685
-0.600
-0.257
 1.594
 1.175
 0.635
 1.358
-0.113
 1.551
-0.775
-0.614
-1.029
-2.289
-0.529
-1.060
-0.515
-1.550
-0.137
 0.443
 0.165
-0.200
-0.115
 1.656
 2.676
 2.406
 0.272
-0.599
 1.586
 0.483
 1.254
 1.412
 0.593
 0.315
 0.193
 1.799
 0.846
 1.200
-0.892
-0.117
-0.232
-0.688
 0.439
 1.148
 0.921
-0.179
 0.468
 0.228
-1.006
 0.402
-0.932
 0.546
-0.645
-0.579
-0.696
-2.058
-0.580
-1.432
 0.878
 0.067
 0.681
 0.427
-1.103
 0.400
-0.209
-0.058
 1.205
-0.245
-0.451
 0.092
-0.395
 0.060
 0.918
-0.457
-1.199
-0.219
-0.395
 0.169
 0.861
 0.036
-1.212
-1.913
-1.564
-1.492
-1.497
-0.468
 0.556
-0.620
 0.735
-0.354
-1.228
 0.336
-0.281
-0.642
-0.250
-0.610
-1.140
 1.054
-1.081
 0.286
-2.559
-0.480
-0.067
 0.067
-0.436
-0.120
 0.522
 0.374
 0.139
-0.488
-1.044
 0.315
-1.202
-0.873
 0.150
 0.043
-0.693
-0.165
-1.923
 0.209
-1.924
-2.004
-1.297
 0.705
 2.033
-1.025
-0.007
-1.722
-1.206
-0.950
 0.791
-0.217
-2.051
-0.721
-0.913
-1.589
-0.203
 1.415
-0.131
-0.644
 0.204
 0.162
-1.109
-0.669
-1.571
-1.657
-1.036
 0.003
 0.880
-0.744
-0.326
-1.107
 0.124
 1.057
-0.897
 0.596
 0.217
 0.323
 0.174
 0.588
-1.057
-0.752
 0.317
 0.939
-0.773
-0.624
-1.671
-1.385
-1.004
-1.399
-0.430
-0.602
-0.177
-2.285
-0.128
-0.388
-0.139
-0.855
 1.011
 1.247
 0.076
 0.624
-1.355
-0.678
-0.566
-1.875
-0.057
-0.528
 0.937
-0.163
 1.088
 0.059
-0.119
-0.395
 0.099
 0.852
 1.144
 0.875
-0.048
-0.130
 0.101
-0.822
-0.542
-0.457
 0.381
-1.221
-0.066
-0.794
-1.553
 0.110
 1.537
-0.944
-0.620
-0.629
-2.112
-0.050
-0.940
-1.285
 1.828
-0.443
 0.071
-0.508
-0.120
-1.769
-1.417
 0.328
-0.291
 0.597
 0.704
 1.720
 1.397
 1.221
 0.973
 0.119
 1.172
 1.405
 1.372
-0.513
 0.761
-0.169
 0.460
-1.291
 1.609
 1.709
 2.296
 2.337
 2.184
 1.623
 1.108
 0.166
 0.898
 1.935
 0.246
-0.060
 0.707
 0.365
 0.998
 1.663
-0.620
-2.323
-1.336
-1.537
-0.790
 0.243
 1.168
 2.227
 0.255
-0.072
-0.114
-0.373
-0.281
 0.096
-0.509
 0.779
 0.295
 0.388
 0.881
 0.061
 0.727
-0.325
-0.531
-0.078
 2.094
 0.211
-0.769
 1.357
-0.747
-0.089
 0.192
 0.080
 0.693
 0.322
-0.345
-0.457
 0.348
 0.067
 0.559
-0.335
-0.798
 2.865
 1.837
-0.565
 1.914
 0.821
-0.254
-0.796
 0.758
-0.606
-1.906
 0.279
-1.494
-0.312
-0.272
 1.303
 2.500
-0.427
-0.153
 0.353
-0.907
-0.797
-0.773
-1.866
-1.686
-0.476
-0.231
-0.653
 0.458
-1.428
 0.108
-0.021
-0.703
-0.206
-0.659
-1.778
 0.269
-1.965
 0.431
-0.747
 0.022
-1.213
-1.412
-0.685
-1.496
-1.438
-1.970
-1.443
-0.198
-0.411
-0.004
 0.237
-1.751
-0.558
 0.625
-0.981
-1.261
-1.433
-0.185
 0.558
 0.799
 2.198
 1.681
-0.091
-0.102
 0.811
-0.210
-1.301
-0.050
 1.395
-0.226
-0.176
-0.848
-0.389
-0.647
-0.387
-0.525
-1.105
-0.182
 0.107
-0.305
-0.462
-0.062
-0.068
 1.033
 1.064
-0.282
-1.078
-0.728
 0.017
-0.591
-0.519
 0.491
 0.605
-0.141
 0.032
-1.702
 1.077
 0.151
 0.696
 1.209
 0.287
-0.154
 0.081
-1.404
 0.248
-1.488
-1.522
-0.028
 0.258
-0.354
-0.216
-0.129
 0.171
 0.356
 0.864
 1.120
 1.249
-0.942
-0.047
 0.955
-0.081
 1.293
 2.175
 1.606
 0.094
 0.845
-0.701
 0.336
 2.843
 2.472
-0.115
 0.764
 0.413
-0.917
 0.644
 0.857
-0.181
 0.765
 0.595
 0.547
 0.117
-0.358
 0.156
-0.140
-0.888
-0.573
-0.060
 0.499
 0.078
-0.288
 0.635
 1.305
 0.565
 0.936
-1.377
 1.046
 0.579
 0.015
-0.839
 1.047
 0.271
 0.031
-0.410
-0.372
-0.796
-0.830
-0.004
-0.939
-1.461
-0.480
-0.254
-0.352
-0.752
 0.566
-0.485
-0.643
 0.271
-0.713
 1.024
 0.742
 0.533
-0.539
-0.392
 0.015
-0.475
 0.193
-0.076
-0.329
 1.079
-0.350
 0.979
-0.374
 0.587
 1.075
 1.385
 0.966
