84
-0.559
-1.569
-1.003
-0.533
 0.467
 0.796
-0.578
-0.361
 1.096
-0.118
 0.634
-0.121
-0.296
-0.524
-0.562
-0.127
 0.084
 0.330
-0.456
-0.018
-0.570
-1.056
-0.584
-0.019
-0.171
-1.193
-0.588
-1.480
-0.440
-0.440
 0.009
-1.343
-0.412
-1.346
-0.675
-0.953
 0.118
-0.567
 0.078
 0.609
-0.028
-1.662
-0.866
-1.298
-1.393
-0.287
 0.000
 0.194
-0.273
-0.288
-1.536
-1.108
-1.205
-1.687
-2.074
-1.241
 0.003
 0.303
-1.272
 0.816
 1.213
 1.104
 0.120
-0.782
 0.892
 0.732
 0.618
-0.460
-0.546
-1.878
-1.185
 0.271
 0.214
-0.177
 0.105
-1.196
-0.429
 0.043
-0.518
 0.071
-0.603
-2.147
-0.776
-1.596
-0.936
-1.253
-0.867
-0.377
-0.504
-1.347
-2.162
-1.918
-1.628
-3.570
-1.389
-2.326
-2.108
-1.466
-2.314
-2.216
-0.629
-0.732
-0.501
-0.015
-0.516
-1.062
-0.029
-0.085
-1.364
 0.065
 0.308
-1.432
 0.307
 0.124
 0.516
 1.282
 1.212
 0.286
 1.406
 0.974
 0.961
 0.145
 0.814
-0.563
 1.220
-0.602
-1.327
-0.103
-0.316
-1.594
-0.676
-0.839
-0.741
-0.046
-0.720
-0.095
-0.035
-0.248
-1.558
-1.742
-1.748
 0.557
 1.049
 1.229
-0.121
-0.343
 0.232
 1.147
-0.019
-1.319
 0.130
 0.221
 1.132
-0.309
-0.193
-0.101
 0.336
-0.966
-0.989
-1.014
-1.042
-0.204
-1.321
-1.231
-0.549
-0.435
 0.482
 0.816
 0.556
-1.539
-1.179
-0.792
-1.609
-1.191
 0.042
 0.189
-1.173
 1.277
-0.009
-1.472
-0.468
-1.229
-0.684
 0.179
-0.941
 1.234
 0.740
-2.117
-0.928
-0.675
 0.085
-2.111
-1.196
-1.340
-1.226
-1.124
 0.008
 1.689
 1.020
-0.916
-1.565
-1.897
-0.307
 0.942
 0.671
 0.509
-1.132
 1.278
 1.127
 1.335
 0.416
 1.095
-0.238
-0.066
 0.091
 1.255
 0.168
-0.223
-0.137
-0.666
-0.235
 0.041
 0.517
 0.559
 2.821
 0.766
 0.243
 0.760
 1.598
 0.087
 0.870
-2.531
-0.835
 0.078
 0.926
-1.636
 0.188
 0.010
 0.811
 0.078
-0.418
-0.715
 0.043
 0.398
-0.410
 0.035
-0.869
 1.045
 0.788
 0.115
-0.563
-0.160
 0.147
-0.230
-0.420
-0.231
 0.813
-1.928
 1.035
 0.329
 0.402
 0.255
 2.019
 0.486
-1.031
-1.034
-0.674
 0.677
-0.150
 0.703
-0.480
-1.318
-1.536
-1.083
-1.750
 0.317
-0.508
 0.156
-1.849
-0.357
-1.711
-0.305
-0.550
-2.940
-2.360
-1.156
 1.042
 0.222
 0.249
-0.945
-0.267
-0.286
 0.913
 0.959
 0.199
 0.573
-1.131
 0.693
 0.045
-0.723
-2.367
-1.798
-1.812
 0.036
-0.440
 0.405
-0.062
-0.301
 0.884
-0.225
-1.313
 0.607
 0.386
-0.346
-0.951
 0.171
-1.118
 0.702
-0.351
-0.419
-1.162
-1.024
-1.962
-1.543
-0.030
 0.262
 0.751
-0.107
-1.105
-0.280
-0.323
-1.208
-1.656
 0.041
 0.490
-0.295
 0.098
-0.151
 0.667
-0.515
 0.072
 0.730
 0.268
 1.342
 0.762
 0.274
-0.178
 0.016
-0.844
-0.065
-1.792
-0.255
 1.571
-0.261
 0.612
-0.941
 1.409
-0.789
-0.848
-0.369
-1.340
-1.242
-1.619
-0.987
 0.456
 0.219
-0.904
 1.058
 2.761
-0.248
-0.586
-1.391
-1.288
-0.575
 0.785
 1.146
-0.928
-0.527
-0.830
-0.801
-0.888
-1.376
-1.238
-1.226
 0.213
 0.054
-1.058
-1.026
-1.094
-0.701
-0.045
 0.286
-0.037
-0.348
-0.306
-1.990
-1.264
 1.692
 2.305
-0.139
-0.103
 0.525
 0.943
 0.971
 1.780
 0.039
-1.203
-0.970
-0.313
-0.380
-0.654
-1.043
 0.476
 0.164
 0.333
-1.733
-0.841
-0.657
-0.900
-0.745
-0.034
-1.068
 0.105
 1.495
-0.704
 0.696
 1.154
-0.395
-0.256
 0.812
 0.551
-0.023
 2.283
-0.004
-0.411
 0.196
 1.601
 0.427
 0.190
-0.778
-1.113
-0.553
 0.394
-0.141
-0.845
-0.953
-1.067
-1.069
-2.645
-1.005
 0.040
-1.207
-0.204
-1.546
-0.826
-0.446
-1.343
-0.710
-0.374
-0.857
-1.481
 0.044
-1.169
-0.293
 0.106
 0.750
 1.099
 0.657
 0.910
 0.976
 1.675
 0.288
-0.226
-0.542
-1.033
-0.423
-1.053
 1.033
-1.299
-0.862
-1.434
 1.208
 1.517
 0.094
-1.893
-1.178
-0.131
-0.304
 0.266
-0.420
-1.449
 0.685
 0.111
 0.058
-1.103
-0.148
 2.254
-0.402
-0.065
 1.028
 1.459
-0.610
-0.891
-0.977
-0.215
 0.757
-0.239
-0.559
-2.175
 0.715
 0.250
-1.607
-0.424
 0.394
 0.943
-0.693
-0.472
-0.901
-0.460
-0.112
-1.810
-1.213
-0.904
-0.177
-0.440
 0.450
 0.568
-1.307
-0.275
 0.197
 0.401
-1.105
-0.387
-1.119
-1.288
-2.080
-1.602
 0.581
-0.422
-1.560
 0.042
-0.270
 0.493
 0.452
 0.218
-0.601
-1.053
-0.154
-0.678
-1.453
-0.645
-0.124
-0.498
-0.206
-0.283
-0.764
 1.068
 1.650
 1.200
 0.904
 1.063
 1.737
 1.813
 0.345
-0.381
 0.036
-0.344
-0.840
-1.314
-0.420
-0.583
-0.276
 0.589
-0.162
 1.044
 1.804
 0.540
-0.297
-0.780
-0.093
-0.552
 0.151
-1.567
-0.950
-1.032
 0.782
 0.217
-0.609
 0.949
 1.066
 0.816
 0.919
-0.445
 0.040
 0.638
-0.361
 1.577
 1.548
 0.946
-0.316
-1.991
-1.260
-0.372
-0.404
-1.320
-1.598
-3.183
-1.390
-1.313
-1.153
-1.240
-0.675
 0.030
-0.470
-0.432
-1.068
 0.214
 0.897
 1.240
-0.276
 0.647
 0.091
-0.081
 0.053
 1.498
 1.308
 2.650
 0.769
 0.970
-0.143
 0.171
 0.694
-0.001
 0.040
-0.463
 0.235
 1.612
 0.387
-0.330
 0.805
-0.207
-0.942
-0.735
 0.554
 0.631
-0.049
-0.276
-0.811
 0.307
 0.925
-3.038
 0.800
-0.947
-1.149
-0.686
-1.705
 0.600
-0.017
-1.240
-0.619
-0.683
 0.146
-0.813
-0.250
 0.671
 0.557
 0.517
-1.683
-0.670
-1.346
-1.054
-0.882
 0.854
-0.156
-0.403
 0.014
-0.508
-1.290
 0.541
 0.907
-0.642
-0.120
 1.259
 0.841
-1.693
 1.149
 1.192
-0.069
 0.351
-0.412
-0.495
-0.693
-0.264
-1.275
 1.944
-0.065
-0.620
-1.032
 0.141
-0.022
 0.664
 0.528
 0.601
 0.434
-0.090
 0.350
-0.841
 0.366
 1.475
 1.079
 0.753
 0.527
-0.352
-0.229
 0.114
-0.849
-0.087
-0.865
-0.070
-1.262
-1.346
-1.673
-0.262
-0.843
 0.461
 1.423
 0.749
 0.388
-0.110
 0.813
 1.427
 1.278
 0.219
 0.875
 0.836
 0.954
 1.255
-0.407
-0.206
-1.969
-1.144
-0.972
 0.218
-0.699
 0.967
-1.136
-0.113
-0.931
-0.640
-0.226
 0.824
 0.046
-1.546
-2.231
-1.043
 0.459
 0.012
-0.130
-0.715
 0.327
-0.943
-1.935
-1.044
-1.290
-0.433
-0.494
-0.171
-1.428
-0.604
 0.248
-0.976
 0.688
-1.346
-2.673
-0.860
-0.229
-0.462
 0.194
-0.717
-1.153
 0.057
 0.279
 0.760
-0.011
-1.628
-0.599
-1.971
 1.169
-0.800
-0.086
 0.420
 0.455
-0.603
-0.274
-0.932
 0.221
-0.751
-0.809
 0.199
-1.474
-2.009
-0.573
-0.645
 0.790
-0.362
 0.296
-0.244
-0.682
-1.096
-0.124
-0.908
-0.398
-0.758
-0.346
 0.531
 0.896
 0.527
 0.877
 1.621
 0.221
 0.573
 0.106
 0.805
 0.519
 2.529
 1.856
-0.085
 1.025
 0.180
 0.985
 0.443
 1.533
-0.026
-0.061
 0.247
 0.937
 1.095
 0.250
-0.493
 0.515
 0.276
-0.490
-0.737
 0.327
 0.654
 0.222
 0.208
 1.238
-0.254
 1.264
 0.401
 0.027
-0.761
 1.124
-0.018
 2.188
 1.594
-0.271
-0.555
 0.597
 0.898
 0.522
-1.730
-1.150
-0.965
 0.735
 1.001
-0.209
-0.148
 0.285
-0.518
 0.068
-0.646
 1.667
 0.905
 0.584
 0.117
 0.857
 0.015
 1.676
 0.169
-1.209
 1.222
 1.647
 0.997
-0.835
 1.418
 0.142
 0.337
-0.174
-0.053
 2.062
 1.917
 0.117
 0.284
 0.414
 0.672
 1.824
 0.293
-1.683
 0.147
-0.344
-0.247
 1.100
-1.143
-0.307
-1.885
-0.899
 0.969
-0.213
-0.021
-0.809
-0.554
-0.758
 0.009
-0.714
-0.850
-0.656
-1.365
-0.561
-1.315
-0.800
-0.053
 1.451
-0.309
 0.372
 0.142
 0.829
 0.094
 0.290
 1.302
 0.071
 0.555
 0.101
-1.383
-0.278
-0.254
-1.385
-0.215
-0.445
-1.321
 0.030
-0.353
 0.210
 1.568
 0.382
 0.132
-1.373
 0.140
-0.620
-1.048
 0.392
-1.359
-0.052
-0.192
-0.544
-0.470
 0.207
-1.231
-1.006
-0.712
-0.085
-0.369
-0.597
-1.625
 0.074
-0.270
 0.354
 0.714
 0.948
-0.844
-1.237
-0.413
-1.545
-0.537
-0.763
 0.434
 0.636
-0.821
-2.232
-0.721
-0.513
 0.929
 0.624
 0.636
-0.387
-0.642
 0.247
-0.139
-1.148
-1.490
 0.422
-0.258
-0.285
-0.194
-0.097
-1.079
-0.760
-0.654
-0.225
-2.112
-0.445
-0.444
-0.682
-0.885
-1.560
-1.425
 0.630
-0.405
-0.823
-0.652
 0.013
-1.564
-0.546
-0.396
 0.274
-0.110
 0.349
 0.343
-0.291
-1.819
-0.637
 1.093
-0.680
-0.928
 0.160
 0.098
 0.781
 1.363
 1.098
 0.781
 1.018
 0.367
 0.345
 1.891
 1.147
 1.056
 0.737
 0.915
 0.840
 0.042
-0.744
-0.706
-0.516
 0.613
 1.836
 0.511
 1.293
 1.665
 0.121
 0.165
 0.757
 0.019
-0.084
 0.480
-1.084
-1.055
-0.488
 1.430
 0.593
 1.537
 1.100
 2.020
 0.385
 0.235
 0.977
 1.453
 1.256
 0.383
-0.435
 0.888
-0.734
-0.025
 0.472
-0.116
-0.622
-1.203
-0.222
 0.044
-1.692
-0.180
-0.683
 1.145
 0.255
-0.996
-0.823
-1.295
 1.387
 0.897
-0.043
 0.031
-0.239
-0.855
 0.065
-0.458
-1.575
-1.636
 0.222
-1.200
-0.760
 1.080
 0.622
-0.963
-1.234
 0.950
-0.035
-0.313
 1.229
 0.487
 1.252
-0.070
 0.054
-0.947
 0.491
 1.480
 1.203
 0.533
-0.218
 0.554
 0.784
 1.560
 0.010
-1.336
-0.355
-0.324
-0.492
-0.604
 0.604
-0.889
-0.592
-1.286
-0.757
-1.874
-1.169
-1.023
-0.554
-1.426
-0.479
-2.854
-0.379
 0.498
 0.457
-0.593
 0.084
-0.590
 0.637
 0.219
-0.258
 0.322
-0.176
-0.654
-0.266
-0.284
-1.199
-0.489
-0.149
-0.497
 0.448
-1.236
-0.183
-0.843
-1.480
 0.068
 0.446
-0.669
-1.251
-1.060
 1.350
-0.057
-1.612
-0.195
-0.704
-1.642
-1.703
-0.953
-0.764
-1.872
-1.822
-1.920
-0.228
-0.650
-0.769
-2.597
-2.014
-1.235
-1.074
-0.766
-0.618
-2.275
-1.425
-1.746
-0.831
-2.129
-0.602
-0.956
-0.027
-0.328
-0.223
-0.329
-1.407
-1.790
 0.163
-0.284
-1.665
-0.765
-1.938
-2.841
-1.903
-0.408
 0.356
 0.080
 0.529
 0.297
 0.743
-0.297
 0.041
-0.376
-1.032
-1.526
-2.669
-1.197
-1.581
-1.188
-0.970
-0.263
 0.035
-2.054
-1.319
-1.714
-0.967
-0.986
-0.960
-1.204
-0.967
-0.612
-0.973
-0.888
-1.515
-1.343
-0.432
-0.141
-0.542
-0.983
-0.686
-0.043
-0.111
-0.240
-1.256
-1.161
-1.005
-1.314
-1.037
 0.344
-0.543
-0.516
-0.938
 0.831
-2.057
 0.112
-0.332
-0.438
-0.492
-0.230
 1.137
-0.681
-0.902
-0.694
-0.644
-0.187
-0.359
-0.616
-0.674
-0.545
-1.662
-0.313
 0.900
 0.911
-0.494
 0.483
-0.405
-0.988
-1.695
 0.095
-0.675
 0.351
 0.781
-0.500
 0.254
-0.695
-2.199
-0.802
-0.055
-0.001
-0.434
-0.460
-0.807
-0.690
-0.968
 0.006
 0.870
-0.326
-1.991
-1.486
-1.770
-0.760
 0.790
 0.237
-0.169
-0.776
-1.058
-0.082
-0.866
-0.162
 0.004
 0.989
 0.746
 0.662
-0.032
 0.909
 1.573
 0.186
 0.819
-0.341
-1.252
 0.445
 0.029
-1.341
-0.906
 0.750
 0.788
 0.474
 0.722
 0.851
 0.604
-0.286
-0.260
-0.619
-0.515
-1.187
-3.018
-2.394
-0.164
-1.916
-1.324
 0.732
-2.252
-0.966
-0.379
-0.809
-0.455
 1.303
 0.792
 1.546
 0.866
-0.198
-1.069
-0.705
-0.849
-0.439
-1.543
 0.557
-0.588
-0.737
-0.747
-1.463
-1.240
-2.742
-0.186
-2.391
 0.334
 0.312
-0.167
 0.016
 1.477
 1.402
 1.549
-0.684
 0.775
 0.808
 0.836
 0.780
 1.790
-0.768
-0.965
-0.972
-0.583
 0.703
 0.061
 0.580
 0.742
 2.190
 1.059
 1.231
 0.140
 1.479
 1.658
 0.034
 0.808
 2.317
 0.791
 0.954
-0.993
-1.346
-0.982
-1.261
-0.865
 0.221
-0.428
 1.605
 0.379
-0.948
-0.129
-0.987
-0.283
 0.940
 0.111
-0.438
 0.567
 0.933
 0.157
 0.254
-0.628
 1.124
-0.598
 0.122
 0.200
-0.017
 0.416
-0.411
-0.322
-1.062
 0.976
 0.668
-0.639
-1.011
-1.954
-2.477
-1.204
 0.623
-0.211
-0.893
-1.246
 0.291
-0.410
-1.276
-0.882
-1.969
-0.065
-0.743
-0.309
 1.322
 0.087
 0.191
-0.613
 0.274
-0.408
-0.271
 0.097
 0.086
-1.176
-0.028
 0.845
 0.882
 0.719
 0.860
 1.564
 2.630
 0.272
-0.040
-0.327
-0.378
 0.319
-0.341
-0.032
-1.149
-0.484
 0.907
-0.499
 0.519
-0.377
 1.238
 0.373
 0.077
 0.327
 1.192
 0.970
-1.857
-0.351
-0.942
-0.582
 0.648
 0.264
 0.899
-0.820
-0.621
-0.937
 0.284
 1.022
 1.600
 0.585
 1.618
 1.022
 0.072
-0.409
 0.336
-0.861
 0.805
-0.781
-0.341
 0.352
-1.510
-1.279
-1.215
-1.291
-1.803
-0.496
-0.800
-1.715
-0.065
 0.638
 0.605
 1.087
-0.230
-0.026
-2.253
 0.124
 0.192
 0.098
 0.488
-0.298
-0.649
-0.256
-1.108
 1.030
 0.732
 0.127
 1.622
 1.846
 0.394
-0.614
 1.025
 1.117
 0.180
 0.109
-0.100
 0.123
 1.075
-0.374
 0.684
 0.468
-0.881
 0.737
 0.029
 0.399
 0.338
 0.316
 1.842
 2.753
 1.969
 2.514
 2.596
 0.947
-0.348
 0.099
-1.735
-0.641
-2.107
-0.921
-0.395
-0.439
-0.623
-0.585
-1.253
 0.124
-0.803
 1.214
-0.672
-0.671
 0.788
 0.024
 0.012
 1.821
-0.313
-0.313
 0.495
-0.329
 0.488
-0.025
 0.236
 1.205
 1.084
-0.163
 0.246
-0.535
-0.328
-0.225
-0.592
-0.413
-1.031
-0.199
-0.440
 0.699
 0.221
 0.315
 0.369
 1.201
 1.169
-0.654
 0.293
 0.506
 0.282
 1.398
 0.112
 1.687
 1.605
 0.110
-0.498
 0.512
 2.402
 0.984
 0.060
-0.116
-1.263
 0.890
 1.506
 0.504
 0.796
 0.163
-0.178
-0.744
-0.389
 1.444
 0.396
 0.237
 0.407
 0.406
 0.579
-1.473
-0.521
-0.471
-0.413
-0.357
-0.278
-1.282
-1.725
-1.244
-2.050
-2.161
-1.798
-1.145
-0.270
-1.841
-1.246
-0.283
-1.124
-0.744
-0.320
-1.371
-1.722
-1.258
-0.640
-0.503
-1.144
-2.400
-0.109
-0.131
-0.065
 0.598
 0.455
 1.179
 0.141
-0.358
 1.053
 0.794
 1.081
 0.537
-0.587
 0.641
-1.763
-0.959
 0.185
 0.164
-0.609
-1.446
 0.088
-0.798
-0.141
-1.236
-2.339
-1.471
-0.057
 1.486
 1.477
-0.517
-0.657
 0.535
 0.303
-1.228
-0.106
 0.067
-0.834
-0.542
-0.610
-1.183
 0.870
 1.111
 1.660
 0.326
 0.174
 1.472
 1.461
-0.494
-0.178
-0.876
 0.605
-0.276
 0.550
 1.775
-0.353
 0.285
 1.060
 0.914
 0.385
 0.662
-0.490
-0.840
-0.229
-0.680
 0.781
-0.171
 0.889
 1.333
 1.618
-0.916
-0.118
 1.837
 0.730
-1.020
-1.873
-0.989
-0.204
-1.649
-1.169
-0.045
 1.206
-0.844
 1.301
 0.954
 0.927
 0.857
-0.283
-0.367
 1.537
 0.328
 1.821
 1.350
 0.589
 0.803
-1.221
-0.159
-0.139
-0.027
-1.207
-0.171
 0.097
 0.706
-0.325
-0.221
-1.007
 1.651
 0.712
-0.710
 1.679
 2.084
 1.019
 0.757
-0.666
-1.724
-0.364
-0.637
-0.217
-0.753
-1.207
-0.052
-1.422
-0.685
 0.574
 0.973
-0.560
-0.451
 0.956
 0.288
-1.244
-1.362
-0.207
-1.173
-1.098
 1.268
 0.303
 0.461
 1.325
 1.638
 1.258
 0.831
 0.883
 0.939
 0.753
-1.060
 0.002
 1.157
 1.489
 1.006
 1.633
-0.808
 0.350
 0.985
 1.070
 0.541
-0.251
-0.814
-0.059
 0.465
-0.062
 0.815
 0.569
 1.348
 1.769
 0.180
 0.750
 0.892
 0.515
 0.078
 0.270
-0.116
-1.620
-2.357
-1.414
 0.007
 0.186
-0.053
-0.659
-0.265
 0.344
-0.536
 0.064
 0.117
 0.197
-0.086
-0.185
 0.228
 0.757
-0.688
 1.889
 1.231
 0.376
-0.715
 0.785
 0.137
-1.601
 0.667
-0.349
-0.457
-0.643
 0.200
-1.522
 0.123
-0.876
-0.354
 0.996
-0.561
 0.353
 0.361
-1.172
-0.558
-0.270
 0.823
-0.273
 0.256
 0.895
 0.566
 0.870
 1.094
 0.569
 0.827
 0.947
-1.216
 0.156
 0.133
-0.260
-0.587
-0.492
-0.098
-0.352
 0.242
 0.393
 0.183
 0.002
-1.429
-1.202
-1.663
-1.364
 0.201
 0.072
 0.254
 0.406
-0.292
-1.842
-0.095
-0.345
-1.191
-1.117
-0.478
-1.245
-1.694
-0.642
-0.520
-0.899
-0.391
 0.041
 0.401
-1.239
 0.230
 0.203
 0.274
 0.157
-0.784
-0.433
 0.312
-0.841
-1.667
-1.143
-0.088
-1.152
-0.560
-0.324
-0.529
-0.447
-1.476
 1.089
 0.190
-0.086
 1.533
 0.404
-0.428
 2.616
 1.673
 0.738
 1.688
 0.470
-1.149
-0.308
-0.377
 1.783
 0.701
 0.833
 0.260
-0.634
-0.804
 0.570
 1.184
 0.944
-1.050
 0.374
-0.644
-1.208
-1.876
-0.792
-0.421
 0.274
-0.809
-0.364
 0.285
 1.125
-0.182
-1.159
-0.872
-1.182
-0.057
 0.161
-0.163
-0.120
 0.423
 1.970
-0.539
 0.954
 2.243
 0.631
-0.302
 0.292
-0.246
-0.097
 1.068
 1.034
 0.234
-0.484
 0.006
 1.363
 0.883
 0.690
 1.267
 1.342
-0.531
 1.613
-0.841
 0.183
 0.731
 2.893
 1.592
 1.297
 1.030
 0.596
 0.588
 1.781
 1.733
 0.604
 2.519
 2.133
 0.881
 1.086
-0.405
 0.836
 0.348
 0.575
 1.222
 2.322
 0.211
 0.735
 2.404
 1.280
 2.754
 1.744
 1.901
 1.266
 0.607
 1.859
-0.255
 1.311
 1.345
 1.651
 1.359
 1.686
 0.998
 1.431
 0.597
-0.037
-0.513
-0.353
-0.071
-1.141
 0.253
 1.227
 1.531
 0.588
 1.550
 1.324
 1.374
-0.836
 0.437
 0.097
 0.687
 0.723
 1.865
 1.320
-0.773
 2.123
 1.518
 1.494
 1.356
 0.529
 1.581
 1.077
 1.012
 1.388
 0.908
 0.796
 1.255
 0.805
 0.548
 0.011
-0.134
 0.607
 2.279
 0.597
-0.059
 1.520
 1.683
 0.163
-0.377
-0.255
 0.139
 0.529
 1.025
-0.836
 0.272
 1.063
-0.017
-0.399
 0.465
-0.709
-0.112
-1.525
-0.969
-0.836
-0.887
 0.618
-1.754
-0.685
 0.236
-2.309
-1.921
-1.507
-1.760
 0.479
 0.234
 0.627
-0.379
 0.224
 0.440
-0.088
-0.313
 0.790
 0.014
 0.687
 0.447
 0.881
 0.711
 0.321
 0.418
-0.266
-0.661
-2.427
-0.661
-0.744
-0.457
-0.368
 0.306
 0.605
-0.629
 0.037
-0.433
 0.075
 0.296
-0.290
 0.303
 0.776
-0.065
 0.539
 0.574
 0.505
 0.013
-1.482
-0.425
-0.234
 0.064
-0.663
-0.939
-1.389
-0.603
-1.392
 0.443
 0.389
 0.575
-0.274
-0.354
-0.953
-0.514
-1.116
-1.303
-0.431
-0.656
-0.908
 0.349
 0.236
-1.935
-1.585
-1.158
 0.318
-0.401
-0.262
-0.044
-1.730
-1.281
 0.389
-0.953
-0.051
-0.148
-0.394
 0.254
-0.188
 0.175
 1.199
 0.099
 0.795
 0.479
 0.449
 0.631
 0.278
 0.474
-0.300
-0.338
-0.494
-0.365
-0.233
-1.079
-0.314
 0.304
 0.363
-0.899
 0.124
 0.486
 1.335
 0.190
-0.378
-0.997
-0.081
 0.431
-0.279
-0.522
-1.316
-1.050
-1.898
-1.634
-1.327
-0.768
-1.501
-1.031
-0.897
-1.474
-2.687
-2.305
-2.869
-1.567
-0.950
-0.215
 0.192
-0.687
-1.257
-1.571
-1.153
-0.891
 0.441
-2.108
 0.466
 0.325
 0.303
-0.713
-0.360
-0.264
 0.234
 0.563
 0.642
-0.429
 1.353
-0.165
-0.357
-1.313
-0.078
-0.525
 0.262
 0.297
 0.105
-0.883
-0.433
 0.817
-1.100
-1.139
 0.433
-1.026
-0.479
-0.229
-0.237
-0.811
 0.022
 0.658
 0.724
 0.574
-0.225
-0.432
-0.865
 0.301
-0.229
 0.120
 0.059
 0.607
-0.254
-0.746
 1.551
 0.895
 1.314
 0.524
 1.096
 0.641
 0.675
-0.254
-0.485
 0.238
-0.402
 1.194
-0.062
-0.030
-0.086
 0.866
 0.960
-0.901
 1.457
 1.664
 0.219
 0.187
-0.073
 0.459
-0.342
 0.565
-0.791
-0.964
-2.372
-0.784
 0.356
 0.287
-1.509
-0.043
 0.075
-0.897
 0.434
 0.932
 0.386
 1.441
-0.513
 0.286
 0.980
 1.329
 0.863
 1.406
 0.724
-0.327
-0.992
 0.691
 1.420
 0.373
-0.004
-1.000
-0.775
-0.859
-1.137
 0.044
-0.236
-0.453
-1.554
-1.861
-2.118
-1.728
-0.828
 0.133
 0.392
 0.638
-0.330
-0.885
-1.089
-1.288
-2.003
-2.211
-1.293
-0.846
-2.381
-1.317
-0.736
-1.059
-2.056
-1.911
-2.628
-0.628
-1.056
-0.385
-0.902
 0.258
-0.067
-1.116
 0.806
-1.850
-0.108
 0.239
-0.012
 0.081
 0.265
 0.114
 0.448
 0.179
 0.259
-0.063
 1.273
 1.669
-0.002
 0.450
 1.353
-0.342
-0.775
-0.664
-1.103
 0.064
-1.005
 1.329
-1.316
-0.284
-1.509
 0.482
-0.251
 0.359
-1.426
-0.761
 1.644
-0.007
-1.527
-0.471
-1.717
 0.190
 0.309
 0.654
-0.266
 1.287
 0.316
-0.566
-0.413
-0.935
-2.424
-0.487
-0.496
-0.052
 0.130
-0.148
 1.504
-0.700
 1.554
-1.805
-1.844
-1.014
-1.708
-0.084
 0.277
 0.381
-1.019
-0.140
-0.997
-0.424
-1.694
-1.066
-0.753
 0.727
 0.850
 0.042
 0.579
 1.286
 0.144
 1.076
 0.599
 0.870
 1.946
-0.628
 0.899
 1.049
 1.989
 1.282
 1.224
-0.163
-0.022
-1.151
-0.191
 0.771
-0.737
 1.073
 0.275
-0.729
-1.099
 0.002
-0.565
-0.270
 0.009
 0.586
 0.584
-1.002
-0.667
 0.531
-0.664
-1.325
-2.242
-0.712
-1.070
-0.073
-0.465
 0.422
-0.823
-1.327
-0.527
-2.110
-1.532
-0.034
-0.503
 0.643
 0.498
-0.606
-1.512
-1.229
-1.062
-1.301
 0.286
-0.707
 0.009
 0.388
 1.326
 0.246
 0.929
-0.107
-0.704
 0.617
-0.329
 0.369
-0.244
-1.071
 0.512
-0.070
 0.943
 0.447
-0.194
 0.162
-0.144
-0.291
-0.380
-1.461
 0.395
 0.015
-0.430
-0.019
-0.260
 0.648
-1.295
-0.696
-1.567
-2.535
-0.338
-0.763
-0.960
-0.268
-0.177
 0.764
 2.529
-0.339
 1.395
 1.642
-0.249
-0.701
 0.049
 0.477
 1.269
 0.705
 1.516
 0.240
 0.526
 0.119
-0.227
 0.892
-0.302
-0.117
 0.073
 0.519
-0.218
-0.755
-0.737
-0.041
 1.253
 1.642
 1.435
 1.881
 1.160
 0.518
 0.815
 0.671
-0.201
 1.357
 0.270
 1.432
 1.454
 2.398
 2.110
 0.012
-0.016
 0.457
-0.473
 1.678
-0.013
 0.875
 0.515
 0.018
-1.296
-0.560
 0.239
-0.760
-1.233
 0.547
 0.319
-0.498
-1.191
-0.976
-1.843
 0.344
-1.125
-1.151
-2.082
-0.667
-0.523
 0.915
 0.998
-0.350
 1.012
-0.952
-0.039
 0.374
-0.731
-0.167
-0.012
-1.115
 0.282
-0.881
-0.396
-0.169
-1.244
 0.396
 0.778
 0.894
 0.369
-0.344
-0.022
-0.328
-1.132
-0.927
-0.566
-0.723
-0.445
-0.885
 0.167
-0.168
-1.427
 0.045
-1.672
-0.715
-0.165
-0.468
-0.437
-0.173
 0.904
-1.005
 0.032
-0.900
 0.575
-0.646
-1.920
 0.102
 0.773
 0.120
 0.787
 0.011
 0.975
 0.985
 0.151
-1.228
 0.227
 0.376
-0.215
-0.448
-0.347
-0.385
 0.524
-1.237
-0.931
-0.517
-0.599
-1.567
-1.956
-0.744
-1.652
-1.582
-2.128
-0.593
-1.404
-1.704
 0.439
-1.088
-0.176
-0.263
-1.967
-0.571
-0.806
 0.486
-0.028
-0.551
 0.252
 0.040
-0.983
-0.610
-1.487
-0.119
-0.110
-1.676
-0.765
-0.632
-0.743
-1.807
-2.493
-1.428
-0.737
-0.551
-0.657
 0.141
-1.782
-0.914
-1.532
-0.397
-1.856
-0.804
-0.875
-0.633
 0.663
-1.803
-2.410
-1.517
-0.612
-1.561
-1.352
-1.073
-0.505
-1.345
-0.834
-1.275
-2.334
-2.012
-0.564
-1.031
-0.029
-1.894
-1.005
-0.590
-0.964
-0.955
-1.366
-0.826
-0.957
-0.258
-0.077
-1.919
-0.770
 0.825
-0.767
 0.319
 0.353
-0.790
-0.556
 0.187
 0.113
-1.760
 0.112
 0.279
-1.061
 1.604
-1.564
-1.710
 0.133
 1.959
-0.324
-0.516
 0.159
-0.210
 0.447
-0.921
-0.990
-0.745
 0.436
-0.224
 0.243
 0.058
-0.082
 0.069
 0.886
 0.715
 0.348
 0.160
 0.153
 0.092
 0.689
 0.219
-0.849
-0.050
 0.910
-0.443
-1.212
-0.076
-0.465
 0.577
-1.061
 0.607
-1.086
-0.130
 0.243
 0.301
-1.129
 0.134
-0.536
 0.278
-1.212
 0.366
-1.482
-2.322
-1.466
-0.490
-0.767
 0.471
-0.336
-0.373
 0.094
-1.538
-0.507
-1.803
-0.143
-1.309
 0.987
-0.280
 1.076
-0.218
 0.606
 0.086
-0.325
 1.187
 0.567
 0.346
 1.003
 0.369
 0.330
 0.569
 0.047
 0.469
 1.171
 1.612
 0.828
 0.824
 0.927
-1.132
 0.092
 1.591
 1.075
-0.086
 0.750
 0.609
 0.254
-0.029
-1.171
-0.670
-0.625
-0.382
-0.663
 0.853
-1.682
 0.472
 0.488
-0.441
 0.194
 0.297
 0.835
-0.516
 1.561
 1.482
 0.994
 0.463
 0.913
-0.650
 1.446
 1.110
-0.738
 0.768
 0.886
 1.583
-0.513
-0.705
-0.569
 0.743
-0.392
-1.082
 0.504
-0.942
-0.607
-0.702
 0.645
 0.778
-0.708
-0.540
 0.735
-0.939
 0.481
-0.758
 1.365
-0.092
 0.203
 0.751
 1.998
 0.182
 0.835
-0.071
 0.574
 0.398
-0.682
 0.505
 1.971
 1.432
-0.483
 0.427
 0.091
-0.816
 1.179
 0.807
-0.047
 1.774
 1.974
 1.519
 0.464
 0.142
-0.264
 0.477
 1.671
 0.577
 0.579
 2.049
 0.674
 1.511
 0.769
 0.895
 0.547
 0.422
 0.213
 1.681
 1.116
 1.877
 1.632
 0.954
 0.377
 1.641
-1.759
-0.384
-0.296
 0.684
 0.421
 0.264
-0.197
 0.351
 0.330
 0.896
 0.910
 0.469
-0.172
-0.961
 0.738
 0.376
 0.037
 1.401
 1.191
 0.744
 0.913
-1.346
 0.475
 0.297
 0.398
 0.288
 1.104
 0.360
-0.302
-0.510
 1.003
 0.777
-0.207
 0.957
 1.456
-0.240
-0.278
 0.246
 0.910
 0.811
 0.662
 0.198
 0.442
-1.027
 0.474
 1.448
 1.426
 2.414
-0.116
 1.036
-0.002
 0.706
-0.504
-0.374
-0.510
 0.645
 0.859
 1.010
 1.853
 1.096
 1.477
 1.273
 1.201
 1.149
 0.700
-0.418
-0.165
 0.813
-0.496
-0.329
 0.571
 1.467
-1.295
 0.593
 1.407
 0.893
 0.311
-0.849
-0.079
 0.957
 0.246
 0.078
-0.754
-0.253
-1.188
 0.718
 0.014
 0.819
 0.838
-0.171
 0.287
-0.069
-0.041
 0.363
-1.321
-1.533
-0.164
 0.046
-0.559
-0.109
-1.052
-1.039
-1.087
-2.176
 0.533
 0.811
-0.216
-0.510
-1.243
-1.601
-0.769
-0.038
 0.454
-0.155
-1.091
 1.313
-0.362
 1.042
 0.635
-0.954
 0.191
-1.004
-0.381
-1.677
-1.528
-0.553
-0.517
-2.345
-1.573
-2.229
-0.415
-0.401
-1.685
-0.575
-0.925
-0.121
-0.271
-0.101
 2.116
 0.963
 1.159
 0.185
 0.246
-0.648
 0.029
-1.332
-1.207
-0.342
-0.186
 0.510
-0.019
-0.686
-1.483
-1.961
-1.031
-0.367
 0.367
-0.192
 1.074
-0.587
-0.272
-2.780
-0.706
 0.279
-0.067
 0.596
 0.902
-0.521
 0.424
-0.011
-0.452
-0.874
 0.559
 1.114
-0.170
 0.555
 0.157
 0.784
 0.862
 0.190
 0.391
 0.862
-1.514
-0.008
-1.181
-1.322
-0.734
-1.269
-1.191
 0.449
-1.057
 0.440
-0.616
-1.423
-0.677
 0.781
 0.455
-1.361
-1.377
-0.618
-0.379
-0.909
-0.090
-1.060
-0.942
 0.145
 0.332
-1.114
-1.740
-0.401
-0.596
-0.693
 0.090
-0.658
 0.039
 0.280
-0.145
 0.422
 0.452
-0.116
-0.566
 0.307
-0.772
 1.450
 0.389
 2.240
 2.057
 1.640
-0.178
 0.236
 1.049
-0.379
-1.864
-1.653
-1.324
-0.614
 0.781
 0.537
-0.731
 1.853
 0.977
 1.331
-0.069
 1.523
 1.132
 1.113
-0.087
 0.761
-0.958
 0.752
 2.064
-0.795
-0.965
-0.579
 0.612
 0.216
-0.152
 0.216
 0.093
-0.748
 0.419
-1.774
 0.841
-0.092
-0.730
 0.084
-0.169
-0.421
 0.025
-0.322
-0.163
 0.138
-1.236
-0.625
-0.346
 0.717
-0.166
-0.485
-1.755
 0.259
 1.916
 0.930
 2.082
-0.031
 1.083
 0.375
 0.913
 0.106
-0.555
 0.023
-1.090
-0.274
 0.319
 0.690
-1.133
 1.270
-0.030
-0.983
 0.168
 0.340
-0.607
 0.083
-0.253
-0.942
 0.768
 1.289
 0.839
 0.520
-0.196
-0.019
 0.254
-0.309
 0.680
 1.197
 0.210
-0.299
-0.797
 0.457
-0.773
 0.669
-1.563
 0.094
 0.505
 0.019
 1.138
 1.903
 0.425
 0.666
 1.589
-1.412
 0.330
-0.262
 1.457
 1.337
 0.037
 1.011
-0.890
-0.400
-1.637
-0.841
-1.050
 0.510
-1.224
-0.687
 0.119
 0.490
 0.984
-0.010
 1.426
-0.050
-0.765
-1.489
-1.539
-1.856
-0.592
-1.461
-1.968
-0.638
-0.281
-0.899
-0.527
-1.985
-3.560
-1.617
-0.374
-0.374
-0.291
-0.433
 0.332
-1.230
 0.065
-0.279
-0.933
-1.772
-1.218
-1.628
-0.906
 1.428
 0.272
 1.320
-1.038
 0.707
-0.116
 0.026
 0.261
 0.755
 0.086
-1.312
 0.983
 0.753
-0.111
-0.222
-0.493
-0.817
-1.472
-0.252
-0.660
-0.164
-0.952
-0.458
 0.652
-1.875
-1.503
-0.603
-0.377
-0.186
 0.073
 0.691
 1.229
-0.919
-0.326
-1.290
 1.790
 0.681
-0.272
-0.350
-0.884
-0.269
 1.018
 0.719
-0.140
-1.408
-1.023
 1.863
-0.081
 0.196
 0.990
 0.818
-0.272
-0.861
 0.047
 0.974
-1.009
 0.363
-0.764
-0.591
-1.870
-1.613
-0.484
 0.366
-0.214
-1.649
-0.853
-1.120
 0.306
-0.378
 0.548
 1.542
 0.838
 0.058
-0.171
-0.081
 1.337
 1.472
 0.088
-0.942
-0.178
-0.624
-0.960
-0.373
-0.176
-0.794
-0.080
-0.971
 0.450
 0.506
 0.792
-0.093
-1.047
-0.948
-0.979
-2.502
-1.830
-0.906
-0.834
-0.021
-0.211
 0.128
 0.578
-0.842
-0.667
-0.667
 0.354
 0.375
-0.155
 0.467
-1.183
-0.694
-0.690
-0.243
 0.384
 0.107
-1.266
-0.363
-1.501
-0.144
 0.613
 1.474
 0.232
-0.139
 0.650
-0.010
-0.459
-0.095
-0.818
-0.135
 1.405
 0.022
-0.311
 0.525
 1.414
 1.273
 0.720
-0.110
-1.420
-0.747
-2.860
-1.433
-0.452
-0.017
 1.258
 0.096
 0.058
 0.626
-0.721
-0.596
-1.498
-0.242
 0.316
-1.246
-0.009
 0.365
-1.230
-1.535
-0.764
-0.494
-0.832
 0.178
-0.690
 0.771
 0.648
-0.211
-0.120
-0.091
-1.016
 0.278
-0.320
-0.252
-1.070
-0.304
 0.141
-0.772
-1.238
-0.311
 0.007
-1.358
-0.391
-0.795
 1.121
-0.660
-1.723
-0.324
 0.743
 0.595
 0.830
 1.467
 0.059
-1.421
-1.371
-1.664
-1.486
 0.673
 1.515
 0.421
 0.521
 0.715
-0.555
-0.145
 0.332
-0.123
-0.376
 0.906
 0.251
 0.254
-0.005
 0.647
-1.269
-1.330
 0.677
-0.295
-1.421
 0.506
-0.511
-1.263
 0.420
-0.207
-0.663
 0.672
-0.743
 2.116
-0.286
 0.004
 0.334
 0.434
-0.306
-1.327
 0.514
 0.466
 0.022
 0.526
 1.484
 0.779
 2.251
 1.111
 0.660
 1.110
 0.188
-0.039
-0.376
 0.391
 0.357
 0.144
 0.104
-0.059
 0.877
 0.952
 2.019
 0.437
 0.998
 1.437
 1.200
 0.440
 1.266
 0.680
 0.513
 0.118
 0.563
 0.472
 0.451
-0.351
 1.362
-0.528
 1.079
 1.192
 1.085
-0.015
 1.730
 0.310
-0.366
-0.681
 1.590
 0.418
 0.361
 0.075
 1.832
 1.179
 0.476
 0.588
-1.007
-0.230
 0.675
 0.428
-0.642
-0.484
-0.398
-1.118
-1.505
-0.690
-0.473
-0.924
-1.460
-1.770
-0.325
-1.790
-0.573
-1.823
-1.167
-1.031
-0.978
-0.608
-0.262
-0.320
-1.259
-0.759
-1.601
-0.923
-1.769
-1.240
-1.690
-1.113
-1.554
-1.012
-1.308
-1.338
-1.114
-3.488
-0.833
-0.053
 0.496
-2.254
-0.718
 0.083
-1.234
-1.436
 0.006
-0.280
-0.442
-1.164
-0.898
 0.491
 0.799
 0.216
-1.253
 0.584
 1.105
-0.540
-0.667
 0.456
-0.295
-0.839
 0.366
-0.924
-1.018
-1.740
-0.943
 0.075
-0.334
 0.787
 1.438
 0.385
-0.103
-1.506
-1.600
-0.880
-0.238
-1.071
-1.099
-2.971
-2.001
-1.703
-0.789
-0.505
 0.284
-0.419
 1.109
-0.925
 1.489
 1.192
 1.801
 0.170
-0.758
-0.413
 1.536
 0.431
 1.552
-0.050
 0.056
 0.907
 1.027
 0.539
 0.238
 1.654
-0.180
-1.188
-0.417
 0.562
-0.915
-0.639
 0.391
-0.112
 0.486
 0.047
-0.020
-0.467
-1.573
 0.228
 1.163
 0.363
 0.454
 0.209
 1.783
 1.292
 1.494
 0.085
 2.144
 3.091
 1.342
 1.423
 0.999
-0.652
 0.228
 0.462
 0.737
 1.133
-0.857
 0.203
-0.268
-0.659
-0.491
 0.090
-0.539
 0.019
 1.131
 1.242
 0.334
 0.307
 2.854
 0.520
-0.981
-0.795
-0.703
-0.025
 0.378
-0.671
 0.485
-0.696
 0.847
-0.976
-0.484
 0.668
 1.663
 1.144
 0.011
 0.040
-0.956
-0.624
-0.812
-1.034
 0.419
 2.151
 0.105
 0.786
 1.218
-1.295
-0.298
-0.694
-0.774
-2.923
-1.329
-1.706
-0.889
-1.993
-0.776
 0.264
-0.206
-0.895
 0.099
-0.960
-1.270
 0.263
-0.266
-0.108
-0.781
-1.843
 0.292
 0.009
 0.212
 0.677
 1.014
 0.379
 0.911
-0.923
-0.277
-0.244
 1.151
 0.278
 0.413
 0.418
-0.122
 1.098
 0.705
 0.105
-0.353
-0.611
 0.644
 0.319
-0.795
 1.040
 0.043
-0.358
 0.516
 0.751
 1.604
-0.150
 0.637
-0.221
-0.364
-1.671
-0.406
 1.596
 0.518
 0.396
-0.792
-0.295
 0.336
-0.295
-0.062
 0.082
-0.300
-1.362
-0.337
-0.018
 0.615
-0.099
 1.844
 1.045
 2.109
 1.651
 0.030
 0.164
-0.541
 0.072
 0.120
-0.540
 0.080
-0.624
-0.912
 0.662
 0.392
 0.548
-1.178
-1.168
 0.603
 1.240
-0.148
-1.496
 0.433
 1.375
 0.563
 0.345
-0.100
-0.659
-0.074
-0.946
-0.022
-0.714
 0.299
 0.634
-0.226
-0.748
-0.133
-2.063
-1.369
-0.223
 0.373
-0.070
-1.706
 0.136
 0.978
 0.110
 0.199
 0.451
 0.566
 0.745
-0.561
-0.177
-0.251
-0.106
-1.082
-0.624
-0.514
 0.356
-0.039
 0.281
 0.783
 0.104
 0.704
 0.891
-0.127
 0.488
 0.498
 0.227
-0.533
 0.694
 0.456
-1.049
 0.347
-0.141
-0.118
-0.147
-0.418
 2.146
 0.449
 1.682
 0.756
 0.096
 0.600
-0.035
 0.337
-0.261
-0.542
 0.548
 0.585
 1.126
 1.075
-0.538
-0.025
 1.167
 1.148
 1.258
 0.562
 0.409
-0.410
 0.231
 0.268
 0.422
-0.123
-1.462
-0.763
 1.844
 1.802
 0.478
 0.042
-0.012
 0.289
 0.269
-0.766
-0.917
-0.667
 0.644
 0.301
 0.590
 0.679
-0.103
 0.743
 1.956
 1.687
 0.114
 0.181
 1.492
 1.521
 1.573
-0.867
-0.725
 0.877
 1.914
 0.997
-0.250
-0.221
-0.405
 1.003
 0.754
-0.407
 0.168
 0.008
 1.483
-0.202
 0.451
 0.373
-0.120
-0.024
 1.249
 0.735
-0.085
 1.160
-0.746
 1.552
 1.062
 1.441
 1.478
 2.235
 3.093
 0.088
 0.364
 1.047
 0.746
 0.198
-0.594
-0.010
 1.041
 0.834
 1.146
 0.793
-1.028
 0.341
-1.125
 0.457
 0.754
 0.964
-1.080
-0.966
 0.231
-0.773
-0.826
-1.184
-0.288
 0.242
 0.722
-1.155
-0.759
-0.397
 0.704
 1.297
 0.691
 0.665
 0.821
-0.035
-0.959
 0.896
-0.611
 0.101
 0.526
 1.818
 0.624
 1.836
 1.108
 0.243
 1.076
-0.157
 1.561
 1.014
 0.481
-0.391
 0.753
 0.809
-0.223
-0.683
 1.066
 1.052
 0.273
 0.702
 0.248
 1.377
 1.356
-0.690
-0.767
 1.903
-0.351
 1.188
 1.280
-1.928
-0.569
 0.484
 0.396
-0.176
 0.273
 1.254
 0.291
 0.520
 0.228
 0.219
 0.059
 0.222
 1.834
-0.566
-0.797
 0.570
 0.693
 1.393
 0.329
-1.724
-0.663
 0.581
 1.047
 0.703
-1.132
-0.659
 1.118
 0.525
 1.117
 0.619
 0.857
-0.702
 0.294
 1.102
-0.606
-0.423
-0.247
-0.547
-1.034
-0.579
-1.817
-1.066
-1.252
-1.309
-1.179
-2.466
-0.893
-0.070
-0.201
-0.618
-1.536
-0.824
-1.084
-1.085
 0.025
-0.333
-0.651
-0.463
 1.612
-0.459
-0.995
-1.779
-0.712
 0.001
 0.008
 0.155
-0.691
-0.238
 0.216
-0.197
 0.447
 0.306
-0.710
 0.699
-0.925
-0.536
-0.535
 1.681
-0.130
 1.094
-0.034
 1.474
 0.097
-1.549
-0.215
-1.890
-0.821
 0.490
 0.038
-0.229
-0.540
-1.495
-0.366
-1.498
-1.369
 0.418
-0.468
-0.123
 0.660
-0.623
-0.453
-0.472
 0.571
-1.244
 0.094
 0.435
-0.265
-0.917
 0.087
 0.232
 0.137
-0.448
 0.237
-0.725
-0.355
-0.326
-0.444
-0.081
 0.965
 1.614
 0.784
-0.150
-0.464
 0.264
 1.593
 1.567
-0.558
 1.691
-1.499
-1.493
-2.256
-1.240
-0.071
-0.844
-0.737
-0.353
-0.330
 0.313
 0.665
-0.471
-0.137
 1.425
 1.446
-0.037
 0.385
-0.934
-0.202
-0.875
 0.892
 0.976
 1.158
 0.393
-0.769
 1.021
-0.550
-0.326
 0.038
 0.509
-0.964
-0.828
-0.534
-0.854
 0.572
 0.996
 0.155
-0.223
 0.123
 0.093
-0.748
 0.125
 0.810
 1.420
 1.087
 1.447
 0.599
 0.508
 0.241
-0.756
-0.961
-0.296
 0.048
 0.882
 1.653
-0.887
-0.739
 0.098
-1.771
-0.027
-0.287
 0.578
 0.139
-0.659
-0.247
-1.445
-0.551
-0.235
-0.451
-0.036
 0.343
-1.378
-1.130
-1.648
-2.190
-0.850
-0.741
-0.106
 0.402
-0.042
-2.263
-0.881
-1.891
-0.386
-1.472
-1.412
 0.531
-0.490
-0.100
 0.289
 0.463
 0.832
 1.443
 1.646
 2.156
 1.463
 1.528
 0.166
-0.160
 0.639
-0.595
-0.177
-0.131
-0.597
-0.274
 0.322
 1.049
-0.180
-0.419
-0.097
-1.084
-0.353
 1.265
 1.044
 0.348
-1.001
-0.651
-0.241
-1.377
-1.990
-1.369
-1.393
-0.405
-1.781
-0.640
 0.564
-1.295
-0.766
-0.786
 0.831
 1.184
-0.341
-0.651
 0.434
-0.170
 0.176
 0.277
 1.237
 2.104
 2.411
 0.860
-1.005
-0.330
-0.529
 0.156
-0.215
 1.549
 0.014
 1.232
 1.269
 0.447
-0.337
 0.338
-1.231
-2.011
-0.004
-0.834
-0.639
-0.973
-0.305
 1.154
-0.604
 0.871
 0.644
 0.749
 0.884
 0.623
 0.267
 0.821
-0.561
-0.326
 1.241
 1.830
 1.619
 2.160
-0.868
 0.907
 1.323
 1.402
 0.844
 0.350
 0.530
 1.205
 2.513
 1.259
 1.505
-0.427
-0.859
-0.209
 0.397
-0.355
 1.257
-0.856
 1.038
 0.584
 0.819
 0.475
-0.815
 0.315
 1.193
 1.388
 0.647
 1.356
-0.217
-1.127
-0.801
 0.121
-0.291
 0.039
 0.871
 0.637
-0.102
 0.182
 0.113
 0.214
 1.360
 0.834
-0.292
-0.680
-0.222
-1.205
 0.569
-0.984
-1.666
 0.323
 0.905
-0.611
 0.248
 0.695
-0.341
-0.209
 0.212
 0.790
 0.254
-0.387
-0.263
 0.830
-0.916
 0.531
 0.014
-0.288
 0.608
 1.394
 1.414
-1.656
-0.340
-0.252
 0.207
 1.028
 0.332
 0.591
 0.072
 0.034
 0.994
-0.117
 1.010
 2.113
-0.635
 0.046
-0.656
 1.057
 0.988
 0.028
-0.111
 2.146
 2.182
 1.320
-0.014
 0.654
-0.220
 0.140
 1.137
 0.535
 1.240
 0.108
 0.062
 1.175
 1.829
 0.591
 1.497
 1.931
 0.489
 1.464
-0.623
 0.898
 1.001
-0.728
 0.247
 1.870
-0.829
 0.117
 0.076
-0.234
 0.516
-0.562
 0.529
-0.532
-1.016
-0.623
-1.371
 0.061
 0.191
-0.337
 0.883
 0.334
 0.201
 0.955
 0.454
 0.583
-1.354
-0.618
-1.361
-0.142
 0.237
-0.058
-1.103
 0.316
-0.832
-0.762
-0.399
 0.009
-0.023
 0.325
 1.188
 0.160
 0.225
-0.057
-1.009
-0.937
-0.649
-0.582
-0.103
 0.111
-0.754
 0.185
 0.676
-0.104
 2.020
 0.075
 0.480
 0.361
 0.504
 0.011
-0.135
 1.585
 0.344
-1.672
-1.368
-0.120
 0.904
 2.178
 1.066
 0.273
 1.270
 0.623
 0.588
-0.252
 0.428
 1.508
 0.533
 0.247
 0.978
 1.307
 0.525
 0.341
 0.267
 0.747
 0.024
 0.519
-0.145
-0.621
-0.166
 0.944
 1.568
-0.161
 0.625
 1.585
 2.030
 0.822
-0.459
-0.503
-0.075
-0.857
 0.516
-1.103
-0.418
 0.395
 0.394
-0.700
-0.086
 0.327
 0.400
 0.190
-0.023
 0.046
 1.063
-0.104
-0.411
-0.109
 0.485
 0.409
 0.597
-1.679
 0.902
-0.037
-0.500
-0.361
-0.653
 0.748
 1.540
 0.991
 0.690
 0.353
-0.502
-2.307
 0.696
 0.232
-0.121
 0.845
-1.198
-0.713
-1.011
-0.659
 1.229
 0.253
-0.559
-0.715
 1.414
 0.908
 0.459
 0.368
 0.134
 0.511
-0.449
-0.242
 0.012
-1.006
 0.120
-0.985
-0.470
 0.643
-0.343
 1.255
 1.811
-0.407
-0.687
-0.247
-0.156
-0.541
 0.635
 0.341
 0.467
 0.512
-0.191
-0.664
-0.954
-0.033
-0.642
-0.551
 0.254
 0.180
-1.080
-0.348
-0.643
 0.381
-0.114
 0.331
-1.583
 0.240
-0.370
 0.263
 0.192
 0.085
-0.334
-0.561
 0.354
 0.250
 0.904
-0.163
 0.972
-0.118
 0.188
 1.293
 0.103
-0.475
 1.337
-0.209
 0.346
 1.473
 0.562
 0.314
 0.228
 0.015
 0.296
-0.340
-0.387
-0.008
 0.672
-0.398
 0.250
-0.478
-0.816
-1.454
-0.797
 0.309
 0.026
 0.154
 0.205
 0.816
-0.319
 0.575
 2.394
 0.713
 0.675
 1.137
 2.382
 0.689
 0.519
 0.692
 0.006
 0.592
 2.388
 0.849
 1.366
 0.382
-0.628
-0.281
 0.312
-0.537
-0.193
-0.434
-0.133
-0.858
-1.734
-1.727
-1.042
-1.454
-1.038
 1.588
 0.520
 1.599
 0.537
-1.308
-0.630
-0.837
-2.015
-0.488
-0.894
-1.631
-0.277
-1.499
-1.619
-0.250
-1.160
-0.354
 1.325
-0.701
-0.747
 0.183
-0.324
-0.500
-0.131
-0.891
-0.489
-0.672
-0.324
-0.282
 0.005
 1.023
-0.360
-1.183
-0.729
-1.074
-1.609
-0.657
 0.463
-0.916
-1.617
-1.687
-1.266
-0.800
-0.395
-0.317
 0.918
 0.279
-0.309
-1.101
-0.441
-1.253
-0.475
-0.261
 0.042
 0.732
 1.586
 0.751
-0.612
 1.212
 0.267
 1.062
 0.899
 0.666
 1.562
 0.000
 1.444
 0.470
-1.235
-1.497
 2.775
 1.402
 0.844
 1.814
 1.323
 0.995
 0.938
 1.297
 0.550
 1.568
 0.515
-0.420
 0.453
-0.890
-1.678
-1.206
 0.821
 1.045
 0.822
 0.637
 0.085
 1.318
 0.673
 0.645
 1.918
 0.105
 0.516
 1.049
 2.808
 3.130
 1.137
 2.112
 1.602
-0.395
 0.369
 0.806
-0.045
 0.649
 0.113
-0.143
 0.840
 0.775
-0.634
 0.369
 0.802
 1.396
 1.246
 0.948
 1.560
 0.340
 0.719
 0.444
-0.797
-2.607
-0.014
 0.357
 1.290
 0.633
 0.635
-0.085
-0.857
 0.776
 0.208
-0.747
 1.150
 1.602
 1.357
 0.727
-0.441
-0.034
-0.451
 0.449
-0.351
-0.897
-0.357
-0.388
-0.951
-0.620
-0.891
-0.991
-0.115
 0.551
 0.261
-0.239
-0.832
-0.238
 0.319
 0.232
 0.025
-0.564
-1.218
-0.780
 1.136
-1.632
-1.086
 0.416
-0.020
-0.058
-0.173
 0.847
 0.495
-0.265
-2.294
-2.695
-1.909
-0.783
 0.747
-0.117
-0.201
-1.184
 0.185
-0.987
 0.052
-0.093
-0.651
-1.897
-0.784
-1.350
 0.087
-1.616
-1.059
 0.025
-0.461
-0.203
 0.105
 1.135
 1.217
 1.049
-0.023
 0.480
-0.105
 0.723
 0.793
 0.458
-0.023
 0.849
-0.047
-0.415
 1.169
 0.490
-0.638
-0.730
-0.100
 0.234
 0.714
 0.151
-0.383
 0.123
-0.725
 1.457
-1.448
-1.144
-0.003
-1.487
-0.070
 1.034
 0.325
-1.378
 0.195
 0.891
 0.906
 0.608
 1.289
 1.164
-0.256
 0.015
-1.262
 0.604
 0.265
-1.588
 0.216
 0.378
-0.671
 0.674
-0.889
-0.492
-0.860
-0.638
-1.892
-0.847
-0.128
 0.034
-0.659
 0.240
 0.774
 0.200
-0.034
 2.060
 1.008
-1.340
-0.979
 0.085
-0.070
 0.414
-1.182
-2.646
-1.002
-1.200
-0.242
-1.796
 1.077
-0.472
 1.099
 0.582
-0.324
-0.423
-0.338
-0.630
 0.393
 0.646
 0.052
 0.347
 0.628
 1.368
 0.477
 0.633
 0.707
 0.867
 0.354
-0.681
 0.163
 0.462
 0.289
 0.472
-0.570
-0.719
 0.934
 0.378
-0.388
 0.650
 1.243
 0.501
-0.972
-1.228
-1.763
-0.942
-1.196
 0.416
 0.500
-0.925
-0.155
-0.810
-0.838
-1.809
-1.799
-1.287
-0.041
-1.096
-0.594
-0.475
 1.583
-0.172
-0.702
-0.721
-1.486
-0.841
 0.109
 0.129
 1.554
 1.353
 1.801
 0.561
 0.417
-0.049
-1.314
-0.417
-0.326
 0.955
 0.280
-0.005
 1.223
 0.445
-0.473
 0.220
-0.677
-2.259
-0.307
-0.096
 0.480
-0.321
-0.092
 0.338
-0.362
 0.287
-0.293
 0.374
-0.220
-0.803
-0.763
-0.611
-0.289
 0.133
 0.385
 1.121
-0.454
-1.321
 0.291
-0.058
 1.099
 1.775
 0.467
-0.358
 0.283
 0.257
 1.107
-0.294
 0.741
 0.928
 0.893
 0.085
 0.063
 0.237
 0.346
 0.264
-0.264
-0.040
 1.260
 1.085
-0.561
 0.433
-0.417
-1.085
-1.424
 0.459
-1.366
-1.084
-0.605
 0.583
-0.135
-0.480
-1.012
 0.698
 1.026
 0.467
 0.954
 0.543
-0.006
-0.168
-0.452
-0.835
 0.040
-0.768
-0.819
-0.013
-0.005
 0.633
 0.911
-0.475
 0.836
-0.542
-0.079
 0.333
 1.054
-0.491
-1.055
-0.605
-0.412
-0.414
 1.537
 0.677
 0.509
 0.603
 1.303
-0.195
 0.033
-1.379
-1.478
-0.727
-1.036
-0.976
 0.503
-0.544
-0.605
 0.449
-0.132
 0.617
 0.370
 0.154
-0.929
-0.208
-0.306
 1.191
-0.076
-1.919
-0.339
 0.065
 0.873
-0.542
-0.417
 0.338
-0.408
-0.041
-0.496
-0.383
-0.519
-1.280
-0.352
-2.307
-0.960
-1.679
-2.466
-0.251
 0.205
 1.899
 1.297
 0.173
-0.600
-0.491
 0.521
-0.185
-1.476
 0.559
-0.652
-1.148
 0.081
-0.243
-0.756
-0.109
 1.311
 0.926
 0.781
-0.602
 2.594
-0.600
-0.416
 0.166
 0.000
-1.932
 0.025
 0.191
-0.481
-0.622
-0.611
-0.172
 0.089
-0.214
-0.131
-0.449
 1.311
-0.539
 1.045
 0.388
-0.209
-0.634
-0.271
-0.628
 0.110
-0.482
-1.478
-0.535
-0.493
 0.761
 0.169
 0.521
-0.882
 1.722
 0.442
 0.701
 0.569
 0.255
 0.277
-0.804
 0.500
 1.481
 0.268
 0.323
-0.325
-0.139
-1.111
-0.946
-0.439
-0.905
-0.459
 0.141
-0.827
 0.204
-1.389
-0.472
-1.166
-0.468
-2.396
-1.728
-0.768
 0.394
-0.399
-1.089
-2.766
-2.778
-2.289
-1.522
-0.393
-0.280
 0.265
-0.973
-2.243
-0.671
-0.046
-1.299
 0.654
-0.651
-1.638
 0.493
 0.668
 0.818
 0.778
 0.778
 0.386
-0.215
 0.069
-0.355
-0.269
 0.256
 0.181
 0.295
 0.144
 0.047
-0.076
 0.766
-1.226
-1.496
-1.065
 0.419
 1.035
 1.192
-0.171
-0.081
-0.817
 0.569
 0.528
 0.094
-0.378
 0.848
 1.073
 0.713
-0.613
 0.091
-0.565
 0.226
 0.160
 0.183
 0.718
 0.971
-0.427
 0.438
-0.093
 0.269
 0.377
 0.487
 0.434
-0.454
 0.265
-1.211
-1.551
-0.667
-0.847
 0.426
-0.600
 0.041
 0.959
-0.294
-0.226
 0.831
-0.933
 0.634
 1.258
 0.286
 0.618
 0.538
 1.965
 1.657
-2.011
 0.347
 1.077
-0.701
 0.973
 0.859
 0.936
 0.520
 1.392
 1.542
 1.141
 0.244
 0.417
-0.496
-1.737
 1.168
 0.445
-0.597
-0.928
 0.147
-0.253
-1.781
-1.267
-0.322
-0.907
 1.101
-0.914
 1.879
 0.772
 0.723
 1.639
-0.161
 0.660
-1.078
 0.955
 0.177
 0.586
 0.098
 0.032
-0.860
-1.540
-1.692
-0.284
-2.217
-0.812
 0.878
 0.755
-0.332
-0.116
 2.567
 0.250
-0.118
-1.101
-1.077
-0.012
-0.557
 0.844
 0.033
 0.681
 0.803
-0.139
 1.025
 0.744
 0.801
 0.714
 0.793
 2.014
 1.459
-0.155
-0.265
-0.126
-0.407
-0.068
 0.036
-0.495
 0.109
 1.277
 0.358
-0.435
 1.748
-0.279
-0.507
-0.219
 1.359
 0.969
 0.638
 0.053
-0.931
-0.529
-0.649
-0.648
 0.310
-0.180
-0.497
-0.750
 0.924
-1.513
-0.049
 0.629
 0.666
-0.792
-1.298
-0.672
-0.763
 0.839
 0.778
 0.951
 1.963
-0.344
-0.212
 1.415
-0.057
-0.654
 0.593
-0.385
-1.240
-0.069
-0.918
-1.485
-1.173
-1.317
-1.746
-1.111
-0.288
 0.337
-1.002
-1.708
-1.470
-0.709
 0.117
 0.877
-0.434
 0.102
 0.835
-0.597
-0.468
 0.667
 0.054
-1.467
-1.640
-0.836
-1.071
-0.398
-0.294
-1.346
-0.136
 1.778
 1.950
 0.415
 0.549
-1.187
-0.878
-1.482
-1.801
-0.480
-0.145
-0.592
 0.854
-0.084
-1.195
-0.188
 0.336
 0.196
-0.161
 0.742
-1.947
-1.044
-0.271
-0.665
-0.055
-0.566
-0.187
 0.022
 0.114
-0.435
 0.188
-0.101
 2.229
 1.432
 1.147
 0.939
-0.110
 0.205
 1.371
 0.703
 0.113
 0.231
-1.339
 0.088
 0.815
-0.315
-0.749
 0.600
 0.610
 1.856
-1.532
-0.082
 0.048
 0.582
-0.840
-1.247
-0.727
-1.425
-0.822
-0.034
-0.680
-1.590
-1.648
-0.556
-0.493
-1.545
-0.901
-0.692
-1.700
-2.267
-0.694
-0.623
-0.684
-0.898
-0.862
-1.051
-1.095
-0.891
-1.357
-0.132
-1.213
-0.506
-1.799
-2.931
-0.268
-0.320
-1.180
-0.481
-1.082
 0.261
-0.263
 0.201
 0.470
-0.332
-1.336
-0.403
-0.771
-0.330
 0.225
 0.547
 1.459
 0.231
 1.384
 0.491
 1.308
-0.642
 0.525
 0.803
-0.528
-0.100
-0.067
 0.510
-0.689
-1.639
-2.965
-1.865
-0.681
 0.178
 0.085
-0.410
-1.822
-0.056
-0.026
-0.816
-2.264
-0.987
-1.616
-0.753
 0.578
 0.952
 1.186
 1.194
 0.233
-0.548
-1.467
-1.389
-1.245
-0.737
-0.936
-1.073
-0.499
 0.202
 1.432
 1.524
 1.104
 0.919
-1.237
 0.822
-2.662
-2.811
-1.233
-2.380
-0.920
-1.987
-0.451
 0.181
-1.726
-0.028
-0.436
 0.490
 0.472
 1.197
 0.261
-0.351
-0.541
-0.440
-0.494
-1.691
-1.018
 0.388
 0.695
-0.529
-0.504
 0.187
 0.699
 0.779
-0.360
 0.080
 0.259
-0.562
-0.805
-0.167
 0.058
-0.007
 0.000
 0.627
 0.356
-1.207
-0.783
 0.052
-0.195
-0.196
-0.012
-0.898
-1.323
-0.646
-0.957
 0.035
 0.752
-1.552
-2.122
-1.461
-0.818
-0.464
-0.596
-0.916
-0.573
-1.483
-1.854
-1.266
-0.418
-0.544
-0.905
 0.196
-0.178
-0.684
 0.153
 0.398
-0.853
 0.293
 0.492
 0.208
-0.075
 1.226
 0.507
-1.192
-0.333
 0.622
 1.172
-0.736
-0.503
-1.875
-0.852
-0.421
-0.662
-1.395
-0.916
-0.959
 0.149
-1.729
-2.623
-0.843
-0.333
-1.685
 0.706
 0.016
-0.385
 0.270
-0.720
 0.237
-0.732
-0.892
-2.365
-1.829
-0.881
 0.275
-0.145
-0.325
-0.133
 0.728
-0.201
 0.383
-0.347
-1.134
-1.187
-0.559
-0.535
-0.037
 0.893
-0.764
 0.667
-0.462
-0.211
-0.851
-0.640
 0.700
 0.101
 0.108
-0.964
 0.714
 0.793
-0.293
 0.588
 0.068
 0.375
 1.016
 0.837
 0.226
 1.163
 0.433
 0.110
 0.407
 0.600
 1.890
-0.040
-1.682
 0.139
 0.264
 0.382
 0.796
-0.279
-0.622
-0.246
-0.797
-0.767
 1.379
-0.381
 0.116
 0.355
 0.152
-1.344
-1.073
 0.516
 0.083
-0.656
-0.743
-0.844
 0.286
 0.476
-0.638
 1.368
 1.917
 0.949
 1.459
 0.935
 0.284
-0.558
-1.129
-1.946
-0.522
-1.679
-0.412
-0.662
-1.635
 0.232
-1.253
-0.635
-0.186
-0.698
-0.821
-0.131
-1.013
-1.403
-1.062
-2.019
-0.100
 0.666
-0.659
 1.762
 1.487
-0.056
-0.620
 0.807
-0.067
-0.095
-1.424
-0.644
-0.891
-1.941
 0.942
 0.388
 1.115
 0.851
-2.198
-1.005
-0.694
-0.184
-1.186
-1.081
-1.094
 0.329
 0.149
-1.136
-1.372
-0.379
-0.444
 0.113
-0.824
 0.764
 0.865
 0.774
 0.013
-1.141
-0.912
 1.257
 0.884
 0.399
 0.211
 0.029
 0.412
-0.031
-1.425
 0.274
-0.776
-0.388
 0.521
-0.943
-1.488
-0.931
-0.827
-1.487
 0.373
-0.401
-0.148
-0.303
-0.904
-1.393
-0.269
-0.510
-0.391
 1.089
 0.187
-0.351
-0.807
-0.171
-1.403
-0.748
-0.226
-1.618
-0.938
 1.742
 0.789
 1.009
-0.632
-1.206
-1.536
 0.133
 0.431
 0.749
 0.877
 0.088
 0.261
 1.007
-0.086
-1.172
 0.713
-0.449
 1.182
-0.156
 0.435
 0.170
 0.206
 0.323
 1.669
 0.333
 0.274
 0.088
-0.133
 0.665
 0.104
 1.485
 0.309
-0.676
 0.513
 1.175
-0.305
-1.782
-1.764
-1.397
-0.410
-2.194
-2.210
-0.010
 1.527
 0.592
-0.413
-1.410
-1.446
-0.713
-1.538
 0.099
-0.958
 0.740
 1.219
 0.478
 0.968
-0.132
 0.141
-0.312
-1.223
-0.289
 0.375
-0.493
 0.824
-0.105
 1.131
 2.254
 1.855
 1.487
 0.859
-0.325
-0.849
-0.117
 1.546
 1.766
 0.952
 0.717
 2.167
 0.672
 0.058
 0.328
 0.586
-0.689
-0.537
-0.693
 1.587
 1.365
 0.760
 0.815
 0.662
-0.403
 0.536
 0.616
 0.667
 1.872
 1.036
-1.074
 2.305
 1.340
 1.252
-0.047
 0.582
-0.088
 1.737
 0.834
 1.099
 1.693
 0.751
 1.585
 0.831
 1.767
 2.276
 2.315
 2.307
 0.594
-0.678
 1.925
-0.741
 1.085
 1.563
 0.099
 1.364
 2.507
 1.482
 2.217
 3.580
 0.784
 0.355
-0.537
 1.170
 0.189
 0.635
 0.203
 0.195
-0.408
 0.235
-0.115
 0.449
 0.479
 0.997
 0.637
 0.477
 0.540
-0.160
-0.048
-0.459
 0.064
-0.770
 0.571
-1.195
 0.011
 0.599
-0.472
-0.265
-1.463
 0.439
 1.158
-0.469
-0.185
 0.819
 2.167
 0.162
 1.940
 0.798
 1.650
 0.171
-0.212
-0.383
 0.092
 0.169
 1.398
 0.897
 0.529
 0.657
-1.186
 0.828
 0.554
 1.808
 0.620
 0.445
 0.256
 1.130
 0.751
 2.388
-0.073
 0.828
 1.056
 0.548
 0.873
 0.789
 1.324
-0.099
-0.303
-0.574
 1.463
 0.945
 0.431
-0.092
 0.510
 0.489
 0.217
 0.232
 1.009
 0.834
 0.497
-0.095
 0.690
 2.226
 0.901
 1.111
-0.196
 0.747
-0.999
-0.394
 1.215
 0.523
-0.205
 0.545
 0.501
 1.545
 1.849
 0.219
-1.420
-0.081
 0.836
 0.637
 1.616
-0.794
-0.653
-1.025
-0.393
 1.183
-0.204
 0.705
 0.838
 0.177
 0.611
 0.015
 0.929
-0.032
 0.048
-1.139
 1.554
-0.040
 0.735
-0.717
-1.337
-0.037
 0.884
 1.124
 1.150
 1.256
 0.671
-0.059
 0.366
 1.573
 1.248
 0.436
 0.738
 1.566
 2.225
 1.819
 1.011
-0.584
 0.555
-0.131
 0.862
 0.531
 0.908
 1.026
 0.860
 0.755
 0.025
-1.076
 0.752
 0.182
-1.250
-0.234
-0.683
-1.072
-1.357
 0.086
 0.645
-0.731
 0.599
 0.041
 2.382
 1.992
 0.478
-0.237
 0.043
-0.247
-1.593
-0.248
-0.468
-0.559
-0.078
-1.063
 0.275
-0.766
-1.257
-0.571
 0.000
 0.412
-0.941
-1.195
-0.056
 0.795
-1.591
-0.359
 0.129
 0.694
 2.402
 2.007
 0.136
-0.185
-0.761
-0.975
-0.041
 0.639
-1.249
-0.376
-2.459
-0.481
-0.529
-1.007
-0.602
-0.166
 0.597
 0.836
 0.665
-0.985
 0.002
-0.888
-1.040
 0.836
 0.380
-0.655
-0.486
-1.565
-1.072
-1.276
-1.440
-0.682
-0.267
-1.555
-1.599
-1.529
-1.323
 0.658
-1.329
-2.088
-1.889
-0.989
-0.185
-1.900
-0.510
-0.471
 0.247
-0.751
-1.164
-0.458
-1.396
-1.651
-1.318
-0.548
-0.312
-1.167
-1.861
 0.313
-0.528
 1.165
 0.091
-1.201
-1.138
-0.007
-0.943
-0.714
 0.487
-0.613
-0.898
 0.315
 0.472
-0.524
-0.420
 1.150
 0.179
 0.329
 0.450
 1.739
-0.585
 0.839
 0.675
 0.440
 0.457
-0.668
-1.058
-0.197
 0.710
-0.594
-1.207
-1.669
 0.103
 1.062
-0.434
-0.672
-0.223
-0.963
 0.905
-0.284
-1.384
-0.088
-1.539
-1.420
-1.835
-0.880
-0.903
-1.821
-0.451
-0.615
-0.759
 0.169
 0.276
-0.063
 1.213
 0.074
 0.140
 2.114
 3.904
 1.868
 0.194
-0.981
-0.068
-0.352
-0.331
-0.763
-0.908
-0.619
 1.524
 0.828
-0.514
-1.450
 0.257
-0.075
 0.108
-0.383
-0.753
 0.012
-0.355
-0.017
 0.786
-1.423
-0.999
-1.634
-1.367
-0.849
-2.677
-0.665
-0.814
-1.076
 0.704
 0.919
 0.127
-1.163
-0.105
-0.652
-0.699
 0.436
 0.124
-0.861
-0.867
-0.364
 0.418
-1.056
-0.607
 1.477
 1.454
 0.272
 1.555
 0.856
 0.630
 1.111
 0.019
-0.498
-0.550
 0.067
-1.232
-1.197
 0.798
-2.340
-2.567
-1.322
-2.174
-0.815
-1.217
-0.887
-1.994
-3.228
-0.789
-1.911
-1.217
-1.639
-0.432
-0.275
-0.187
-0.994
-1.995
-1.975
 0.112
-0.891
-0.923
-1.292
-0.404
-1.480
-0.627
-0.830
-0.529
-2.034
-1.476
-0.648
-1.007
-2.192
-1.459
-0.845
 0.235
-1.265
-2.021
 0.015
-2.165
-1.877
-1.333
-0.668
-0.429
-0.802
-1.406
 0.733
 0.654
-0.699
 0.457
-0.662
-0.132
-1.429
-1.198
-0.661
-0.434
-0.248
-0.304
 0.404
-0.376
 1.093
 0.666
 0.363
-0.809
-0.598
-2.316
 2.288
 0.852
-0.111
 0.562
 0.999
 1.336
 0.595
 0.888
 0.781
-0.467
 0.537
-0.573
 1.754
 2.079
 2.447
 2.653
 2.464
 2.006
 0.917
 2.431
 0.172
 0.361
 1.098
 0.134
-0.962
 0.079
 0.179
 1.180
 0.445
 0.810
 0.039
-0.193
 0.751
 1.242
-0.077
 0.919
-0.289
 0.284
 1.472
 0.934
 0.726
 1.416
-0.305
 0.891
 1.621
 0.875
 1.026
 1.295
-0.887
 0.393
-0.343
 0.593
-1.157
-0.973
-0.896
-0.376
-0.930
 0.389
-0.977
-0.412
-1.180
-1.775
-0.407
-0.946
 1.022
 0.824
-0.668
-1.585
-0.442
-0.451
 0.566
 1.007
 1.248
 1.153
 0.539
-1.349
-0.417
-0.169
 0.306
-0.296
 0.513
 0.126
-1.244
-0.420
 1.047
 1.994
 1.772
 0.799
-0.562
 0.107
 0.741
 0.198
-0.342
 0.603
 0.521
 0.974
-0.080
 1.480
 1.434
-2.505
-1.374
-0.293
-1.363
-0.185
-2.407
 0.016
-0.987
-1.424
-1.058
-1.570
-0.511
 0.126
 0.055
 0.137
-1.528
 0.738
-1.265
-1.038
 0.665
-0.142
 1.197
-0.683
-1.004
-0.615
 0.193
-1.984
-2.098
-0.409
-1.491
-0.861
 0.345
-0.704
 0.193
-0.948
-0.609
-1.237
-1.598
-1.468
-1.508
-0.871
-1.907
-0.647
-2.044
-2.075
-1.147
-1.282
-0.353
-0.428
-1.905
-1.286
-1.241
-0.336
 0.431
 0.933
 1.622
 1.393
 0.836
 0.355
-0.568
-0.374
-0.385
 0.774
 1.431
 0.436
-1.001
 0.166
-1.019
 0.789
-0.172
-0.309
 1.203
 0.920
 0.747
-1.935
-1.587
-1.511
-2.757
-0.878
-1.472
-0.093
 0.543
 0.633
-0.660
-0.990
 0.083
 0.850
-1.002
-0.621
 0.207
-1.534
 0.124
-1.221
-1.065
-0.364
 0.529
-0.283
-0.509
 0.369
-1.207
-1.668
-1.336
 0.238
 1.705
-0.064
-1.394
-0.001
-0.084
-0.896
 0.385
-0.756
-1.608
-0.394
-0.516
-0.981
-1.946
-1.084
-0.507
-1.682
-1.478
 0.333
-0.687
-1.388
-1.473
 0.224
-0.073
 0.617
-0.845
 1.463
-0.022
-1.026
-1.455
-0.580
-0.324
-1.395
-0.986
-1.215
-0.162
-1.426
-1.665
 1.351
 1.798
 0.439
-1.489
-1.010
 0.191
-1.384
 0.061
-0.715
-0.101
 0.295
 1.043
 0.446
-0.453
-0.003
 0.173
-0.040
 1.120
 0.586
-0.095
 0.949
 0.297
 0.144
 0.450
-1.124
-0.271
-0.907
-0.611
-0.890
 0.037
-0.525
-0.151
-1.417
-0.192
-1.858
 0.118
 0.504
 0.492
 0.050
-0.012
-1.370
-1.439
-0.668
 0.291
 1.197
 0.259
 0.575
 1.849
-0.198
 0.594
-0.685
 0.935
-0.470
 0.044
-0.168
-0.452
-0.984
 0.186
-1.387
-0.334
 0.170
-0.720
 0.211
-0.488
 0.300
 0.409
-0.366
-0.617
-0.251
-1.174
-0.343
 0.538
-0.124
-0.244
-0.501
-2.006
 0.624
 1.172
 0.648
-0.678
-0.452
 0.127
 0.708
 0.201
 0.153
-1.401
-0.755
-1.697
-0.005
-0.395
-0.516
-0.111
-0.471
 0.457
 0.638
-0.075
-0.035
-0.738
 0.845
-0.100
-0.642
-0.680
 1.893
 0.414
 1.946
 1.784
 0.343
-0.811
-1.075
-0.477
 0.115
-0.235
-0.076
-0.043
 0.276
-0.278
-1.371
-2.679
-1.542
-0.891
-0.805
-1.281
 0.854
-0.112
-0.575
-2.135
-1.698
-0.973
-0.711
-1.647
 0.210
 0.856
-0.447
-0.604
-1.382
 1.056
-2.082
 0.224
 0.362
 1.174
 0.207
 1.042
 1.274
 1.317
 1.755
 1.578
-0.081
-0.312
 1.373
 0.713
 0.873
 0.060
-1.618
-1.495
 0.766
-0.081
 0.074
-0.112
-0.607
-0.822
 0.212
-0.842
 0.126
 0.333
 0.261
 0.243
-0.378
-1.087
-0.514
 1.357
 1.535
-0.395
-1.434
-0.152
-0.992
-0.337
-0.106
-0.106
-0.581
-0.983
 0.084
-0.776
-0.778
-0.255
 0.324
-0.315
-1.380
-0.429
-1.497
-0.540
-1.309
-0.275
 0.015
-0.640
-1.155
-0.836
-0.416
 0.369
 0.039
 0.216
 0.557
 0.273
-0.913
-0.450
-0.022
-0.207
-1.208
 0.450
 0.093
-0.781
 0.251
-0.715
 0.456
-1.250
-1.778
-0.411
-0.550
-0.806
-1.679
-0.359
 0.397
 0.510
 1.729
 0.526
 1.107
 0.875
 0.395
 0.288
 0.743
 0.459
 0.551
 0.500
 0.591
 0.064
-1.587
-1.186
-0.405
-0.945
-0.829
-0.957
-0.806
-1.539
-1.436
-0.030
-1.013
 0.072
-0.139
-0.548
-0.314
-1.107
 0.178
-0.338
 0.406
-0.480
 1.091
 1.114
-0.466
-0.071
-0.264
-0.648
-0.181
-0.816
 0.041
-0.886
-1.595
 0.143
-0.172
-0.205
-1.411
-0.655
-1.742
-1.033
-1.275
-1.125
-0.519
-1.563
-1.301
-1.910
-2.041
-1.513
-1.563
 0.611
-0.446
 0.142
 0.503
 0.071
 0.568
 1.530
 0.478
 0.124
-0.699
 0.491
-0.724
-0.540
 0.449
 0.784
-1.190
 0.038
-0.880
-1.232
 1.078
-0.761
 0.122
-0.178
-0.854
-1.307
-1.910
-0.410
-0.795
-0.121
-1.939
-0.991
-0.965
-0.971
-1.124
-1.283
-0.533
-0.381
-0.191
-1.081
 0.040
 0.875
 0.081
-0.407
-0.106
 0.415
-0.125
 1.621
 1.349
-1.479
-0.054
-0.063
 1.157
-0.074
-0.346
 0.789
 0.451
-0.180
 0.114
 1.049
 1.081
-0.667
-0.705
-0.281
 0.230
 0.864
-0.400
 0.474
 0.144
-1.246
-0.385
-0.957
-0.628
-0.043
-1.552
 0.227
-0.681
-0.230
 1.217
-0.181
-0.249
 1.407
 0.702
-0.494
 0.056
 1.536
 0.700
 0.775
-0.016
-0.031
 0.500
-0.067
 0.463
 0.158
-0.963
-0.281
-0.707
-1.671
-1.174
-0.421
 1.113
-0.446
-0.369
 0.456
 1.059
-0.290
-0.739
-0.156
-1.381
-1.413
 0.868
 0.888
-1.362
-0.111
 0.335
 0.155
-0.400
 0.219
 0.790
-1.049
 0.111
-0.539
 0.045
 1.403
 0.986
-0.449
-0.856
 0.679
 0.745
 0.379
 0.768
 0.778
-0.017
-0.653
-0.112
-1.041
-1.344
-0.459
-0.588
-0.932
 0.216
 0.569
 0.100
-0.499
 0.717
 0.848
-0.481
 1.494
 0.720
 0.414
 0.901
 1.434
 2.675
 2.047
 0.567
-1.175
-1.466
-0.193
 0.196
-0.116
-0.635
-0.769
-1.169
-1.527
-0.097
-2.382
-0.886
-0.236
 0.589
 0.500
-0.326
-0.666
-0.727
-0.737
 0.260
 1.447
 1.461
 0.587
 0.596
 2.092
 1.686
 0.512
 0.139
 0.420
-0.916
 0.950
 0.500
-1.282
 0.485
 0.499
-0.208
-0.302
 0.006
 0.592
 0.690
 1.003
 1.693
 0.964
 0.956
 0.624
 0.079
-0.354
-0.721
-0.063
-1.425
-1.091
-0.551
-0.052
 0.084
-0.260
 0.208
-0.204
 0.542
 0.437
 0.063
-0.421
-0.868
-0.428
-0.078
-0.251
-1.594
-0.908
-0.809
-1.183
-0.279
-0.189
 0.158
-0.762
-0.658
-1.285
 0.177
-0.181
-0.098
-0.599
-1.626
-1.401
-0.081
-1.105
-0.385
-0.224
-0.835
-2.150
-1.219
-0.560
-2.238
-1.506
-1.384
-2.407
-0.775
-0.610
-1.357
-1.385
 0.863
 0.100
 0.757
-0.088
-0.325
 0.343
 1.342
 0.982
-0.156
-0.144
 1.969
 0.888
 0.139
 1.743
 0.668
 0.038
-0.301
-0.357
-0.328
 0.141
-0.483
-1.071
-1.254
-2.580
-1.881
-1.275
-0.452
 1.297
 0.653
-0.958
-0.377
-0.124
-0.089
 0.907
-1.221
 0.046
-0.402
-0.962
-0.950
-1.154
 0.266
-1.234
-0.244
-0.236
-0.092
-0.493
 1.608
 0.724
-0.072
 0.067
-0.396
-0.702
-2.132
-0.145
 1.144
 0.831
 0.783
-1.083
 0.361
 0.998
 0.122
-1.253
-0.114
 0.250
-1.643
-0.076
-1.283
-1.111
 0.077
-1.958
-1.039
-0.623
-0.874
-1.705
-0.719
-1.495
-2.834
-1.852
-0.178
-1.233
 1.106
-0.509
-0.103
 2.088
 0.187
-0.423
 1.445
-0.755
-0.242
 0.096
 0.497
 0.289
-0.136
-1.572
-0.462
-1.133
-2.287
-1.109
 0.438
 1.080
 1.041
 0.255
-0.149
 0.236
-0.425
 0.086
 0.423
 0.625
-0.843
-0.315
 0.527
 1.016
 0.920
 1.073
-0.693
-1.355
 1.232
 1.310
 0.642
 1.611
 1.732
-0.728
-0.385
 0.152
-0.195
 0.121
-0.658
 1.308
-0.385
 1.643
 1.078
 0.853
-0.212
-1.038
 0.311
-0.146
 0.332
-0.774
 0.563
 1.616
 0.097
-0.335
-0.986
 1.629
 1.418
 1.737
 3.059
 2.884
 1.548
 1.543
 2.665
 1.409
 0.162
 0.675
-0.093
 0.045
 0.630
 0.063
-0.933
-0.037
 0.899
-0.777
-0.980
-0.523
 0.572
 0.649
 0.028
 0.464
 1.597
 1.404
 1.328
-0.812
 0.345
 0.816
 0.220
 1.241
 0.294
-0.377
 0.779
 0.482
 1.353
 1.375
-0.682
 0.603
 1.700
 0.541
 0.639
 0.789
 1.301
-1.523
 0.352
 0.396
-0.316
-0.151
 0.621
-0.360
 0.492
 1.301
 0.906
 2.541
-0.917
 0.065
-0.257
-0.110
 0.269
-0.971
-0.681
-0.146
 0.053
 2.269
 1.686
 1.568
 0.292
 0.896
 1.450
 1.900
 0.986
 0.835
 0.289
-0.179
 0.274
-0.228
 0.695
 0.278
 1.466
 2.221
 0.625
-0.359
 0.903
 0.868
 0.235
-0.944
-0.051
-0.111
 0.256
-0.006
 1.234
 1.066
 0.773
-0.997
-0.816
-0.721
-0.129
-0.001
-1.073
-0.328
-0.635
-1.009
-0.902
 0.667
-0.565
 0.061
-1.046
 0.674
-0.007
-0.424
-2.121
-0.165
-0.994
-0.152
 0.294
-0.295
-0.108
-0.525
-1.016
-1.836
 0.999
-0.330
 0.966
-0.060
 1.740
 0.987
 0.807
-0.732
-1.148
-0.376
 0.208
 0.448
 0.215
-0.974
 0.600
 1.215
-0.014
-0.863
 1.780
 2.574
 0.531
 0.826
 0.978
 1.691
 0.545
 2.679
 0.821
 1.172
 1.140
-0.894
-1.295
-0.670
 0.641
 0.898
 1.769
 1.140
 0.702
 0.429
 1.537
 0.782
 0.585
 0.459
-0.632
 1.210
 0.167
 0.993
 0.986
 0.548
 0.535
 0.172
 0.435
 0.806
-0.424
 0.235
-0.639
 0.338
 0.373
 0.658
 0.330
 1.801
 2.187
 1.383
 0.494
 0.988
-0.207
-1.549
-0.054
 0.177
-0.490
-0.446
-0.357
-0.599
-0.254
 0.955
 0.913
 1.102
-0.267
 0.767
 0.356
-0.578
 0.480
 0.026
 0.069
 0.428
-1.786
 0.398
-0.338
 0.249
 0.050
 1.359
-0.108
-1.824
-2.045
-2.012
-1.088
-0.956
 0.227
 0.838
-0.160
-1.992
-0.736
-0.527
-1.154
 0.510
-1.771
-1.790
-1.872
 0.224
-0.400
 0.152
 0.289
-0.906
-0.486
-1.182
-1.945
-0.040
-1.593
 0.049
-0.497
 0.322
 0.745
-0.444
-1.235
-1.776
-0.296
-0.071
-0.353
-0.479
 0.254
-1.151
-1.647
-1.601
-1.568
 0.252
-2.166
 0.091
 0.903
-0.266
-1.870
-1.193
-0.273
-0.327
 0.104
-0.397
-0.852
 0.118
-0.021
 0.934
 0.317
-0.392
 0.904
 1.620
 0.629
 0.959
 1.479
 1.040
-0.629
 0.987
 0.238
 0.344
-0.316
 0.083
-1.023
-0.889
 0.442
 0.206
-2.213
-0.890
-0.677
 1.297
 0.046
 0.648
 0.676
-0.213
 0.670
-0.125
-0.612
 0.580
 0.081
-0.750
 0.923
-1.132
-1.257
 0.931
-0.489
-0.124
 0.182
 0.548
 1.875
 0.362
 1.120
 1.417
 0.413
-0.500
 0.088
 1.282
 1.071
 0.751
 0.953
 0.210
-1.127
-1.034
-1.178
 0.292
 0.987
 1.207
-0.528
 0.142
 0.607
 1.060
 0.614
-0.893
-1.211
-1.164
 0.715
 0.157
 0.098
-0.870
 0.819
 0.447
-1.040
 0.383
 0.270
-0.650
-0.470
-1.287
-0.200
-0.408
-0.756
 0.177
-1.224
-1.430
 0.374
-1.029
-1.641
-1.616
 0.094
 1.066
-1.095
-1.441
-0.272
 0.315
 0.156
-0.392
 0.664
 0.219
-1.814
-1.178
 1.166
-0.827
-1.592
-0.158
-1.118
-0.963
-0.437
-0.537
-0.307
-0.184
 0.003
-0.505
-1.544
 0.133
-0.185
-0.241
-0.351
-2.123
-0.366
-0.119
-0.271
-0.454
 0.602
 1.023
 0.511
-1.078
 0.651
-1.336
-1.661
-2.097
-2.277
 0.130
-1.268
 0.902
-0.407
-0.347
-0.788
 0.663
-1.074
-0.198
 0.370
 0.269
 0.804
 0.404
 0.375
-0.296
-0.373
 0.015
 0.492
-0.150
-0.425
-1.257
-2.218
-1.958
-1.486
-1.226
-0.006
 0.050
-0.457
-1.833
-2.136
-1.249
 0.470
-0.088
-1.510
 0.414
-0.048
 0.161
-0.400
 0.770
 0.980
 0.468
 0.641
-0.063
 0.464
 0.484
 0.291
-0.429
-0.533
-0.374
-0.590
-0.524
-1.386
 0.095
 0.117
 0.458
 0.215
-0.417
 0.180
 1.870
-0.272
 1.820
-0.069
-0.245
-1.644
-1.238
-0.357
-0.192
 0.563
 0.212
 0.435
-0.885
-0.133
 0.005
 0.156
-0.499
-0.421
 0.476
-0.185
 1.224
 0.318
-0.936
-2.657
 0.344
 0.259
 0.095
-1.214
-1.795
-1.568
-0.131
-0.191
 0.125
-0.371
 0.570
-0.877
-1.258
-2.556
 0.349
 0.552
 0.041
-1.339
-0.727
-1.213
-1.583
-1.495
 0.272
 0.227
-0.059
-0.388
-3.294
-1.903
-1.434
-1.226
-2.006
-1.159
-1.568
 0.003
-1.356
-1.224
-1.640
 0.031
-0.740
-0.406
-0.931
-2.995
-3.536
-2.301
-2.198
-1.803
-0.692
 0.159
 0.645
-0.664
-1.271
-2.589
-0.874
-1.021
-1.562
-0.694
-1.384
-0.741
-0.570
-0.378
 0.667
 0.752
-0.914
 0.409
-1.346
-1.366
-1.107
-2.255
-0.725
 0.279
-1.159
-1.347
-0.559
-0.183
-0.313
 0.142
-0.365
-0.478
-0.109
 0.238
 0.209
-0.194
-1.233
-1.204
-1.373
-0.006
-1.835
-0.867
-1.104
-0.299
-0.342
-0.205
-0.452
-1.217
-0.865
-0.570
-0.272
 0.832
-0.520
 1.393
 0.206
 0.631
-0.644
 0.291
 0.172
 0.974
-0.095
 0.057
 0.438
 2.124
-1.578
-0.499
-0.943
-0.243
 0.894
 0.920
 0.078
-1.656
-1.024
-1.052
-1.134
-1.225
-1.800
-0.842
-2.315
-1.662
 0.422
-0.641
-1.600
-3.173
-2.206
-0.660
-1.272
-1.410
-2.194
-0.177
-2.178
-0.983
 0.628
-1.215
-0.385
 0.609
-0.830
-0.647
-0.639
-0.334
-0.258
 0.004
-1.992
-1.389
-0.381
 0.179
-0.600
-0.562
 0.400
-0.640
-1.126
 1.070
-0.904
 0.511
-2.212
-1.614
 0.785
-1.085
-1.532
-1.084
-0.400
-1.634
-1.824
-0.611
-0.747
-0.376
 0.171
 0.395
-0.647
 0.754
-1.139
-0.491
-0.512
 0.027
-0.594
-1.567
-1.931
 0.200
-0.075
-0.248
-0.422
-0.581
-0.090
-0.209
-0.499
-0.051
 0.895
 0.273
-0.983
 0.293
-0.723
 0.517
 0.533
-0.489
 0.086
 0.005
-1.471
-0.999
-0.650
-1.177
-1.148
-2.002
-1.943
 0.098
 0.628
 0.364
-1.124
-1.657
-0.919
-0.974
 0.026
-0.541
-2.157
-1.146
 0.366
-0.819
 1.093
 0.488
-0.974
-1.897
-1.752
-0.908
-1.596
-0.153
-0.720
-1.280
-1.210
-0.956
-0.037
-0.070
-1.549
-0.255
-0.366
-0.476
-2.479
-1.267
-1.049
-0.787
-1.072
-0.107
 0.209
-0.340
 0.268
-0.820
-1.290
-2.139
-1.801
-0.356
-0.005
 0.371
 0.148
 0.233
-1.100
-1.885
-0.255
-0.717
-1.529
-0.239
-0.742
-0.049
-0.354
-0.701
-0.751
-1.549
-0.780
-0.985
-0.702
-0.307
-0.503
-0.718
-0.581
 0.820
 0.338
-0.823
-1.766
-1.797
-0.665
-0.157
 1.403
-0.188
 0.290
 0.512
 0.443
 1.361
 0.209
-0.313
 0.352
-1.018
-0.501
-0.103
-0.726
-0.935
-2.059
-0.468
-1.014
-0.863
-0.222
-1.693
-1.199
-1.930
 0.131
 0.222
 0.095
-0.715
-1.360
 0.803
-0.144
-0.197
-0.493
-0.452
-0.432
-1.051
-0.433
-0.097
 0.192
 0.707
-0.871
-1.202
-1.111
-1.195
-1.873
-2.085
-0.663
-1.704
 0.111
-0.914
-0.523
-0.807
-1.416
-1.657
-1.084
-1.573
-0.448
-0.998
-0.061
-1.082
-2.350
-1.074
-0.410
-1.210
 0.381
-0.634
-0.475
 0.045
 0.094
-0.261
 0.981
 0.611
 1.197
-0.007
-0.126
-1.090
-0.287
-1.857
-1.875
-0.800
-0.140
-0.903
-1.396
-0.666
-1.741
-2.024
-1.190
-1.662
-0.599
-0.972
-1.136
-2.096
-2.152
-0.950
-2.044
-1.435
-1.248
-1.569
-0.434
 0.155
-0.784
-0.030
 0.423
-1.544
-1.069
-0.449
-1.509
 0.396
 0.762
 1.412
 0.891
-0.023
-0.407
-0.773
-0.375
-1.576
 0.807
-0.780
-0.705
 0.373
-0.740
-0.275
-0.603
-0.868
-0.520
-1.527
-1.704
-1.087
-2.121
-0.605
-0.144
 0.035
-1.497
-1.102
 0.137
-1.220
-1.131
-0.745
-0.236
-0.246
 0.252
-0.538
 0.506
-0.228
 0.574
-0.743
 0.024
 0.106
-0.283
 0.190
-0.937
-1.046
 0.096
 0.572
 1.043
 0.804
 1.807
 1.256
 1.083
-0.070
-0.523
-0.630
-0.625
-0.526
 0.032
-0.211
 0.441
-1.069
-0.365
-1.321
-0.281
 0.442
 0.124
 0.521
 1.310
 1.639
 1.432
-0.224
-0.857
 0.393
-0.620
-1.334
 1.021
 1.098
-0.716
 0.945
 1.423
-0.527
 0.225
 1.373
-0.759
-1.346
 0.035
-0.062
-1.426
-2.220
-0.610
-0.348
 0.810
 0.462
 0.396
 0.438
-0.346
-0.027
-0.640
-0.223
-0.147
-1.222
-0.018
 1.135
 0.299
 0.816
 1.887
 0.055
-1.178
-0.929
-0.032
-0.589
-1.080
-0.677
-0.110
-0.143
-0.161
-1.453
 1.852
-1.476
-1.434
-0.934
-0.587
 0.167
-0.930
-0.947
-0.693
-1.108
-0.606
-0.368
-1.284
-0.506
 0.135
-0.351
-1.070
 0.498
 0.298
-0.551
 0.360
-0.478
-1.158
-1.878
-0.905
-1.744
-0.099
-0.297
-0.838
-2.560
-1.175
-0.575
 0.831
-0.798
 1.071
-0.941
-0.512
 1.069
-0.935
 0.148
-0.330
 0.462
-0.944
-1.394
-1.322
 0.698
 0.624
-0.464
-0.670
-0.641
-1.293
 0.349
-0.509
 0.319
 0.233
 0.720
 0.414
-0.726
 0.333
-0.450
-0.844
 0.142
-0.235
 0.926
 1.433
 0.357
-0.723
 0.811
 1.736
-0.288
-0.827
-0.088
-1.505
-0.323
-0.295
-0.614
 0.890
-0.262
-2.927
-1.718
-0.339
 0.348
-0.901
 0.947
 0.435
-0.621
-0.139
-0.818
 0.405
-0.910
-1.270
-1.206
-1.546
-0.426
-0.811
-0.557
 0.011
-0.042
 0.193
-1.350
-1.124
-1.273
 0.040
-0.615
 0.928
-0.178
 0.920
-0.594
-1.039
-1.315
-1.796
-2.382
-1.183
-2.245
-1.376
-0.264
-1.953
-1.154
 0.893
 0.453
-0.296
-0.433
 0.067
 0.382
 2.093
 0.934
 0.721
 1.162
 1.122
-1.400
-1.076
-1.208
-1.476
-1.268
-1.881
-0.977
 0.097
 0.771
 0.264
-1.688
-0.918
-1.325
-0.143
 0.219
 0.860
-0.974
 0.224
-1.322
-1.674
-0.656
 0.649
 0.360
-0.915
-0.741
-1.461
-0.101
-1.137
-0.753
-0.262
 0.682
 0.443
-0.339
-0.246
-0.879
-0.259
-1.723
-1.147
-0.981
-1.652
-1.148
 0.155
-0.923
 0.870
 0.937
 0.223
 0.794
-0.101
 0.545
 0.660
-0.425
-1.718
-1.203
-0.312
 0.797
 0.971
 0.267
-2.046
-1.308
-0.807
 0.072
-2.343
-0.083
 0.614
 0.928
 0.345
 0.029
 0.792
-0.666
-0.005
-1.104
 0.902
 1.583
 0.152
-0.600
 0.432
 1.477
-0.406
-0.038
-0.854
-0.856
 0.780
 0.526
-0.638
-0.841
 0.976
-1.114
 0.372
 1.166
 1.725
-0.293
 0.774
 1.257
-0.509
 0.398
 0.609
-0.489
-0.295
 0.406
-1.260
 1.502
 0.210
-0.775
 0.303
-0.129
 0.624
 0.047
 0.497
-0.873
 0.044
 0.879
 0.533
 1.594
-0.559
-0.111
-0.338
-0.748
 0.607
 0.460
 1.061
 0.497
 0.342
-0.137
-0.800
 0.200
 0.901
 1.015
 0.153
-0.096
 0.890
 0.279
 1.164
 1.498
 1.276
 1.433
 0.925
 0.544
-0.308
-0.624
-0.159
 1.436
 1.577
-0.092
-0.994
-0.505
 1.477
-0.418
 0.570
-0.388
 0.473
-0.872
-0.120
 0.095
-0.297
-0.333
-1.373
 0.106
-1.348
-1.846
-0.024
-0.045
-0.440
-0.372
 1.967
 0.308
 1.846
 0.522
 1.163
 1.803
 1.466
 0.454
 0.120
 1.035
 0.209
 3.433
 1.343
 1.586
 0.743
 0.482
 0.843
 0.475
-0.310
 0.135
 0.397
-1.218
-1.035
 0.810
 0.772
-0.204
-0.683
 1.303
 1.239
-0.482
-0.878
 1.903
 0.887
 1.178
 0.323
-0.519
 0.169
 0.687
-0.046
-1.056
-0.144
-0.021
-0.652
-0.844
 1.054
-0.442
 0.595
-0.731
 0.695
-0.150
 0.515
 1.441
 1.513
 0.785
 1.225
 0.434
 1.369
 0.989
 0.041
 0.627
 0.312
-0.922
 0.528
 0.819
-0.789
 0.162
 0.397
 0.936
 1.250
 0.138
-0.897
-2.161
 0.433
 1.110
 1.493
 0.467
-0.201
 1.201
 0.655
 0.894
-1.243
-1.035
-1.013
 0.205
 0.301
 0.161
-0.426
-1.071
-1.029
-1.093
 0.058
-0.892
-2.137
-1.066
-0.681
-1.463
-0.202
-0.547
-0.860
-0.232
 0.026
 1.368
 0.741
-1.254
-0.512
 0.994
-0.581
-0.563
 0.578
 0.011
 0.257
 0.874
-0.094
-0.284
-0.614
-1.236
 0.907
-0.519
 1.450
 0.233
-0.262
 0.145
 0.693
-1.221
-0.465
 0.580
 0.880
 0.137
-0.979
-0.642
 0.368
-0.553
-1.307
-0.125
 1.193
-0.371
 0.003
 0.351
 1.426
 1.966
 1.897
 1.865
-0.068
 0.947
-0.149
 0.072
-0.690
 0.339
 0.465
 1.081
 0.171
-0.848
 0.142
 1.962
-0.607
-0.297
 0.617
-0.185
-1.077
 0.452
 0.170
-1.848
-1.013
 1.012
 0.337
-0.501
-0.343
-0.061
-0.064
-0.337
 0.642
 0.635
 0.722
 1.277
 1.562
 0.719
 0.431
 0.182
-0.461
 0.727
 2.813
 0.456
-0.171
-1.053
-0.476
-0.419
 0.308
 1.360
-1.641
-0.061
-0.468
 0.105
-0.205
 0.182
-0.537
 0.436
-0.183
 0.091
-0.023
 0.558
 0.673
 0.998
 0.462
-0.195
 0.047
-0.688
 0.946
 0.005
-0.368
-0.238
 0.450
 0.657
 0.010
 1.175
 0.135
-1.278
 0.657
 0.140
 0.882
-0.181
-0.336
 0.294
 0.514
-0.577
-1.093
-1.033
-0.945
 0.002
-0.404
-1.190
-0.047
-0.585
-0.973
 0.370
-0.653
-0.372
 0.903
 0.375
 0.436
-0.244
 0.562
 0.820
-0.457
-1.176
 0.492
-1.000
 1.307
 1.359
 0.953
 0.747
 0.434
-0.145
-1.392
-0.287
 0.227
 0.077
-0.136
-0.221
-0.618
 1.761
 0.008
-0.570
-0.895
-0.716
-0.318
 0.354
 1.280
-0.214
-1.069
-1.428
-1.134
-1.562
-1.352
-0.302
-0.414
 0.813
 0.881
-0.081
-0.969
-2.427
-1.517
-1.341
-1.047
-0.555
-1.495
 0.331
 0.344
 0.100
-0.013
 1.646
-0.255
-1.321
 0.512
 0.333
-0.305
 0.077
-0.649
 0.271
 1.268
 0.191
-0.264
 0.684
 1.286
-0.118
 0.017
-0.484
 0.095
-1.596
-0.661
 0.212
 0.250
-2.098
-1.047
-1.257
-0.697
 0.903
-0.564
-0.310
-0.123
 2.095
 2.294
 1.445
 1.236
 0.547
 0.826
 0.355
 0.836
 0.200
 0.400
-0.384
 0.284
 1.144
-0.690
 1.266
-0.055
-1.677
-0.020
 0.702
 0.980
-0.141
-0.657
 0.368
 1.786
-0.054
-0.241
 1.725
 1.206
 1.180
-0.245
 0.216
 0.261
-0.627
 0.275
-0.189
-1.516
-0.534
-0.196
 1.277
 0.959
 0.096
-0.573
-0.479
-0.654
-0.703
-0.740
-1.458
-0.099
-0.747
 1.124
-0.403
 0.446
 0.122
-0.956
-0.646
 0.474
 0.108
 0.947
 0.656
 0.289
-0.111
-1.445
-0.532
 0.140
 1.118
 0.582
-0.637
 0.866
 0.033
 0.082
-0.383
-0.521
-1.346
 0.349
-0.256
 0.049
-1.409
 0.042
-1.760
-1.763
-1.943
-1.588
-1.091
-0.522
 1.447
 0.414
-0.658
-0.354
-1.802
-0.590
-1.221
-0.932
 0.158
-0.637
 0.509
-0.048
-0.715
-1.640
-0.128
-0.457
 0.223
-0.761
-0.880
-1.420
-1.555
-0.552
-0.654
-0.796
-3.065
-1.540
-1.451
-1.632
 0.606
-0.252
-0.369
-0.836
-0.319
-0.125
 0.931
 0.574
 0.658
 0.639
-0.600
-0.517
-0.824
-0.204
-1.472
 0.243
-0.090
 0.771
 1.505
 0.847
 0.624
-0.269
 0.411
-0.332
-0.751
 0.828
 1.285
 1.507
 0.486
 1.322
 0.098
 0.550
 0.171
-0.214
 1.080
 0.670
 1.961
 0.981
 2.163
 0.945
 1.404
 0.670
-0.625
-0.820
-0.844
 0.363
 0.308
-0.813
-0.059
-0.300
-0.155
 0.820
-0.907
-0.589
-0.401
 0.024
-0.792
-0.989
-1.340
-1.116
 1.005
-0.706
 0.817
-0.020
-0.308
 0.799
 1.397
 0.623
-1.144
 1.003
 0.089
 0.087
 0.212
 0.327
-1.106
-1.278
 1.212
-1.222
-0.390
-1.306
-0.588
 0.954
 1.355
-0.183
-0.118
-0.531
-0.786
-0.775
-1.419
-0.702
-0.744
 0.191
-2.991
-1.086
-0.700
-0.354
-0.616
-1.755
-1.030
-2.398
-0.616
-1.682
-0.316
-1.001
-0.562
-0.867
-0.286
 0.503
 0.328
-0.140
-0.398
-0.854
 0.756
-0.335
-1.016
-0.781
-1.413
-1.191
-1.153
-1.028
-0.355
-1.418
-1.210
 1.608
 2.396
-0.024
-0.379
-0.640
-0.173
-0.073
-0.950
-0.480
 0.204
-0.648
-1.227
-1.034
-1.467
-0.657
-0.296
 0.065
-0.184
-1.344
-1.289
-1.167
-0.785
-1.485
-1.778
-0.675
-0.524
-2.387
 0.022
-0.760
-1.959
-0.798
-0.327
-1.268
-0.801
-1.694
-0.652
-0.544
 0.372
 0.063
 0.832
-0.063
 0.514
 0.452
-0.174
 0.213
-0.028
-1.567
-1.265
-0.169
-0.478
 1.042
 0.433
 0.142
-1.014
-1.300
-0.475
-0.163
-0.453
-0.216
-0.654
 0.038
 0.269
 0.273
 0.086
 0.560
-0.023
 0.614
 0.555
 0.087
 0.722
 1.082
-0.340
 0.869
-0.743
 0.119
 0.395
-0.727
 0.769
-0.316
-0.249
-1.619
-1.089
-1.470
-0.242
-0.479
 0.907
 1.334
-0.259
 0.560
 0.517
 0.812
-0.930
 1.072
-0.752
 0.623
 0.249
 1.050
-0.078
-1.945
 0.601
 0.201
-0.634
-0.907
 0.701
 0.953
 0.962
-0.406
-0.245
-0.257
 0.261
-0.114
-0.841
-0.844
-1.644
-1.863
-1.952
-2.393
 0.435
-0.975
-1.768
-0.413
-0.985
 0.016
-0.202
 0.785
-1.931
-1.430
-0.037
-1.314
-0.323
 0.410
-1.185
 1.194
-0.882
-0.273
 0.380
-1.139
-1.566
-1.362
-0.468
-0.091
 0.028
-0.691
-0.393
-1.038
-0.400
-0.219
-1.096
 0.027
-0.960
-1.476
-2.643
-1.090
-0.110
-0.021
-1.497
-2.359
-0.666
-1.123
-1.298
-1.453
-0.517
-1.492
-0.268
-0.163
 0.719
-0.376
-0.576
-0.512
-0.780
 0.057
-0.366
-1.215
 0.342
 0.447
 1.038
 1.417
 0.231
-0.464
-0.195
-0.207
-0.560
-0.814
-0.420
 0.225
 0.771
-0.299
-0.098
 1.141
-0.483
-1.385
-0.702
 0.606
 1.308
 1.253
 1.355
 0.048
 0.861
 0.408
 0.002
 0.368
 1.632
 0.381
 1.795
 1.579
 0.624
 0.244
 1.191
 0.933
 0.614
 1.339
-0.351
-1.104
-0.927
 0.448
 0.051
-1.236
 0.240
 0.644
-0.016
-2.325
-1.044
 0.812
 0.606
 0.248
-0.686
-0.787
-0.603
-1.709
-2.429
-0.837
-0.799
-0.252
-0.832
 1.138
-0.094
 0.952
-0.518
-0.184
-0.250
-0.171
 0.355
 0.886
 1.951
 1.679
 1.418
-0.525
-0.191
 0.727
 1.157
 0.018
-0.146
-0.405
-0.298
-0.529
-0.676
-1.970
-1.600
-0.918
-1.141
-0.417
-1.445
-1.433
-1.829
-1.870
-0.002
-1.278
-0.583
-0.625
 0.524
-0.424
 0.173
-0.149
-0.408
 0.142
-1.060
-0.960
-1.218
-0.103
-0.882
-0.159
-1.330
-0.768
 0.426
-0.422
-0.914
-0.353
-0.161
-0.640
-1.848
-0.161
-0.548
-0.285
 0.041
 0.124
 0.556
-1.043
-1.156
-0.775
-1.207
-0.878
-0.452
 0.365
-0.350
 0.253
-1.155
-0.179
 0.649
-0.014
 1.050
-1.144
-0.076
 1.058
 0.459
 0.483
-0.834
 0.799
 0.705
-0.182
 0.002
-0.133
-0.364
-1.881
-0.339
-0.060
-0.043
 0.219
-0.340
 0.512
-0.275
 0.781
 2.063
-0.102
-1.163
-0.614
-0.297
-0.386
 0.622
 0.069
-0.429
 1.675
 0.940
 0.345
 0.161
-1.782
-0.267
 0.249
-1.334
-2.013
-1.635
-1.153
-1.051
 0.011
-0.383
 1.613
 0.690
-0.762
-0.553
-2.108
-0.637
-0.717
-1.071
-2.842
-1.585
-2.034
-1.259
 0.351
-0.078
 1.182
 1.247
 1.509
 1.917
 0.967
 0.121
 1.699
 1.036
 0.557
 1.457
 0.844
 0.135
-1.180
-2.360
-0.597
 0.450
-1.254
-0.677
-0.133
-0.744
-1.217
-2.021
-0.473
 0.830
-0.138
-1.481
-0.504
-0.206
-1.326
 0.089
-1.947
-1.046
-0.446
 1.251
-1.688
 0.570
 0.609
-0.741
-3.052
-1.369
-2.871
-2.510
-2.120
-1.548
-1.677
-1.892
-1.001
-0.890
-0.663
-2.543
-0.577
-0.473
-0.627
-1.158
-0.580
-0.648
-1.129
-0.636
-0.896
 0.885
-0.169
-1.049
-0.786
-0.637
-0.982
-1.132
-1.104
-1.343
-0.801
-1.266
-0.314
 0.292
-0.428
-1.551
-2.378
-0.745
-1.628
-0.753
-1.281
-2.204
-1.778
-1.256
 0.698
-0.442
-1.904
-1.253
 0.588
 0.313
-0.110
-0.682
 0.055
 0.855
-0.983
-0.339
-0.171
-0.396
 0.334
-0.141
-2.463
 0.723
 0.330
-0.407
-0.743
 1.145
-1.403
-1.074
-2.170
-1.245
-2.210
-0.328
-0.879
-0.657
-1.742
-1.065
-1.090
-1.022
-0.760
 0.419
-0.529
-0.646
 0.334
-0.240
-0.115
 1.547
 1.032
 0.537
-0.625
-0.422
-1.155
-0.833
 0.535
-1.114
-0.899
-0.920
-1.365
 0.170
 0.428
-0.202
-0.112
-0.789
-0.442
 1.177
-0.358
 1.481
 0.492
 0.320
 0.384
 0.723
-0.224
 1.226
 1.477
 0.524
 1.011
-0.240
 0.141
-0.385
-0.266
 0.164
 0.027
 0.810
 1.658
 0.089
 1.068
 1.802
-2.164
-0.046
-1.594
-0.836
-0.167
-0.164
 1.707
 0.505
-0.160
-0.689
-0.188
-1.882
-1.702
-0.819
-0.521
-2.336
-0.086
-1.049
-1.741
-0.457
-0.295
-1.787
 0.324
 0.523
-0.375
 0.323
-0.774
 0.927
 1.004
 0.131
 1.285
 0.498
-0.083
-1.569
-1.122
-0.276
-2.014
-0.792
-1.066
-0.989
-2.770
-1.674
-2.366
-1.043
-1.365
-0.034
 1.363
 0.376
 0.507
-0.705
-1.374
 1.258
-0.136
 0.029
 0.670
-1.364
-1.647
-0.670
-1.923
-1.430
-0.325
 0.227
-0.905
-0.124
 2.213
 1.732
 2.025
 0.480
 0.410
-0.096
 0.347
 0.903
 0.403
 0.940
 0.025
-0.579
-1.033
-0.640
-1.709
-0.760
-2.302
-2.401
-0.380
-0.812
-1.726
-0.807
 0.058
 0.291
 0.739
-0.110
 0.564
-1.203
-1.381
 0.827
 0.189
 0.259
 1.255
 1.299
 0.582
 0.897
 0.507
-0.099
-0.236
 0.089
 0.921
 0.430
 0.080
-0.371
-0.242
-0.407
 0.760
-0.444
 0.317
 0.630
-0.964
-0.436
-0.573
-1.274
-1.540
-0.454
 0.307
 0.170
 0.374
 0.258
-1.317
-1.861
-0.099
-1.013
-0.858
-1.665
-2.403
-0.746
-2.191
-1.907
-2.327
-1.153
-0.540
-1.208
-0.940
-1.547
-1.828
-1.017
 0.225
-1.122
-1.731
-1.145
-0.986
-1.742
-1.090
-0.925
 0.729
-0.684
-0.694
-0.706
-0.449
-0.494
-1.150
-0.047
-0.830
-0.934
 0.441
 0.247
 0.096
 0.136
-0.240
 0.229
 2.223
-0.488
-1.995
-1.644
-0.922
 0.125
-0.859
-1.521
-0.707
-0.537
-0.744
 0.592
-0.413
-0.113
-0.101
-0.576
-1.318
 0.172
-0.076
 0.220
 1.458
 0.726
-0.008
 1.030
 1.699
 0.762
-0.192
 0.280
-0.573
-0.128
-1.636
-0.980
-0.541
-0.108
-0.206
 0.492
-0.850
-1.600
-0.400
-0.875
-1.015
-0.293
 0.075
-1.696
-0.258
-0.342
-0.984
 1.127
 0.664
 2.337
 0.649
 0.145
-0.217
 0.853
-0.489
-1.340
-1.478
-3.116
-0.884
-0.238
 0.053
-0.071
-1.089
-2.151
-2.934
-2.223
-1.692
-2.383
-1.249
-2.576
-1.831
 0.076
 0.134
-0.330
-1.154
-1.018
 0.328
 0.251
-0.431
-0.219
 1.479
-0.396
-0.062
 0.765
 1.242
 0.973
 0.901
 0.653
 0.464
 0.913
 0.394
 0.701
 1.406
-0.468
 2.189
 2.412
 1.154
-0.180
 1.737
 0.989
 0.484
 0.470
 0.614
-0.402
 0.871
-0.505
-0.666
 1.507
 0.020
 0.121
 1.912
-0.433
 0.099
 1.219
 0.524
 0.134
 0.150
-0.720
-0.001
 1.499
 0.754
-0.907
-0.968
-0.370
-0.078
 0.035
 0.744
-0.722
-0.309
-0.199
-0.451
-0.816
-0.049
 0.081
-0.320
-0.522
-0.488
-2.385
-0.703
-1.191
-0.803
-1.090
-0.966
 1.084
 2.513
 0.529
 0.721
-0.510
 0.109
 0.896
-0.117
-0.670
-0.042
-0.751
 0.198
 0.107
 1.062
 0.329
 1.005
 1.923
 0.167
-0.916
 0.339
 0.862
-0.078
 0.493
-0.961
 0.209
-0.013
-0.257
-0.179
 1.066
-0.947
 0.829
-0.841
-0.625
-1.691
-2.085
-0.675
 0.002
-0.471
-0.875
 0.059
-0.537
-1.854
-1.441
-2.127
-3.733
-1.231
-1.151
-1.194
-0.561
-0.994
-1.045
-2.706
-1.369
-0.335
-0.236
 0.187
 0.611
 1.230
-0.925
-0.045
-0.899
-0.593
-0.875
-0.073
-0.688
-0.773
-0.946
-0.030
-0.814
 0.028
-1.697
-1.260
 0.251
-0.016
-1.797
 0.854
-0.718
-1.933
-0.566
-1.409
-1.326
 0.088
 0.570
-0.319
-1.166
-1.343
-2.267
 0.094
-1.213
-0.338
-2.101
-3.425
-1.520
-2.486
-1.106
-1.147
 0.090
-1.095
-0.659
-0.724
-1.818
-1.807
 1.022
-1.427
 0.135
 0.105
 0.065
 0.941
 0.777
-0.743
-0.527
-1.275
-1.265
-0.136
-0.460
-0.059
 0.664
-1.298
-1.325
-0.767
 0.116
 0.247
 0.405
 0.270
 0.632
-0.039
-0.045
-0.704
 1.431
 0.350
 0.844
 0.165
 1.560
-0.563
-0.183
 0.356
-0.915
 0.984
 0.955
 0.448
 0.174
-1.032
 0.482
 1.656
 0.416
 1.604
 1.336
 0.855
 0.283
-0.180
 0.084
 1.721
 1.867
 0.594
-1.668
-0.695
-1.324
-0.673
-2.074
-0.785
 0.498
-0.771
-2.335
 0.043
-2.071
-1.315
-0.796
-1.365
-0.534
 0.395
-0.076
-1.536
-0.176
-0.847
-1.013
-1.021
-1.862
-1.499
-0.463
-1.403
-0.966
 0.161
 0.444
-0.226
 0.701
-0.508
 1.135
-0.880
-0.449
-0.412
 0.164
-1.698
-1.725
-0.605
-1.142
-0.273
-1.565
-0.923
-1.128
 0.945
 0.233
-0.202
 0.525
 0.755
-1.593
-0.150
 0.552
 1.336
 0.183
 0.186
 0.519
-0.403
-1.087
-0.627
-0.243
-0.401
 0.420
-0.116
 0.608
 0.812
 0.711
-0.496
-1.135
-1.368
-0.331
-1.133
-0.697
 0.041
 1.195
 1.411
-0.719
 0.361
 0.672
-0.174
-0.482
 0.335
-0.012
-0.073
-0.360
-2.213
-0.772
 0.157
-0.867
-1.215
 0.145
-1.105
-0.376
 0.580
 1.404
 1.349
 0.641
 0.568
 0.002
-1.739
-0.441
-1.776
-2.812
-2.060
-1.304
-0.145
 0.211
-0.589
-0.235
-0.002
 0.502
-1.048
-1.192
 0.306
 0.691
-0.715
-0.373
-0.909
-0.400
-0.935
-1.264
-0.137
-0.111
 0.656
 0.164
 0.565
-0.914
-0.624
 1.470
-0.358
-2.939
 1.074
 0.080
-0.134
-0.185
-0.029
-1.286
 0.732
-0.588
-1.592
 1.323
-0.956
-0.136
-0.096
 0.406
 0.659
 1.093
 1.656
 1.127
 1.329
 0.168
-0.672
 1.129
 1.046
 0.140
-1.742
 0.500
 0.406
 0.134
-0.625
 0.460
 0.520
-0.231
 1.054
-0.792
 0.586
 0.149
 0.122
-0.021
-0.333
-0.380
-0.577
-0.660
-0.234
-1.061
-1.711
-2.164
-0.729
 1.235
-0.042
 0.460
-0.439
-1.859
-2.445
-1.231
-1.126
-1.160
-0.005
-0.386
-0.074
 1.316
 0.513
-0.543
-0.475
-0.586
 1.554
-0.095
 0.213
-1.672
-1.546
-0.286
-0.813
-0.586
-1.326
-0.456
 0.643
-0.873
 0.034
 1.235
-0.562
-0.832
-0.170
-1.581
-1.957
-0.148
-0.636
-0.975
 0.077
 0.351
-0.547
-0.383
-0.685
-0.357
-1.853
-0.983
-0.319
 1.297
 0.491
-0.520
-0.081
-1.223
-2.640
-1.719
-0.620
-1.566
-2.099
-1.709
-2.071
 0.441
-1.328
-0.651
-1.216
-0.559
-0.688
-0