
-1.733
 0.879
 0.709
-0.990
-0.610
-0.684
 0.332
-1.433
-1.719
-1.227
-2.193
-1.816
-1.538
-2.038
-0.272
 0.388
-0.288
-1.137
-0.570
 0.288
-0.340
-0.282
 1.483
-0.866
-1.218
-0.322
 0.175
-0.079
 1.252
 1.056
 0.352
 0.846
-0.029
-0.017
-0.880
-0.015
 0.266
 0.466
 0.181
-0.285
 0.376
-0.313
-1.715
-1.197
-0.943
 0.337
-0.430
-0.088
 0.056
-0.623
 0.449
 0.798
 0.024
 0.739
-0.777
-0.519
-0.714
-0.909
-0.642
-1.296
 1.512
-0.465
-0.018
-0.751
 0.318
-1.481
-0.748
-0.295
-0.156
-0.658
-0.002
-0.008
-0.905
-2.177
-1.354
-0.347
-1.037
 0.135
-2.445
-1.782
-0.966
-1.068
-0.561
-0.790
-0.795
-0.074
 0.570
-1.820
-0.717
-1.559
 0.039
 0.704
 0.166
-0.192
 0.015
-0.378
-0.412
 0.185
-0.796
-1.721
-1.245
-0.735
-0.573
-1.178
-1.050
-1.941
-1.539
 0.436
 0.059
-1.153
 0.197
 0.794
-0.371
-2.371
-1.242
-1.451
-0.874
 1.079
-0.739
 0.188
-0.200
 0.841
 0.852
 0.186
 0.041
-0.509
-0.127
-0.032
 0.622
 0.581
-0.339
-0.901
-0.424
 0.564
-1.395
-0.908
-0.096
 0.077
 0.468
 0.887
-0.153
 0.031
-0.628
-0.207
 0.283
-0.537
 0.268
 0.497
-0.829
-0.429
 1.052
 1.251
 0.316
 0.340
 0.749
 0.443
-0.128
-0.520
-0.971
-0.325
 0.482
 0.604
-0.401
 0.257
 0.181
 0.505
 0.081
-0.259
-0.863
-0.698
-0.491
-0.789
-0.771
-1.420
-1.039
 0.952
-1.295
-0.119
-0.043
 0.410
 0.333
 0.252
 1.009
 0.811
 1.833
 1.480
 1.530
 0.605
-0.097
-0.322
 0.953
 0.334
 0.956
-1.032
 0.214
 0.367
-0.213
-0.931
-1.021
-1.133
-0.891
-1.325
 0.227
 0.984
 0.028
-0.227
 0.538
-0.077
-0.659
-0.166
 0.250
 1.557
 0.581
 0.505
 0.377
-0.282
 1.113
-0.613
 0.099
 0.365
 1.448
 0.874
 1.621
-0.426
-0.457
-1.545
-0.976
 0.422
-0.325
-0.074
-0.090
-0.430
-0.475
-0.007
-0.605
 1.347
 0.085
-0.738
 0.139
-0.349
 0.606
 1.693
 1.249
-1.260
-0.482
-0.711
 0.147
 0.300
-0.017
 0.824
-0.199
 0.027
 0.045
 1.062
 0.169
 1.607
 0.260
 0.882
 0.243
-1.102
 0.401
 1.656
-0.655
-1.648
-1.656
-0.708
-0.423
 0.011
-0.388
 1.142
 0.771
-0.632
-0.063
-1.201
-0.651
 0.067
-0.337
-1.292
-0.764
 0.092
 0.308
 1.042
 0.404
-1.052
-0.709
-1.524
 0.149
-0.161
-2.192
-0.442
 0.104
 0.214
-1.219
-1.036
-1.241
-0.599
-1.072
-1.312
-0.407
 0.637
 0.006
-0.549
-0.886
-0.038
-0.775
-0.645
 0.353
-0.424
 0.464
 0.791
 1.635
 0.800
 0.505
 0.671
-0.515
 0.680
 0.057
 1.427
 1.404
-0.226
 0.406
 0.384
-0.065
 1.621
 0.425
 0.396
 0.221
-0.328
-1.603
 0.119
-0.245
-1.101
-0.838
-0.345
-0.757
-0.999
-1.293
 1.217
 0.669
-1.282
 0.816
-1.084
 0.757
-0.534
-1.617
-1.086
 0.237
-0.299
-0.204
 0.036
 1.696
-0.238
 0.637
 0.227
 0.217
-0.384
 0.506
-0.329
 1.135
 0.435
-0.791
-0.738
-1.544
-1.135
-0.474
-0.161
 0.611
 0.099
 0.674
 1.792
 0.715
 1.113
 0.254
 1.805
 1.308
-0.093
-0.311
-0.430
-0.269
 0.179
 1.642
-0.665
-1.657
-1.182
-0.783
-1.594
-1.167
-1.271
-0.485
-0.778
-0.213
-0.275
 0.160
-0.891
-0.712
-0.311
-0.343
-0.584
 0.319
-1.139
-0.606
-0.190
-0.137
-0.580
-0.613
-0.939
-0.202
-0.760
-0.307
-0.555
 0.236
-0.564
-1.954
-0.278
-0.355
-0.111
-1.593
-2.467
-1.186
-0.370
 0.830
 0.227
 0.432
 0.325
-0.679
-0.909
 0.910
-0.216
-1.665
-0.056
 0.008
-1.310
-0.234
 0.531
 1.210
 0.073
-1.082
-1.317
-0.958
-0.388
-1.108
-1.450
-0.831
-1.228
-0.217
 0.291
-1.235
 0.711
 1.106
-0.129
-0.088
-0.945
 0.179
 1.130
-0.300
 1.289
 1.105
-0.272
-0.053
 0.057
 0.722
 1.114
-0.306
-0.469
-2.195
 0.380
-0.501
-1.452
-1.284
-0.682
 0.810
 1.013
 0.447
-0.013
-0.139
 0.429
-0.516
-0.167
 0.186
-0.532
-1.378
-1.066
-0.904
 0.121
-0.326
-0.184
-0.045
-1.091
-1.464
-1.151
-0.409
-0.835
-1.218
-1.143
 0.072
 0.518
 1.063
-0.184
-0.203
-0.484
 0.884
-0.209
-0.384
-0.412
-0.225
-0.624
 1.391
-0.123
 0.054
 0.525
 0.188
-0.003
 0.820
 0.432
-1.469
-0.246
-0.375
-1.033
-0.236
-0.006
 1.346
-0.508
 0.190
-1.556
-0.738
-0.701
-1.946
-1.908
-2.066
-0.328
-0.919
-1.530
-1.139
 0.275
-0.021
 0.570
-1.130
-0.166
 0.045
-0.330
 0.952
-0.459
 0.459
-1.432
-1.484
-0.856
-0.936
-1.618
-0.148
-0.677
-1.493
-0.465
 0.094
-0.720
 0.324
 0.469
 0.810
 1.060
-1.605
-0.632
-1.937
 0.097
 0.632
 0.830
-0.764
-1.415
-0.782
-1.472
-1.473
-0.931
-1.230
 0.269
-0.098
 0.333
-0.682
-0.241
-2.196
-0.157
-1.162
-0.915
 0.879
 0.522
 0.318
-1.658
 0.603
 0.237
-1.086
 0.000
-0.917
-0.661
 1.658
-0.386
 0.667
-0.562
-0.713
-0.729
-0.933
-0.525
-1.011
-0.325
 0.022
 0.334
 1.593
-1.170
 0.154
 1.440
 0.477
 0.039
 0.149
 0.666
-0.956
-1.924
 0.208
 1.153
 0.254
 0.573
 0.319
 0.219
-0.604
 0.379
-0.229
 1.569
 1.855
-0.575
 0.386
-0.699
-0.217
 0.373
-0.779
 0.279
 1.272
-0.536
-0.559
 0.573
 0.227
 1.207
 0.469
 0.004
-0.914
 0.664
 0.143
-0.422
-0.092
 0.168
-0.308
 0.345
 0.152
 0.279
 0.313
-0.474
 0.377
 0.239
-0.282
 0.728
 1.795
-0.595
 0.024
 1.264
-0.325
-1.043
-0.787
 0.011
-1.057
-0.173
 0.453
 0.833
-0.089
-0.580
 0.153
 1.246
-1.645
 0.113
 0.865
 0.628
 0.119
-0.303
-0.436
 0.454
-2.261
 0.975
-1.856
-1.900
-0.171
 0.155
 0.039
 1.092
 0.996
 0.013
 1.488
 1.705
 0.335
 0.972
 0.901
 0.711
 0.703
 0.095
 1.179
 0.465
 1.463
 1.360
 1.436
-0.429
 0.251
 0.645
-0.059
-0.658
-2.202
-0.386
-0.414
 0.052
 0.049
 0.385
 0.014
-0.271
-0.640
-0.493
-0.651
-0.868
-1.999
-0.470
 0.257
 1.208
-0.179
-0.998
-1.275
 1.172
-0.405
-2.594
-0.759
-1.361
-1.122
 0.189
 0.629
 0.629
 1.034
 0.018
 0.632
 0.160
-0.214
-0.938
-0.461
-1.128
 0.036
 0.310
 1.058
-0.608
-0.355
-0.922
-1.176
-0.710
-1.198
-0.742
-0.703
-1.064
-0.465
 0.805
-0.380
-0.541
 1.092
 1.285
-0.758
-1.036
-1.294
-2.302
-0.673
-0.106
-0.608
-1.479
 1.185
-0.599
-0.207
-0.633
 0.424
 0.653
 0.074
-1.335
-1.848
 1.235
 0.385
-0.201
 0.782
 0.011
-2.446
 1.074
-0.045
 0.383
-0.227
 0.539
 0.583
-0.612
 0.534
 0.447
 0.145
 0.799
 0.834
-0.170
 0.691
 0.225
-0.042
 0.202
 0.178
 0.338
-1.284
-0.917
 0.994
-0.609
-1.396
-0.428
-1.810
-2.321
-1.611
-0.937
 0.242
 0.685
-0.924
-0.804
 0.433
 0.211
 0.100
-0.702
 0.309
 0.483
 0.783
 0.964
-0.735
-1.351
 0.066
-1.371
-0.108
 0.809
-0.621
 1.232
 0.056
 0.076
 0.329
-0.828
-0.416
-0.446
-1.011
 0.085
-0.597
 0.204
 0.999
 1.473
 1.128
 0.111
 0.465
-0.234
-0.677
 0.669
-0.839
-0.170
-0.080
-0.934
 0.194
-0.288
-0.336
-0.219
-0.270
-0.089
-1.081
-0.531
 0.590
-1.252
-1.740
-1.754
-0.983
-0.746
 0.236
 1.257
 1.869
-0.064
 0.478
 1.033
 0.611
 0.922
 0.889
 0.067
-0.387
 0.467
 0.560
 0.011
-0.095
 1.359
-0.517
 0.864
-0.693
-0.057
 1.436
 1.582
 0.056
 0.339
-1.202
-1.584
-0.416
-0.610
-0.304
 0.481
 0.353
 0.302
 0.034
-0.466
 0.744
-1.213
-0.352
 0.648
 0.622
 0.392
 0.597
-0.064
 0.827
 0.842
 0.810
 1.721
 1.550
 1.617
 0.839
 1.633
 0.392
 1.027
 1.228
 1.424
 0.559
-0.268
 0.930
-0.045
 0.110
 1.439
 0.263
-0.010
 0.402
-0.410
 1.547
-0.667
 1.402
-0.349
-1.096
 1.291
 0.862
-0.129
-0.764
 0.291
-0.148
-0.439
-0.948
 0.640
 0.114
 2.071
 0.394
 1.434
 0.721
 0.393
 0.542
 1.378
 0.731
 1.157
 1.639
 2.648
 0.205
-1.353
-1.621
-0.519
 0.682
 0.523
 0.646
 1.216
 2.049
 2.440
 0.918
 1.076
-0.908
 0.770
 0.671
 0.654
-0.881
-1.658
-0.131
 0.545
 0.141
 0.439
 0.411
 1.058
 0.029
-0.945
-1.317
-1.879
 0.730
 0.688
 1.613
 0.168
-0.828
-0.826
-0.835
-1.320
-0.905
-0.296
 2.469
 2.327
 2.795
 1.248
 0.171
 0.798
 0.068
-1.382
 0.072
 1.011
-0.484
-1.010
 1.371
 1.372
-0.062
 0.092
 1.417
 1.149
-0.203
-0.394
-0.002
 1.419
 1.134
 0.420
 1.809
 1.456
 0.758
 0.509
 1.192
 0.451
 1.694
 2.583
 2.094
 0.553
 2.340
 2.579
 1.607
 1.210
 1.901
 0.367
 0.522
 0.853
 1.203
 1.149
 3.042
 1.548
 0.634
 0.755
 1.780
 0.406
 1.111
 1.649
 0.962
 1.654
 1.264
 0.565
 0.537
 1.583
 1.779
-0.390
-0.087
-0.172
 0.540
 0.819
 1.081
-0.222
 0.558
 1.093
 0.677
 1.565
 0.846
 1.839
 2.535
 1.636
 2.250
 0.901
 0.727
 2.363
 0.449
 0.295
 0.249
 1.631
 1.954
 0.940
 0.667
 0.729
 1.411
 1.324
 2.393
 1.095
-0.031
 0.129
 1.134
 0.512
 0.353
 0.750
-0.191
-0.105
 0.146
-0.800
-1.277
-0.374
 1.381
 1.828
-0.341
 1.365
-0.490
-0.690
-0.860
-0.367
-0.562
-0.786
 0.118
-0.877
-1.193
-0.605
-1.810
-1.352
-1.158
-0.069
-1.783
 0.274
 0.349
 0.558
-1.804
-0.018
-0.898
-1.276
 0.477
 0.831
 1.646
 1.249
 0.350
 2.484
 1.074
-0.374
-1.114
-1.117
 0.275
 0.060
-1.235
 0.647
 1.419
-0.501
 2.412
 1.788
 2.307
 1.846
 2.742
 1.137
 1.630
 1.485
 1.355
 2.334
 1.612
 1.170
 0.873
 1.164
 1.534
 1.578
 1.105
-0.003
 1.658
 1.351
 2.182
 1.543
 1.392
 1.332
 1.721
 1.565
 2.431
 0.515
 1.241
 1.625
 1.598
 2.912
 0.971
 0.416
 2.778
 0.982
 0.073
 1.894
 1.504
-0.270
 0.560
-0.248
 0.652
 1.889
 1.164
 0.054
 1.138
 2.755
 1.332
 1.245
 2.401
 2.917
 0.601
 1.047
 0.514
 1.129
-0.242
 1.186
 0.589
 0.451
 0.799
 1.164
 0.843
 0.312
 1.649
 1.816
 1.598
 1.698
 1.478
 0.680
 1.299
 1.551
 1.675
 1.182
 0.284
 1.407
 2.066
 1.053
 1.284
-0.293
-0.061
 0.179
-1.423
-0.833
-0.579
-0.656
-0.162
-0.427
 0.982
-0.387
 0.214
 1.538
-0.136
 0.489
 0.549
 0.557
 1.358
 0.511
 0.759
-0.122
 0.328
 1.230
 0.350
 0.550
-0.007
 1.758
 1.840
-0.751
 0.179
-0.440
 0.776
-0.191
 0.733
 0.700
 0.550
 0.595
 1.004
 1.991
 0.694
 0.817
-0.210
-0.843
-0.830
-0.818
-0.278
 2.089
 2.439
 0.400
 0.013
-0.701
-0.409
 1.248
-0.248
 1.699
 0.360
 1.322
 0.253
 0.554
 1.261
 0.410
-0.116
-0.518
-1.487
-0.285
-0.990
-1.660
-1.799
-1.381
-0.975
 0.289
-0.601
 0.430
-0.076
-0.587
-0.435
 0.385
-0.548
 0.332
 1.835
 0.460
 0.307
 0.805
 0.578
 2.113
 1.023
 2.292
 1.589
 0.233
-0.405
-1.287
 0.708
-0.511
 1.571
 0.115
 1.062
 0.688
 0.330
-0.116
-0.274
 0.026
-1.065
-0.904
 0.559
 0.396
-0.675
 0.863
 0.759
-0.165
 0.053
 0.270
-1.053
-0.785
 1.655
 0.535
 0.544
 0.398
 0.901
-0.064
 1.731
 1.237
 1.594
 0.282
 1.038
 1.573
 1.299
 0.884
-0.363
 0.657
 0.815
 0.446
-0.066
 1.816
 2.503
 1.494
-0.699
 0.246
 0.184
-0.619
-0.614
-0.525
 1.064
 0.425
 1.415
 0.361
 0.942
-0.127
 1.223
 0.931
 1.299
 0.114
 1.927
 0.337
 0.487
-0.285
 1.143
 1.068
 0.279
 1.178
 1.869
 1.303
 1.344
 0.582
-1.266
-0.863
-0.908
-0.931
-0.355
-0.516
 0.717
 1.358
-0.294
-0.014
 1.042
-0.226
 1.705
-0.087
 0.418
-0.295
 0.938
 0.958
-0.165
-0.387
-1.341
 0.970
 0.333
-0.123
-0.603
 0.125
 0.823
 0.028
-0.216
-0.273
 0.949
 0.008
 1.776
 1.014
-0.286
 0.082
 1.601
 1.224
 1.099
-0.305
-0.337
-0.573
-1.086
 0.684
-0.264
-1.166
 0.185
 0.119
-1.358
-0.435
-0.427
-1.307
-0.229
-1.346
 1.549
 0.962
 1.237
-1.220
-0.475
-1.226
-0.288
-0.461
 0.649
-0.136
 0.189
 1.105
 0.358
 0.637
 0.657
 1.019
 0.729
 0.546
 1.638
 0.852
 2.609
-0.160
-0.426
 0.182
-0.664
-1.925
-1.152
-1.201
-0.030
 0.292
 0.742
 0.498
-0.199
 1.164
 1.014
-0.658
 0.754
-1.854
 0.429
-0.870
 0.463
 0.684
-1.472
-1.960
-0.662
 0.869
 0.110
-0.280
 0.294
-0.724
-1.850
-0.214
-0.280
 0.945
-0.463
-1.281
-1.151
-1.818
-2.335
-2.784
-2.120
-0.895
-2.005
-1.202
-1.375
-1.354
-1.066
-0.871
-0.861
-0.608
 1.106
-1.889
-1.343
-1.245
-1.369
-2.081
 0.115
-0.641
 0.371
-0.892
-0.691
-1.822
-1.833
-1.476
-0.459
-2.062
-2.016
-0.811
-0.094
-1.078
-1.588
-0.460
-1.227
-1.269
-1.826
-0.971
-0.861
-1.059
-0.437
-0.420
 1.028
 1.950
 0.048
 0.102
-0.433
-1.606
-0.953
-0.430
-0.509
-0.186
-0.068
-1.124
-1.735
-0.339
-1.985
-0.472
 0.275
-0.240
 0.380
-0.095
-0.874
-0.815
-1.076
-0.227
-0.382
-1.168
-0.704
-1.464
-1.741
-0.784
 0.090
 0.355
-0.200
-0.204
 0.379
-0.527
 0.732
 0.681
 0.562
 0.882
 0.261
-1.214
 0.594
-0.110
 1.084
-0.671
 0.879
-0.024
-0.133
 0.608
 0.240
-0.843
-1.213
-0.922
-0.897
-1.094
 0.097
-0.312
-0.141
 0.201
 0.109
-0.503
-1.960
-2.292
-1.423
-1.313
-1.520
-1.181
-1.324
-0.372
-2.301
-0.341
-1.133
 0.955
 0.216
 0.386
-0.259
 0.151
 0.779
-0.576
-0.381
 0.605
 0.897
 0.188
 0.419
-0.574
-1.003
-0.799
-1.378
-0.234
-0.235
-1.759
-0.488
 1.044
 0.496
 0.356
 0.669
 1.610
 1.135
-0.698
-1.607
-0.434
 0.024
-0.428
 1.034
 0.600
-0.070
-0.368
 0.233
-0.320
 0.575
-0.023
-0.190
-1.051
-0.136
-0.292
 1.136
 1.137
-0.369
 1.584
 1.754
 1.159
 1.075
 1.115
 0.029
 0.061
 1.097
 1.851
 1.267
 1.760
 0.903
 0.309
 1.043
 1.467
 0.818
-0.025
-1.386
-0.820
-1.605
-0.079
 0.376
-0.227
-0.279
-0.777
-1.113
-1.911
-0.588
 0.155
-0.224
 0.518
 0.150
-0.955
 0.415
 0.325
 1.563
 0.745
-1.546
-0.290
 0.611
-0.227
-0.057
 0.942
-0.105
-1.600
-0.883
 0.841
-1.493
-1.962
-0.460
-0.110
-0.767
-0.089
 0.648
 0.309
-0.810
 0.039
-1.186
 0.238
-0.379
-0.617
 0.612
-0.368
 0.682
 0.113
-0.589
 1.419
 1.330
-0.376
 2.456
 0.499
 0.947
 0.066
 0.689
 0.953
 1.186
-0.102
-0.109
-0.208
 2.227
 1.024
 1.096
 1.216
 0.322
 1.067
 0.164
-1.031
-0.345
 1.195
 0.716
 0.420
 0.475
-0.428
-1.518
 0.076
-1.191
-0.055
-0.731
-0.185
-0.793
-0.582
-0.048
-0.246
 0.732
 0.155
-0.034
-0.701
-0.321
-0.975
-0.119
-0.579
-1.326
-1.022
-0.802
 0.189
 0.404
 0.813
 1.426
 0.530
-0.257
 1.565
 0.674
 0.314
 0.687
-0.219
-1.008
 0.664
-1.149
-0.300
-1.066
-0.377
 1.846
 1.130
 1.363
 1.537
 2.918
 1.898
 1.221
 0.817
 0.892
 1.175
 1.214
 0.776
-0.565
-0.764
-0.700
 0.024
-1.056
 0.063
 0.188
 0.434
 0.522
 0.226
 0.462
 0.432
 0.412
 1.349
 0.238
-0.736
-0.274
-1.384
 0.840
 0.378
-0.051
-1.767
-1.281
-0.967
-1.364
-1.624
-0.499
-0.092
-0.701
-0.167
-0.650
 1.460
 0.872
 0.996
 0.901
 2.533
 1.721
 1.036
 3.766
 1.849
 1.287
 0.285
 0.623
-1.098
 1.266
 0.600
-0.930
 1.052
-0.662
-1.388
 0.217
 1.006
-0.695
 1.044
 0.238
 0.190
 0.626
-0.753
-1.604
-0.882
-0.311
 0.548
-1.119
-0.832
-1.615
-0.828
 0.864
 0.750
-0.336
-0.939
-1.060
-0.895
-1.750
-1.751
-1.800
-1.769
-1.035
 0.050
-1.569
-0.417
-1.110
-0.063
-0.692
-0.308
-0.265
 0.499
 0.081
-2.295
-0.793
-1.395
-0.328
-0.529
 1.043
 1.570
 0.248
-0.009
-0.513
-0.266
 1.317
 1.115
 0.413
-1.339
-0.234
 0.625
 0.765
 0.813
 1.696
 2.114
 1.228
 1.109
 0.492
-0.381
-0.355
 1.048
 0.818
 0.061
-0.198
 0.207
-0.863
-1.683
 1.036
-1.116
 0.030
 1.357
 1.580
-0.245
 1.665
-0.546
 1.112
 0.979
 0.392
-0.039
 0.578
 0.464
-0.064
 0.119
-0.437
 0.185
-0.791
-1.491
-0.279
-0.757
-0.877
 0.700
-1.615
-2.259
 0.509
-0.087
-0.694
-0.041
 0.523
 1.066
-0.724
-0.838
 0.091
 0.736
 0.292
-1.568
 0.708
 1.367
-0.347
 0.981
-0.861
 0.760
-0.051
-0.960
-0.233
 0.089
-0.735
 0.456
 1.138
-0.130
-0.586
-0.003
-1.921
-0.791
-2.517
-1.407
 0.858
-0.873
 0.190
-0.082
 0.034
-1.376
 0.854
-0.599
-1.129
-2.624
-1.785
-0.934
-0.711
 1.684
 1.322
-0.329
 0.700
-0.437
-0.072
 1.435
 0.424
 0.101
 0.041
 0.727
 1.548
 1.857
-0.422
-0.289
 0.201
 0.615
-0.775
 0.240
 0.398
 0.395
-1.127
-0.013
-1.854
-1.169
 0.054
 0.473
 0.360
 0.923
 0.813
 0.456
 1.008
-0.502
-0.239
-0.321
-0.300
 1.190
-0.375
-0.972
-0.173
-0.243
 0.966
 0.913
-0.252
-0.489
-1.024
-2.139
-0.576
 0.668
 1.598
 0.424
 0.767
 1.043
 0.476
-0.129
-0.182
-0.578
 0.820
 1.102
-0.863
 0.047
 0.983
-1.051
 0.186
-0.069
-1.405
-0.571
-1.597
-1.574
-0.378
 1.172
 0.160
-0.351
 0.279
-0.513
-1.629
-1.128
 0.456
 1.128
 0.376
-1.243
-0.100
 0.341
 0.122
-0.151
 1.812
 1.056
 0.787
 1.952
 1.813
 1.942
 0.095
-0.054
-1.333
-0.227
-0.541
 0.693
 0.673
 1.551
 1.673
 0.959
-0.293
-1.189
 0.089
-1.632
-0.124
-1.031
-1.288
 1.352
 0.043
 0.605
 1.611
 1.161
 0.904
 0.618
-0.503
 0.970
 0.976
-0.151
-0.478
-1.130
-0.703
-0.231
 0.279
 0.067
-1.114
 0.797
 0.262
 1.051
-0.773
-0.405
 0.193
 0.011
 0.577
-1.032
-0.378
 1.211
 0.067
-1.253
-1.449
-0.590
-0.433
 1.200
 0.351
 0.641
-0.448
-0.620
-0.720
-0.272
-0.294
-0.091
 0.151
-0.297
 0.594
 0.850
-0.488
 0.138
 0.423
 0.345
 2.221
 1.137
-0.311
 0.956
-0.051
 0.721
 0.696
 0.690
 1.820
 0.852
 1.945
 2.485
 1.405
 2.391
 0.105
 0.036
 0.539
 0.200
 2.140
 0.738
 2.029
 0.905
 1.849
 2.099
 0.793
 0.936
-0.282
 1.512
-0.084
 0.824
 0.280
 1.903
 1.712
 1.991
-0.482
 0.938
 0.223
 0.404
-1.493
-1.018
-0.213
-0.205
 1.569
 1.562
-0.327
 0.988
-0.654
 0.935
 1.005
 0.625
 1.359
 0.701
 0.791
 0.963
 1.255
 0.088
-0.506
 0.708
 1.831
 0.287
 0.837
 1.024
 1.163
 0.414
 0.739
-0.828
-1.409
-0.151
-0.687
 1.141
 0.764
 1.266
 0.352
-0.049
-0.154
-1.227
 0.136
 0.667
 0.513
 0.175
 1.017
 1.236
 1.550
 0.493
 0.866
 1.613
 0.489
 1.766
-0.466
 0.698
 0.759
-0.650
 0.156
 1.073
 0.521
 0.061
 0.605
 1.897
 2.827
 1.764
 0.715
-0.262
 0.052
 0.341
 2.286
 1.919
 1.008
 0.987
-0.247
-0.691
 1.118
-0.540
 1.170
 0.388
-0.795
 0.075
-0.136
 1.117
 1.327
 0.596
 1.085
-0.774
-0.428
 0.468
 0.141
 0.732
-1.331
 0.278
-0.434
-1.127
 1.457
 0.422
 1.596
 0.842
 0.973
 1.672
 1.258
 1.670
 0.462
 0.938
 0.295
 0.245
 0.513
 1.910
 1.963
 1.905
 2.004
 1.393
 1.206
 0.365
 1.339
 1.258
 0.943
 0.435
 0.265
-0.414
 1.692
 0.741
 0.591
 1.242
 0.350
-0.112
 0.076
-0.405
-0.207
 0.659
-1.132
-0.783
 1.208
 0.662
 0.344
-0.942
 0.972
 0.240
-0.338
 0.108
 0.452
-0.205
 0.650
 1.019
 0.790
 0.792
 0.482
 1.904
 0.883
 2.035
 0.305
 2.328
 1.128
 1.264
 0.995
 0.761
 0.570
 0.090
 0.179
 0.333
-0.612
 1.006
 0.516
 1.035
 0.108
 0.582
 0.372
 0.163
 0.672
 1.108
-0.119
 0.013
-0.763
 0.130
-0.566
 2.449
 0.037
-0.211
 0.572
-0.543
-0.250
 0.545
 0.865
 0.246
 0.405
 2.362
 0.842
 1.206
 1.692
 1.871
 1.124
 1.530
 1.516
 1.788
 1.346
 2.127
 1.211
 1.236
 0.930
 0.656
 1.591
-1.208
-1.015
-1.463
 1.708
 0.741
 0.248
-0.415
 1.632
 0.111
-1.348
 0.310
 1.012
 0.145
 0.790
 0.723
 2.113
 1.745
-0.350
 0.819
 0.249
 1.388
 0.986
 1.026
 0.029
 0.836
-0.164
 0.874
 0.337
 1.409
-0.038
 0.410
 0.570
 3.167
 2.531
-0.262
 0.559
 1.580
 1.534
 0.711
 1.082
 1.290
 0.675
 1.103
-0.673
-0.615
-1.456
-0.425
-0.252
 0.237
 0.066
-1.262
 0.519
 1.099
 2.064
 0.762
 0.731
 0.502
-0.694
-0.549
-0.677
 0.543
 1.729
 1.958
 1.524
 0.488
 2.432
 1.758
 1.051
 1.872
 2.305
 0.762
 0.474
 0.516
 1.503
 0.631
 1.032
 1.995
 0.869
-0.747
 0.075
 0.457
-0.382
-0.435
-0.642
-0.092
-0.380
 0.247
 1.190
-0.390
 0.573
 0.106
-0.068
 0.109
 0.911
 0.143
-0.028
-0.259
-0.983
-1.410
-1.936
-0.662
 1.733
-0.740
-1.300
-0.237
-0.039
 1.206
-0.513
-0.706
 0.655
 0.419
 1.059
-0.418
 1.092
 1.438
 1.858
 0.260
-0.524
 0.316
 0.891
-0.241
-0.038
-0.160
-0.581
-0.023
 0.339
 1.354
-0.874
 0.255
 1.653
 2.624
 1.591
 1.690
 0.894
 1.050
 2.583
-0.619
-1.199
 0.749
-0.236
 0.441
-0.003
-0.811
 1.965
 1.921
 0.098
 0.732
-0.455
 1.242
-0.475
 0.759
-0.220
 0.683
 0.456
 0.499
 0.879
 0.400
 0.551
 0.350
 1.610
 1.599
 0.271
 1.332
 0.733
 0.621
 0.333
-1.081
-1.085
 0.118
 1.565
 0.249
 0.726
-1.366
-0.469
 0.745
-0.754
-0.869
 0.516
-0.931
 0.280
-0.206
-0.844
 0.917
-0.173
 1.044
 1.619
 0.612
 0.714
 1.560
 1.633
-0.002
 1.032
 2.197
 0.704
 1.834
 0.569
 1.367
 2.206
 0.723
 0.158
 0.238
-0.374
-0.479
-1.180
-0.246
-0.310
 0.272
-0.441
-0.296
-0.847
 0.876
-0.483
 0.597
-0.498
-0.290
-0.743
 1.198
 1.072
 0.465
 0.879
 1.365
-0.173
 0.970
 0.576
 0.151
-0.684
-1.143
 1.054
 0.651
 2.185
 0.443
-0.597
 0.363
 0.424
-0.397
-0.370
 1.127
 0.885
-1.298
 0.439
 0.786
 1.360
 0.433
-0.543
 1.063
 1.394
 0.688
-0.256
 0.414
-0.389
 0.367
 0.757
 0.042
 2.396
 0.928
-0.660
 1.009
 0.037
 0.665
 0.933
 0.419
 0.751
 0.553
-0.053
 0.320
 1.437
 0.582
-0.130
 1.630
 1.724
-0.173
 0.022
 0.276
 0.921
 0.702
-0.189
-0.229
-0.971
-1.612
-1.539
-2.892
-0.431
 0.536
-0.482
 0.457
 0.130
 0.619
 0.806
 0.373
 0.768
 1.440
 0.594
 1.812
 1.069
 0.878
-0.321
 0.647
 0.647
 0.286
 0.237
-1.070
-0.306
-0.648
-0.360
-0.692
 0.074
 0.500
-2.072
-0.667
 0.511
 0.486
 0.749
 0.428
 0.512
 0.812
 0.860
 0.907
-0.047
-0.390
-1.902
-1.091
-0.540
-2.749
-1.899
-1.669
-1.346
-1.535
-0.403
-2.009
-1.101
-0.182
 2.750
 1.816
 0.294
 1.348
 0.939
 1.664
 0.251
-0.449
-1.239
 0.611
-0.776
 0.269
-0.245
 0.746
 0.882
 0.527
 0.177
-1.171
-0.292
-0.212
-0.737
-0.416
-0.496
-0.767
-0.209
 0.679
-0.187
-0.842
-1.118
-0.670
-1.068
 0.872
 0.714
 0.329
-0.501
-0.846
 0.087
-1.595
-1.021
-1.343
-0.133
-0.011
 1.356
 1.541
 0.254
-0.107
 1.021
-0.138
 0.558
 0.102
-0.015
 1.156
 1.656
 1.256
 0.605
 0.679
 1.464
 0.562
-0.920
-0.550
 1.228
 1.850
 1.481
-0.087
 0.444
 0.549
 1.473
 0.931
 0.156
 1.371
 0.520
-0.705
 0.770
 0.891
 1.517
 0.438
-0.191
-0.318
 0.765
 1.185
 0.485
 0.178
 2.200
 1.765
 1.161
 0.705
 0.276
 1.146
-0.443
 1.257
 1.767
 0.508
-0.161
 0.014
 1.037
-0.426
 0.776
 0.300
 1.109
 0.452
 0.603
 0.557
 1.418
 1.493
 2.549
 2.388
-0.588
-0.398
 0.557
 0.420
 1.858
 2.323
 0.967
 0.148
 0.154
-0.774
-1.416
-0.620
 0.632
-0.445
-0.959
 1.095
-0.367
 0.552
 0.708
-0.640
 0.262
 0.730
 0.060
 0.232
 0.179
-0.160
 0.980
 0.629
-0.931
-2.119
-1.109
-1.573
-1.165
-1.021
-0.751
-0.171
 0.170
 0.855
-0.197
-1.173
-0.584
 0.829
 0.804
-0.786
-1.148
-1.139
 0.248
-0.169
 1.235
 0.851
-0.439
-0.484
-1.132
-0.158
 0.545
 1.142
 0.614
 0.837
 0.058
-1.215
 0.803
 1.368
 0.542
 0.029
-0.856
-0.319
 0.056
-1.096
 0.088
 0.775
 2.474
 0.234
-0.457
 0.730
 2.033
 2.045
 2.692
 0.504
 0.484
 0.864
-0.428
-0.442
 0.856
 2.060
 1.878
 1.913
 1.537
-0.111
 1.539
-0.580
-0.183
 0.212
 0.034
 1.477
 0.488
 1.344
 1.014
-0.477
 0.451
 1.117
 0.273
 1.131
 0.845
-0.869
-1.372
 0.481
 1.231
 0.518
 1.677
 1.663
 1.177
 0.716
-0.468
-1.645
-0.407
-0.186
-0.266
 0.189
-0.974
 0.646
-0.406
-0.605
-0.300
-0.992
-0.038
 2.549
 0.453
 0.417
 0.433
-0.135
-0.038
 0.490
 0.033
 0.204
 0.832
 1.404
 1.934
 0.549
 1.423
-0.346
 1.617
 0.275
 0.427
 0.335
 1.120
-0.618
 0.599
-0.602
-0.361
 2.305
 1.505
 2.069
 0.849
 1.985
 2.431
 1.953
 0.600
 0.631
 0.471
 1.308
 0.575
-0.968
 0.094
-0.209
-0.306
-1.151
-0.396
-0.084
 0.360
-1.030
-1.180
-0.187
-0.103
 0.095
 0.102
-0.187
 0.972
 0.264
-0.214
 1.710
 1.658
 1.305
 2.928
 1.730
 1.057
 0.436
-0.245
 0.975
-0.375
 0.492
 0.688
 0.361
 0.071
 0.564
 2.732
-0.608
 0.792
-0.312
-0.697
-0.144
 0.612
-0.509
-0.728
-1.255
 0.370
 0.849
 1.122
-0.094
-0.205
 1.513
 2.269
 2.525
 0.865
 1.810
 1.211
 0.485
 0.839
 0.954
 0.395
 0.926
 2.181
 0.912
 1.365
 1.958
 0.616
 1.403
-0.606
 0.282
-0.157
-0.958
 0.404
 0.336
 0.716
 1.862
 0.740
-0.042
-0.637
 1.098
 0.062
-0.280
 0.345
 1.963
 0.488
-1.434
-0.168
-0.957
 0.256
 0.353
-0.004
 0.175
-0.855
-0.042
 0.503
-0.081
 0.316
 1.070
 0.712
 0.090
-0.200
-1.007
-0.390
 0.413
-0.443
 0.664
 1.810
 0.865
 0.003
 1.207
 1.283
 1.137
 0.172
 2.011
 0.609
 0.759
 1.066
 0.494
 1.612
 1.231
 1.426
-0.228
 0.465
 0.146
 2.060
 0.149
 0.430
 0.652
 0.245
 1.699
 1.205
 1.272
 1.095
-0.143
-0.609
 0.821
 2.098
 0.220
 0.500
 1.301
 0.074
 1.412
 0.076
 1.503
 2.422
-0.431
-2.178
-0.649
-0.191
-0.936
-0.705
-1.799
 0.267
-0.195
 0.478
 0.434
 1.081
 2.088
 0.988
 1.074
 0.857
-0.156
 0.432
-0.286
-0.032
-0.045
 0.866
-0.557
 0.208
-1.134
-1.419
-0.587
 0.013
-0.159
-0.984
-0.450
-1.297
-0.576
-0.864
-0.054
-0.285
 0.458
 1.285
 0.384
-0.564
-0.290
-0.422
-0.176
 0.271
 0.831
 0.458
 1.620
 0.082
-0.502
-0.361
 0.454
 0.204
 0.057
 1.239
 0.556
 2.137
 0.507
 0.924
 0.922
 0.338
 0.537
 0.310
 0.520
 0.808
 1.830
 1.769
 0.933
 1.428
 0.824
 0.343
 0.481
-0.015
-0.808
-0.059
-0.182
-0.009
-0.148
 1.637
 2.054
 0.930
 0.473
-0.437
-1.981
-0.630
-0.484
-1.581
-1.115
 0.438
 1.620
-1.998
 0.223
 0.179
-1.059
-1.317
-0.851
 1.085
-0.197
-0.802
-0.723
 1.046
 2.779
-0.174
-0.158
-1.301
 1.037
-0.297
-1.500
-0.727
-0.713
-0.725
-0.002
-0.199
 0.293
-0.330
-0.322
 1.009
 0.313
 2.040
 1.320
 1.157
 1.530
 1.509
-0.552
 1.158
 0.593
-0.194
 0.356
-0.589
-0.689
-0.524
-0.890
 0.216
-0.690
 0.133
 1.012
 0.613
 0.728
-0.315
-1.634
-0.888
-0.986
-0.959
-0.046
 0.316
 0.111
 0.660
-0.238
-0.076
-0.180
 0.613
-0.441
-0.677
-0.959
-0.408
-1.724
-1.033
 0.885
 0.947
 1.034
 2.779
 1.539
 1.054
 2.387
 2.266
 1.847
 0.741
-0.390
 0.733
 0.364
 0.464
 0.514
-1.151
-0.611
-0.060
-0.365
-1.601
 0.753
 0.257
 0.331
-1.111
 1.300
 0.509
-0.450
-1.818
-1.043
-1.406
-0.869
-0.033
-0.697
 0.992
-0.165
 0.273
 0.568
-1.711
 0.184
 0.207
 0.561
-0.652
 0.734
-0.925
 0.413
 0.352
 0.572
-0.143
-0.528
 0.596
 1.463
 0.680
-0.006
 0.639
-0.130
-1.513
 0.048
-0.390
-0.855
 0.190
-1.867
 0.304
 0.360
 0.017
 0.534
-1.300
-1.352
-1.858
-0.758
-1.380
-0.049
 1.098
 0.870
-0.287
 0.257
 0.242
-1.993
-0.070
 1.354
 0.743
 1.289
 0.820
 1.432
 1.300
 0.373
 0.328
 0.080
 0.310
-0.661
-2.199
 1.030
 1.121
 0.751
 1.255
 0.598
 0.574
-0.967
-1.405
 0.269
-0.639
 0.804
-0.029
 0.648
-0.479
 1.269
-0.482
 0.334
 1.089
 1.053
-1.776
-0.150
 0.447
 1.437
 1.276
 1.705
-0.095
 1.549
 0.509
 0.191
 0.519
 0.097
 1.423
 0.625
 1.932
 1.620
 0.413
-1.122
 0.394
 0.069
 0.726
 0.713
-0.890
-0.369
 0.351
-0.472
 0.601
 1.717
 2.556
 1.594
 0.409
 1.425
 0.543
 1.241
 1.422
 1.788
 1.302
 0.103
 0.778
 1.205
 0.499
 1.750
 0.695
 1.538
 0.175
 0.299
 1.950
 2.637
 1.738
 2.795
 1.104
 2.102
 1.766
-0.845
 1.164
 2.248
 0.632
 0.869
 2.493
 0.202
 1.572
 2.902
 2.174
 2.585
 0.976
 1.589
 0.440
 1.243
 1.827
 1.219
 0.397
 1.461
 1.345
-0.036
 0.712
 1.141
-0.602
 0.083
 1.597
 2.237
 1.604
 2.583
 2.985
 2.696
 1.098
 0.665
 0.429
 1.770
 0.265
 0.294
 0.266
 0.175
 0.271
-0.452
 0.818
-0.421
 0.392
 0.735
 0.574
 0.379
 1.370
 0.829
 0.080
 0.415
-0.362
 0.377
-0.964
 1.319
 0.374
 0.001
 0.918
 1.811
 0.499
 2.208
 2.127
 0.788
 1.201
 0.795
-0.259
-1.175
 0.678
-1.693
-0.269
 1.596
 1.778
 0.991
-0.669
 0.642
 0.888
 0.801
 1.841
 1.473
 1.909
-0.032
 0.075
 1.673
 0.352
 1.576
 1.107
 0.769
 0.694
-0.489
 0.164
 0.327
 0.864
 0.898
-0.403
-0.110
 1.461
 0.647
 0.701
 1.251
-0.194
 0.365
-0.282
 0.572
-1.142
-0.677
 0.244
 0.066
 0.365
 0.747
 0.792
 0.944
 1.047
 0.656
 2.575
 1.573
 0.406
 0.862
 0.851
 1.181
 0.321
 2.110
 1.185
-0.639
-0.696
 1.447
-0.454
-0.107
 0.596
 0.298
 0.793
 1.394
 1.467
 0.287
 0.080
 0.557
-0.329
-1.121
 1.046
 1.459
-1.183
-0.561
 1.890
 0.431
-0.310
 0.748
 2.046
 0.351
 1.336
-0.312
 0.265
-0.284
 1.108
-0.038
 0.805
 0.784
 0.079
-0.687
-0.919
 0.350
 0.474
-0.588
-0.067
 0.421
 1.383
 0.311
 0.199
-0.664
-0.612
 0.085
 0.081
-0.429
-0.168
-0.190
-0.180
-0.560
 0.635
 0.296
-0.354
 0.394
 0.861
 0.037
-2.071
-1.017
 0.099
-0.112
-0.024
-0.888
-1.291
-0.703
 0.964
 0.679
 0.996
 0.580
 1.279
 1.674
 1.599
 0.908
 0.611
 1.845
 0.786
 1.820
-0.323
 1.543
 2.039
 0.619
 1.528
 0.250
-0.153
 1.239
 1.697
 1.094
 0.607
 0.514
-0.143
 0.637
 0.891
 1.325
-0.725
 0.210
 1.922
 0.011
 1.106
 1.948
-0.674
 0.665
-1.160
-0.199
 0.521
-0.083
 0.257
-0.776
-0.398
-0.362
 0.252
 1.338
 0.353
 0.650
 0.411
 0.018
 0.024
 0.981
 1.310
-0.106
-0.810
-0.631
-0.219
-0.283
-0.404
-2.192
-0.147
-0.257
-0.450
-0.441
 0.205
 1.138
 0.358
 0.017
 0.268
 0.147
 0.461
 0.959
 0.773
-0.043
 0.593
 1.161
-0.682
 0.336
 1.331
-0.014
 0.210
-1.234
-0.646
-0.791
-1.415
-1.637
-0.421
-0.903
-2.354
 0.045
-1.437
 0.650
-0.109
-1.048
 0.365
-0.729
-0.442
 2.596
 0.568
-1.446
-0.064
 0.287
-0.162
-0.141
 0.405
-0.008
 0.735
 1.174
 1.734
 0.385
-0.033
-1.118
 1.620
 1.017
-0.646
 0.433
 0.166
-0.253
-1.361
-0.102
-0.555
 0.260
 0.729
 1.150
 0.342
 0.702
-0.127
-0.689
-0.350
-0.663
-0.145
-0.812
-0.398
-1.711
-0.387
 0.659
-0.952
-1.572
-0.714
-1.364
 0.681
 0.393
 0.900
 0.814
 1.400
 1.439
 0.106
 2.344
 1.653
 0.035
 0.474
 0.150
-0.300
 1.094
 0.836
 1.071
 1.205
 0.805
 0.666
 0.510
 2.087
 0.478
 0.513
 1.519
-0.762
-0.033
-0.609
 0.274
-0.563
 0.686
 0.041
 0.061
 0.225
 0.252
-1.895
-0.256
-0.780
 0.197
-1.148
-1.573
 0.591
 0.616
 1.234
-0.451
 0.461
-0.853
-1.403
-1.887
 0.513
-1.038
-1.255
-0.905
 0.421
-0.705
-0.047
-0.352
 1.284
 0.228
-0.029
 0.969
 0.410
 0.031
 0.197
 1.273
 0.325
 0.716
-0.078
 0.681
 0.876
 0.059
-0.372
-0.410
 0.957
 1.326
 1.139
 0.936
 1.114
 2.115
 0.878
-1.928
-0.487
 1.088
-0.081
-0.216
-0.292
-1.141
-0.960
-0.341
 0.599
-1.104
-0.085
 0.518
 0.231
 1.118
-0.652
 1.363
 1.987
 1.516
 2.211
 1.073
 0.653
-0.861
 1.241
 0.073
-0.261
-0.636
-0.559
-1.965
 0.985
 1.899
 0.653
 0.216
 0.697
 0.270
 0.786
 0.343
-1.235
 0.444
-0.912
-0.541
 0.055
-0.970
-0.073
 0.290
 0.706
 1.917
 0.678
 0.683
 1.693
 0.291
 0.744
-0.802
 0.653
-1.633
-0.684
 1.638
 1.167
 0.174
 0.267
 0.486
 0.963
 0.401
-1.081
-0.836
-0.350
-1.203
 0.481
-0.020
-0.094
-0.702
 0.821
 0.304
-1.233
 1.327
-1.130
 0.047
-2.079
 0.322
-0.225
-0.499
 0.076
-1.114
-2.145
-1.602
-1.328
-1.019
-1.248
 1.042
-0.655
-0.784
-0.569
 0.413
-1.248
-0.273
-0.841
-0.885
-0.665
-0.988
-0.375
 0.620
 0.925
 0.273
 0.200
 1.257
 0.589
 0.444
-0.312
-0.547
 0.633
-0.973
 0.782
 0.356
-0.579
 1.139
 1.125
 1.776
 0.480
 0.996
 0.474
 0.141
-0.124
 0.876
 1.754
 0.799
 0.278
 0.593
 0.353
 0.826
-0.329
-0.217
 1.283
 0.104
-1.864
-1.106
-0.094
-1.590
-0.535
 0.105
 1.214
 0.256
-0.060
 0.027
 0.825
 0.527
 1.320
 0.079
 0.374
 0.185
 0.893
-0.774
 0.211
-0.364
 0.689
 0.522
-1.833
-1.463
-0.666
-0.796
-0.411
 0.723
 0.408
 0.063
 0.503
 1.814
 1.260
 0.925
-0.260
 0.040
 0.358
 1.271
 0.717
 0.108
-0.023
-0.328
 0.087
-1.424
-0.457
 0.614
 0.901
-0.614
-0.049
 0.947
 0.005
 0.407
 0.364
 1.500
 0.671
 1.156
-0.398
-0.310
-0.757
 1.311
-0.021
 0.947
 0.580
-0.293
 0.989
 0.536
 1.533
-0.035
 0.438
-0.392
-0.534
 0.851
 0.491
 0.753
-0.109
 0.029
 0.186
-0.117
 0.249
 0.295
 0.523
-0.795
 0.823
-1.170
 1.058
-0.502
-0.783
 0.088
 1.330
 0.399
 0.728
 1.456
-0.398
-0.042
-0.204
 0.129
-0.298
 0.867
 0.408
-0.106
 0.542
 0.386
-0.450
-0.076
 0.680
 2.236
 2.318
-0.119
 0.684
 2.318
 3.098
 0.982
 0.055
-0.527
 1.179
 0.195
-0.456
 0.055
 0.786
 2.117
 0.596
 2.260
 0.875
 0.385
-0.311
-0.159
 0.164
-1.619
-0.097
 0.106
 0.594
-0.329
-0.299
 1.407
-0.006
 0.489
 1.271
 1.846
 2.288
-0.170
 0.121
 0.456
 1.497
 0.273
 0.168
-1.080
-0.030
-0.643
 0.502
 1.246
-1.303
 0.013
 1.690
-0.404
 0.333
-0.400
-0.404
 0.934
 1.044
 0.323
-0.560
 1.131
 0.250
 0.937
 1.069
-1.215
 0.376
-0.587
-0.657
-0.433
-0.464
-0.137
 0.457
-0.705
-0.326
 0.006
-0.131
-0.719
-0.175
-0.680
-0.100
 0.162
-0.238
 0.178
-0.407
-0.698
 0.283
-0.429
-0.900
-0.496
-1.311
 0.649
-0.553
 1.260
-1.010
 0.127
-0.633
-0.408
 1.461
-0.754
-1.404
-0.541
-0.388
-0.086
-1.292
-0.040
 0.722
 0.202
-1.285
 1.848
 3.105
 1.122
 1.244
 1.985
 0.124
 0.712
 1.624
 1.547
 1.122
 0.802
 0.838
-0.044
 1.599
 0.873
 0.673
 0.892
-0.375
 0.428
 1.427
 2.309
 2.163
-0.708
-0.882
 0.858
 0.596
 1.651
 1.346
 2.783
 1.518
 1.101
 1.301
 1.841
 1.010
 0.274
 1.760
 1.821
-0.292
 1.169
-0.670
 1.090
 1.169
 0.755
 0.977
 0.562
 0.754
 0.852
 0.017
-0.748
-0.468
 0.053
-0.007
-0.205
-0.255
 0.653
 1.499
 1.287
 1.155
-1.070
-0.686
 0.888
 1.497
 1.185
 0.310
-0.294
 1.599
 0.680
 0.456
-0.219
 0.341
 1.173
-0.679
 1.612
 1.536
-1.082
-0.670
 0.969
 0.948
-0.192
-0.886
-1.008
-0.839
-0.637
-1.415
 0.714
-0.888
 0.076
-0.252
-0.491
 0.910
 0.257
 0.414
 1.863
-0.709
 1.147
-0.260
 0.523
-0.487
-0.386
-0.238
 1.154
 0.692
 1.894
 0.441
-0.119
 0.020
-0.227
 0.178
 1.545
 0.497
 0.402
-0.101
 0.251
 0.187
 0.827
 0.576
 1.013
-0.236
-1.148
-0.151
-0.088
-0.011
 1.319
 1.262
 0.559
-0.433
 0.065
 0.916
 0.192
-0.165
 0.694
 1.726
-0.467
 0.557
 0.686
 1.354
 0.840
 0.435
 0.954
-0.360
 0.871
 0.763
 0.447
-1.297
-0.380
 0.327
-0.385
-0.657
 0.260
-0.255
 0.423
 0.231
-0.306
 1.454
 1.652
 0.489
 1.666
 1.142
 0.382
 1.314
 1.404
 1.319
 0.068
-1.202
 0.092
 1.280
 0.334
 0.565
-0.099
 0.197
 0.864
 0.959
 0.467
-1.121
 0.330
 0.748
-0.245
 0.115
-0.845
 0.686
 0.429
-0.669
-0.486
 0.512
 1.022
 0.259
 0.874
 0.646
-0.090
-0.789
 0.502
-0.190
-0.107
-0.890
 0.105
 0.614
 1.183
 1.044
 0.195
 0.735
 1.094
 0.008
 1.454
 1.871
 1.065
 1.624
 1.779
 1.688
 2.307
 1.238
 1.702
 0.587
 0.636
 0.146
 0.990
 0.517
 0.925
 1.646
 1.899
 0.460
-0.485
-0.581
 0.678
 0.540
 1.162
 0.923
-0.304
-0.230
-0.865
 0.029
 0.520
 0.704
 0.091
-0.409
 1.132
 0.446
-0.200
 1.314
 0.686
 0.292
 2.131
 0.357
 1.354
 1.047
 1.403
 1.143
-0.974
-0.295
-0.044
 0.827
 0.899
 1.132
-0.882
 0.497
 0.552
 1.517
-0.030
 0.053
-0.071
 0.119
 0.913
 1.801
 1.857
 0.333
 0.626
 0.445
 1.606
 1.778
 1.232
 0.898
 0.478
 0.278
 1.890
 1.487
 1.192
 1.280
 1.258
 1.533
 0.235
 0.984
 0.709
-0.917
 0.635
 0.333
 0.996
 1.548
-0.849
 0.382
 0.669
 0.338
 0.619
 0.040
-0.299
 0.671
 1.111
 0.281
 0.469
 0.453
 1.036
 0.602
-0.042
 2.037
 1.801
 1.445
 1.273
 0.096
 1.599
 0.692
 1.671
 2.089
 0.586
 1.333
 1.536
-0.190
-0.233
-0.822
-0.800
 0.366
 1.055
-0.224
-0.362
 0.436
-0.191
-1.206
 0.165
 0.279
 0.649
 0.404
-1.100
 0.270
 0.071
-0.177
-0.265
-0.018
 0.868
 0.343
-0.488
 0.429
-0.360
 1.108
-0.778
 1.820
 0.582
 1.693
-1.153
 0.970
 1.619
 1.585
 0.037
 0.793
 0.125
 1.200
-0.169
 1.197
 0.203
-0.423
 0.792
 2.230
 0.554
 1.051
 1.091
 0.102
 0.465
 0.336
-0.604
-0.276
 0.030
-1.017
-2.003
-0.963
-0.733
-0.590
-0.959
-1.537
 0.223
 1.199
 0.695
-0.171
 0.404
-0.272
-2.569
-0.936
 0.397
 1.646
-0.642
-0.405
 0.686
 0.494
-0.128
 0.546
 1.200
-0.107
 0.141
 0.280
-0.890
 0.399
 0.661
 0.226
-0.330
 0.073
 0.216
-0.821
-0.655
 0.520
-0.382
-1.148
-0.126
 1.031
-1.525
 0.402
-0.404
-0.262
-0.420
 0.206
-1.340
-1.406
-1.792
-1.440
-1.782
-1.292
-1.552
-0.146
 0.446
 1.587
 1.785
 0.361
 0.013
 0.684
 0.502
 0.259
 0.139
 0.590
-0.717
-0.929
 0.017
-0.566
-0.282
 0.832
 0.661
-0.445
 0.870
 0.768
 0.498
 1.670
-0.444
 0.042
-0.895
 0.068
 0.514
 0.177
 0.870
 0.329
 0.850
 1.349
 0.768
-0.887
 0.589
-0.576
-0.490
-0.319
-0.352
-0.270
-0.541
 0.216
 0.532
 0.729
-0.238
 2.164
-0.148
-0.685
 0.416
 0.189
 0.355
 0.200
 0.945
-0.281
 0.397
 0.348
 0.614
 1.301
-0.742
 0.163
-0.238
 0.358
-0.578
 0.668
-0.252
 0.171
 2.753
 1.204
 1.093
 1.952
 1.762
-0.008
-0.431
 1.695
 1.156
 0.482
 2.171
-0.158
-0.617
 2.267
 0.610
-0.189
 0.839
 0.968
 0.872
-1.055
 0.587
 1.305
 0.171
-0.317
-0.455
 0.237
-0.575
-1.270
-0.408
 0.277
 1.015
 1.240
 0.664
 0.321
 0.084
-0.399
-1.154
-0.806
-0.518
-0.337
 0.455
 0.783
 0.046
 0.707
-0.486
 0.248
-1.365
 0.245
 0.278
 0.054
-1.009
 0.343
-0.521
-0.321
 0.770
 2.173
 1.161
-0.854
 0.149
-1.048
 1.573
 0.215
-0.108
 0.932
 1.550
 1.628
 0.934
 0.692
 1.045
-0.240
 1.074
 0.475
 2.277
 1.151
 0.653
 0.838
 0.318
 1.269
 1.443
-0.094
 0.941
 0.584
-0.568
 0.433
 0.795
 2.768
 0.329
 0.728
-0.194
-0.126
 1.038
 0.074
 1.508
 0.634
 1.637
 0.894
 1.538
-1.242
-0.674
 0.305
-0.242
-0.975
-2.498
-2.232
-0.419
-0.388
 0.636
 1.054
 0.219
 0.231
 0.053
 1.094
 0.052
-0.427
-0.443
 0.408
 0.677
-0.028
 0.065
 1.273
 0.583
 1.282
-0.123
 0.012
-1.290
-0.722
 1.183
 0.726
 0.052
-0.004
-0.077
 0.737
-0.815
 0.490
-0.120
-0.565
-0.462
 0.122
 0.584
 0.258
 0.976
-0.701
-0.010
 0.598
 1.443
 3.158
 2.180
 0.224
 0.575
-0.247
 0.630
 0.398
 0.825
 0.066
-0.661
 0.112
 0.177
-0.091
-0.837
-0.841
-0.583
-0.105
-0.302
 0.570
 0.647
-0.021
 0.275
 0.345
-0.104
-0.102
-0.388
-0.370
-1.018
-0.624
-0.907
 0.160
 0.024
-2.105
-1.138
-1.920
-0.327
-1.693
-1.022
 0.376
-1.110
-0.877
 0.382
 1.400
 1.744
-0.961
-0.094
-0.394
-0.484
 0.253
 0.679
 0.046
-0.356
 1.239
-0.157
-0.330
 0.292
 1.119
-1.627
 0.384
-0.469
-0.178
 0.707
 0.491
 0.430
-1.116
 0.188
 0.689
-0.725
 0.148
-0.325
 0.264
 0.922
 0.103
 0.072
 1.088
 1.816
-0.239
-0.644
 0.673
-0.077
 1.368
 0.289
-0.272
 0.518
 0.225
-0.228
 0.362
-0.082
 0.391
 0.249
 0.136
 0.227
-0.227
-0.056
 0.998
 0.089
-0.430
-0.762
-0.126
-0.374
-0.045
 0.507
 0.774
 0.746
 1.672
 0.770
-1.138
 0.412
-0.800
 0.083
-0.534
-0.042
-0.316
 1.197
-0.387
 0.711
-0.068
 1.034
 1.513
 0.321
-0.797
-0.910
 0.283
 0.956
 1.313
-0.616
 1.317
 0.642
 0.000
-0.406
-0.975
-0.283
-0.486
-0.679
-0.815
 0.036
 0.020
-0.551
-0.139
 0.255
-0.411
 0.195
 0.000
 0.267
-0.246
 0.055
-1.235
-1.047
-1.383
-1.532
-1.319
-2.459
-1.986
 0.074
-0.345
 1.501
 0.181
 0.407
 0.854
-0.328
-0.210
-1.538
-1.434
-1.434
-1.452
-1.080
-2.331
-0.618
-0.905
-0.547
 0.301
-1.115
-1.757
-0.384
-0.186
-0.675
 0.637
 0.110
 0.449
 0.527
 0.443
 0.884
 1.212
 0.754
 0.858
-0.248
 0.000
 0.312
-0.505
-0.665
 0.179
-0.339
-0.179
-0.983
-0.820
-0.212
 0.156
-0.456
-0.052
 1.102
 0.140
-1.484
 0.869
-0.027
-1.389
 0.566
 0.835
 1.489
 0.792
 0.796
 0.143
 0.211
 0.246
-0.034
 1.826
 1.594
 1.000
-0.155
 0.302
 0.041
-0.464
 0.516
-0.793
-0.612
 0.330
-0.969
 0.530
 0.458
-1.213
 0.258
 1.030
 1.337
-0.961
 0.625
-0.033
-0.704
 0.538
-0.147
 0.768
 0.892
-1.780
-0.160
-0.716
-0.851
-0.291
 0.679
-0.203
-0.489
 0.396
 0.017
 0.318
 0.234
-0.305
-0.346
-0.821
-1.556
 0.203
 0.604
 0.286
 1.318
 1.754
 1.194
 0.774
 1.160
 0.576
 1.642
 1.294
-1.033
-0.024
-0.676
-1.752
 0.092
-0.814
-0.403
-0.941
-1.057
 0.139
 0.232
 0.958
 0.659
-0.601
 0.186
 0.963
 0.493
 0.417
 0.421
 0.646
 0.727
 0.541
 0.164
 0.180
-0.092
-0.387
 0.100
-1.760
-0.583
 0.546
 0.565
 1.115
 1.027
 1.024
 0.911
 0.846
-0.252
 0.153
 0.037
 0.384
 0.386
 1.349
 1.758
-0.342
 2.206
 1.279
-0.337
 0.986
-0.052
 0.709
 0.262
-1.145
-0.909
 0.630
-0.247
 0.128
 0.420
 0.354
 0.365
 0.074
 0.386
-1.001
-1.483
-1.125
 0.068
 1.296
-1.116
-1.045
-0.723
-0.866
-0.414
-1.114
-1.605
 0.325
 1.166
 1.349
 0.738
-0.662
 0.925
 0.288
 1.109
 0.072
-1.662
-0.152
-1.087
-0.427
 1.138
 0.532
-0.171
 0.257
-0.633
-1.857
-1.384
-0.734
-1.354
-0.588
-1.217
-0.688
 0.022
 1.700
-0.375
-0.495
 1.106
 0.452
 0.097
-1.342
-1.119
 0.001
 1.041
-1.109
 0.480
 0.394
 0.869
 0.144
-0.135
-1.000
-0.183
-0.174
 2.204
 1.173
 0.514
-0.283
 0.041
-0.803
 1.715
-0.137
 0.771
 0.674
 0.360
 1.085
 1.294
 0.287
 0.171
-1.692
 0.498
-0.539
-0.594
 0.213
 0.677
-0.402
 0.267
 0.603
-0.924
 1.061
 2.260
 0.926
 0.896
-0.387
 0.942
 0.184
 2.084
-0.947
-0.703
-0.043
-0.797
 0.616
 0.342
-0.861
-1.908
-2.747
 0.310
-1.437
 0.551
 0.608
-0.232
-0.426
 0.949
 0.050
-0.943
-0.116
-0.476
 0.118
 1.128
 0.185
 0.612
 1.082
 1.118
 0.311
 1.694
 0.157
 1.453
 0.079
 0.911
 0.840
-0.077
 0.131
 0.422
-0.701
 0.605
-0.449
 0.262
 1.607
 1.431
 2.437
 0.910
 0.197
 0.834
 0.099
 0.368
 0.159
 0.208
-1.028
 0.511
 0.582
-0.580
 0.072
-0.090
-0.090
-1.485
-1.200
-1.628
 1.529
 0.402
 1.265
 2.138
 0.756
-0.127
-0.808
 0.214
-0.439
-1.480
-1.080
-1.039
-0.049
 0.072
-0.741
-1.047
-0.930
-0.639
-0.063
-2.940
-1.569
-1.241
-1.295
-0.578
-0.997
-0.761
-1.498
-0.880
-0.206
 0.005
-0.512
-0.878
-0.050
 0.061
-1.320
 0.278
-0.573
 0.807
 0.517
-0.367
-0.475
-0.600
 0.409
-0.931
-1.165
 0.570
-0.153
-0.590
 0.678
-0.575
 0.453
-0.159
-0.391
 1.432
 1.049
 0.045
-0.508
 0.195
 0.851
 0.425
 0.134
-0.384
-1.041
-0.505
-1.619
-1.354
 0.602
 1.844
 0.780
 0.995
-0.264
 1.825
 3.130
 1.615
-0.084
-0.105
 0.794
 0.920
 1.206
 1.808
 1.292
 0.681
-0.467
-0.663
-0.152
 0.805
 1.901
 0.437
 1.945
 1.378
 1.715
 1.138
-0.516
-0.122
 0.673
-0.481
-0.821
 0.434
-0.216
-0.319
-0.551
 0.260
 0.657
 1.508
-0.573
 0.675
 1.083
 0.171
 0.886
 0.318
-0.601
-0.786
 0.055
 1.496
 1.999
 0.721
 0.331
-0.271
-0.528
-0.133
 0.503
 0.027
-0.999
 1.689
 1.381
 1.643
 2.046
 2.199
 1.691
 0.707
 0.693
 0.461
 0.956
 0.499
-1.014
 0.575
 1.866
 1.217
 0.280
 1.009
 1.894
 0.099
 1.956
 3.663
 2.345
 1.729
 2.547
 2.827
 1.917
 1.930
 0.945
 0.903
 0.497
 0.483
 0.897
-0.279
-0.679
-0.701
-1.462
-0.964
-0.044
-0.916
 0.205
 1.074
 0.673
 1.124
 1.359
-0.212
 0.018
 0.625
-1.037
 0.113
-1.836
-1.040
-0.302
 0.118
-0.764
 0.138
 0.446
-0.116
 0.710
 0.205
 0.630
 0.053
 1.138
-0.616
-1.164
-0.388
 0.133
-0.959
-0.880
 1.076
 1.816
 1.759
-0.412
 1.282
-0.190
-0.191
 0.083
 1.627
 0.067
-0.098
 0.003
 0.588
 0.502
 1.026
-0.153
-0.262
 0.130
-1.571
 0.252
-1.187
 0.639
-0.178
-0.396
 1.621
-0.422
-0.707
 0.102
 1.537
 0.437
 0.796
 0.240
 0.096
-0.403
-0.307
-0.057
-0.281
-0.390
 0.751
 0.571
-0.276
 0.812
 0.899
-1.017
-0.512
 0.633
-1.356
-1.171
-0.956
-0.386
 0.921
 0.430
 0.302
 0.174
 0.462
 0.526
 0.981
-0.248
-1.132
-2.364
-0.944
-0.296
 0.172
-0.064
 1.247
-0.643
 0.022
 0.015
 1.319
-0.692
-1.323
 0.843
 0.599
 0.367
-0.579
-1.068
-1.003
 0.459
 1.517
-0.602
 0.957
 0.505
-0.500
-0.377
 0.233
-2.024
 0.164
-0.785
 0.229
-0.328
-1.435
-0.341
 0.041
 0.044
-0.978
 0.719
 1.088
 0.641
-0.651
 0.593
 0.024
 0.610
-0.663
 0.286
-1.160
-1.704
 0.117
-0.223
 0.134
 0.936
-0.062
 0.874
-0.280
-2.092
-0.742
-0.010
 0.119
 1.123
 0.284
-1.189
-1.386
-1.777
-0.917
 0.162
 0.049
-0.260
-0.457
 0.701
 1.460
-0.075
 0.104
 0.637
 0.927
 0.200
 0.696
 0.791
-0.193
 0.094
 2.199
 0.618
 0.570
 0.371
 0.398
 0.941
 0.323
-0.048
-0.025
-1.016
-0.570
 0.020
-0.087
-1.351
-1.561
 0.137
 0.783
 0.128
 0.452
-0.588
-0.194
 0.019
-0.463
 0.096
 0.021
-1.595
-1.935
 0.018
-1.628
 0.578
-2.342
 0.377
 0.260
 0.997
 0.260
 0.493
-0.655
 0.701
-0.502
 0.323
 0.361
-0.193
 1.332
 0.763
 0.431
-0.344
 0.423
 1.002
 2.916
-0.825
-0.936
-1.670
-1.439
 0.118
-1.055
-0.978
-0.488
-0.807
 0.420
 0.581
 1.131
 0.648
 0.504
 2.028
 0.670
 0.274
 0.987
 1.229
 0.224
 1.105
 0.843
-0.075
-1.050
 1.474
 0.935
 0.339
 0.883
 0.884
 0.868
 2.459
 2.144
 0.016
 0.969
 0.630
-0.481
 0.353
 1.412
 1.180
 0.434
 0.721
 0.232
 0.892
 0.085
-0.790
 0.398
 1.290
 0.077
-0.978
-0.432
-0.788
-0.509
-0.837
 0.472
 0.025
-0.531
-1.520
-1.839
-0.044
-0.024
-1.239
-0.111
 1.073
 1.647
-0.359
 0.385
-0.871
-0.419
 2.369
 0.784
-1.052
-0.343
-0.724
 0.695
-1.071
 0.311
 0.062
 0.960
-0.690
-1.455
 0.051
-0.851
-0.137
-0.435
 1.385
 1.646
 1.093
-0.195
-0.614
 0.601
-0.845
-0.068
 0.358
-0.566
-2.171
-1.599
-1.598
-0.714
-0.748
-0.622
 0.440
-0.494
-0.585
 0.591
-0.172
-0.779
 0.260
 0.211
-0.139
 0.944
 0.219
 1.667
-0.372
-0.980
-1.832
 0.063
-0.778
-0.023
-0.513
-0.789
-0.208
-1.573
-1.902
-1.976
-1.001
-0.624
 0.356
-0.093
 0.483
 0.075
-1.248
 0.070
 0.637
-0.089
-0.973
-0.481
-0.902
-1.682
-1.646
 1.134
 0.857
 0.588
-0.159
 1.612
 0.868
 0.720
 1.357
 1.032
-0.739
 0.472
-0.191
 0.259
 1.564
 0.886
 1.216
-0.485
 1.019
 0.435
-1.211
-2.181
-1.190
 1.016
 0.452
-0.781
 0.965
 0.412
 0.766
-0.827
-0.496
 1.844
 2.573
 1.752
 0.963
 0.233
 0.556
-1.793
 0.553
-1.784
-1.723
-0.451
-0.725
-0.585
-1.538
 0.560
-0.026
-0.677
-0.300
-0.032
 1.238
 0.901
 0.243
 0.215
 1.836
 1.193
 1.019
-0.211
 0.596
-1.112
-0.118
-1.279
-0.946
-0.517
 1.200
-0.301
-0.064
-0.458
-0.290
 0.591
-0.648
 1.542
 0.166
-1.289
-1.130
 0.268
-0.621
-0.541
 1.549
 1.576
-0.544
 0.647
 0.429
-0.108
 1.747
 0.681
 1.330
-0.546
 0.668
-0.037
 0.746
 0.481
-0.564
 0.939
 0.008
 0.737
-0.094
-0.700
 1.408
 1.174
 0.961
 1.258
-0.037
-1.112
-1.938
-0.119
 0.200
 0.120
-1.265
-0.852
-1.384
 0.367
 0.648
-0.288
-1.526
-1.113
-1.517
-0.328
-0.195
-0.783
-2.354
-1.385
-2.246
-2.019
-2.433
-1.854
-1.795
-1.984
-1.310
-0.819
-0.819
-1.000
-0.251
 1.359
-0.172
-1.442
 0.664
-0.652
-0.706
 0.088
 0.341
-1.298
-0.940
 0.930
 0.637
-0.890
-0.601
-1.236
-0.927
-1.931
-1.077
 0.450
-0.705
-0.171
-1.544
-1.699
-0.861
-0.290
-0.228
-0.248
-1.136
-1.408
-0.682
-0.188
-1.209
-0.424
 1.016
 0.678
 0.189
-0.204
 0.509
-0.101
-1.183
-0.169
 0.762
 0.784
 0.720
 0.031
-0.219
-1.181
-0.418
-0.494
-0.062
-0.545
-1.176
 0.005
 0.597
-1.344
-1.650
-0.115
-0.439
-0.657
 0.941
 0.383
-0.183
 0.850
 0.292
-0.274
 0.030
 0.967
-0.772
-1.183
-0.044
-0.432
 1.057
-0.475
-2.173
-1.237
-0.654
-1.721
 0.525
 0.477
-1.366
-1.343
-2.247
-1.291
-0.711
-1.510
-1.283
-0.073
 0.711
 0.383
-1.606
-2.252
-0.606
-1.051
-0.908
 0.067
-0.903
-0.009
 1.211
-0.117
-1.438
-1.607
-0.012
 0.193
-0.356
-0.450
-0.897
-0.151
-0.752
-0.202
-0.557
 0.067
 0.784
-0.443
-0.271
-1.835
-1.291
-1.722
-0.424
-1.238
-0.936
-1.813
-0.639
-2.160
-2.595
-1.336
-1.618
-0.993
 0.398
 0.163
-0.096
-0.467
-0.448
 0.323
 0.260
 0.132
-0.521
-0.438
-1.054
-1.151
 0.563
 1.317
-0.469
 0.150
-0.160
 0.443
-0.760
-0.389
 0.203
-0.337
-0.057
-1.269
-0.452
 0.986
 0.436
-0.161
-0.288
 0.134
-1.575
-0.295
 0.589
-1.049
-0.056
-1.519
-0.382
-1.036
-0.607
-0.987
-0.507
-0.900
-2.249
-1.438
-1.010
-1.427
-1.008
-0.616
 0.127
-1.101
-1.223
-1.694
-0.547
-1.015
 0.029
 0.037
-0.643
-0.102
 0.318
-1.637
-1.995
-0.934
-0.452
-0.938
-0.739
-0.455
-0.622
-0.388
-1.523
-0.778
-1.651
-2.174
-2.260
-1.361
-2.167
-2.584
-1.487
-1.864
-1.938
-0.406
 0.630
 0.458
-0.109
-0.347
-1.725
-1.335
 0.986
-0.870
-1.573
-0.864
-2.431
-0.249
 0.160
-0.025
-0.804
-1.449
-1.200
-1.172
 0.000
-1.888
-1.326
-0.218
-0.865
-0.081
-0.631
-0.531
-1.352
-1.344
-1.992
-1.762
-1.549
-1.347
-1.982
-1.225
-1.938
-1.846
-0.476
-1.056
-0.442
 0.488
-0.617
-0.971
-2.488
-2.184
-0.898
 0.178
-1.820
-1.324
-1.514
-2.239
 0.201
 0.127
-1.637
-1.361
-1.987
-1.846
 0.428
-0.770
 0.469
-0.410
-0.133
-0.031
 0.305
 0.707
-0.019
 0.145
 0.254
 0.883
 0.064
 0.308
-0.491
-1.178
 0.196
-0.144
-0.234
 0.378
 0.290
-0.356
-0.086
 0.353
-1.277
-0.585
-2.208
-0.841
-0.863
-1.388
-1.713
-1.461
-1.397
-0.565
 0.817
-0.480
-2.813
-0.867
 0.001
-1.517
-1.266
-0.678
-0.955
 0.453
 0.739
-0.301
-0.959
-1.287
-1.369
-2.251
-0.761
 0.123
-0.094
 0.203
 0.580
-0.911
-0.484
-0.487
-0.425
 0.741
-0.726
-0.043
-1.437
-0.198
-1.390
-1.017
-1.363
-1.177
-2.003
-0.063
-0.755
-1.374
-0.091
-0.208
 0.037
 0.035
-1.305
-1.497
 0.428
-1.371
-0.011
-1.082
-2.031
-1.290
-0.845
-0.630
-0.928
-1.166
-2.242
-2.415
-3.341
-2.284
-1.308
-1.028
 1.148
-1.025
-0.534
-1.606
-0.998
-2.189
 0.096
-0.857
 0.150
 0.775
-0.309
-1.391
 0.974
-0.770
-0.210
-0.135
-1.421
-0.297
-0.733
-0.952
-0.784
-1.914
-2.330
-2.590
-2.338
-0.357
-1.250
-2.599
 0.500
 0.174
 0.664
-0.259
 0.745
-0.826
-1.556
-1.058
-0.271
-0.166
 0.097
-1.051
-0.812
-0.910
-0.289
 1.385
 0.706
-0.953
 0.801
 0.724
-0.761
 0.175
 0.221
-0.851
-0.174
 0.920
-0.087
-0.970
-0.797
-2.544
-0.861
 0.701
 0.840
-0.445
 1.934
 0.423
-0.145
 0.429
-1.198
 0.364
-0.455
-2.437
-0.496
 0.668
-1.020
-0.235
-0.725
 0.076
 0.421
-0.145
 1.676
 0.423
 0.596
-0.512
 0.336
-0.902
-0.350
 0.336
 0.854
 0.444
-0.009
-0.891
-0.146
-0.740
-0.258
 0.457
 0.631
 0.319
 0.780
-0.851
-0.158
 0.305
 0.826
-1.080
-0.803
-0.522
-0.118
-1.737
 0.928
 1.159
 0.763
 0.449
-0.630
-0.158
-0.431
-0.236
 0.341
-0.272
-0.132
 2.264
 0.701
 0.954
 0.146
-0.456
-2.201
-0.453
 0.155
 0.174
-0.109
-0.365
-0.287
-0.477
-0.056
-0.263
-1.016
 0.058
-0.150
-0.004
-0.755
-0.007
-1.021
-0.421
-0.534
 0.245
-0.207
-0.722
 0.950
-0.301
 0.608
 0.209
-0.097
 0.297
-0.714
-1.099
-0.306
-0.493
-0.872
-0.629
-1.286
-2.027
 0.642
 0.986
-1.729
 0.162
 1.053
-0.563
-0.393
 0.210
-1.461
 0.300
 0.308
-0.139
 0.635
 0.869
 1.264
 1.581
-0.749
 0.005
-1.925
-0.030
-0.209
-0.091
-0.588
-0.955
-0.714
-0.067
-1.071
-0.157
 1.424
 0.878
-0.577
-1.029
-0.672
-0.079
-0.996
 0.441
-0.064
-0.378
 0.613
 0.882
 0.504
 1.417
-0.225
-0.902
-0.549
 0.785
-0.497
-1.145
-2.094
 1.002
 0.677
-0.292
 1.130
 0.616
-0.520
-0.374
-0.550
-0.424
 0.249
 0.779
 1.004
 1.966
 0.616
 0.239
 0.459
-0.830
 1.131
 0.432
-0.341
-0.878
-0.089
-0.025
-0.343
 0.018
-0.198
-0.886
-0.234
-0.549
-0.758
-1.605
 0.075
 1.217
 1.175
 0.186
-1.189
-0.336
-1.036
-0.310
-0.141
 0.550
 0.391
 0.152
 0.473
 0.015
-0.561
 1.918
 1.369
-0.129
 1.028
 0.205
 0.955
-0.830
-0.999
 0.666
 1.376
 0.712
-0.035
-1.059
-0.778
 0.012
-0.008
-1.083
-1.337
-0.568
-0.513
 0.137
-0.696
 0.357
 0.532
 0.435
 0.003
 1.407
 0.672
 0.638
 0.333
 0.460
-0.710
-0.790
 0.112
 0.877
 0.127
 1.525
 1.327
 1.310
 1.437
 0.467
-1.335
-0.011
 0.099
 0.445
 0.563
-0.427
 0.423
 0.243
-0.159
 0.022
-0.433
 0.236
-1.081
-0.258
-0.847
 0.874
 0.467
 0.240
-0.981
 0.278
 1.264
 0.643
 0.189
 0.590
 1.840
 0.388
 1.222
-0.024
 1.502
 1.403
 1.242
-0.157
 0.054
 0.332
 0.428
 0.797
 0.030
 0.882
 0.923
-0.324
 0.704
 1.947
 1.347
-0.238
-1.174
 0.316
 0.694
 0.033
-0.564
-0.437
-0.595
 1.120
 0.503
 0.864
 1.623
 0.178
-0.767
-1.391
 0.369
 0.700
 1.037
 1.544
 1.897
 0.594
 0.919
 2.175
-0.217
 0.045
 0.221
-1.454
-0.078
 0.091
 0.217
-0.441
-2.056
-0.459
-0.729
-2.076
-0.167
 0.936
 1.793
-0.878
 0.359
 0.168
 1.001
-0.596
-0.653
 1.171
-0.495
 1.094
 0.331
 0.765
-0.411
-0.789
 0.169
 0.554
 0.050
 0.923
 1.406
 0.312
 0.371
 0.250
 1.063
 0.377
 0.578
 0.414
 0.244
 2.198
-1.212
 0.559
 1.653
 2.502
 1.304
 1.658
 2.458
 2.203
 2.347
 1.286
 0.695
 0.863
 2.269
 1.341
 1.421
 0.196
-0.152
 1.398
-0.997
-1.596
-0.026
-0.428
-1.479
-1.329
 0.381
-1.473
-0.709
 0.900
-0.161
-0.018
-0.843
-1.143
-0.096
-0.709
-0.432
-0.954
 0.693
 1.128
 1.842
 0.596
 0.690
 1.197
 0.517
 0.851
-0.464
-0.316
-0.272
-2.198
 0.193
 0.381
-0.516
 1.794
-0.441
-0.088
 0.906
 0.803
 1.103
 2.042
 2.086
 2.512
 1.408
 1.629
 1.113
 0.944
 2.018
 1.395
 2.742
 1.288
 1.944
 1.187
 1.382
 3.420
 2.123
 0.648
 0.193
-0.977
 1.562
 0.246
-2.185
-0.945
-0.922
-0.951
-1.160
-0.242
 0.291
-0.807
-0.242
-0.525
-0.263
 0.066
 0.324
-0.577
-0.740
 0.227
 0.480
 0.787
-0.204
 0.929
 0.991
 2.124
 1.570
 1.303
 0.776
 0.122
 1.946
 0.167
 0.279
-0.522
-0.236
 0.253
 0.079
-0.653
-0.654
 0.384
 0.143
 0.751
-1.247
-0.989
 0.152
-0.067
 0.817
 0.984
 1.517
 0.762
 0.385
 0.549
-0.291
-0.611
-0.345
-0.708
 0.105
-0.366
 0.148
-0.349
 1.682
 0.292
 1.379
 0.956
 1.297
 0.993
-0.498
-0.325
-0.450
-0.446
-1.290
-1.408
 1.102
 0.864
 1.118
 0.490
-0.610
 1.058
-1.007
-0.361
-1.101
 0.872
-1.051
-0.466
-1.109
-0.421
-1.618
-0.296
-0.412
-0.431
-1.323
-1.369
-0.050
-0.191
 0.172
 0.375
 0.932
 1.094
 0.001
 0.294
 0.066
-0.085
-0.297
-0.502
 1.983
 0.427
 0.563
 0.322
 0.572
-0.527
 1.530
 1.131
 0.343
-0.444
 0.033
-0.907
-0.469
-0.554
 0.170
-0.838
 1.027
 0.356
 2.307
-0.712
 0.843
 2.088
 0.258
 0.340
 1.103
 1.218
 0.554
 1.654
 0.239
 0.569
 0.093
-0.269
-0.952
 0.624
 0.150
 1.159
-0.803
-0.101
-0.561
 1.294
 0.016
-2.306
 0.889
 1.388
 0.230
-0.126
 1.294
-0.117
 0.663
-0.416
-0.094
-0.955
 0.953
-0.891
 0.370
 1.285
 1.234
 0.503
 0.629
 0.742
 0.704
 0.243
 1.788
 2.338
 1.168
 0.867
 1.988
 0.545
 1.049
 0.494
 1.277
 0.295
 1.352
 1.724
 0.332
 1.661
-0.628
 1.035
-0.012
 0.834
 1.282
 0.246
 0.061
 0.203
 1.418
 1.383
 0.578
 0.544
 0.684
-0.323
-0.773
-0.380
 0.996
 0.923
 0.029
 0.804
-0.656
 0.067
 0.508
-0.197
 0.828
 1.679
-0.232
-0.396
-0.141
 1.101
 1.255
 0.099
-0.586
-0.602
 0.674
-0.644
 0.200
 1.028
 0.441
 0.651
 1.487
-1.094
 0.439
-0.324
-0.861
 0.193
-0.675
 1.167
-1.127
-0.488
-0.274
 0.323
 0.175
 0.181
 0.095
 0.842
 0.093
 0.215
 1.281
-0.508
-0.375
-0.553
-0.025
-0.209
 0.316
 0.902
-1.369
-0.277
-0.166
 0.328
-0.299
-0.899
-0.389
-0.300
-0.155
-0.371
-0.869
-0.864
-1.476
-2.521
-1.715
-2.203
-1.696
-0.614
 0.744
 0.067
-0.250
-0.846
-0.426
 0.928
 0.724
 0.786
 0.227
 0.349
-0.102
-0.765
 1.013
 0.176
 0.583
 1.004
 0.621
 1.034
 1.763
 1.322
 1.390
-0.975
 0.080
 0.097
 0.051
-0.666
 1.380
 1.544
 1.565
-0.030
-0.651
-1.152
-1.033
-2.457
 0.143
 0.261
-0.920
 0.403
 0.672
-0.270
 0.657
-1.168
 0.799
 0.961
 1.663
-0.103
 0.489
-0.818
 1.292
 0.851
 1.115
 1.091
 1.595
 0.990
 0.914
 0.416
 0.763
-1.286
-1.243
-0.182
 0.304
-0.181
-0.807
-0.886
-0.534
-0.277
-0.079
-0.862
-0.509
 0.189
-0.321
-0.843
-1.799
-0.443
-0.130
-0.476
 1.325
-0.884
-0.261
 0.763
 1.075
 1.101
 1.419
 0.591
-0.057
 0.748
-0.639
 0.094
 0.957
 0.473
-0.092
-0.352
-0.556
 0.615
 0.392
 0.519
 0.881
-0.451
 0.115
-1.159
-1.579
 0.338
 1.611
 1.363
 0.590
 0.122
 0.461
 0.407
 0.770
 2.429
 1.055
 1.386
 1.902
 0.537
 0.964
-0.087
 0.057
-0.707
-0.887
 1.136
 0.344
 0.020
-0.751
-0.430
-0.247
-0.607
-0.832
-1.100
 0.558
-1.378
-1.333
-1.319
-0.022
-2.115
-1.901
-1.770
-1.106
-1.711
-0.290
 0.601
-0.205
 0.437
-0.159
-0.289
-0.530
-1.222
-0.473
-0.050
 1.231
 0.189
 1.371
-0.065
 0.714
 0.494
-0.167
 0.113
 0.121
-1.022
-1.507
 1.227
-0.327
 0.825
-0.403
 0.300
 0.173
 0.304
 1.365
 1.368
 0.627
-0.696
 1.875
 0.441
-0.823
-0.348
 0.319
-0.598
-0.646
-0.278
-1.386
-0.640
-0.682
 0.349
 0.457
-0.390
-0.216
 0.491
 0.107
-0.721
 0.585
 1.543
-0.094
-0.326
 1.792
 1.462
 1.194
 0.803
 1.159
-0.675
 0.859
 0.557
 0.197
 1.170
 1.079
 0.149
-0.391
-0.145
-0.459
 0.430
 1.315
-0.910
 0.706
-0.050
 0.199
 0.404
-0.097
 0.569
-1.108
 0.346
 0.713
 1.115
 1.844
 2.578
 1.581
 2.656
 1.205
-0.554
 1.482
 0.238
-0.082
 0.347
 0.037
-0.414
 0.445
 0.664
 1.763
 2.384
 0.757
 0.298
-0.088
 1.052
 1.006
-0.444
-0.980
 0.552
-0.467
-0.009
 1.818
 0.515
 0.395
-0.159
-0.341
-1.496
-0.911
-0.158
-0.174
 0.932
-0.396
-1.139
 0.853
 0.949
-0.615
-2.152
-1.269
-1.637
-1.824
 0.378
-0.056
-1.396
 0.261
-0.864
 0.912
 0.477
 0.379
 1.308
-0.826
-0.635
-0.534
 1.080
-0.362
 0.358
 1.125
 0.447
-0.110
 0.139
-0.303
 0.575
 0.155
-1.138
 1.059
-0.498
-0.847
 0.962
-0.071
-0.641
 0.573
 1.265
-0.231
 1.146
-0.277
-0.484
-2.055
-1.297
-1.139
-0.829
-1.562
 0.812
-0.058
 0.276
-0.092
-1.032
 1.771
 1.924
-0.569
 0.471
-0.454
-1.457
-0.901
-0.737
 0.488
 1.150
 1.610
-0.071
 0.317
 0.778
-0.354
 0.525
-0.359
-0.666
-1.343
-0.007
-1.537
 0.021
-0.764
 1.831
 0.950
 0.593
-0.533
-0.310
 0.662
-0.051
 0.127
 0.105
-0.597
 0.183
-0.680
 0.076
-0.169
 0.105
-1.121
 0.519
 0.268
 1.160
-0.444
 1.554
-0.124
-0.717
 1.374
 1.140
-0.138
 0.748
-1.083
-0.388
-0.385
-0.320
-1.394
 0.593
 0.401
 0.378
 0.467
-0.200
 0.171
 0.628
 1.762
-0.425
-0.819
 0.293
 0.516
 0.218
-0.750
 1.230
-0.354
-0.102
 0.383
 0.377
 0.276
-0.305
 0.932
-0.710
 0.834
 0.379
-0.604
 1.001
 1.650
 1.612
 0.432
 0.115
 1.064
 0.560
 0.089
 0.830
 1.565
 0.700
-0.747
 0.301
-0.321
 0.115
 0.206
 2.203
 1.187
 1.930
 0.552
-0.915
 0.345
 1.371
 0.458
 0.785
-0.250
 1.021
 0.604
-0.067
-0.959
-1.933
 0.039
-1.989
-0.666
-1.216
-0.798
-0.517
-0.343
-1.233
-1.972
-0.764
-1.021
-0.395
-0.068
 0.086
-2.172
 0.206
-0.154
 0.572
 0.043
-1.923
-1.040
-0.954
-0.914
 0.089
-2.399
-1.245
-0.187
-1.838
-1.451
 0.194
-0.230
-0.160
 2.025
-0.146
 0.037
 0.596
 1.078
 0.398
-0.644
-0.567
 0.557
 0.426
-1.666
 0.748
 0.802
 0.133
-0.264
-0.568
-0.537
-0.986
-0.057
-1.091
-0.922
 0.266
-0.292
-0.498
-1.419
-0.458
-1.067
 1.236
 0.667
 1.235
 0.790
-1.448
 0.226
-0.288
-1.325
 0.049
-0.836
-1.077
-0.019
-0.611
 0.177
 0.254
-1.787
-1.005
-0.606
-0.584
-1.717
 0.277
-0.155
-0.298
-0.092
 1.728
 0.573
 0.858
 0.891
 0.873
 0.801
 0.576
-0.471
-1.225
-1.264
-0.652
-0.661
-1.142
-0.220
-1.594
-1.000
-1.698
-1.300
-0.440
-0.450
 0.330
-0.472
 0.528
 1.076
 0.430
-0.240
-0.080
-0.671
-1.748
-0.857
 1.022
 0.925
-0.241
-1.095
 0.411
-0.341
-0.279
-1.636
-0.077
 0.884
 0.476
-0.901
-0.110
-0.068
 1.427
-0.227
-1.246
-2.023
-0.924
-0.022
-1.328
-1.893
-0.055
-0.851
-1.298
-1.274
-2.643
-1.175
-0.163
-2.563
-2.027
-1.800
-1.728
-1.151
 0.119
-1.133
-0.756
 0.706
-0.799
 0.214
 0.271
-0.653
-0.078
-0.874
 0.420
-0.453
-0.004
-1.156
-2.028
-1.544
-0.710
-0.613
-0.271
-0.391
-1.671
 0.025
-0.364
-1.046
-1.267
-0.536
-0.944
 0.662
-0.666
-0.200
-0.337
-0.999
 0.233
-0.065
 0.192
 1.910
 1.326
-0.025
 0.850
 0.044
-0.549
 1.220
-0.437
-0.200
-0.462
-0.025
-1.021
 0.475
 1.167
 0.991
 0.103
 0.097
-0.676
 0.584
-0.441
 0.398
 0.621
 0.041
-1.490
 0.113
-1.454
-0.946
-1.623
-0.192
 0.665
-0.891
-0.191
 0.531
 0.698
-1.493
-0.267
-1.092
 0.042
-1.532
-1.279
 1.262
-1.228
-0.555
 0.725
-0.020
 0.571
 1.189
 0.896
-0.097
 0.495
 0.832
 1.522
 1.493
-0.243
-0.711
 1.491
 0.022
-0.209
-0.354
 0.137
-0.556
 0.240
-0.360
-0.431
 0.111
-0.740
-0.119
 0.059
-0.039
-0.755
 1.454
 0.019
 1.485
 0.108
-1.694
 0.110
 0.332
-2.628
-1.700
-0.599
-0.525
 1.427
 1.561
-0.916
-0.621
-1.255
-0.320
-0.169
 0.127
 0.012
-0.514
 0.080
 0.135
-0.127
 1.012
 1.096
 0.541
 0.908
 0.398
 1.688
 0.896
-0.253
 0.062
-0.935
-0.928
 0.032
-0.808
-1.731
-1.821
-0.844
-1.681
 0.701
-0.591
 0.185
-1.169
-0.900
-0.188
-0.337
-1.593
-0.285
-1.192
-0.488
-1.215
 1.094
-0.709
-0.417
 0.620
 0.223
-1.058
-1.851
-0.611
-2.558
-0.881
-1.080
-0.756
-0.870
-0.644
-0.336
-0.590
-0.311
-0.964
-0.880
-0.002
 1.043
 0.511
-0.050
 0.178
 1.160
 0.473
-0.190
-0.458
 0.521
 0.091
-0.708
 2.448
 1.490
-0.142
-0.064
-0.726
-0.007
-0.825
-0.697
-0.084
-0.946
-1.187
-1.905
-0.415
-2.152
-0.743
-0.338
 0.261
-0.676
 0.023
 0.611
 0.649
-0.826
-1.001
-0.841
 1.064
 0.001
-0.633
-1.313
-0.244
-1.686
-1.971
-0.377
-1.346
-0.445
-1.337
-1.650
-0.642
-0.445
-0.845
-0.373
-0.129
 0.488
-1.420
-1.586
 0.026
-0.612
 0.198
-0.439
-0.069
-0.888
-0.449
-0.299
 0.523
-1.319
-0.577
-0.188
-1.850
-1.445
-2.116
-1.025
-1.337
-1.002
-0.732
-1.567
-1.621
-0.691
-0.365
-0.028
 1.248
 0.434
-0.410
-1.026
 0.475
 1.220
-1.946
 0.318
-0.643
-0.983
-1.718
-0.084
 0.429
-0.561
-0.749
 1.711
 0.554
 1.672
-0.216
-0.343
 0.839
 1.263
-0.654
 1.185
 0.143
 0.355
 0.019
-0.871
-1.147
-1.271
 0.522
 0.592
 0.300
 0.497
-0.140
-0.048
-2.250
 1.016
 0.260
-1.767
-1.657
-1.488
-1.997
-0.798
-0.178
-1.597
-0.962
-0.321
-0.001
 1.809
-0.353
-0.754
 0.149
 0.143
-1.279
 1.525
 0.206
 1.104
-0.217
 0.429
-0.493
-0.713
-1.807
-1.914
-1.788
-0.710
-2.500
-1.241
-1.725
-0.581
-0.517
-0.475
-1.756
-0.732
 0.114
-1.222
 0.120
 0.578
 0.360
-0.325
-0.598
-0.748
-1.305
-1.328
-1.453
-0.317
-1.391
 0.272
 0.026
-0.123
-0.469
-0.780
-0.749
 0.171
-0.024
 1.420
-0.964
-0.130
-0.038
 0.398
 0.180
-1.413
-0.933
-0.245
-1.020
-0.830
-1.895
-0.060
-0.351
-0.950
-0.471
-1.503
-1.534
-1.756
 0.398
-0.863
-0.964
-0.189
-0.607
 0.813
-0.291
 0.258
-0.756
-0.184
 0.242
-0.100
-0.445
-0.369
 1.227
 0.295
-1.749
-1.740
-0.668
-1.237
-1.437
 0.069
 0.725
 0.332
 0.987
-0.459
-0.311
-0.550
-0.288
 0.331
-0.578
 0.912
 1.020
 0.467
-0.532
-0.255
-1.430
-1.674
-0.313
 1.234
-0.831
-1.999
 0.238
-0.142
 0.709
-0.514
-0.730
-0.140
-1.052
-0.846
-0.756
-0.790
-0.392
-0.613
-1.625
-1.560
-0.886
-0.542
-0.520
 0.187
-0.145
 1.896
 1.055
 0.665
-0.529
-2.374
-0.396
 1.434
 0.305
 1.044
 1.148
 0.913
 0.282
-0.310
 1.543
 0.067
 2.092
 2.100
 1.721
 1.417
 0.086
-0.062
 0.898
-1.197
-0.070
 0.489
-0.290
 0.017
 0.293
-1.038
-0.812
 0.734
 0.821
 1.305
 0.052
-0.102
 1.164
 1.334
 0.669
-0.908
-0.532
-0.536
-1.014
 0.173
-0.843
-0.772
 0.460
 0.174
-0.799
-1.682
-1.473
-1.817
-1.676
 1.028
-1.064
 0.090
-1.651
-2.203
-0.889
-1.353
 0.022
-1.138
-0.025
-0.463
-0.901
-1.275
-1.167
-1.931
 0.081
 0.267
 2.061
 0.307
 0.171
-2.091
-0.168
-1.292
-0.800
 0.364
-0.812
-0.927
 0.626
 0.105
-1.605
-0.490
-0.731
-0.952
 0.309
-0.811
-1.091
-0.045
 0.234
 0.333
-1.666
-1.154
 0.323
 0.079
 0.092
 1.204
-0.110
 0.836
 1.451
-0.328
-0.563
-0.665
 0.444
-0.646
-0.489
-1.254
-0.928
 0.438
 1.732
-0.151
-1.850
-0.918
-1.178
-0.229
-0.007
 0.465
 0.923
 1.068
 0.420
 1.409
 0.398
 0.985
-0.005
-0.381
 1.597
 0.210
 0.131
-0.526
 0.337
-0.062
-0.156
 0.371
 0.672
 1.085
 1.178
-0.730
-0.020
 1.082
-0.276
-0.785
 0.568
 0.014
-0.774
-0.185
-0.244
 0.918
 0.332
-0.409
-1.293
-0.802
-1.204
-0.287
 0.001
 0.419
 0.852
-0.116
-0.556
 0.589
 0.681
 1.458
 1.075
 0.611
-0.529
 1.411
 1.380
 1.600
 0.396
 0.933
 1.044
 1.518
-0.967
-0.115
 0.855
 0.442
 0.916
-0.596
-0.081
 0.629
-0.078
 1.167
 1.258
 1.886
 1.376
 0.768
 0.473
 2.377
 2.315
 0.750
 1.920
-0.210
-0.538
 0.139
 0.796
 1.853
 0.221
 0.744
 0.814
 0.139
-0.202
-0.251
-0.068
-0.801
-0.784
-0.212
 0.612
 0.183
 0.250
 0.426
 0.104
-1.228
-0.231
-0.447
-1.058
-1.727
-2.282
-2.160
-0.774
-1.227
-0.737
-1.033
 0.097
 0.485
 0.187
-0.276
 0.176
-0.030
 0.315
-1.468
 0.151
 1.128
-0.225
-0.123
-0.610
 0.110
 0.419
-0.145
-0.919
 0.104
-0.277
-0.686
-1.343
-0.912
-0.305
 0.641
-0.609
-1.336
-0.588
-0.401
-0.098
-0.501
 0.148
-0.662
-0.906
 0.027
-0.325
-0.816
-1.378
-0.033
-0.786
-2.678
-1.969
 0.321
 0.771
 0.209
 1.248
 1.821
 0.053
 1.087
-0.035
-1.665
-0.271
 0.772
-0.528
-0.502
-0.992
-0.445
-0.821
-0.419
-1.246
 0.366
-1.334
-0.624
-2.384
-1.792
-0.585
-1.930
-2.265
-1.764
-0.416
-1.631
-1.089
-0.373
-0.012
-1.302
-0.456
-0.811
-1.638
-1.964
-2.251
-0.926
-2.854
-1.571
-2.273
-1.418
-2.367
-1.255
-1.440
-1.241
-1.939
-0.201
 0.053
-0.388
-1.693
-1.210
-1.799
-0.927
-2.333
-1.758
-1.934
 0.554
-0.363
 1.481
 0.508
-0.760
 0.601
 0.199
-1.977
-0.675
-0.307
 0.045
-1.181
 0.030
 0.520
 0.585
 1.375
 0.614
-0.834
-0.279
-1.371
-1.217
-1.191
-2.261
-0.094
-0.763
 0.950
 0.136
-1.311
-0.589
-0.907
 0.106
 0.628
-0.436
 0.209
-0.927
 0.706
 0.986
 0.384
 0.195
 0.174
-0.584
 0.521
 0.722
 1.894
 2.963
 1.032
 0.858
-0.105
-0.566
 0.004
-0.243
-0.762
-0.272
-0.019
-0.756
 0.373
 0.252
 0.310
-2.434
-0.326
 0.039
 0.375
 1.689
 0.039
-0.848
 1.002
 0.532
-1.025
 0.308
-0.526
-0.447
-1.424
-1.732
-1.184
-0.912
 0.007
-0.361
-0.461
-2.366
-0.592
-0.696
-0.747
-1.018
 0.509
 0.333
-0.926
-0.917
-0.285
-0.458
-0.996
-2.145
-0.898
 1.294
-0.072
-0.250
-0.471
-1.479
-0.504
-0.669
-1.484
-1.190
-0.780
-0.202
-0.978
 0.300
-0.387
 0.651
 0.503
-0.780
 0.654
-1.331
-1.480
-0.747
 0.869
-0.318
 0.658
-0.207
 1.027
 0.006
 0.128
 0.124
-1.301
-1.935
-1.575
-2.183
-2.719
-2.671
-1.059
-0.992
-1.014
-2.032
-0.052
 0.238
 1.095
-1.621
-1.219
-0.355
-0.441
-1.134
-0.847
-0.361
 0.578
-0.137
-1.449
-1.652
-0.941
 0.353
-0.354
-0.276
-1.018
 0.188
-1.059
-1.653
-0.483
-0.623
-0.403
-0.205
 0.008
-0.977
-1.856
 0.215
 0.425
 0.037
-0.534
-1.968
-0.413
-2.424
-0.439
-1.513
 0.078
 0.390
 0.587
 0.274
 0.870
 0.693
 0.007
 0.875
 0.770
-0.324
-0.803
-0.663
 0.373
 0.054
 1.220
-0.950
 0.392
 1.382
 0.377
-0.646
-0.729
-1.400
-0.752
-0.077
 1.673
-1.298
-1.510
-0.614
-0.758
-0.863
-0.204
-0.678
-1.241
-0.619
-2.278
-0.953
-1.539
-1.751
-0.812
-0.323
-0.615
-0.608
 0.625
 0.622
 0.204
 0.521
 0.344
-1.316
-2.159
-1.074
 0.183
-1.428
-1.573
-0.828
-0.886
-0.225
 0.293
 0.428
-0.896
-0.059
-0.468
-1.143
-0.212
-0.208
 0.343
 0.378
-0.103
-0.599
-0.274
-1.624
-0.855
 0.177
 0.051
-0.452
-1.736
-0.137
-2.243
-1.782
-2.497
-1.564
-1.367
-1.642
 0.065
-0.711
-1.927
-1.068
 0.717
 0.378
 1.196
-0.429
 0.526
 0.254
-0.431
-2.106
-0.850
 0.749
-0.392
-0.388
-0.789
 0.733
-0.036
 1.040
 0.808
-0.300
 0.516
 1.455
-0.172
 0.551
 0.496
 0.502
-0.459
 0.093
-0.053
-0.083
 1.027
 0.976
 0.270
 1.257
 0.221
-0.344
-0.559
-0.635
 1.374
 0.381
 1.288
 1.580
 1.055
 0.440
-0.262
 0.262
 1.591
 0.007
-1.135
-1.460
-1.493
-0.638
-0.452
 0.492
 0.171
-0.479
-0.157
 0.646
-0.231
 0.314
 1.063
 1.530
 1.372
 0.285
 0.874
 0.709
 0.240
 0.409
-1.976
-0.723
-0.191
-0.972
 0.055
-1.535
 0.422
 0.275
-0.021
-0.860
 1.020
 1.335
 0.985
 0.692
-0.120
 1.173
 0.000
-0.378
 1.432
 0.627
-0.377
-0.574
-0.212
-0.400
 0.269
-0.207
-0.652
 1.563
 1.256
 0.419
-1.768
-0.696
-0.275
-1.425
-1.850
-0.798
-0.947
-0.580
-1.072
-1.130
-1.030
-1.439
-0.606
 0.413
-0.725
-1.483
-1.197
-0.034
 0.430
-0.555
 0.394
-0.092
-1.144
-0.380
-0.382
-0.800
-0.761
 0.337
-1.108
-0.499
-0.408
-2.003
-1.887
-2.754
-1.185
-0.026
-0.094
 0.187
-1.110
 0.300
-0.516
-0.911
-0.465
-1.444
-0.217
 0.009
-0.949
-0.170
 0.528
-0.723
-0.142
 0.189
-0.455
 1.685
 1.098
-0.597
 1.710
 2.325
 0.057
 1.453
 0.443
-0.171
 1.115
 0.802
 0.858
 0.487
 0.731
-0.027
-0.157
-0.332
-0.199
 0.586
 1.819
-0.692
 0.084
 0.654
 1.308
 0.716
-1.091
-0.587
-0.694
 0.088
 0.745
 0.591
-1.015
-0.989
-0.620
 0.994
 1.653
 1.364
 0.340
 0.865
 1.435
 1.687
 0.244
 0.170
 2.233
 0.889
 0.122
-0.545
-0.234
 0.947
 0.708
 0.185
-1.008
-1.010
-0.530
 0.539
 0.574
-0.745
-0.040
-1.034
 0.535
 0.294
 0.572
-0.169
-1.245
-0.882
-1.491
-0.759
 0.348
-0.688
-1.134
-0.921
-2.729
-1.847
-0.771
-0.758
-0.708
-0.964
-2.180
-0.713
 0.518
 0.319
 0.316
-0.204
 0.493
-1.321
-1.595
 0.677
 0.477
 0.093
-0.034
-0.389
-1.123
-1.798
-1.621
-1.033
-0.187
 0.914
-0.347
 1.651
 0.500
 0.080
-0.415
 0.094
-0.892
-0.880
-0.537
-1.606
-0.530
-0.351
-0.512
 0.050
-0.167
-0.362
 0.148
 0.930
-0.502
-0.022
-1.423
-0.392
 0.004
-0.315
 0.871
 0.227
-0.253
 0.820
 0.614
-1.215
-0.551
 1.194
 1.473
 0.958
 1.962
 1.053
 2.811
 0.705
 0.840
 0.344
 0.672
 0.273
 1.134
 1.203
 0.285
-1.218
-1.461
-0.632
-0.434
-0.627
-0.467
-0.288
-1.119
 0.699
 1.051
 0.277
 0.736
 0.352
 0.046
-0.298
-0.842
 0.746
 2.125
 0.237
 0.370
-0.010
 0.457
-0.965
 0.431
 0.657
 0.233
-0.936
-0.834
 0.812
 0.096
-0.026
 1.004
-0.142
 0.730
 0.490
-1.379
-1.305
-1.805
-1.898
-0.697
-0.304
-1.325
-1.093
 0.060
-1.246
-0.732
-0.342
-0.067
 0.259
-0.876
-0.286
-1.749
-1.232
-2.160
 0.369
 0.710
 0.178
-0.571
 0.035
 0.172
 1.382
-0.523
-0.793
-0.121
-0.633
 0.025
 0.923
 0.254
 0.695
 0.470
 0.745
 0.339
 0.569
 1.235
-0.065
-0.007
-0.128
 0.699
 0.024
 0.080
-1.213
-1.831
-1.301
-0.406
-1.407
-0.954
 0.049
-0.995
-1.381
-1.411
-1.189
-0.454
-0.973
-0.496
 0.108
-1.317
-1.698
-2.563
-1.622
 0.004
-0.144
-0.153
-0.015
 0.380
-1.619
-1.536
-0.938
-1.069
 0.067
-1.792
-1.160
-2.106
-1.220
 0.498
-1.470
-1.009
-2.747
-1.764
-2.173
-2.927
-1.057
-2.664
-2.330
-1.859
-1.484
-1.250
-0.575
 0.185
-0.406
 0.258
-1.664
-0.583
-1.305
-0.651
-0.089
-0.040
 0.615
-0.828
-0.525
-0.234
 0.166
-0.146
 1.162
 0.878
-0.418
-0.754
-1.784
-0.655
 0.063
-0.791
 0.078
 0.084
-0.515
 0.043
-1.370
-0.190
-0.586
-0.523
 0.462
 0.654
 0.371
 0.442
 0.294
-2.396
-1.685
-0.402
 0.150
-0.007
-1.655
-0.952
-1.059
-1.385
-1.409
 0.339
-0.009
-0.707
 0.839
-0.061
 0.459
 0.514
 0.269
-1.077
-0.385
-0.841
-1.265
 0.044
-0.593
-1.069
-1.092
 0.106
-0.163
 0.727
 0.899
-1.647
-1.351
-1.551
-2.854
-0.722
-0.575
-1.036
-1.235
 0.305
-0.719
-1.523
-0.336
 1.039
-0.342
-0.117
 0.276
 0.353
 0.903
 0.693
-0.169
 0.661
 0.694
 1.242
 1.891
 0.977
 0.803
 0.431
-0.376
-2.788
-1.173
-1.640
-1.447
-1.203
-2.221
-0.708
-2.249
-0.775
-0.865
-0.537
-1.714
 1.309
 0.135
-0.462
 0.226
-1.720
-1.454
 0.362
-0.440
 0.761
-0.698
-0.578
-0.012
-0.453
-2.829
-1.457
-1.737
-1.713
-2.071
-2.471
-1.214
-1.477
-1.908
-0.054
-0.458
 0.392
-0.290
 1.682
 1.100
-0.556
 0.009
-0.348
-0.281
-0.440
-1.196
-0.824
-0.917
 0.269
-0.822
-1.141
 0.152
-0.487
-1.485
-2.110
-0.630
-1.417
-0.232
-0.930
-1.262
 0.119
-2.133
-1.248
 0.082
-2.608
-1.706
-0.735
-1.556
-3.313
-1.441
-2.033
-1.394
-1.193
-1.686
-1.510
-1.900
-3.119
-1.821
-1.103
 0.457
 0.132
 0.816
 0.536
-1.146
-0.273
-0.525
-0.975
-1.292
-1.290
-0.318
-1.178
-0.527
-1.722
-1.652
 0.445
-0.316
-0.337
 0.038
-1.441
-1.416
-3.185
-1.548
-0.994
-0.898
-0.845
-0.109
-0.905
 0.287
-2.817
-2.215
-1.652
 0.071
 0.486
 0.097
-0.019
-0.243
-1.420
-1.192
 0.081
-0.589
-0.607
-0.618
 0.598
 0.809
-0.969
-0.701
-1.205
 0.549
-0.474
-0.202
-0.966
-1.183
-0.932
-1.880
-0.592
 0.392
-0.497
 0.946
 0.225
-1.392
-0.149
-0.435
 0.503
-0.354
-0.980
-1.175
-1.400
-0.556
 0.401
-0.258
-0.025
-0.723
-0.146
-0.725
-1.279
-1.283
-1.186
-1.236
-1.624
-1.038
-0.731
-0.963
-1.354
 1.099
-0.099
-0.275
 0.244
 1.404
 0.870
 0.566
 0.309
 1.039
-0.162
-0.711
 0.308
 1.128
 0.730
 0.708
 0.255
-0.461
 0.095
-0.412
 0.526
 0.369
 0.578
 0.478
 0.703
 0.075
-1.450
-2.614
-1.235
 0.165
-0.443
 1.236
 0.651
 0.629
-0.218
 0.045
-0.040
-0.385
 1.261
-0.345
-0.177
 0.917
-0.463
-1.309
-0.869
-1.627
-2.005
 0.206
-0.039
-0.059
 0.649
-0.404
-1.191
-0.183
-1.332
 0.392
 1.142
 0.731
-1.078
-0.690
-1.367
-1.134
-2.285
-0.899
-1.844
-0.074
-2.131
-1.158
 0.948
 0.427
-0.016
-0.768
 0.158
-0.574
-0.698
-1.648
-1.018
-0.772
 0.228
 0.836
-0.204
-0.744
-0.667
-1.578
 0.835
-0.408
-0.857
-1.285
-0.883
-0.782
-2.328
-0.479
-0.857
-0.776
-0.459
-1.452
-0.782
-0.901
-0.329
-0.871
-0.573
-0.158
 0.504
 0.965
-1.417
-1.653
-1.195
-0.890
-1.941
 0.064
-0.912
-0.355
-1.579
-1.166
-0.352
-0.713
 0.479
 0.215
-0.742
-0.176
 0.250
 0.201
-0.130
 0.046
-1.514
-0.882
-0.849
-0.678
-1.228
-0.763
-0.434
-0.729
-2.286
-1.151
-1.862
-1.305
-2.087
-2.148
-1.794
-1.494
-0.837
-0.858
-1.970
-0.849
-0.575
-1.612
-2.262
-0.859
-0.688
 0.475
 0.549
-1.067
-0.225
 0.980
 1.647
 1.024
 1.327
-0.224
-0.714
-1.548
 0.027
 0.139
-0.583
 0.589
-0.396
 1.849
 0.248
 0.602
 0.746
-0.742
-0.965
-0.525
 0.753
-0.232
 0.322
-0.844
 0.174
 0.478
-0.291
-0.796
-0.648
-1.343
 0.340
-2.093
 0.019
-1.294
-1.222
 0.466
-1.304
-1.574
-0.468
-1.285
-0.390
 1.317
 0.547
-0.116
-1.505
 0.206
-0.023
-2.030
-1.860
-0.339
-0.647
-1.044
 0.298
 0.128
 0.947
-0.347
 2.064
 0.415
 0.635
-0.667
-1.194
-2.477
-1.038
-0.913
-2.314
-1.860
-0.680
-0.811
-1.111
-2.139
-1.103
 0.035
-0.773
 0.043
 0.218
 0.216
-1.319
-0.614
-1.158
-0.784
-0.135
-0.729
-1.506
 0.302
-0.316
-0.665
 0.051
 0.104
-0.740
-0.160
-0.443
-1.502
-2.078
-1.219
-0.520
 0.147
 0.615
 0.902
 1.445
 0.633
-0.214
 1.162
-2.083
-1.788
-1.491
-1.349
-1.369
-0.630
-1.304
-1.084
-1.082
-0.185
 0.104
-1.068
-1.139
-0.231
-0.272
-0.918
-0.836
 1.440
 0.173
-0.137
-0.560
-0.983
-0.954
 1.170
-0.391
-0.038
 1.691
-0.487
-0.490
-0.564
-0.615
 0.350
-0.431
-0.641
 0.707
-0.140
-0.903
-0.713
-0.277
-0.848
 0.563
-1.485
-1.856
 0.015
 0.163
 0.166
-1.138
 0.953
-1.378
-0.532
 1.443
-0.111
-0.023
-0.678
-0.691
-0.904
-1.024
 0.341
 0.933
 1.754
 0.395
-0.041
 1.396
 0.610
 0.692
 0.528
-0.132
 0.861
 1.177
 0.363
 1.014
-0.371
 0.347
 0.613
 0.120
 1.198
-1.345
-0.050
-0.590
-1.614
-0.340
 0.273
-0.335
-1.881
-1.635
-0.916
-0.099
-0.620
 0.684
-0.009
 0.853
 0.031
 1.357
 0.314
 0.128
-0.127
-0.730
 0.105
-0.147
-0.535
 0.134
-0.546
-0.435
 0.532
 0.410
-0.277
 0.035
-0.049
 0.555
 0.535
 0.447
-0.585
-1.098
-0.989
-1.141
 0.116
 0.559
-0.307
-0.368
-0.681
-0.425
-0.747
 1.217
 1.133
-0.578
 1.176
-0.335
-1.465
-0.015
 0.009
-1.423
-1.522
 0.455
-1.909
-1.820
-0.385
-0.549
-1.700
-0.832
-0.890
 0.596
-0.105
-0.168
-0.792
 0.020
 0.697
-0.357
-0.088
-1.209
-2.801
-0.568
-0.152
-0.500
-0.547
 0.749
-0.918
-1.545
-1.297
-1.231
-0.185
-0.454
-0.658
-1.181
-2.312
 0.273
-2.591
-3.017
-0.917
-1.191
-3.373
-1.964
-0.792
-0.809
-0.476
-0.541
-1.623
-1.129
 0.913
-1.060
-1.087
-1.127
-1.260
-0.883
-1.760
-0.669
-2.691
-1.562
-2.049
-1.373
-2.048
-1.442
-0.652
-3.103
-1.317
-2.677
-0.434
-1.947
-1.134
-0.756
-1.314
-0.313
 0.084
 0.155
 0.226
-0.289
-1.067
 0.092
 0.164
-0.187
-0.098
 0.832
-1.206
-2.695
 0.389
 0.083
 1.358
-0.195
-0.380
 0.874
-2.382
-1.140
-1.502
-2.009
-1.275
-1.394
-0.858
-1.445
-0.580
-0.667
-1.148
 0.221
-1.748
-0.298
 0.285
 0.007
-0.621
-0.488
-1.681
-0.840
-1.058
-1.286
 1.204
 0.377
-0.555
-0.306
-0.596
 0.028
-0.916
-0.528
-1.128
-1.171
 0.106
-0.090
-0.972
-1.105
-0.139
 0.397
-0.778
-1.472
-1.162
-0.718
-0.510
 0.808
-0.583
-1.475
-1.536
-1.135
 0.897
-1.427
-1.602
-0.632
-0.460
-0.140
-0.829
-0.866
 0.077
-0.007
-0.746
-1.056
-0.321
-0.704
-0.324
-0.594
-0.796
-0.619
-0.715
-0.255
-0.271
-0.762
 0.013
 0.434
-0.378
-0.314
 0.623
-0.623
 0.336
-0.027
 0.960
-1.400
-1.095
-1.183
-0.235
 0.901
 1.339
 0.957
-1.386
-2.135
-1.572
-2.341
-2.085
-1.976
-2.407
-2.003
-0.893
-0.041
-0.189
 0.015
-0.769
-0.310
-0.164
-0.506
-0.366
-0.938
-1.001
-0.682
 0.065
-0.061
-0.782
-0.427
 1.543
 1.177
 1.015
 0.214
 0.205
 0.399
 0.958
 0.602
-0.359
 0.173
 0.751
 0.994
 0.795
-0.130
-0.781
-1.137
-0.081
-1.115
-1.541
-0.232
-0.718
-0.362
-0.773
 0.739
-0.667
-1.906
-0.765
 0.105
-0.267
 0.019
 0.232
-0.119
-1.041
-2.124
-1.663
-0.037
-0.638
 0.039
-0.861
 0.338
-0.597
-1.234
-0.888
-1.300
-1.191
-0.580
-1.720
-0.997
-1.150
-1.654
-0.836
-1.030
 0.548
 0.681
 0.270
 0.168
-0.611
-0.235
 0.174
-0.289
-0.311
-0.631
-0.115
 0.684
 0.093
 0.086
 0.481
 0.624
 0.267
-1.288
-0.107
-1.528
-1.567
-1.829
-0.750
-2.276
-0.482
-1.508
-0.002
-1.482
-1.748
-0.916
-0.225
-0.247
-1.236
-0.624
-0.414
-0.784
 0.026
 0.740
-0.351
 0.248
-0.895
 1.629
-0.416
-0.766
 0.296
 0.435
 0.070
 1.000
 0.495
 0.656
 0.595
-1.090
 0.232
 0.273
 0.411
 0.332
 0.585
-0.191
-0.034
-0.146
-0.564
-1.875
-1.565
-1.158
-1.227
 0.165
 0.609
 1.289
-0.843
-0.476
 0.057
-0.879
-1.052
-1.796
-0.124
-1.345
-0.135
-0.995
-0.197
 0.771
 0.655
 2.078
-0.476
 0.044
-0.992
-2.061
 0.004
-0.159
-0.096
-0.038
 0.745
 0.666
 1.389
 0.383
-0.829
-0.143
-0.656
 0.026
-1.054
-2.453
 0.039
 0.660
-0.392
-1.020
-1.064
 0.307
-1.164
-2.109
-1.612
-1.699
 0.300
-0.585
-0.798
-1.106
-1.472
-0.496
 0.669
-0.813
 0.006
-0.650
-2.101
 0.425
 1.033
-0.037
 0.600
-1.228
-0.083
 0.433
 1.100
 0.631
 0.020
 1.317
 1.436
 1.129
 1.476
 0.857
-0.759
-0.522
-0.820
 0.506
 1.471
 0.709
-0.976
 0.251
 0.865
 0.558
 0.820
 0.813
 0.143
 0.120
 2.072
 2.174
 1.403
 0.504
 0.264
 1.433
 1.001
 0.537
-0.528
-0.400
-0.108
 0.159
 0.193
-1.108
-0.155
 1.762
 1.918
 0.947
-0.284
 0.567
-0.087
 0.153
 0.677
 0.502
 0.384
-0.376
-1.081
-0.051
 0.525
 0.118
 0.422
 1.685
 0.964
-0.369
-0.127
 0.815
 1.804
 0.524
 0.930
 0.353
 0.375
 0.490
 1.241
-0.296
-0.196
-0.843
 1.524
-0.167
-0.060
 0.957
-0.031
-0.045
 0.412
 0.397
 1.150
-0.110
-0.498
-0.342
-1.090
-0.237
-0.639
 0.387
 0.955
-0.801
-1.861
-1.549
-1.708
-1.300
-0.317
-1.030
-0.919
-1.429
-1.701
-0.333
-0.035
-1.250
 0.324
-0.009
-0.166
-0.540
-1.794
-0.933
-0.610
-1.185
 1.041
-0.241
 0.306
 0.222
-1.278
 0.002
 0.110
 0.124
-0.814
-0.256
-1.886
-1.302
 1.425
 0.228
 0.202
-0.027
 0.131
 1.079
 1.109
 1.402
 0.508
-0.541
-0.348
-0.466
 0.590
 0.637
 1.214
-0.440
-0.846
 0.234
-0.796
-1.300
-0.824
 0.453
 0.583
 0.234
 1.326
 0.509
 0.257
 0.074
-1.090
 0.047
 0.618
-0.527
 0.253
-0.526
-1.343
-1.206
 0.558
-0.566
-0.076
 0.973
 0.170
 0.068
 0.884
 0.559
-0.683
 0.284
-0.175
 0.088
 0.176
-0.257
-0.301
-1.742
 0.359
-0.135
 0.698
 0.060
-0.131
-0.184
 1.655
 1.444
 1.561
 1.143
 0.954
 1.465
 1.201
 0.573
-0.261
 0.697
 2.988
 0.080
 0.243
 1.846
 0.539
 0.478
 0.983
 2.143
-0.044
 0.166
 1.258
 1.253
-1.520
 1.100
 0.987
-0.708
 0.991
 0.631
 0.622
 0.732
 0.739
 1.977
 1.058
 0.685
 1.211
 1.345
 1.065
 0.514
 1.784
 1.466
 1.075
 2.481
 1.065
-0.534
 1.134
-0.697
 1.083
-0.012
 1.904
 1.557
 0.770
 0.768
-0.112
 0.540
 0.351
 0.842
 1.234
 0.908
 0.922
-1.017
 0.464
-0.352
-0.176
-0.372
 0.671
-0.164
-1.792
-0.784
-0.375
-0.013
 0.586
 0.650
 1.303
 0.580
 0.176
 1.319
-0.905
-1.203
-0.471
-1.469
-0.675
 0.460
-0.217
 0.673
-1.059
-0.210
-0.562
-1.022
 0.587
-0.159
-0.916
-0.044
 0.218
-0.093
 0.392
-0.499
 0.595
-0.472
-0.296
 0.356
-0.085
-0.958
-0.676
-0.758
-0.100
-0.008
 0.205
-0.002
-0.758
-1.789
-0.445
 1.388
 0.124
-2.125
-0.646
-1.328
 0.488
-0.236
-0.830
-0.713
-1.525
-1.363
 0.410
-0.005
 0.011
-1.568
 0.107
-0.442
-0.919
-0.192
 1.201
-0.320
 1.908
 0.554
-0.150
-0.007
 0.239
 0.738
-0.033
-1.638
-1.029
-1.624
 0.405
-0.471
 0.160
-0.459
-1.862
-0.871
-0.370
 0.064
-0.386
 0.982
 1.543
 0.475
 0.368
-0.860
 0.069
 0.650
-0.413
-1.100
 1.357
 0.092
 0.180
-0.364
-1.778
-0.503
-0.356
-0.556
-0.258
 0.523
 0.781
 0.004
-0.746
-0.957
 0.598
-0.123
 0.216
-0.711
 0.562
 0.012
 0.719
-1.168
 0.150
 0.229
-1.586
-0.769
-0.210
 0.455
-0.242
 1.230
 1.542
 1.273
 0.003
 0.135
 1.527
 0.747
 0.790
-0.205
-0.543
 1.368
-0.013
 1.094
 0.446
 0.587
 0.413
 0.088
 1.069
 1.307
 1.167
 2.017
 0.902
 1.418
 1.926
 2.893
 0.359
 0.562
 1.522
-0.450
-0.996
-0.175
 1.094
-0.473
-0.629
 0.884
 0.937
 0.525
 0.385
-0.589
 1.227
-0.690
 2.120
 3.291
 1.400
 1.630
 1.940
 2.179
 2.396
 0.975
 1.358
 0.629
 1.213
 1.112
 1.478
 0.927
 1.149
 0.060
 0.6