
 0.823
 0.032
-0.037
 0.625
 1.144
 0.211
-0.472
 0.476
-0.690
-1.128
 0.409
 0.324
 0.910
 1.005
 0.309
 1.093
 0.235
 0.482
 0.446
 1.020
-0.555
-1.621
-0.443
-1.155
-1.252
-0.359
-0.391
-0.004
 0.084
-0.819
-0.466
-0.510
-0.346
-0.888
-0.713
-1.421
-1.155
-0.863
-0.588
 0.010
 1.297
 0.334
 0.532
 1.565
 1.777
 0.127
 0.692
 0.012
 1.087
 0.741
 0.948
 0.848
 0.414
-0.960
-0.311
 1.049
-1.488
-2.523
 0.412
 1.032
-1.025
-0.183
-0.464
-1.142
-1.266
-0.387
 0.430
 0.750
 1.596
 1.480
 0.423
 1.597
 0.318
 0.034
 0.368
 1.180
 0.008
 0.002
 1.087
 0.009
-1.325
 0.826
 0.659
 1.600
 0.585
-0.550
-0.092
-1.043
-0.151
-1.848
 0.332
-0.406
 0.550
 0.775
-0.744
-0.098
-0.398
 0.769
-0.925
 0.228
 0.544
-0.886
 0.130
-0.637
 0.247
-0.217
 0.983
 1.675
-0.656
-0.981
 1.155
-0.126
 0.736
-0.194
 1.668
 1.650
-0.953
 1.043
 1.295
 0.736
 1.498
-0.548
 0.529
 1.993
 0.507
 0.050
-0.663
-0.780
-1.588
-0.138
-1.500
-1.781
-1.167
-1.233
-0.545
-0.569
 0.380
 1.719
-0.745
-0.785
 0.484
 2.157
 0.336
 0.001
 1.207
 1.626
 0.614
 2.018
 1.668
-0.142
 0.205
 0.661
 1.995
 0.601
 1.010
 1.048
 1.473
 1.613
 1.573
 0.592
 0.661
 0.312
 1.071
 0.735
 1.326
 0.879
 0.274
 1.332
 0.888
 1.331
 0.077
 0.895
 1.793
 0.447
 0.727
 2.482
 1.934
 1.035
 0.936
-1.028
 0.377
 0.050
-1.229
 0.412
 1.312
 1.675
 0.707
 2.021
 1.702
 0.195
-0.082
-1.553
-1.436
-0.971
-1.168
-1.296
 1.033
 0.391
 0.582
 0.259
 0.736
-0.071
 0.816
 1.349
 0.498
 0.013
 0.534
 0.537
 2.134
 1.111
 0.868
 0.754
 0.149
 0.922
 2.110
 0.987
 0.580
 0.238
-0.529
 0.697
 1.039
 1.737
 1.046
 1.020
 1.172
 0.775
-0.559
-0.629
 0.800
 0.087
 1.211
-0.073
 1.017
 0.725
 0.640
 0.055
 0.095
-1.528
-0.194
-0.669
-2.888
-0.977
-1.667
-1.690
 1.329
-0.252
 0.630
 0.283
 0.282
-1.342
 0.513
-1.041
-0.629
 0.022
 0.166
-1.868
-0.056
-0.363
-0.850
 0.850
 1.006
 0.260
 0.914
 0.235
 0.642
 0.258
 1.200
-0.047
 2.480
 1.425
 0.700
-0.382
-0.158
 0.192
 1.122
 1.170
-0.341
 1.529
 0.891
-0.438
 0.356
-0.679
-0.187
 1.008
 0.575
-0.272
 0.071
-0.963
-1.523
 0.405
 0.076
-0.015
 0.631
-0.349
-0.214
 1.370
 1.509
 1.133
 0.912
 1.127
 0.448
 0.549
 0.515
 0.069
 0.272
 1.334
 0.827
 0.136
-0.164
-0.472
 0.168
-0.975
 0.092
 0.048
 1.884
 1.481
 2.351
 0.349
 0.620
 1.364
-0.327
-0.609
-0.428
-0.147
 1.089
 1.339
 0.642
 1.090
 1.174
 0.491
 0.068
-0.157
 0.952
-1.134
-0.269
-0.070
-0.949
 1.099
 1.598
 2.446
 1.610
 1.500
 0.823
 1.026
-0.142
 1.271
-0.789
 0.553
 1.382
-0.488
-0.532
 0.953
-0.269
 0.583
-0.357
 0.232
-0.556
 0.782
 0.494
 1.111
 0.494
 0.571
 0.777
 0.685
 0.806
 0.584
 0.162
 1.069
 0.692
-0.838
-0.108
-1.477
-0.606
-0.393
-0.432
-1.797
-0.443
-1.220
 0.094
 0.146
 1.111
 0.289
-1.591
 0.840
-1.221
-0.215
 0.193
-1.547
-1.826
-0.240
-0.256
-0.592
 0.188
-0.233
 1.940
 1.442
 0.336
 1.441
-1.010
-0.037
 0.288
 0.569
-0.034
-0.285
 0.000
-0.917
-2.007
-1.652
-1.424
-0.350
-1.511
-0.731
 1.301
 0.234
 0.005
 0.564
 0.615
-0.173
-0.093
-0.901
-1.013
-1.031
-0.965
-0.998
-0.478
-1.842
-1.610
-0.539
 0.432
 0.624
 0.325
-1.400
-1.568
-1.008
-1.053
-0.056
-0.216
-0.546
 0.318
-0.563
 0.375
-0.195
-0.536
 0.733
-0.358
-0.028
 0.873
 2.102
 0.845
-1.630
-0.677
 0.497
-0.079
-0.497
 1.529
-0.788
-1.403
-1.358
-1.402
-2.035
-1.355
-0.700
-1.330
-0.445
-0.307
-0.889
-1.932
-1.238
 1.018
 0.105
-1.623
-0.356
-1.500
 0.508
 0.214
 1.139
 0.760
 0.740
 0.069
 0.100
-0.812
 0.814
 1.052
 0.027
-0.133
 0.657
 0.023
-1.484
-2.335
-1.332
-1.906
-0.381
 0.185
-0.112
 0.681
-0.319
-0.329
 0.095
 0.445
 0.867
 0.103
 0.827
 0.423
 0.013
 0.214
-0.151
 0.819
-0.529
-0.530
 1.597
 0.512
 0.853
 0.724
-0.841
 0.186
-0.293
-0.050
 1.564
 1.139
 0.418
-0.378
 0.639
-0.526
-0.248
 0.688
 0.827
 0.590
 1.394
-0.112
 0.535
 0.048
 0.799
-0.874
-1.024
 0.247
-1.046
-0.143
 0.059
-0.666
-1.394
 0.239
-1.479
-0.790
-0.733
-1.313
 0.473
-0.754
 1.571
 0.476
 0.429
-0.834
-1.211
-0.389
 0.023
 0.113
 0.626
 0.555
 1.537
-0.141
-0.439
-1.084
-1.616
-1.686
-0.887
-1.478
-0.795
-2.719
-0.007
-1.386
-1.601
-0.537
-0.368
 1.126
-0.235
 1.013
 0.033
-0.250
 1.387
-0.647
-1.199
 0.197
-0.326
-0.228
-0.688
-1.205
 0.154
 0.444
-0.200
-1.230
-1.131
-1.471
-0.470
-0.358
-0.828
-1.070
-2.396
-1.575
 0.186
-0.367
-0.573
-1.296
-1.118
-0.442
-1.432
 0.228
-1.208
-1.791
-1.931
-0.377
-1.082
 0.390
 0.844
 0.713
 1.594
 0.330
-1.528
-0.334
-1.540
 0.002
-0.766
 0.701
 0.005
-1.750
-0.404
 0.438
 0.124
 0.508
 0.704
 0.480
 0.941
 0.684
-0.060
-0.531
-0.887
-0.200
 0.341
 0.071
 1.438
 1.932
 1.197
 1.503
-0.151
-0.271
-1.099
-0.409
 0.193
 0.867
 0.720
 0.810
 0.968
 0.047
 0.576
-0.168
 0.000
 0.603
 0.562
-0.496
-0.065
 1.064
 0.521
 0.126
 0.170
 0.204
-0.679
 0.019
-1.287
 0.228
 0.089
-0.144
-1.558
 0.058
-0.615
-1.503
 0.326
-1.018
-0.595
-0.515
-1.021
-0.129
-0.638
-0.822
-0.008
-0.502
-0.074
 0.411
 0.019
 0.334
-0.024
 1.624
-0.269
-0.928
-1.159
-0.200
-0.562
 0.292
 0.690
-0.839
 0.689
-0.974
 1.488
 0.052
-1.273
-0.356
-0.633
-0.319
-0.819
-1.702
-1.553
-0.867
-0.973
-1.727
-1.388
-2.193
-1.157
-0.615
-0.360
-1.150
 0.572
-1.435
-0.762
-0.363
 0.223
-0.125
-0.157
-0.599
-0.335
-0.318
-1.042
-0.373
 0.471
-0.590
-0.099
-2.144
-0.137
-0.389
 1.593
-0.149
-0.577
-2.115
-0.315
-1.003
-1.057
 0.291
-0.598
-1.305
-1.963
-0.090
-0.545
-1.200
 0.406
 1.015
 0.997
 0.299
 0.554
 0.640
-1.903
-0.818
 0.437
-0.807
 0.265
-0.501
 0.173
-0.158
-0.118
-0.634
-0.075
-1.218
-0.526
-0.264
-0.953
-2.562
 1.918
 1.826
 0.207
 0.051
 1.168
 0.275
-0.259
-1.939
-0.422
 0.505
-1.071
-0.188
 0.131
-0.366
-0.706
-1.828
 0.073
-1.636
 0.537
-1.126
-0.539
-0.179
-1.580
 0.672
 0.790
-0.570
-1.625
-0.377
-0.435
 1.494
 1.145
 0.022
-0.351
-0.309
 0.375
-1.759
 0.561
 1.273
 0.549
-1.560
-1.045
-0.790
-0.037
-0.721
-0.763
-0.177
-0.201
-0.754
-0.362
-0.736
 0.424
-1.120
-1.665
-0.415
-0.791
-1.531
-1.767
-1.401
-0.853
-0.063
-0.549
 0.676
-1.429
-1.978
-1.003
-0.214
-1.612
-0.353
-1.129
-1.017
-0.596
-0.735
-1.304
-1.456
-1.035
-1.067
-0.805
-0.896
-1.328
 0.058
-0.643
-0.576
-0.691
 0.244
 0.095
-0.041
 0.261
-0.005
-0.201
-0.477
 1.247
-0.001
 0.871
 0.358
-0.838
-0.207
-0.388
-0.710
-0.881
 0.133
 0.123
-0.010
 0.850
 0.722
-0.077
 0.605
-0.750
-0.304
-0.506
-0.424
 0.161
 1.184
-0.861
 0.075
 0.719
 0.134
 0.760
 0.181
-0.635
-0.344
 0.259
 0.025
-0.320
-1.251
-0.153
-0.035
-0.296
 0.090
 0.825
 0.227
 2.143
 0.545
 0.115
 1.511
 1.531
 0.131
-0.417
-0.189
 0.390
 1.123
 0.390
-1.949
-0.051
-1.022
 0.360
 1.062
 1.078
-0.615
 1.474
 1.894
 0.404
 0.839
 1.224
 1.900
 0.335
 0.035
 1.512
 0.751
 0.736
 0.935
-0.280
 0.146
 1.950
 1.371
 0.969
 0.812
 0.761
 2.456
 3.910
 3.632
 1.771
 1.615
 0.835
 1.113
 0.417
 1.465
 1.485
 0.208
 1.023
-1.347
-0.234
-0.302
 0.420
-0.091
-0.128
 1.249
 0.256
-1.025
 0.128
 1.095
 0.286
 1.298
 0.292
 0.614
-0.414
-1.161
-1.244
 0.141
 0.333
-0.257
 0.487
 0.241
 1.130
 0.816
 0.241
 2.098
 0.441
 0.137
 0.941
 1.439
 0.803
 1.304
-0.473
-0.039
-0.458
 0.642
-0.506
-0.177
 0.019
-1.634
-0.053
-1.101
-0.437
 0.504
 1.353
 1.171
 0.345
 1.580
 1.752
 1.791
-0.199
 1.015
-0.058
 0.304
 0.354
 0.193
-0.107
-0.044
-0.610
-0.228
 1.395
 0.318
 0.555
-0.501
-0.480
-0.476
-0.420
-0.578
-0.823
-0.952
-1.063
-1.415
-1.843
-0.390
 1.062
 1.363
 1.862
 2.447
 1.627
 1.445
 2.246
 2.071
 1.478
 1.656
 0.815
 1.435
 1.250
-0.365
-0.515
-1.778
-0.507
 0.624
-0.264
-1.255
 0.467
 0.463
 0.874
 0.463
-0.088
 1.465
-0.439
-0.126
-0.548
-0.794
 0.434
 1.666
 0.529
-1.248
 0.975
-0.361
 0.195
 0.426
-1.474
 0.057
-1.197
 1.118
 0.746
-0.123
 0.417
-0.398
-1.082
 0.573
 0.885
-0.052
-0.897
-0.760
-0.592
-0.437
-0.676
 1.727
-0.088
 0.261
-0.426
-0.181
-0.090
 0.715
-0.787
 0.611
 1.073
 0.449
-0.527
-1.439
-0.761
 0.908
-0.846
-0.925
-0.805
-0.084
-0.574
-0.915
-0.085
 0.806
 0.471
-0.663
 1.338
 0.461
 0.857
 0.459
-0.425
-0.602
-0.322
-0.333
-0.015
-0.360
-0.120
-0.799
-0.179
-1.324
 0.326
-0.145
-1.289
-0.831
-0.987
-0.700
 0.798
 0.846
-0.490
-0.397
-0.764
-1.617
-0.177
-0.052
 1.072
 0.746
 0.974
 1.329
-0.376
-0.936
 0.892
 0.065
-0.090
-0.497
-0.767
 0.185
-0.178
 0.093
-1.040
-2.366
 0.053
-0.566
 1.437
 0.029
-0.085
-1.008
-0.757
 0.951
 0.204
 0.993
-0.304
 0.192
-0.017
 1.098
 0.640
 1.316
 0.144
 0.504
 0.129
 0.713
-1.028
 1.528
 0.076
-0.220
-1.649
-2.426
-1.120
-1.214
-1.247
-0.466
-0.660
 0.454
-0.844
-1.374
-0.859
-1.916
-0.629
 0.913
 0.075
 0.607
 0.004
 0.611
-0.268
-0.051
 1.021
 0.259
 0.717
 0.237
 0.186
-0.793
 1.164
-0.423
-1.038
 0.462
-0.157
 0.477
-0.460
-1.295
-0.893
-1.261
-1.204
 0.654
-2.399
-1.179
-0.218
-0.986
 0.902
-0.348
 0.020
-0.335
-0.415
-1.336
-0.554
-1.903
-0.839
 0.340
 1.521
-0.044
-0.173
 0.214
-0.138
 0.037
 0.542
 0.358
-0.816
-0.562
 0.380
-0.709
 0.079
-0.517
-1.029
-0.458
-1.242
-0.233
-1.407
-0.778
-1.814
-0.478
-1.176
-2.674
-0.675
-2.558
-1.188
-1.256
-0.680
 0.223
 0.304
 0.167
-1.594
-0.604
-0.741
-0.345
-0.329
-0.467
-2.054
-0.600
 0.679
-0.814
-1.052
-1.359
-2.403
-1.954
-1.208
-2.381
-2.641
-1.760
-1.781
-1.095
-0.681
-0.183
-0.977
-1.080
-1.216
-1.014
-0.362
 0.603
 0.204
-0.135
 0.473
 0.257
-0.811
-1.244
-1.484
-0.209
-1.687
-1.058
-0.587
-0.803
-2.435
-2.010
-0.979
-2.703
-3.076
-1.551
-2.346
-2.008
-0.414
-0.675
-0.620
-1.048
-0.537
-1.297
-1.993
-1.377
-1.575
-1.337
-1.381
-1.428
-1.330
-1.551
-0.274
-0.783
 0.396
-0.131
-0.046
-0.479
 0.199
 0.905
-0.340
-1.006
-0.646
-1.053
 0.453
 1.529
 0.758
-0.105
-0.619
-1.075
-0.452
-0.846
-0.021
-0.422
-1.317
-0.199
-0.110
-1.043
-1.193
-0.936
-1.141
-0.989
-2.129
-2.048
-1.448
-1.246
-0.664
-2.265
-1.609
-1.661
-0.576
-1.510
-1.964
-0.486
-0.675
-0.296
 0.827
 0.184
-1.231
-0.351
 0.671
-0.561
-0.865
 1.067
 0.778
-0.480
-0.184
 0.328
 0.264
-1.245
-0.953
-0.720
-0.866
-0.646
-0.153
-0.718
-1.196
-2.887
-0.757
 0.953
 0.816
-0.155
 1.503
-1.142
 0.498
 0.832
-0.110
 0.646
 0.745
 0.146
 0.015
-0.276
-0.526
 0.706
 1.104
 0.977
-0.018
 0.127
 0.487
-0.823
 0.461
 0.532
 0.231
-0.344
-0.375
-0.814
-1.366
-0.940
-0.126
 0.341
-0.157
 0.102
 0.948
 0.638
-1.050
-1.391
-1.503
-0.346
-0.016
 0.621
-0.425
-0.507
 0.883
 1.561
-1.879
-1.254
-2.091
-2.015
-1.849
-0.614
-0.090
 1.524
-0.080
-0.132
-0.374
-0.535
 0.498
-0.598
-0.907
 0.030
-0.587
-1.338
-0.897
-0.908
 0.087
-0.288
-1.228
-1.763
-0.988
-0.680
-0.418
-1.681
 1.062
-1.329
-0.830
-0.251
 1.136
 0.232
-0.673
-0.805
 0.234
-0.030
 0.570
-0.778
-0.222
 0.384
-0.077
-0.351
-0.470
-2.597
-0.128
 0.672
-1.313
-0.109
 1.220
-0.206
 0.612
-0.389
-0.118
 0.837
 1.901
 0.447
 0.002
-0.191
 0.494
-1.028
-1.185
 0.029
 0.079
-0.205
 1.498
 0.458
-0.132
-0.282
 0.724
 0.257
-0.913
-0.287
-0.399
-1.421
-0.317
-1.757
 0.093
-0.667
-0.542
 0.085
 0.010
-1.119
 0.855
-0.467
 0.912
 1.286
 2.225
 1.223
 1.678
 1.134
-0.371
 1.071
-0.327
 2.561
 0.430
 0.630
-0.043
 0.476
-1.747
 0.080
-1.758
-2.724
-2.121
-1.640
-1.442
-0.175
-0.763
-0.571
-2.165
 0.230
-0.447
-1.600
-1.480
-0.910
-0.978
-0.808
-0.374
-0.450
 1.129
-0.823
-0.468
-1.421
-1.182
-1.057
-2.162
-2.037
-1.208
-1.288
 0.293
 0.253
-0.464
-1.505
 0.320
 0.661
-0.554
-1.142
-0.323
-0.473
-1.008
-0.649
-0.675
-0.916
-0.880
-1.372
-1.190
-0.545
-0.797
-0.801
-1.073
 0.791
 0.045
-0.251
 0.432
 0.289
 0.313
 0.415
 0.118
 1.527
 1.556
 0.255
-0.022
-0.141
-0.289
 0.012
-0.753
-0.132
-1.140
 0.629
-0.881
 0.304
 0.329
 0.165
-0.859
-0.031
 0.028
-1.259
-0.248
-0.937
-0.211
-1.873
-1.082
 0.260
 0.827
-0.276
-0.725
 0.263
 0.200
-0.144
 0.309
-0.638
-1.849
 0.449
-0.279
-0.172
-0.170
 2.167
 0.703
-0.043
-0.040
-0.784
 0.454
 0.764
 1.578
 1.195
 1.326
 1.935
 1.742
 0.229
-0.470
-0.480
-0.450
 0.117
-0.580
-0.363
-1.292
-1.818
-1.596
-0.769
-0.121
 0.492
 0.593
 1.317
 1.763
 0.768
 0.670
-1.162
 0.349
-2.032
 0.868
 1.418
-0.318
-0.861
-0.691
 0.308
-0.802
 0.183
-0.082
-0.552
-0.405
-1.307
-0.917
-0.772
-1.332
-1.023
-1.355
 0.848
-1.165
-1.532
-1.715
 0.182
-0.728
 0.364
 0.632
-1.618
-0.126
 0.658
 0.520
-0.142
 0.927
 0.684
 0.028
 0.754
 0.792
-0.115
 0.290
 1.393
-0.051
 0.702
 2.408
 0.385
-1.694
-0.374
-1.263
-0.854
-0.219
-1.018
-1.534
-1.470
-0.239
-0.026
-0.671
-1.382
 0.277
-0.669
-0.230
-0.931
-0.897
-0.139
 0.249
 0.630
-1.531
-0.146
 0.012
-1.816
-0.090
 0.244
 1.106
 1.200
 0.491
-0.947
 0.383
 2.002
 0.551
 1.982
 0.788
 0.429
-0.630
 0.725
-0.358
 0.541
-0.906
 0.839
 1.073
-0.592
 1.372
-0.584
-1.076
 0.495
-1.571
 1.109
 2.018
 1.093
 0.370
 0.940
 1.346
 1.421
-0.787
-0.518
-0.455
 0.481
-0.468
 0.149
 0.153
-0.443
-0.645
-0.185
-0.916
-0.157
 0.504
-0.914
-0.283
-0.061
 0.706
 0.799
 1.458
 0.347
-0.030
-1.006
-0.500
-0.668
-0.563
-1.891
-0.009
-0.370
-0.338
-1.390
-1.027
 0.245
 0.814
-0.795
 0.311
-1.969
-1.983
-0.537
-0.613
 0.089
-2.389
-1.092
-2.211
-1.417
-1.549
-2.769
-2.797
-2.673
-0.570
-1.777
-1.297
-1.943
-3.256
 1.196
-0.451
 0.798
-0.902
-0.791
-2.050
-0.669
 0.039
-1.089
-0.646
 0.261
-2.203
 0.115
 0.367
-1.275
-0.875
-0.382
 0.054
-1.592
-1.857
-1.646
-0.387
-0.909
-0.970
-1.890
-1.370
-0.387
-0.557
-1.071
-0.381
-0.111
 0.391
 0.453
 0.846
 0.009
-0.361
-0.247
-2.348
-1.467
-0.063
-0.898
-1.042
-0.151
 1.173
 1.406
-0.784
-0.530
 0.017
 0.115
-1.250
-0.694
-0.838
 0.759
 0.739
 0.331
 1.368
-1.769
-1.231
-1.095
-0.320
-0.402
-1.175
-0.337
 0.008
-0.713
-0.190
-0.097
 0.750
 0.261
-0.084
-0.094
 0.566
 0.462
-1.198
-2.007
-0.176
-1.076
-1.116
-1.912
 0.080
 0.551
 0.166
 1.158
 0.660
 1.173
 0.871
 1.290
 1.957
 0.755
 2.367
 1.455
 2.084
 1.829
 1.074
 1.666
 0.271
 0.474
 0.430
-0.119
-0.987
-0.245
-0.159
 0.161
-1.119
 0.464
 0.351
-0.183
-0.702
 0.249
 0.352
 2.605
 0.117
-1.143
-1.846
-1.197
 0.066
 0.816
 0.480
-0.398
-0.750
-0.407
 0.751
-0.684
-2.268
-1.525
-2.333
-0.930
-1.364
 1.344
 0.784
 0.904
 1.005
 0.396
-0.507
-1.091
 0.541
-0.075
-1.862
-0.777
 0.081
-0.452
 0.708
 1.631
 0.496
 0.437
 1.335
-0.028
-0.670
-0.554
 0.759
-0.349
-0.319
 0.659
 0.833
-0.859
-0.888
-0.111
 1.047
-0.758
 1.047
 0.948
-0.358
 1.373
 0.439
-0.163
-0.382
 1.071
 1.386
-1.233
-0.508
 0.462
 1.274
-1.001
-1.310
-0.337
-0.393
-1.269
-1.003
 0.305
 0.754
 1.269
-0.523
-0.552
-0.397
-0.111
-0.731
-0.999
-1.553
-1.033
-2.058
-0.825
-0.917
 0.835
 0.449
-0.749
 0.678
-0.036
 0.234
-0.244
 1.038
-0.151
 0.387
-1.780
-0.647
 1.007
 0.026
 1.210
 1.709
 1.738
 0.390
 1.103
 0.476
-0.685
 0.274
 0.492
 0.211
-0.981
 1.203
 1.375
-0.415
 0.883
 0.194
 0.232
 0.243
-0.146
-2.056
-0.301
-0.777
-0.472
 0.123
-1.925
 0.315
 0.312
-0.828
-2.529
-2.733
-3.319
-0.348
-0.689
-0.461
-1.888
-0.646
-0.957
 0.165
-1.200
-0.721
-1.038
-0.762
-0.977
-1.797
-0.126
-0.056
-0.331
-1.039
-0.583
-0.917
 0.279
-0.559
-0.615
-1.460
-1.743
-2.172
-2.679
-1.582
-1.578
-1.944
-3.192
-1.961
-1.051
-2.189
 0.032
 0.614
-1.131
-0.762
-1.323
-0.422
-1.426
-0.916
 0.399
-1.256
-0.135
 0.928
-0.272
 0.369
-0.564
-1.561
-1.364
-1.410
-0.773
 0.080
-1.339
 0.362
 1.399
-0.916
-1.342
 0.934
 1.908
 0.758
 1.708
 1.258
-0.095
 0.527
-0.076
-1.385
-0.660
-0.624
-0.274
-1.968
-2.037
-0.934
 0.184
 0.469
 0.399
 0.243
 1.628
 0.783
 1.095
-0.365
 0.717
-0.688
 0.555
-0.230
 0.192
 0.514
-0.358
-1.345
-1.146
-0.828
-1.214
 0.561
-0.464
-0.182
 0.304
 0.617
 0.780
 0.298
-0.921
 0.505
 0.938
 0.853
 0.227
-0.335
 0.010
-0.327
 0.164
-1.111
-0.671
-1.416
-0.857
-0.475
-0.638
-0.032
 0.531
 0.087
-2.756
-0.370
 0.106
-0.577
-0.825
 0.799
-2.244
-1.322
-1.624
 0.199
-0.596
 0.505
-0.555
-0.675
-2.454
-1.257
-1.330
-0.218
-0.021
 0.302
-0.475
 0.057
-0.812
-2.085
 0.325
 0.265
 0.208
-1.552
-0.987
-0.159
 0.565
 0.001
-0.170
 0.699
 1.590
 0.297
 1.065
 0.026
-1.625
 0.160
 0.627
-1.695
-1.036
-0.196
-0.048
 1.356
 0.787
-0.342
-0.349
 0.013
 2.963
 0.146
-1.216
-1.471
-1.013
-0.224
-0.253
 0.596
 0.500
-0.877
 0.895
 0.353
-1.196
-1.081
-0.364
-1.390
-2.060
-0.590
-0.788
 0.097
 2.070
-1.025
-0.340
-1.376
-0.561
 0.532
-0.193
-0.526
 0.083
-1.855
-2.596
-0.141
-1.268
-1.685
-2.664
-1.914
-1.554
-0.247
 0.707
 1.040
 0.683
-0.856
 0.726
 0.269
-1.765
-2.003
-0.737
-1.777
-0.923
-0.493
 0.431
-0.159
-1.427
-2.309
-0.547
-0.817
-0.573
-0.738
-0.340
-1.855
-0.552
-0.160
-0.156
-1.164
 0.709
 1.266
-0.566
 1.131
-0.590
 0.881
 0.515
 1.189
 0.679
-1.261
-0.827
 0.487
 1.066
 0.614
-0.152
 1.089
 0.714
 0.061
 1.283
 1.966
 0.328
-0.358
-0.739
-1.883
 0.453
-0.074
 0.287
 0.361
 0.852
 1.394
 0.812
 0.516
 0.469
-0.915
-1.256
-0.101
-0.014
 0.029
 0.189
-0.869
-2.007
-1.115
-0.984
-1.557
-0.799
 0.631
 0.804
 0.352
 0.549
-0.726
 0.775
-1.600
-0.104
-0.843
-0.218
-0.198
-1.130
-0.917
 0.090
-2.387
-1.105
-1.143
-1.500
-0.320
-0.574
 0.878
-1.713
-1.445
-0.028
-1.739
-0.584
-0.352
-0.069
-0.815
-1.222
-1.727
 0.088
 0.239
-0.544
-0.848
-0.452
 0.125
 0.134
-0.230
 0.377
-0.046
-0.248
 0.172
-1.239
-1.349
-0.371
-1.276
-1.140
-0.769
 0.275
-0.956
-0.298
-0.605
-0.961
-0.252
 0.022
-1.409
-1.507
-1.018
 0.530
 0.494
 0.193
-1.376
-0.139
-0.870
-0.431
-1.510
-0.229
-1.087
 0.199
-1.479
 0.666
-0.412
-1.662
-1.165
 0.888
-2.125
-2.003
-2.318
-1.558
-1.387
-0.798
-0.887
-1.565
-0.904
-0.646
-0.136
-1.246
-0.492
 0.842
-0.358
-0.331
-1.520
-1.323
-1.840
 0.496
 0.523
 0.015
-2.436
-0.048
-1.455
-1.423
-1.709
 0.228
 1.159
 0.401
-0.577
 0.185
-0.130
 0.461
-1.146
 0.603
-1.276
-1.203
-0.641
 1.229
 1.143
 1.034
-0.196
-1.031
 0.793
-0.077
 0.222
 0.612
-0.511
 0.442
-0.442
-1.837
 0.745
-0.925
 2.037
 0.869
 0.209
-0.070
-0.052
-1.518
-1.427
 1.364
 1.698
 0.210
 1.467
 0.384
-0.988
-1.354
-1.161
-0.704
-0.162
 0.301
 0.493
 0.623
-0.218
 0.261
-0.579
 0.113
-0.855
-1.216
-2.098
-1.420
-0.677
-0.513
-0.188
-0.109
-0.643
-0.333
 0.616
-0.315
 0.992
 1.298
 1.147
 0.986
 0.754
 0.440
-0.521
 0.403
 0.619
-0.073
-0.590
-2.524
-1.296
-1.397
 0.160
 0.371
 0.366
-0.401
-0.809
-1.061
 0.832
-1.150
-2.158
-0.976
-0.022
 0.543
-0.437
 0.213
-0.456
 1.060
 1.814
-0.109
 0.187
-0.097
 1.034
-0.922
 0.718
 1.732
 0.287
-0.505
-1.346
 1.081
 0.383
 0.047
-1.127
 1.274
 1.114
-0.362
 0.300
-1.406
-1.198
-1.389
-0.200
-0.953
-0.337
 0.071
-0.729
-0.385
-0.333
-0.517
 0.020
-1.187
 0.410
 1.208
-0.529
 1.842
-0.359
-0.430
 0.040
 0.370
 1.455
 0.829
 1.490
 1.121
-0.336
 0.671
 1.285
 1.956
 1.798
 1.186
 0.173
-0.061
-0.941
 0.330
-1.153
-0.791
 0.720
 0.473
-0.846
-1.180
-0.237
 0.895
 0.909
-0.973
-1.604
-0.350
 0.298
 1.259
-0.323
-0.817
-2.025
-0.305
-0.653
-0.301
 0.283
 0.214
 0.703
 0.376
-0.534
-1.665
-1.512
-2.004
-0.963
-0.354
-0.454
-1.204
-0.900
 0.464
-1.154
 0.906
 1.082
 0.688
 1.812
 0.817
 0.405
 0.307
-1.029
 0.187
-1.611
-0.501
-0.482
-0.499
-0.668
 1.199
 0.189
 1.937
-1.352
-0.987
-0.375
-0.428
 1.053
-0.421
-0.811
-0.681
-1.526
-0.131
-1.935
-2.257
-2.934
-2.008
-1.825
-3.011
-2.300
-2.852
-1.623
-0.957
-0.758
-0.763
-1.136
-0.282
-0.082
-0.569
-2.430
-1.561
-1.489
-1.287
-1.276
-1.212
-2.475
-2.087
-2.208
-1.780
-1.986
-2.317
-0.634
-2.551
-0.204
-0.508
-0.146
-1.491
-2.287
-1.622
-2.452
-0.656
-1.461
 0.257
-0.747
-1.558
-0.944
 0.089
-0.298
-0.340
-1.243
-0.304
-0.867
-2.493
-1.361
 0.241
 0.188
 0.734
-0.472
-1.130
-1.013
-0.387
-1.564
-2.503
-1.462
-0.084
-2.086
-1.752
-0.819
-0.688
-1.558
-0.724
-1.244
-0.492
-0.992
-0.999
-1.824
-1.240
 0.547
-0.044
-0.251
-1.211
-1.773
-1.499
-1.522
 0.383
 0.491
-0.320
-0.600
 0.098
 0.402
 0.441
-0.235
-0.655
-1.276
-2.321
 0.737
 1.009
-0.480
-1.021
-0.108
-0.295
 0.098
-1.316
-0.540
 0.257
 0.828
 0.543
 1.243
 0.646
-0.729
-0.891
-1.046
-0.988
-1.524
-0.703
-1.094
-0.026
-0.403
-1.220
-1.135
-1.231
-1.505
-2.035
-1.958
-1.320
-1.495
-1.537
-1.868
-0.706
 0.319
 0.835
 1.575
-0.457
 0.621
 0.454
-1.079
-1.815
-0.622
 0.110
 0.244
 0.772
-0.671
-0.195
-0.340
-0.335
-0.724
-0.190
 0.965
 0.536
 0.119
-0.246
-0.856
 0.842
 1.435
-1.593
-0.897
-0.579
-1.126
-2.027
-1.878
-3.864
-0.732
-1.250
 0.459
-1.358
-1.799
-0.203
-0.425
 0.290
 1.257
-0.541
-1.118
-0.176
-0.821
-0.115
-1.019
-3.203
-2.085
-1.489
-1.726
-0.331
-1.203
-1.072
 0.124
-0.859
 0.159
 0.463
-1.227
 0.466
 0.425
-1.227
-0.157
-0.475
-0.613
-0.508
-1.764
-0.504
-0.358
 0.245
-0.290
-1.213
-1.109
 0.482
 0.188
-1.032
-2.419
-1.617
-0.115
-0.728
-2.547
-2.831
-1.915
-0.537
-1.044
 0.528
-1.912
-2.296
-3.199
-2.292
-0.157
-1.958
-2.648
-1.577
-1.414
-0.286
-1.572
-1.724
-1.702
-1.104
-2.695
-0.686
-1.143
-1.337
-1.139
-2.557
-1.858
-0.932
-1.022
 0.068
-0.075
 0.584
-0.051
 0.816
-0.882
-0.831
 0.446
-0.605
-1.023
-1.171
-1.533
-1.895
-1.329
-0.265
-1.148
-0.490
-1.044
-1.156
-1.175
-1.535
 0.134
-0.902
-2.224
-1.522
 0.324
 0.254
 0.084
-0.508
-1.151
-1.244
-0.486
-1.633
-0.695
-1.564
-1.141
-1.597
-1.073
-1.440
-0.965
-0.453
-0.929
 0.117
-0.374
-1.689
-0.576
-0.203
-1.353
-0.669
 0.336
-0.709
-0.569
-0.440
-1.082
-0.381
 0.636
-1.474
-0.874
-2.669
-1.737
-1.330
-0.042
-1.126
-0.834
-0.835
-1.114
-2.305
-1.587
-2.651
-2.947
-1.183
-0.587
-2.078
-2.354
-0.708
-0.673
-0.589
 1.014
 0.235
-0.960
-0.836
-1.213
 0.365
-0.484
-0.696
-0.647
-1.396
-1.195
-2.741
-1.437
-1.900
-1.716
-0.594
-0.616
 0.352
-1.186
-1.199
-1.083
 0.116
-1.351
 0.452
-0.684
-0.801
-0.643
-0.348
-0.513
 1.011
-0.323
 0.853
 1.350
-0.133
 0.597
-0.205
-0.128
 0.874
 1.431
 0.350
-0.215
 1.138
 1.738
 0.355
-0.010
 0.676
 2.008
-0.045
-0.355
-0.010
 0.815
-1.333
 0.163
 0.461
 0.025
-0.621
-0.326
-0.017
-1.152
 0.319
-0.523
 0.444
 1.406
 0.974
 2.152
 0.709
 0.985
 1.006
 0.076
 2.545
 0.479
 0.339
-0.529
 0.092
 0.496
-0.309
 0.421
-1.140
-0.571
 1.207
 0.293
-0.282
-0.922
 0.033
 1.322
 0.429
 0.588
 0.515
-0.116
-0.384
 0.584
 0.621
 0.076
 1.731
 0.841
 0.536
 0.866
-0.507
-0.718
 0.389
 0.876
 0.185
-0.490
 0.115
 0.767
-0.808
-1.003
-0.669
-1.471
 0.283
-0.143
-0.688
 0.533
-0.204
 0.841
-0.358
-0.559
-1.014
-0.828
-0.910
 1.162
 0.349
-0.104
-0.541
 0.098
-0.277
-0.018
-1.234
-1.791
-1.335
-1.619
-0.997
-1.532
-1.163
-0.965
-0.522
-0.660
 0.431
 0.157
 0.670
-0.267
-0.408
-0.961
-1.087
 0.198
-1.185
-0.852
-0.231
-1.359
-0.913
-0.535
 1.178
-0.457
-0.857
-0.712
-1.051
-0.508
-2.829
-1.488
-1.650
-2.222
-1.737
-0.558
 0.367
-0.548
-0.043
 0.213
-1.349
-1.144
-0.470
-1.297
-1.816
-1.285
-2.204
-2.024
 0.017
-0.229
-1.595
-0.735
 1.172
-0.495
 0.520
-1.957
-0.150
-0.038
-0.792
-1.480
-0.667
 0.575
-0.516
-0.565
-0.379
-0.583
-1.758
 0.022
 0.313
-0.711
-0.002
-0.388
-1.767
-0.666
-0.147
-0.223
-0.014
-0.751
-0.988
-0.480
 0.061
-2.177
-1.253
-2.083
-1.304
-1.058
-2.059
-0.604
-0.836
-0.617
-1.862
-0.141
-2.109
-2.057
-2.777
-2.085
-0.880
-1.727
-1.083
-2.102
-1.626
 0.154
-1.119
-3.196
-2.317
-1.895
-0.523
 0.038
-1.324
-1.231
-2.012
-1.491
-0.402
-1.499
-1.410
-1.808
-0.963
-1.846
-2.630
-1.512
-0.752
-0.631
-0.282
 0.554
-0.035
-1.465
-1.438
-1.370
-1.395
-1.463
-0.775
-1.535
-1.025
 0.402
 0.050
-0.608
-0.923
-1.047
-1.755
-1.132
-1.077
-1.124
-1.782
-1.777
-2.749
-1.719
-2.929
-1.444
-2.155
-0.181
-1.241
 0.155
-0.578
-0.459
-1.129
-1.464
-1.254
-1.597
-0.455
 0.394
-0.582
-0.211
 0.682
-0.201
-1.346
 0.309
 0.132
-0.370
 0.339
-0.346
 1.392
 0.592
-0.349
 0.379
 0.485
-0.101
 0.089
-0.583
 0.220
 0.459
-0.620
 0.018
-0.526
-0.928
-0.919
 1.179
 0.950
 0.187
 0.558
-0.025
 1.015
-0.587
-0.134
 0.256
 0.116
-0.900
-1.483
-1.067
-1.677
-0.212
 0.116
-1.267
 0.106
-0.176
-0.497
-1.531
-0.112
 0.240
-0.431
 0.277
-0.968
-0.891
 0.598
-1.385
-1.533
-0.815
 1.343
 0.049
-1.034
-1.348
-3.246
-0.798
-1.123
-1.091
-0.653
-0.860
-0.498
-2.262
-0.902
-0.542
 0.022
-0.873
-1.783
 0.184
-1.386
-1.446
-1.037
-1.621
-1.857
-0.385
-0.850
-0.716
 0.538
-0.819
-0.163
-1.245
-1.696
-0.207
-0.141
-0.072
 0.054
-0.114
-0.659
-0.153
 0.402
 0.120
-0.401
-0.487
 0.287
-0.724
-0.379
 0.864
-0.704
 0.421
 0.557
 0.468
 1.986
 2.764
 1.138
 0.910
-0.032
 1.677
-0.583
-1.929
-0.425
-1.435
-0.716
 0.294
 0.700
-1.240
-0.913
-1.866
-1.305
-0.679
-0.741
-0.323
 0.232
 1.312
-0.286
 0.451
-0.076
 0.438
 0.323
 0.667
-0.394
 0.525
 1.860
 1.981
-0.096
 0.882
 0.948
 0.725
 0.961
 0.318
-0.131
-1.137
 1.367
 0.388
-0.699
-0.213
 0.332
 0.430
 2.728
 1.696
 0.181
-0.635
 1.647
 0.531
 2.325
 0.113
-0.957
 0.606
-0.316
 0.613
 1.292
 1.229
-0.297
 0.206
-1.358
 0.120
 1.719
 0.390
 0.256
 1.560
 0.647
-0.792
 1.905
 1.635
 1.819
 0.167
 0.280
 1.304
 1.170
 0.319
 0.537
 1.258
 0.901
-0.031
 0.211
 0.815
 2.146
-0.394
-0.466
 0.819
 1.817
 0.429
 0.286
 0.874
 2.094
 2.133
 0.595
 0.558
 1.950
 1.370
 1.601
 1.109
-0.650
 1.111
 1.052
 0.219
 0.218
 0.923
 1.254
 0.856
-1.517
 0.409
 0.656
-0.149
 0.797
 2.648
 0.621
 0.747
 1.859
 0.723
 0.538
 0.136
-1.504
-0.170
-0.781
 0.089
 0.513
-0.666
 0.359
 0.326
 0.861
 1.788
-1.390
-1.113
 0.222
-0.604
 1.029
 1.588
 0.150
-0.922
 0.443
-1.017
 0.096
 0.222
 1.766
 0.577
 0.638
 0.822
 1.276
-0.217
 1.218
 1.652
 1.588
 0.710
 0.725
 0.212
-0.071
 0.552
 1.138
 0.919
 0.210
 0.770
-0.243
-0.539
 1.897
 1.213
 0.412
 2.708
 1.596
-0.333
 1.313
 0.776
 0.820
-0.396
-0.756
-0.843
-0.090
-0.397
 1.751
 1.327
 1.615
 0.354
 0.126
-0.269
-0.912
-0.692
-0.727
-2.164
-1.211
-1.094
-0.678
-1.316
-0.230
-0.415
-0.391
-0.535
-0.412
 0.125
-1.991
-0.545
-1.383
-1.567
-0.149
-0.927
 0.222
-0.656
-1.722
-0.101
-0.463
-1.353
-0.628
-0.726
-1.496
-0.581
-0.609
-1.341
 1.667
-0.749
-1.209
-1.570
-0.413
-0.441
 0.007
 0.063
-0.862
 0.127
-0.154
 0.382
-0.341
-0.002
 0.805
-0.003
 0.420
-0.034
-0.826
-0.386
 1.275
-0.123
-0.539
 0.484
-0.434
-0.215
 0.106
-0.481
-1.316
-0.292
-0.966
 0.437
-0.793
 0.269
-0.015
-0.712
-0.218
 1.208
-0.534
 0.110
 0.296
 2.073
 1.494
 0.988
 1.735
 2.219
 1.409
 0.811
-0.604
 1.668
 1.368
 1.189
 1.170
 1.217
 2.106
 0.469
 0.454
 0.848
 1.090
-0.578
 0.708
 1.794
-0.382
-1.171
 0.585
 2.419
 2.253
 0.488
 0.725
-0.508
 0.274
-1.669
-0.381
 0.608
 1.658
 1.583
 0.934
-2.644
-0.643
 0.564
-0.213
-0.166
 0.286
 1.209
 0.838
 1.202
 1.279
-0.299
 1.545
 0.186
-0.848
-0.537
 0.422
 0.189
 0.867
 1.718
 1.484
-0.186
-0.524
 0.577
 1.085
 0.319
-0.961
 1.280
 0.891
 1.807
 0.505
 0.864
 0.711
 0.721
 1.709
-0.125
-0.173
-0.042
 0.601
 1.227
-0.231
 1.127
-0.974
 1.401
-0.432
-0.851
 0.186
 1.296
 2.629
 0.520
 1.322
 0.850
 1.349
 0.766
 0.524
 1.445
 1.469
 1.048
 0.729
 0.577
-0.760
 0.635
 1.010
-0.420
 0.952
 0.586
 1.284
 1.995
 1.664
 0.925
 0.772
 0.897
-0.050
-0.464
 1.332
 1.111
-0.302
 0.592
 0.774
 0.778
 1.273
 0.674
 0.933
 1.017
 0.603
 1.293
-0.286
-0.255
-0.244
-0.670
 0.313
 1.134
 0.019
 0.198
 0.151
 0.023
-0.223
-0.303
-0.008
-0.435
-1.623
-0.384
-0.734
-1.367
-0.851
-1.982
-1.432
-0.870
-0.964
-0.259
 1.309
 1.216
 0.616
 1.216
 0.170
-1.148
 0.263
 0.178
-1.578
-0.695
-0.054
-1.218
 0.156
 0.725
-0.094
 1.351
-0.061
-0.184
-0.084
-0.630
 0.497
 0.782
 0.442
-0.384
 0.755
 0.381
-0.501
-0.031
 1.152
 1.530
 0.327
-0.557
-1.278
 0.988
 1.301
 1.291
-0.585
-0.383
 0.648
 0.992
-0.434
 0.216
 0.222
 0.672
 1.596
 2.406
 1.371
 0.598
-0.517
-0.624
 0.913
-0.516
 0.184
-0.320
 0.608
 1.955
 0.678
 0.258
 0.195
 0.257
 0.376
-0.633
-0.673
 1.339
-0.548
-0.607
-0.495
-0.749
-0.012
-0.452
 0.247
 0.971
 0.086
-0.940
-0.465
-0.264
-0.097
 1.504
 0.345
 0.448
 0.700
-0.512
-1.377
-1.081
-1.061
 1.021
-1.045
-1.502
-0.298
-0.764
-1.324
-0.908
-0.379
 1.005
 2.622
 0.534
 0.371
 1.232
-1.200
 0.672
 0.359
 0.148
-1.402
-1.007
 0.284
-0.360
-0.205
-0.437
-0.562
-0.291
-0.032
 0.302
 0.859
-0.480
-0.208
-0.305
-0.674
-0.564
 0.178
 1.015
-1.409
-1.285
-0.416
-1.267
 0.005
-2.112
-1.999
-1.531
-1.065
-1.215
-0.625
-0.547
-1.041
 0.028
-0.131
-0.791
-0.028
-1.567
-0.028
-2.077
-1.921
-0.544
 0.061
-0.405
 0.447
-0.609
 0.316
-0.183
-0.383
-1.174
-0.943
 0.410
 0.438
-0.710
-0.356
-0.970
-0.580
 0.764
 1.408
 1.149
 0.294
-1.549
 0.483
-0.244
-0.266
-0.957
-1.445
-1.216
 0.061
-0.939
-1.423
-1.058
-0.499
-0.256
 0.757
 1.363
 0.424
-0.492
 0.329
 0.066
-0.196
-2.019
-1.179
-0.760
-0.312
-0.878
-0.169
-0.941
-1.309
-1.834
-0.794
-0.667
-2.168
-1.757
-2.401
-2.962
-2.195
-1.416
-2.100
-0.910
-1.640
-2.101
-2.032
-2.240
-2.645
-3.049
-1.432
-1.673
-2.373
-1.744
-2.340
-3.442
-2.448
-1.595
-1.831
-1.398
-0.950
-0.852
 0.047
 0.213
-1.013
 0.586
-1.433
-0.277
-0.527
 1.118
-0.276
-1.298
-0.823
-0.644
-1.443
-0.866
-1.738
-0.216
 0.294
-0.788
-0.926
-0.977
 0.053
-0.052
 0.002
 0.352
 0.165
-0.756
-1.020
-0.427
-0.149
-1.332
-0.707
-0.312
-0.955
 0.407
 0.448
 0.819
 0.032
 0.190
-0.039
-0.158
 1.123
-1.432
 0.021
-1.166
-1.357
-0.981
-0.640
-0.113
 0.372
 0.879
-0.616
-1.227
-0.697
 1.497
 0.196
 0.074
-0.844
-0.335
-1.289
-0.666
 0.123
-0.620
 0.660
-0.110
 0.358
 0.000
 0.277
-1.743
-1.088
-0.215
 0.858
-0.307
-1.882
-0.912
-0.881
 0.328
-0.535
-0.459
 1.128
-0.621
 0.231
-1.901
-1.174
 0.827
-0.145
-0.492
 0.511
-1.227
-0.631
-1.241
-2.457
-0.621
-0.679
-0.155
 0.173
 0.597
 0.926
 0.161
-0.552
 0.254
-0.945
 0.081
 0.449
 0.655
 0.984
-0.572
 0.708
-0.063
 0.466
 1.352
-0.065
-1.112
 1.403
-1.274
 0.755
-0.209
-1.218
-1.154
-1.597
-0.943
-0.699
-0.627
-0.411
-0.119
-0.192
 0.733
-0.407
 0.858
 1.301
-0.382
-0.475
-0.622
-0.465
-0.882
-2.255
-0.269
-0.455
-1.935
-0.985
 0.356
 0.665
-0.641
-0.719
-1.910
-1.152
-1.129
-0.793
-0.528
-0.704
 0.190
 0.641
 0.586
 0.819
 0.338
 0.142
 0.030
-0.582
-0.363
 1.481
 0.376
-0.376
 0.234
-0.104
-0.296
-0.954
-0.311
-0.875
-1.256
-1.100
 0.099
-0.478
 0.195
-0.764
-0.833
-2.115
-0.330
-1.630
-1.216
 1.368
 0.394
-0.886
 0.825
 0.430
 1.807
-0.492
 0.897
 1.572
 0.271
 1.633
-0.271
-0.089
-0.761
 0.392
 0.035
-1.576
 0.089
 0.379
 0.279
 0.483
-0.404
 0.881
-1.221
-0.970
-0.604
-1.195
-1.342
-1.745
-1.747
-0.171
 0.914
-0.013
-0.202
 0.385
-0.852
-0.974
-0.335
-0.701
-0.181
 0.027
 0.634
 0.695
 1.664
 0.851
 0.209
-0.111
 0.440
 0.680
 1.160
 0.610
-0.460
-0.087
-1.287
-1.210
-1.389
-0.251
-1.335
-1.531
-0.235
-1.690
-1.187
-0.315
-1.696
-0.718
-1.191
-0.442
-1.026
 0.012
-1.262
-0.863
-0.850
-0.573
-0.848
-1.029
-1.421
-1.852
-2.133
-0.530
 0.063
-0.010
 0.120
 0.249
 0.230
-0.436
-0.625
-2.541
-2.179
-2.587
-2.409
-1.032
-1.741
-0.828
-1.714
-2.206
-1.338
-1.124
 0.493
 0.193
 0.118
-0.843
-1.402
 0.042
-1.286
-1.456
-0.075
 0.312
-0.734
 0.775
 0.886
 0.053
-0.624
 0.216
 1.519
-0.612
-0.093
 0.907
-0.216
-0.231
 0.232
-0.053
-0.102
-0.315
-0.021
-0.817
 0.309
 0.620
-0.782
-0.864
 0.405
-0.432
-1.033
 0.168
-0.968
-0.477
-0.040
-0.055
-0.301
-0.031
-0.849
-1.576
-0.443
 0.088
 1.650
-0.233
-0.006
-0.191
-0.163
 0.277
 0.778
-1.096
 0.561
-1.981
-0.253
-0.838
-0.043
-1.859
-1.350
 0.791
 0.093
-1.000
-1.121
-1.579
-1.551
-1.885
-1.487
-0.448
-1.388
 0.234
 0.017
-1.761
-0.223
-0.205
-0.416
 0.239
-0.295
-0.716
 0.308
 0.086
 0.328
-0.190
 1.116
 1.201
-1.080
-0.849
-0.249
-1.941
-0.656
-0.681
-0.332
-0.649
-2.083
-1.948
-0.944
-0.369
 0.151
-0.095
-1.158
-1.568
-1.918
-0.520
 0.397
 0.801
-0.482
-0.073
-0.192
-0.660
 0.051
 0.446
-0.859
 0.650
-0.471
-1.160
 0.014
-1.166
-0.577
-2.358
 0.000
 1.262
 1.214
 0.720
 0.586
 0.671
 0.243
 1.034
 1.170
 1.082
 0.554
 0.228
 1.026
-1.257
 0.290
-1.255
-0.080
 0.997
 0.712
 0.034
-0.799
 0.086
 0.366
-0.316
-1.201
-0.117
 1.081
-0.496
-1.534
-1.211
-1.015
-0.387
-0.695
-1.362
-0.735
 0.166
-0.679
 0.116
-0.746
 0.226
-0.909
-1.013
-0.309
 0.120
-0.132
-0.107
-1.382
-2.003
 0.847
-0.052
-0.240
 1.914
-0.587
 1.555
 0.116
 0.296
-0.333
-0.369
-0.467
 0.509
 0.738
-1.451
-0.847
 0.066
 0.166
-0.018
 2.045
 0.773
 0.370
 0.995
 1.615
 1.698
 0.978
 2.317
 0.752
 0.628
 1.973
 1.979
 1.887
 1.848
 1.505
 0.150
 0.023
 1.626
 2.297
 1.117
 0.624
 1.209
 0.950
 1.896
 0.992
 1.694
 0.225
 0.101
 0.621
 1.202
 2.026
 0.816
 1.248
 2.315
 0.759
-0.603
-0.289
 0.272
-1.209
 0.180
 0.091
-0.596
-0.287
 0.653
-0.063
-0.837
 0.265
 1.156
-0.776
 0.709
 0.075
-1.319
-1.926
-0.797
-1.111
-2.398
-1.036
 0.689
-1.285
-0.729
-1.682
 0.870
-0.938
 0.166
-0.711
-0.089
 0.905
 0.357
 1.886
-0.147
-1.360
-0.875
-1.689
-0.653
-1.038
-0.498
 0.864
-0.238
 0.571
-0.729
-0.512
 0.089
-0.281
 1.320
 1.239
 1.367
 0.417
 0.759
 1.310
 0.143
-0.334
 0.609
 0.185
-0.179
 0.454
-0.720
-0.168
 0.011
-0.271
 0.538
 0.810
-0.922
-1.607
 0.199
 0.552
 0.439
-0.881
-0.931
-2.569
-1.625
-0.260
-1.770
-1.912
-1.511
 0.035
-2.415
-0.634
-0.895
-0.094
 0.065
 0.039
 0.143
-0.600
-0.232
 0.771
-1.049
-1.839
-1.158
-1.650
-1.598
-0.962
-1.200
-1.155
-1.705
 0.267
-0.617
-1.109
-0.797
-1.341
-0.763
-0.515
-0.157
-0.705
-0.882
-1.960
-0.802
 1.420
-0.362
-0.223
-0.275
-0.344
 0.210
-1.041
 0.569
-0.346
 0.367
-0.930
 0.699
 0.322
 0.058
-0.038
 0.807
-0.106
-0.853
-1.387
-1.569
 0.475
-0.274
-0.719
-1.333
-1.953
-1.530
-1.927
-1.934
 0.420
-0.893
 0.267
-0.519
-0.688
-2.228
-0.710
-1.545
-0.944
-2.327
-0.709
-0.932
-0.419
-1.591
-2.302
-1.893
-1.077
-1.744
-1.340
-0.247
-0.384
-0.625
-0.934
 0.574
-0.704
-0.907
-0.691
-0.351
-2.790
 0.490
 0.430
-2.036
-1.967
-2.817
-1.768
-0.625
-0.172
-0.636
-0.914
-1.367
-1.266
-0.337
-0.885
-0.220
 0.871
-0.119
-2.231
-0.886
-2.767
-0.622
-1.148
-0.950
-0.361
-1.019
-2.631
-1.139
-1.321
-1.425
-0.065
-1.378
-0.055
 0.891
 1.458
-0.011
-1.388
-1.263
 0.189
 1.599
 1.109
 1.502
-0.401
 1.006
-0.021
-1.170
-1.938
-1.499
 0.853
-0.313
 0.083
 0.349
-0.169
-1.014
-0.584
 0.795
-0.413
-0.154
-0.102
 2.392
-0.131
 1.525
 0.985
-0.642
 0.364
 0.188
 0.067
-0.041
 0.004
-0.128
 0.477
-0.505
-0.063
 0.808
 0.774
 0.072
 0.313
-0.740
-0.156
-1.853
-0.966
-1.613
 0.371
-1.071
-0.375
-0.962
-1.374
-1.389
 0.124
-1.537
-0.062
-0.236
 0.278
 0.439
-0.685
-0.953
-1.404
 0.532
 0.625
-0.535
-1.551
-1.716
-1.252
-0.838
-0.534
-2.760
-1.362
-1.781
-0.823
-0.552
-0.480
-1.387
-0.177
-1.100
-0.701
 0.572
 0.006
-0.275
-1.055
 0.281
-0.350
-0.456
 0.160
-1.503
 0.463
-0.244
-1.154
 0.521
 0.266
-0.237
-0.181
-0.260
-2.316
 0.334
-1.603
-0.901
 0.101
-1.880
-0.293
-0.982
 0.872
 0.679
-0.405
-0.218
-0.539
 2.056
 2.096
 2.093
 0.312
 0.590
 0.951
 0.365
-0.192
-1.091
-0.501
-0.280
 1.435
 0.175
-0.450
-1.031
 0.558
-0.043
 0.397
-0.385
 0.782
 0.596
 0.282
 0.446
 1.008
 1.745
 0.527
 1.264
-1.388
-0.210
 0.235
 0.416
 0.581
 0.190
-1.088
 0.601
 0.137
 0.552
-0.319
 0.270
 0.463
-0.166
 0.722
 0.493
-0.129
-0.013
-0.213
 0.157
 0.091
-0.493
 0.346
-0.098
-0.230
 0.505
-0.291
 0.680
-0.711
 0.604
 1.038
 1.084
 1.101
 0.992
 0.748
 1.214
-0.076
-0.378
 0.150
 0.722
 2.105
 1.346
 0.648
 1.402
 1.075
 0.165
 0.974
 1.859
 0.086
 1.256
 1.480
 1.433
 0.628
 0.852
 0.936
 0.416
 0.849
 0.214
 1.357
 2.417
 2.447
 4.451
 2.589
 1.670
 1.048
 1.296
 1.748
 1.902
 0.217
 0.288
 1.154
 0.153
 0.606
 1.477
 0.478
 0.564
 0.290
-1.055
-1.013
-1.246
-0.175
 0.238
-0.778
-0.432
 0.430
-0.069
-0.475
-0.101
-0.152
 0.453
 1.504
 1.441
 0.146
 0.903
 1.627
 0.800
 1.400
 1.023
 1.884
 0.859
 0.336
-0.134
 0.343
-1.529
-0.128
-1.086
-0.134
-0.711
 0.965
 2.185
 0.767
 0.884
-0.475
-2.306
-2.435
 0.498
-0.155
 0.831
-0.730
-1.865
-1.829
-2.151
-1.515
-1.833
-0.989
-1.050
-1.192
-0.244
 0.555
 1.028
 0.281
 1.096
 1.181
-1.610
-1.053
 0.434
 1.766
-0.413
 0.215
-0.057
 0.586
-0.368
 0.829
-0.097
 0.453
 0.069
-0.834
-0.771
-0.591
-0.649
-0.268
-1.020
-0.442
-0.500
-0.280
-0.707
-1.134
-1.218
-1.502
-2.133
-2.160
-1.961
-1.072
 0.679
-0.279
-0.633
-1.406
 0.093
 0.883
 0.354
 1.598
 0.618
 1.292
 0.183
-0.528
 0.012
 0.197
-0.055
 0.210
 0.008
 0.172
 1.759
 0.709
 1.177
 0.346
 0.329
-0.057
 0.114
-0.281
-0.211
-1.362
-0.198
-0.828
 0.732
 0.612
 0.261
-0.093
-0.239
-0.805
 0.494
-0.917
 0.987
 1.257
 0.363
 1.174
 0.341
-0.568
-0.077
 0.730
 0.073
 0.717
-0.791
 0.725
-1.173
-0.744
-0.932
-0.045
 0.597
-1.224
-0.204
 0.251
-1.516
-2.662
-0.898
-1.358
-0.516
 0.600
-0.607
-0.243
-0.709
-1.239
-0.224
-1.395
-1.037
-0.665
-0.319
-1.203
-0.624
 0.001
-0.472
 0.104
-0.489
-0.490
-0.001
-1.801
-0.720
-0.085
 0.985
 0.183
 0.312
 0.897
 0.518
-0.577
-0.907
-1.116
 0.246
-0.500
-0.760
-0.437
-1.226
-1.773
-1.422
-2.162
-2.905
-2.071
-1.650
-1.706
-2.777
-0.778
-1.264
-0.562
-1.999
-1.505
-1.278
-1.360
-0.635
 0.309
 0.343
-0.417
 0.245
-0.166
 1.238
 1.396
 1.129
 0.195
-0.096
-0.108
 0.203
-0.802
 1.113
 1.038
-0.678
-0.012
-0.338
 0.207
-0.029
 1.521
-1.031
 1.893
 0.164
-0.124
 1.457
 0.224
 0.884
 0.387
-0.288
-0.519
-0.150
-0.538
-0.144
-0.394
-1.035
-0.864
 1.161
 0.123
 0.577
-0.713
 0.169
-0.189
 0.210
 0.568
 0.378
-0.671
 0.220
-0.151
-0.342
-0.188
-0.414
 0.321
 0.891
 0.459
-0.035
 0.630
 1.291
 0.428
 0.752
-0.745
-0.424
-0.463
 0.565
-0.091
 0.953
 0.683
 0.212
 1.045
 1.459
 2.123
 2.572
 0.312
 0.694
-0.064
 0.246
 1.444
 2.049
-0.064
 1.619
 0.880
 0.654
 2.021
 0.679
 2.159
 1.534
 1.283
-0.064
-0.054
 0.049
-0.300
-0.056
 0.628
 0.158
-0.019
 1.526
 0.439
 0.418
 1.157
 0.206
-0.076
-0.093
 0.857
-0.147
-0.551
 0.294
-0.619
-0.185
 1.062
 0.146
 0.149
-0.881
 0.989
 0.734
 1.403
-0.465
-1.967
-0.580
-0.192
-0.880
-0.439
 0.962
-1.068
 0.295
-0.934
-2.173
 0.315
-0.607
-0.952
-0.353
 1.256
 1.583
 0.098
 1.340
 0.418
-0.080
-0.501
-0.294
 0.338
 1.295
 1.085
-2.127
-0.379
-1.057
-2.153
-0.017
-1.036
-0.009
 0.397
 0.466
 1.022
-0.223
-0.381
-0.578
-0.355
 0.717
-0.186
-0.289
-0.233
-1.628
-0.478
-1.416
 0.313
 0.829
 1.050
 0.632
 0.494
 0.971
-0.236
-0.100
-0.034
-0.237
 0.651
 1.772
 0.472
-0.408
-0.369
-0.806
-0.488
-0.888
-0.473
-0.190
 0.776
 0.112
-0.330
 0.296
-0.122
-0.397
-0.061
-0.410
-0.234
-1.271
-0.905
-0.410
-0.320
-0.987
-1.208
-1.391
 1.105
 1.326
 0.163
 1.772
 1.363
 0.126
 1.062
-0.092
 0.209
-0.240
-0.952
-0.711
-1.704
-0.892
-0.004
-0.088
 0.519
 0.713
-0.126
 0.863
-0.961
-1.795
-1.238
-0.851
-1.151
-0.700
-0.295
-0.842
-1.727
-0.816
-1.588
-0.181
 0.311
-0.875
-1.043
-0.561
-0.631
-1.023
-2.652
-3.250
-1.760
-1.893
-0.088
 0.610
 0.599
-0.182
-1.556
-0.218
-0.476
-0.415
-1.660
-1.263
-1.082
-2.804
-1.177
-0.474
-1.743
-1.006
-1.296
-1.827
-1.073
-0.303
-0.429
-0.213
 0.605
-0.565
 0.731
 0.600
 0.031
-2.189
-1.188
 0.180
-0.714
-0.687
-0.570
-0.008
-0.474
 0.547
 2.339
 2.394
 0.048
 1.258
 0.490
-0.603
-0.404
 1.266
 0.678
-0.198
 0.442
 0.220
 1.077
 2.317
 2.471
 2.678
 1.202
 1.096
 0.224
 0.525
-1.138
 0.452
 0.076
 0.069
-0.682
-0.109
 0.078
-0.459
-0.916
 0.866
 0.366
 0.504
 0.941
-0.419
-0.440
-0.244
 0.421
 0.852
 1.035
 0.437
 1.066
-0.022
 1.767
 0.387
 0.596
 1.515
-0.932
-0.361
-0.440
-0.156
-1.204
-0.360
 0.059
-0.039
-0.061
 1.044
 0.782
-0.412
 0.538
-0.599
-0.318
 0.188
-0.239
-0.597
 0.420
-1.270
 0.349
 0.635
 0.151
 1.644
 1.306
 0.895
 1.440
-0.232
 0.410
 1.323
 1.135
 2.020
-0.059
 2.714
 0.851
 0.027
 0.090
 1.091
 1.004
 0.262
 0.147
 0.250
-0.084
-0.109
 1.374
 1.206
 1.732
 0.727
 1.578
-0.515
 0.700
 0.116
-0.611
-0.418
 0.487
-1.225
-1.457
-0.502
-0.615
-0.149
 0.313
-1.183
 0.093
-1.695
-0.522
-2.044
-0.736
-0.704
-1.806
-0.552
-1.765
-1.152
-2.252
-1.351
-1.151
-0.996
-1.707
-3.034
-1.930
 0.310
-0.715
-0.682
 0.341
-0.494
-1.282
 0.899
 0.107
-0.192
-0.139
-1.092
-0.665
 0.364
 0.378
-0.447
-0.982
 0.536
 0.579
-0.051
 0.711
 1.396
-0.924
-0.505
-0.451
-1.476
-0.383
-1.652
-1.692
-1.112
-0.810
 0.062
-0.547
-0.681
-1.117
-0.669
-1.849
-0.476
-1.908
-0.190
-1.007
-2.423
-0.664
-1.343
 1.157
 1.484
-0.509
 0.149
-1.496
-0.292
 0.167
 0.340
-1.111
 0.027
 0.852
-0.548
-0.726
-0.333
-1.329
-1.771
-0.949
-0.065
 0.324
-0.556
-0.550
-0.954
 0.446
 0.865
 0.235
-0.290
 0.516
-0.878
-0.302
 0.584
 0.888
 0.002
 0.541
 1.035
 0.222
-1.355
-1.035
-1.919
 0.120
-1.123
-0.275
 0.093
 0.812
-0.228
 1.935
 0.302
-0.346
 0.199
 0.888
-0.235
-0.711
-2.233
-1.358
-1.231
-1.909
-0.926
-0.063
 0.303
-1.709
-1.617
-0.055
-0.323
-1.394
 0.840
-0.251
-0.468
-1.376
 0.234
 0.065
-0.469
-1.758
-0.128
-0.429
-0.026
 0.285
-0.397
-0.107
 0.311
 1.090
 0.292
-0.308
 1.183
-0.106
 0.500
 0.031
 0.177
-0.563
-0.056
-0.998
 0.084
-0.698
-0.210
-0.373
-0.411
-0.540
 0.027
 0.269
-0.220
-0.153
-0.895
-1.154
 0.226
-0.170
-0.118
 1.317
-0.841
 1.467
-0.024
 0.615
-0.856
-0.560
-0.999
-0.753
 1.025
-0.049
 1.149
 1.754
 1.002
 0.520
-0.187
-0.140
-0.020
-0.053
-0.340
 0.256
-0.726
 0.027
-1.838
-0.060
-0.368
-0.670
-0.480
-0.473
-0.464
-0.175
-1.277
-0.832
 0.364
-1.144
-1.304
-1.474
 0.808
-0.238
-0.216
 0.430
 0.065
-1.040
-0.305
-0.010
-1.417
-0.256
-0.517
-0.557
-0.052
-0.082
-0.579
-0.565
-0.354
-0.211
-0.411
-0.385
-1.629
-0.746
 0.248
 0.571
 0.267
 1.344
-0.871
-0.192
 1.660
 1.401
-1.001
-0.664
-0.740
-0.983
-0.088
-0.446
-0.830
 0.140
-0.870
-0.503
-1.630
 0.391
-0.229
-2.230
-0.972
-1.627
-0.711
-1.327
 0.136
-1.271
-0.554
 0.670
 0.017
 0.590
 0.765
-0.172
 0.148
 0.164
-0.605
 1.507
 0.637
 0.084
 0.223
 0.511
 1.490
 2.003
 0.308
 0.413
 0.871
 1.533
 1.486
 1.688
 1.534
 1.353
-0.136
 0.778
-0.694
-0.002
-1.181
-0.372
-0.153
-0.024
-0.493
 0.182
 0.275
-0.433
-0.335
 1.783
 1.310
 1.791
 0.858
 0.716
 0.628
-0.206
 0.869
 1.035
 1.220
 1.211
 0.386
 0.051
 1.162
-0.017
 0.372
 0.604
 1.587
 0.982
 1.677
 1.948
 0.097
 0.264
 0.520
 0.536
 1.920
 0.008
-0.186
-0.802
-0.471
-0.334
-0.118
 1.133
 1.262
 0.667
-0.371
-0.266
 0.548
 1.071
 1.800
 2.101
 1.027
 1.964
 0.597
 0.554
-0.374
-0.957
-0.240
 1.145
 1.585
 0.599
 1.116
 0.573
 0.752
 1.770
 0.944
 1.125
-0.076
 0.510
 0.159
-1.057
-0.478
 0.293
 0.230
 1.375
-0.488
-0.644
-0.421
-0.962
-0.911
 0.455
-0.966
-0.534
-1.063
-0.976
 0.525
-0.834
 0.794
 1.748
-0.167
 0.554
 1.756
 0.318
-0.401
 0.691
-0.405
-0.354
-0.192
-0.795
-0.121
 1.222
-1.459
-0.056
 1.124
 1.277
-0.665
 0.559
 0.957
 1.516
 0.674
-0.713
-0.875
 0.362
-0.221
 0.786
 1.359
 0.637
 0.361
-1.280
 0.699
 0.039
 1.069
 0.132
-0.111
 0.580
-0.390
 0.429
-0.425
 0.185
 0.532
-0.045
 0.545
-2.159
-0.613
-0.667
-1.279
-2.379
-0.092
-0.141
-0.243
-0.234
-0.316
 0.999
 1.526
 1.337
 0.708
 2.062
 1.859
 0.844
 1.124
-0.414
-0.907
-0.240
-0.611
 0.040
-0.094
-0.528
-0.402
 0.779
 1.016
 0.456
-0.549
-1.350
-0.132
 0.225
-1.121
-1.204
-1.027
 0.468
 0.588
 0.530
-0.279
-1.043
-1.246
-0.635
 1.196
-0.420
-0.701
-0.481
 0.856
-0.521
-0.463
-0.737
-0.401
-0.062
 1.093
 0.838
-0.447
-1.515
 0.016
-0.737
-1.051
-1.066
-0.967
 0.665
 0.644
 0.170
 0.025
-0.409
 0.535
 0.392
-0.596
 0.115
 0.451
-0.978
-0.774
-0.364
-0.921
-1.257
 0.137
-0.489
-1.424
-0.685
-0.389
-0.228
 0.037
-0.258
 1.428
-0.544
-0.436
-0.812
-0.851
-0.676
-0.353
-0.969
 0.631
-0.505
-0.121
-1.258
-2.743
 0.132
-1.927
 0.107
-0.006
-0.405
-1.131
-0.901
-1.861
-1.607
-0.104
 0.269
-1.008
-0.092
-0.069
 0.149
-1.142
-0.922
-0.911
-0.306
-0.348
-1.608
-2.004
-1.977
-2.947
-2.351
-2.117
-1.436
 0.015
-0.739
 0.336
 0.899
 1.449
 1.479
-0.538
-0.220
 1.237
 0.003
-0.494
-0.151
-0.775
-0.459
 0.928
-0.519
-0.794
 0.425
 1.216
 1.328
 1.429
 0.333
-0.771
-0.235
-0.446
-0.340
-0.205
 0.069
 0.301
-0.563
-0.316
-2.020
-2.053
-0.533
-0.405
-0.202
-1.425
 0.677
 0.456
-0.790
-1.417
-1.254
-0.404
-1.254
-0.054
 0.457
-0.033
-0.425
-0.276
 0.578
 0.084
-0.214
-0.521
-0.929
-0.826
-1.616
-1.608
-0.977
-0.545
 0.122
-0.613
 0.180
-1.035
 0.525
 0.130
 2.570
-0.060
-0.502
-0.166
 1.038
-0.236
 0.658
 0.356
-0.370
-2.001
-0.753
 0.472
 0.116
-0.909
-1.237
-1.164
-0.761
 0.766
-0.111
-0.148
-0.900
-0.374
-0.528
-0.513
-2.321
-1.257
-1.323
-2.771
-1.161
-0.120
 0.511
 1.749
 0.574
-0.782
-1.355
-0.962
-1.434
-0.677
 0.045
-0.532
-0.161
-1.026
-0.724
-0.466
 1.583
-2.573
-0.832
-0.893
-0.626
-0.098
 0.046
-0.762
-0.112
-0.365
-0.811
-1.920
-1.088
-0.323
 0.246
-1.080
-1.134
-1.490
-3.469
-0.753
 0.025
 1.629
-0.662
 0.603
 1.098
 1.747
 0.574
-0.332
-0.165
-0.937
 0.104
 0.159
 0.392
-0.365
 0.752
-0.571
 0.939
 1.208
 0.746
-0.263
 0.370
-1.504
-2.258
 0.304
-0.201
-0.223
 0.201
-1.851
 0.067
-0.139
-0.168
 0.383
 0.727
 0.022
 0.368
-1.326
-0.974
-0.059
 0.973
 0.698
 0.732
 0.922
-0.433
 0.506
-0.286
 0.106
 0.293
-0.113
-0.058
-0.649
-0.347
-0.358
 0.073
 0.169
-0.965
-0.139
-1.020
-0.553
-0.357
-1.218
-0.097
 0.104
-0.663
-0.978
-1.782
-1.002
 0.622
 0.030
 0.848
-0.406
 0.596
 1.128
 1.024
 0.009
-1.253
-1.160
 0.724
 0.218
 0.736
 0.621
-0.116
 0.012
-0.941
-1.937
 0.419
-0.438
 0.540
 0.695
-0.356
-1.556
-1.470
 0.010
 0.327
-1.141
-1.017
-0.631
-1.642
-1.496
 0.833
-1.016
-0.178
-0.776
-0.571
-1.453
-1.631
-0.957
 1.215
 0.310
 0.562
-0.745
 1.233
 1.340
 0.231
-0.065
-0.150
-0.988
 0.196
 0.144
 0.320
 1.700
 0.443
 1.558
 1.668
 0.246
 1.429
-0.462
 0.461
 0.812
-0.632
-0.229
 1.209
 0.990
 0.048
-0.048
-0.222
 1.733
-0.437
-0.383
-0.607
 0.823
 0.688
 0.608
 0.384
-0.144
 0.148
 0.341
-0.424
-1.496
-0.203
 0.631
 0.157
-0.816
 0.517
-1.193
-0.617
-1.048
-0.256
-0.915
-0.912
-0.075
-0.392
 0.183
-0.566
 0.112
-1.353
-0.671
-0.124
-1.503
-0.569
-0.625
-1.307
 0.161
-1.301
 0.515
 0.828
-0.306
 1.287
-0.304
-1.089
 1.857
 1.954
 1.147
 2.694
-0.322
 0.362
 0.191
-0.860
-1.368
-0.456
-1.457
 0.019
-0.419
-1.095
-0.109
-0.136
-1.385
-0.261
 0.644
 0.042
 0.537
 0.374
-0.394
-0.248
 0.458
 0.443
-0.305
 1.193
 1.831
 0.745
-0.561
-0.447
-0.792
-0.453
-0.807
-0.558
 0.476
-0.796
-0.304
 0.761
 0.019
 1.454
 1.317
 0.009
 0.906
 0.824
-0.226
 0.163
 0.166
 0.591
-0.938
 0.276
-1.401
-0.741
-0.913
-0.782
-0.211
-0.687
 0.803
 1.662
 1.238
 2.532
 1.099
 1.093
 1.584
-0.835
-0.382
 0.942
-0.068
-1.196
-0.055
 0.503
 0.074
 0.557
-0.925
 0.976
 0.585
 0.964
 1.307
-0.722
 0.468
-1.179
-2.023
 0.548
-0.805
-2.240
-1.010
-1.070
-0.359
 1.059
 0.969
 0.650
-0.012
 0.454
 0.068
-0.739
-1.258
-0.796
-0.418
 1.192
-0.507
-0.251
-0.049
-0.670
 0.775
 1.196
 0.615
 1.241
-1.420
-0.609
-0.519
-0.017
 0.399
 0.860
 0.813
 0.901
-0.762
-1.704
-1.507
-1.657
-0.534
-0.717
 0.552
-1.353
-0.009
-0.400
 0.103
 0.214
-1.497
 0.114
 0.654
-0.281
 0.264
-0.574
-0.387
-0.315
-1.063
-0.286
-1.212
-0.301
-0.861
 0.356
 0.656
 0.477
 0.170
 0.835
-0.644
-0.727
-0.486
-0.257
 0.404
 0.057
 0.970
 0.524
 0.238
 0.439
 2.206
 0.222
 0.026
 1.157
 0.452
 0.379
 0.228
-0.012
 1.021
 0.687
 0.548
 0.623
 0.510
-0.857
-1.990
-1.556
-1.167
-1.414
-1.715
 0.207
-0.293
-1.655
-0.365
-0.435
 0.519
 1.055
 1.133
 0.919
 0.405
-0.319
 0.094
 1.070
 0.308
 0.088
-0.364
 2.199
 1.126
-1.362
-0.169
 0.626
 1.710
-0.207
-0.781
 2.066
-0.210
 0.330
 0.190
 0.773
 0.850
-0.004
-0.979
 0.709
 0.004
 0.610
 1.812
 0.326
 0.413
 0.950
 2.018
 1.034
 0.588
 0.715
 0.136
 0.365
 0.387
-0.450
-0.588
-0.875
 0.392
 1.708
 1.913
 0.195
-1.833
-0.281
-1.463
-0.783
-0.374
 0.150
 1.305
 0.202
 0.785
 0.108
-0.786
 0.023
 0.180
 0.116
 1.752
-0.136
 1.502
 1.149
-1.021
-1.109
-1.061
-1.751
-2.499
-1.863
-1.109
 1.096
-0.204
-0.859
-1.095
-1.550
 0.233
-1.205
-0.784
-0.517
 0.289
 1.363
 0.361
 0.939
 0.495
-1.217
-0.968
 0.092
-0.050
 0.112
-0.225
-1.405
-0.790
-1.275
 0.513
 0.097
-0.823
 0.253
-0.112
-0.614
-1.260
-0.526
 0.876
-0.243
-0.142
 0.616
-1.723
-1.267
-1.557
-0.673
 0.073
-0.595
-1.023
-1.294
-0.836
-1.260
 0.016
-1.772
-0.435
-0.813
-2.091
-1.519
-0.635
-0.157
-1.446
-1.514
-0.938
-0.127
 0.130
-1.075
 0.086
 0.218
-0.220
 0.886
-0.350
 0.092
-0.747
-1.088
-1.300
-0.976
-0.773
-0.806
-1.059
-2.128
-1.813
-1.578
-1.150
-2.480
-1.101
-1.043
-2.118
-1.232
-0.914
-1.647
-1.144
-1.384
-1.129
-0.474
-0.591
-0.225
 0.416
-1.032
-1.398
-1.219
-0.261
 0.611
 1.342
 1.048
 0.453
 0.863
 0.807
-0.357
-0.728
 0.741
 1.173
 1.558
 2.060
 0.317
 0.556
 0.749
 1.281
 0.379
 0.369
 0.924
 0.543
 0.650
 0.551
 0.192
-0.400
-0.926
-0.453
 0.827
 1.113
 0.664
-0.555
 0.512
 0.567
-1.512
-0.260
-0.082
-1.325
-1.600
-2.209
-3.287
-1.917
-2.576
-2.210
-1.682
-1.630
-1.419
-0.591
 1.697
-1.400
 0.014
-0.166
-1.897
-0.998
-0.771
-1.337
-0.839
-0.019
-2.090
 0.183
-0.558
 0.198
-1.105
-0.790
 0.144
-0.991
-0.667
-2.046
-0.940
-1.103
-1.943
-1.075
-1.246
-2.572
-1.462
-0.602
 0.195
-0.930
-0.854
 0.138
-0.037
-0.535
-1.298
 0.615
-0.520
-0.753
-0.024
-1.253
-2.166
-0.587
-3.118
-0.939
 0.736
-1.215
-1.677
-1.181
-2.267
-0.591
-0.728
-1.165
-2.488
-1.959
-1.789
-1.729
-2.288
-2.811
-1.281
-1.931
-1.518
-0.874
-0.120
-1.238
-1.100
-1.395
-1.153
-1.419
 0.466
-0.076
-1.032
-1.143
-0.740
-0.965
-0.933
-1.465
-0.115
-2.435
-0.792
-1.403
-1.235
-0.355
-0.488
 0.526
-0.257
-1.061
-0.237
-0.612
-1.186
 0.121
 0.484
 0.231
-1.112
-1.020
 0.379
 0.046
-0.042
 0.512
 0.328
-0.701
-0.138
-1.481
-0.927
 0.148
-0.097
-1.913
 0.315
-0.430
-1.230
 0.035
-1.063
-2.596
-0.571
 0.181
-1.071
-1.252
-1.843
-1.680
-1.421
-2.594
-1.142
-1.952
 1.478
 1.997
 0.067
-0.301
 0.712
 0.245
-0.266
-1.714
-0.142
 1.279
-0.644
-1.515
-0.828
 0.161
-0.019
 0.162
-0.278
-0.586
 1.226
 0.176
-0.452
 0.974
-0.034
-1.476
 0.395
-0.833
-0.567
 0.659
-0.911
-1.633
 0.159
-1.391
 1.930
 0.645
-0.122
 0.254
-0.902
-0.204
 0.700
 0.224
-0.553
 0.683
 0.764
 0.898
-0.226
 1.228
 0.787
-1.139
-0.103
 0.662
 0.276
-0.363
-0.469
-0.589
-1.307
-0.293
-1.511
-1.290
-0.795
-0.945
-1.702
-1.102
-3.438
-3.879
-2.616
-2.672
-1.032
-0.957
-0.532
-1.542
-1.785
-2.233
-2.578
-2.320
-1.529
-0.046
-0.975
-0.390
 0.386
 0.339
-1.011
 0.186
-1.373
-0.698
-2.511
-1.172
 0.216
 0.146
 0.024
-0.681
-0.958
-2.089
-1.259
-0.447
-0.963
-0.939
-1.379
-1.406
 0.503
 0.411
-0.139
-0.349
 0.760
-0.268
-1.771
-1.874
-0.587
-0.783
-0.165
 0.662
-1.489
-2.260
-1.967
-1.136
-2.960
-0.643
-1.108
-1.897
-1.619
-0.695
-0.394
-0.770
-1.375
-2.468
-0.542
-0.511
-1.230
-0.756
-0.697
-2.161
-2.550
-0.286
-1.221
-0.918
 0.087
-1.042
-2.047
-2.100
-2.298
-0.958
 0.489
-1.092
-2.182
-1.692
-0.811
-0.410
-1.048
-2.643
-1.276
-0.574
-0.676
-1.770
-2.197
-2.025
-1.563
-1.537
-1.033
-0.376
-0.384
-0.607
-2.077
-0.175
 0.080
-0.558
-3.165
-2.930
-1.372
-0.824
-1.414
-1.256
-2.380
-0.769
-0.243
 0.436
 0.330
 0.652
 0.907
-1.147
-0.333
 0.727
-0.508
-1.379
-0.540
-0.327
-0.156
-0.531
-0.298
-0.382
-1.528
 0.189
-0.596
-0.736
-0.042
 0.255
-1.221
-0.477
-0.702
-0.075
-1.800
-0.421
-0.353
-0.771
-0.734
-0.654
 0.243
 0.612
 1.425
 1.578
-0.868
 0.479
 0.346
 0.543
 1.455
 0.116
 0.515
-0.266
 0.496
 0.671
 0.428
 0.148
-0.155
-2.235
-1.395
 0.122
-0.380
 0.156
 0.420
-0.440
-1.319
-0.144
-0.076
 0.754
-1.367
 0.082
-0.032
-0.555
-1.406
-0.104
-0.470
 0.440
 0.366
-1.334
-2.811
-1.462
 0.614
-0.598
-0.557
-0.449
 1.208
 1.475
 1.496
 1.004
 1.534
 1.952
 2.452
 1.515
 0.783
-0.278
 0.170
 0.148
 0.283
 1.086
-0.169
 0.079
 0.621
-0.077
 0.030
-0.614
-0.948
-0.017
 0.948
 1.373
-0.745
 0.291
-0.977
-0.463
 1.381
 1.070
 1.519
-0.315
 0.603
-1.892
-0.725
-0.506
 0.046
-1.319
-1.046
-1.349
-0.199
-1.968
-0.454
-1.103
-0.808
 0.964
 0.223
-0.249
 0.164
-0.960
-0.187
 0.450
 1.155
 1.187
 1.045
 0.112
 1.916
 1.706
 0.555
 1.665
 1.521
 0.596
-0.240
-0.877
-0.567
-0.808
-1.439
-0.763
 0.422
 0.310
-1.120
-1.222
 0.710
-1.333
 0.557
 0.716
 0.995
-1.069
 0.739
-0.674
-0.310
-0.580
 0.774
-0.126
 0.288
-0.510
-0.137
-0.096
 1.803
-0.355
 0.391
-1.706
-0.654
 1.016
 0.493
 1.018
 0.736
-0.488
 0.078
-0.084
-0.887
-0.152
-0.452
-1.721
-1.369
-1.433
-1.380
-2.039
-0.816
-0.181
 0.355
-0.273
 0.407
-0.734
-0.822
 0.011
-2.503
-1.842
-2.027
-1.149
-1.391
 0.426
-1.057
-1.057
 1.036
 1.143
 1.451
 0.379
-0.202
 0.173
-0.828
-0.402
 0.009
-0.758
 0.142
 1.153
-0.158
-0.201
 0.317
 0.028
-0.183
-0.950
-0.181
 1.454
 0.797
-0.303
 0.501
-1.187
-0.336
-0.051
 0.018
-1.037
-1.282
 0.470
-0.245
-0.339
-1.010
-1.699
-1.063
 0.718
-0.146
 1.839
 1.525
-0.884
-0.054
-0.451
 0.291
-0.676
-1.501
-1.737
-2.580
-0.062
-1.393
 0.138
 0.863
 0.421
 0.536
 0.700
 0.016
 0.555
 0.251
 0.297
-0.402
 0.530
-0.767
-0.307
-0.431
-1.022
 0.098
-0.064
 1.028
-0.467
-0.810
-0.107
-1.078
-0.829
-1.210
-2.141
-1.379
-0.219
-1.795
-1.252
-1.555
 0.025
-1.744
 0.426
 0.071
 0.740
-0.013
-0.386
-1.048
-0.012
-0.078
-1.311
-0.545
-0.115
-2.331
-0.527
 0.892
-0.987
-0.138
-2.260
-0.587
-1.410
-1.725
 0.511
 0.857
-0.734
 0.072
 0.323
-0.934
 0.755
 0.006
 0.504
-1.198
-1.578
-1.092
 0.500
-0.679
-1.149
 0.603
 0.939
 1.013
 0.686
-0.619
-0.480
-0.366
 0.306
 0.888
 0.199
 0.524
 2.034
 1.363
 1.028
 1.690
 1.291
 1.279
 0.434
 1.276
-0.467
-1.030
-0.498
-0.484
 1.098
 0.025
 0.843
-0.127
 1.241
 0.361
 1.525
 0.124
-0.058
 0.602
 2.216
 2.097
 0.926
 0.536
-0.523
 0.069
 0.525
 0.750
 0.026
-0.757
 1.329
-0.297
 0.052
 0.072
-1.835
-1.674
-1.590
-0.547
 0.470
 1.324
 0.969
-0.504
 0.653
-1.681
-1.742
-0.464
-1.426
 0.641
 0.683
 0.164
 0.560
 0.828
 0.412
 0.074
 0.081
-0.912
-0.002
 1.292
 1.227
 1.979
 1.040
 0.242
 0.256
-1.385
 1.933
 1.945
 1.765
 0.751
 1.367
 2.323
-0.213
 1.714
 1.313
 0.343
-0.549
 0.186
 0.059
 1.602
 1.086
 0.418
 0.975
 1.430
 0.644
 2.208
 1.130
 1.237
 2.187
 2.272
 1.135
 2.598
 1.301
 2.568
 1.428
 1.715
 2.781
 1.156
 0.067
 1.224
 1.234
 1.082
 0.624
 2.648
 1.538
 1.043
 1.156
 2.218
 1.107
-0.135
 0.410
 1.295
 0.139
 0.918
 0.339
 1.610
 0.833
 2.059
 1.730
 0.554
 0.210
 0.931
 0.196
 0.866
 0.799
-0.738
 1.624
 0.528
 1.105
 1.412
 0.292
-0.010
-0.083
-0.582
 0.396
-1.352
 0.351
 0.719
 0.955
-0.038
 0.448
 1.430
-0.677
-1.097
-0.221
 1.343
 0.921
-0.188
-0.005
-0.212
-0.410
-0.247
-1.108
-2.355
-1.808
-0.604
-1.182
 0.668
-0.242
 0.033
 0.619
 0.514
-0.211
 0.528
 1.239
 0.600
 0.388
 0.115
-0.961
 0.716
-1.300
 0.412
-0.291
-0.353
 0.485
-1.103
 0.465
 0.498
-1.096
-0.996
-1.641
-0.511
-0.589
 0.349
 0.094
 0.514
-0.682
-1.097
-0.766
 0.711
-0.726
-1.281
-1.097
-0.715
-0.024
 1.057
-0.424
 0.316
 0.859
-1.105
 0.792
 0.172
-1.578
-0.164
-1.185
-1.145
-1.118
 1.458
 1.387
 0.696
 1.204
-0.062
 0.558
-0.268
-0.309
 0.207
 0.400
-0.826
-0.268
-0.528
 0.455
 0.038
 0.337
-1.768
-0.259
-0.871
 0.434
 0.291
 0.151
-0.181
 1.933
 1.380
-0.005
-0.184
 0.248
 0.526
-0.376
-1.496
 0.175
 0.081
 0.381
-0.676
-0.851
-0.103
-0.634
 0.760
 1.135
 1.050
 0.545
-0.277
-0.718
-0.510
-0.147
-2.247
-0.856
-1.177
 0.181
-2.313
 0.051
-0.002
-0.572
-0.344
-0.631
 0.452
-1.727
-0.340
 0.099
 0.405
-0.270
-1.330
-0.957
-1.446
-0.524
-1.525
-0.713
 0.110
-0.976
-2.388
-1.446
-2.835
-1.049
-1.876
-1.125
-0.506
-1.824
-1.199
 0.174
-1.470
 0.051
 0.166
-0.856
 0.444
-1.149
-0.237
-0.070
-0.037
-0.617
-0.898
-1.179
 0.198
-1.196
-0.290
-0.216
-1.246
 0.991
-0.763
 0.505
-0.206
-1.418
-1.626
 0.667
 1.165
 1.712
 1.216
 0.628
 0.866
 1.293
 0.984
 1.883
 0.696
 0.594
 0.762
-0.438
 0.503
 1.409
-0.081
 0.285
-0.469
 0.397
 0.141
 0.003
-0.666
 1.025
 0.592
 0.816
 0.311
 0.525
 0.834
 0.944
 0.403
 1.677
 0.508
-0.336
-0.706
 0.398
-0.269
 1.445
 1.152
 1.281
 1.170
 0.609
 0.983
 0.286
-1.141
-0.736
 0.545
 0.630
 0.815
 0.466
-1.294
-0.021
 1.376
 1.099
 0.191
 1.261
 0.401
 0.533
 0.794
 2.013
-0.304
 0.283
 0.540
-0.195
-0.391
 0.273
 0.912
 0.928
 0.345
 0.934
-0.024
-0.786
-0.564
-0.673
 1.511
 0.162
 0.346
-1.095
 0.246
-0.609
-0.443
-1.016
 1.088
-0.088
-0.147
-1.759
-0.240
-1.200
-1.700
-0.736
-0.830
 0.717
 1.029
 1.639
 0.995
 0.702
 0.237
-1.404
 0.050
 0.168
-0.467
-0.911
 0.103
-0.193
 0.659
-0.035
 1.127
 0.171
 0.565
 1.063
 0.024
 0.173
-0.503
-0.969
-1.245
-0.674
-0.229
-1.633
-1.636
 0.587
-0.260
-0.425
-1.266
-0.454
-2.029
 0.700
 0.594
 1.228
 0.840
 0.941
 1.594
 2.224
-0.605
 1.091
-0.590
 1.052
 1.605
-0.905
-0.506
-0.195
 0.266
 0.392
 0.977
-0.189
 2.050
 1.837
 0.468
 0.174
 0.479
 0.165
 0.591
-0.164
 0.516
 0.249
 0.449
 1.436
-0.181
 0.352
-0.087
 1.421
 0.179
 0.461
 0.971
 1.050
 0.116
-0.476
 0.610
 0.274
-0.052
 0.063
 1.172
 1.940
 1.807
 1.223
 0.031
-0.072
-0.671
-0.523
 0.614
 0.191
 0.432
-0.070
-0.068
-0.074
 0.063
 0.341
 0.485
-0.652
 2.164
-0.552
-1.350
-0.801
-1.801
-0.342
-0.424
-2.430
-2.961
-1.572
-0.011
 1.216
 1.332
 0.162
-0.081
-0.208
-1.529
-2.744
-2.926
-1.380
-0.876
-0.691
-1.580
 0.800
 0.361
-0.918
 1.204
 0.101
-0.539
-1.300
-0.474
-1.065
-0.397
-1.202
-0.636
-1.459
-1.040
 0.529
 0.918
-0.084
 0.868
-0.315
 0.098
-0.803
 0.411
-0.613
-1.243
-1.023
-0.015
-0.182
-1.219
-1.251
-0.619
-0.573
-0.909
 0.612
-1.319
-0.147
-0.285
-1.011
-0.504
-0.209
-0.528
-1.614
 0.083
-1.280
-0.015
-0.599
-1.126
 0.176
 0.303
-0.655
-0.959
-0.527
-0.479
 1.115
 2.310
-0.208
 0.085
-0.642
-0.356
 0.009
 0.046
-0.551
-2.255
-0.833
-1.368
-0.959
-0.405
-0.817
-0.312
-2.779
-2.352
-1.427
-2.541
-1.571
 0.051
-1.511
-1.077
-1.290
-0.537
-1.197
-1.119
-3.153
-0.920
-1.908
 0.278
 0.229
 0.005
-0.905
-1.077
-1.227
-0.689
-1.355
-1.524
-1.619
-2.925
-1.150
-0.500
 0.076
 0.000
-1.772
-0.466
-0.485
-1.505
-1.672
-1.233
-1.041
-2.494
-1.851
-0.495
-0.304
-0.674
-1.088
-0.970
 0.383
-1.070
-3.095
-2.556
-2.749
-2.820
-2.920
-2.440
 0.045
-1.786
-0.772
-1.417
-0.580
-0.639
-1.588
-0.762
-1.292
-1.943
-0.896
-1.541
-1.421
-1.575
-1.973
-1.289
-1.690
-1.760
-2.465
-2.462
-2.763
-0.589
-1.548
-1.548
-1.440
-1.845
-1.076
-2.009
 0.148
 0.356
 0.954
-0.828
 0.190
-0.737
-1.732
-1.172
 0.453
 0.483
-1.729
-0.653
-0.474
-2.193
-0.496
-0.632
-1.852
-1.125
-1.141
-0.607
 0.085
-0.821
 0.091
-1.378
-0.312
 0.539
-0.397
 1.015
-0.231
-0.558
-0.608
 0.319
 0.698
-0.015
-0.961
 0.352
 0.776
 0.659
 0.303
 0.105
 1.180
 0.275
-0.077
 0.496
-0.143
-0.279
-0.217
-0.429
-0.253
 0.477
 0.879
 0.690
 0.094
-0.766
-1.570
-0.803
-0.268
-0.193
-1.316
-0.880
-0.286
-0.267
 1.229
-0.193
 0.645
-0.119
-1.743
-0.897
-0.580
-1.524
-1.297
-0.986
-1.030
-2.163
-1.082
-1.988
-1.279
 0.010
-0.377
-1.950
-0.229
-0.054
 0.158
-1.300
-1.101
-0.293
 0.768
 1.453
 0.868
-1.054
-1.478
-1.885
-0.807
-0.401
-1.098
-0.305
 1.168
-0.773
-0.141
-0.475
 0.282
-0.818
-2.237
-1.709
-2.349
-1.452
-1.236
-0.832
-0.572
-0.528
-1.248
-0.601
-0.866
-0.715
-0.601
-0.365
-0.473
-0.299
-0.485
-0.207
-0.284
 1.235
 0.161
-0.529
 0.422
 0.495
-1.993
-2.525
-1.377
-1.124
-1.070
 0.078
-0.721
-1.462
-1.042
-0.571
 0.225
-0.898
-0.615
-0.413
-0.252
 0.555
-0.387
-0.620
-0.695
-1.010
-2.247
-0.749
-1.271
-0.725
-1.334
-0.762
-0.826
-1.482
-1.376
-0.688
-1.789
-3.060
-1.856
-1.176
-0.229
 0.633
 0.037
-0.734
 0.282
-0.276
-1.268
 0.168
-0.699
-1.349
 0.444
-0.801
 0.806
-0.243
-1.796
-0.682
 1.495
-1.024
-0.233
-0.493
-0.916
-1.467
-1.462
-1.550
-0.617
 0.650
 0.743
-0.628
 1.232
 0.487
 0.472
 0.002
 0.190
 0.653
 0.312
-1.413
-0.884
 0.609
-0.954
-1.295
-0.559
-1.204
 0.030
-0.973
-0.586
-1.816
-0.941
-0.698
-2.569
-0.732
-0.456
-3.148
-1.380
-2.043
-2.270
-0.800
 0.000
 0.064
 0.493
-0.701
-0.406
 0.914
-0.527
-0.860
-0.180
-0.936
 0.134
-0.045
-0.852
-0.790
-0.326
-0.642
-0.095
-1.268
-1.318
 0.506
-0.680
 0.161
-0.807
-0.710
-2.324
-1.024
-1.921
-0.703
-0.452
 0.972
-1.467
-1.431
-2.532
-0.887
-2.307
-1.847
-2.059
-0.657
-2.020
-0.584
 0.057
-1.736
 0.281
-1.052
-1.250
 0.005
-0.771
-0.565
-2.142
-1.614
-1.338
-1.062
-0.037
-1.407
 1.239
-0.484
-0.396
-1.011
-1.268
 0.462
-1.386
 0.071
-0.657
 0.086
-1.340
-1.263
-0.390
-1.182
-2.279
-0.175
-0.250
-1.330
-0.414
 0.012
-0.347
-1.414
-0.659
-1.103
-0.279
-0.293
-0.628
-0.290
-1.503
-0.716
-0.489
-1.156
-0.903
-0.517
-0.497
-0.754
-0.399
-1.277
-0.217
-0.842
-0.343
 0.605
 1.496
-1.005
-0.844
-1.093
-1.098
 0.917
-0.438
-0.041
-0.719
-1.731
-3.363
 0.609
-2.245
-1.194
-0.132
-0.794
-0.649
 0.045
-1.081
 0.608
-0.065
-0.329
-1.235
-1.578
 0.233
-0.197
-0.299
-0.283
 0.516
-0.792
 0.815
-1.425
-0.471
-0.997
-0.807
 1.300
-0.356
 0.265
 0.328
-0.638
-0.827
-1.430
-0.123
 0.909
-1.178
 0.363
 0.297
 0.995
-0.194
-0.634
 0.685
 1.132
 0.058
 1.050
 0.314
 0.120
-0.637
 0.500
-1.191
-1.006
-1.154
 0.030
-1.018
-0.903
-0.871
-0.935
-0.482
-0.393
-0.580
-0.801
-0.892
-0.532
-0.835
-2.319
-0.243
-1.039
-0.430
 0.255
-0.840
-0.214
 0.461
-0.439
-0.349
-0.350
-0.168
 0.591
 0.132
-0.441
 0.400
-0.070
-0.041
-0.139
-0.970
-0.315
-0.020
 0.018
-0.212
 0.201
-0.482
-0.737
 0.686
-1.077
-0.807
-1.007
-1.326
-0.763
-0.807
 0.011
-0.507
-0.643
 0.176
-0.087
-0.950
-1.811
-1.349
-0.519
 0.411
-0.308
-1.759
-0.549
-2.140
-1.090
-2.383
-1.688
-0.398
 0.707
 1.619
 1.369
-0.106
-0.291
 1.097
-0.401
-0.553
 0.268
 0.421
 1.618
-1.098
-2.581
-1.454
-2.059
 0.087
-1.360
-0.927
-0.747
-1.007
-0.970
-2.225
-1.019
-1.026
 0.142
-0.929
-0.307
-0.625
-2.074
-0.641
-0.662
-0.723
-1.087
-3.458
-0.631
-0.625
-2.196
-1.426
-1.705
-1.736
-0.310
-1.249
-0.132
-0.611
-1.084
-1.096
-1.029
-1.223
-0.220
 0.602
-0.010
-1.157
-0.051
-0.646
-1.551
-1.206
-1.306
-0.929
-0.312
-0.531
-0.277
 0.689
 0.223
-0.237
-0.256
 1.421
 0.346
-0.968
-0.762
 0.304
-0.087
-0.245
-0.217
 0.481
 1.948
-0.173
 0.006
 0.148
-1.702
-0.013
 0.157
-0.636
-1.180
-2.083
-0.625
-0.129
-0.061
 1.212
 0.589
-0.200
 0.612
 0.079
-0.700
-1.607
-1.465
-1.227
 0.235
-1.351
-0.395
-1.882
-0.639
 0.021
-0.089
-0.421
 0.193
 0.126
-0.655
 0.746
-1.033
-2.507
 0.138
 0.541
-0.602
 0.187
-2.147
-0.796
-1.805
-0.535
 0.261
 1.641
 0.661
 0.673
-0.352
-1.069
-0.563
-0.587
-0.603
-1.034
-2.499
-0.420
-1.049
-1.644
-0.712
-0.363
-2.195
-0.230
-0.772
 0.468
 0.578
 0.823
 1.908
 0.165
 0.932
 0.360
 1.011
-0.362
 0.057
-0.065
-1.698
-2.115
-2.050
-0.143
-2.142
-2.158
-2.649
-0.629
-0.861
-1.676
-1.825
-0.323
-1.429
-0.171
 0.492
-0.511
-0.908
 0.477
 0.971
 0.254
 0.827
-0.175
-0.195
 0.856
 0.391
 0.150
 1.162
 0.793
 2.207
 1.131
 1.085
-0.101
 0.930
 1.200
 1.793
 0.635
 1.105
 1.976
 0.743
 0.613
 1.602
-0.568
-0.318
 0.871
 0.890
 0.970
-0.468
-0.903
-1.103
-0.462
-0.207
 0.768
 2.041
 0.963
 0.592
 0.592
-0.240
-1.306
 2.001
 0.807
 0.976
 1.108
 0.236
-0.150
 1.197
 0.170
-0.033
 0.596
 2.050
 0.215
 1.299
 0.573
 1.720
 1.097
 0.904
 0.012
-0.338
 0.585
 0.705
 0.689
 0.458
-0.416
-1.264
 0.173
-1.037
-1.415
-0.625
-0.492
-0.281
-0.872
-0.135
 0.467
 1.461
-0.520
-1.714
-1.119
 0.089
 0.317
-0.197
-0.026
 0.163
 1.033
 0.419
 0.695
-0.612
-1.410
 0.642
 0.300
 0.625
 1.946
-0.106
 0.525
 0.532
-0.338
-1.086
-0.146
 0.586
 1.496
 1.938
 0.681
 1.595
 0.111
 0.486
 1.218
 0.980
 1.568
 2.734
 2.409
 1.564
 1.648
 1.867
 1.811
 0.184
-0.100
-0.626
-0.450
 0.846
-0.038
-0.714
 1.146
 0.544
-1.311
-2.161
-1.554
-0.206
-0.126
-1.599
-0.654
-1.060
-0.841
-0.624
 0.054
-1.308
-0.616
-0.699
-0.941
-0.013
 0.426
 1.585
 0.015
 0.149
 0.629
 1.489
 0.493
 0.091
 1.391
 1.199
 0.978
-0.341
-0.210
 1.295
 0.154
 1.479
 1.296
-0.553
-1.325
-1.610
-2.192
-1.904
 0.107
 0.567
 1.280
-0.111
-1.281
 0.986
-0.549
-0.413
-0.536
-1.182
 0.245
-1.034
-0.406
 0.095
-1.194
-0.819
 0.216
-1.015
-0.145
-0.084
-0.035
 0.344
-0.271
-0.616
 0.335
 2.023
-0.010
-0.456
-1.199
-1.188
-1.453
-0.983
 0.068
-0.356
-0.182
-1.130
-0.394
-1.104
 1.237
 0.479
-1.473
 0.530
-1.268
-0.262
-0.279
-1.514
-1.551
-1.341
-0.153
-2.500
 0.529
 0.772
 1.885
-0.161
-0.383
-1.345
 0.044
-0.687
-1.094
 0.056
 0.577
-1.108
-0.958
-0.438
-2.680
-1.590
-0.668
-0.775
-1.814
-0.987
-0.402
-0.380
-0.366
-0.310
-0.084
 0.124
-0.158
 1.225
 0.760
 1.785
 1.165
 0.585
 0.189
-0.099
 0.952
-0.060
-0.504
-0.678
 0.028
-2.038
-1.340
 0.513
-0.456
 0.095
 0.130
-1.027
-2.499
-0.689
-1.049
-0.524
-0.565
-1.724
-1.418
-1.127
-1.140
-0.996
-2.377
-3.692
-0.621
-1.232
-0.651
-0.690
-1.073
 0.009
-0.753
 0.461
 0.512
 0.327
-0.423
-0.754
-0.801
-0.523
-0.389
-0.856
 0.955
-0.734
-0.294
-0.323
-0.256
 0.749
-0.877
-1.942
 0.462
-0.223
-0.174
 1.459
 0.400
 0.090
 0.509
 1.087
 1.227
-0.364
-1.029
-1.216
-0.202
-0.358
-0.490
 0.063
-0.629
-0.824
-0.084
-0.561
 0.235
-1.679
-1.087
-1.965
-1.299
-0.996
-0.517
-0.410
-0.899
 0.065
 0.595
-0.955
 0.701
-0.586
-0.822
-0.087
 0.142
 0.043
 0.185
 0.340
-0.995
-0.539
-0.611
-0.503
-0.106
 0.276
-1.047
-1.141
 1.399
-0.872
 0.295
 1.538
 0.509
 0.633
 0.130
-0.597
 1.100
 0.151
-0.179
 0.247
 0.036
 0.571
 0.690
 1.086
-0.400
 0.168
-0.788
-0.194
-0.328
 0.098
-0.408
-1.172
 0.248
-2.272
-0.888
-0.764
-0.307
-1.254
-1.440
-1.147
-1.061
-0.649
-0.202
-1.526
-1.597
-0.812
-0.653
 0.631
-0.287
 0.251
-0.584
-0.380
-1.673
-0.655
-1.055
-2.137
-0.776
-2.715
-0.519
 0.531
 0.507
 1.274
-0.626
 0.950
 0.070
-1.252
 0.093
-0.311
-0.243
-0.115
-1.897
-1.913
-1.323
 0.665
-0.575
-2.312
-2.195
-1.908
-1.138
-0.438
 0.404
-0.670
-0.635
-0.071
 0.570
-0.380
 1.203
-0.037
-0.227
-0.329
 0.000
 0.120
-1.040
-1.103
 0.403
 0.298
-1.235
-0.264
-0.367
-0.176
-0.311
-0.035
 0.848
-2.313
-1.031
-2.172
-1.696
-1.065
-0.301
 0.090
 0.520
 0.876
 0.003
 0.403
 0.524
 1.553
 0.365
 0.832
-1.337
-0.834
-1.274
-0.072
 1.024
-0.029
-0.159
-0.316
-0.041
 0.965
 0.650
 0.561
 2.016
 1.134
-0.326
 1.092
 0.710
-1.351
-0.342
 0.000
 0.552
 2.219
 0.132
 0.086
-0.636
-1.496
-1.575
-0.590
-0.199
 0.057
-0.682
-0.490
-0.956
-0.090
-1.556
-1.932
-1.270
-0.841
-2.182
-2.155
-1.709
-1.460
-0.433
-2.321
-3.075
-0.812
-1.513
-2.486
-1.885
-1.280
-1.349
-2.868
-1.564
-0.880
-0.985
-1.949
-2.791
-0.413
-1.668
-2.021
-0.836
-2.960
-1.164
-0.656
 0.479
 0.032
-1.626
-0.336
-1.116
-0.204
-0.454
 0.460
-1.472
-0.929
 0.398
-2.692
-0.577
-1.358
 0.310
-0.600
-0.366
 0.499
 1.022
 1.171
 0.438
-1.156
-1.124
-0.335
-0.167
 1.264
 0.344
 1.278
 0.359
-0.281
 0.147
 0.964
 1.081
 0.748
-0.981
-0.756
 1.049
-0.378
-0.465
 1.035
 0.501
 0.811
-0.583
-0.076
 0.869
 0.283
-0.396
-0.707
-1.349
-1.175
-1.436
-2.569
-0.285
-0.025
-1.594
-1.273
-0.977
-1.195
-0.648
-1.388
-2.320
-1.443
-1.282
-2.630
-2.705
-0.327
 1.004
-1.081
-1.117
-0.127
-1.052
 0.882
 0.827
 0.408
 0.647
-0.694
-2.457
-0.797
-1.067
-1.249
-0.042
-1.519
-1.116
-1.105
-0.947
 0.245
 0.963
 0.173
-0.740
 0.265
 0.506
 0.531
 0.331
-0.350
 0.072
-0.914
-0.641
-0.149
 0.866
 0.915
-0.872
 0.773
-2.008
-0.523
-1.923
-0.527
-0.407
-0.250
 0.926
-2.088
-0.716
-0.785
 0.548
-1.197
 0.355
 0.273
 0.277
-1.292
-0.018
 0.500
 1.827
 0.638
 0.477
 0.325
 0.483
 0.220
 0.209
-0.038
 0.536
-0.773
-1.474
-0.034
-0.676
-0.245
-0.674
 0.089
 0.225
 0.676
 0.588
 0.247
 0.671
-0.199
-1.305
-0.711
-0.351
 1.212
 1.586
 0.558
-0.141
 0.419
-1.627
-0.321
 1.987
 0.942
 0.307
 0.923
 0.295
-0.637
-0.592
-0.331
 0.695
-0.067
-0.201
-0.014
 0.516
 0.340
-0.585
-0.642
-0.487
-1.439
-1.478
-0.103
 0.192
-0.069
-0.090
-0.635
 0.092
-0.726
-0.799
 0.293
-1.151
-0.845
-1.379
-0.295
 0.670
-0.817
 0.285
-1.408
-1.662
-1.019
 0.016
-0.542
-1.007
 0.603
-1.207
-1.370
-1.018
-0.579
-2.562
-0.879
-1.284
-0.443
-0.465
 0.715
 0.813
-0.524
 0.284
 1.095
-0.601
-1.598
-1.167
-0.496
-1.499
 0.091
-1.688
-0.839
-2.340
-1.495
-0.586
 0.303
-0.316
-0.184
-1.657
-0.451
-2.173
-1.294
-0.375
-1.856
-0.336
 1.218
 0.175
-0.507
 0.548
-0.577
 0.120
-0.901
-0.547
-1.480
-1.262
-0.400
-0.480
-0.173
-0.489
 1.035
 0.100
 0.989
 1.484
 1.242
-0.137
-0.272
-0.300
-1.375
 0.239
-1.758
 0.419
 0.923
-0.208
-0.611
 0.375
 0.350
 0.831
-0.099
-1.034
-0.153
 0.406
-1.227
 0.134
 0.945
-0.571
-1.015
-1.572
-1.605
 1.645
-0.193
-0.885
-0.720
-0.191
 0.853
-0.217
 0.254
-0.472
-0.579
-2.445
-0.350
-1.302
-1.960
-0.211
-0.747
 0.982
 1.279
 0.570
 0.772
-0.075
-1.187
-1.861
-0.475
 0.070
-0.291
 0.374
-2.040
-1.671
-0.505
-0.036
 1.431
-0.584
-1.077
-0.702
-1.666
-0.175
 0.026
-0.092
-0.667
-0.441
-1.030
-1.757
-0.987
-1.728
-0.877
-0.484
-2.432
-2.291
 1.576
-0.807
-0.186
-0.165
-0.682
-1.145
-1.554
-1.234
-1.312
-1.680
-2.246
-0.881
-0.866
-1.438
-0.386
-1.323
-0.773
-0.678
-1.417
-0.673
-0.674
-0.258
-0.889
-1.289
-1.909
-1.021
-1.881
-0.074
-0.072
-1.514
-0.390
-0.615
-0.603
-0.674
-1.396
-1.269
-0.278
-1.411
-2.062
-1.917
-0.587
-3.187
-0.727
-0.943
-1.033
-0.400
-1.218
-0.917
 0.153
 0.078
-0.528
-0.386
-1.376
-1.497
-0.822
-0.878
-0.444
-0.600
-0.721
-1.734
 0.662
 0.508
 0.284
 0.627
 0.689
 0.303
 0.629
-0.988
-0.865
-0.734
 0.952
 0.443
-0.739
-0.620
 1.181
 0.535
 1.134
 2.575
 1.515
-0.055
-0.634
 0.400
-1.191
 0.301
-0.161
-0.835
-0.805
-1.059
-0.078
-0.064
 1.189
 0.016
-1.485
-0.006
-0.809
 0.513
-0.111
 1.133
 0.647
-0.720
-0.196
-2.114
 0.696
 1.456
 0.002
 0.098
 0.305
-1.622
-0.869
-0.210
 0.523
 0.304
-1.920
-0.585
-0.594
-1.381
 0.427
 0.186
-1.030
-1.485
-1.001
-0.600
-1.874
 1.383
 0.048
-0.701
-0.737
-0.570
-0.906
 0.442
-0.198
-1.060
-0.438
 0.296
-0.313
-0.325
 0.163
 1.284
 1.046
 0.887
 0.186
-0.316
 0.276
 1.442
 0.744
-0.750
-1.013
-0.679
-1.037
-1.425
-1.986
-0.297
-1.448
-2.244
-1.454
-0.536
-0.804
-1.415
-1.346
-1.257
-0.899
-0.666
-1.064
-0.895
-1.367
 0.476
-0.025
 0.528
-0.852
-0.619
-1.440
-1.133
-1.297
-0.899
-2.119
-2.873
-0.709
-0.357
-0.062
-2.065
-0.706
-0.165
-0.520
-1.762
-0.957
-1.754
-1.608
-1.850
-2.750
-1.275
-1.762
-2.217
-1.778
-2.892
-2.139
-1.254
-1.204
-0.928
-3.554
-1.402
-1.181
-2.042
-1.067
-0.124
-0.322
-1.776
-1.111
-1.403
-0.817
-1.485
-1.028
-0.306
-0.995
-1.581
-0.788
-1.602
-0.402
-1.269
-0.732
-1.408
-1.308
 0.704
-1.441
 1.195
 0.392
 0.831
-1.870
-0.103
 0.505
-0.760
 2.003
 0.605
 0.713
-0.673
-0.608
-1.302
-0.860
 1.461
-0.337
-0.065
 0.749
 2.358
 0.467
-0.130
-1.010
-1.612
-1.378
-1.636
-0.915
-1.334
-0.464
-0.481
-0.096
-1.575
-0.810
-0.605
-2.525
-1.033
-1.032
-0.675
-1.290
-1.618
-1.319
-1.052
 0.277
-0.310
-1.105
-1.221
-1.167
-1.824
-1.326
-0.650
-1.135
 0.633
 0.760
-0.133
 0.630
 0.263
 1.026
 0.460
 0.326
 1.404
-0.672
-0.680
 0.361
 0.465
-0.357
 0.140
-1.149
-1.092
 0.440
-0.423
-0.429
 0.240
-0.793
 0.292
 0.982
-0.446
-1.074
-2.139
-0.603
-0.021
-0.114
-1.198
 0.387
-0.844
-0.014
-0.735
-0.151
-0.285
 0.491
 0.527
-0.798
 0.668
 0.509
-0.597
-1.116
 0.558
 0.369
-0.055
-0.701
 1.035
 0.862
 0.142
 0.304
-0.225
-1.420
-1.785
-0.320
-0.720
-0.474
-0.119
-0.050
-1.632
-0.704
-0.935
-1.299
-0.384
-1.043
-0.708
 1.518
-0.513
-1.177
-0.561
-0.611
-1.569
-0.521
-0.735
-1.315
-2.418
 0.212
 0.873
 2.197
 0.333
 0.275
 0.963
 0.801
-1.048
 1.554
-1.559
-1.772
-1.746
-0.993
-0.504
-0.097
 0.971
-0.027
 1.238
 0.291
-0.086
 1.103
-0.091
 1.726
 0.567
-1.880
-0.359
 0.089
-1.274
-0.448
-1.003
 0.357
-1.047
-1.374
-2.229
 0.251
 1.073
 1.689
 1.601
 0.746
-0.214
-1.210
 0.712
 0.468
-0.548
-0.205
 0.223
 0.595
 0.363
-1.069
-0.632
 0.887
-0.091
 0.618
-0.753
 0.953
 0.328
-1.547
-0.418
 0.575
-1.238
-0.178
-1.408
-1.367
-0.411
-0.467
-1.355
-0.581
-1.858
-2.515
-1.721
-0.725
-1.506
-2.137
-0.188
-0.802
-0.971
 0.333
-1.101
-0.188
-2.605
-0.226
-1.013
-1.740
-0.386
-1.556
-2.992
-1.841
-0.676
-2.063
-2.450
-1.809
-1.084
-0.557
-2.192
-2.119
-2.226
-1.791
-0.292
-1.946
-0.722
-0.013
 0.173
 0.349
-0.615
-0.057
-1.691
-2.771
-1.908
-1.168
-1.641
-1.461
-0.562
-0.763
-0.290
 0.647
 2.520
 0.872
 0.928
 0.170
-1.728
-0.299
-0.570
-1.095
-1.312
-2.349
-1.390
-2.001
-1.925
-1.681
-0.474
 0.140
 0.792
-0.065
 0.895
-0.821
 0.668
 1.370
 0.332
-0.339
-1.222
-0.308
-0.700
 0.483
-1.481
-0.316
 0.694
 0.082
 0.412
-0.781
-1.549
-0.207
-1.802
 0.670
 0.002
 0.155
-0.288
 1.120
 0.380
 0.784
-0.423
 1.425
 0.886
 0.311
-0.506
 0.265
-0.104
 0.853
-0.073
 0.005
 0.139
 1.508
 0.618
 1.372
 1.101
 0.152
-0.526
-1.536
-0.591
-0.304
-2.313
-1.342
-0.298
-0.653
-1.665
-0.108
-0.762
-2.792
-1.195
-1.820
-0.879
-1.846
-0.437
-1.661
-1.516
-0.235
 0.090
 1.386
 0.762
 0.680
-0.917
 0.695
 0.588
-0.156
-0.367
 1.215
-0.352
-1.374
-0.777
-0.192
-0.672
-1.573
-0.871
 0.321
-0.438
 1.328
 0.992
 1.408
 0.576
-1.770
-1.484
 0.219
-0.676
 0.751
-0.493
-0.533
 0.185
 0.579
-0.372
 0.388
-0.695
 0.457
-0.513
 0.055
-0.003
-0.875
-1.625
-0.065
-0.061
 0.084
 0.638
 1.019
 0.345
-0.162
-1.497
-0.131
 0.642
-1.024
-0.323
 0.641
 1.822
 1.856
-0.265
-0.209
 0.600
-0.040
-0.645
-0.136
-0.541
-0.699
 0.823
 1.694
 0.787
-0.391
-0.620
-0.541
-1.086
-1.184
-0.829
-0.791
 0.234
-0.156
 0.303
 0.586
 0.829
-0.439
 0.266
-0.262
 0.121
-0.244
 0.990
 0.161
 0.820
 0.296
 1.110
-0.478
 1.102
 0.187
-1.146
-1.084
-2.097
-1.821
-2.542
-1.272
-0.533
-0.659
 0.004
 0.554
 0.017
 0.158
-0.247
 0.056
 0.435
-0.856
 0.209
-0.685
-0.400
-0.295
-0.248
-0.490
-0.658
-0.844
-1.234
 0.445
 0.559
-1.167
-1.331
-0.743
-0.550
 0.041
-0.565
-0.260
-0.537
-0.819
-0.131
 0.431
-0.533
 0.337
-0.723
-1.111
-3.081
-2.323
-2.542
-2.277
-1.345
-0.963
-1.202
 0.080
 0.806
 0.127
-0.583
-2.166
-2.287
 0.408
-1.837
-1.845
-0.872
 0.262
-0.720
-1.559
-1.735
-1.797
-1.037
-1.897
-1.644
-1.782
 0.275
-0.544
-0.944
-1.966
-1.290
-2.520
-1.100
-1.132
-1.035
-1.060
-0.736
-1.816
-0.169
-2.466
-1.515
-2.858
-0.425
-0.898
-1.497
-1.190
-1.762
-1.806
-1.062
-1.058
-0.840
-1.422
-1.931
-3.141
-2.708
-2.744
-1.527
-1.916
-1.066
-2.118
-1.234
-0.745
-1.105
-0.939
 0.458
-0.951
-1.839
-2.393
-1.948
-1.746
-2.741
-2.824
-0.990
-2.684
-1.877
-3.302
-1.622
-1.765
-0.944
-3.616
-2.639
-1.966
-1.723
-2.861
-0.308
 0.784
-1.286
 0.570
-1.603
-0.976
-1.012
 0.576
 0.085
-1.416
-0.544
-0.278
 0.962
-0.813
 0.001
-0.638
 0.332
 0.196
-0.334
-1.226
-0.770
-1.873
-0.919
-0.698
-0.625
-0.024
 1.707
 0.695
-0.270
 0.174
 0.182
 0.095
-0.545
-2.006
-0.761
-1.501
 1.697
 0.727
-0.083
-2.492
-1.070
-0.743
-1.877
-1.047
-1.053
-0.049
 0.467
 0.154
-1.052
 0.038
-0.448
-0.567
-0.629
-0.270
-1.153
-1.746
-1.755
-1.210
-2.181
-0.467
 0.646
 0.328
-1.145
 0.215
 0.162
-0.093
-1.815
-0.555
-1.119
-1.196
-1.528
-0.839
-1.353
-0.739
-1.348
-0.884
-0.758
-1.251
 0.003
-0.937
 0.202
-0.177
 1.418
-1.072
-1.444
-0.833
-0.258
-1.006
 1.252
-0.141
 0.009
 0.039
 0.867
 0.598
-1.045
-0.125
 0.999
-0.170
-0.061
 0.822
 0.751
 1.052
 2.226
 0.307
 0.841
-0.094
-0.256
-0.874
-0.863
-0.579
-0.724
-0.623
 0.993
-0.138
 0.666
 0.002
-0.001
-1.116
-2.038
-0.967
-0.070
 0.143
-1.019
-0.969
-0.904
 0.451
 0.365
 0.319
-0.808
-2.126
-0.835
-1.232
-1.233
-1.760
-0.733
-0.747
 0.237
-1.334
-1.318
-0.253
 0.291
-1.151
-1.280
-1.073
-0.607
-0.221
-0.597
-0.788
-0.248
-0.313
-0.877
 0.038
-0.366
 0.121
 0.063
-1.418
-1.581
-0.666
-1.650
-1.911
-0.103
-1.292
-0.724
 0.127
-0.388
-1.399
-1.081
-1.722
-0.120
-1.235
-3.704
-0.758
-1.876
-1.917
-0.520
-0.455
-1.551
-1.781
-0.450
 0.284
 0.220
-1.061
-0.533
-0.174
-0.368
-0.741
-0.756
-1.314
-0.205
-0.364
 0.595
 0.907
 0.864
 1.111
 1.329
-0.429
 1.369
-0.156
-0.529
-0.673
 0.613
 0.626
-1.672
-0.468
-0.612
-0.298
-0.158
-0.601
-0.782
 0.704
-0.306
-1.380
-1.286
-0.303
-1.243
-1.008
-0.381
 0.729
 0.406
-0.914
-0.833
-0.278
-1.143
-0.892
-0.402
-1.051
-0.588
 0.250
-0.015
-0.502
-0.975
 0.085
-1.170
-0.706
 0.766
 0.317
 1.026
 0.329
 1.459
-0.955
-0.144
 0.799
-0.816
-1.460
-3.276
-0.912
-0.334
-0.003
 0.329
 0.126
 2.027
 2.113
-0.249
-0.870
-0.565
 0.301
-1.199
-0.026
 0.846
-0.589
-0.413
-0.083
 0.989
 1.851
 1.088
 0.306
 0.086
 1.910
 0.550
-0.517
 0.361
-0.056
-0.665
-0.759
 0.349
 0.783
-1.509
-2.436
-1.343
 0.687
-0.814
-0.666
-1.449
 0.135
 0.203
 0.349
 0.541
 0.737
-0.547
 0.293
 1.055
 0.808
 0.059
 0.493
 0.870
-0.343
-1.126
-0.453
-0.788
-0.335
 0.331
-1.063
 0.369
-0.5